type,date time,latitude,longitude,accuracy(m),altitude(m),geoid_height(m),speed(m/s),bearing(deg),sat_used,sat_inview,name,desc
T,2023-05-12 12:46:17,6.21528333,-75.58452667,2.00,1487.483,24.017,0.244,273,23,40,20230512-074617,GPS Logger: 20230512-074617 - Viaje 12
T,2023-05-12 12:46:18,6.21528667,-75.58454167,1.90,1487.883,24.017,0.298,272,24,40,,
T,2023-05-12 12:46:18.998,6.21528833,-75.58455500,1.90,1488.183,24.017,0.333,273,23,40,,
T,2023-05-12 12:46:20,6.21528833,-75.58456500,1.80,1488.683,24.017,0.324,268,24,40,,
T,2023-05-12 12:46:21,6.21529000,-75.58456667,1.70,1489.183,24.017,0.375,264,25,40,,
T,2023-05-12 12:46:22,6.21529167,-75.58456833,1.70,1489.983,24.017,0.245,267,24,40,,
T,2023-05-12 12:46:23,6.21529333,-75.58457667,1.70,1489.883,24.017,0.300,274,24,40,,
T,2023-05-12 12:46:24,6.21529500,-75.58458000,1.70,1489.883,24.017,0.206,280,24,40,,
T,2023-05-12 12:46:25,6.21529667,-75.58457667,1.70,1489.683,24.017,0.063,243,23,40,,
T,2023-05-12 12:46:26,6.21529667,-75.58457667,1.80,1489.883,24.017,0.418,117,23,40,,
T,2023-05-12 12:46:27,6.21529500,-75.58457333,1.80,1490.183,24.017,0.738,101,22,40,,
T,2023-05-12 12:46:28,6.21529333,-75.58457000,1.90,1490.283,24.017,0.522,97,21,40,,
T,2023-05-12 12:46:29,6.21529667,-75.58456667,2.00,1490.283,24.017,0.376,76,21,40,,
T,2023-05-12 12:46:30,6.21530167,-75.58456500,2.10,1490.283,24.017,0.429,44,22,40,,
T,2023-05-12 12:46:31,6.21530833,-75.58455500,2.20,1490.183,24.017,0.494,46,19,40,,
T,2023-05-12 12:46:32,6.21530833,-75.58455667,2.30,1489.983,24.017,0.507,76,20,40,,
T,2023-05-12 12:46:33,6.21530667,-75.58455667,2.30,1489.683,24.017,0.502,80,20,40,,
T,2023-05-12 12:46:34,6.21530333,-75.58455500,2.30,1489.683,24.017,0.503,88,20,40,,
T,2023-05-12 12:46:35,6.21530333,-75.58455667,2.30,1489.683,24.017,0.506,74,19,40,,
T,2023-05-12 12:46:36,6.21530000,-75.58455333,2.20,1489.783,24.017,0.479,137,18,40,,
T,2023-05-12 12:46:37,6.21529833,-75.58454500,2.20,1489.683,24.017,0.415,43,18,40,,
T,2023-05-12 12:46:38,6.21529667,-75.58454500,2.20,1489.683,24.017,0.403,270,18,40,,
T,2023-05-12 12:46:39,6.21529333,-75.58454500,2.20,1489.883,24.017,0.389,269,19,40,,
T,2023-05-12 12:46:40,6.21528833,-75.58454333,2.20,1489.983,24.017,0.000,,19,40,,
T,2023-05-12 12:46:41,6.21529000,-75.58454500,2.20,1490.283,24.017,0.000,,19,40,,
T,2023-05-12 12:46:42,6.21529000,-75.58453667,2.10,1490.083,24.017,0.000,,21,40,,
T,2023-05-12 12:46:43,6.21529000,-75.58453667,2.10,1490.083,24.017,0.000,,20,40,,
T,2023-05-12 12:46:44,6.21529000,-75.58453667,2.00,1490.083,24.017,0.000,,20,40,,
T,2023-05-12 12:46:45,6.21529000,-75.58453667,2.00,1490.083,24.017,0.000,,20,40,,
T,2023-05-12 12:46:46,6.21529000,-75.58453667,1.90,1490.083,24.017,0.000,,22,40,,
T,2023-05-12 12:46:47,6.21528667,-75.58454500,1.90,1490.083,24.017,0.294,210,22,40,,
T,2023-05-12 12:46:48,6.21528000,-75.58455000,2.00,1490.383,24.017,0.359,194,22,40,,
T,2023-05-12 12:46:49,6.21526000,-75.58455500,1.90,1490.283,24.017,0.561,188,24,40,,
T,2023-05-12 12:46:50,6.21523333,-75.58456333,2.00,1490.483,24.017,0.802,203,24,40,,
T,2023-05-12 12:46:51,6.21520500,-75.58457167,1.90,1490.382,24.018,1.077,200,24,40,,
T,2023-05-12 12:46:52,6.21517833,-75.58457833,1.80,1490.282,24.018,1.329,190,24,40,,
T,2023-05-12 12:46:53,6.21515167,-75.58457500,1.90,1489.982,24.018,1.546,182,24,40,,
T,2023-05-12 12:46:54,6.21513000,-75.58457000,2.00,1490.482,24.018,1.726,174,24,40,,
T,2023-05-12 12:46:55,6.21511167,-75.58455167,2.00,1490.782,24.018,1.925,154,24,40,,
T,2023-05-12 12:46:56,6.21508333,-75.58450667,2.10,1490.683,24.017,2.369,129,24,40,,
T,2023-05-12 12:46:57,6.21505833,-75.58446667,2.20,1490.883,24.017,6.839,133,22,40,,
T,2023-05-12 12:46:58,6.21502833,-75.58440667,2.50,1490.583,24.017,7.469,118,20,40,,
T,2023-05-12 12:46:59,6.21500333,-75.58434000,2.80,1490.183,24.017,7.424,116,22,40,,
T,2023-05-12 12:47:00,6.21495333,-75.58425167,2.80,1489.384,24.016,8.965,116,21,40,,
T,2023-05-12 12:47:01,6.21492167,-75.58418000,2.60,1488.384,24.016,6.180,116,21,40,,
T,2023-05-12 12:47:02,6.21490500,-75.58411000,2.30,1488.284,24.016,3.821,112,19,40,,
T,2023-05-12 12:47:03,6.21488833,-75.58407167,2.50,1487.484,24.016,3.787,104,21,40,,
T,2023-05-12 12:47:04,6.21490167,-75.58404167,2.60,1486.585,24.015,3.520,61,21,40,,
T,2023-05-12 12:47:05,6.21493667,-75.58401333,2.70,1485.485,24.015,4.811,37,23,40,,
T,2023-05-12 12:47:06,6.21498667,-75.58397833,2.80,1484.085,24.015,6.415,33,23,40,,
T,2023-05-12 12:47:07,6.21504833,-75.58394167,2.90,1482.985,24.015,8.125,30,22,40,,
T,2023-05-12 12:47:08,6.21511333,-75.58389833,3.00,1481.786,24.014,9.176,31,22,40,,
T,2023-05-12 12:47:09,6.21517667,-75.58386333,2.70,1479.586,24.014,9.471,34,22,40,,
T,2023-05-12 12:47:10,6.21525000,-75.58381167,2.50,1477.787,24.013,9.979,41,23,40,,
T,2023-05-12 12:47:11,6.21533333,-75.58374000,2.50,1477.087,24.013,10.468,44,23,40,,
T,2023-05-12 12:47:12,6.21543500,-75.58367500,2.50,1477.688,24.012,11.789,31,22,40,,
T,2023-05-12 12:47:13,6.21553833,-75.58363667,2.40,1476.488,24.012,9.380,23,23,40,,
T,2023-05-12 12:47:14,6.21561500,-75.58361500,2.20,1477.088,24.012,7.569,15,22,40,,
T,2023-05-12 12:47:15,6.21565667,-75.58360167,2.30,1477.788,24.012,4.012,10,20,40,,
T,2023-05-12 12:47:16,6.21568667,-75.58358500,2.30,1477.689,24.011,1.622,10,19,40,,
T,2023-05-12 12:47:17,6.21570833,-75.58357167,2.20,1478.489,24.011,0.000,,21,40,,
T,2023-05-12 12:47:18,6.21571500,-75.58356667,2.40,1479.289,24.011,0.000,,22,40,,
T,2023-05-12 12:47:19,6.21571500,-75.58356167,2.40,1479.889,24.011,0.000,,24,40,,
T,2023-05-12 12:47:20,6.21571500,-75.58356167,2.30,1479.889,24.011,0.000,,26,40,,
T,2023-05-12 12:47:21,6.21571500,-75.58356167,2.00,1479.889,24.011,0.000,,26,40,,
T,2023-05-12 12:47:22,6.21571500,-75.58356167,1.90,1479.889,24.011,0.000,,26,40,,
T,2023-05-12 12:47:23,6.21571500,-75.58356167,1.80,1479.889,24.011,0.000,,25,40,,
T,2023-05-12 12:47:24,6.21571500,-75.58356167,1.80,1479.889,24.011,0.000,,24,40,,
T,2023-05-12 12:47:25,6.21571500,-75.58356167,1.80,1479.889,24.011,0.000,,24,40,,
T,2023-05-12 12:47:26,6.21571500,-75.58356167,1.80,1479.889,24.011,0.000,,24,40,,
T,2023-05-12 12:47:27,6.21571500,-75.58356167,1.90,1479.889,24.011,0.000,,24,40,,
T,2023-05-12 12:47:28,6.21571500,-75.58356167,1.90,1479.889,24.011,0.000,,25,40,,
T,2023-05-12 12:47:29,6.21571500,-75.58356167,1.90,1479.889,24.011,0.000,,25,40,,
T,2023-05-12 12:47:30,6.21571500,-75.58356167,2.00,1479.889,24.011,0.000,,24,40,,
T,2023-05-12 12:47:31,6.21574333,-75.58345333,1.90,1486.489,24.011,3.634,117,25,40,,
T,2023-05-12 12:47:32,6.21572500,-75.58341000,1.90,1486.690,24.010,4.450,119,25,40,,
T,2023-05-12 12:47:33,6.21570333,-75.58337167,1.80,1487.090,24.010,4.100,117,26,40,,
T,2023-05-12 12:47:34,6.21568667,-75.58333667,1.80,1487.790,24.010,3.174,121,25,40,,
T,2023-05-12 12:47:35,6.21567667,-75.58330500,1.90,1488.190,24.010,2.228,130,24,40,,
T,2023-05-12 12:47:36,6.21566500,-75.58328500,1.80,1487.490,24.010,2.190,126,26,40,,
T,2023-05-12 12:47:37,6.21565333,-75.58326833,1.80,1486.290,24.010,2.184,124,25,40,,
T,2023-05-12 12:47:38,6.21564333,-75.58325000,1.90,1485.290,24.010,2.050,115,27,40,,
T,2023-05-12 12:47:39,6.21563167,-75.58323167,1.80,1485.090,24.010,2.067,121,27,40,,
T,2023-05-12 12:47:40,6.21562167,-75.58321667,1.80,1485.090,24.010,1.837,124,25,40,,
T,2023-05-12 12:47:41,6.21561167,-75.58320000,1.80,1485.290,24.010,1.533,112,25,40,,
T,2023-05-12 12:47:42,6.21560333,-75.58318667,1.70,1485.590,24.010,1.883,111,25,40,,
T,2023-05-12 12:47:43,6.21559667,-75.58316833,1.80,1486.091,24.009,2.204,108,26,40,,
T,2023-05-12 12:47:44,6.21558500,-75.58315000,1.70,1486.691,24.009,2.170,112,25,40,,
T,2023-05-12 12:47:45,6.21557500,-75.58313167,1.70,1487.891,24.009,2.348,121,24,40,,
T,2023-05-12 12:47:46,6.21556333,-75.58312000,1.70,1488.791,24.009,2.217,110,23,40,,
T,2023-05-12 12:47:47,6.21555333,-75.58310833,1.70,1489.091,24.009,1.095,110,24,40,,
T,2023-05-12 12:47:48,6.21555000,-75.58310167,1.80,1489.091,24.009,1.104,110,24,40,,
T,2023-05-12 12:47:49,6.21555333,-75.58309333,1.80,1489.891,24.009,0.000,,23,40,,
T,2023-05-12 12:47:50,6.21555667,-75.58308500,1.80,1490.191,24.009,0.000,,23,40,,
T,2023-05-12 12:47:51,6.21556000,-75.58308500,1.80,1490.591,24.009,0.000,,24,40,,
T,2023-05-12 12:47:52,6.21556000,-75.58308500,1.80,1490.591,24.009,0.000,,24,40,,
T,2023-05-12 12:47:53,6.21556000,-75.58308500,1.70,1490.591,24.009,0.000,,25,40,,
T,2023-05-12 12:47:54,6.21556000,-75.58308500,1.70,1490.591,24.009,0.000,,25,40,,
T,2023-05-12 12:47:55,6.21556000,-75.58308500,1.70,1490.591,24.009,0.000,,26,40,,
T,2023-05-12 12:47:56,6.21556000,-75.58308500,1.60,1490.591,24.009,0.000,,26,40,,
T,2023-05-12 12:47:57,6.21556000,-75.58308500,1.60,1490.591,24.009,0.000,,24,40,,
T,2023-05-12 12:47:58,6.21556000,-75.58308500,1.60,1490.591,24.009,0.000,,23,40,,
T,2023-05-12 12:47:59,6.21556000,-75.58308500,1.60,1490.591,24.009,0.000,,24,40,,
T,2023-05-12 12:48:00,6.21556000,-75.58308500,1.60,1490.591,24.009,0.000,,25,40,,
T,2023-05-12 12:48:01,6.21556000,-75.58308500,1.10,1490.591,24.009,0.000,,25,40,,
T,2023-05-12 12:48:02,6.21556000,-75.58308500,1.00,1490.591,24.009,0.000,,25,40,,
T,2023-05-12 12:48:03,6.21556000,-75.58308500,1.00,1490.591,24.009,0.000,,26,40,,
T,2023-05-12 12:48:04,6.21556000,-75.58308500,1.00,1490.591,24.009,0.000,,26,40,,
T,2023-05-12 12:48:05,6.21556000,-75.58308500,1.00,1490.591,24.009,0.000,,26,40,,
T,2023-05-12 12:48:06,6.21556000,-75.58308500,1.00,1490.591,24.009,0.000,,26,40,,
T,2023-05-12 12:48:07,6.21556000,-75.58308500,1.00,1490.591,24.009,0.000,,26,40,,
T,2023-05-12 12:48:08,6.21556000,-75.58308500,1.00,1490.591,24.009,0.000,,26,40,,
T,2023-05-12 12:48:09,6.21556000,-75.58308500,1.00,1490.591,24.009,0.000,,26,40,,
T,2023-05-12 12:48:10,6.21556000,-75.58308500,1.00,1490.591,24.009,0.000,,23,40,,
T,2023-05-12 12:48:11,6.21556000,-75.58308500,1.00,1490.591,24.009,0.000,,22,40,,
T,2023-05-12 12:48:12,6.21556000,-75.58308500,1.00,1490.591,24.009,0.000,,21,40,,
T,2023-05-12 12:48:13,6.21556000,-75.58308500,1.00,1490.591,24.009,0.000,,21,40,,
T,2023-05-12 12:48:14,6.21556000,-75.58308500,1.30,1490.591,24.009,0.000,,21,40,,
T,2023-05-12 12:48:15,6.21556000,-75.58308500,1.50,1490.591,24.009,0.000,,21,40,,
T,2023-05-12 12:48:16,6.21556000,-75.58308500,1.60,1490.591,24.009,0.000,,22,40,,
T,2023-05-12 12:48:17,6.21556000,-75.58308500,1.60,1490.591,24.009,0.000,,22,40,,
T,2023-05-12 12:48:18,6.21556000,-75.58308500,1.60,1490.591,24.009,0.000,,23,40,,
T,2023-05-12 12:48:19,6.21557833,-75.58305167,1.60,1493.291,24.009,2.836,120,22,40,,
T,2023-05-12 12:48:20,6.21556500,-75.58302500,1.80,1493.491,24.009,3.205,110,22,40,,
T,2023-05-12 12:48:21,6.21555333,-75.58300000,1.70,1493.491,24.009,2.877,118,23,40,,
T,2023-05-12 12:48:22,6.21553833,-75.58297000,1.80,1493.991,24.009,3.527,122,23,40,,
T,2023-05-12 12:48:23,6.21551833,-75.58294000,1.80,1494.492,24.008,4.314,120,26,40,,
T,2023-05-12 12:48:24,6.21549667,-75.58290333,1.70,1494.992,24.008,4.078,128,26,40,,
T,2023-05-12 12:48:25,6.21546833,-75.58287167,1.70,1495.192,24.008,4.339,130,25,40,,
T,2023-05-12 12:48:26,6.21543667,-75.58283333,1.70,1494.892,24.008,5.686,120,26,40,,
T,2023-05-12 12:48:27,6.21540833,-75.58278833,1.60,1494.392,24.008,5.352,118,26,40,,
T,2023-05-12 12:48:28,6.21538833,-75.58274167,1.80,1494.392,24.008,5.069,118,27,40,,
T,2023-05-12 12:48:29,6.21536500,-75.58270333,1.70,1494.993,24.007,4.295,116,26,40,,
T,2023-05-12 12:48:30,6.21534500,-75.58267000,1.60,1495.293,24.007,3.845,115,24,40,,
T,2023-05-12 12:48:31,6.21532667,-75.58263833,1.70,1495.293,24.007,3.958,116,26,40,,
T,2023-05-12 12:48:32,6.21531167,-75.58260500,1.60,1495.193,24.007,4.099,113,26,40,,
T,2023-05-12 12:48:33,6.21529667,-75.58257500,1.50,1495.093,24.007,3.459,109,26,40,,
T,2023-05-12 12:48:34,6.21528833,-75.58254833,1.70,1495.193,24.007,2.849,115,27,40,,
T,2023-05-12 12:48:35,6.21527667,-75.58252500,1.60,1495.393,24.007,2.252,117,26,40,,
T,2023-05-12 12:48:36,6.21527000,-75.58250667,1.70,1495.393,24.007,1.798,124,26,40,,
T,2023-05-12 12:48:37,6.21526167,-75.58249500,1.70,1495.893,24.007,0.000,,27,40,,
T,2023-05-12 12:48:38,6.21525833,-75.58249000,1.80,1495.693,24.007,0.000,,25,40,,
T,2023-05-12 12:48:39,6.21525833,-75.58249333,1.90,1495.593,24.007,0.000,,26,40,,
T,2023-05-12 12:48:40,6.21525833,-75.58249333,1.90,1495.593,24.007,0.000,,27,40,,
T,2023-05-12 12:48:41,6.21525833,-75.58249333,1.90,1495.593,24.007,0.000,,26,40,,
T,2023-05-12 12:48:42,6.21525833,-75.58249333,1.90,1495.593,24.007,0.000,,27,40,,
T,2023-05-12 12:48:43,6.21525833,-75.58249333,1.90,1495.593,24.007,0.000,,27,40,,
T,2023-05-12 12:48:44,6.21525833,-75.58249333,1.90,1495.593,24.007,0.000,,27,40,,
T,2023-05-12 12:48:45,6.21525833,-75.58249333,1.90,1495.593,24.007,0.000,,27,40,,
T,2023-05-12 12:48:46,6.21525833,-75.58249333,1.80,1495.593,24.007,0.000,,27,40,,
T,2023-05-12 12:48:47,6.21525833,-75.58249333,1.80,1495.593,24.007,0.000,,27,40,,
T,2023-05-12 12:48:48,6.21525833,-75.58249333,1.80,1495.593,24.007,0.000,,27,40,,
T,2023-05-12 12:48:49,6.21525833,-75.58249333,1.80,1495.593,24.007,0.000,,27,40,,
T,2023-05-12 12:48:50,6.21525833,-75.58249333,1.80,1495.593,24.007,0.000,,27,40,,
T,2023-05-12 12:48:51,6.21525833,-75.58249333,1.80,1495.593,24.007,0.000,,26,40,,
T,2023-05-12 12:48:52,6.21525833,-75.58249333,1.80,1495.593,24.007,0.000,,25,40,,
T,2023-05-12 12:48:53,6.21525833,-75.58249333,1.90,1495.593,24.007,0.000,,25,40,,
T,2023-05-12 12:48:54,6.21525833,-75.58249333,1.90,1495.593,24.007,0.000,,26,40,,
T,2023-05-12 12:48:55,6.21525833,-75.58249333,1.90,1495.593,24.007,0.000,,26,40,,
T,2023-05-12 12:48:56,6.21525833,-75.58249333,1.90,1495.593,24.007,0.000,,26,40,,
T,2023-05-12 12:48:57,6.21525833,-75.58249333,1.90,1495.593,24.007,0.000,,25,40,,
T,2023-05-12 12:48:58,6.21525833,-75.58249333,1.90,1495.593,24.007,0.000,,25,40,,
T,2023-05-12 12:48:59,6.21525833,-75.58249333,2.00,1495.593,24.007,0.000,,25,40,,
T,2023-05-12 12:49:00,6.21525833,-75.58249333,2.00,1495.593,24.007,0.000,,25,40,,
T,2023-05-12 12:49:01,6.21525833,-75.58249333,2.00,1495.593,24.007,0.000,,25,40,,
T,2023-05-12 12:49:02,6.21525833,-75.58249333,2.00,1495.593,24.007,0.000,,25,40,,
T,2023-05-12 12:49:03,6.21525833,-75.58249333,2.00,1495.593,24.007,0.000,,25,40,,
T,2023-05-12 12:49:04,6.21525833,-75.58249333,2.00,1495.593,24.007,0.000,,25,40,,
T,2023-05-12 12:49:05,6.21525833,-75.58249333,2.00,1495.593,24.007,0.000,,24,40,,
T,2023-05-12 12:49:06,6.21525833,-75.58249333,2.00,1495.593,24.007,0.000,,24,40,,
T,2023-05-12 12:49:07,6.21525833,-75.58249333,2.00,1495.593,24.007,0.000,,24,40,,
T,2023-05-12 12:49:08,6.21525833,-75.58249333,2.00,1495.593,24.007,0.000,,24,40,,
T,2023-05-12 12:49:09,6.21525833,-75.58249333,2.00,1495.593,24.007,0.000,,24,40,,
T,2023-05-12 12:49:10,6.21525833,-75.58249333,2.00,1495.593,24.007,0.000,,24,40,,
T,2023-05-12 12:49:11,6.21525833,-75.58249333,1.90,1495.593,24.007,0.000,,24,40,,
T,2023-05-12 12:49:12,6.21525833,-75.58249333,1.90,1495.593,24.007,0.000,,24,40,,
T,2023-05-12 12:49:13,6.21525833,-75.58249333,1.90,1495.593,24.007,0.000,,24,40,,
T,2023-05-12 12:49:14,6.21525833,-75.58249333,1.90,1495.593,24.007,0.000,,26,40,,
T,2023-05-12 12:49:15,6.21525833,-75.58249333,1.90,1495.593,24.007,0.000,,26,40,,
T,2023-05-12 12:49:16,6.21525833,-75.58249333,1.90,1495.593,24.007,0.000,,26,40,,
T,2023-05-12 12:49:17,6.21525833,-75.58249333,1.90,1495.593,24.007,0.000,,27,40,,
T,2023-05-12 12:49:18,6.21523833,-75.58240667,1.80,1496.694,24.006,2.879,118,29,40,,
T,2023-05-12 12:49:19,6.21521833,-75.58238000,1.80,1495.894,24.006,2.848,115,29,40,,
T,2023-05-12 12:49:20,6.21520333,-75.58235833,1.70,1495.694,24.006,2.409,121,29,40,,
T,2023-05-12 12:49:21,6.21519000,-75.58234000,1.70,1495.694,24.006,2.371,127,29,40,,
T,2023-05-12 12:49:22,6.21517833,-75.58232167,1.80,1495.394,24.006,2.752,132,29,40,,
T,2023-05-12 12:49:23,6.21516000,-75.58230500,1.80,1494.894,24.006,2.781,134,29,40,,
T,2023-05-12 12:49:24,6.21513833,-75.58228000,1.80,1494.594,24.006,3.797,135,29,40,,
T,2023-05-12 12:49:25,6.21511333,-75.58225333,1.80,1494.394,24.006,3.779,140,29,40,,
T,2023-05-12 12:49:26,6.21508333,-75.58223000,1.90,1493.894,24.006,4.019,148,29,40,,
T,2023-05-12 12:49:27,6.21504833,-75.58220667,1.90,1493.294,24.006,4.652,147,28,40,,
T,2023-05-12 12:49:28,6.21501167,-75.58218333,2.00,1493.095,24.005,4.887,152,28,40,,
T,2023-05-12 12:49:29,6.21497000,-75.58216500,2.00,1492.395,24.005,5.430,155,28,40,,
T,2023-05-12 12:49:30,6.21492500,-75.58214333,2.00,1492.195,24.005,5.835,159,28,40,,
T,2023-05-12 12:49:31,6.21487333,-75.58212167,1.80,1491.595,24.005,6.699,160,28,40,,
T,2023-05-12 12:49:32,6.21481833,-75.58209000,1.90,1491.895,24.005,6.662,166,28,40,,
T,2023-05-12 12:49:33,6.21475833,-75.58206667,1.90,1491.995,24.005,7.455,160,28,40,,
T,2023-05-12 12:49:34,6.21469333,-75.58203833,2.00,1492.195,24.005,8.075,152,28,40,,
T,2023-05-12 12:49:35,6.21462833,-75.58199667,2.20,1491.895,24.005,8.058,145,26,40,,
T,2023-05-12 12:49:36,6.21457167,-75.58195000,2.40,1492.195,24.005,7.866,142,25,40,,
T,2023-05-12 12:49:37,6.21452167,-75.58188500,2.30,1492.895,24.005,8.105,138,25,40,,
T,2023-05-12 12:49:38,6.21450167,-75.58182167,2.30,1491.895,24.005,7.560,125,23,40,,
T,2023-05-12 12:49:39,6.21449500,-75.58175500,2.20,1491.296,24.004,6.675,114,24,40,,
T,2023-05-12 12:49:40,6.21448167,-75.58169333,2.20,1491.096,24.004,5.888,114,24,40,,
T,2023-05-12 12:49:41,6.21446833,-75.58164500,2.20,1491.796,24.004,5.484,114,25,40,,
T,2023-05-12 12:49:42,6.21445833,-75.58161167,2.20,1493.096,24.004,4.662,113,25,40,,
T,2023-05-12 12:49:43,6.21446667,-75.58158500,2.10,1493.197,24.003,4.643,104,25,40,,
T,2023-05-12 12:49:44,6.21448000,-75.58154833,1.90,1493.897,24.003,4.264,86,26,40,,
T,2023-05-12 12:49:45,6.21450500,-75.58151333,1.90,1494.597,24.003,4.378,78,26,40,,
T,2023-05-12 12:49:46,6.21453833,-75.58147500,2.00,1495.097,24.003,6.211,80,24,40,,
T,2023-05-12 12:49:47,6.21456833,-75.58141333,2.20,1495.398,24.002,6.812,85,24,40,,
T,2023-05-12 12:49:48,6.21458500,-75.58135167,2.30,1497.298,24.002,7.549,93,24,40,,
T,2023-05-12 12:49:49,6.21458833,-75.58128333,2.50,1499.998,24.002,8.074,99,25,40,,
T,2023-05-12 12:49:50,6.21458333,-75.58121167,2.60,1503.299,24.001,7.864,105,25,40,,
T,2023-05-12 12:49:51,6.21457333,-75.58114667,2.60,1506.799,24.001,7.626,109,25,40,,
T,2023-05-12 12:49:52,6.21455667,-75.58107667,2.50,1506.899,24.001,6.715,111,25,40,,
T,2023-05-12 12:49:53,6.21452000,-75.58102667,2.10,1505.800,24.000,5.892,102,26,40,,
T,2023-05-12 12:49:54,6.21449667,-75.58098500,2.10,1505.100,24.000,5.021,110,27,40,,
T,2023-05-12 12:49:55,6.21447667,-75.58094500,2.00,1504.600,24.000,4.995,119,27,40,,
T,2023-05-12 12:49:56,6.21445667,-75.58090333,1.80,1503.600,24.000,4.233,112,26,40,,
T,2023-05-12 12:49:57,6.21444333,-75.58086500,1.60,1502.500,24.000,3.488,109,26,40,,
T,2023-05-12 12:49:58,6.21443167,-75.58082833,1.60,1501.400,24.000,4.107,111,26,40,,
T,2023-05-12 12:49:59,6.21441833,-75.58079167,1.70,1500.201,23.999,3.316,110,26,40,,
T,2023-05-12 12:50:00,6.21440667,-75.58076333,1.60,1499.401,23.999,2.988,110,26,40,,
T,2023-05-12 12:50:01,6.21439667,-75.58074000,1.60,1498.701,23.999,2.787,113,26,40,,
T,2023-05-12 12:50:02,6.21438167,-75.58071667,1.70,1498.201,23.999,2.666,111,26,40,,
T,2023-05-12 12:50:03,6.21437000,-75.58069667,1.50,1497.401,23.999,2.035,110,26,40,,
T,2023-05-12 12:50:04,6.21436500,-75.58068167,1.60,1496.501,23.999,1.384,110,26,40,,
T,2023-05-12 12:50:05,6.21436333,-75.58067000,1.50,1496.201,23.999,1.290,110,26,40,,
T,2023-05-12 12:50:06,6.21436167,-75.58066333,1.50,1495.701,23.999,0.000,,27,40,,
T,2023-05-12 12:50:07,6.21436167,-75.58066000,1.60,1495.401,23.999,0.000,,26,40,,
T,2023-05-12 12:50:08,6.21436167,-75.58065500,1.50,1494.901,23.999,0.000,,26,40,,
T,2023-05-12 12:50:09,6.21436167,-75.58065500,1.40,1494.901,23.999,0.000,,26,40,,
T,2023-05-12 12:50:10,6.21436167,-75.58065500,1.40,1494.901,23.999,0.000,,26,40,,
T,2023-05-12 12:50:11,6.21436167,-75.58065500,1.50,1494.901,23.999,0.000,,26,40,,
T,2023-05-12 12:50:12,6.21435667,-75.58062500,1.50,1493.201,23.999,0.167,110,26,40,,
T,2023-05-12 12:50:13,6.21434833,-75.58060500,1.60,1493.101,23.999,2.132,116,26,40,,
T,2023-05-12 12:50:14,6.21433833,-75.58058167,1.60,1492.902,23.998,2.977,112,26,40,,
T,2023-05-12 12:50:15,6.21432667,-75.58055333,1.50,1493.202,23.998,3.631,108,27,40,,
T,2023-05-12 12:50:16,6.21432000,-75.58052000,1.70,1493.802,23.998,3.785,108,27,40,,
T,2023-05-12 12:50:17,6.21431667,-75.58048833,1.70,1494.302,23.998,4.408,110,27,40,,
T,2023-05-12 12:50:18,6.21430500,-75.58045167,1.70,1494.902,23.998,4.920,112,27,40,,
T,2023-05-12 12:50:19,6.21428500,-75.58040833,1.70,1495.402,23.998,5.135,110,27,40,,
T,2023-05-12 12:50:20,6.21427167,-75.58036833,1.70,1495.703,23.997,5.150,110,27,40,,
T,2023-05-12 12:50:21,6.21425833,-75.58033833,1.80,1495.403,23.997,4.072,111,27,40,,
T,2023-05-12 12:50:22,6.21424500,-75.58030333,1.70,1495.103,23.997,3.643,112,27,40,,
T,2023-05-12 12:50:23,6.21423000,-75.58027333,1.60,1494.703,23.997,3.060,112,27,40,,
T,2023-05-12 12:50:24,6.21421500,-75.58024167,1.60,1494.203,23.997,3.192,111,27,40,,
T,2023-05-12 12:50:25,6.21420667,-75.58021667,1.70,1494.403,23.997,2.967,110,27,40,,
T,2023-05-12 12:50:26,6.21419833,-75.58019167,1.70,1494.303,23.997,3.327,105,27,40,,
T,2023-05-12 12:50:27,6.21418667,-75.58016500,1.70,1493.903,23.997,2.868,108,27,40,,
T,2023-05-12 12:50:28,6.21417500,-75.58014000,1.70,1493.904,23.996,2.739,113,27,40,,
T,2023-05-12 12:50:29,6.21416833,-75.58012167,1.70,1494.104,23.996,1.982,116,27,40,,
T,2023-05-12 12:50:30,6.21415833,-75.58010333,1.70,1494.004,23.996,2.339,112,27,40,,
T,2023-05-12 12:50:31,6.21415500,-75.58008500,1.60,1493.904,23.996,1.898,110,27,40,,
T,2023-05-12 12:50:32,6.21414833,-75.58007333,1.60,1494.004,23.996,1.244,110,27,40,,
T,2023-05-12 12:50:33,6.21414167,-75.58006667,1.50,1493.604,23.996,0.000,,27,40,,
T,2023-05-12 12:50:34,6.21414000,-75.58006333,1.60,1493.604,23.996,0.000,,27,40,,
T,2023-05-12 12:50:35,6.21413833,-75.58006000,1.70,1493.704,23.996,0.000,,27,40,,
T,2023-05-12 12:50:36,6.21413833,-75.58006000,1.70,1493.704,23.996,0.000,,27,40,,
T,2023-05-12 12:50:37,6.21413833,-75.58006000,1.80,1493.704,23.996,0.000,,27,40,,
T,2023-05-12 12:50:38,6.21413167,-75.58003000,1.70,1493.804,23.996,0.171,110,27,40,,
T,2023-05-12 12:50:39,6.21412667,-75.58001167,1.70,1493.404,23.996,2.448,103,27,40,,
T,2023-05-12 12:50:40,6.21412500,-75.57999500,1.70,1493.004,23.996,1.765,104,27,40,,
T,2023-05-12 12:50:41,6.21411833,-75.57998000,1.70,1492.404,23.996,2.174,100,27,40,,
T,2023-05-12 12:50:42,6.21411500,-75.57995500,1.80,1492.104,23.996,3.121,106,27,40,,
T,2023-05-12 12:50:43,6.21409667,-75.57991000,1.80,1492.005,23.995,4.446,107,27,40,,
T,2023-05-12 12:50:44,6.21407500,-75.57985000,1.90,1492.305,23.995,6.566,110,27,40,,
T,2023-05-12 12:50:45,6.21404833,-75.57978000,2.00,1492.605,23.995,8.288,113,27,40,,
T,2023-05-12 12:50:46,6.21401667,-75.57969667,2.00,1493.106,23.994,9.364,113,27,40,,
T,2023-05-12 12:50:47,6.21398333,-75.57960833,2.00,1493.806,23.994,9.795,113,27,40,,
T,2023-05-12 12:50:48,6.21395000,-75.57951667,2.00,1493.706,23.994,10.850,111,27,40,,
T,2023-05-12 12:50:49,6.21392000,-75.57941667,2.00,1494.107,23.993,10.886,111,27,40,,
T,2023-05-12 12:50:50,6.21388167,-75.57931833,2.10,1494.607,23.993,11.357,109,26,40,,
T,2023-05-12 12:50:51,6.21384333,-75.57921667,2.10,1494.908,23.992,11.443,108,26,40,,
T,2023-05-12 12:50:52,6.21380667,-75.57911667,2.10,1494.608,23.992,11.287,109,24,40,,
T,2023-05-12 12:50:53,6.21377833,-75.57901667,2.10,1494.409,23.991,11.306,105,24,40,,
T,2023-05-12 12:50:54,6.21375000,-75.57892000,2.10,1493.209,23.991,11.811,103,25,40,,
T,2023-05-12 12:50:55,6.21372833,-75.57880667,2.20,1493.410,23.990,12.011,102,24,40,,
T,2023-05-12 12:50:56,6.21371000,-75.57869833,2.10,1493.710,23.990,12.296,102,24,40,,
T,2023-05-12 12:50:57,6.21369333,-75.57858000,2.00,1494.411,23.989,12.506,101,26,40,,
T,2023-05-12 12:50:58,6.21366667,-75.57845667,2.00,1495.611,23.989,12.798,102,26,40,,
T,2023-05-12 12:50:59,6.21364500,-75.57834667,2.00,1495.912,23.988,12.150,102,26,40,,
T,2023-05-12 12:51:00,6.21362500,-75.57824167,2.00,1496.612,23.988,11.351,103,26,40,,
T,2023-05-12 12:51:01,6.21360500,-75.57814333,1.90,1496.913,23.987,10.815,102,27,40,,
T,2023-05-12 12:51:02,6.21359167,-75.57804833,1.90,1497.313,23.987,10.600,100,27,40,,
T,2023-05-12 12:51:03,6.21357333,-75.57795667,2.00,1497.514,23.986,10.518,101,27,40,,
T,2023-05-12 12:51:04,6.21355833,-75.57786667,2.00,1497.314,23.986,10.239,101,27,40,,
T,2023-05-12 12:51:05,6.21354333,-75.57778000,1.90,1497.215,23.985,9.508,100,27,40,,
T,2023-05-12 12:51:06,6.21352833,-75.57770000,1.80,1496.015,23.985,7.883,100,27,40,,
T,2023-05-12 12:51:07,6.21351667,-75.57764167,1.80,1495.315,23.985,5.984,99,27,40,,
T,2023-05-12 12:51:08,6.21351000,-75.57759833,1.80,1494.916,23.984,4.175,98,27,40,,
T,2023-05-12 12:51:09,6.21350167,-75.57756500,1.70,1495.316,23.984,3.837,101,27,40,,
T,2023-05-12 12:51:10,6.21349333,-75.57753333,1.60,1494.916,23.984,3.561,98,26,40,,
T,2023-05-12 12:51:11,6.21348333,-75.57750167,1.70,1494.316,23.984,3.419,106,26,40,,
T,2023-05-12 12:51:12,6.21347333,-75.57747333,1.70,1494.016,23.984,2.713,103,26,40,,
T,2023-05-12 12:51:13,6.21347167,-75.57744833,1.60,1494.316,23.984,2.265,105,26,40,,
T,2023-05-12 12:51:14,6.21347000,-75.57742667,1.60,1495.016,23.984,2.400,114,26,40,,
T,2023-05-12 12:51:15,6.21346500,-75.57741000,1.70,1495.516,23.984,2.315,118,27,40,,
T,2023-05-12 12:51:16,6.21345500,-75.57739000,1.90,1495.817,23.983,2.470,118,27,40,,
T,2023-05-12 12:51:17,6.21344667,-75.57735833,2.20,1496.517,23.983,4.293,110,26,40,,
T,2023-05-12 12:51:18,6.21341667,-75.57729167,2.20,1496.717,23.983,6.363,114,27,40,,
T,2023-05-12 12:51:19,6.21339333,-75.57722833,2.00,1496.117,23.983,4.184,113,27,40,,
T,2023-05-12 12:51:20,6.21338833,-75.57718167,1.90,1495.817,23.983,3.236,108,27,40,,
T,2023-05-12 12:51:21,6.21338000,-75.57714833,1.90,1495.518,23.982,2.512,114,27,40,,
T,2023-05-12 12:51:22,6.21336333,-75.57711833,1.70,1495.118,23.982,2.941,112,27,40,,
T,2023-05-12 12:51:23,6.21335000,-75.57708667,1.70,1494.418,23.982,2.513,117,27,40,,
T,2023-05-12 12:51:24,6.21333833,-75.57705500,1.70,1494.118,23.982,2.098,121,27,40,,
T,2023-05-12 12:51:25,6.21333167,-75.57703333,1.70,1493.518,23.982,1.445,121,27,40,,
T,2023-05-12 12:51:26,6.21333167,-75.57702333,1.70,1493.318,23.982,0.000,,27,40,,
T,2023-05-12 12:51:27,6.21333167,-75.57701500,1.60,1493.818,23.982,0.000,,27,40,,
T,2023-05-12 12:51:28,6.21333667,-75.57701167,1.60,1494.018,23.982,0.000,,27,40,,
T,2023-05-12 12:51:29,6.21333667,-75.57701167,1.50,1494.018,23.982,0.000,,27,40,,
T,2023-05-12 12:51:30,6.21333667,-75.57701167,1.60,1494.018,23.982,0.000,,27,40,,
T,2023-05-12 12:51:31,6.21333667,-75.57701167,1.60,1494.018,23.982,0.000,,26,40,,
T,2023-05-12 12:51:32,6.21333667,-75.57701167,1.70,1494.018,23.982,0.000,,26,40,,
T,2023-05-12 12:51:33,6.21333667,-75.57701167,1.70,1494.018,23.982,0.000,,27,40,,
T,2023-05-12 12:51:34,6.21333667,-75.57701167,1.80,1494.018,23.982,0.000,,27,40,,
T,2023-05-12 12:51:35,6.21333667,-75.57701167,1.70,1494.018,23.982,0.000,,27,40,,
T,2023-05-12 12:51:36,6.21333667,-75.57701167,1.60,1494.018,23.982,0.000,,26,40,,
T,2023-05-12 12:51:37,6.21333667,-75.57701167,1.60,1494.018,23.982,0.000,,24,40,,
T,2023-05-12 12:51:38,6.21333667,-75.57701167,1.50,1494.018,23.982,0.000,,24,40,,
T,2023-05-12 12:51:39,6.21333667,-75.57701167,1.60,1494.018,23.982,0.000,,23,40,,
T,2023-05-12 12:51:40,6.21333667,-75.57701167,1.60,1494.018,23.982,0.000,,24,40,,
T,2023-05-12 12:51:41,6.21333667,-75.57701167,1.60,1494.018,23.982,0.000,,25,40,,
T,2023-05-12 12:51:42,6.21333667,-75.57701167,1.70,1494.018,23.982,0.000,,25,40,,
T,2023-05-12 12:51:43,6.21333667,-75.57701167,1.70,1494.018,23.982,0.000,,25,40,,
T,2023-05-12 12:51:44,6.21333667,-75.57701167,1.70,1494.018,23.982,0.000,,25,40,,
T,2023-05-12 12:51:45,6.21333667,-75.57701167,1.70,1494.018,23.982,0.000,,25,40,,
T,2023-05-12 12:51:46,6.21333667,-75.57701167,1.80,1494.018,23.982,0.000,,25,40,,
T,2023-05-12 12:51:47,6.21333667,-75.57701167,1.80,1494.018,23.982,0.000,,25,40,,
T,2023-05-12 12:51:48,6.21333667,-75.57701167,1.80,1494.018,23.982,0.000,,27,40,,
T,2023-05-12 12:51:49,6.21333667,-75.57701167,1.70,1494.018,23.982,0.000,,26,40,,
T,2023-05-12 12:51:50,6.21333667,-75.57701167,1.60,1494.018,23.982,0.000,,26,40,,
T,2023-05-12 12:51:51,6.21333667,-75.57701167,1.60,1494.018,23.982,0.000,,26,40,,
T,2023-05-12 12:51:52,6.21333667,-75.57701167,1.70,1494.018,23.982,0.000,,26,40,,
T,2023-05-12 12:51:53,6.21333667,-75.57701167,1.70,1494.018,23.982,0.000,,25,40,,
T,2023-05-12 12:51:54,6.21333667,-75.57701167,1.70,1494.018,23.982,0.000,,26,40,,
T,2023-05-12 12:51:55,6.21333667,-75.57701167,1.60,1494.018,23.982,0.000,,26,40,,
T,2023-05-12 12:51:56,6.21333667,-75.57701167,1.70,1494.018,23.982,0.000,,26,40,,
T,2023-05-12 12:51:57,6.21333667,-75.57701167,1.80,1494.018,23.982,0.000,,25,40,,
T,2023-05-12 12:51:58,6.21334500,-75.57694167,1.90,1496.719,23.981,2.674,98,25,40,,
T,2023-05-12 12:51:59,6.21333833,-75.57691667,2.00,1496.619,23.981,2.885,102,22,40,,
T,2023-05-12 12:52:00,6.21333333,-75.57688833,2.40,1496.419,23.981,3.271,106,22,40,,
T,2023-05-12 12:52:01,6.21332500,-75.57686000,2.70,1496.519,23.981,3.242,112,19,40,,
T,2023-05-12 12:52:02,6.21331333,-75.57682000,2.70,1495.819,23.981,3.351,117,18,40,,
T,2023-05-12 12:52:03,6.21329000,-75.57677833,2.40,1495.019,23.981,3.893,116,18,40,,
T,2023-05-12 12:52:04,6.21326333,-75.57674333,2.40,1495.219,23.981,4.016,127,20,40,,
T,2023-05-12 12:52:05,6.21323500,-75.57671333,2.50,1494.920,23.980,5.420,131,19,40,,
T,2023-05-12 12:52:06,6.21319500,-75.57667500,2.60,1494.620,23.980,5.596,126,19,40,,
T,2023-05-12 12:52:07,6.21315833,-75.57663167,2.70,1494.520,23.980,6.339,123,19,40,,
T,2023-05-12 12:52:08,6.21310667,-75.57657333,2.40,1493.220,23.980,6.886,137,19,40,,
T,2023-05-12 12:52:09,6.21305667,-75.57654667,2.20,1492.620,23.980,7.029,136,20,40,,
T,2023-05-12 12:52:10,6.21301333,-75.57650333,2.10,1491.120,23.980,7.506,135,21,40,,
T,2023-05-12 12:52:11,6.21296833,-75.57645500,2.10,1491.120,23.980,6.205,127,21,40,,
T,2023-05-12 12:52:12,6.21293500,-75.57640500,2.00,1491.521,23.979,6.181,121,22,40,,
T,2023-05-12 12:52:13,6.21291167,-75.57635500,2.00,1491.321,23.979,5.752,122,23,40,,
T,2023-05-12 12:52:14,6.21290333,-75.57631000,2.00,1490.621,23.979,4.950,108,22,40,,
T,2023-05-12 12:52:15,6.21289667,-75.57627000,1.90,1489.621,23.979,4.168,99,23,40,,
T,2023-05-12 12:52:16,6.21290333,-75.57622833,1.90,1488.921,23.979,4.083,94,25,40,,
T,2023-05-12 12:52:17,6.21290833,-75.57618833,1.90,1488.722,23.978,3.940,87,25,40,,
T,2023-05-12 12:52:18,6.21291500,-75.57615000,1.80,1488.422,23.978,3.922,81,25,40,,
T,2023-05-12 12:52:19,6.21292333,-75.57611333,1.80,1487.822,23.978,3.802,78,25,40,,
T,2023-05-12 12:52:20,6.21293167,-75.57608000,1.80,1486.422,23.978,3.917,79,25,40,,
T,2023-05-12 12:52:21,6.21294167,-75.57604667,2.10,1485.223,23.977,4.319,74,25,40,,
T,2023-05-12 12:52:22,6.21295833,-75.57601333,2.20,1484.623,23.977,5.220,56,24,40,,
T,2023-05-12 12:52:23,6.21298667,-75.57597833,2.20,1484.323,23.977,6.282,48,21,40,,
T,2023-05-12 12:52:24,6.21303000,-75.57593500,2.20,1484.623,23.977,7.045,42,21,40,,
T,2023-05-12 12:52:25,6.21308000,-75.57589833,2.30,1484.624,23.976,6.517,41,22,40,,
T,2023-05-12 12:52:26,6.21312833,-75.57587000,2.50,1484.724,23.976,6.387,33,21,40,,
T,2023-05-12 12:52:27,6.21318667,-75.57584500,2.70,1484.624,23.976,6.351,24,20,40,,
T,2023-05-12 12:52:28,6.21327000,-75.57582833,2.90,1484.424,23.976,6.846,12,20,40,,
T,2023-05-12 12:52:29,6.21338167,-75.57582333,2.90,1484.325,23.975,7.752,1,20,40,,
T,2023-05-12 12:52:30,6.21350167,-75.57584667,2.90,1483.925,23.975,9.432,348,20,40,,
T,2023-05-12 12:52:31,6.21362167,-75.57588167,2.80,1484.625,23.975,10.822,343,20,40,,
T,2023-05-12 12:52:32,6.21374833,-75.57592000,2.70,1485.025,23.975,12.109,348,20,40,,
T,2023-05-12 12:52:33,6.21388167,-75.57594833,2.50,1484.725,23.975,11.843,357,20,40,,
T,2023-05-12 12:52:34,6.21402667,-75.57597167,2.50,1484.425,23.975,12.149,360,18,40,,
T,2023-05-12 12:52:35,6.21417667,-75.57597833,2.50,1484.225,23.975,12.474,0,18,40,,
T,2023-05-12 12:52:36,6.21430500,-75.57600500,2.20,1484.625,23.975,11.108,1,19,40,,
T,2023-05-12 12:52:37,6.21440000,-75.57602333,2.00,1484.425,23.975,7.939,2,21,40,,
T,2023-05-12 12:52:38,6.21446167,-75.57604833,2.10,1484.325,23.975,6.265,4,21,40,,
T,2023-05-12 12:52:39,6.21451000,-75.57606167,2.20,1483.725,23.975,5.193,4,21,40,,
T,2023-05-12 12:52:40,6.21454333,-75.57606833,2.10,1483.626,23.974,3.366,4,22,40,,
T,2023-05-12 12:52:41,6.21457333,-75.57607500,1.90,1483.526,23.974,4.038,1,22,40,,
T,2023-05-12 12:52:42,6.21461500,-75.57607667,1.80,1483.526,23.974,5.292,4,22,40,,
T,2023-05-12 12:52:43,6.21466667,-75.57608500,1.90,1483.926,23.974,6.280,1,22,40,,
T,2023-05-12 12:52:44,6.21472500,-75.57608333,2.00,1483.926,23.974,6.616,2,22,40,,
T,2023-05-12 12:52:45,6.21478667,-75.57607833,2.00,1484.526,23.974,7.465,4,21,40,,
T,2023-05-12 12:52:46,6.21485333,-75.57607333,2.00,1484.526,23.974,8.295,3,21,40,,
T,2023-05-12 12:52:47,6.21493500,-75.57606667,1.80,1484.326,23.974,9.170,4,21,40,,
T,2023-05-12 12:52:48,6.21502333,-75.57606333,2.10,1484.726,23.974,9.729,4,21,40,,
T,2023-05-12 12:52:49,6.21512167,-75.57606000,2.10,1484.727,23.973,10.290,6,21,40,,
T,2023-05-12 12:52:50,6.21522333,-75.57605833,2.10,1484.527,23.973,10.780,6,21,40,,
T,2023-05-12 12:52:51,6.21533000,-75.57605333,2.10,1484.027,23.973,11.299,3,20,40,,
T,2023-05-12 12:52:52,6.21543500,-75.57604167,2.10,1483.827,23.973,11.853,5,21,40,,
T,2023-05-12 12:52:53,6.21554667,-75.57603000,1.90,1483.228,23.972,12.834,7,21,40,,
T,2023-05-12 12:52:54,6.21566833,-75.57600833,1.70,1482.728,23.972,13.963,9,21,40,,
T,2023-05-12 12:52:55,6.21579000,-75.57598833,1.70,1482.128,23.972,13.320,8,21,40,,
T,2023-05-12 12:52:56,6.21591500,-75.57597333,2.10,1481.729,23.971,12.983,11,22,40,,
T,2023-05-12 12:52:57,6.21603667,-75.57596000,2.20,1481.029,23.971,12.953,9,22,40,,
T,2023-05-12 12:52:58,6.21616167,-75.57595000,2.10,1481.029,23.971,13.563,6,21,40,,
T,2023-05-12 12:52:59,6.21628667,-75.57592667,2.00,1482.130,23.970,13.889,7,22,40,,
T,2023-05-12 12:53:00,6.21641500,-75.57591000,2.10,1483.530,23.970,14.748,6,23,40,,
T,2023-05-12 12:53:01,6.21655167,-75.57589667,1.90,1483.930,23.970,15.570,6,23,40,,
T,2023-05-12 12:53:02,6.21669500,-75.57588167,1.80,1483.431,23.969,16.055,6,22,40,,
T,2023-05-12 12:53:03,6.21684333,-75.57586833,1.80,1482.731,23.969,16.681,4,22,40,,
T,2023-05-12 12:53:04,6.21699500,-75.57585667,1.70,1482.531,23.969,16.930,4,24,40,,
T,2023-05-12 12:53:05,6.21714833,-75.57584000,1.70,1482.032,23.968,16.803,5,23,40,,
T,2023-05-12 12:53:06,6.21729833,-75.57582667,1.70,1482.032,23.968,15.687,5,23,40,,
T,2023-05-12 12:53:07,6.21743500,-75.57581333,2.10,1483.132,23.968,16.371,4,23,40,,
T,2023-05-12 12:53:08,6.21755000,-75.57580833,2.00,1483.933,23.967,12.120,3,24,40,,
T,2023-05-12 12:53:09,6.21765000,-75.57581833,2.10,1484.333,23.967,8.775,3,24,40,,
T,2023-05-12 12:53:10,6.21772333,-75.57581500,1.90,1485.133,23.967,6.179,7,24,40,,
T,2023-05-12 12:53:11,6.21776833,-75.57580167,2.00,1486.133,23.967,5.722,9,22,40,,
T,2023-05-12 12:53:12,6.21781333,-75.57579167,2.00,1486.133,23.967,5.346,11,22,40,,
T,2023-05-12 12:53:13,6.21786667,-75.57577667,2.10,1485.733,23.967,5.756,15,24,40,,
T,2023-05-12 12:53:14,6.21794000,-75.57576333,2.00,1485.634,23.966,7.598,11,24,40,,
T,2023-05-12 12:53:15,6.21804167,-75.57574667,2.10,1485.234,23.966,9.705,8,24,40,,
T,2023-05-12 12:53:16,6.21816167,-75.57573333,2.10,1484.934,23.966,11.960,7,24,40,,
T,2023-05-12 12:53:17,6.21828667,-75.57572667,2.10,1484.835,23.965,13.370,7,24,40,,
T,2023-05-12 12:53:18,6.21842167,-75.57572500,2.10,1484.135,23.965,14.461,6,24,40,,
T,2023-05-12 12:53:19,6.21856667,-75.57570833,2.10,1484.035,23.965,15.686,7,23,41,,
T,2023-05-12 12:53:20,6.21871000,-75.57569333,2.20,1483.736,23.964,16.415,8,23,41,,
T,2023-05-12 12:53:21,6.21886167,-75.57568167,2.30,1483.536,23.964,16.810,8,24,41,,
T,2023-05-12 12:53:22,6.21900833,-75.57566833,2.30,1483.736,23.964,14.820,9,23,41,,
T,2023-05-12 12:53:23,6.21913000,-75.57565500,2.20,1484.037,23.963,11.855,8,23,41,,
T,2023-05-12 12:53:24,6.21922500,-75.57564333,2.10,1483.937,23.963,10.027,5,24,41,,
T,2023-05-12 12:53:25,6.21930500,-75.57563500,2.00,1484.137,23.963,8.926,4,23,41,,
T,2023-05-12 12:53:26,6.21937667,-75.57561667,2.10,1484.037,23.963,8.186,8,23,41,,
T,2023-05-12 12:53:27,6.21944167,-75.57560500,2.10,1484.137,23.963,8.317,5,23,41,,
T,2023-05-12 12:53:28,6.21950833,-75.57559167,2.10,1484.038,23.962,8.333,8,22,41,,
T,2023-05-12 12:53:29,6.21958333,-75.57558333,2.20,1483.638,23.962,9.171,4,22,41,,
T,2023-05-12 12:53:30,6.21966333,-75.57557667,2.20,1483.238,23.962,9.635,6,22,41,,
T,2023-05-12 12:53:31,6.21976167,-75.57557167,2.20,1483.138,23.962,10.372,4,22,41,,
T,2023-05-12 12:53:32,6.21986500,-75.57556667,2.00,1483.238,23.962,10.993,5,22,41,,
T,2023-05-12 12:53:33,6.21996667,-75.57555500,2.00,1482.739,23.961,11.087,7,22,41,,
T,2023-05-12 12:53:34,6.22007333,-75.57554667,2.00,1482.339,23.961,11.712,5,22,41,,
T,2023-05-12 12:53:35,6.22018333,-75.57554000,2.00,1481.939,23.961,12.214,5,22,41,,
T,2023-05-12 12:53:36,6.22030167,-75.57553500,2.10,1482.039,23.961,12.778,3,20,41,,
T,2023-05-12 12:53:37,6.22041833,-75.57552833,2.10,1482.440,23.960,12.597,3,20,41,,
T,2023-05-12 12:53:38,6.22052833,-75.57551833,2.10,1482.640,23.960,11.551,5,20,41,,
T,2023-05-12 12:53:39,6.22063667,-75.57551167,2.10,1482.740,23.960,11.123,6,20,41,,
T,2023-05-12 12:53:40,6.22074167,-75.57549333,2.10,1482.841,23.959,11.239,7,19,41,,
T,2023-05-12 12:53:41,6.22084167,-75.57548500,2.10,1482.941,23.959,10.208,8,20,41,,
T,2023-05-12 12:53:42,6.22091833,-75.57547333,2.10,1482.841,23.959,8.131,9,21,41,,
T,2023-05-12 12:53:43,6.22098000,-75.57546500,2.00,1482.441,23.959,6.588,9,23,41,,
T,2023-05-12 12:53:44,6.22103167,-75.57545667,1.90,1482.441,23.959,4.821,10,22,41,,
T,2023-05-12 12:53:45,6.22106500,-75.57545000,1.80,1482.341,23.959,3.332,15,21,41,,
T,2023-05-12 12:53:46,6.22108000,-75.57544000,1.80,1482.041,23.959,1.959,23,21,41,,
T,2023-05-12 12:53:47,6.22108167,-75.57543667,1.80,1481.742,23.958,0.000,,22,41,,
T,2023-05-12 12:53:48,6.22108833,-75.57542833,1.80,1481.742,23.958,0.000,,22,41,,
T,2023-05-12 12:53:49,6.22109167,-75.57542833,1.70,1481.942,23.958,0.000,,24,41,,
T,2023-05-12 12:53:50,6.22109167,-75.57542833,1.70,1481.942,23.958,0.000,,24,41,,
T,2023-05-12 12:53:51,6.22109167,-75.57542833,1.60,1481.942,23.958,0.000,,24,41,,
T,2023-05-12 12:53:52,6.22109167,-75.57542833,1.60,1481.942,23.958,0.000,,24,41,,
T,2023-05-12 12:53:53,6.22109167,-75.57542833,1.60,1481.942,23.958,0.000,,24,41,,
T,2023-05-12 12:53:54,6.22109167,-75.57542833,1.60,1481.942,23.958,0.000,,23,41,,
T,2023-05-12 12:53:55,6.22109167,-75.57542833,1.60,1481.942,23.958,0.000,,23,41,,
T,2023-05-12 12:53:56,6.22109167,-75.57542833,1.10,1481.942,23.958,0.000,,23,41,,
T,2023-05-12 12:53:57,6.22109167,-75.57542833,1.00,1481.942,23.958,0.000,,24,41,,
T,2023-05-12 12:53:58,6.22109167,-75.57542833,1.00,1481.942,23.958,0.000,,23,41,,
T,2023-05-12 12:53:59,6.22109167,-75.57542833,1.00,1481.942,23.958,0.000,,24,41,,
T,2023-05-12 12:54:00,6.22109167,-75.57542833,1.00,1481.942,23.958,0.000,,24,41,,
T,2023-05-12 12:54:01,6.22109167,-75.57542833,1.00,1481.942,23.958,0.000,,23,41,,
T,2023-05-12 12:54:02,6.22109167,-75.57542833,1.00,1481.942,23.958,0.000,,23,41,,
T,2023-05-12 12:54:03,6.22109167,-75.57542833,1.20,1481.942,23.958,0.000,,24,41,,
T,2023-05-12 12:54:04,6.22109167,-75.57542833,1.20,1481.942,23.958,0.000,,22,41,,
T,2023-05-12 12:54:05,6.22109167,-75.57542833,1.30,1481.942,23.958,0.000,,22,41,,
T,2023-05-12 12:54:06,6.22109167,-75.57542833,1.40,1481.942,23.958,0.000,,22,41,,
T,2023-05-12 12:54:07,6.22109167,-75.57542833,1.50,1481.942,23.958,0.000,,21,41,,
T,2023-05-12 12:54:08,6.22109167,-75.57542833,1.50,1481.942,23.958,0.000,,21,41,,
T,2023-05-12 12:54:09,6.22109167,-75.57542833,1.50,1481.942,23.958,0.000,,21,41,,
T,2023-05-12 12:54:10,6.22109167,-75.57542833,1.50,1481.942,23.958,0.000,,21,41,,
T,2023-05-12 12:54:11,6.22109167,-75.57542833,1.50,1481.942,23.958,0.000,,20,41,,
T,2023-05-12 12:54:12,6.22109167,-75.57542833,1.60,1481.942,23.958,0.000,,23,41,,
T,2023-05-12 12:54:13,6.22109167,-75.57542833,1.70,1481.942,23.958,0.000,,24,41,,
T,2023-05-12 12:54:14,6.22115000,-75.57547000,2.00,1481.141,23.959,3.047,358,25,41,,
T,2023-05-12 12:54:15,6.22121667,-75.57547000,2.10,1481.042,23.958,5.204,359,25,41,,
T,2023-05-12 12:54:16,6.22131167,-75.57545667,2.40,1480.642,23.958,7.332,3,25,41,,
T,2023-05-12 12:54:17,6.22141667,-75.57543667,2.30,1480.542,23.958,9.163,7,23,41,,
T,2023-05-12 12:54:18,6.22152167,-75.57541333,2.20,1480.142,23.958,10.447,9,23,41,,
T,2023-05-12 12:54:19,6.22163833,-75.57539333,2.20,1479.643,23.957,12.243,7,23,41,,
T,2023-05-12 12:54:20,6.22175500,-75.57538000,2.20,1478.743,23.957,13.175,3,21,41,,
T,2023-05-12 12:54:21,6.22188000,-75.57537000,2.20,1478.343,23.957,13.360,8,19,41,,
T,2023-05-12 12:54:22,6.22201167,-75.57535167,2.20,1478.044,23.956,14.316,8,19,41,,
T,2023-05-12 12:54:23,6.22214167,-75.57533333,2.20,1477.744,23.956,14.286,8,20,41,,
T,2023-05-12 12:54:24,6.22227667,-75.57531833,2.20,1477.544,23.956,14.273,8,20,41,,
T,2023-05-12 12:54:25,6.22241000,-75.57530000,2.30,1477.245,23.955,14.274,6,21,41,,
T,2023-05-12 12:54:26,6.22254667,-75.57528500,2.30,1477.145,23.955,14.969,7,21,41,,
T,2023-05-12 12:54:27,6.22268167,-75.57526667,2.30,1477.046,23.954,14.993,6,22,41,,
T,2023-05-12 12:54:28,6.22282167,-75.57525000,2.20,1477.046,23.954,15.124,6,21,41,,
T,2023-05-12 12:54:29,6.22296000,-75.57523500,2.10,1476.946,23.954,15.312,7,21,41,,
T,2023-05-12 12:54:30,6.22310500,-75.57523000,2.00,1478.447,23.953,15.128,5,21,41,,
T,2023-05-12 12:54:31,6.22324500,-75.57522333,1.90,1478.747,23.953,14.799,4,21,41,,
T,2023-05-12 12:54:32,6.22337833,-75.57521167,1.90,1478.947,23.953,14.393,5,19,41,,
T,2023-05-12 12:54:33,6.22351000,-75.57523000,2.20,1482.947,23.953,13.638,5,20,41,,
T,2023-05-12 12:54:34,6.22362500,-75.57521833,2.20,1482.948,23.952,13.622,4,19,41,,
T,2023-05-12 12:54:35,6.22374333,-75.57521333,2.00,1483.148,23.952,13.962,5,20,41,,
T,2023-05-12 12:54:36,6.22387167,-75.57519833,2.00,1483.448,23.952,13.956,6,20,41,,
T,2023-05-12 12:54:37,6.22400000,-75.57518000,1.90,1483.549,23.951,14.447,7,21,41,,
T,2023-05-12 12:54:38,6.22413167,-75.57515833,1.90,1483.349,23.951,15.017,7,21,41,,
T,2023-05-12 12:54:39,6.22426667,-75.57513333,1.90,1483.549,23.951,15.031,8,20,41,,
T,2023-05-12 12:54:40,6.22440000,-75.57511167,1.90,1483.350,23.950,14.694,7,20,41,,
T,2023-05-12 12:54:41,6.22452333,-75.57509667,1.90,1482.750,23.950,13.508,6,21,41,,
T,2023-05-12 12:54:42,6.22464000,-75.57508667,1.90,1482.650,23.950,12.479,4,21,41,,
T,2023-05-12 12:54:43,6.22474833,-75.57508000,2.00,1482.450,23.950,11.837,5,20,41,,
T,2023-05-12 12:54:44,6.22485833,-75.57507167,2.00,1482.251,23.949,11.845,6,19,41,,
T,2023-05-12 12:54:45,6.22496500,-75.57506167,2.10,1482.151,23.949,11.689,7,19,41,,
T,2023-05-12 12:54:46,6.22507333,-75.57505833,2.10,1482.351,23.949,11.986,6,19,41,,
T,2023-05-12 12:54:47,6.22518167,-75.57505167,2.10,1482.551,23.949,11.531,7,18,41,,
T,2023-05-12 12:54:48,6.22528167,-75.57505333,2.00,1482.852,23.948,10.395,7,17,41,,
T,2023-05-12 12:54:49,6.22537333,-75.57504333,2.00,1482.852,23.948,10.267,6,17,41,,
T,2023-05-12 12:54:50,6.22546167,-75.57502667,2.00,1482.852,23.948,11.145,5,19,41,,
T,2023-05-12 12:54:51,6.22555333,-75.57500333,2.00,1482.752,23.948,11.358,9,17,41,,
T,2023-05-12 12:54:52,6.22566667,-75.57499333,1.90,1483.053,23.947,11.582,7,17,41,,
T,2023-05-12 12:54:53,6.22577500,-75.57497500,1.80,1483.653,23.947,11.947,8,20,41,,
T,2023-05-12 12:54:54,6.22587833,-75.57495833,1.80,1483.753,23.947,12.167,9,22,41,,
T,2023-05-12 12:54:55,6.22598833,-75.57493833,1.90,1483.754,23.946,12.682,8,22,40,,
T,2023-05-12 12:54:56,6.22611167,-75.57492000,2.10,1484.354,23.946,13.253,7,23,40,,
T,2023-05-12 12:54:57,6.22623167,-75.57489667,2.10,1485.054,23.946,13.560,7,22,40,,
T,2023-05-12 12:54:58,6.22636000,-75.57488167,2.10,1484.955,23.945,13.541,8,22,40,,
T,2023-05-12 12:54:59,6.22648000,-75.57487333,2.10,1484.955,23.945,13.095,8,21,40,,
T,2023-05-12 12:55:00,6.22660167,-75.57487000,2.20,1483.755,23.945,11.428,9,22,40,,
T,2023-05-12 12:55:01,6.22670833,-75.57486500,2.00,1483.155,23.945,10.980,6,21,40,,
T,2023-05-12 12:55:02,6.22680500,-75.57485500,1.90,1482.856,23.944,10.486,5,18,40,,
T,2023-05-12 12:55:03,6.22690333,-75.57484667,1.80,1482.056,23.944,11.203,3,18,40,,
T,2023-05-12 12:55:04,6.22700833,-75.57484000,1.80,1481.556,23.944,11.814,5,18,40,,
T,2023-05-12 12:55:05,6.22712167,-75.57483167,1.80,1480.956,23.944,12.792,3,18,40,,
T,2023-05-12 12:55:06,6.22724333,-75.57482500,1.80,1480.657,23.943,13.676,4,19,40,,
T,2023-05-12 12:55:07,6.22736667,-75.57481833,1.80,1480.357,23.943,13.437,4,19,40,,
T,2023-05-12 12:55:08,6.22749333,-75.57483167,2.20,1486.057,23.943,14.589,5,19,40,,
T,2023-05-12 12:55:09,6.22762667,-75.57482667,2.10,1485.157,23.943,15.338,5,20,40,,
T,2023-05-12 12:55:10,6.22776333,-75.57482667,2.10,1484.358,23.942,15.580,1,19,40,,
T,2023-05-12 12:55:11,6.22790000,-75.57482333,2.10,1483.758,23.942,14.485,3,17,40,,
T,2023-05-12 12:55:12,6.22802167,-75.57481333,2.10,1483.258,23.942,13.110,5,18,40,,
T,2023-05-12 12:55:13,6.22813167,-75.57481333,2.20,1482.858,23.942,10.972,4,18,40,,
T,2023-05-12 12:55:14,6.22821667,-75.57479000,2.10,1482.359,23.941,8.488,8,19,40,,
T,2023-05-12 12:55:15,6.22828000,-75.57476833,2.10,1482.159,23.941,7.069,10,19,40,,
T,2023-05-12 12:55:16,6.22832167,-75.57475667,2.10,1481.659,23.941,5.528,6,19,40,,
T,2023-05-12 12:55:17,6.22834500,-75.57475500,2.20,1480.859,23.941,3.676,359,19,40,,
T,2023-05-12 12:55:18,6.22835500,-75.57475333,2.20,1480.959,23.941,1.945,357,20,40,,
T,2023-05-12 12:55:19,6.22835333,-75.57475000,2.40,1480.759,23.941,0.000,,20,40,,
T,2023-05-12 12:55:20,6.22833667,-75.57474833,2.50,1480.359,23.941,0.000,,19,40,,
T,2023-05-12 12:55:21,6.22833000,-75.57474500,2.40,1480.459,23.941,0.000,,19,40,,
T,2023-05-12 12:55:22,6.22833000,-75.57474500,2.30,1480.459,23.941,0.000,,20,40,,
T,2023-05-12 12:55:23,6.22833000,-75.57474500,2.30,1480.459,23.941,0.000,,21,40,,
T,2023-05-12 12:55:24,6.22833000,-75.57474500,2.30,1480.459,23.941,0.000,,20,40,,
T,2023-05-12 12:55:25,6.22833000,-75.57474500,2.30,1480.459,23.941,0.000,,21,40,,
T,2023-05-12 12:55:26,6.22833000,-75.57474500,2.40,1480.459,23.941,0.000,,20,40,,
T,2023-05-12 12:55:27,6.22833000,-75.57474500,2.30,1480.459,23.941,0.000,,20,40,,
T,2023-05-12 12:55:28,6.22833000,-75.57474500,2.30,1480.459,23.941,0.000,,19,40,,
T,2023-05-12 12:55:29,6.22833000,-75.57474500,2.30,1480.459,23.941,0.000,,20,40,,
T,2023-05-12 12:55:30,6.22833000,-75.57474500,2.30,1480.459,23.941,0.000,,20,40,,
T,2023-05-12 12:55:31,6.22833000,-75.57474500,2.30,1480.459,23.941,0.000,,21,40,,
T,2023-05-12 12:55:32,6.22833000,-75.57474500,2.20,1480.459,23.941,0.000,,21,40,,
T,2023-05-12 12:55:33,6.22833000,-75.57474500,1.20,1480.459,23.941,0.000,,21,40,,
T,2023-05-12 12:55:34,6.22833000,-75.57474500,1.00,1480.459,23.941,0.000,,23,40,,
T,2023-05-12 12:55:35,6.22833000,-75.57474500,1.00,1480.459,23.941,0.000,,24,40,,
T,2023-05-12 12:55:36,6.22833000,-75.57474500,1.00,1480.459,23.941,0.000,,23,40,,
T,2023-05-12 12:55:37,6.22833000,-75.57474500,1.00,1480.459,23.941,0.000,,23,40,,
T,2023-05-12 12:55:38,6.22833000,-75.57474500,1.00,1480.459,23.941,0.000,,24,40,,
T,2023-05-12 12:55:39,6.22833000,-75.57474500,1.20,1480.459,23.941,0.000,,24,40,,
T,2023-05-12 12:55:40,6.22835500,-75.57477167,1.50,1480.159,23.941,0.000,,24,40,,
T,2023-05-12 12:55:41,6.22837333,-75.57477667,1.90,1480.459,23.941,1.791,350,24,40,,
T,2023-05-12 12:55:42,6.22842333,-75.57477667,2.20,1480.859,23.941,3.797,1,24,40,,
T,2023-05-12 12:55:43,6.22849500,-75.57476667,2.20,1481.159,23.941,5.915,3,22,40,,
T,2023-05-12 12:55:44,6.22857000,-75.57476500,2.30,1481.560,23.940,6.853,2,22,40,,
T,2023-05-12 12:55:45,6.22865833,-75.57476167,2.40,1481.860,23.940,8.755,4,21,40,,
T,2023-05-12 12:55:46,6.22875833,-75.57476167,2.40,1482.160,23.940,10.017,0,21,40,,
T,2023-05-12 12:55:47,6.22887333,-75.57476333,2.30,1482.460,23.940,11.333,2,19,40,,
T,2023-05-12 12:55:48,6.22899167,-75.57476667,2.30,1482.060,23.940,12.736,3,19,40,,
T,2023-05-12 12:55:49,6.22912000,-75.57476667,2.30,1481.561,23.939,13.355,3,19,40,,
T,2023-05-12 12:55:50,6.22925000,-75.57476000,2.30,1480.961,23.939,14.406,5,20,40,,
T,2023-05-12 12:55:51,6.22938333,-75.57475167,2.30,1480.761,23.939,14.981,4,20,40,,
T,2023-05-12 12:55:52,6.22952167,-75.57474667,2.30,1480.462,23.938,15.221,3,17,40,,
T,2023-05-12 12:55:53,6.22966167,-75.57474000,2.30,1480.462,23.938,15.085,4,17,40,,
T,2023-05-12 12:55:54,6.22979333,-75.57473333,2.40,1480.762,23.938,14.057,4,16,40,,
T,2023-05-12 12:55:55,6.22990333,-75.57472667,2.40,1480.862,23.938,13.057,3,16,40,,
T,2023-05-12 12:55:56,6.23000167,-75.57472000,2.40,1480.963,23.937,12.029,1,16,40,,
T,2023-05-12 12:55:57,6.23006000,-75.57471333,2.50,1481.063,23.937,9.344,1,17,40,,
T,2023-05-12 12:55:58,6.23009833,-75.57470500,2.60,1480.963,23.937,6.772,1,18,40,,
T,2023-05-12 12:55:59,6.23012167,-75.57469000,2.60,1481.263,23.937,4.718,3,20,40,,
T,2023-05-12 12:56:00,6.23012667,-75.57468000,2.60,1481.263,23.937,2.851,7,22,40,,
T,2023-05-12 12:56:01,6.23013667,-75.57468500,2.40,1481.363,23.937,2.669,10,23,40,,
T,2023-05-12 12:56:02,6.23015500,-75.57468333,2.30,1481.063,23.937,3.797,358,23,40,,
T,2023-05-12 12:56:03,6.23019500,-75.57468167,2.20,1480.963,23.937,5.381,1,23,40,,
T,2023-05-12 12:56:04,6.23025333,-75.57468000,2.10,1480.663,23.937,6.625,6,22,40,,
T,2023-05-12 12:56:05,6.23031167,-75.57467167,2.10,1480.463,23.937,6.930,8,23,40,,
T,2023-05-12 12:56:06,6.23036167,-75.57465167,2.00,1480.064,23.936,5.473,7,25,40,,
T,2023-05-12 12:56:07,6.23040500,-75.57462333,2.20,1479.264,23.936,5.221,6,22,40,,
T,2023-05-12 12:56:08,6.23044000,-75.57459000,2.20,1478.564,23.936,5.638,7,22,40,,
T,2023-05-12 12:56:09,6.23049500,-75.57455667,2.10,1478.364,23.936,6.820,10,23,40,,
T,2023-05-12 12:56:10,6.23055667,-75.57452333,2.00,1479.265,23.935,7.032,14,22,40,,
T,2023-05-12 12:56:11,6.23062500,-75.57450167,2.10,1480.165,23.935,8.148,8,24,40,,
T,2023-05-12 12:56:12,6.23068500,-75.57449333,2.00,1480.765,23.935,7.317,4,25,40,,
T,2023-05-12 12:56:13,6.23074500,-75.57448833,2.00,1481.765,23.935,6.445,6,25,40,,
T,2023-05-12 12:56:14,6.23080000,-75.57448333,2.00,1481.765,23.935,6.068,5,25,40,,
T,2023-05-12 12:56:15,6.23084833,-75.57447167,2.10,1480.866,23.934,6.440,8,25,40,,
T,2023-05-12 12:56:16,6.23090333,-75.57446167,2.20,1480.166,23.934,6.296,5,25,40,,
T,2023-05-12 12:56:17,6.23095000,-75.57445500,2.30,1479.766,23.934,6.075,6,25,40,,
T,2023-05-12 12:56:18,6.23100667,-75.57445333,2.30,1480.066,23.934,5.988,359,24,40,,
T,2023-05-12 12:56:19,6.23105333,-75.57445333,2.10,1479.966,23.934,4.690,359,23,40,,
T,2023-05-12 12:56:20,6.23110667,-75.57445167,2.00,1480.066,23.934,4.103,4,26,40,,
T,2023-05-12 12:56:21,6.23115167,-75.57445333,1.90,1479.866,23.934,3.688,4,25,40,,
T,2023-05-12 12:56:22,6.23119333,-75.57445000,1.80,1479.666,23.934,3.274,4,24,40,,
T,2023-05-12 12:56:23,6.23122000,-75.57444833,1.90,1479.066,23.934,2.963,9,24,40,,
T,2023-05-12 12:56:24,6.23124333,-75.57444167,1.90,1477.966,23.934,3.826,8,24,40,,
T,2023-05-12 12:56:25,6.23127500,-75.57442667,2.00,1476.767,23.933,4.242,18,24,40,,
T,2023-05-12 12:56:26,6.23130500,-75.57440667,1.80,1476.767,23.933,3.480,14,25,40,,
T,2023-05-12 12:56:27,6.23133833,-75.57440500,1.90,1476.767,23.933,4.361,359,27,40,,
T,2023-05-12 12:56:28,6.23138500,-75.57440500,1.90,1476.567,23.933,4.536,356,27,40,,
T,2023-05-12 12:56:29,6.23142833,-75.57441000,1.90,1476.967,23.933,3.667,349,27,40,,
T,2023-05-12 12:56:30,6.23146333,-75.57441167,1.80,1476.867,23.933,2.662,347,27,40,,
T,2023-05-12 12:56:31,6.23149167,-75.57441333,1.70,1477.067,23.933,2.679,351,27,40,,
T,2023-05-12 12:56:32,6.23151833,-75.57441333,1.70,1477.467,23.933,2.070,350,27,40,,
T,2023-05-12 12:56:33,6.23153667,-75.57441167,1.80,1477.267,23.933,1.210,350,27,40,,
T,2023-05-12 12:56:34,6.23155500,-75.57441000,1.70,1476.967,23.933,1.643,16,27,40,,
T,2023-05-12 12:56:35,6.23157167,-75.57441333,1.70,1477.067,23.933,1.200,16,27,40,,
T,2023-05-12 12:56:36,6.23158833,-75.57441667,1.70,1477.067,23.933,0.000,,27,40,,
T,2023-05-12 12:56:37,6.23159667,-75.57441667,1.80,1477.067,23.933,0.000,,27,40,,
T,2023-05-12 12:56:38,6.23160167,-75.57441500,1.80,1476.867,23.933,0.000,,27,40,,
T,2023-05-12 12:56:39,6.23160167,-75.57441500,1.90,1476.867,23.933,0.000,,27,40,,
T,2023-05-12 12:56:40,6.23163167,-75.57440333,1.70,1476.067,23.933,1.860,6,27,40,,
T,2023-05-12 12:56:41,6.23165167,-75.57439500,1.70,1476.567,23.933,1.586,23,27,40,,
T,2023-05-12 12:56:42,6.23166500,-75.57439167,1.70,1477.068,23.932,0.000,,27,40,,
T,2023-05-12 12:56:43,6.23166667,-75.57439333,1.80,1477.268,23.932,0.000,,26,40,,
T,2023-05-12 12:56:44,6.23166833,-75.57439500,1.80,1477.168,23.932,0.000,,27,40,,
T,2023-05-12 12:56:45,6.23166833,-75.57439500,1.80,1477.168,23.932,0.000,,27,40,,
T,2023-05-12 12:56:46,6.23166833,-75.57439500,1.80,1477.168,23.932,0.000,,26,40,,
T,2023-05-12 12:56:47,6.23166833,-75.57439500,1.80,1477.168,23.932,0.000,,26,40,,
T,2023-05-12 12:56:48,6.23166833,-75.57439500,1.80,1477.168,23.932,0.000,,25,40,,
T,2023-05-12 12:56:49,6.23166833,-75.57439500,1.80,1477.168,23.932,0.000,,24,40,,
T,2023-05-12 12:56:50,6.23166833,-75.57439500,1.70,1477.168,23.932,0.000,,24,40,,
T,2023-05-12 12:56:51,6.23166833,-75.57439500,1.70,1477.168,23.932,0.000,,25,40,,
T,2023-05-12 12:56:52,6.23166833,-75.57439500,1.60,1477.168,23.932,0.000,,25,40,,
T,2023-05-12 12:56:53,6.23166833,-75.57439500,1.60,1477.168,23.932,0.000,,25,40,,
T,2023-05-12 12:56:54,6.23166833,-75.57439500,1.60,1477.168,23.932,0.000,,25,40,,
T,2023-05-12 12:56:55,6.23166833,-75.57439500,1.50,1477.168,23.932,0.000,,24,40,,
T,2023-05-12 12:56:56,6.23166833,-75.57439500,1.50,1477.168,23.932,0.000,,24,40,,
T,2023-05-12 12:56:57,6.23166833,-75.57439500,1.50,1477.168,23.932,0.000,,23,40,,
T,2023-05-12 12:56:58,6.23166833,-75.57439500,1.40,1477.168,23.932,0.000,,25,40,,
T,2023-05-12 12:56:59,6.23166833,-75.57439500,1.40,1477.168,23.932,0.000,,25,40,,
T,2023-05-12 12:57:00,6.23166833,-75.57439500,1.50,1477.168,23.932,0.000,,25,40,,
T,2023-05-12 12:57:01,6.23171500,-75.57438833,1.60,1477.068,23.932,2.348,12,26,40,,
T,2023-05-12 12:57:02,6.23176500,-75.57439000,1.70,1477.268,23.932,4.496,2,26,40,,
T,2023-05-12 12:57:03,6.23184833,-75.57439000,1.90,1477.468,23.932,6.698,4,26,40,,
T,2023-05-12 12:57:04,6.23193500,-75.57438000,1.90,1477.468,23.932,8.551,7,27,40,,
T,2023-05-12 12:57:05,6.23202333,-75.57436500,1.80,1477.368,23.932,9.695,9,26,40,,
T,2023-05-12 12:57:06,6.23211833,-75.57434333,1.70,1477.469,23.931,10.814,15,26,40,,
T,2023-05-12 12:57:07,6.23222667,-75.57431333,2.00,1477.669,23.931,11.639,21,24,40,,
T,2023-05-12 12:57:08,6.23233167,-75.57426000,2.10,1478.170,23.930,12.643,28,23,40,,
T,2023-05-12 12:57:09,6.23243833,-75.57420333,1.90,1477.570,23.930,13.619,26,23,40,,
T,2023-05-12 12:57:10,6.23255167,-75.57414500,2.10,1477.571,23.929,13.889,26,23,40,,
T,2023-05-12 12:57:11,6.23266333,-75.57408833,2.10,1477.471,23.929,13.180,28,24,40,,
T,2023-05-12 12:57:12,6.23277000,-75.57403333,2.00,1479.972,23.928,12.251,30,23,40,,
T,2023-05-12 12:57:13,6.23286500,-75.57397167,2.10,1479.672,23.928,12.610,35,24,40,,
T,2023-05-12 12:57:14,6.23295167,-75.57390000,2.10,1478.673,23.927,12.928,41,23,40,,
T,2023-05-12 12:57:15,6.23303167,-75.57380833,2.20,1477.973,23.927,14.058,49,21,40,,
T,2023-05-12 12:57:16,6.23310333,-75.57371000,2.20,1475.474,23.926,14.333,53,23,40,,
T,2023-05-12 12:57:17,6.23317333,-75.57362000,2.10,1473.574,23.926,11.395,55,23,40,,
T,2023-05-12 12:57:18,6.23323000,-75.57355667,1.80,1472.475,23.925,7.335,51,24,40,,
T,2023-05-12 12:57:19,6.23326167,-75.57351167,1.90,1472.975,23.925,4.995,48,23,40,,
T,2023-05-12 12:57:20,6.23327500,-75.57348333,1.80,1472.175,23.925,4.361,47,23,40,,
T,2023-05-12 12:57:21,6.23330500,-75.57345500,1.80,1472.276,23.924,5.869,46,22,40,,
T,2023-05-12 12:57:22,6.23335333,-75.57340833,2.00,1472.576,23.924,7.034,46,22,40,,
T,2023-05-12 12:57:23,6.23340667,-75.57335333,2.10,1473.176,23.924,8.319,52,24,40,,
T,2023-05-12 12:57:24,6.23346833,-75.57329500,1.90,1473.277,23.923,9.331,50,22,40,,
T,2023-05-12 12:57:25,6.23353167,-75.57322500,1.90,1473.277,23.923,10.735,51,23,40,,
T,2023-05-12 12:57:26,6.23359500,-75.57315833,1.80,1472.678,23.922,11.359,50,24,40,,
T,2023-05-12 12:57:27,6.23367167,-75.57306667,2.10,1472.278,23.922,12.571,50,20,40,,
T,2023-05-12 12:57:28,6.23375000,-75.57296333,2.20,1472.779,23.921,13.344,51,21,40,,
T,2023-05-12 12:57:29,6.23382833,-75.57286667,2.30,1473.280,23.920,12.878,51,22,40,,
T,2023-05-12 12:57:30,6.23389667,-75.57277500,2.20,1473.780,23.920,12.039,50,22,40,,
T,2023-05-12 12:57:31,6.23396333,-75.57269167,2.40,1473.581,23.919,12.174,52,22,40,,
T,2023-05-12 12:57:32,6.23402500,-75.57260667,2.20,1472.781,23.919,12.671,52,21,40,,
T,2023-05-12 12:57:33,6.23409167,-75.57251667,1.90,1472.382,23.918,12.865,53,20,40,,
T,2023-05-12 12:57:34,6.23416500,-75.57242167,1.80,1471.683,23.917,12.628,51,21,40,,
T,2023-05-12 12:57:35,6.23424167,-75.57232500,1.80,1471.883,23.917,13.033,50,20,40,,
T,2023-05-12 12:57:36,6.23433000,-75.57223500,2.10,1472.184,23.916,13.018,44,20,40,,
T,2023-05-12 12:57:37,6.23440833,-75.57215167,2.10,1472.885,23.915,12.981,42,19,40,,
T,2023-05-12 12:57:38,6.23449833,-75.57207167,2.20,1474.085,23.915,12.372,40,19,40,,
T,2023-05-12 12:57:39,6.23458667,-75.57200333,2.00,1474.386,23.914,11.574,38,19,40,,
T,2023-05-12 12:57:40,6.23467000,-75.57194000,1.90,1474.286,23.914,10.977,36,19,40,,
T,2023-05-12 12:57:41,6.23474833,-75.57188500,1.90,1474.287,23.913,9.839,34,18,40,,
T,2023-05-12 12:57:42,6.23481500,-75.57185167,1.90,1474.187,23.913,8.077,20,19,40,,
T,2023-05-12 12:57:43,6.23487000,-75.57184000,1.90,1473.687,23.913,6.668,18,20,40,,
T,2023-05-12 12:57:44,6.23488500,-75.57183167,2.00,1470.987,23.913,4.757,12,22,40,,
T,2023-05-12 12:57:45,6.23492667,-75.57185500,2.20,1471.687,23.913,4.255,351,24,40,,
T,2023-05-12 12:57:46,6.23495500,-75.57191833,2.30,1471.787,23.913,4.700,320,24,40,,
T,2023-05-12 12:57:47,6.23498333,-75.57200833,2.50,1471.286,23.914,6.582,302,25,40,,
T,2023-05-12 12:57:48,6.23501333,-75.57210833,2.50,1470.486,23.914,8.587,296,24,40,,
T,2023-05-12 12:57:49,6.23504667,-75.57222667,2.40,1469.785,23.915,10.435,292,24,40,,
T,2023-05-12 12:57:50,6.23507833,-75.57234667,2.30,1469.185,23.915,10.940,292,24,40,,
T,2023-05-12 12:57:51,6.23511167,-75.57244000,2.20,1469.084,23.916,9.773,295,24,40,,
T,2023-05-12 12:57:52,6.23515000,-75.57251667,2.20,1468.884,23.916,9.021,301,22,40,,
T,2023-05-12 12:57:53,6.23518167,-75.57258167,2.20,1468.984,23.916,8.089,303,23,40,,
T,2023-05-12 12:57:54,6.23520500,-75.57262500,2.30,1469.284,23.916,6.242,303,24,40,,
T,2023-05-12 12:57:55,6.23521000,-75.57264167,2.40,1469.584,23.916,3.567,304,23,40,,
T,2023-05-12 12:57:56,6.23520167,-75.57264167,2.40,1469.784,23.916,1.504,307,22,40,,
T,2023-05-12 12:57:57,6.23519667,-75.57263833,2.20,1469.384,23.916,0.000,,24,40,,
T,2023-05-12 12:57:58,6.23519667,-75.57264167,2.20,1469.183,23.917,0.000,,22,40,,
T,2023-05-12 12:57:59,6.23519500,-75.57264667,2.10,1469.283,23.917,0.000,,22,40,,
T,2023-05-12 12:58:00,6.23519500,-75.57264667,2.10,1469.283,23.917,0.000,,21,40,,
T,2023-05-12 12:58:01,6.23519500,-75.57264667,2.10,1469.283,23.917,0.000,,22,40,,
T,2023-05-12 12:58:02,6.23519500,-75.57264667,2.10,1469.283,23.917,0.000,,23,40,,
T,2023-05-12 12:58:03,6.23519500,-75.57264667,2.10,1469.283,23.917,0.000,,23,40,,
T,2023-05-12 12:58:04,6.23519500,-75.57264667,2.10,1469.283,23.917,0.000,,21,40,,
T,2023-05-12 12:58:05,6.23519500,-75.57264667,2.10,1469.283,23.917,0.000,,22,40,,
T,2023-05-12 12:58:06,6.23519500,-75.57264667,2.10,1469.283,23.917,0.000,,22,40,,
T,2023-05-12 12:58:07,6.23519500,-75.57264667,2.10,1469.283,23.917,0.000,,22,40,,
T,2023-05-12 12:58:08,6.23519500,-75.57264667,2.10,1469.283,23.917,0.000,,22,41,,
T,2023-05-12 12:58:09,6.23519500,-75.57264667,2.00,1469.283,23.917,0.000,,22,41,,
T,2023-05-12 12:58:10,6.23519500,-75.57264667,2.10,1469.283,23.917,0.000,,23,41,,
T,2023-05-12 12:58:11,6.23519500,-75.57264667,2.10,1469.283,23.917,0.000,,23,41,,
T,2023-05-12 12:58:12,6.23519500,-75.57264667,2.10,1469.283,23.917,0.000,,23,41,,
T,2023-05-12 12:58:13,6.23519500,-75.57264667,2.10,1469.283,23.917,0.000,,23,41,,
T,2023-05-12 12:58:14,6.23519500,-75.57264667,1.10,1469.283,23.917,0.000,,23,41,,
T,2023-05-12 12:58:15,6.23519500,-75.57264667,1.00,1469.283,23.917,0.000,,23,41,,
T,2023-05-12 12:58:16,6.23519500,-75.57264667,1.00,1469.283,23.917,0.000,,23,41,,
T,2023-05-12 12:58:17,6.23519500,-75.57264667,1.00,1469.283,23.917,0.000,,23,41,,
T,2023-05-12 12:58:18,6.23519500,-75.57264667,1.30,1469.283,23.917,0.000,,22,41,,
T,2023-05-12 12:58:19,6.23519500,-75.57264667,1.40,1469.283,23.917,0.000,,22,41,,
T,2023-05-12 12:58:20,6.23519500,-75.57264667,1.50,1469.283,23.917,0.000,,23,40,,
T,2023-05-12 12:58:21,6.23519500,-75.57264667,1.60,1469.283,23.917,0.000,,22,40,,
T,2023-05-12 12:58:22,6.23519500,-75.57264667,1.70,1469.283,23.917,0.000,,22,40,,
T,2023-05-12 12:58:23,6.23519500,-75.57264667,1.80,1469.283,23.917,0.000,,22,40,,
T,2023-05-12 12:58:24,6.23519500,-75.57264667,1.80,1469.283,23.917,0.000,,22,40,,
T,2023-05-12 12:58:25,6.23519500,-75.57264667,1.80,1469.283,23.917,0.000,,22,40,,
T,2023-05-12 12:58:26,6.23519500,-75.57264667,1.80,1469.283,23.917,0.000,,22,40,,
T,2023-05-12 12:58:27,6.23519500,-75.57264667,1.80,1469.283,23.917,0.000,,22,40,,
T,2023-05-12 12:58:28,6.23519500,-75.57264667,1.80,1469.283,23.917,0.000,,20,40,,
T,2023-05-12 12:58:29,6.23519500,-75.57264667,1.80,1469.283,23.917,0.000,,20,40,,
T,2023-05-12 12:58:30,6.23519500,-75.57264667,1.80,1469.283,23.917,0.000,,20,40,,
T,2023-05-12 12:58:31,6.23519500,-75.57264667,1.80,1469.283,23.917,0.000,,19,40,,
T,2023-05-12 12:58:32,6.23519500,-75.57264667,1.80,1469.283,23.917,0.000,,20,40,,
T,2023-05-12 12:58:33,6.23519500,-75.57264667,1.80,1469.283,23.917,0.000,,20,40,,
T,2023-05-12 12:58:34,6.23519500,-75.57264667,1.80,1469.283,23.917,0.000,,20,40,,
T,2023-05-12 12:58:35,6.23519500,-75.57264667,1.80,1469.283,23.917,0.000,,20,40,,
T,2023-05-12 12:58:36,6.23519500,-75.57264667,1.10,1469.283,23.917,0.000,,21,40,,
T,2023-05-12 12:58:37,6.23519500,-75.57264667,1.00,1469.283,23.917,0.000,,21,40,,
T,2023-05-12 12:58:38,6.23519500,-75.57264667,1.00,1469.283,23.917,0.000,,21,40,,
T,2023-05-12 12:58:39,6.23519500,-75.57264667,1.00,1469.283,23.917,0.000,,21,40,,
T,2023-05-12 12:58:40,6.23519500,-75.57264667,1.20,1469.283,23.917,0.000,,20,40,,
T,2023-05-12 12:58:41,6.23519500,-75.57264667,1.30,1469.283,23.917,0.000,,21,40,,
T,2023-05-12 12:58:42,6.23519500,-75.57264667,1.40,1469.283,23.917,0.000,,23,40,,
T,2023-05-12 12:58:43,6.23519500,-75.57264667,1.50,1469.283,23.917,0.000,,23,40,,
T,2023-05-12 12:58:44,6.23515333,-75.57270167,1.60,1474.183,23.917,2.439,275,25,40,,
T,2023-05-12 12:58:45,6.23515167,-75.57273167,1.70,1474.283,23.917,2.795,270,25,40,,
T,2023-05-12 12:58:46,6.23515000,-75.57276667,1.80,1474.283,23.917,3.722,273,26,40,,
T,2023-05-12 12:58:47,6.23514500,-75.57280333,1.80,1474.183,23.917,3.913,263,25,40,,
T,2023-05-12 12:58:48,6.23511833,-75.57283167,1.90,1474.082,23.918,4.343,243,26,40,,
T,2023-05-12 12:58:49,6.23506833,-75.57285167,2.00,1473.982,23.918,5.178,216,24,40,,
T,2023-05-12 12:58:50,6.23500667,-75.57286833,2.00,1473.882,23.918,6.248,207,23,40,,
T,2023-05-12 12:58:51,6.23493667,-75.57288500,2.00,1473.482,23.918,6.886,202,24,40,,
T,2023-05-12 12:58:52,6.23487667,-75.57289667,2.00,1472.882,23.918,5.392,198,24,40,,
T,2023-05-12 12:58:53,6.23483000,-75.57290333,2.00,1472.681,23.919,4.101,195,25,40,,
T,2023-05-12 12:58:54,6.23479833,-75.57290833,2.00,1472.581,23.919,3.376,203,24,40,,
T,2023-05-12 12:58:55,6.23477000,-75.57291667,2.00,1472.581,23.919,3.811,203,23,40,,
T,2023-05-12 12:58:56,6.23473333,-75.57292667,2.00,1472.581,23.919,4.400,200,24,40,,
T,2023-05-12 12:58:57,6.23469167,-75.57293000,2.00,1472.681,23.919,4.484,197,24,40,,
T,2023-05-12 12:58:58,6.23465333,-75.57294167,2.00,1472.781,23.919,3.972,203,23,40,,
T,2023-05-12 12:58:59,6.23462000,-75.57295333,2.00,1472.881,23.919,3.351,201,24,40,,
T,2023-05-12 12:59:00,6.23459333,-75.57296667,2.00,1472.781,23.919,3.020,199,23,40,,
T,2023-05-12 12:59:01,6.23457167,-75.57297500,2.00,1473.181,23.919,2.663,190,24,40,,
T,2023-05-12 12:59:02,6.23454667,-75.57298500,2.00,1473.380,23.920,2.477,203,24,40,,
T,2023-05-12 12:59:03,6.23453000,-75.57299000,1.90,1473.280,23.920,2.358,193,24,40,,
T,2023-05-12 12:59:04,6.23451000,-75.57299833,2.00,1473.480,23.920,1.698,190,25,40,,
T,2023-05-12 12:59:05,6.23449500,-75.57300167,1.90,1472.980,23.920,1.538,194,24,40,,
T,2023-05-12 12:59:06,6.23448333,-75.57300333,2.00,1472.580,23.920,1.642,190,24,40,,
T,2023-05-12 12:59:07,6.23447000,-75.57299667,2.00,1472.080,23.920,1.297,190,25,40,,
T,2023-05-12 12:59:08,6.23445833,-75.57299667,2.00,1471.580,23.920,1.684,190,25,40,,
T,2023-05-12 12:59:09,6.23444167,-75.57300667,2.00,1471.680,23.920,2.094,213,25,40,,
T,2023-05-12 12:59:10,6.23442667,-75.57302167,2.00,1471.980,23.920,1.594,212,25,40,,
T,2023-05-12 12:59:11,6.23441500,-75.57303167,2.00,1472.380,23.920,0.000,,24,40,,
T,2023-05-12 12:59:12,6.23441667,-75.57303833,2.10,1472.480,23.920,0.000,,23,40,,
T,2023-05-12 12:59:13,6.23441833,-75.57304000,2.30,1472.280,23.920,0.000,,22,40,,
T,2023-05-12 12:59:14,6.23441833,-75.57304000,2.40,1472.280,23.920,0.000,,21,40,,
T,2023-05-12 12:59:15,6.23441333,-75.57302500,2.50,1472.280,23.920,0.161,212,21,40,,
T,2023-05-12 12:59:16,6.23441167,-75.57302000,2.50,1472.180,23.920,0.000,,19,40,,
T,2023-05-12 12:59:17,6.23441000,-75.57302167,2.60,1472.280,23.920,0.000,,16,40,,
T,2023-05-12 12:59:18,6.23441500,-75.57302333,2.60,1472.180,23.920,0.000,,14,40,,
T,2023-05-12 12:59:19,6.23441500,-75.57302333,2.60,1472.180,23.920,0.000,,16,40,,
T,2023-05-12 12:59:20,6.23441500,-75.57302333,2.50,1472.180,23.920,0.000,,18,40,,
T,2023-05-12 12:59:21,6.23441500,-75.57302333,2.40,1472.180,23.920,0.000,,18,40,,
T,2023-05-12 12:59:22,6.23441500,-75.57302333,2.40,1472.180,23.920,0.000,,19,40,,
T,2023-05-12 12:59:23,6.23441500,-75.57302333,2.50,1472.180,23.920,0.000,,19,40,,
T,2023-05-12 12:59:24,6.23441500,-75.57302333,2.40,1472.180,23.920,0.000,,19,40,,
T,2023-05-12 12:59:25,6.23441500,-75.57302333,2.40,1472.180,23.920,0.000,,18,40,,
T,2023-05-12 12:59:26,6.23441500,-75.57302333,2.40,1472.180,23.920,0.000,,18,40,,
T,2023-05-12 12:59:27,6.23441500,-75.57302333,2.50,1472.180,23.920,0.000,,18,40,,
T,2023-05-12 12:59:28,6.23441500,-75.57302333,2.70,1472.180,23.920,0.000,,18,40,,
T,2023-05-12 12:59:29,6.23441500,-75.57302333,2.80,1472.180,23.920,0.000,,19,40,,
T,2023-05-12 12:59:30,6.23451333,-75.57306000,2.90,1473.780,23.920,1.894,321,18,40,,
T,2023-05-12 12:59:31,6.23453167,-75.57306333,3.00,1473.680,23.920,1.192,321,16,40,,
T,2023-05-12 12:59:32,6.23454667,-75.57306833,2.90,1473.280,23.920,0.000,,16,40,,
T,2023-05-12 12:59:33,6.23456000,-75.57307333,2.90,1472.980,23.920,0.000,,16,40,,
T,2023-05-12 12:59:34,6.23457333,-75.57308667,2.90,1472.680,23.920,0.000,,17,40,,
T,2023-05-12 12:59:35,6.23457333,-75.57308667,2.80,1472.680,23.920,0.000,,17,40,,
T,2023-05-12 12:59:36,6.23457333,-75.57308667,2.80,1472.680,23.920,0.000,,17,40,,
T,2023-05-12 12:59:37,6.23457333,-75.57308667,2.90,1472.680,23.920,0.000,,17,40,,
T,2023-05-12 12:59:38,6.23457333,-75.57308667,2.90,1472.680,23.920,0.000,,16,40,,
T,2023-05-12 12:59:39,6.23457333,-75.57308667,3.00,1472.680,23.920,0.000,,18,40,,
T,2023-05-12 12:59:40,6.23457333,-75.57308667,3.00,1472.680,23.920,0.000,,18,40,,
T,2023-05-12 12:59:41,6.23457333,-75.57308667,3.10,1472.680,23.920,0.000,,17,40,,
T,2023-05-12 12:59:42,6.23465000,-75.57312000,3.00,1471.780,23.920,1.175,321,16,40,,
T,2023-05-12 12:59:43,6.23466667,-75.57310833,2.90,1471.880,23.920,0.000,,16,40,,
T,2023-05-12 12:59:44,6.23467333,-75.57309667,2.80,1471.580,23.920,0.000,,18,40,,
T,2023-05-12 12:59:45,6.23467833,-75.57309000,2.80,1471.380,23.920,0.000,,19,40,,
T,2023-05-12 12:59:46,6.23467833,-75.57309000,2.70,1471.380,23.920,0.000,,19,40,,
T,2023-05-12 12:59:47,6.23468333,-75.57303833,2.60,1470.880,23.920,1.244,110,19,40,,
T,2023-05-12 12:59:48,6.23469000,-75.57302500,2.50,1470.881,23.919,0.000,,19,40,,
T,2023-05-12 12:59:49,6.23469667,-75.57300833,2.30,1470.981,23.919,0.000,,18,40,,
T,2023-05-12 12:59:50,6.23470833,-75.57299333,3.00,1471.581,23.919,0.000,,18,40,,
T,2023-05-12 12:59:51,6.23470833,-75.57299333,2.90,1471.581,23.919,0.000,,19,40,,
T,2023-05-12 12:59:52,6.23470833,-75.57299333,2.90,1471.581,23.919,0.000,,20,40,,
T,2023-05-12 12:59:53,6.23470833,-75.57299333,2.90,1471.581,23.919,0.000,,18,40,,
T,2023-05-12 12:59:54,6.23470833,-75.57299333,3.00,1471.581,23.919,0.000,,19,40,,
T,2023-05-12 12:59:55,6.23470833,-75.57299333,2.90,1471.581,23.919,0.000,,18,40,,
T,2023-05-12 12:59:56,6.23470167,-75.57290167,2.90,1471.481,23.919,0.079,110,16,40,,
T,2023-05-12 12:59:57,6.23469833,-75.57288167,2.90,1469.881,23.919,0.000,,17,40,,
