type,date time,latitude,longitude,accuracy(m),altitude(m),geoid_height(m),speed(m/s),bearing(deg),sat_used,sat_inview,name,desc
T,2023-04-22 13:18:18,6.24814667,-75.58629833,5.20,1491.938,23.962,0.153,311,13,38,20230422-081818,GPS Logger: 20230422-081818
T,2023-04-22 13:18:19,6.24816333,-75.58632167,4.30,1489.438,23.962,0.146,311,16,38,,
T,2023-04-22 13:18:20,6.24826667,-75.58630500,3.60,1495.038,23.962,0.072,197,19,38,,
T,2023-04-22 13:18:22,6.24825500,-75.58631833,3.20,1496.238,23.962,0.149,128,18,38,,
T,2023-04-22 13:18:23,6.24824833,-75.58633167,2.60,1497.438,23.962,0.198,195,16,38,,
T,2023-04-22 13:18:24,6.24824167,-75.58633167,2.40,1498.038,23.962,0.495,157,19,38,,
T,2023-04-22 13:18:25,6.24823333,-75.58632833,2.30,1498.538,23.962,0.565,158,14,38,,
T,2023-04-22 13:18:26,6.24822500,-75.58632500,2.40,1497.938,23.962,0.000,,13,38,,
T,2023-04-22 13:18:27,6.24822333,-75.58631667,2.50,1498.638,23.962,0.610,102,17,38,,
T,2023-04-22 13:18:28,6.24822667,-75.58631500,2.50,1499.438,23.962,0.279,356,14,38,,
T,2023-04-22 13:18:29,6.24823167,-75.58631500,2.50,1499.438,23.962,0.000,,17,38,,
T,2023-04-22 13:18:30,6.24823500,-75.58629500,2.40,1499.938,23.962,3.051,82,17,38,,
T,2023-04-22 13:18:31,6.24823833,-75.58626333,2.50,1500.338,23.962,4.960,89,14,38,,
T,2023-04-22 13:18:32,6.24822167,-75.58621500,2.50,1499.438,23.962,5.509,97,17,38,,
T,2023-04-22 13:18:33,6.24821000,-75.58617000,2.50,1498.938,23.962,5.692,101,18,38,,
T,2023-04-22 13:18:34,6.24819000,-75.58611833,2.50,1498.239,23.961,5.836,102,18,38,,
T,2023-04-22 13:18:35,6.24819667,-75.58606000,2.60,1498.539,23.961,7.053,87,16,38,,
T,2023-04-22 13:18:36,6.24822167,-75.58600167,2.60,1498.339,23.961,7.398,66,14,38,,
T,2023-04-22 13:18:37,6.24826667,-75.58595000,2.70,1498.140,23.960,8.041,53,14,38,,
T,2023-04-22 13:18:38,6.24831333,-75.58590000,2.70,1497.840,23.960,8.137,46,15,38,,
T,2023-04-22 13:18:39,6.24838333,-75.58588000,2.70,1496.640,23.960,8.553,22,17,38,,
T,2023-04-22 13:18:40,6.24847000,-75.58586667,2.70,1496.341,23.959,9.069,16,16,38,,
T,2023-04-22 13:18:41,6.24855333,-75.58585333,2.60,1496.041,23.959,8.343,14,16,38,,
T,2023-04-22 13:18:42,6.24862167,-75.58583167,2.60,1495.741,23.959,7.721,19,13,38,,
T,2023-04-22 13:18:43,6.24868167,-75.58581500,2.60,1495.541,23.959,6.946,21,14,38,,
T,2023-04-22 13:18:44,6.24872667,-75.58579000,2.70,1495.041,23.959,5.885,28,15,38,,
T,2023-04-22 13:18:45,6.24876000,-75.58576333,2.80,1494.942,23.958,5.383,35,15,38,,
T,2023-04-22 13:18:46,6.24878833,-75.58572667,2.90,1495.042,23.958,5.416,45,17,38,,
T,2023-04-22 13:18:47,6.24879500,-75.58565667,3.00,1495.242,23.958,6.732,70,17,38,,
T,2023-04-22 13:18:48,6.24880667,-75.58557667,3.00,1495.643,23.957,7.679,73,19,38,,
T,2023-04-22 13:18:49,6.24880667,-75.58547000,3.00,1495.643,23.957,8.338,85,19,38,,
T,2023-04-22 13:18:50,6.24879000,-75.58536000,3.10,1495.644,23.956,9.687,95,17,38,,
T,2023-04-22 13:18:51,6.24876667,-75.58522167,3.10,1496.044,23.956,11.465,96,17,38,,
T,2023-04-22 13:18:52,6.24874667,-75.58508667,3.10,1496.045,23.955,12.728,98,16,38,,
T,2023-04-22 13:18:53,6.24873500,-75.58493833,3.00,1496.246,23.954,14.207,96,16,38,,
T,2023-04-22 13:18:54,6.24872500,-75.58478333,2.90,1496.047,23.953,14.399,96,16,38,,
T,2023-04-22 13:18:55,6.24871167,-75.58464500,2.90,1495.947,23.953,14.208,96,17,38,,
T,2023-04-22 13:18:56,6.24869667,-75.58450500,2.80,1495.348,23.952,13.987,96,17,38,,
T,2023-04-22 13:18:57,6.24868167,-75.58438000,2.70,1495.249,23.951,13.258,98,18,38,,
T,2023-04-22 13:18:58,6.24867000,-75.58424833,2.70,1495.149,23.951,12.668,97,17,38,,
T,2023-04-22 13:18:59,6.24865667,-75.58413167,2.60,1494.750,23.950,12.170,97,16,38,,
T,2023-04-22 13:19:00,6.24864500,-75.58402000,2.60,1494.750,23.950,11.517,97,17,38,,
T,2023-04-22 13:19:01,6.24864000,-75.58392333,2.60,1494.751,23.949,10.517,97,17,38,,
T,2023-04-22 13:19:02,6.24863000,-75.58382333,2.50,1494.651,23.949,10.507,99,18,38,,
T,2023-04-22 13:19:03,6.24861667,-75.58373333,2.50,1494.552,23.948,9.605,101,17,38,,
T,2023-04-22 13:19:04,6.24860167,-75.58365167,2.60,1494.452,23.948,8.929,103,17,38,,
T,2023-04-22 13:19:05,6.24859167,-75.58358333,2.50,1493.953,23.947,7.689,98,17,38,,
T,2023-04-22 13:19:06,6.24858167,-75.58352667,2.50,1493.953,23.947,6.562,96,17,38,,
T,2023-04-22 13:19:07,6.24857667,-75.58348500,2.50,1493.853,23.947,5.206,99,17,38,,
T,2023-04-22 13:19:08,6.24857167,-75.58344667,2.50,1493.953,23.947,4.011,97,18,38,,
T,2023-04-22 13:19:09,6.24856667,-75.58343000,2.50,1493.453,23.947,2.361,98,17,38,,
T,2023-04-22 13:19:10,6.24856333,-75.58342000,2.40,1493.153,23.947,1.262,98,18,38,,
T,2023-04-22 13:19:11,6.24855167,-75.58340333,2.70,1492.653,23.947,0.000,,18,38,,
T,2023-04-22 13:19:12,6.24855333,-75.58340500,2.50,1492.453,23.947,0.000,,20,38,,
T,2023-04-22 13:19:13,6.24855500,-75.58340333,2.40,1492.253,23.947,0.000,,19,38,,
T,2023-04-22 13:19:14,6.24855500,-75.58340333,2.20,1492.253,23.947,0.000,,20,38,,
T,2023-04-22 13:19:15,6.24855500,-75.58340333,2.10,1492.253,23.947,0.000,,20,38,,
T,2023-04-22 13:19:16,6.24855500,-75.58340333,1.20,1492.253,23.947,0.000,,20,38,,
T,2023-04-22 13:19:17,6.24855500,-75.58340333,1.00,1492.253,23.947,0.000,,20,38,,
T,2023-04-22 13:19:18,6.24855500,-75.58340333,1.00,1492.253,23.947,0.000,,20,38,,
T,2023-04-22 13:19:19,6.24855500,-75.58340333,1.00,1492.253,23.947,0.000,,20,38,,
T,2023-04-22 13:19:20,6.24855500,-75.58340333,1.00,1492.253,23.947,0.000,,20,38,,
T,2023-04-22 13:19:21,6.24855500,-75.58340333,1.00,1492.253,23.947,0.000,,20,38,,
T,2023-04-22 13:19:22,6.24855500,-75.58340333,1.00,1492.253,23.947,0.000,,20,38,,
T,2023-04-22 13:19:23,6.24855500,-75.58340333,1.00,1492.253,23.947,0.000,,20,38,,
T,2023-04-22 13:19:24,6.24855500,-75.58340333,1.00,1492.253,23.947,0.000,,20,38,,
T,2023-04-22 13:19:25,6.24855500,-75.58340333,1.00,1492.253,23.947,0.000,,19,38,,
T,2023-04-22 13:19:26,6.24855500,-75.58340333,1.00,1492.253,23.947,0.000,,20,38,,
T,2023-04-22 13:19:27,6.24855500,-75.58340333,1.00,1492.253,23.947,0.000,,20,38,,
T,2023-04-22 13:19:28,6.24855500,-75.58340333,1.00,1492.253,23.947,0.000,,20,38,,
T,2023-04-22 13:19:29,6.24855500,-75.58340333,1.00,1492.253,23.947,0.000,,19,38,,
T,2023-04-22 13:19:30,6.24855500,-75.58340333,1.00,1492.253,23.947,0.000,,18,38,,
T,2023-04-22 13:19:31,6.24855500,-75.58340333,1.00,1492.253,23.947,0.000,,18,38,,
T,2023-04-22 13:19:32,6.24855500,-75.58340333,1.00,1492.253,23.947,0.000,,19,38,,
T,2023-04-22 13:19:33,6.24855500,-75.58340333,1.00,1492.253,23.947,0.000,,19,38,,
T,2023-04-22 13:19:34,6.24855500,-75.58340333,1.00,1492.253,23.947,0.000,,19,38,,
T,2023-04-22 13:19:35,6.24855500,-75.58340333,1.10,1492.253,23.947,0.000,,17,38,,
T,2023-04-22 13:19:36,6.24855500,-75.58340333,1.10,1492.253,23.947,0.000,,17,38,,
T,2023-04-22 13:19:37,6.24855500,-75.58340333,1.10,1492.253,23.947,0.000,,18,38,,
T,2023-04-22 13:19:38,6.24855500,-75.58340333,1.10,1492.253,23.947,0.000,,17,38,,
T,2023-04-22 13:19:39,6.24855500,-75.58340333,1.10,1492.253,23.947,0.000,,18,38,,
T,2023-04-22 13:19:40,6.24855500,-75.58340333,1.20,1492.253,23.947,0.000,,19,38,,
T,2023-04-22 13:19:41,6.24855500,-75.58340333,1.10,1492.253,23.947,0.000,,21,38,,
T,2023-04-22 13:19:42,6.24855500,-75.58340333,1.00,1492.253,23.947,0.000,,22,37,,
T,2023-04-22 13:19:43,6.24855500,-75.58340333,1.00,1492.253,23.947,0.000,,22,37,,
T,2023-04-22 13:19:44,6.24855500,-75.58340333,1.00,1492.253,23.947,0.000,,22,37,,
T,2023-04-22 13:19:45,6.24855500,-75.58340333,1.00,1492.253,23.947,0.000,,21,37,,
T,2023-04-22 13:19:46,6.24855500,-75.58340333,1.00,1492.253,23.947,0.000,,20,37,,
T,2023-04-22 13:19:47,6.24855500,-75.58340333,1.00,1492.253,23.947,0.000,,20,37,,
T,2023-04-22 13:19:48,6.24853833,-75.58339833,1.10,1491.853,23.947,2.788,96,21,37,,
T,2023-04-22 13:19:49,6.24853333,-75.58336333,1.40,1492.554,23.946,4.361,99,21,37,,
T,2023-04-22 13:19:50,6.24852333,-75.58330333,1.70,1493.154,23.946,6.596,100,21,37,,
T,2023-04-22 13:19:51,6.24851167,-75.58322500,2.00,1493.854,23.946,8.009,98,22,37,,
T,2023-04-22 13:19:52,6.24849833,-75.58312500,2.10,1494.555,23.945,9.841,97,22,37,,
T,2023-04-22 13:19:53,6.24848500,-75.58300833,2.10,1495.255,23.945,11.542,96,22,37,,
T,2023-04-22 13:19:54,6.24846667,-75.58287500,2.10,1495.656,23.944,13.188,97,22,37,,
T,2023-04-22 13:19:55,6.24844833,-75.58271500,2.70,1497.357,23.943,13.662,96,22,37,,
T,2023-04-22 13:19:56,6.24841833,-75.58255833,2.50,1495.258,23.942,15.553,98,20,37,,
T,2023-04-22 13:19:57,6.24838500,-75.58240333,2.30,1493.058,23.942,16.633,98,19,37,,
T,2023-04-22 13:19:58,6.24836500,-75.58225167,2.30,1493.559,23.941,16.476,97,21,37,,
T,2023-04-22 13:19:59,6.24834000,-75.58210000,2.30,1493.960,23.940,16.658,99,21,37,,
T,2023-04-22 13:20:00,6.24831667,-75.58194500,2.20,1492.361,23.939,16.669,100,21,37,,
T,2023-04-22 13:20:01,6.24830500,-75.58179333,2.20,1491.561,23.939,17.101,98,21,37,,
T,2023-04-22 13:20:02,6.24828667,-75.58162333,2.10,1489.962,23.938,18.195,99,21,37,,
T,2023-04-22 13:20:03,6.24826500,-75.58145500,2.10,1487.763,23.937,18.164,99,21,37,,
T,2023-04-22 13:20:04,6.24823000,-75.58129000,2.10,1488.264,23.936,18.213,105,21,37,,
T,2023-04-22 13:20:05,6.24818833,-75.58113000,2.00,1487.365,23.935,18.480,108,20,37,,
T,2023-04-22 13:20:06,6.24813667,-75.58097667,2.00,1484.965,23.935,18.648,108,21,37,,
T,2023-04-22 13:20:07,6.24809167,-75.58082500,2.00,1485.466,23.934,17.753,107,23,37,,
T,2023-04-22 13:20:08,6.24804667,-75.58067000,2.00,1485.067,23.933,17.737,108,23,37,,
T,2023-04-22 13:20:09,6.24799833,-75.58051333,1.90,1484.767,23.933,18.139,108,23,37,,
T,2023-04-22 13:20:10,6.24794500,-75.58035500,1.90,1484.468,23.932,18.751,108,22,37,,
T,2023-04-22 13:20:11,6.24789333,-75.58019000,1.90,1484.369,23.931,18.369,109,23,37,,
T,2023-04-22 13:20:12,6.24784500,-75.58003000,1.90,1484.270,23.930,18.366,108,23,37,,
T,2023-04-22 13:20:13,6.24780167,-75.57987333,1.90,1484.370,23.930,17.300,108,23,37,,
T,2023-04-22 13:20:14,6.24775667,-75.57972167,1.90,1484.371,23.929,17.608,109,23,37,,
T,2023-04-22 13:20:15,6.24770833,-75.57956500,1.90,1484.572,23.928,18.324,109,23,37,,
T,2023-04-22 13:20:16,6.24765333,-75.57940167,1.90,1484.573,23.927,19.219,109,22,37,,
T,2023-04-22 13:20:17,6.24760167,-75.57923833,1.90,1484.773,23.927,18.561,109,22,37,,
T,2023-04-22 13:20:18,6.24754833,-75.57908167,1.90,1485.174,23.926,17.227,110,22,37,,
T,2023-04-22 13:20:19,6.24749833,-75.57894333,1.90,1485.575,23.925,16.013,110,24,37,,
T,2023-04-22 13:20:20,6.24745333,-75.57881333,1.90,1485.875,23.925,14.840,110,24,37,,
T,2023-04-22 13:20:21,6.24741667,-75.57870000,1.80,1487.176,23.924,13.516,109,25,37,,
T,2023-04-22 13:20:22,6.24737833,-75.57859167,1.90,1487.376,23.924,12.376,110,24,37,,
T,2023-04-22 13:20:23,6.24734167,-75.57849500,1.90,1487.377,23.923,11.159,111,23,37,,
T,2023-04-22 13:20:24,6.24731000,-75.57841000,1.90,1487.377,23.923,9.701,110,24,37,,
T,2023-04-22 13:20:25,6.24728667,-75.57833667,1.90,1487.277,23.923,8.732,110,21,37,,
T,2023-04-22 13:20:26,6.24726333,-75.57826500,1.90,1487.278,23.922,8.578,108,21,37,,
T,2023-04-22 13:20:27,6.24724167,-75.57819833,2.00,1487.378,23.922,8.119,109,21,37,,
T,2023-04-22 13:20:28,6.24721833,-75.57813000,2.00,1487.278,23.922,8.519,109,21,37,,
T,2023-04-22 13:20:29,6.24719500,-75.57806333,2.00,1487.279,23.921,7.713,111,22,37,,
T,2023-04-22 13:20:30,6.24717000,-75.57799833,2.00,1487.279,23.921,7.618,110,21,37,,
T,2023-04-22 13:20:31,6.24715167,-75.57793833,2.80,1485.679,23.921,8.016,108,22,37,,
T,2023-04-22 13:20:32,6.24713500,-75.57787500,2.50,1485.579,23.921,7.334,108,22,37,,
T,2023-04-22 13:20:33,6.24711500,-75.57781333,2.30,1485.780,23.920,7.347,108,22,37,,
T,2023-04-22 13:20:34,6.24709333,-75.57775167,2.20,1486.280,23.920,7.953,109,20,37,,
T,2023-04-22 13:20:35,6.24706500,-75.57767500,2.10,1486.980,23.920,8.791,109,21,37,,
T,2023-04-22 13:20:36,6.24703833,-75.57759500,2.10,1487.481,23.919,9.613,109,21,37,,
T,2023-04-22 13:20:37,6.24701000,-75.57750833,2.10,1488.081,23.919,9.891,109,20,37,,
T,2023-04-22 13:20:38,6.24698000,-75.57742000,2.10,1488.682,23.918,10.129,107,21,37,,
T,2023-04-22 13:20:39,6.24695000,-75.57732667,2.10,1488.982,23.918,10.701,107,21,37,,
T,2023-04-22 13:20:40,6.24691500,-75.57723000,2.10,1489.282,23.918,11.262,109,21,37,,
T,2023-04-22 13:20:41,6.24687833,-75.57712333,2.00,1489.783,23.917,12.202,109,21,37,,
T,2023-04-22 13:20:42,6.24684000,-75.57701333,2.00,1490.283,23.917,13.280,110,20,37,,
T,2023-04-22 13:20:43,6.24678500,-75.57689333,2.00,1485.984,23.916,14.002,109,20,37,,
T,2023-04-22 13:20:44,6.24674500,-75.57677167,2.00,1486.184,23.916,13.594,108,20,37,,
T,2023-04-22 13:20:45,6.24670333,-75.57665000,2.00,1486.585,23.915,13.818,110,21,37,,
T,2023-04-22 13:20:46,6.24666000,-75.57652833,1.90,1486.886,23.914,14.288,109,21,37,,
T,2023-04-22 13:20:47,6.24661833,-75.57640000,1.90,1486.986,23.914,15.460,109,21,37,,
T,2023-04-22 13:20:48,6.24657333,-75.57626500,1.90,1487.387,23.913,15.620,110,20,37,,
T,2023-04-22 13:20:49,6.24652333,-75.57612667,1.90,1487.387,23.913,16.436,109,21,37,,
T,2023-04-22 13:20:50,6.24647333,-75.57597833,2.00,1487.188,23.912,17.393,108,19,37,,
T,2023-04-22 13:20:51,6.24642500,-75.57582333,2.00,1487.189,23.911,18.149,107,20,37,,
T,2023-04-22 13:20:52,6.24637667,-75.57566500,2.10,1487.089,23.911,18.381,107,20,37,,
T,2023-04-22 13:20:53,6.24632667,-75.57550500,2.10,1486.790,23.910,18.644,108,20,37,,
T,2023-04-22 13:20:54,6.24626667,-75.57535333,2.10,1484.391,23.909,18.315,109,19,37,,
T,2023-04-22 13:20:55,6.24621500,-75.57519333,2.20,1484.292,23.908,18.524,107,19,37,,
T,2023-04-22 13:20:56,6.24616667,-75.57502833,2.30,1483.892,23.908,18.903,106,19,37,,
T,2023-04-22 13:20:57,6.24613000,-75.57488833,2.30,1484.893,23.907,18.326,106,17,37,,
T,2023-04-22 13:20:58,6.24607833,-75.57473333,2.30,1484.794,23.906,17.945,109,18,37,,
T,2023-04-22 13:20:59,6.24602500,-75.57457500,2.40,1484.594,23.906,18.166,111,16,37,,
T,2023-04-22 13:21:00,6.24597333,-75.57442667,2.60,1484.495,23.905,17.106,111,14,37,,
T,2023-04-22 13:21:01,6.24591833,-75.57426333,2.60,1484.996,23.904,17.076,111,13,37,,
T,2023-04-22 13:21:02,6.24587000,-75.57410833,2.60,1486.997,23.903,17.045,113,13,37,,
T,2023-04-22 13:21:03,6.24581333,-75.57395333,2.60,1487.597,23.903,16.882,111,14,37,,
T,2023-04-22 13:21:04,6.24578167,-75.57380500,2.40,1491.798,23.902,16.176,110,15,37,,
T,2023-04-22 13:21:05,6.24574500,-75.57366167,2.40,1492.499,23.901,15.293,109,16,37,,
T,2023-04-22 13:21:06,6.24570833,-75.57353333,2.30,1493.199,23.901,14.220,108,18,37,,
T,2023-04-22 13:21:07,6.24567167,-75.57341333,2.30,1493.800,23.900,12.348,109,17,37,,
T,2023-04-22 13:21:08,6.24563833,-75.57331333,2.30,1494.200,23.900,11.035,110,17,37,,
T,2023-04-22 13:21:09,6.24560500,-75.57322333,2.20,1494.601,23.899,9.965,111,18,37,,
T,2023-04-22 13:21:10,6.24557167,-75.57314500,2.30,1495.001,23.899,9.174,112,18,37,,
T,2023-04-22 13:21:11,6.24554667,-75.57307333,2.20,1495.401,23.899,7.911,109,17,37,,
T,2023-04-22 13:21:12,6.24551833,-75.57300500,2.20,1495.902,23.898,7.757,112,16,37,,
T,2023-04-22 13:21:13,6.24549000,-75.57294000,2.20,1496.302,23.898,7.377,112,18,37,,
T,2023-04-22 13:21:14,6.24546167,-75.57287500,2.20,1496.702,23.898,7.548,111,19,37,,
T,2023-04-22 13:21:15,6.24543167,-75.57280167,2.20,1497.103,23.897,8.095,110,18,37,,
T,2023-04-22 13:21:16,6.24540167,-75.57272167,2.20,1497.703,23.897,8.981,110,17,37,,
T,2023-04-22 13:21:17,6.24537167,-75.57263833,2.20,1498.203,23.897,9.778,109,17,37,,
T,2023-04-22 13:21:18,6.24534167,-75.57255000,2.30,1498.604,23.896,10.199,109,18,37,,
T,2023-04-22 13:21:19,6.24531167,-75.57245333,2.30,1499.204,23.896,11.297,109,17,37,,
T,2023-04-22 13:21:20,6.24528167,-75.57235167,2.40,1499.705,23.895,12.046,109,17,37,,
T,2023-04-22 13:21:21,6.24524833,-75.57224000,2.40,1500.205,23.895,12.877,108,17,37,,
T,2023-04-22 13:21:22,6.24521333,-75.57212000,2.40,1500.406,23.894,13.183,106,17,37,,
T,2023-04-22 13:21:23,6.24517833,-75.57200000,2.40,1500.406,23.894,12.753,104,18,37,,
T,2023-04-22 13:21:24,6.24514000,-75.57188833,2.40,1500.907,23.893,13.175,107,17,37,,
T,2023-04-22 13:21:25,6.24508833,-75.57178000,2.30,1493.207,23.893,12.531,109,17,37,,
T,2023-04-22 13:21:26,6.24505000,-75.57167000,2.30,1492.908,23.892,12.570,109,17,37,,
T,2023-04-22 13:21:27,6.24500833,-75.57155833,2.20,1493.008,23.892,13.294,109,18,37,,
T,2023-04-22 13:21:28,6.24496333,-75.57144167,2.10,1490.409,23.891,13.295,107,18,37,,
T,2023-04-22 13:21:29,6.24492000,-75.57132167,2.10,1490.509,23.891,13.116,109,20,37,,
T,2023-04-22 13:21:30,6.24487167,-75.57120500,2.10,1490.310,23.890,13.013,111,21,37,,
T,2023-04-22 13:21:31,6.24481833,-75.57108500,2.10,1490.210,23.890,13.425,114,21,37,,
T,2023-04-22 13:21:32,6.24475833,-75.57097000,2.10,1489.011,23.889,13.082,114,19,37,,
T,2023-04-22 13:21:33,6.24470667,-75.57085833,2.20,1489.311,23.889,13.411,114,18,37,,
T,2023-04-22 13:21:34,6.24465500,-75.57075667,2.10,1492.412,23.888,14.236,116,18,37,,
T,2023-04-22 13:21:35,6.24460500,-75.57064500,2.10,1495.012,23.888,14.847,116,17,37,,
T,2023-04-22 13:21:36,6.24455000,-75.57051833,2.10,1495.813,23.887,15.424,113,17,37,,
T,2023-04-22 13:21:37,6.24449167,-75.57038167,2.10,1495.613,23.887,16.330,114,18,37,,
T,2023-04-22 13:21:38,6.24443333,-75.57024500,2.20,1495.414,23.886,15.895,114,18,37,,
T,2023-04-22 13:21:39,6.24437833,-75.57011167,2.20,1495.414,23.886,15.861,112,18,37,,
T,2023-04-22 13:21:40,6.24432333,-75.56997667,2.30,1495.215,23.885,16.033,113,17,37,,
T,2023-04-22 13:21:41,6.24426667,-75.56984167,2.30,1495.016,23.884,14.971,113,17,37,,
T,2023-04-22 13:21:42,6.24422333,-75.56972167,2.30,1494.616,23.884,12.852,109,18,37,,
T,2023-04-22 13:21:43,6.24417667,-75.56960500,2.20,1491.517,23.883,12.177,109,18,37,,
T,2023-04-22 13:21:44,6.24413833,-75.56950167,2.20,1491.317,23.883,11.610,112,18,37,,
T,2023-04-22 13:21:45,6.24410000,-75.56940167,2.20,1491.418,23.882,10.577,112,17,37,,
T,2023-04-22 13:21:46,6.24406333,-75.56930833,2.20,1491.518,23.882,9.785,112,17,37,,
T,2023-04-22 13:21:47,6.24403000,-75.56922500,2.20,1491.618,23.882,9.327,112,19,37,,
T,2023-04-22 13:21:48,6.24399667,-75.56914167,2.20,1491.719,23.881,9.806,111,19,37,,
T,2023-04-22 13:21:49,6.24396667,-75.56905333,2.20,1491.919,23.881,10.049,109,19,37,,
T,2023-04-22 13:21:50,6.24393333,-75.56895667,2.20,1492.020,23.880,11.261,111,19,37,,
T,2023-04-22 13:21:51,6.24389833,-75.56885500,2.10,1492.120,23.880,11.927,110,19,37,,
T,2023-04-22 13:21:52,6.24386833,-75.56875667,2.10,1492.121,23.879,11.609,108,19,37,,
T,2023-04-22 13:21:53,6.24384000,-75.56865333,2.10,1492.321,23.879,11.805,109,20,37,,
T,2023-04-22 13:21:54,6.24381167,-75.56855333,2.10,1492.322,23.878,11.366,108,19,37,,
T,2023-04-22 13:21:55,6.24378167,-75.56845333,2.10,1492.322,23.878,11.865,109,19,37,,
T,2023-04-22 13:21:56,6.24375333,-75.56835333,2.20,1492.522,23.878,11.628,106,18,37,,
T,2023-04-22 13:21:57,6.24372167,-75.56824667,2.30,1492.423,23.877,12.022,107,18,37,,
T,2023-04-22 13:21:58,6.24369167,-75.56814000,2.30,1492.423,23.877,12.156,107,16,37,,
T,2023-04-22 13:21:59,6.24365833,-75.56803167,2.30,1492.324,23.876,12.484,107,16,37,,
T,2023-04-22 13:22:00,6.24362833,-75.56792667,2.40,1492.424,23.876,12.153,108,17,37,,
T,2023-04-22 13:22:01,6.24360167,-75.56783000,2.40,1492.525,23.875,11.567,108,16,37,,
T,2023-04-22 13:22:02,6.24358833,-75.56773833,2.40,1492.525,23.875,10.945,105,17,37,,
T,2023-04-22 13:22:03,6.24358167,-75.56764833,2.50,1492.826,23.874,10.321,98,17,37,,
T,2023-04-22 13:22:04,6.24359167,-75.56757000,2.50,1493.126,23.874,9.118,87,18,37,,
T,2023-04-22 13:22:05,6.24360667,-75.56749833,2.40,1493.127,23.873,8.001,79,19,37,,
T,2023-04-22 13:22:06,6.24364000,-75.56743833,2.50,1493.227,23.873,8.355,69,20,37,,
T,2023-04-22 13:22:07,6.24370667,-75.56740667,2.50,1492.927,23.873,7.431,48,20,37,,
T,2023-04-22 13:22:08,6.24377167,-75.56737333,2.50,1493.028,23.872,7.416,42,20,37,,
T,2023-04-22 13:22:09,6.24383167,-75.56733833,2.50,1493.528,23.872,6.886,40,20,37,,
T,2023-04-22 13:22:10,6.24388333,-75.56729167,2.50,1493.828,23.872,7.399,47,18,37,,
T,2023-04-22 13:22:11,6.24393667,-75.56723167,2.70,1493.829,23.871,8.366,51,17,37,,
T,2023-04-22 13:22:12,6.24397667,-75.56714667,2.80,1494.129,23.871,8.896,59,17,37,,
T,2023-04-22 13:22:13,6.24401500,-75.56706000,2.90,1494.230,23.870,9.777,62,17,37,,
T,2023-04-22 13:22:14,6.24405833,-75.56697167,2.80,1494.430,23.870,10.024,62,14,37,,
T,2023-04-22 13:22:15,6.24410333,-75.56689000,2.80,1494.631,23.869,8.986,59,14,37,,
T,2023-04-22 13:22:16,6.24416000,-75.56681667,2.80,1495.131,23.869,9.372,62,14,37,,
T,2023-04-22 13:22:17,6.24420333,-75.56674000,2.80,1495.432,23.868,9.098,63,14,37,,
T,2023-04-22 13:22:18,6.24424000,-75.56667333,2.90,1495.932,23.868,8.295,66,13,37,,
T,2023-04-22 13:22:19,6.24427833,-75.56662167,3.10,1496.432,23.868,7.382,64,13,37,,
T,2023-04-22 13:22:20,6.24430333,-75.56657833,3.20,1496.733,23.867,6.501,64,13,37,,
T,2023-04-22 13:22:21,6.24433500,-75.56654667,3.30,1497.033,23.867,5.606,56,13,37,,
T,2023-04-22 13:22:22,6.24435833,-75.56649667,3.20,1496.833,23.867,5.617,56,12,37,,
T,2023-04-22 13:22:23,6.24438000,-75.56646500,3.10,1497.033,23.867,5.206,49,16,37,,
T,2023-04-22 13:22:24,6.24440167,-75.56645667,3.10,1497.134,23.866,4.217,44,15,37,,
T,2023-04-22 13:22:25,6.24442500,-75.56646667,3.00,1496.934,23.866,2.580,41,14,37,,
T,2023-04-22 13:22:26,6.24444333,-75.56646667,3.00,1496.734,23.866,2.280,56,15,37,,
T,2023-04-22 13:22:27,6.24444833,-75.56647000,2.90,1496.934,23.866,1.586,56,15,37,,
T,2023-04-22 13:22:28,6.24445833,-75.56649167,2.80,1497.033,23.867,0.000,,14,37,,
T,2023-04-22 13:22:29,6.24446333,-75.56650833,2.80,1496.933,23.867,0.000,,15,37,,
T,2023-04-22 13:22:30,6.24447000,-75.56652500,2.70,1497.033,23.867,0.000,,16,37,,
T,2023-04-22 13:22:31,6.24447000,-75.56652500,2.60,1497.033,23.867,0.000,,16,37,,
T,2023-04-22 13:22:32,6.24447000,-75.56652500,2.60,1497.033,23.867,0.000,,16,37,,
T,2023-04-22 13:22:33,6.24447000,-75.56652500,2.60,1497.033,23.867,0.000,,17,37,,
T,2023-04-22 13:22:34,6.24447000,-75.56652500,1.20,1497.033,23.867,0.000,,17,37,,
T,2023-04-22 13:22:35,6.24447000,-75.56652500,1.10,1497.033,23.867,0.000,,17,37,,
T,2023-04-22 13:22:36,6.24447000,-75.56652500,1.00,1497.033,23.867,0.000,,18,37,,
T,2023-04-22 13:22:37,6.24447000,-75.56652500,1.20,1497.033,23.867,0.000,,18,37,,
T,2023-04-22 13:22:38,6.24447000,-75.56652500,1.40,1497.033,23.867,0.000,,19,37,,
T,2023-04-22 13:22:39,6.24447000,-75.56652500,1.50,1497.033,23.867,0.000,,19,37,,
T,2023-04-22 13:22:40,6.24447000,-75.56652500,1.60,1497.033,23.867,0.000,,19,37,,
T,2023-04-22 13:22:41,6.24447000,-75.56652500,1.10,1497.033,23.867,0.000,,18,37,,
T,2023-04-22 13:22:42,6.24447000,-75.56652500,1.00,1497.033,23.867,0.000,,18,37,,
T,2023-04-22 13:22:43,6.24447000,-75.56652500,1.10,1497.033,23.867,0.000,,18,37,,
T,2023-04-22 13:22:44,6.24447000,-75.56652500,1.30,1497.033,23.867,0.000,,19,37,,
T,2023-04-22 13:22:45,6.24447000,-75.56652500,1.40,1497.033,23.867,0.000,,18,37,,
T,2023-04-22 13:22:46,6.24447000,-75.56652500,1.60,1497.033,23.867,0.000,,18,37,,
T,2023-04-22 13:22:47,6.24447000,-75.56652500,1.70,1497.033,23.867,0.000,,19,37,,
T,2023-04-22 13:22:48,6.24447000,-75.56652500,1.10,1497.033,23.867,0.000,,19,37,,
T,2023-04-22 13:22:49,6.24447000,-75.56652500,1.10,1497.033,23.867,0.000,,19,37,,
T,2023-04-22 13:22:50,6.24447000,-75.56652500,1.00,1497.033,23.867,0.000,,18,37,,
T,2023-04-22 13:22:51,6.24447000,-75.56652500,1.00,1497.033,23.867,0.000,,18,37,,
T,2023-04-22 13:22:52,6.24447000,-75.56652500,1.00,1497.033,23.867,0.000,,18,37,,
T,2023-04-22 13:22:53,6.24447000,-75.56652500,1.00,1497.033,23.867,0.000,,17,37,,
T,2023-04-22 13:22:54,6.24447000,-75.56652500,1.20,1497.033,23.867,0.000,,17,37,,
T,2023-04-22 13:22:55,6.24447000,-75.56652500,2.40,1497.033,23.867,0.000,,17,37,,
T,2023-04-22 13:22:56,6.24447000,-75.56652500,2.30,1497.033,23.867,0.000,,17,37,,
T,2023-04-22 13:22:57,6.24447000,-75.56652500,2.30,1497.033,23.867,0.000,,17,37,,
T,2023-04-22 13:22:58,6.24447000,-75.56652500,1.20,1497.033,23.867,0.000,,17,37,,
T,2023-04-22 13:22:59,6.24447000,-75.56652500,1.10,1497.033,23.867,0.000,,16,37,,
T,2023-04-22 13:23:00,6.24447000,-75.56652500,1.00,1497.033,23.867,0.000,,16,37,,
T,2023-04-22 13:23:01,6.24447000,-75.56652500,1.00,1497.033,23.867,0.000,,16,37,,
T,2023-04-22 13:23:02,6.24447000,-75.56652500,1.00,1497.033,23.867,0.000,,16,37,,
T,2023-04-22 13:23:03,6.24447000,-75.56652500,1.00,1497.033,23.867,0.000,,17,37,,
T,2023-04-22 13:23:04,6.24447000,-75.56652500,1.20,1497.033,23.867,0.000,,17,37,,
T,2023-04-22 13:23:05,6.24447000,-75.56652500,1.30,1497.033,23.867,0.000,,17,37,,
T,2023-04-22 13:23:06,6.24447000,-75.56652500,1.50,1497.033,23.867,0.000,,17,37,,
T,2023-04-22 13:23:07,6.24447000,-75.56652500,1.60,1497.033,23.867,0.000,,18,37,,
T,2023-04-22 13:23:08,6.24447000,-75.56652500,1.10,1497.033,23.867,0.000,,18,37,,
T,2023-04-22 13:23:09,6.24447000,-75.56652500,1.00,1497.033,23.867,0.000,,17,37,,
T,2023-04-22 13:23:10,6.24447000,-75.56652500,1.00,1497.033,23.867,0.000,,19,37,,
T,2023-04-22 13:23:11,6.24447000,-75.56652500,1.20,1497.033,23.867,0.000,,18,37,,
T,2023-04-22 13:23:12,6.24447000,-75.56652500,1.40,1497.033,23.867,0.000,,18,37,,
T,2023-04-22 13:23:13,6.24447000,-75.56652500,1.60,1497.033,23.867,0.000,,19,37,,
T,2023-04-22 13:23:14,6.24447000,-75.56652500,1.70,1497.033,23.867,0.000,,18,37,,
T,2023-04-22 13:23:15,6.24447000,-75.56652500,1.80,1497.033,23.867,0.000,,18,37,,
T,2023-04-22 13:23:16,6.24447000,-75.56652500,1.90,1497.033,23.867,0.000,,17,37,,
T,2023-04-22 13:23:17,6.24447000,-75.56652500,2.00,1497.033,23.867,0.000,,15,37,,
T,2023-04-22 13:23:18,6.24450667,-75.56656000,1.20,1497.333,23.867,2.587,46,15,37,,
T,2023-04-22 13:23:19,6.24452500,-75.56654500,1.50,1497.333,23.867,2.722,38,16,37,,
T,2023-04-22 13:23:20,6.24455167,-75.56652500,1.90,1497.133,23.867,3.710,32,17,37,,
T,2023-04-22 13:23:21,6.24459167,-75.56649500,2.20,1497.034,23.866,4.997,37,15,37,,
T,2023-04-22 13:23:22,6.24465000,-75.56645167,2.30,1496.934,23.866,7.003,38,17,37,,
T,2023-04-22 13:23:23,6.24471667,-75.56640833,2.40,1496.934,23.866,7.843,36,17,37,,
T,2023-04-22 13:23:24,6.24479500,-75.56635833,2.50,1496.835,23.865,9.636,31,16,37,,
T,2023-04-22 13:23:25,6.24489000,-75.56629500,2.50,1496.735,23.865,11.353,33,16,37,,
T,2023-04-22 13:23:26,6.24498000,-75.56623167,2.50,1496.736,23.864,10.894,33,17,37,,
T,2023-04-22 13:23:27,6.24506500,-75.56617000,2.50,1496.636,23.864,10.752,34,17,37,,
T,2023-04-22 13:23:28,6.24514667,-75.56610500,2.50,1496.737,23.863,10.791,36,16,37,,
T,2023-04-22 13:23:29,6.24523333,-75.56604333,2.50,1496.937,23.863,10.557,35,15,37,,
T,2023-04-22 13:23:30,6.24531667,-75.56598333,2.60,1497.038,23.862,10.848,33,13,37,,
T,2023-04-22 13:23:31,6.24540167,-75.56592167,2.60,1496.938,23.862,11.072,33,13,37,,
T,2023-04-22 13:23:32,6.24549667,-75.56586000,2.60,1497.439,23.861,11.722,32,14,37,,
T,2023-04-22 13:23:33,6.24558667,-75.56579333,2.60,1497.839,23.861,12.091,34,14,37,,
T,2023-04-22 13:23:34,6.24568167,-75.56572000,2.60,1498.140,23.860,12.498,36,14,37,,
T,2023-04-22 13:23:35,6.24577833,-75.56564333,2.70,1498.240,23.860,12.468,37,14,37,,
T,2023-04-22 13:23:36,6.24587500,-75.56556500,2.70,1498.741,23.859,11.954,39,17,37,,
T,2023-04-22 13:23:37,6.24595500,-75.56548333,2.80,1499.242,23.858,11.451,42,17,37,,
T,2023-04-22 13:23:38,6.24604500,-75.56541000,2.80,1499.842,23.858,11.354,39,17,37,,
T,2023-04-22 13:23:39,6.24612833,-75.56533167,2.80,1500.743,23.857,11.714,39,17,37,,
T,2023-04-22 13:23:40,6.24620833,-75.56525833,2.70,1501.643,23.857,10.938,39,16,37,,
T,2023-04-22 13:23:41,6.24628833,-75.56519167,2.70,1502.144,23.856,10.734,37,15,37,,
T,2023-04-22 13:23:42,6.24636667,-75.56512500,2.70,1502.744,23.856,10.993,39,15,37,,
T,2023-04-22 13:23:43,6.24644333,-75.56506333,2.70,1503.245,23.855,9.784,38,15,37,,
T,2023-04-22 13:23:44,6.24652167,-75.56500833,2.70,1503.345,23.855,8.756,38,15,37,,
T,2023-04-22 13:23:45,6.24658000,-75.56497167,2.70,1503.646,23.854,7.308,34,14,37,,
T,2023-04-22 13:23:46,6.24662833,-75.56494167,2.70,1503.946,23.854,6.159,34,14,37,,
T,2023-04-22 13:23:47,6.24665833,-75.56491833,2.80,1504.246,23.854,4.892,31,14,37,,
T,2023-04-22 13:23:48,6.24668167,-75.56489667,2.80,1504.646,23.854,4.421,36,15,37,,
T,2023-04-22 13:23:49,6.24670167,-75.56488333,2.90,1504.946,23.854,3.543,34,15,37,,
T,2023-04-22 13:23:50,6.24672833,-75.56487167,3.10,1505.346,23.854,3.558,30,12,37,,
T,2023-04-22 13:23:51,6.24675000,-75.56487167,3.30,1505.646,23.854,3.061,25,9,37,,
T,2023-04-22 13:23:52,6.24677500,-75.56488000,3.60,1506.046,23.854,2.672,10,10,37,,
T,2023-04-22 13:23:53,6.24680333,-75.56487500,3.90,1506.446,23.854,3.173,16,6,37,,
T,2023-04-22 13:26:11,6.24712167,-75.56502333,3.40,1515.146,23.854,0.000,,12,37,,
T,2023-04-22 13:26:12,6.24712167,-75.56502333,3.10,1515.146,23.854,0.000,,12,37,,
T,2023-04-22 13:26:13,6.24712167,-75.56502333,3.10,1515.146,23.854,0.000,,12,37,,
T,2023-04-22 13:26:14,6.24712167,-75.56502333,2.50,1515.146,23.854,0.000,,13,37,,
T,2023-04-22 13:26:15,6.24712167,-75.56502333,2.30,1515.146,23.854,0.000,,16,37,,
T,2023-04-22 13:26:16,6.24712167,-75.56502333,2.20,1515.146,23.854,0.000,,16,37,,
T,2023-04-22 13:26:17,6.24712167,-75.56502333,1.20,1515.146,23.854,0.000,,17,37,,
T,2023-04-22 13:26:18,6.24712167,-75.56502333,1.40,1515.146,23.854,0.000,,19,37,,
T,2023-04-22 13:26:19,6.24712167,-75.56502333,1.60,1515.146,23.854,0.000,,19,37,,
T,2023-04-22 13:26:20,6.24712167,-75.56502333,1.70,1515.146,23.854,0.000,,20,37,,
T,2023-04-22 13:26:21,6.24712167,-75.56502333,1.80,1515.146,23.854,0.000,,20,37,,
T,2023-04-22 13:26:22,6.24712167,-75.56502333,1.90,1515.146,23.854,0.000,,20,37,,
T,2023-04-22 13:26:23,6.24706500,-75.56495333,1.90,1521.247,23.853,1.359,127,20,37,,
T,2023-04-22 13:26:24,6.24704500,-75.56494000,2.00,1521.247,23.853,1.465,123,20,37,,
T,2023-04-22 13:26:25,6.24702833,-75.56492333,2.00,1521.147,23.853,2.053,121,20,37,,
T,2023-04-22 13:26:26,6.24701667,-75.56490167,2.00,1521.247,23.853,1.929,112,20,37,,
T,2023-04-22 13:26:27,6.24701167,-75.56488167,2.00,1521.447,23.853,1.367,85,20,37,,
T,2023-04-22 13:26:28,6.24701333,-75.56486500,2.00,1521.747,23.853,1.177,66,21,37,,
T,2023-04-22 13:26:29,6.24702333,-75.56484833,1.90,1521.947,23.853,1.357,52,21,37,,
T,2023-04-22 13:26:30,6.24703000,-75.56483000,1.90,1522.147,23.853,1.522,47,21,37,,
T,2023-04-22 13:26:31,6.24704167,-75.56480833,1.90,1522.447,23.853,1.758,43,20,37,,
T,2023-04-22 13:26:32,6.24705500,-75.56478500,1.90,1522.447,23.853,1.872,41,20,37,,
T,2023-04-22 13:26:33,6.24706833,-75.56476833,1.90,1522.148,23.852,1.692,40,19,37,,
T,2023-04-22 13:26:34,6.24708000,-75.56475167,1.90,1521.848,23.852,1.909,54,20,37,,
T,2023-04-22 13:26:35,6.24709167,-75.56473167,1.90,1521.648,23.852,1.764,62,20,37,,
T,2023-04-22 13:26:36,6.24710000,-75.56470833,2.00,1521.648,23.852,1.673,85,21,37,,
T,2023-04-22 13:26:37,6.24711500,-75.56468333,2.00,1521.848,23.852,1.950,65,20,37,,
T,2023-04-22 13:26:38,6.24713000,-75.56466167,2.00,1521.948,23.852,1.749,50,20,37,,
T,2023-04-22 13:26:39,6.24714833,-75.56464333,2.00,1522.048,23.852,1.758,35,21,37,,
T,2023-04-22 13:26:40,6.24720167,-75.56459333,2.80,1523.049,23.851,1.753,13,21,37,,
T,2023-04-22 13:26:41,6.24722333,-75.56458000,2.50,1522.249,23.851,1.572,12,22,37,,
T,2023-04-22 13:26:42,6.24723833,-75.56457667,2.30,1521.949,23.851,1.874,10,22,37,,
T,2023-04-22 13:26:43,6.24725833,-75.56457833,2.20,1521.449,23.851,1.510,17,22,37,,
T,2023-04-22 13:26:44,6.24727167,-75.56457500,2.10,1520.749,23.851,1.360,27,21,37,,
T,2023-04-22 13:26:45,6.24727833,-75.56456167,2.10,1520.149,23.851,1.660,45,21,37,,
T,2023-04-22 13:26:46,6.24728833,-75.56454667,2.00,1519.249,23.851,1.635,46,22,37,,
T,2023-04-22 13:26:47,6.24729667,-75.56453167,2.00,1518.549,23.851,1.596,56,22,37,,
T,2023-04-22 13:26:48,6.24730500,-75.56451500,1.90,1517.849,23.851,1.480,55,22,37,,
T,2023-04-22 13:26:49,6.24731500,-75.56450167,1.90,1517.449,23.851,1.659,50,22,37,,
T,2023-04-22 13:26:50,6.24732667,-75.56448833,1.90,1517.149,23.851,1.328,35,20,37,,
T,2023-04-22 13:26:51,6.24733667,-75.56448167,1.90,1516.850,23.850,1.314,30,21,37,,
T,2023-04-22 13:26:52,6.24734667,-75.56447667,1.90,1516.850,23.850,1.292,13,21,37,,
T,2023-04-22 13:26:53,6.24736000,-75.56447333,1.90,1516.850,23.850,1.177,32,21,37,,
T,2023-04-22 13:26:54,6.24737000,-75.56446500,1.90,1516.850,23.850,1.172,40,21,37,,
T,2023-04-22 13:26:55,6.24737833,-75.56445667,1.90,1516.950,23.850,1.165,44,21,37,,
T,2023-04-22 13:26:56,6.24738667,-75.56444667,2.00,1516.950,23.850,1.271,43,21,37,,
T,2023-04-22 13:26:57,6.24739667,-75.56443833,2.00,1517.050,23.850,1.139,17,21,37,,
T,2023-04-22 13:26:58,6.24740500,-75.56443500,2.10,1517.250,23.850,0.000,,20,37,,
T,2023-04-22 13:26:59,6.24741167,-75.56442500,2.10,1517.350,23.850,0.000,,20,37,,
T,2023-04-22 13:27:00,6.24742167,-75.56441833,2.00,1517.250,23.850,0.000,,20,37,,
T,2023-04-22 13:27:01,6.24742167,-75.56441833,2.00,1517.250,23.850,0.000,,21,37,,
T,2023-04-22 13:27:02,6.24744833,-75.56440500,2.00,1517.250,23.850,1.154,15,21,37,,
T,2023-04-22 13:27:03,6.24746500,-75.56440167,1.90,1517.350,23.850,1.155,19,21,37,,
T,2023-04-22 13:27:04,6.24748500,-75.56439667,1.90,1517.350,23.850,1.453,31,21,37,,
T,2023-04-22 13:27:05,6.24750167,-75.56439000,1.90,1517.450,23.850,1.307,18,22,37,,
T,2023-04-22 13:27:06,6.24752000,-75.56438333,1.90,1517.350,23.850,1.498,30,23,37,,
T,2023-04-22 13:27:07,6.24753500,-75.56437333,1.90,1517.450,23.850,1.215,33,22,37,,
T,2023-04-22 13:27:08,6.24754833,-75.56436500,1.90,1517.551,23.849,0.000,,22,37,,
T,2023-04-22 13:27:09,6.24755833,-75.56435667,2.00,1517.751,23.849,0.000,,18,37,,
T,2023-04-22 13:27:10,6.24756667,-75.56434667,2.00,1517.951,23.849,1.113,59,19,37,,
T,2023-04-22 13:27:11,6.24757833,-75.56433667,2.00,1517.851,23.849,1.143,47,20,37,,
T,2023-04-22 13:27:12,6.24758833,-75.56432500,2.00,1518.051,23.849,1.462,58,20,37,,
T,2023-04-22 13:27:13,6.24760667,-75.56431500,2.00,1517.951,23.849,1.238,47,21,37,,
T,2023-04-22 13:27:14,6.24762167,-75.56431167,2.10,1518.051,23.849,1.226,24,21,37,,
T,2023-04-22 13:27:15,6.24763833,-75.56431667,2.10,1518.451,23.849,1.368,7,21,37,,
T,2023-04-22 13:27:16,6.24765667,-75.56431833,2.10,1518.451,23.849,1.047,15,21,37,,
T,2023-04-22 13:27:17,6.24767167,-75.56432167,2.10,1518.251,23.849,1.047,11,21,37,,
T,2023-04-22 13:27:18,6.24768500,-75.56432667,2.10,1518.151,23.849,1.021,13,21,37,,
T,2023-04-22 13:27:19,6.24769833,-75.56432500,2.10,1517.951,23.849,0.000,,21,37,,
T,2023-04-22 13:27:20,6.24770833,-75.56432000,2.00,1517.751,23.849,0.000,,21,37,,
T,2023-04-22 13:27:21,6.24771667,-75.56430500,2.00,1517.451,23.849,0.000,,21,37,,
T,2023-04-22 13:27:22,6.24771667,-75.56430500,2.00,1517.451,23.849,0.000,,21,37,,
T,2023-04-22 13:27:23,6.24773167,-75.56427833,2.00,1517.351,23.849,1.077,37,21,37,,
T,2023-04-22 13:27:24,6.24774000,-75.56427167,2.00,1517.451,23.849,0.000,,19,37,,
T,2023-04-22 13:27:25,6.24775167,-75.56426167,2.10,1517.251,23.849,0.000,,19,37,,
T,2023-04-22 13:27:26,6.24776500,-75.56425333,2.10,1517.452,23.848,1.084,34,20,37,,
T,2023-04-22 13:27:27,6.24777333,-75.56423667,2.10,1517.352,23.848,1.110,44,20,37,,
T,2023-04-22 13:27:28,6.24778167,-75.56421833,2.10,1517.152,23.848,1.219,49,20,37,,
T,2023-04-22 13:27:29,6.24779000,-75.56419833,2.00,1516.752,23.848,1.209,52,20,37,,
T,2023-04-22 13:27:30,6.24780000,-75.56418167,2.00,1516.552,23.848,1.232,42,21,37,,
T,2023-04-22 13:27:31,6.24781167,-75.56416667,1.90,1516.152,23.848,1.515,44,21,37,,
T,2023-04-22 13:27:32,6.24782333,-75.56415167,1.90,1515.652,23.848,1.397,41,20,37,,
T,2023-04-22 13:27:33,6.24783333,-75.56413833,2.00,1515.252,23.848,1.379,35,20,37,,
T,2023-04-22 13:27:34,6.24784500,-75.56412500,2.00,1514.552,23.848,1.243,33,20,37,,
T,2023-04-22 13:27:35,6.24785333,-75.56411000,2.00,1513.752,23.848,1.236,49,20,37,,
T,2023-04-22 13:27:36,6.24786500,-75.56410000,2.10,1513.353,23.847,1.269,38,20,37,,
T,2023-04-22 13:27:37,6.24787500,-75.56408667,2.10,1512.953,23.847,1.287,46,20,37,,
T,2023-04-22 13:27:38,6.24788167,-75.56407333,2.10,1512.553,23.847,1.324,46,20,37,,
T,2023-04-22 13:27:39,6.24789000,-75.56405833,2.10,1512.153,23.847,1.334,45,20,37,,
T,2023-04-22 13:27:40,6.24790333,-75.56404667,2.10,1511.553,23.847,1.559,31,19,37,,
T,2023-04-22 13:27:41,6.24791667,-75.56403333,2.10,1510.953,23.847,1.675,34,20,37,,
T,2023-04-22 13:27:42,6.24792667,-75.56402167,2.10,1510.253,23.847,1.307,45,20,37,,
T,2023-04-22 13:27:43,6.24793333,-75.56401167,2.10,1509.553,23.847,1.278,48,20,37,,
T,2023-04-22 13:27:44,6.24794167,-75.56399833,2.10,1508.953,23.847,1.475,43,22,37,,
T,2023-04-22 13:27:45,6.24795333,-75.56398500,2.00,1508.553,23.847,1.832,42,22,37,,
T,2023-04-22 13:27:46,6.24796500,-75.56397500,2.00,1508.453,23.847,1.604,37,22,37,,
T,2023-04-22 13:27:47,6.24797167,-75.56396167,2.00,1508.353,23.847,1.375,43,22,37,,
T,2023-04-22 13:27:48,6.24798333,-75.56395333,2.00,1508.254,23.846,1.341,44,22,37,,
T,2023-04-22 13:27:49,6.24799500,-75.56394667,2.00,1508.254,23.846,1.122,44,22,37,,
T,2023-04-22 13:27:50,6.24800833,-75.56394500,2.00,1507.954,23.846,1.038,39,22,37,,
T,2023-04-22 13:27:51,6.24802500,-75.56394167,1.90,1507.654,23.846,1.583,38,22,37,,
T,2023-04-22 13:27:52,6.24804333,-75.56393333,1.90,1507.454,23.846,1.914,36,19,37,,
T,2023-04-22 13:27:53,6.24806000,-75.56392667,1.90,1507.354,23.846,1.602,36,19,37,,
T,2023-04-22 13:27:54,6.24807667,-75.56392000,2.00,1507.154,23.846,1.751,30,20,37,,
T,2023-04-22 13:27:55,6.24809167,-75.56391333,2.00,1507.054,23.846,1.531,45,20,37,,
T,2023-04-22 13:27:56,6.24810333,-75.56390500,1.90,1507.054,23.846,1.365,36,19,37,,
T,2023-04-22 13:27:57,6.24811500,-75.56389667,1.90,1506.954,23.846,1.619,39,19,37,,
T,2023-04-22 13:27:58,6.24813000,-75.56388667,1.90,1506.854,23.846,1.896,40,20,37,,
T,2023-04-22 13:27:59,6.24814167,-75.56388000,1.90,1506.754,23.846,1.471,41,20,37,,
T,2023-04-22 13:28:00,6.24815333,-75.56387333,1.90,1506.654,23.846,1.563,37,20,37,,
T,2023-04-22 13:28:01,6.24816500,-75.56386500,1.90,1506.454,23.846,1.699,40,20,37,,
T,2023-04-22 13:28:02,6.24817500,-75.56385667,1.90,1506.354,23.846,1.793,42,21,37,,
T,2023-04-22 13:28:03,6.24818500,-75.56385000,1.90,1506.154,23.846,1.355,38,20,37,,
T,2023-04-22 13:28:04,6.24819667,-75.56384500,2.00,1506.055,23.845,1.361,47,20,37,,
T,2023-04-22 13:28:05,6.24821000,-75.56383833,2.00,1506.055,23.845,1.536,48,21,37,,
T,2023-04-22 13:28:06,6.24822333,-75.56383333,2.00,1506.255,23.845,1.736,31,21,37,,
T,2023-04-22 13:28:07,6.24823833,-75.56382833,2.00,1506.455,23.845,1.702,18,21,37,,
T,2023-04-22 13:28:08,6.24825167,-75.56382500,2.00,1506.555,23.845,1.796,18,21,37,,
T,2023-04-22 13:28:09,6.24826667,-75.56382000,2.00,1506.655,23.845,1.813,21,21,37,,
T,2023-04-22 13:28:10,6.24828167,-75.56381667,1.90,1506.755,23.845,1.504,8,20,37,,
T,2023-04-22 13:28:11,6.24829500,-75.56381500,1.90,1506.755,23.845,1.660,19,20,37,,
T,2023-04-22 13:28:12,6.24830667,-75.56381000,1.90,1506.855,23.845,1.654,16,20,37,,
T,2023-04-22 13:28:13,6.24831833,-75.56380500,1.90,1507.155,23.845,1.402,15,20,37,,
T,2023-04-22 13:28:14,6.24832667,-75.56379667,1.90,1507.455,23.845,1.560,29,20,37,,
T,2023-04-22 13:28:15,6.24833500,-75.56378500,1.90,1507.455,23.845,1.289,29,20,37,,
T,2023-04-22 13:28:16,6.24834500,-75.56377500,1.90,1507.555,23.845,1.652,36,19,37,,
T,2023-04-22 13:28:17,6.24835500,-75.56376167,1.90,1507.555,23.845,1.652,43,18,37,,
T,2023-04-22 13:28:18,6.24836667,-75.56375000,1.90,1507.555,23.845,1.646,35,18,37,,
T,2023-04-22 13:28:19,6.24838000,-75.56373667,1.90,1507.655,23.845,1.778,43,20,37,,
T,2023-04-22 13:28:20,6.24839167,-75.56372667,1.90,1507.756,23.844,1.631,29,19,37,,
T,2023-04-22 13:28:21,6.24840667,-75.56371833,1.90,1507.756,23.844,1.760,24,21,37,,
T,2023-04-22 13:28:22,6.24842000,-75.56371167,2.00,1507.856,23.844,1.611,28,21,37,,
T,2023-04-22 13:28:23,6.24843500,-75.56370500,2.00,1507.956,23.844,1.607,32,19,37,,
T,2023-04-22 13:28:24,6.24844500,-75.56370000,2.00,1507.956,23.844,1.240,33,19,37,,
T,2023-04-22 13:28:25,6.24845333,-75.56369667,2.10,1507.856,23.844,1.086,28,19,37,,
T,2023-04-22 13:28:26,6.24845667,-75.56368667,2.20,1507.656,23.844,1.214,69,19,37,,
T,2023-04-22 13:28:27,6.24846333,-75.56367833,2.20,1507.656,23.844,1.415,64,19,37,,
T,2023-04-22 13:28:28,6.24847000,-75.56366500,2.30,1507.556,23.844,1.513,60,18,37,,
T,2023-04-22 13:28:29,6.24847833,-75.56365333,2.20,1507.356,23.844,1.784,57,19,37,,
T,2023-04-22 13:28:30,6.24849000,-75.56364333,2.20,1507.356,23.844,1.762,50,19,37,,
T,2023-04-22 13:28:31,6.24850000,-75.56363333,2.20,1507.356,23.844,1.770,50,19,37,,
T,2023-04-22 13:28:32,6.24851000,-75.56362167,2.10,1507.356,23.844,1.371,53,19,37,,
T,2023-04-22 13:28:33,6.24851833,-75.56361000,2.10,1507.356,23.844,1.485,56,19,37,,
T,2023-04-22 13:28:34,6.24852500,-75.56360000,2.10,1507.356,23.844,1.087,52,19,37,,
T,2023-04-22 13:28:35,6.24853333,-75.56359333,2.10,1507.456,23.844,1.263,51,19,37,,
T,2023-04-22 13:28:36,6.24854167,-75.56358500,2.20,1507.457,23.843,1.238,32,19,37,,
T,2023-04-22 13:28:37,6.24855000,-75.56357500,2.20,1507.457,23.843,1.473,35,19,37,,
T,2023-04-22 13:28:38,6.24856000,-75.56356333,2.20,1507.657,23.843,1.502,36,19,37,,
T,2023-04-22 13:28:39,6.24857167,-75.56355500,2.20,1507.657,23.843,1.528,36,19,37,,
T,2023-04-22 13:28:40,6.24859000,-75.56355667,2.20,1507.657,23.843,1.507,21,18,37,,
T,2023-04-22 13:28:41,6.24860167,-75.56355167,2.10,1507.857,23.843,1.652,29,18,37,,
T,2023-04-22 13:28:42,6.24861500,-75.56354333,2.10,1508.257,23.843,2.007,46,18,37,,
T,2023-04-22 13:28:43,6.24862833,-75.56353833,2.10,1508.757,23.843,1.317,34,18,37,,
T,2023-04-22 13:28:44,6.24864167,-75.56353333,2.10,1509.357,23.843,1.514,35,18,37,,
T,2023-04-22 13:28:45,6.24866000,-75.56352833,2.10,1509.657,23.843,1.840,22,18,37,,
T,2023-04-22 13:28:46,6.24867667,-75.56352500,2.10,1509.957,23.843,1.700,20,18,37,,
T,2023-04-22 13:28:47,6.24869333,-75.56352500,2.20,1510.357,23.843,1.430,15,18,37,,
T,2023-04-22 13:28:48,6.24871333,-75.56352333,2.20,1510.657,23.843,2.131,7,18,37,,
T,2023-04-22 13:28:49,6.24873500,-75.56352667,2.20,1510.857,23.843,2.151,2,18,37,,
T,2023-04-22 13:28:50,6.24875833,-75.56352667,2.30,1511.157,23.843,2.038,0,18,37,,
T,2023-04-22 13:28:51,6.24876833,-75.56352500,2.30,1511.257,23.843,1.370,342,18,37,,
T,2023-04-22 13:28:52,6.24878667,-75.56352833,2.30,1511.557,23.843,1.821,329,18,37,,
T,2023-04-22 13:28:53,6.24880667,-75.56352500,2.30,1512.157,23.843,1.626,344,18,37,,
T,2023-04-22 13:28:54,6.24882333,-75.56351333,2.30,1512.557,23.843,1.613,357,19,37,,
T,2023-04-22 13:28:55,6.24884167,-75.56349500,2.30,1513.158,23.842,1.476,20,19,37,,
T,2023-04-22 13:28:56,6.24885833,-75.56347500,2.20,1513.658,23.842,1.597,41,19,37,,
T,2023-04-22 13:28:57,6.24887500,-75.56345833,2.20,1514.158,23.842,1.586,36,21,37,,
T,2023-04-22 13:28:58,6.24888667,-75.56344667,2.20,1514.358,23.842,1.493,15,21,37,,
T,2023-04-22 13:28:59,6.24889833,-75.56343667,2.20,1514.658,23.842,0.000,,21,37,,
T,2023-04-22 13:29:00,6.24890667,-75.56343000,2.10,1514.758,23.842,0.000,,21,37,,
T,2023-04-22 13:29:01,6.24891500,-75.56342333,2.10,1515.158,23.842,0.000,,22,37,,
T,2023-04-22 13:29:02,6.24891500,-75.56342333,2.10,1515.158,23.842,0.000,,22,37,,
T,2023-04-22 13:29:03,6.24891500,-75.56342333,2.10,1515.158,23.842,0.000,,21,37,,
T,2023-04-22 13:29:04,6.24891500,-75.56342333,2.10,1515.158,23.842,0.000,,21,37,,
T,2023-04-22 13:29:05,6.24891500,-75.56342333,2.10,1515.158,23.842,0.000,,21,37,,
T,2023-04-22 13:29:06,6.24891500,-75.56342333,2.10,1515.158,23.842,0.000,,21,37,,
T,2023-04-22 13:29:07,6.24891500,-75.56342333,2.10,1515.158,23.842,0.000,,20,37,,
T,2023-04-22 13:29:08,6.24899333,-75.56335000,2.20,1516.259,23.841,1.683,49,20,37,,
T,2023-04-22 13:29:09,6.24900833,-75.56333500,2.20,1516.159,23.841,1.691,53,19,37,,
T,2023-04-22 13:29:10,6.24902333,-75.56332000,2.20,1515.859,23.841,1.793,49,20,37,,
T,2023-04-22 13:29:11,6.24903500,-75.56330500,2.20,1515.759,23.841,1.677,45,20,37,,
T,2023-04-22 13:29:12,6.24905000,-75.56329500,2.20,1515.659,23.841,1.679,31,20,37,,
T,2023-04-22 13:29:13,6.24906667,-75.56327500,2.30,1515.359,23.841,2.190,50,20,37,,
T,2023-04-22 13:29:14,6.24908000,-75.56325833,2.20,1515.159,23.841,2.069,48,20,37,,
T,2023-04-22 13:29:15,6.24909333,-75.56324000,2.30,1515.059,23.841,2.270,53,20,37,,
T,2023-04-22 13:29:16,6.24910167,-75.56321667,2.20,1514.960,23.840,1.970,56,20,37,,
T,2023-04-22 13:29:17,6.24911000,-75.56319667,2.20,1514.960,23.840,2.304,59,19,37,,
T,2023-04-22 13:29:18,6.24912333,-75.56318000,2.30,1514.460,23.840,2.144,50,19,37,,
T,2023-04-22 13:29:19,6.24912833,-75.56316333,2.30,1514.260,23.840,1.760,45,19,37,,
T,2023-04-22 13:29:20,6.24913333,-75.56315000,2.20,1514.060,23.840,1.567,56,17,37,,
T,2023-04-22 13:29:21,6.24914167,-75.56314000,2.20,1513.960,23.840,1.908,54,17,37,,
T,2023-04-22 13:29:22,6.24915167,-75.56313167,2.20,1513.760,23.840,1.748,39,17,37,,
T,2023-04-22 13:29:23,6.24916333,-75.56312000,2.20,1513.160,23.840,1.726,43,17,37,,
T,2023-04-22 13:29:24,6.24917500,-75.56310667,2.30,1512.560,23.840,1.566,47,17,37,,
T,2023-04-22 13:29:25,6.24918500,-75.56309667,2.30,1512.160,23.840,1.602,52,15,37,,
T,2023-04-22 13:29:26,6.24919667,-75.56308667,2.30,1512.060,23.840,1.829,34,15,37,,
T,2023-04-22 13:29:27,6.24920667,-75.56307333,2.30,1511.760,23.840,1.514,24,16,37,,
T,2023-04-22 13:29:28,6.24921500,-75.56306167,2.20,1511.461,23.839,1.611,40,16,37,,
T,2023-04-22 13:29:29,6.24922833,-75.56305333,2.30,1511.361,23.839,1.915,39,16,37,,
T,2023-04-22 13:29:30,6.24924000,-75.56304500,2.40,1511.361,23.839,1.766,45,15,37,,
T,2023-04-22 13:29:31,6.24925000,-75.56303500,2.50,1511.361,23.839,1.493,50,15,37,,
T,2023-04-22 13:29:32,6.24926000,-75.56302833,2.60,1511.361,23.839,1.585,46,15,37,,
T,2023-04-22 13:29:33,6.24927167,-75.56302000,2.70,1511.361,23.839,1.621,46,13,37,,
T,2023-04-22 13:29:34,6.24928333,-75.56301167,2.80,1511.461,23.839,1.657,39,13,37,,
T,2023-04-22 13:29:35,6.24929167,-75.56300167,2.60,1511.561,23.839,1.628,43,13,37,,
T,2023-04-22 13:29:36,6.24929833,-75.56299167,2.50,1511.861,23.839,1.598,36,13,37,,
T,2023-04-22 13:29:37,6.24931167,-75.56298500,2.40,1511.961,23.839,1.751,26,14,37,,
T,2023-04-22 13:29:38,6.24932500,-75.56298000,2.40,1512.061,23.839,1.548,29,14,37,,
T,2023-04-22 13:29:39,6.24933667,-75.56297167,2.50,1512.261,23.839,1.796,40,14,37,,
T,2023-04-22 13:29:40,6.24934667,-75.56296167,2.60,1512.261,23.839,1.630,37,14,37,,
T,2023-04-22 13:29:41,6.24935500,-75.56295000,2.70,1512.361,23.839,1.444,45,14,37,,
T,2023-04-22 13:29:42,6.24936167,-75.56293833,2.70,1512.461,23.839,1.470,47,14,37,,
T,2023-04-22 13:29:43,6.24936500,-75.56292500,2.80,1512.562,23.838,1.390,58,14,37,,
T,2023-04-22 13:29:44,6.24936500,-75.56290833,2.90,1512.662,23.838,1.307,92,14,37,,
T,2023-04-22 13:29:45,6.24935833,-75.56289000,3.00,1512.862,23.838,1.860,109,13,37,,
T,2023-04-22 13:29:46,6.24935167,-75.56287500,3.00,1513.162,23.838,1.856,102,13,37,,
T,2023-04-22 13:29:47,6.24935333,-75.56286333,3.00,1513.662,23.838,1.651,81,13,37,,
T,2023-04-22 13:29:48,6.24935833,-75.56285833,3.00,1514.262,23.838,1.141,64,14,37,,
T,2023-04-22 13:29:49,6.24937000,-75.56285500,3.10,1514.562,23.838,1.160,25,14,37,,
T,2023-04-22 13:29:50,6.24938000,-75.56284833,3.10,1514.862,23.838,1.372,28,14,37,,
T,2023-04-22 13:29:51,6.24939667,-75.56284500,3.10,1514.962,23.838,1.987,4,14,37,,
T,2023-04-22 13:29:52,6.24941167,-75.56284000,3.10,1515.062,23.838,2.158,5,13,37,,
T,2023-04-22 13:29:53,6.24943167,-75.56285167,3.10,1515.162,23.838,1.722,347,14,37,,
T,2023-04-22 13:29:54,6.24942833,-75.56284833,3.00,1515.362,23.838,0.000,,14,37,,
T,2023-04-22 13:29:55,6.24942500,-75.56284000,3.00,1515.362,23.838,0.000,,14,37,,
T,2023-04-22 13:29:56,6.24942333,-75.56283167,3.00,1515.362,23.838,0.000,,15,37,,
T,2023-04-22 13:29:57,6.24942333,-75.56283167,3.00,1515.362,23.838,0.000,,14,37,,
T,2023-04-22 13:29:58,6.24942333,-75.56283167,2.90,1515.362,23.838,0.000,,15,37,,
T,2023-04-22 13:29:59,6.24942333,-75.56283167,3.00,1515.362,23.838,0.000,,15,37,,
T,2023-04-22 13:30:00,6.24942333,-75.56283167,3.00,1515.362,23.838,0.000,,13,37,,
T,2023-04-22 13:30:01,6.24942333,-75.56283167,3.00,1515.362,23.838,0.000,,16,37,,
T,2023-04-22 13:30:02,6.24942333,-75.56283167,3.10,1515.362,23.838,0.000,,16,37,,
T,2023-04-22 13:30:03,6.24942333,-75.56283167,3.00,1515.362,23.838,0.000,,18,37,,
T,2023-04-22 13:30:04,6.24942333,-75.56283167,3.00,1515.362,23.838,0.000,,16,37,,
T,2023-04-22 13:30:05,6.24947167,-75.56278500,3.00,1516.262,23.838,1.631,66,16,37,,
T,2023-04-22 13:30:06,6.24948500,-75.56278000,2.90,1516.163,23.837,1.358,46,17,37,,
T,2023-04-22 13:30:07,6.24949667,-75.56277167,2.90,1516.163,23.837,1.373,56,17,37,,
T,2023-04-22 13:30:08,6.24950333,-75.56276167,2.90,1516.163,23.837,1.596,65,17,37,,
T,2023-04-22 13:30:09,6.24951000,-75.56275000,2.90,1516.363,23.837,1.558,77,17,37,,
T,2023-04-22 13:30:10,6.24951833,-75.56274500,2.90,1516.663,23.837,1.459,55,16,37,,
T,2023-04-22 13:30:11,6.24953167,-75.56274167,2.90,1516.763,23.837,1.750,34,16,37,,
T,2023-04-22 13:30:12,6.24954333,-75.56274000,2.90,1517.063,23.837,1.441,35,16,37,,
T,2023-04-22 13:30:13,6.24955500,-75.56273833,2.80,1517.463,23.837,1.022,20,17,37,,
T,2023-04-22 13:30:14,6.24956833,-75.56273833,2.80,1517.763,23.837,1.228,16,17,37,,
T,2023-04-22 13:30:15,6.24958167,-75.56273667,2.80,1518.163,23.837,1.040,30,16,37,,
T,2023-04-22 13:30:16,6.24959167,-75.56273500,2.90,1518.563,23.837,1.034,27,15,37,,
T,2023-04-22 13:30:17,6.24960000,-75.56273667,2.90,1519.063,23.837,0.000,,15,37,,
T,2023-04-22 13:30:18,6.24961000,-75.56274167,2.90,1519.463,23.837,0.000,,15,37,,
T,2023-04-22 13:30:19,6.24962333,-75.56274500,2.90,1519.763,23.837,0.000,,16,37,,
T,2023-04-22 13:30:20,6.24962333,-75.56274500,2.90,1519.763,23.837,0.000,,17,37,,
T,2023-04-22 13:30:21,6.24962333,-75.56274500,3.00,1519.763,23.837,0.000,,17,37,,
T,2023-04-22 13:30:22,6.24964500,-75.56272000,3.00,1520.563,23.837,1.383,69,15,37,,
T,2023-04-22 13:30:23,6.24965667,-75.56271000,3.10,1520.763,23.837,1.488,61,15,37,,
T,2023-04-22 13:30:24,6.24967333,-75.56269833,3.10,1521.063,23.837,1.509,48,15,37,,
T,2023-04-22 13:30:25,6.24968833,-75.56269167,3.10,1521.163,23.837,1.426,52,14,37,,
T,2023-04-22 13:30:26,6.24970333,-75.56268500,3.10,1521.163,23.837,1.422,49,14,37,,
T,2023-04-22 13:30:27,6.24972000,-75.56267833,3.10,1520.764,23.836,1.335,47,13,37,,
T,2023-04-22 13:30:28,6.24973667,-75.56267833,3.10,1520.664,23.836,1.150,37,13,37,,
T,2023-04-22 13:30:29,6.24975167,-75.56267833,3.10,1520.764,23.836,1.264,19,14,37,,
T,2023-04-22 13:30:30,6.24976333,-75.56267667,3.10,1520.564,23.836,1.259,347,14,37,,
T,2023-04-22 13:30:31,6.24976667,-75.56266833,3.00,1519.964,23.836,0.000,,15,37,,
T,2023-04-22 13:30:32,6.24977833,-75.56266333,2.90,1519.664,23.836,0.000,,16,37,,
T,2023-04-22 13:30:33,6.24979500,-75.56266333,2.80,1519.364,23.836,1.132,43,16,37,,
T,2023-04-22 13:30:34,6.24981833,-75.56266333,2.70,1518.764,23.836,1.156,38,16,37,,
T,2023-04-22 13:30:35,6.24983667,-75.56265667,2.70,1518.464,23.836,1.673,35,15,37,,
T,2023-04-22 13:30:36,6.24985167,-75.56265333,2.70,1518.564,23.836,1.328,29,16,37,,
T,2023-04-22 13:30:37,6.24986333,-75.56265000,2.80,1518.764,23.836,1.344,34,15,37,,
T,2023-04-22 13:30:38,6.24988167,-75.56264833,2.70,1518.664,23.836,1.450,35,16,37,,
T,2023-04-22 13:30:39,6.24990333,-75.56265333,2.60,1518.864,23.836,1.791,28,16,37,,
T,2023-04-22 13:30:40,6.24992333,-75.56265333,2.60,1518.864,23.836,1.815,15,16,37,,
T,2023-04-22 13:30:41,6.24994000,-75.56265167,2.60,1518.864,23.836,1.456,18,16,37,,
T,2023-04-22 13:30:42,6.24994833,-75.56264333,2.50,1518.864,23.836,1.255,30,18,37,,
T,2023-04-22 13:30:43,6.24996000,-75.56263833,2.50,1518.764,23.836,1.125,25,18,37,,
T,2023-04-22 13:30:44,6.24997333,-75.56263167,2.40,1518.664,23.836,1.325,26,17,37,,
T,2023-04-22 13:30:45,6.24998667,-75.56262167,2.40,1518.564,23.836,1.342,19,17,37,,
T,2023-04-22 13:30:46,6.24999667,-75.56261333,2.40,1518.764,23.836,1.307,28,17,37,,
T,2023-04-22 13:30:47,6.25000167,-75.56259833,2.40,1518.664,23.836,1.318,65,17,37,,
T,2023-04-22 13:30:48,6.25000667,-75.56258167,2.40,1518.365,23.835,1.096,73,17,37,,
T,2023-04-22 13:30:49,6.25001000,-75.56256833,2.40,1518.265,23.835,1.227,70,17,37,,
T,2023-04-22 13:30:50,6.25001500,-75.56255333,2.50,1518.165,23.835,1.489,62,17,37,,
T,2023-04-22 13:30:51,6.25002500,-75.56254167,2.60,1518.065,23.835,1.395,56,17,37,,
T,2023-04-22 13:30:52,6.25003500,-75.56253000,2.60,1517.965,23.835,1.369,63,16,37,,
T,2023-04-22 13:30:53,6.25003833,-75.56251000,2.70,1517.865,23.835,1.599,88,17,37,,
T,2023-04-22 13:30:54,6.25004500,-75.56249500,2.70,1517.665,23.835,1.578,83,17,37,,
T,2023-04-22 13:30:55,6.25004333,-75.56247167,2.60,1517.265,23.835,1.739,70,18,37,,
T,2023-04-22 13:30:56,6.25004333,-75.56245333,2.50,1516.565,23.835,1.709,74,18,37,,
T,2023-04-22 13:30:57,6.25005167,-75.56244167,2.50,1516.165,23.835,1.669,61,18,37,,
T,2023-04-22 13:30:58,6.25006667,-75.56243833,2.50,1516.065,23.835,1.441,40,17,37,,
T,2023-04-22 13:30:59,6.25008000,-75.56243500,2.40,1515.966,23.834,1.346,43,17,37,,
T,2023-04-22 13:31:00,6.25009000,-75.56242500,2.40,1515.866,23.834,1.595,49,16,37,,
T,2023-04-22 13:31:01,6.25009667,-75.56241167,2.40,1515.866,23.834,1.618,55,16,37,,
T,2023-04-22 13:31:02,6.25010333,-75.56240000,2.50,1515.666,23.834,1.806,56,14,37,,
T,2023-04-22 13:31:03,6.25011500,-75.56238833,2.60,1515.666,23.834,1.790,44,15,37,,
T,2023-04-22 13:31:04,6.25012167,-75.56237500,2.70,1515.466,23.834,1.755,54,16,37,,
T,2023-04-22 13:31:05,6.25013000,-75.56236333,2.70,1515.466,23.834,1.386,44,16,37,,
T,2023-04-22 13:31:06,6.25016167,-75.56237500,2.70,1515.066,23.834,1.532,33,15,37,,
T,2023-04-22 13:31:07,6.25019500,-75.56238500,2.70,1514.666,23.834,1.562,17,14,37,,
T,2023-04-22 13:31:08,6.25022667,-75.56239667,2.60,1514.166,23.834,1.776,13,14,37,,
T,2023-04-22 13:31:09,6.25025167,-75.56240833,2.60,1513.766,23.834,1.682,358,15,37,,
T,2023-04-22 13:31:10,6.25027167,-75.56241333,2.60,1513.366,23.834,1.599,12,15,37,,
T,2023-04-22 13:31:11,6.25028833,-75.56241333,2.60,1513.166,23.834,1.583,34,15,37,,
T,2023-04-22 13:31:12,6.25029667,-75.56240333,2.60,1513.066,23.834,1.818,54,16,38,,
T,2023-04-22 13:31:13,6.25032500,-75.56241167,2.40,1512.566,23.834,1.701,36,16,38,,
T,2023-04-22 13:31:14,6.25034833,-75.56241667,2.40,1512.166,23.834,2.148,28,18,38,,
T,2023-04-22 13:31:15,6.25036667,-75.56242167,2.40,1511.466,23.834,1.830,21,19,38,,
T,2023-04-22 13:31:16,6.25038333,-75.56243833,2.20,1511.266,23.834,1.319,53,19,38,,
T,2023-04-22 13:31:17,6.25039500,-75.56244000,2.20,1511.166,23.834,1.106,32,18,38,,
