type,date time,latitude,longitude,accuracy(m),altitude(m),geoid_height(m),speed(m/s),bearing(deg),sat_used,sat_inview,name,desc
T,2023-03-27 11:28:26,6.16546000,-75.59730833,1.50,1553.419,24.181,0.000,,25,44,20230327-062826,GPS Logger: 20230327-062826 - Nmax_viaje_9
T,2023-03-27 11:28:27,6.16546000,-75.59730833,1.50,1553.419,24.181,0.000,,26,44,,
T,2023-03-27 11:28:28,6.16546000,-75.59730833,1.50,1553.419,24.181,0.000,,26,44,,
T,2023-03-27 11:28:29,6.16546000,-75.59730833,1.60,1553.419,24.181,0.000,,27,44,,
T,2023-03-27 11:28:30,6.16546000,-75.59730833,1.60,1553.419,24.181,0.000,,27,44,,
T,2023-03-27 11:28:31,6.16546000,-75.59730833,1.60,1553.419,24.181,0.000,,26,44,,
T,2023-03-27 11:28:32,6.16546000,-75.59730833,1.60,1553.419,24.181,0.000,,26,44,,
T,2023-03-27 11:28:33,6.16546000,-75.59730833,1.60,1553.419,24.181,0.000,,25,44,,
T,2023-03-27 11:28:34,6.16546000,-75.59730833,1.60,1553.419,24.181,0.000,,26,44,,
T,2023-03-27 11:28:35,6.16546000,-75.59730833,1.70,1553.419,24.181,0.000,,24,44,,
T,2023-03-27 11:28:36,6.16546000,-75.59730833,1.70,1553.419,24.181,0.000,,25,44,,
T,2023-03-27 11:28:37,6.16546000,-75.59730833,1.70,1553.419,24.181,0.000,,25,44,,
T,2023-03-27 11:28:38,6.16546000,-75.59730833,1.70,1553.419,24.181,0.000,,25,44,,
T,2023-03-27 11:28:39,6.16546000,-75.59730833,1.70,1553.419,24.181,0.000,,25,44,,
T,2023-03-27 11:28:40,6.16545000,-75.59729000,1.80,1550.719,24.181,0.180,36,23,44,,
T,2023-03-27 11:28:41,6.16545667,-75.59728833,1.80,1550.319,24.181,0.245,36,23,44,,
T,2023-03-27 11:28:42,6.16546333,-75.59728500,1.90,1550.119,24.181,0.323,30,23,44,,
T,2023-03-27 11:28:43,6.16547500,-75.59728167,1.90,1549.919,24.181,0.460,29,24,44,,
T,2023-03-27 11:28:44,6.16549500,-75.59727833,2.00,1549.519,24.181,0.638,26,23,44,,
T,2023-03-27 11:28:45,6.16552167,-75.59726500,2.10,1549.419,24.181,0.933,39,23,44,,
T,2023-03-27 11:28:46,6.16556167,-75.59723667,2.00,1549.420,24.180,1.332,38,24,44,,
T,2023-03-27 11:28:47,6.16559833,-75.59720167,2.20,1549.320,24.180,1.832,41,25,44,,
T,2023-03-27 11:28:48,6.16564167,-75.59715833,2.40,1549.420,24.180,2.389,44,25,44,,
T,2023-03-27 11:28:49,6.16568833,-75.59711500,2.50,1549.321,24.179,2.976,41,24,44,,
T,2023-03-27 11:28:50,6.16574000,-75.59706000,2.50,1549.321,24.179,3.657,41,25,44,,
T,2023-03-27 11:28:51,6.16581000,-75.59699500,2.10,1549.421,24.179,7.564,44,25,44,,
T,2023-03-27 11:28:52,6.16586500,-75.59694167,2.00,1549.022,24.178,7.321,43,23,44,,
T,2023-03-27 11:28:53,6.16591833,-75.59689333,1.90,1548.322,24.178,6.691,46,24,44,,
T,2023-03-27 11:28:54,6.16595333,-75.59684833,1.90,1547.122,24.178,5.749,50,24,44,,
T,2023-03-27 11:28:55,6.16597667,-75.59681667,1.90,1546.323,24.177,4.428,47,25,44,,
T,2023-03-27 11:28:56,6.16600333,-75.59679833,1.90,1545.823,24.177,3.316,49,25,44,,
T,2023-03-27 11:28:57,6.16602333,-75.59677500,1.70,1545.423,24.177,3.223,51,25,44,,
T,2023-03-27 11:28:58,6.16604333,-75.59675167,1.60,1545.523,24.177,3.610,52,25,44,,
T,2023-03-27 11:28:59,6.16606500,-75.59672500,1.60,1545.423,24.177,4.559,50,25,44,,
T,2023-03-27 11:29:00,6.16609333,-75.59669500,1.60,1544.723,24.177,5.157,44,25,44,,
T,2023-03-27 11:29:01,6.16613000,-75.59666333,1.90,1544.324,24.176,5.921,44,25,44,,
T,2023-03-27 11:29:02,6.16618000,-75.59661833,2.10,1543.824,24.176,7.111,42,25,44,,
T,2023-03-27 11:29:03,6.16622500,-75.59656833,2.10,1543.524,24.176,7.336,47,25,44,,
T,2023-03-27 11:29:04,6.16627667,-75.59651667,2.00,1542.725,24.175,8.051,47,26,44,,
T,2023-03-27 11:29:05,6.16632833,-75.59646333,2.00,1542.125,24.175,8.395,42,26,44,,
T,2023-03-27 11:29:06,6.16639167,-75.59641833,2.00,1541.426,24.174,8.750,36,26,44,,
T,2023-03-27 11:29:07,6.16646167,-75.59637667,2.20,1541.026,24.174,8.295,30,26,44,,
T,2023-03-27 11:29:08,6.16653000,-75.59634833,2.20,1541.126,24.174,8.012,25,26,44,,
T,2023-03-27 11:29:09,6.16659833,-75.59633000,2.20,1540.626,24.174,8.370,18,26,44,,
T,2023-03-27 11:29:10,6.16666500,-75.59631000,2.20,1539.327,24.173,8.354,16,25,44,,
T,2023-03-27 11:29:11,6.16673333,-75.59628833,2.10,1538.427,24.173,8.525,14,25,44,,
T,2023-03-27 11:29:12,6.16680500,-75.59627000,2.10,1537.827,24.173,8.116,16,24,44,,
T,2023-03-27 11:29:13,6.16688167,-75.59625333,2.20,1537.427,24.173,8.248,18,24,44,,
T,2023-03-27 11:29:14,6.16695333,-75.59623167,2.00,1537.128,24.172,8.083,19,24,44,,
T,2023-03-27 11:29:15,6.16702500,-75.59620667,1.90,1537.428,24.172,8.044,18,25,44,,
T,2023-03-27 11:29:16,6.16709833,-75.59618333,2.00,1537.728,24.172,7.961,20,25,44,,
T,2023-03-27 11:29:17,6.16716667,-75.59616000,1.90,1537.828,24.172,7.930,19,25,44,,
T,2023-03-27 11:29:18,6.16722833,-75.59614167,2.10,1537.729,24.171,7.098,19,24,44,,
T,2023-03-27 11:29:19,6.16727833,-75.59612167,2.30,1537.629,24.171,6.218,19,24,44,,
T,2023-03-27 11:29:20,6.16731833,-75.59610667,2.30,1537.229,24.171,4.823,21,25,44,,
T,2023-03-27 11:29:21,6.16734500,-75.59609333,2.30,1537.029,24.171,3.673,25,25,44,,
T,2023-03-27 11:29:22,6.16736833,-75.59608833,2.40,1537.129,24.171,2.610,27,24,44,,
T,2023-03-27 11:29:23,6.16738333,-75.59608333,2.40,1537.229,24.171,2.305,18,24,44,,
T,2023-03-27 11:29:24,6.16740000,-75.59608500,2.30,1537.629,24.171,1.533,5,25,44,,
T,2023-03-27 11:29:25,6.16740167,-75.59608500,2.30,1538.229,24.171,0.000,,26,44,,
T,2023-03-27 11:29:26,6.16740333,-75.59608500,2.20,1538.129,24.171,0.000,,26,44,,
T,2023-03-27 11:29:27,6.16741167,-75.59608667,2.10,1538.029,24.171,0.000,,26,44,,
T,2023-03-27 11:29:28,6.16741167,-75.59608667,2.10,1538.029,24.171,0.000,,26,44,,
T,2023-03-27 11:29:29,6.16743500,-75.59610667,2.10,1538.729,24.171,1.847,329,26,44,,
T,2023-03-27 11:29:30,6.16745333,-75.59614667,2.20,1539.629,24.171,2.999,315,26,44,,
T,2023-03-27 11:29:31,6.16747500,-75.59620000,2.20,1540.029,24.171,4.051,301,24,44,,
T,2023-03-27 11:29:32,6.16750167,-75.59624167,2.20,1540.629,24.171,4.730,294,24,44,,
T,2023-03-27 11:29:33,6.16751833,-75.59627833,2.20,1541.128,24.172,4.154,285,24,44,,
T,2023-03-27 11:29:34,6.16752833,-75.59632333,2.20,1541.628,24.172,4.962,285,24,44,,
T,2023-03-27 11:29:35,6.16754333,-75.59636667,2.20,1541.928,24.172,5.155,286,24,44,,
T,2023-03-27 11:29:36,6.16756167,-75.59641833,2.30,1541.828,24.172,5.646,289,24,44,,
T,2023-03-27 11:29:37,6.16758333,-75.59647667,2.20,1541.628,24.172,5.855,288,24,44,,
T,2023-03-27 11:29:38,6.16760833,-75.59652000,2.20,1541.927,24.173,4.396,293,24,44,,
T,2023-03-27 11:29:39,6.16763500,-75.59654333,2.20,1541.727,24.173,3.066,307,24,44,,
T,2023-03-27 11:29:40,6.16765500,-75.59656833,2.10,1541.427,24.173,3.474,311,24,44,,
T,2023-03-27 11:29:41,6.16767833,-75.59659333,2.20,1541.527,24.173,4.347,305,24,44,,
T,2023-03-27 11:29:42,6.16770833,-75.59662667,2.30,1542.127,24.173,4.878,313,24,44,,
T,2023-03-27 11:29:43,6.16774500,-75.59666667,2.30,1542.827,24.173,6.029,317,24,44,,
T,2023-03-27 11:29:44,6.16778667,-75.59671333,2.30,1543.827,24.173,6.724,315,24,44,,
T,2023-03-27 11:29:45,6.16783000,-75.59676667,2.60,1544.327,24.173,7.215,313,22,44,,
T,2023-03-27 11:29:46,6.16788500,-75.59682167,2.60,1544.726,24.174,8.603,312,22,44,,
T,2023-03-27 11:29:47,6.16793667,-75.59689000,2.60,1544.726,24.174,8.944,308,22,44,,
T,2023-03-27 11:29:48,6.16799833,-75.59696500,2.60,1544.126,24.174,8.923,307,21,44,,
T,2023-03-27 11:29:49,6.16805167,-75.59703167,2.60,1543.526,24.174,8.454,311,22,44,,
T,2023-03-27 11:29:50,6.16810667,-75.59709667,2.60,1543.725,24.175,7.921,311,20,44,,
T,2023-03-27 11:29:51,6.16815833,-75.59714500,2.50,1543.625,24.175,6.786,307,20,44,,
T,2023-03-27 11:29:52,6.16821333,-75.59717833,2.50,1543.625,24.175,5.759,318,20,44,,
T,2023-03-27 11:29:53,6.16827000,-75.59718833,2.40,1543.925,24.175,4.974,334,21,44,,
T,2023-03-27 11:29:54,6.16831833,-75.59718833,2.40,1543.925,24.175,4.361,345,23,44,,
T,2023-03-27 11:29:55,6.16836167,-75.59717333,2.40,1544.325,24.175,3.628,7,22,44,,
T,2023-03-27 11:29:56,6.16839500,-75.59715667,2.40,1544.126,24.174,2.571,11,23,44,,
T,2023-03-27 11:29:57,6.16841667,-75.59713833,2.40,1543.926,24.174,1.511,38,23,44,,
T,2023-03-27 11:29:58,6.16843000,-75.59712667,2.30,1543.926,24.174,0.000,,25,44,,
T,2023-03-27 11:29:59,6.16842667,-75.59711333,2.20,1543.326,24.174,0.000,,24,44,,
T,2023-03-27 11:30:00,6.16843167,-75.59710667,2.10,1542.926,24.174,0.000,,24,44,,
T,2023-03-27 11:30:01,6.16843167,-75.59710667,2.10,1542.926,24.174,0.000,,24,44,,
T,2023-03-27 11:30:02,6.16843167,-75.59710667,2.10,1542.926,24.174,0.000,,24,44,,
T,2023-03-27 11:30:03,6.16843167,-75.59710667,2.10,1542.926,24.174,0.000,,24,44,,
T,2023-03-27 11:30:04,6.16843167,-75.59710667,2.10,1542.926,24.174,0.000,,24,44,,
T,2023-03-27 11:30:05,6.16843167,-75.59710667,2.00,1542.926,24.174,0.000,,24,44,,
T,2023-03-27 11:30:06,6.16843167,-75.59710667,2.10,1542.926,24.174,0.000,,23,44,,
T,2023-03-27 11:30:07,6.16843167,-75.59710667,2.10,1542.926,24.174,0.000,,23,44,,
T,2023-03-27 11:30:08,6.16843167,-75.59710667,2.10,1542.926,24.174,0.000,,23,44,,
T,2023-03-27 11:30:09,6.16843167,-75.59710667,2.10,1542.926,24.174,0.000,,23,44,,
T,2023-03-27 11:30:10,6.16843167,-75.59710667,2.10,1542.926,24.174,0.000,,21,44,,
T,2023-03-27 11:30:11,6.16843167,-75.59710667,2.10,1542.926,24.174,0.000,,21,44,,
T,2023-03-27 11:30:12,6.16843167,-75.59710667,2.10,1542.926,24.174,0.000,,20,44,,
T,2023-03-27 11:30:13,6.16852333,-75.59705333,2.10,1540.626,24.174,0.132,38,21,44,,
T,2023-03-27 11:30:14,6.16855833,-75.59703500,2.20,1540.627,24.173,2.122,22,22,44,,
T,2023-03-27 11:30:15,6.16859667,-75.59700500,2.20,1540.627,24.173,3.744,38,23,44,,
T,2023-03-27 11:30:16,6.16864500,-75.59696500,2.30,1540.527,24.173,5.253,39,23,44,,
T,2023-03-27 11:30:17,6.16870333,-75.59691667,2.40,1540.427,24.173,6.667,41,23,44,,
T,2023-03-27 11:30:18,6.16876833,-75.59685333,2.40,1540.328,24.172,7.793,45,22,44,,
T,2023-03-27 11:30:19,6.16884500,-75.59679167,2.50,1540.328,24.172,8.974,44,21,44,,
T,2023-03-27 11:30:20,6.16892500,-75.59671500,2.60,1540.229,24.171,9.712,45,21,44,,
T,2023-03-27 11:30:21,6.16900000,-75.59665000,2.60,1540.229,24.171,10.291,42,21,44,,
T,2023-03-27 11:30:22,6.16908833,-75.59657667,2.50,1540.130,24.170,10.796,43,21,44,,
T,2023-03-27 11:30:23,6.16917000,-75.59650000,2.50,1540.031,24.169,10.795,45,21,44,,
T,2023-03-27 11:30:24,6.16924000,-75.59642667,2.60,1539.131,24.169,10.432,46,21,44,,
T,2023-03-27 11:30:25,6.16931000,-75.59635000,2.60,1538.332,24.168,10.538,45,21,44,,
T,2023-03-27 11:30:26,6.16937833,-75.59627333,2.60,1537.332,24.168,10.827,46,21,44,,
T,2023-03-27 11:30:27,6.16944667,-75.59619667,2.60,1536.233,24.167,10.530,46,21,44,,
T,2023-03-27 11:30:28,6.16950333,-75.59613167,2.50,1534.333,24.167,10.675,41,21,44,,
T,2023-03-27 11:30:29,6.16956333,-75.59606833,2.40,1531.934,24.166,11.319,44,21,44,,
T,2023-03-27 11:30:30,6.16965167,-75.59598667,2.40,1531.734,24.166,12.003,42,21,44,,
T,2023-03-27 11:30:31,6.16973667,-75.59591167,2.20,1532.035,24.165,12.269,43,21,44,,
T,2023-03-27 11:30:32,6.16983000,-75.59583333,2.30,1532.535,24.165,12.826,45,23,45,,
T,2023-03-27 11:30:33,6.16991500,-75.59575000,2.30,1533.136,24.164,13.441,47,24,45,,
T,2023-03-27 11:30:34,6.17000500,-75.59566333,2.30,1532.737,24.163,13.228,46,24,45,,
T,2023-03-27 11:30:35,6.17009000,-75.59557333,2.30,1533.237,24.163,13.581,45,25,45,,
T,2023-03-27 11:30:36,6.17017833,-75.59548000,2.30,1533.138,24.162,13.984,45,24,45,,
T,2023-03-27 11:30:37,6.17027500,-75.59538500,2.30,1534.338,24.162,14.018,45,22,45,,
T,2023-03-27 11:30:38,6.17037000,-75.59529167,2.30,1533.439,24.161,14.103,43,22,45,,
T,2023-03-27 11:30:39,6.17047000,-75.59519333,2.30,1533.040,24.160,14.201,43,22,45,,
T,2023-03-27 11:30:40,6.17057000,-75.59509500,2.30,1533.241,24.159,14.576,44,22,45,,
T,2023-03-27 11:30:41,6.17066333,-75.59500000,2.30,1532.141,24.159,14.495,44,22,45,,
T,2023-03-27 11:30:42,6.17075833,-75.59490833,2.30,1533.142,24.158,14.559,44,21,45,,
T,2023-03-27 11:30:43,6.17085500,-75.59481500,2.40,1533.243,24.157,14.723,44,21,45,,
T,2023-03-27 11:30:44,6.17096000,-75.59472333,2.40,1534.643,24.157,14.712,43,20,45,,
T,2023-03-27 11:30:45,6.17105500,-75.59463500,2.40,1533.944,24.156,14.780,45,19,45,,
T,2023-03-27 11:30:46,6.17115500,-75.59454667,2.40,1534.045,24.155,15.084,45,19,45,,
T,2023-03-27 11:30:47,6.17124833,-75.59445333,2.30,1531.845,24.155,15.075,46,20,45,,
T,2023-03-27 11:30:48,6.17134833,-75.59436167,2.40,1531.846,24.154,15.494,45,20,45,,
T,2023-03-27 11:30:49,6.17144333,-75.59426000,2.50,1532.447,24.153,15.221,46,20,45,,
T,2023-03-27 11:30:50,6.17154667,-75.59415833,2.40,1533.047,24.153,15.546,44,20,45,,
T,2023-03-27 11:30:51,6.17164500,-75.59406000,2.40,1533.248,24.152,15.555,45,21,45,,
T,2023-03-27 11:30:52,6.17174833,-75.59395667,2.40,1533.949,24.151,15.534,45,21,45,,
T,2023-03-27 11:30:53,6.17185000,-75.59385667,2.40,1533.750,24.150,15.657,45,21,45,,
T,2023-03-27 11:30:54,6.17196167,-75.59374167,2.30,1533.550,24.150,15.893,43,22,45,,
T,2023-03-27 11:30:55,6.17207167,-75.59364167,2.30,1536.251,24.149,15.823,44,23,45,,
T,2023-03-27 11:30:56,6.17216167,-75.59354167,2.30,1535.652,24.148,15.517,44,23,45,,
T,2023-03-27 11:30:57,6.17226000,-75.59344667,2.30,1535.352,24.148,15.676,44,23,45,,
T,2023-03-27 11:30:58,6.17235833,-75.59335500,2.30,1535.253,24.147,15.633,43,24,45,,
T,2023-03-27 11:30:59,6.17246333,-75.59326333,2.10,1536.754,24.146,14.714,43,24,45,,
T,2023-03-27 11:31:00,6.17256333,-75.59317333,2.00,1537.755,24.145,15.033,42,24,45,,
T,2023-03-27 11:31:01,6.17266667,-75.59308833,1.90,1539.255,24.145,14.249,41,24,45,,
T,2023-03-27 11:31:02,6.17276833,-75.59300833,1.80,1540.956,24.144,14.211,38,25,45,,
T,2023-03-27 11:31:03,6.17286667,-75.59292667,1.70,1541.756,24.144,14.231,39,26,45,,
T,2023-03-27 11:31:04,6.17296333,-75.59284500,1.70,1542.157,24.143,14.244,38,26,45,,
T,2023-03-27 11:31:05,6.17306333,-75.59276167,1.60,1542.858,24.142,14.405,38,26,45,,
T,2023-03-27 11:31:06,6.17315667,-75.59267667,2.10,1542.158,24.142,14.208,37,26,45,,
T,2023-03-27 11:31:07,6.17326000,-75.59259167,2.10,1541.159,24.141,14.922,37,25,45,,
T,2023-03-27 11:31:08,6.17337333,-75.59251500,2.20,1541.160,24.140,15.346,35,25,45,,
T,2023-03-27 11:31:09,6.17348167,-75.59243167,2.10,1541.360,24.140,15.658,34,25,45,,
T,2023-03-27 11:31:10,6.17360333,-75.59234500,2.10,1541.461,24.139,16.266,36,26,45,,
T,2023-03-27 11:31:11,6.17372167,-75.59226000,2.20,1541.562,24.138,16.383,35,26,45,,
T,2023-03-27 11:31:12,6.17384333,-75.59218000,2.20,1539.862,24.138,16.708,35,26,45,,
T,2023-03-27 11:31:13,6.17397333,-75.59209500,2.20,1538.963,24.137,16.760,37,26,45,,
T,2023-03-27 11:31:14,6.17409500,-75.59201167,2.20,1538.864,24.136,16.826,36,26,45,,
T,2023-03-27 11:31:15,6.17421000,-75.59193500,2.30,1537.564,24.136,15.132,34,26,45,,
T,2023-03-27 11:31:16,6.17431500,-75.59185333,2.40,1537.165,24.135,15.354,38,26,45,,
T,2023-03-27 11:31:17,6.17442833,-75.59177667,2.40,1536.065,24.135,15.433,36,25,45,,
T,2023-03-27 11:31:18,6.17453833,-75.59170000,2.40,1534.266,24.134,14.782,36,25,45,,
T,2023-03-27 11:31:19,6.17465333,-75.59162333,2.30,1532.567,24.133,15.402,36,24,45,,
T,2023-03-27 11:31:20,6.17477000,-75.59155000,2.30,1530.967,24.133,15.489,34,24,45,,
T,2023-03-27 11:31:21,6.17488667,-75.59147000,2.10,1530.068,24.132,15.629,36,23,45,,
T,2023-03-27 11:31:22,6.17500500,-75.59138500,2.30,1528.369,24.131,15.750,36,23,45,,
T,2023-03-27 11:31:23,6.17513167,-75.59129667,2.40,1527.169,24.131,15.710,35,23,45,,
T,2023-03-27 11:31:24,6.17525167,-75.59121500,2.30,1528.570,24.130,15.832,34,23,44,,
T,2023-03-27 11:31:25,6.17535500,-75.59114167,2.30,1527.971,24.129,15.183,35,23,44,,
T,2023-03-27 11:31:26,6.17546500,-75.59107167,2.50,1527.771,24.129,14.740,34,21,44,,
T,2023-03-27 11:31:27,6.17557167,-75.59100500,2.30,1526.772,24.128,14.400,36,21,44,,
T,2023-03-27 11:31:28,6.17568167,-75.59093667,2.60,1526.072,24.128,14.121,37,20,44,,
T,2023-03-27 11:31:29,6.17578333,-75.59086167,2.50,1526.173,24.127,13.486,38,21,44,,
T,2023-03-27 11:31:30,6.17588500,-75.59078833,2.50,1526.173,24.127,13.526,37,22,44,,
T,2023-03-27 11:31:31,6.17598000,-75.59072000,2.50,1525.074,24.126,13.360,36,23,44,,
T,2023-03-27 11:31:32,6.17606167,-75.59065833,2.40,1522.674,24.126,13.395,35,23,44,,
T,2023-03-27 11:31:33,6.17616000,-75.59058500,2.30,1521.375,24.125,13.779,34,22,44,,
T,2023-03-27 11:31:34,6.17626500,-75.59051000,2.30,1520.776,24.124,13.964,36,24,44,,
T,2023-03-27 11:31:35,6.17636500,-75.59043667,2.30,1519.876,24.124,13.987,37,23,44,,
T,2023-03-27 11:31:36,6.17647167,-75.59035667,2.40,1519.177,24.123,13.957,36,21,44,,
T,2023-03-27 11:31:37,6.17658000,-75.59028333,2.40,1518.177,24.123,14.083,34,21,44,,
T,2023-03-27 11:31:38,6.17668500,-75.59021833,2.40,1517.878,24.122,13.541,36,22,44,,
T,2023-03-27 11:31:39,6.17679000,-75.59014500,2.40,1517.379,24.121,13.525,33,22,44,,
T,2023-03-27 11:31:40,6.17689333,-75.59008000,2.40,1517.079,24.121,13.487,33,22,44,,
T,2023-03-27 11:31:41,6.17700000,-75.59001167,2.30,1517.180,24.120,13.510,30,22,44,,
T,2023-03-27 11:31:42,6.17711667,-75.58994167,2.30,1516.880,24.120,13.437,33,22,44,,
T,2023-03-27 11:31:43,6.17722167,-75.58986500,2.40,1516.381,24.119,13.407,33,19,44,,
T,2023-03-27 11:31:44,6.17733167,-75.58978833,2.30,1516.281,24.119,13.400,35,19,44,,
T,2023-03-27 11:31:45,6.17743833,-75.58971333,2.30,1516.082,24.118,13.524,35,21,44,,
T,2023-03-27 11:31:46,6.17753833,-75.58964167,2.30,1515.883,24.117,11.805,32,20,44,,
T,2023-03-27 11:31:47,6.17763333,-75.58957000,2.30,1515.883,24.117,12.034,34,20,44,,
T,2023-03-27 11:31:48,6.17773500,-75.58948667,2.20,1515.884,24.116,13.740,36,20,44,,
T,2023-03-27 11:31:49,6.17784000,-75.58940667,2.20,1515.384,24.116,14.076,35,19,44,,
T,2023-03-27 11:31:50,6.17794000,-75.58932500,2.30,1514.985,24.115,13.446,37,19,44,,
T,2023-03-27 11:31:51,6.17804000,-75.58924833,2.30,1514.686,24.114,13.449,34,19,44,,
T,2023-03-27 11:31:52,6.17814667,-75.58917500,2.30,1514.386,24.114,14.505,33,19,44,,
T,2023-03-27 11:31:53,6.17825500,-75.58909333,2.70,1513.987,24.113,14.780,36,18,44,,
T,2023-03-27 11:31:54,6.17835167,-75.58900500,2.50,1507.488,24.112,14.939,37,18,44,,
T,2023-03-27 11:31:55,6.17846333,-75.58892000,2.60,1507.888,24.112,14.506,38,18,44,,
T,2023-03-27 11:31:56,6.17857833,-75.58884167,2.60,1509.589,24.111,13.907,37,17,44,,
T,2023-03-27 11:31:57,6.17870500,-75.58876000,2.40,1512.990,24.110,14.159,37,17,44,,
T,2023-03-27 11:31:58,6.17880667,-75.58868833,2.30,1512.490,24.110,14.181,35,17,44,,
T,2023-03-27 11:31:59,6.17891333,-75.58861167,2.30,1512.691,24.109,14.646,34,18,44,,
T,2023-03-27 11:32:00,6.17902333,-75.58853500,2.30,1512.591,24.109,14.910,32,19,44,,
T,2023-03-27 11:32:01,6.17913500,-75.58846167,2.60,1512.592,24.108,14.651,31,19,44,,
T,2023-03-27 11:32:02,6.17923833,-75.58839000,2.80,1512.793,24.107,14.202,33,19,44,,
T,2023-03-27 11:32:03,6.17935000,-75.58831167,2.50,1513.393,24.107,14.403,35,20,44,,
T,2023-03-27 11:32:04,6.17946000,-75.58823167,2.30,1513.394,24.106,15.129,36,21,44,,
T,2023-03-27 11:32:05,6.17958833,-75.58815833,2.40,1514.894,24.106,14.704,35,21,44,,
T,2023-03-27 11:32:06,6.17970333,-75.58807833,2.30,1514.895,24.105,14.716,35,21,44,,
T,2023-03-27 11:32:07,6.17981500,-75.58799833,2.20,1514.896,24.104,14.605,35,22,44,,
T,2023-03-27 11:32:08,6.17992667,-75.58791833,2.10,1514.996,24.104,14.491,36,22,44,,
T,2023-03-27 11:32:09,6.18002833,-75.58784333,2.00,1514.797,24.103,14.538,36,21,44,,
T,2023-03-27 11:32:10,6.18012667,-75.58776667,2.10,1514.697,24.103,13.507,38,22,44,,
T,2023-03-27 11:32:11,6.18022333,-75.58769500,2.10,1514.798,24.102,12.973,35,22,44,,
T,2023-03-27 11:32:12,6.18032000,-75.58762333,2.10,1514.899,24.101,13.544,37,21,44,,
T,2023-03-27 11:32:13,6.18041667,-75.58754500,2.10,1514.699,24.101,13.765,38,21,44,,
T,2023-03-27 11:32:14,6.18051167,-75.58747167,2.10,1514.500,24.100,12.768,35,21,44,,
T,2023-03-27 11:32:15,6.18061333,-75.58740167,2.10,1514.300,24.100,13.697,35,22,44,,
T,2023-03-27 11:32:16,6.18071667,-75.58733833,2.10,1514.501,24.099,13.973,34,21,44,,
T,2023-03-27 11:32:17,6.18082167,-75.58726167,2.10,1514.301,24.099,14.291,35,21,44,,
T,2023-03-27 11:32:18,6.18093000,-75.58719833,2.00,1516.302,24.098,13.929,34,19,44,,
T,2023-03-27 11:32:19,6.18103667,-75.58712167,2.10,1516.203,24.097,14.841,35,19,44,,
T,2023-03-27 11:32:20,6.18113667,-75.58704833,2.10,1516.003,24.097,13.557,35,19,44,,
T,2023-03-27 11:32:21,6.18125167,-75.58697500,2.10,1518.904,24.096,13.010,33,19,44,,
T,2023-03-27 11:32:22,6.18135833,-75.58690500,2.10,1520.304,24.096,12.501,34,20,44,,
T,2023-03-27 11:32:23,6.18145500,-75.58683500,2.30,1522.005,24.095,12.153,35,20,44,,
T,2023-03-27 11:32:24,6.18153167,-75.58677500,2.60,1522.005,24.095,11.424,37,20,44,,
T,2023-03-27 11:32:25,6.18161667,-75.58670500,2.50,1521.906,24.094,11.432,38,19,44,,
T,2023-03-27 11:32:26,6.18170667,-75.58664167,2.40,1521.606,24.094,11.817,35,19,44,,
T,2023-03-27 11:32:27,6.18179167,-75.58657500,2.30,1521.007,24.093,12.105,35,19,44,,
T,2023-03-27 11:32:28,6.18188500,-75.58650333,2.30,1521.108,24.092,12.713,36,17,44,,
T,2023-03-27 11:32:29,6.18197333,-75.58643500,2.30,1520.608,24.092,12.431,38,18,44,,
T,2023-03-27 11:32:30,6.18205667,-75.58636167,2.30,1519.609,24.091,12.708,39,17,44,,
T,2023-03-27 11:32:31,6.18214833,-75.58629000,2.30,1519.109,24.091,12.739,38,17,44,,
T,2023-03-27 11:32:32,6.18223500,-75.58622000,2.30,1518.710,24.090,12.653,38,17,44,,
T,2023-03-27 11:32:33,6.18232667,-75.58614833,2.30,1518.710,24.090,12.412,39,17,44,,
T,2023-03-27 11:32:34,6.18241833,-75.58607167,2.30,1518.611,24.089,12.447,41,18,44,,
T,2023-03-27 11:32:35,6.18250167,-75.58599667,2.30,1518.311,24.089,12.027,42,18,44,,
T,2023-03-27 11:32:36,6.18258667,-75.58592000,2.20,1518.312,24.088,11.388,42,17,44,,
T,2023-03-27 11:32:37,6.18266167,-75.58584833,2.20,1518.412,24.088,10.865,44,17,44,,
T,2023-03-27 11:32:38,6.18272833,-75.58577167,2.50,1517.913,24.087,10.274,49,18,44,,
T,2023-03-27 11:32:39,6.18279500,-75.58571000,2.60,1517.913,24.087,8.612,51,17,44,,
T,2023-03-27 11:32:40,6.18285333,-75.58564333,2.60,1517.314,24.086,8.135,47,18,44,,
T,2023-03-27 11:32:41,6.18291000,-75.58559667,2.60,1517.014,24.086,7.705,43,20,44,,
T,2023-03-27 11:32:42,6.18295833,-75.58555500,2.50,1517.315,24.085,6.854,46,22,44,,
T,2023-03-27 11:32:43,6.18300333,-75.58551667,2.40,1517.715,24.085,6.488,44,24,44,,
T,2023-03-27 11:32:44,6.18304667,-75.58548500,2.40,1518.515,24.085,5.550,45,24,44,,
T,2023-03-27 11:32:45,6.18308667,-75.58545333,2.30,1519.315,24.085,5.136,42,24,44,,
T,2023-03-27 11:32:46,6.18312000,-75.58542167,2.30,1519.516,24.084,5.012,42,24,44,,
T,2023-03-27 11:32:47,6.18315167,-75.58539167,2.20,1520.616,24.084,4.587,47,25,44,,
T,2023-03-27 11:32:48,6.18318167,-75.58535833,2.20,1520.716,24.084,5.123,50,25,44,,
T,2023-03-27 11:32:49,6.18321667,-75.58531833,2.10,1520.816,24.084,5.596,44,24,44,,
T,2023-03-27 11:32:50,6.18325500,-75.58527667,2.10,1520.717,24.083,5.687,47,23,44,,
T,2023-03-27 11:32:51,6.18329667,-75.58523333,2.10,1520.617,24.083,6.019,44,23,44,,
T,2023-03-27 11:32:52,6.18334167,-75.58518833,2.20,1520.617,24.083,6.812,41,23,44,,
T,2023-03-27 11:32:53,6.18339000,-75.58514500,2.20,1520.318,24.082,6.571,41,23,44,,
T,2023-03-27 11:32:54,6.18343833,-75.58510167,2.20,1520.118,24.082,6.555,44,22,44,,
T,2023-03-27 11:32:55,6.18348500,-75.58504667,2.20,1520.318,24.082,7.336,47,24,44,,
T,2023-03-27 11:32:56,6.18352833,-75.58500000,2.20,1519.919,24.081,7.459,47,24,44,,
T,2023-03-27 11:32:57,6.18357833,-75.58494667,2.10,1518.919,24.081,7.313,45,24,44,,
T,2023-03-27 11:32:58,6.18362333,-75.58489667,2.10,1518.319,24.081,6.922,47,24,44,,
T,2023-03-27 11:32:59,6.18367000,-75.58484667,2.00,1518.520,24.080,6.228,44,24,44,,
T,2023-03-27 11:33:00,6.18371333,-75.58480167,2.00,1518.420,24.080,6.189,46,24,44,,
T,2023-03-27 11:33:01,6.18376167,-75.58475000,2.00,1518.820,24.080,6.790,47,23,44,,
T,2023-03-27 11:33:02,6.18381000,-75.58470000,2.00,1518.921,24.079,6.819,48,21,44,,
T,2023-03-27 11:33:03,6.18385667,-75.58465000,2.10,1519.021,24.079,6.949,49,21,44,,
T,2023-03-27 11:33:04,6.18390667,-75.58459667,2.30,1518.321,24.079,7.151,50,21,44,,
T,2023-03-27 11:33:05,6.18395667,-75.58453833,2.30,1517.422,24.078,7.858,53,20,44,,
T,2023-03-27 11:33:06,6.18400667,-75.58447667,2.30,1516.722,24.078,8.055,52,20,44,,
T,2023-03-27 11:33:07,6.18405833,-75.58442000,2.30,1516.823,24.077,7.910,48,20,44,,
T,2023-03-27 11:33:08,6.18411500,-75.58435667,2.50,1516.423,24.077,8.733,50,20,44,,
T,2023-03-27 11:33:09,6.18417500,-75.58429333,2.70,1516.424,24.076,9.155,48,20,44,,
T,2023-03-27 11:33:10,6.18424500,-75.58421500,2.60,1516.624,24.076,10.514,48,20,44,,
T,2023-03-27 11:33:11,6.18430833,-75.58414667,2.50,1516.925,24.075,10.533,49,20,44,,
T,2023-03-27 11:33:12,6.18437833,-75.58407167,2.30,1517.225,24.075,10.102,49,20,44,,
T,2023-03-27 11:33:13,6.18445000,-75.58400667,2.20,1517.526,24.074,9.278,47,21,44,,
T,2023-03-27 11:33:14,6.18451500,-75.58394833,2.20,1517.826,24.074,8.567,46,21,44,,
T,2023-03-27 11:33:15,6.18458500,-75.58389333,2.30,1518.126,24.074,7.593,47,21,44,,
T,2023-03-27 11:33:16,6.18464333,-75.58384667,2.30,1518.527,24.073,7.032,47,22,44,,
T,2023-03-27 11:33:17,6.18468500,-75.58380000,2.20,1518.427,24.073,6.247,48,22,44,,
T,2023-03-27 11:33:18,6.18471667,-75.58376167,2.10,1518.027,24.073,5.219,45,22,44,,
T,2023-03-27 11:33:19,6.18475000,-75.58372667,2.10,1517.828,24.072,5.351,47,22,44,,
T,2023-03-27 11:33:20,6.18477833,-75.58369667,2.10,1517.828,24.072,4.516,47,22,44,,
T,2023-03-27 11:33:21,6.18480000,-75.58367000,2.10,1517.328,24.072,4.157,47,23,44,,
T,2023-03-27 11:33:22,6.18481833,-75.58364667,2.00,1516.828,24.072,3.368,50,23,44,,
T,2023-03-27 11:33:23,6.18483500,-75.58362833,2.00,1516.128,24.072,2.934,40,24,44,,
T,2023-03-27 11:33:24,6.18485500,-75.58360500,2.00,1516.128,24.072,3.670,46,24,44,,
T,2023-03-27 11:33:25,6.18487333,-75.58358167,2.00,1515.829,24.071,3.634,48,24,44,,
T,2023-03-27 11:33:26,6.18489500,-75.58355667,2.00,1516.229,24.071,3.476,47,24,44,,
T,2023-03-27 11:33:27,6.18491333,-75.58354000,2.00,1516.229,24.071,2.990,49,24,44,,
T,2023-03-27 11:33:28,6.18493667,-75.58351667,2.00,1516.229,24.071,3.140,44,24,44,,
T,2023-03-27 11:33:29,6.18496167,-75.58348833,2.00,1516.029,24.071,3.579,52,25,44,,
T,2023-03-27 11:33:30,6.18498500,-75.58346167,2.00,1515.929,24.071,3.361,44,25,44,,
T,2023-03-27 11:33:31,6.18501667,-75.58343333,2.20,1516.030,24.070,3.357,48,24,44,,
T,2023-03-27 11:33:32,6.18504167,-75.58341000,2.20,1515.230,24.070,2.977,45,23,44,,
T,2023-03-27 11:33:33,6.18506000,-75.58339000,2.10,1514.230,24.070,2.772,54,23,44,,
T,2023-03-27 11:33:34,6.18507000,-75.58337333,2.10,1514.230,24.070,1.767,57,23,44,,
T,2023-03-27 11:33:35,6.18507667,-75.58336333,2.10,1514.430,24.070,1.137,57,23,44,,
T,2023-03-27 11:33:36,6.18508333,-75.58335667,2.10,1514.830,24.070,0.000,,23,44,,
T,2023-03-27 11:33:37,6.18508500,-75.58335667,2.10,1514.830,24.070,0.000,,22,44,,
T,2023-03-27 11:33:38,6.18509000,-75.58335833,2.10,1515.030,24.070,0.000,,22,44,,
T,2023-03-27 11:33:39,6.18509000,-75.58335833,2.10,1515.030,24.070,0.000,,22,44,,
T,2023-03-27 11:33:40,6.18509000,-75.58335833,2.00,1515.030,24.070,0.000,,22,44,,
T,2023-03-27 11:33:41,6.18509000,-75.58335833,2.00,1515.030,24.070,0.000,,21,44,,
T,2023-03-27 11:33:42,6.18509000,-75.58335833,2.00,1515.030,24.070,0.000,,20,44,,
T,2023-03-27 11:33:43,6.18509000,-75.58335833,2.00,1515.030,24.070,0.000,,20,44,,
T,2023-03-27 11:33:44,6.18509000,-75.58335833,2.00,1515.030,24.070,0.000,,20,44,,
T,2023-03-27 11:33:45,6.18509000,-75.58335833,2.00,1515.030,24.070,0.000,,19,44,,
T,2023-03-27 11:33:46,6.18509000,-75.58335833,2.00,1515.030,24.070,0.000,,18,44,,
T,2023-03-27 11:33:47,6.18509000,-75.58335833,2.00,1515.030,24.070,0.000,,18,44,,
T,2023-03-27 11:33:48,6.18509000,-75.58335833,2.00,1515.030,24.070,0.000,,17,44,,
T,2023-03-27 11:33:49,6.18509000,-75.58335833,2.00,1515.030,24.070,0.000,,17,44,,
T,2023-03-27 11:33:50,6.18509000,-75.58335833,2.00,1515.030,24.070,0.000,,17,44,,
T,2023-03-27 11:33:51,6.18509000,-75.58335833,2.00,1515.030,24.070,0.000,,17,44,,
T,2023-03-27 11:33:52,6.18509000,-75.58335833,2.00,1515.030,24.070,0.000,,17,44,,
T,2023-03-27 11:33:53,6.18509000,-75.58335833,2.00,1515.030,24.070,0.000,,18,44,,
T,2023-03-27 11:33:54,6.18509000,-75.58335833,2.00,1515.030,24.070,0.000,,18,44,,
T,2023-03-27 11:33:55,6.18509000,-75.58335833,1.20,1515.030,24.070,0.000,,18,44,,
T,2023-03-27 11:33:56,6.18509000,-75.58335833,1.00,1515.030,24.070,0.000,,18,44,,
T,2023-03-27 11:33:57,6.18509000,-75.58335833,1.00,1515.030,24.070,0.000,,18,44,,
T,2023-03-27 11:33:58,6.18509000,-75.58335833,1.00,1515.030,24.070,0.000,,17,44,,
T,2023-03-27 11:33:59,6.18509000,-75.58335833,1.00,1515.030,24.070,0.000,,17,44,,
T,2023-03-27 11:34:00,6.18509000,-75.58335833,1.00,1515.030,24.070,0.000,,17,44,,
T,2023-03-27 11:34:01,6.18509000,-75.58335833,1.00,1515.030,24.070,0.000,,17,44,,
T,2023-03-27 11:34:02,6.18509000,-75.58335833,1.00,1515.030,24.070,0.000,,18,44,,
T,2023-03-27 11:34:03,6.18509000,-75.58335833,1.00,1515.030,24.070,0.000,,18,44,,
T,2023-03-27 11:34:04,6.18509000,-75.58335833,1.00,1515.030,24.070,0.000,,20,44,,
T,2023-03-27 11:34:05,6.18509000,-75.58335833,1.10,1515.030,24.070,0.000,,20,44,,
T,2023-03-27 11:34:06,6.18509000,-75.58335833,1.10,1515.030,24.070,0.000,,21,44,,
T,2023-03-27 11:34:07,6.18509000,-75.58335833,1.10,1515.030,24.070,0.000,,21,44,,
T,2023-03-27 11:34:08,6.18509000,-75.58335833,1.10,1515.030,24.070,0.000,,21,44,,
T,2023-03-27 11:34:09,6.18509000,-75.58335833,1.10,1515.030,24.070,0.000,,21,44,,
T,2023-03-27 11:34:10,6.18509000,-75.58335833,1.00,1515.030,24.070,0.000,,20,44,,
T,2023-03-27 11:34:11,6.18509000,-75.58335833,1.40,1515.030,24.070,0.000,,21,44,,
T,2023-03-27 11:34:12,6.18509000,-75.58335833,1.50,1515.030,24.070,0.000,,20,44,,
T,2023-03-27 11:34:13,6.18509000,-75.58335833,1.70,1515.030,24.070,0.000,,21,44,,
T,2023-03-27 11:34:14,6.18509000,-75.58335833,1.80,1515.030,24.070,0.000,,21,44,,
T,2023-03-27 11:34:15,6.18517833,-75.58328667,2.00,1519.231,24.069,4.086,44,22,44,,
T,2023-03-27 11:34:16,6.18521500,-75.58324667,2.10,1519.031,24.069,5.832,48,22,44,,
T,2023-03-27 11:34:17,6.18525500,-75.58320667,2.10,1518.531,24.069,6.288,46,21,44,,
T,2023-03-27 11:34:18,6.18531000,-75.58315167,2.10,1518.432,24.068,7.288,46,22,44,,
T,2023-03-27 11:34:19,6.18536500,-75.58309333,2.00,1518.032,24.068,8.337,48,24,44,,
T,2023-03-27 11:34:20,6.18542333,-75.58302833,2.00,1517.733,24.067,8.319,50,26,44,,
T,2023-03-27 11:34:21,6.18548333,-75.58296667,1.90,1517.933,24.067,8.693,48,24,44,,
T,2023-03-27 11:34:22,6.18554167,-75.58290667,1.90,1517.733,24.067,8.721,46,24,44,,
T,2023-03-27 11:34:23,6.18560500,-75.58284500,1.90,1517.234,24.066,9.751,45,24,44,,
T,2023-03-27 11:34:24,6.18567333,-75.58277167,1.90,1516.634,24.066,10.762,45,24,44,,
T,2023-03-27 11:34:25,6.18575167,-75.58269333,1.90,1516.035,24.065,11.667,44,24,44,,
T,2023-03-27 11:34:26,6.18583333,-75.58261667,2.20,1514.635,24.065,12.094,42,22,44,,
T,2023-03-27 11:34:27,6.18591833,-75.58254667,2.20,1512.936,24.064,11.394,41,22,44,,
T,2023-03-27 11:34:28,6.18600000,-75.58247833,2.30,1512.237,24.063,10.397,41,22,44,,
T,2023-03-27 11:34:29,6.18607500,-75.58242000,2.10,1511.537,24.063,9.570,40,24,44,,
T,2023-03-27 11:34:30,6.18614667,-75.58236333,2.00,1511.737,24.063,9.783,39,25,44,,
T,2023-03-27 11:34:31,6.18622000,-75.58230833,2.00,1512.138,24.062,10.038,36,24,44,,
T,2023-03-27 11:34:32,6.18629333,-75.58225333,1.90,1511.738,24.062,10.638,36,25,44,,
T,2023-03-27 11:34:33,6.18637667,-75.58219000,1.90,1511.139,24.061,11.577,37,25,44,,
T,2023-03-27 11:34:34,6.18646500,-75.58212667,1.90,1510.839,24.061,12.190,34,24,44,,
T,2023-03-27 11:34:35,6.18656167,-75.58206167,1.90,1510.240,24.060,12.782,32,25,44,,
T,2023-03-27 11:34:36,6.18666333,-75.58199500,2.00,1510.140,24.060,13.226,32,24,44,,
T,2023-03-27 11:34:37,6.18677000,-75.58192500,2.00,1509.541,24.059,13.420,32,24,44,,
T,2023-03-27 11:34:38,6.18687500,-75.58186167,2.00,1508.841,24.059,13.174,30,23,44,,
T,2023-03-27 11:34:39,6.18698000,-75.58180333,2.00,1508.442,24.058,12.556,25,24,44,,
T,2023-03-27 11:34:40,6.18709000,-75.58175167,2.00,1508.142,24.058,12.941,24,24,44,,
T,2023-03-27 11:34:41,6.18720000,-75.58170000,2.00,1507.743,24.057,13.391,25,24,44,,
T,2023-03-27 11:34:42,6.18731000,-75.58165167,2.00,1507.343,24.057,12.952,24,24,44,,
T,2023-03-27 11:34:43,6.18742833,-75.58160167,2.00,1507.644,24.056,14.121,23,23,44,,
T,2023-03-27 11:34:44,6.18754833,-75.58155333,2.00,1507.444,24.056,14.253,23,23,44,,
T,2023-03-27 11:34:45,6.18767500,-75.58150000,2.10,1507.045,24.055,14.675,24,22,44,,
T,2023-03-27 11:34:46,6.18780333,-75.58144500,2.10,1506.445,24.055,14.819,22,21,44,,
T,2023-03-27 11:34:47,6.18792833,-75.58139000,2.20,1506.046,24.054,14.803,24,20,44,,
T,2023-03-27 11:34:48,6.18806833,-75.58132500,2.20,1504.947,24.053,15.110,24,23,44,,
T,2023-03-27 11:34:49,6.18819667,-75.58126667,2.20,1504.147,24.053,15.089,25,22,44,,
T,2023-03-27 11:34:50,6.18832833,-75.58120667,2.20,1503.748,24.052,15.195,24,22,44,,
T,2023-03-27 11:34:51,6.18845667,-75.58115000,2.30,1503.148,24.052,15.379,24,22,44,,
T,2023-03-27 11:34:52,6.18857833,-75.58110667,2.20,1502.449,24.051,14.531,22,22,44,,
T,2023-03-27 11:34:53,6.18870167,-75.58104833,2.20,1502.049,24.051,14.707,24,18,44,,
T,2023-03-27 11:34:54,6.18881833,-75.58100167,2.20,1501.450,24.050,14.193,24,19,44,,
T,2023-03-27 11:34:55,6.18893667,-75.58096667,2.20,1504.050,24.050,14.066,21,19,44,,
T,2023-03-27 11:34:56,6.18905000,-75.58091333,2.10,1503.851,24.049,13.232,23,18,44,,
T,2023-03-27 11:34:57,6.18915833,-75.58086667,2.10,1503.751,24.049,12.338,24,18,44,,
T,2023-03-27 11:34:58,6.18926167,-75.58082000,2.10,1503.452,24.048,12.169,25,17,44,,
T,2023-03-27 11:34:59,6.18936333,-75.58077167,2.20,1503.252,24.048,12.129,23,18,44,,
T,2023-03-27 11:35:00,6.18946667,-75.58073167,2.20,1503.352,24.048,11.528,20,17,44,,
T,2023-03-27 11:35:01,6.18957000,-75.58069333,2.30,1503.453,24.047,11.999,21,18,44,,
T,2023-03-27 11:35:02,6.18967167,-75.58065167,2.20,1504.753,24.047,11.967,23,19,44,,
T,2023-03-27 11:35:03,6.18977833,-75.58060500,2.10,1504.654,24.046,12.207,25,21,44,,
T,2023-03-27 11:35:04,6.18988500,-75.58056167,2.10,1504.654,24.046,12.552,24,21,44,,
T,2023-03-27 11:35:05,6.18999000,-75.58051333,2.10,1504.655,24.045,12.110,25,21,44,,
T,2023-03-27 11:35:06,6.19008833,-75.58047500,2.20,1504.655,24.045,11.093,20,21,44,,
T,2023-03-27 11:35:07,6.19018833,-75.58044833,2.10,1504.255,24.045,10.970,19,20,44,,
T,2023-03-27 11:35:08,6.19028333,-75.58040333,2.10,1504.156,24.044,10.602,20,20,44,,
T,2023-03-27 11:35:09,6.19037333,-75.58037000,2.20,1504.256,24.044,10.045,21,21,44,,
T,2023-03-27 11:35:10,6.19046000,-75.58034000,2.40,1503.956,24.044,9.935,20,20,44,,
T,2023-03-27 11:35:11,6.19054333,-75.58031333,2.30,1503.957,24.043,10.044,17,19,44,,
T,2023-03-27 11:35:12,6.19063500,-75.58030333,2.40,1504.157,24.043,9.805,15,19,44,,
T,2023-03-27 11:35:13,6.19072833,-75.58027833,2.40,1504.757,24.043,9.825,13,20,44,,
T,2023-03-27 11:35:14,6.19082167,-75.58026333,2.30,1505.557,24.043,10.097,11,20,44,,
T,2023-03-27 11:35:15,6.19090500,-75.58025000,2.40,1506.258,24.042,10.268,11,20,44,,
T,2023-03-27 11:35:16,6.19099833,-75.58022667,2.30,1506.458,24.042,10.268,14,20,44,,
T,2023-03-27 11:35:17,6.19109167,-75.58020000,2.20,1506.458,24.042,10.236,12,19,44,,
T,2023-03-27 11:35:18,6.19118333,-75.58017333,2.20,1506.559,24.041,9.657,14,20,44,,
T,2023-03-27 11:35:19,6.19126500,-75.58014833,2.20,1506.559,24.041,8.814,13,20,44,,
T,2023-03-27 11:35:20,6.19134500,-75.58012833,2.20,1506.159,24.041,8.813,11,20,44,,
T,2023-03-27 11:35:21,6.19142333,-75.58011500,2.20,1506.059,24.041,8.652,9,20,44,,
T,2023-03-27 11:35:22,6.19150000,-75.58010500,2.20,1505.860,24.040,8.401,6,20,44,,
T,2023-03-27 11:35:23,6.19157667,-75.58009333,2.10,1506.260,24.040,8.799,3,20,44,,
T,2023-03-27 11:35:24,6.19165833,-75.58008500,2.10,1506.160,24.040,9.212,5,20,44,,
T,2023-03-27 11:35:25,6.19174000,-75.58008000,2.00,1506.160,24.040,8.936,6,20,44,,
T,2023-03-27 11:35:26,6.19181833,-75.58007833,2.00,1506.360,24.040,8.926,2,20,44,,
T,2023-03-27 11:35:27,6.19190000,-75.58007000,2.00,1506.261,24.039,9.177,4,21,44,,
T,2023-03-27 11:35:28,6.19198667,-75.58006333,2.20,1505.861,24.039,9.643,3,20,44,,
T,2023-03-27 11:35:29,6.19208167,-75.58005667,2.20,1504.861,24.039,10.033,4,19,44,,
T,2023-03-27 11:35:30,6.19218167,-75.58005333,2.30,1504.761,24.039,10.965,5,19,44,,
T,2023-03-27 11:35:31,6.19229167,-75.58004000,2.30,1505.162,24.038,11.606,6,18,44,,
T,2023-03-27 11:35:32,6.19240167,-75.58002667,2.20,1505.662,24.038,12.008,7,19,44,,
T,2023-03-27 11:35:33,6.19251667,-75.58000833,2.10,1506.162,24.038,12.721,11,19,44,,
T,2023-03-27 11:35:34,6.19263500,-75.57998333,2.30,1507.162,24.038,13.104,13,19,44,,
T,2023-03-27 11:35:35,6.19276000,-75.57996333,2.20,1508.463,24.037,13.296,13,19,44,,
T,2023-03-27 11:35:36,6.19287833,-75.57994167,2.20,1508.563,24.037,13.421,13,20,44,,
T,2023-03-27 11:35:37,6.19299667,-75.57991333,2.00,1508.864,24.036,13.511,13,20,44,,
T,2023-03-27 11:35:38,6.19311667,-75.57987833,1.90,1509.264,24.036,13.429,14,22,44,,
T,2023-03-27 11:35:39,6.19323333,-75.57984667,1.80,1509.664,24.036,13.440,16,22,44,,
T,2023-03-27 11:35:40,6.19335500,-75.57981167,2.00,1508.365,24.035,13.480,15,21,44,,
T,2023-03-27 11:35:41,6.19347667,-75.57977167,2.10,1507.865,24.035,12.955,14,21,44,,
T,2023-03-27 11:35:42,6.19358833,-75.57973667,1.90,1507.866,24.034,12.607,12,23,44,,
T,2023-03-27 11:35:43,6.19369667,-75.57971333,1.80,1508.666,24.034,12.140,13,23,44,,
T,2023-03-27 11:35:44,6.19380000,-75.57968500,1.70,1509.466,24.034,12.234,15,24,44,,
T,2023-03-27 11:35:45,6.19390500,-75.57965667,1.70,1510.067,24.033,12.022,15,22,44,,
T,2023-03-27 11:35:46,6.19400833,-75.57963000,1.70,1510.467,24.033,11.715,14,24,44,,
T,2023-03-27 11:35:47,6.19411167,-75.57959500,1.90,1512.367,24.033,11.447,18,25,44,,
T,2023-03-27 11:35:48,6.19421333,-75.57956500,1.70,1512.968,24.032,11.769,14,26,43,,
T,2023-03-27 11:35:49,6.19432000,-75.57952500,1.90,1513.268,24.032,11.771,14,26,43,,
T,2023-03-27 11:35:50,6.19441833,-75.57949333,1.90,1514.069,24.031,11.884,15,26,43,,
T,2023-03-27 11:35:51,6.19452167,-75.57946333,1.70,1513.969,24.031,12.358,17,26,43,,
T,2023-03-27 11:35:52,6.19463167,-75.57943833,2.00,1514.769,24.031,12.768,17,26,43,,
T,2023-03-27 11:35:53,6.19474000,-75.57939667,1.90,1515.970,24.030,13.148,18,26,43,,
T,2023-03-27 11:35:54,6.19485500,-75.57935667,2.10,1516.870,24.030,13.684,22,27,43,,
T,2023-03-27 11:35:55,6.19497333,-75.57931500,2.00,1517.271,24.029,14.065,21,27,43,,
T,2023-03-27 11:35:56,6.19509000,-75.57926833,2.10,1514.971,24.029,14.324,22,26,43,,
T,2023-03-27 11:35:57,6.19521500,-75.57921333,2.20,1513.872,24.028,14.561,23,26,43,,
T,2023-03-27 11:35:58,6.19533500,-75.57915667,2.40,1512.972,24.028,14.574,22,26,43,,
T,2023-03-27 11:35:59,6.19546000,-75.57910000,2.50,1512.673,24.027,15.083,23,24,43,,
T,2023-03-27 11:36:00,6.19558000,-75.57904667,2.60,1512.273,24.027,14.475,24,24,43,,
T,2023-03-27 11:36:01,6.19569833,-75.57900167,2.60,1512.474,24.026,13.867,22,24,43,,
T,2023-03-27 11:36:02,6.19581333,-75.57895833,2.70,1511.574,24.026,13.736,22,23,43,,
T,2023-03-27 11:36:03,6.19592500,-75.57892000,2.50,1509.974,24.026,13.825,22,23,43,,
T,2023-03-27 11:36:04,6.19603667,-75.57886500,2.50,1509.675,24.025,13.611,23,23,43,,
T,2023-03-27 11:36:05,6.19614333,-75.57881167,2.40,1510.075,24.025,13.613,24,23,43,,
T,2023-03-27 11:36:06,6.19626167,-75.57875333,2.60,1508.976,24.024,13.612,21,22,43,,
T,2023-03-27 11:36:07,6.19637167,-75.57870333,2.70,1507.976,24.024,13.359,25,21,43,,
T,2023-03-27 11:36:08,6.19648333,-75.57865333,2.80,1507.077,24.023,13.941,25,21,43,,
T,2023-03-27 11:36:09,6.19660167,-75.57861000,2.90,1506.177,24.023,14.456,23,21,43,,
T,2023-03-27 11:36:10,6.19672167,-75.57857167,2.70,1504.778,24.022,13.599,25,21,43,,
T,2023-03-27 11:36:11,6.19683500,-75.57852333,2.60,1503.978,24.022,13.880,24,19,43,,
T,2023-03-27 11:36:12,6.19695167,-75.57847333,2.40,1503.979,24.021,14.425,24,19,43,,
T,2023-03-27 11:36:13,6.19708333,-75.57841500,2.20,1502.779,24.021,14.678,22,19,43,,
T,2023-03-27 11:36:14,6.19720500,-75.57835333,2.30,1501.580,24.020,14.825,22,20,43,,
T,2023-03-27 11:36:15,6.19732833,-75.57829500,2.30,1500.780,24.020,14.430,22,20,43,,
T,2023-03-27 11:36:16,6.19745167,-75.57824167,2.40,1500.481,24.019,14.465,21,20,43,,
T,2023-03-27 11:36:17,6.19758000,-75.57818833,2.30,1500.381,24.019,14.626,23,20,43,,
T,2023-03-27 11:36:18,6.19768833,-75.57814500,2.50,1499.482,24.018,13.711,22,20,43,,
T,2023-03-27 11:36:19,6.19781000,-75.57809833,2.40,1499.482,24.018,13.684,22,19,43,,
T,2023-03-27 11:36:20,6.19791667,-75.57805667,2.40,1498.983,24.017,12.480,23,20,43,,
T,2023-03-27 11:36:21,6.19802000,-75.57801500,2.30,1498.483,24.017,12.464,21,20,43,,
T,2023-03-27 11:36:22,6.19812000,-75.57797667,2.40,1498.584,24.016,11.598,19,20,43,,
T,2023-03-27 11:36:23,6.19821833,-75.57794333,2.30,1498.384,24.016,11.574,19,20,43,,
T,2023-03-27 11:36:24,6.19832167,-75.57790500,2.20,1498.284,24.016,12.035,21,20,43,,
T,2023-03-27 11:36:25,6.19843000,-75.57786333,2.40,1497.985,24.015,12.448,23,19,43,,
T,2023-03-27 11:36:26,6.19853833,-75.57782500,2.60,1497.885,24.015,12.433,21,19,43,,
T,2023-03-27 11:36:27,6.19864667,-75.57778833,2.30,1497.786,24.014,12.402,17,20,43,,
T,2023-03-27 11:36:28,6.19875333,-75.57775500,2.10,1497.686,24.014,12.278,17,21,43,,
T,2023-03-27 11:36:29,6.19886167,-75.57772667,2.00,1497.886,24.014,12.384,15,21,43,,
T,2023-03-27 11:36:30,6.19897500,-75.57770167,2.40,1498.787,24.013,12.235,15,20,43,,
T,2023-03-27 11:36:31,6.19909000,-75.57768333,2.50,1499.187,24.013,12.012,11,19,43,,
T,2023-03-27 11:36:32,6.19920000,-75.57765500,2.40,1499.587,24.013,11.742,13,18,43,,
T,2023-03-27 11:36:33,6.19929833,-75.57762667,2.30,1499.588,24.012,10.797,15,17,43,,
T,2023-03-27 11:36:34,6.19938833,-75.57760000,2.20,1499.488,24.012,10.239,16,17,43,,
T,2023-03-27 11:36:35,6.19947500,-75.57757667,2.40,1499.988,24.012,9.821,14,17,43,,
T,2023-03-27 11:36:36,6.19956000,-75.57755667,2.50,1500.689,24.011,9.137,16,17,43,,
T,2023-03-27 11:36:37,6.19963500,-75.57753500,2.50,1501.589,24.011,8.117,17,18,43,,
T,2023-03-27 11:36:38,6.19969500,-75.57751500,2.50,1501.789,24.011,7.113,15,18,43,,
T,2023-03-27 11:36:39,6.19974667,-75.57749833,2.40,1501.389,24.011,6.266,11,19,43,,
T,2023-03-27 11:36:40,6.19979667,-75.57749167,2.30,1501.189,24.011,5.798,14,21,43,,
T,2023-03-27 11:36:41,6.19984333,-75.57749333,2.20,1500.789,24.011,5.049,4,21,43,,
T,2023-03-27 11:36:42,6.19988000,-75.57749833,2.20,1501.790,24.010,3.889,5,21,43,,
T,2023-03-27 11:36:43,6.19990333,-75.57750167,2.20,1501.890,24.010,2.644,8,21,43,,
T,2023-03-27 11:36:44,6.19991167,-75.57750000,2.10,1501.690,24.010,1.042,8,21,43,,
T,2023-03-27 11:36:45,6.19991167,-75.57750333,2.00,1501.590,24.010,0.000,,21,43,,
T,2023-03-27 11:36:46,6.19991167,-75.57750500,2.00,1501.790,24.010,0.000,,21,43,,
T,2023-03-27 11:36:47,6.19991667,-75.57750667,1.90,1501.690,24.010,0.000,,20,43,,
T,2023-03-27 11:36:48,6.19991667,-75.57750667,1.80,1501.690,24.010,0.000,,20,43,,
T,2023-03-27 11:36:49,6.19994167,-75.57751500,1.80,1502.090,24.010,2.352,339,20,43,,
T,2023-03-27 11:36:50,6.19997333,-75.57752000,2.00,1502.390,24.010,3.161,339,20,43,,
T,2023-03-27 11:36:51,6.20001333,-75.57752667,2.10,1502.490,24.010,4.166,340,20,43,,
T,2023-03-27 11:36:52,6.20007667,-75.57752167,2.30,1502.790,24.010,5.997,351,21,43,,
T,2023-03-27 11:36:53,6.20016000,-75.57749667,2.30,1503.190,24.010,7.576,4,21,43,,
T,2023-03-27 11:36:54,6.20024500,-75.57747833,2.30,1503.190,24.010,8.387,6,20,43,,
T,2023-03-27 11:36:55,6.20034000,-75.57746333,2.40,1503.291,24.009,9.149,7,20,43,,
T,2023-03-27 11:36:56,6.20044500,-75.57744333,2.50,1503.491,24.009,10.036,10,20,43,,
T,2023-03-27 11:36:57,6.20055667,-75.57742333,2.50,1503.191,24.009,10.358,9,19,43,,
T,2023-03-27 11:36:58,6.20066500,-75.57740833,2.50,1502.792,24.008,10.780,8,19,43,,
T,2023-03-27 11:36:59,6.20077167,-75.57739333,2.40,1502.192,24.008,11.269,9,19,43,,
T,2023-03-27 11:37:00,6.20088167,-75.57737833,2.50,1501.692,24.008,11.816,8,19,43,,
T,2023-03-27 11:37:01,6.20099333,-75.57736500,2.50,1500.792,24.008,12.173,6,18,43,,
T,2023-03-27 11:37:02,6.20111167,-75.57735167,2.50,1500.693,24.007,12.738,5,18,43,,
T,2023-03-27 11:37:03,6.20122833,-75.57734167,2.50,1499.993,24.007,12.837,6,18,43,,
T,2023-03-27 11:37:04,6.20134833,-75.57733333,2.60,1499.193,24.007,13.345,5,19,43,,
T,2023-03-27 11:37:05,6.20147000,-75.57732000,2.40,1494.494,24.006,13.448,6,19,43,,
T,2023-03-27 11:37:06,6.20159667,-75.57731833,2.50,1494.994,24.006,13.611,4,19,43,,
T,2023-03-27 11:37:07,6.20172500,-75.57731333,2.50,1494.594,24.006,14.144,4,19,43,,
T,2023-03-27 11:37:08,6.20184667,-75.57729500,2.40,1490.594,24.006,13.873,4,19,43,,
T,2023-03-27 11:37:09,6.20197333,-75.57727833,2.40,1490.695,24.005,14.028,7,19,43,,
T,2023-03-27 11:37:10,6.20210333,-75.57726667,2.50,1490.195,24.005,14.418,8,20,43,,
T,2023-03-27 11:37:11,6.20223333,-75.57725333,2.50,1490.995,24.005,14.315,4,20,43,,
T,2023-03-27 11:37:12,6.20236833,-75.57725000,2.40,1491.796,24.004,14.753,5,19,43,,
T,2023-03-27 11:37:13,6.20250667,-75.57724500,2.30,1494.996,24.004,14.166,3,19,43,,
T,2023-03-27 11:37:14,6.20263333,-75.57723500,2.30,1496.796,24.004,13.865,4,19,43,,
T,2023-03-27 11:37:15,6.20275500,-75.57723000,2.30,1497.297,24.003,13.432,5,19,43,,
T,2023-03-27 11:37:16,6.20286833,-75.57722333,2.60,1497.197,24.003,13.662,2,18,43,,
T,2023-03-27 11:37:17,6.20298833,-75.57720333,2.60,1495.197,24.003,13.902,4,16,43,,
T,2023-03-27 11:37:18,6.20311000,-75.57719500,2.60,1495.097,24.003,13.280,5,13,43,,
T,2023-03-27 11:37:19,6.20323667,-75.57719833,2.30,1491.698,24.002,13.137,6,16,43,,
T,2023-03-27 11:37:20,6.20335333,-75.57719667,2.30,1491.698,24.002,13.357,6,16,43,,
T,2023-03-27 11:37:21,6.20346833,-75.57717833,2.20,1491.298,24.002,12.732,9,17,43,,
T,2023-03-27 11:37:22,6.20358667,-75.57715500,2.30,1490.799,24.001,12.764,7,18,43,,
T,2023-03-27 11:37:23,6.20370000,-75.57713667,2.30,1491.099,24.001,12.788,7,17,43,,
T,2023-03-27 11:37:24,6.20381167,-75.57712000,2.30,1491.599,24.001,12.330,7,18,43,,
T,2023-03-27 11:37:25,6.20391833,-75.57711000,2.20,1491.499,24.001,12.044,8,18,43,,
T,2023-03-27 11:37:26,6.20402500,-75.57709333,2.10,1490.800,24.000,11.651,8,17,43,,
T,2023-03-27 11:37:27,6.20412500,-75.57708167,2.20,1490.100,24.000,11.176,6,17,43,,
T,2023-03-27 11:37:28,6.20422833,-75.57707000,2.40,1490.100,24.000,10.639,8,16,43,,
T,2023-03-27 11:37:29,6.20432167,-75.57705833,2.40,1490.200,24.000,10.203,6,16,43,,
T,2023-03-27 11:37:30,6.20440833,-75.57704167,2.20,1490.101,23.999,9.640,3,15,43,,
T,2023-03-27 11:37:31,6.20449000,-75.57703333,2.20,1490.101,23.999,8.718,6,15,43,,
T,2023-03-27 11:37:32,6.20456333,-75.57702833,2.50,1490.601,23.999,8.207,3,16,43,,
T,2023-03-27 11:37:33,6.20463167,-75.57702500,2.60,1490.901,23.999,7.952,4,15,43,,
T,2023-03-27 11:37:34,6.20469667,-75.57702000,2.70,1491.101,23.999,7.451,5,16,43,,
T,2023-03-27 11:37:35,6.20475833,-75.57701333,2.70,1491.902,23.998,7.227,6,16,43,,
T,2023-03-27 11:37:36,6.20481167,-75.57701167,2.70,1491.902,23.998,6.258,5,16,43,,
T,2023-03-27 11:37:37,6.20485667,-75.57698833,2.60,1491.602,23.998,5.382,6,17,43,,
T,2023-03-27 11:37:38,6.20490000,-75.57699500,2.50,1491.502,23.998,4.210,5,17,43,,
T,2023-03-27 11:37:39,6.20492833,-75.57700167,2.50,1491.902,23.998,3.298,4,18,43,,
T,2023-03-27 11:37:40,6.20495833,-75.57700167,2.50,1491.802,23.998,3.466,8,18,43,,
T,2023-03-27 11:37:41,6.20498500,-75.57700000,2.40,1492.202,23.998,2.761,17,18,43,,
T,2023-03-27 11:37:42,6.20501167,-75.57700500,2.40,1493.002,23.998,2.488,356,18,43,,
T,2023-03-27 11:37:43,6.20502667,-75.57701000,2.40,1493.302,23.998,2.036,359,18,43,,
T,2023-03-27 11:37:44,6.20504667,-75.57702000,2.40,1493.602,23.998,2.357,352,18,43,,
T,2023-03-27 11:37:45,6.20506833,-75.57703167,2.40,1494.302,23.998,2.669,351,18,43,,
T,2023-03-27 11:37:46,6.20510000,-75.57703333,2.30,1494.402,23.998,3.265,359,17,43,,
T,2023-03-27 11:37:47,6.20513167,-75.57703167,2.40,1494.902,23.998,3.606,359,17,43,,
T,2023-03-27 11:37:48,6.20517667,-75.57703333,2.40,1495.502,23.998,4.509,358,17,43,,
T,2023-03-27 11:37:49,6.20523667,-75.57702833,2.40,1496.002,23.998,5.596,359,17,43,,
T,2023-03-27 11:37:50,6.20530000,-75.57702167,2.40,1496.903,23.997,6.134,4,17,43,,
T,2023-03-27 11:37:51,6.20536500,-75.57700167,2.30,1496.803,23.997,5.548,13,17,43,,
T,2023-03-27 11:37:52,6.20541333,-75.57697667,2.20,1496.603,23.997,4.404,19,17,43,,
T,2023-03-27 11:37:53,6.20544833,-75.57695333,2.20,1496.003,23.997,3.457,30,17,43,,
T,2023-03-27 11:37:54,6.20547500,-75.57692833,2.20,1495.803,23.997,3.583,37,17,43,,
T,2023-03-27 11:37:55,6.20549500,-75.57689667,2.10,1495.604,23.996,3.547,57,17,43,,
T,2023-03-27 11:37:56,6.20550167,-75.57685333,2.20,1495.704,23.996,3.666,75,17,43,,
T,2023-03-27 11:37:57,6.20550167,-75.57681167,2.30,1495.804,23.996,4.401,92,18,43,,
T,2023-03-27 11:37:58,6.20547833,-75.57676000,2.30,1495.004,23.996,4.953,102,19,43,,
T,2023-03-27 11:37:59,6.20545333,-75.57669833,2.40,1495.505,23.995,6.118,107,18,43,,
T,2023-03-27 11:38:00,6.20542833,-75.57663000,2.40,1495.905,23.995,6.659,109,20,43,,
T,2023-03-27 11:38:01,6.20540000,-75.57655333,2.20,1496.205,23.995,7.225,113,21,43,,
T,2023-03-27 11:38:02,6.20537167,-75.57647000,2.30,1497.806,23.994,7.011,105,21,43,,
T,2023-03-27 11:38:03,6.20534333,-75.57639000,2.30,1498.506,23.994,8.238,111,22,43,,
T,2023-03-27 11:38:04,6.20530333,-75.57630333,2.30,1498.606,23.994,8.982,116,22,43,,
T,2023-03-27 11:38:05,6.20526000,-75.57621833,2.30,1498.707,23.993,8.655,115,20,43,,
T,2023-03-27 11:38:06,6.20521667,-75.57615333,2.20,1499.007,23.993,7.512,117,17,43,,
T,2023-03-27 11:38:07,6.20518000,-75.57610000,2.10,1499.107,23.993,6.438,119,18,43,,
T,2023-03-27 11:38:08,6.20514500,-75.57605333,2.30,1498.307,23.993,5.815,122,17,43,,
T,2023-03-27 11:38:09,6.20511333,-75.57599000,2.20,1498.108,23.992,6.824,120,18,43,,
T,2023-03-27 11:38:10,6.20508333,-75.57592333,2.10,1498.108,23.992,8.206,119,18,43,,
T,2023-03-27 11:38:11,6.20505000,-75.57584500,2.00,1497.908,23.992,9.483,113,18,43,,
T,2023-03-27 11:38:12,6.20501167,-75.57575667,2.00,1498.109,23.991,10.567,113,18,43,,
T,2023-03-27 11:38:13,6.20497667,-75.57566500,2.00,1498.309,23.991,10.582,114,16,43,,
T,2023-03-27 11:38:14,6.20493667,-75.57557667,2.00,1498.509,23.991,10.498,115,17,43,,
T,2023-03-27 11:38:15,6.20489333,-75.57549333,2.10,1498.710,23.990,9.889,116,17,43,,
T,2023-03-27 11:38:16,6.20485833,-75.57541667,2.20,1499.110,23.990,9.248,114,17,43,,
T,2023-03-27 11:38:17,6.20482333,-75.57534333,2.30,1499.210,23.990,8.732,116,16,43,,
T,2023-03-27 11:38:18,6.20478833,-75.57527833,2.40,1499.311,23.989,8.155,117,16,43,,
T,2023-03-27 11:38:19,6.20475833,-75.57522333,2.50,1499.511,23.989,7.037,113,17,43,,
T,2023-03-27 11:38:20,6.20473833,-75.57517500,2.60,1499.311,23.989,5.700,106,17,43,,
T,2023-03-27 11:38:21,6.20471667,-75.57514000,2.60,1499.311,23.989,4.856,100,16,43,,
T,2023-03-27 11:38:22,6.20469333,-75.57511333,2.40,1499.211,23.989,4.309,108,17,43,,
T,2023-03-27 11:38:23,6.20468000,-75.57507833,2.20,1499.011,23.989,4.651,105,17,43,,
T,2023-03-27 11:38:24,6.20466500,-75.57503500,2.10,1498.912,23.988,5.581,107,19,43,,
T,2023-03-27 11:38:25,6.20464833,-75.57498167,2.00,1499.312,23.988,6.749,112,19,43,,
T,2023-03-27 11:38:26,6.20462500,-75.57491167,2.00,1499.312,23.988,7.933,111,20,43,,
T,2023-03-27 11:38:27,6.20459667,-75.57484500,2.20,1499.613,23.987,7.359,114,18,43,,
T,2023-03-27 11:38:28,6.20456667,-75.57478000,2.20,1500.013,23.987,6.867,115,18,43,,
T,2023-03-27 11:38:29,6.20453500,-75.57472333,2.20,1499.813,23.987,6.589,118,19,43,,
T,2023-03-27 11:38:30,6.20450667,-75.57467167,2.20,1499.613,23.987,5.890,116,20,43,,
T,2023-03-27 11:38:31,6.20448167,-75.57463167,2.10,1499.813,23.987,4.871,116,20,43,,
T,2023-03-27 11:38:32,6.20446500,-75.57459667,2.10,1500.114,23.986,3.928,114,21,43,,
T,2023-03-27 11:38:33,6.20445833,-75.57458333,2.10,1500.214,23.986,1.707,115,20,43,,
T,2023-03-27 11:38:34,6.20445833,-75.57458000,2.10,1500.314,23.986,0.000,,20,43,,
T,2023-03-27 11:38:35,6.20446167,-75.57458167,2.10,1500.614,23.986,0.000,,21,43,,
T,2023-03-27 11:38:36,6.20446167,-75.57458667,2.00,1500.714,23.986,0.000,,21,43,,
T,2023-03-27 11:38:37,6.20446167,-75.57458667,2.00,1500.714,23.986,0.000,,21,43,,
T,2023-03-27 11:38:38,6.20446167,-75.57458667,2.00,1500.714,23.986,0.000,,22,43,,
T,2023-03-27 11:38:39,6.20446167,-75.57458667,2.00,1500.714,23.986,0.000,,22,43,,
T,2023-03-27 11:38:40,6.20446167,-75.57458667,2.00,1500.714,23.986,0.000,,21,43,,
T,2023-03-27 11:38:41,6.20446167,-75.57458667,2.00,1500.714,23.986,0.000,,20,43,,
T,2023-03-27 11:38:42,6.20446167,-75.57458667,2.10,1500.714,23.986,0.000,,20,43,,
T,2023-03-27 11:38:43,6.20446167,-75.57458667,2.10,1500.714,23.986,0.000,,21,43,,
T,2023-03-27 11:38:44,6.20446167,-75.57458667,2.10,1500.714,23.986,0.000,,21,43,,
T,2023-03-27 11:38:45,6.20446167,-75.57458667,2.10,1500.714,23.986,0.000,,20,43,,
T,2023-03-27 11:38:46,6.20446167,-75.57458667,2.10,1500.714,23.986,0.000,,21,43,,
T,2023-03-27 11:38:47,6.20446167,-75.57458667,2.10,1500.714,23.986,0.000,,21,43,,
T,2023-03-27 11:38:48,6.20446167,-75.57458667,2.00,1500.714,23.986,0.000,,21,43,,
T,2023-03-27 11:38:49,6.20446167,-75.57458667,2.00,1500.714,23.986,0.000,,21,43,,
T,2023-03-27 11:38:50,6.20446167,-75.57458667,2.00,1500.714,23.986,0.000,,20,43,,
T,2023-03-27 11:38:51,6.20446167,-75.57458667,2.00,1500.714,23.986,0.000,,20,43,,
T,2023-03-27 11:38:52,6.20446167,-75.57458667,2.00,1500.714,23.986,0.000,,20,43,,
T,2023-03-27 11:38:53,6.20446167,-75.57458667,2.00,1500.714,23.986,0.000,,21,43,,
T,2023-03-27 11:38:54,6.20444500,-75.57456333,2.00,1498.514,23.986,3.527,107,21,43,,
T,2023-03-27 11:38:55,6.20443333,-75.57452500,2.00,1498.414,23.986,4.836,105,21,43,,
T,2023-03-27 11:38:56,6.20441333,-75.57447833,2.00,1498.614,23.986,5.849,108,21,43,,
T,2023-03-27 11:38:57,6.20438500,-75.57441667,2.00,1498.814,23.986,7.338,114,20,43,,
T,2023-03-27 11:38:58,6.20435500,-75.57434833,2.00,1499.015,23.985,8.077,113,20,43,,
T,2023-03-27 11:38:59,6.20432167,-75.57427333,2.30,1498.115,23.985,7.873,117,19,43,,
T,2023-03-27 11:39:00,6.20428500,-75.57419833,2.40,1497.915,23.985,8.411,112,18,43,,
T,2023-03-27 11:39:01,6.20425667,-75.57412167,2.30,1498.116,23.984,8.503,107,16,43,,
T,2023-03-27 11:39:02,6.20424167,-75.57404667,2.50,1498.216,23.984,8.507,106,16,43,,
T,2023-03-27 11:39:03,6.20422333,-75.57397333,2.70,1498.516,23.984,8.320,104,16,43,,
T,2023-03-27 11:39:04,6.20420833,-75.57391000,2.70,1499.217,23.983,7.942,99,16,43,,
T,2023-03-27 11:39:05,6.20420667,-75.57383333,2.60,1499.517,23.983,7.313,95,15,43,,
T,2023-03-27 11:39:06,6.20420167,-75.57377167,2.70,1499.917,23.983,6.149,96,15,43,,
T,2023-03-27 11:39:07,6.20419833,-75.57373000,2.70,1500.418,23.982,4.597,101,15,43,,
T,2023-03-27 11:39:08,6.20419667,-75.57370833,2.70,1501.218,23.982,3.043,104,16,43,,
T,2023-03-27 11:39:09,6.20421167,-75.57369167,2.70,1502.418,23.982,2.262,96,16,43,,
T,2023-03-27 11:39:10,6.20422667,-75.57368000,2.50,1502.918,23.982,2.240,94,17,43,,
T,2023-03-27 11:39:11,6.20422667,-75.57366167,2.40,1503.818,23.982,2.755,110,18,43,,
T,2023-03-27 11:39:12,6.20421667,-75.57363000,2.40,1504.518,23.982,4.164,105,19,43,,
T,2023-03-27 11:39:13,6.20421833,-75.57357667,2.30,1505.418,23.982,5.321,100,19,43,,
T,2023-03-27 11:39:14,6.20421500,-75.57351667,2.30,1506.319,23.981,6.113,105,19,43,,
T,2023-03-27 11:39:15,6.20420833,-75.57344667,2.30,1507.019,23.981,7.228,104,19,43,,
T,2023-03-27 11:39:16,6.20418833,-75.57337167,2.30,1506.719,23.981,8.013,110,18,43,,
T,2023-03-27 11:39:17,6.20416000,-75.57329333,2.30,1507.420,23.980,8.523,112,18,43,,
T,2023-03-27 11:39:18,6.20413000,-75.57321667,2.20,1508.120,23.980,9.191,113,18,43,,
T,2023-03-27 11:39:19,6.20409667,-75.57313500,2.10,1508.120,23.980,9.825,112,19,43,,
T,2023-03-27 11:39:20,6.20406833,-75.57304667,2.00,1507.521,23.979,9.980,113,18,43,,
T,2023-03-27 11:39:21,6.20403333,-75.57296000,2.00,1507.721,23.979,9.881,113,18,43,,
T,2023-03-27 11:39:22,6.20400167,-75.57286833,2.30,1506.822,23.978,9.758,110,17,43,,
T,2023-03-27 11:39:23,6.20396500,-75.57279000,2.40,1506.222,23.978,9.417,110,17,43,,
T,2023-03-27 11:39:24,6.20393167,-75.57270500,2.40,1507.022,23.978,8.763,113,17,43,,
T,2023-03-27 11:39:25,6.20389833,-75.57262667,2.30,1507.023,23.977,8.175,118,16,43,,
T,2023-03-27 11:39:26,6.20386500,-75.57256167,2.20,1506.723,23.977,7.583,123,16,43,,
T,2023-03-27 11:39:27,6.20383000,-75.57250667,2.20,1506.623,23.977,7.230,120,17,43,,
T,2023-03-27 11:39:28,6.20379333,-75.57244833,2.10,1506.623,23.977,7.339,117,17,43,,
T,2023-03-27 11:39:29,6.20375167,-75.57239500,2.20,1506.924,23.976,6.877,117,17,43,,
T,2023-03-27 11:39:30,6.20371667,-75.57234167,2.10,1507.324,23.976,6.888,113,18,43,,
T,2023-03-27 11:39:31,6.20369333,-75.57228500,2.00,1508.324,23.976,6.866,108,18,43,,
T,2023-03-27 11:39:32,6.20366833,-75.57222833,2.00,1509.324,23.976,6.647,109,18,43,,
T,2023-03-27 11:39:33,6.20364500,-75.57217667,1.90,1510.325,23.975,6.379,110,18,43,,
T,2023-03-27 11:39:34,6.20362667,-75.57212500,1.90,1511.225,23.975,5.884,111,18,43,,
T,2023-03-27 11:39:35,6.20360333,-75.57208167,1.90,1511.925,23.975,5.071,113,18,43,,
T,2023-03-27 11:39:36,6.20358667,-75.57204667,1.90,1512.925,23.975,4.009,109,17,43,,
T,2023-03-27 11:39:37,6.20357667,-75.57202333,1.90,1514.925,23.975,3.229,106,18,43,,
T,2023-03-27 11:39:38,6.20356167,-75.57200667,2.00,1515.925,23.975,2.709,113,18,43,,
T,2023-03-27 11:39:39,6.20354667,-75.57199500,2.00,1517.225,23.975,2.092,108,18,43,,
T,2023-03-27 11:39:40,6.20354167,-75.57198833,2.00,1517.925,23.975,1.041,108,19,43,,
T,2023-03-27 11:39:41,6.20354000,-75.57198667,1.90,1518.925,23.975,0.000,,19,43,,
T,2023-03-27 11:39:42,6.20353833,-75.57199000,1.80,1518.525,23.975,0.000,,19,43,,
T,2023-03-27 11:39:43,6.20354167,-75.57199167,1.80,1518.525,23.975,0.000,,19,43,,
T,2023-03-27 11:39:44,6.20354167,-75.57199167,1.70,1518.525,23.975,0.000,,19,43,,
T,2023-03-27 11:39:45,6.20354167,-75.57199167,1.70,1518.525,23.975,0.000,,19,43,,
T,2023-03-27 11:39:46,6.20354167,-75.57199167,1.70,1518.525,23.975,0.000,,20,43,,
T,2023-03-27 11:39:47,6.20354167,-75.57199167,1.70,1518.525,23.975,0.000,,20,43,,
T,2023-03-27 11:39:48,6.20354167,-75.57199167,1.70,1518.525,23.975,0.000,,20,43,,
T,2023-03-27 11:39:49,6.20354167,-75.57199167,1.60,1518.525,23.975,0.000,,20,43,,
T,2023-03-27 11:39:50,6.20354167,-75.57199167,1.60,1518.525,23.975,0.000,,20,43,,
T,2023-03-27 11:39:51,6.20354167,-75.57199167,1.60,1518.525,23.975,0.000,,20,43,,
T,2023-03-27 11:39:52,6.20354167,-75.57199167,1.60,1518.525,23.975,0.000,,21,43,,
T,2023-03-27 11:39:53,6.20354167,-75.57199167,1.60,1518.525,23.975,0.000,,21,43,,
T,2023-03-27 11:39:54,6.20354167,-75.57199167,1.70,1518.525,23.975,0.000,,20,43,,
T,2023-03-27 11:39:55,6.20354167,-75.57199167,1.70,1518.525,23.975,0.000,,19,43,,
T,2023-03-27 11:39:56,6.20354167,-75.57199167,1.10,1518.525,23.975,0.000,,19,43,,
T,2023-03-27 11:39:57,6.20354167,-75.57199167,1.00,1518.525,23.975,0.000,,18,43,,
T,2023-03-27 11:39:58,6.20354167,-75.57199167,1.00,1518.525,23.975,0.000,,18,43,,
T,2023-03-27 11:39:59,6.20354167,-75.57199167,1.10,1518.525,23.975,0.000,,18,43,,
T,2023-03-27 11:40:00,6.20354167,-75.57199167,1.20,1518.525,23.975,0.000,,18,43,,
T,2023-03-27 11:40:01,6.20354167,-75.57199167,1.30,1518.525,23.975,0.000,,18,43,,
T,2023-03-27 11:40:02,6.20354167,-75.57199167,1.40,1518.525,23.975,0.000,,18,43,,
T,2023-03-27 11:40:03,6.20354167,-75.57199167,1.40,1518.525,23.975,0.000,,18,43,,
T,2023-03-27 11:40:04,6.20354167,-75.57199167,1.40,1518.525,23.975,0.000,,18,43,,
T,2023-03-27 11:40:05,6.20354167,-75.57199167,1.40,1518.525,23.975,0.000,,18,43,,
T,2023-03-27 11:40:06,6.20354167,-75.57199167,1.50,1518.525,23.975,0.000,,18,43,,
T,2023-03-27 11:40:07,6.20354167,-75.57199167,1.50,1518.525,23.975,0.000,,18,43,,
T,2023-03-27 11:40:08,6.20354167,-75.57199167,1.50,1518.525,23.975,0.000,,19,43,,
T,2023-03-27 11:40:09,6.20354167,-75.57199167,1.50,1518.525,23.975,0.000,,19,43,,
T,2023-03-27 11:40:10,6.20354167,-75.57199167,1.50,1518.525,23.975,0.000,,17,43,,
T,2023-03-27 11:40:11,6.20354167,-75.57199167,1.60,1518.525,23.975,0.000,,18,43,,
T,2023-03-27 11:40:12,6.20354167,-75.57199167,1.60,1518.525,23.975,0.000,,18,43,,
T,2023-03-27 11:40:13,6.20354167,-75.57199167,1.60,1518.525,23.975,0.000,,18,43,,
T,2023-03-27 11:40:14,6.20354167,-75.57199167,1.60,1518.525,23.975,0.000,,19,43,,
T,2023-03-27 11:40:15,6.20354167,-75.57199167,1.60,1518.525,23.975,0.000,,17,43,,
T,2023-03-27 11:40:16,6.20354167,-75.57199167,1.60,1518.525,23.975,0.000,,17,43,,
T,2023-03-27 11:40:17,6.20354167,-75.57199167,1.60,1518.525,23.975,0.000,,17,43,,
T,2023-03-27 11:40:18,6.20354167,-75.57199167,1.60,1518.525,23.975,0.000,,17,43,,
T,2023-03-27 11:40:19,6.20354167,-75.57199167,1.60,1518.525,23.975,0.000,,18,43,,
T,2023-03-27 11:40:20,6.20354167,-75.57199167,1.60,1518.525,23.975,0.000,,18,43,,
T,2023-03-27 11:40:21,6.20354167,-75.57199167,1.60,1518.525,23.975,0.000,,19,43,,
T,2023-03-27 11:40:22,6.20354167,-75.57199167,1.10,1518.525,23.975,0.000,,19,43,,
T,2023-03-27 11:40:23,6.20354167,-75.57199167,1.00,1518.525,23.975,0.000,,20,43,,
T,2023-03-27 11:40:24,6.20354167,-75.57199167,1.10,1518.525,23.975,0.000,,19,43,,
T,2023-03-27 11:40:25,6.20354167,-75.57199167,1.20,1518.525,23.975,0.000,,19,43,,
T,2023-03-27 11:40:26,6.20354167,-75.57199167,1.20,1518.525,23.975,0.000,,20,43,,
T,2023-03-27 11:40:27,6.20354167,-75.57199167,1.30,1518.525,23.975,0.000,,20,43,,
T,2023-03-27 11:40:28,6.20354167,-75.57199167,1.30,1518.525,23.975,0.000,,20,43,,
T,2023-03-27 11:40:29,6.20354167,-75.57199167,1.30,1518.525,23.975,0.000,,21,43,,
T,2023-03-27 11:40:30,6.20354167,-75.57199167,1.40,1518.525,23.975,0.000,,21,43,,
T,2023-03-27 11:40:31,6.20354167,-75.57199167,1.40,1518.525,23.975,0.000,,21,43,,
T,2023-03-27 11:40:32,6.20354167,-75.57199167,1.40,1518.525,23.975,0.000,,21,43,,
T,2023-03-27 11:40:33,6.20354167,-75.57199167,1.50,1518.525,23.975,0.000,,21,43,,
T,2023-03-27 11:40:34,6.20354167,-75.57199167,1.50,1518.525,23.975,0.000,,21,43,,
T,2023-03-27 11:40:35,6.20354167,-75.57199167,1.50,1518.525,23.975,0.000,,21,43,,
T,2023-03-27 11:40:36,6.20354167,-75.57199167,1.50,1518.525,23.975,0.000,,22,43,,
T,2023-03-27 11:40:37,6.20354167,-75.57199167,1.50,1518.525,23.975,0.000,,22,43,,
T,2023-03-27 11:40:38,6.20354167,-75.57199167,1.50,1518.525,23.975,0.000,,22,43,,
T,2023-03-27 11:40:39,6.20354167,-75.57199167,1.60,1518.525,23.975,0.000,,22,43,,
T,2023-03-27 11:40:40,6.20354167,-75.57199167,1.60,1518.525,23.975,0.000,,22,43,,
T,2023-03-27 11:40:41,6.20350500,-75.57193833,1.60,1518.026,23.974,3.813,107,22,43,,
T,2023-03-27 11:40:42,6.20349500,-75.57190167,1.60,1518.226,23.974,4.354,106,22,43,,
T,2023-03-27 11:40:43,6.20348500,-75.57186333,1.60,1518.526,23.974,4.087,111,22,43,,
T,2023-03-27 11:40:44,6.20347000,-75.57183333,1.60,1519.026,23.974,3.427,125,22,43,,
T,2023-03-27 11:40:45,6.20344833,-75.57181167,1.60,1519.726,23.974,3.387,144,22,43,,
T,2023-03-27 11:40:46,6.20341500,-75.57180000,1.70,1520.126,23.974,3.667,167,22,43,,
T,2023-03-27 11:40:47,6.20336667,-75.57180333,1.80,1520.326,23.974,4.728,185,22,43,,
T,2023-03-27 11:40:48,6.20331167,-75.57181500,2.00,1520.526,23.974,5.961,192,22,43,,
T,2023-03-27 11:40:49,6.20325667,-75.57182833,2.10,1520.726,23.974,5.950,193,22,43,,
T,2023-03-27 11:40:50,6.20320667,-75.57183833,2.30,1521.026,23.974,5.612,195,21,43,,
T,2023-03-27 11:40:51,6.20315833,-75.57185000,2.30,1521.225,23.975,4.919,196,19,43,,
T,2023-03-27 11:40:52,6.20311833,-75.57186667,2.40,1521.525,23.975,3.988,198,19,43,,
T,2023-03-27 11:40:53,6.20308833,-75.57187833,2.40,1521.925,23.975,2.590,202,19,43,,
T,2023-03-27 11:40:54,6.20307000,-75.57188167,2.40,1522.325,23.975,1.546,214,17,43,,
T,2023-03-27 11:40:55,6.20306333,-75.57188667,2.40,1522.625,23.975,0.000,,16,43,,
T,2023-03-27 11:40:56,6.20307167,-75.57188667,2.40,1522.725,23.975,0.000,,18,43,,
T,2023-03-27 11:40:57,6.20307667,-75.57188000,2.40,1522.425,23.975,0.000,,20,43,,
T,2023-03-27 11:40:58,6.20307667,-75.57188000,2.40,1522.425,23.975,0.000,,20,43,,
T,2023-03-27 11:40:59,6.20307667,-75.57188000,2.50,1522.425,23.975,0.000,,21,43,,
T,2023-03-27 11:41:00,6.20307667,-75.57188000,2.50,1522.425,23.975,0.000,,21,43,,
T,2023-03-27 11:41:01,6.20307667,-75.57188000,2.50,1522.425,23.975,0.000,,21,43,,
T,2023-03-27 11:41:02,6.20307667,-75.57188000,2.50,1522.425,23.975,0.000,,21,43,,
T,2023-03-27 11:41:03,6.20307667,-75.57188000,2.50,1522.425,23.975,0.000,,21,43,,
T,2023-03-27 11:41:04,6.20307667,-75.57188000,2.50,1522.425,23.975,0.000,,21,43,,
T,2023-03-27 11:41:05,6.20307667,-75.57188000,2.50,1522.425,23.975,0.000,,21,43,,
T,2023-03-27 11:41:06,6.20307667,-75.57188000,2.50,1522.425,23.975,0.000,,21,43,,
T,2023-03-27 11:41:07,6.20307667,-75.57188000,2.50,1522.425,23.975,0.000,,21,43,,
T,2023-03-27 11:41:08,6.20307667,-75.57188000,2.50,1522.425,23.975,0.000,,21,43,,
T,2023-03-27 11:41:09,6.20307667,-75.57188000,2.50,1522.425,23.975,0.000,,23,43,,
T,2023-03-27 11:41:10,6.20307667,-75.57188000,2.50,1522.425,23.975,0.000,,23,43,,
T,2023-03-27 11:41:11,6.20307667,-75.57188000,2.50,1522.425,23.975,0.000,,23,43,,
T,2023-03-27 11:41:12,6.20307667,-75.57188000,2.50,1522.425,23.975,0.000,,23,43,,
T,2023-03-27 11:41:13,6.20307667,-75.57188000,2.50,1522.425,23.975,0.000,,23,43,,
T,2023-03-27 11:41:14,6.20307667,-75.57188000,2.40,1522.425,23.975,0.000,,23,43,,
T,2023-03-27 11:41:15,6.20307667,-75.57188000,2.40,1522.425,23.975,0.000,,23,43,,
T,2023-03-27 11:41:16,6.20307667,-75.57188000,2.40,1522.425,23.975,0.000,,23,43,,
T,2023-03-27 11:41:17,6.20307667,-75.57188000,2.40,1522.425,23.975,0.000,,21,43,,
T,2023-03-27 11:41:18,6.20307667,-75.57188000,2.30,1522.425,23.975,0.000,,21,43,,
T,2023-03-27 11:41:19,6.20307667,-75.57188000,2.30,1522.425,23.975,0.000,,23,43,,
T,2023-03-27 11:41:20,6.20307667,-75.57188000,2.30,1522.425,23.975,0.000,,24,43,,
T,2023-03-27 11:41:21,6.20307667,-75.57188000,2.30,1522.425,23.975,0.000,,21,43,,
