type,date time,latitude,longitude,accuracy(m),altitude(m),geoid_height(m),speed(m/s),bearing(deg),sat_used,sat_inview,name,desc
T,2023-05-03 02:30:04,6.24699167,-75.56516667,8.70,1496.645,23.855,0.000,,6,40,20230502-213004,GPS Logger: 20230502-213004
T,2023-05-03 02:30:05,6.24699833,-75.56516333,8.60,1500.045,23.855,0.000,,4,40,,
T,2023-05-03 02:30:06,6.24699833,-75.56516167,8.60,1496.945,23.855,0.000,,8,40,,
T,2023-05-03 02:30:07,6.24700000,-75.56513000,8.50,1499.646,23.854,0.000,,6,40,,
T,2023-05-03 02:30:08,6.24699167,-75.56497667,7.30,1540.146,23.854,0.000,,7,40,,
T,2023-05-03 02:30:09,6.24697833,-75.56493500,6.80,1541.846,23.854,0.000,,11,40,,
T,2023-05-03 02:30:10,6.24697167,-75.56490667,6.60,1541.647,23.853,0.000,,11,40,,
T,2023-05-03 02:30:11,6.24696000,-75.56448833,6.00,1534.949,23.851,0.000,,11,40,,
T,2023-05-03 02:30:12,6.24688500,-75.56445167,4.40,1527.449,23.851,0.000,,11,40,,
T,2023-05-03 02:30:13,6.24684500,-75.56443333,4.30,1525.249,23.851,0.000,,11,40,,
T,2023-05-03 02:30:14,6.24677333,-75.56444833,4.10,1525.049,23.851,5.462,186,12,40,,
T,2023-05-03 02:30:15,6.24667167,-75.56447000,4.00,1522.448,23.852,8.229,192,11,40,,
T,2023-05-03 02:30:16,6.24656167,-75.56450667,3.90,1520.148,23.852,8.793,194,8,40,,
T,2023-05-03 02:30:17,6.24646167,-75.56456167,3.90,1519.847,23.853,8.926,200,7,40,,
T,2023-05-03 02:30:18,6.24638167,-75.56463167,3.80,1517.647,23.853,9.105,209,6,40,,
T,2023-05-03 02:30:19,6.24630167,-75.56468667,3.90,1517.146,23.854,9.478,208,7,40,,
T,2023-05-03 02:30:20,6.24623000,-75.56474500,3.80,1514.446,23.854,8.253,210,7,40,,
T,2023-05-03 02:30:21,6.24617000,-75.56477167,3.90,1511.346,23.854,7.664,211,6,40,,
T,2023-05-03 02:30:22,6.24611333,-75.56479000,4.00,1509.446,23.854,7.124,209,6,40,,
T,2023-05-03 02:30:23,6.24606833,-75.56481833,4.10,1508.245,23.855,6.854,210,6,40,,
T,2023-05-03 02:30:24,6.24602000,-75.56487500,4.20,1507.445,23.855,7.320,217,6,40,,
T,2023-05-03 02:30:25,6.24596833,-75.56493000,4.20,1507.445,23.855,7.942,218,6,40,,
T,2023-05-03 02:30:26,6.24591000,-75.56498333,4.30,1507.044,23.856,8.109,219,6,40,,
T,2023-05-03 02:30:27,6.24585500,-75.56502500,4.50,1507.044,23.856,7.924,221,6,40,,
T,2023-05-03 02:30:28,6.24579500,-75.56506500,4.70,1507.144,23.856,8.078,218,5,40,,
T,2023-05-03 02:30:29,6.24574167,-75.56510833,4.80,1507.443,23.857,7.862,223,3,40,,
T,2023-05-03 02:30:30,6.24564833,-75.56516500,4.80,1507.243,23.857,9.021,221,5,40,,
T,2023-05-03 02:30:31,6.24556667,-75.56522667,4.80,1506.742,23.858,9.676,221,5,40,,
T,2023-05-03 02:30:32,6.24549667,-75.56529333,5.00,1506.642,23.858,9.939,222,4,40,,
T,2023-05-03 02:30:33,6.24545000,-75.56537667,5.00,1506.141,23.859,9.388,224,4,40,,
T,2023-05-03 02:30:34,6.24539500,-75.56547000,5.00,1506.441,23.859,9.283,225,7,40,,
T,2023-05-03 02:30:35,6.24533833,-75.56553167,5.30,1506.540,23.860,9.250,225,6,40,,
T,2023-05-03 02:30:36,6.24529167,-75.56558333,5.60,1506.540,23.860,8.463,224,5,40,,
T,2023-05-03 02:30:37,6.24523000,-75.56562667,5.90,1506.439,23.861,8.169,221,5,40,,
T,2023-05-03 02:30:38,6.24517000,-75.56567833,6.20,1506.539,23.861,8.509,221,4,40,,
T,2023-05-03 02:30:39,6.24511167,-75.56573000,6.60,1506.539,23.861,8.521,221,3,40,,
T,2023-05-03 02:30:40,6.24504167,-75.56577667,6.50,1506.438,23.862,9.120,221,3,40,,
T,2023-05-03 02:30:41,6.24497833,-75.56584000,6.10,1506.538,23.862,9.567,222,4,40,,
T,2023-05-03 02:30:42,6.24492333,-75.56591167,6.10,1506.437,23.863,9.381,223,4,40,,
T,2023-05-03 02:30:43,6.24487167,-75.56595333,6.10,1506.437,23.863,8.353,223,4,40,,
T,2023-05-03 02:30:44,6.24482833,-75.56601333,6.00,1506.737,23.863,7.939,227,4,40,,
T,2023-05-03 02:30:45,6.24479500,-75.56606167,5.80,1506.836,23.864,6.779,230,4,40,,
T,2023-05-03 02:30:46,6.24475167,-75.56608167,5.70,1507.036,23.864,5.783,228,4,40,,
T,2023-05-03 02:30:47,6.24471833,-75.56617167,4.60,1507.036,23.864,5.752,238,4,40,,
T,2023-05-03 02:30:48,6.24468667,-75.56624667,4.30,1507.035,23.865,6.233,242,6,40,,
T,2023-05-03 02:30:49,6.24466167,-75.56632000,4.10,1509.135,23.865,5.976,246,5,40,,
T,2023-05-03 02:30:50,6.24465667,-75.56637667,4.10,1507.734,23.866,5.757,252,7,40,,
T,2023-05-03 02:30:51,6.24464667,-75.56643000,4.20,1507.434,23.866,5.940,255,7,40,,
T,2023-05-03 02:30:52,6.24464000,-75.56649833,4.30,1507.434,23.866,6.416,259,6,40,,
T,2023-05-03 02:30:53,6.24463333,-75.56659500,4.30,1507.333,23.867,7.664,262,6,40,,
T,2023-05-03 02:30:54,6.24464333,-75.56677167,3.90,1506.832,23.868,9.858,263,8,40,,
T,2023-05-03 02:30:55,6.24463000,-75.56692167,3.50,1509.132,23.868,11.292,258,10,40,,
T,2023-05-03 02:30:57,6.24458500,-75.56709000,3.50,1508.431,23.869,11.570,255,8,40,,
T,2023-05-03 02:30:58,6.24454167,-75.56719500,3.60,1508.130,23.870,11.591,251,7,40,,
T,2023-05-03 02:30:59,6.24449833,-75.56729667,3.60,1507.729,23.871,11.687,250,6,40,,
T,2023-05-03 02:31:00,6.24445667,-75.56739667,3.60,1508.029,23.871,11.448,248,7,40,,
T,2023-05-03 02:31:01,6.24441167,-75.56748667,3.50,1508.028,23.872,11.075,246,10,40,,
T,2023-05-03 02:31:02,6.24435167,-75.56759167,3.40,1506.428,23.872,10.759,246,12,40,,
T,2023-05-03 02:31:04,6.24422833,-75.56777333,3.30,1504.626,23.874,10.854,240,12,40,,
T,2023-05-03 02:31:05,6.24415500,-75.56782667,3.30,1505.726,23.874,10.187,235,13,40,,
T,2023-05-03 02:31:06,6.24408167,-75.56784500,3.20,1505.026,23.874,7.916,224,14,40,,
T,2023-05-03 02:31:07,6.24402833,-75.56786500,3.20,1505.526,23.874,6.450,217,16,40,,
T,2023-05-03 02:31:08,6.24398167,-75.56787500,3.10,1505.525,23.875,5.457,205,15,40,,
T,2023-05-03 02:31:09,6.24393667,-75.56789333,3.10,1504.725,23.875,5.261,209,15,40,,
T,2023-05-03 02:31:10,6.24388167,-75.56788833,3.00,1503.625,23.875,5.286,212,17,40,,
T,2023-05-03 02:31:11,6.24383333,-75.56788667,2.80,1502.025,23.875,5.584,224,17,40,,
T,2023-05-03 02:31:12,6.24378667,-75.56790833,2.70,1501.525,23.875,5.951,242,16,40,,
T,2023-05-03 02:31:13,6.24377000,-75.56796333,2.60,1500.424,23.876,5.816,258,18,40,,
T,2023-05-03 02:31:14,6.24376167,-75.56801500,2.60,1499.924,23.876,5.991,267,17,40,,
T,2023-05-03 02:31:15,6.24376500,-75.56806833,2.70,1499.524,23.876,5.802,274,17,40,,
T,2023-05-03 02:31:16,6.24376167,-75.56812167,2.70,1498.924,23.876,6.606,271,18,40,,
T,2023-05-03 02:31:17,6.24375667,-75.56817333,2.70,1497.323,23.877,7.689,272,17,40,,
T,2023-05-03 02:31:18,6.24376500,-75.56824500,2.80,1496.723,23.877,8.142,275,16,40,,
T,2023-05-03 02:31:19,6.24380000,-75.56832833,2.80,1495.823,23.877,8.986,285,15,40,,
T,2023-05-03 02:31:20,6.24382833,-75.56840667,2.80,1495.222,23.878,9.485,287,15,40,,
T,2023-05-03 02:31:21,6.24387167,-75.56849500,3.00,1494.422,23.878,10.214,291,11,40,,
T,2023-05-03 02:31:22,6.24391500,-75.56859333,2.90,1494.021,23.879,11.283,289,12,40,,
T,2023-05-03 02:31:23,6.24396000,-75.56870833,2.90,1492.921,23.879,12.368,292,13,40,,
T,2023-05-03 02:31:24,6.24400833,-75.56882333,2.80,1491.520,23.880,12.978,290,13,40,,
T,2023-05-03 02:31:25,6.24405667,-75.56893667,2.70,1490.420,23.880,12.671,288,15,40,,
T,2023-05-03 02:31:26,6.24410167,-75.56905000,2.60,1489.219,23.881,12.938,288,14,40,,
T,2023-05-03 02:31:27,6.24415500,-75.56916000,2.60,1488.019,23.881,12.832,291,14,40,,
T,2023-05-03 02:31:28,6.24420167,-75.56926500,2.50,1487.119,23.881,11.469,292,16,40,,
T,2023-05-03 02:31:29,6.24425000,-75.56936333,2.50,1486.018,23.882,10.918,295,17,40,,
T,2023-05-03 02:31:30,6.24429500,-75.56945167,2.40,1485.218,23.882,10.118,297,18,40,,
T,2023-05-03 02:31:31,6.24433333,-75.56953167,2.40,1484.517,23.883,8.940,295,20,40,,
T,2023-05-03 02:31:32,6.24436333,-75.56960833,2.30,1483.917,23.883,7.979,289,21,40,,
T,2023-05-03 02:31:33,6.24438333,-75.56967000,2.30,1483.217,23.883,7.174,287,21,40,,
T,2023-05-03 02:31:34,6.24440333,-75.56972000,2.40,1482.717,23.883,6.358,286,19,40,,
T,2023-05-03 02:31:35,6.24440333,-75.56975333,2.40,1482.216,23.884,5.030,281,19,40,,
T,2023-05-03 02:31:36,6.24441167,-75.56976500,2.40,1481.716,23.884,3.207,280,18,40,,
T,2023-05-03 02:31:37,6.24441833,-75.56976000,2.40,1481.716,23.884,1.836,275,18,40,,
T,2023-05-03 02:31:38,6.24441833,-75.56975167,2.30,1481.716,23.884,0.000,,17,40,,
T,2023-05-03 02:31:39,6.24442000,-75.56974333,2.20,1481.916,23.884,0.000,,17,40,,
T,2023-05-03 02:31:40,6.24442500,-75.56973167,2.20,1483.217,23.883,0.000,,16,40,,
T,2023-05-03 02:31:41,6.24442500,-75.56973167,2.10,1483.217,23.883,0.000,,15,40,,
T,2023-05-03 02:31:42,6.24442500,-75.56973167,2.00,1483.217,23.883,0.000,,15,40,,
T,2023-05-03 02:31:43,6.24442500,-75.56973167,2.00,1483.217,23.883,0.000,,16,40,,
T,2023-05-03 02:31:44,6.24442500,-75.56973167,1.10,1483.217,23.883,0.000,,17,40,,
T,2023-05-03 02:31:45,6.24442500,-75.56973167,1.00,1483.217,23.883,0.000,,18,40,,
T,2023-05-03 02:31:46,6.24442500,-75.56973167,1.00,1483.217,23.883,0.000,,18,40,,
T,2023-05-03 02:31:47,6.24442500,-75.56973167,1.00,1483.217,23.883,0.000,,18,40,,
T,2023-05-03 02:31:48,6.24442500,-75.56973167,1.00,1483.217,23.883,0.000,,18,40,,
T,2023-05-03 02:31:49,6.24442500,-75.56973167,1.00,1483.217,23.883,0.000,,18,40,,
T,2023-05-03 02:31:50,6.24442500,-75.56973167,1.00,1483.217,23.883,0.000,,18,40,,
T,2023-05-03 02:31:51,6.24442500,-75.56973167,1.00,1483.217,23.883,0.000,,18,40,,
T,2023-05-03 02:31:52,6.24442500,-75.56973167,1.00,1483.217,23.883,0.000,,18,40,,
T,2023-05-03 02:31:53,6.24442500,-75.56973167,1.00,1483.217,23.883,0.000,,18,40,,
T,2023-05-03 02:31:54,6.24442500,-75.56973167,1.00,1483.217,23.883,0.000,,18,40,,
T,2023-05-03 02:31:55,6.24442500,-75.56973167,1.00,1483.217,23.883,0.000,,18,40,,
T,2023-05-03 02:31:56,6.24442500,-75.56973167,1.00,1483.217,23.883,0.000,,18,40,,
T,2023-05-03 02:31:57,6.24442500,-75.56973167,1.00,1483.217,23.883,0.000,,18,40,,
T,2023-05-03 02:31:58,6.24442500,-75.56973167,1.00,1483.217,23.883,0.000,,18,40,,
T,2023-05-03 02:31:59,6.24442500,-75.56973167,1.00,1483.217,23.883,0.000,,18,40,,
T,2023-05-03 02:32:00,6.24442500,-75.56973167,1.00,1483.217,23.883,0.000,,17,40,,
T,2023-05-03 02:32:01,6.24442500,-75.56973167,1.00,1483.217,23.883,0.000,,17,40,,
T,2023-05-03 02:32:02,6.24442500,-75.56973167,1.00,1483.217,23.883,0.000,,17,40,,
T,2023-05-03 02:32:03,6.24442500,-75.56973167,1.00,1483.217,23.883,0.000,,17,40,,
T,2023-05-03 02:32:04,6.24442500,-75.56973167,1.00,1483.217,23.883,0.000,,18,40,,
T,2023-05-03 02:32:05,6.24442500,-75.56973167,1.00,1483.217,23.883,0.000,,18,40,,
T,2023-05-03 02:32:06,6.24442500,-75.56973167,1.00,1483.217,23.883,0.000,,18,40,,
T,2023-05-03 02:32:07,6.24442500,-75.56973167,1.00,1483.217,23.883,0.000,,18,40,,
T,2023-05-03 02:32:08,6.24442500,-75.56973167,1.20,1483.217,23.883,0.000,,18,40,,
T,2023-05-03 02:32:09,6.24442500,-75.56973167,1.00,1483.217,23.883,0.000,,19,40,,
T,2023-05-03 02:32:10,6.24442500,-75.56973167,1.00,1483.217,23.883,0.000,,19,40,,
T,2023-05-03 02:32:11,6.24443167,-75.56972500,1.00,1485.117,23.883,3.784,299,19,40,,
T,2023-05-03 02:32:12,6.24444833,-75.56976167,1.40,1485.516,23.884,4.853,294,19,40,,
T,2023-05-03 02:32:13,6.24446833,-75.56981000,1.70,1485.916,23.884,5.803,292,20,40,,
T,2023-05-03 02:32:14,6.24448833,-75.56987167,1.90,1486.316,23.884,6.750,288,20,40,,
T,2023-05-03 02:32:15,6.24450833,-75.56994167,2.10,1486.816,23.884,8.103,288,18,40,,
T,2023-05-03 02:32:16,6.24454500,-75.57002333,2.20,1487.315,23.885,9.456,294,18,40,,
T,2023-05-03 02:32:17,6.24458667,-75.57011333,2.30,1487.915,23.885,10.815,295,18,40,,
T,2023-05-03 02:32:18,6.24463667,-75.57021333,2.40,1488.614,23.886,12.102,297,18,40,,
T,2023-05-03 02:32:19,6.24467833,-75.57033167,2.40,1489.214,23.886,13.374,290,18,40,,
T,2023-05-03 02:32:20,6.24472500,-75.57045167,2.40,1489.913,23.887,13.354,293,18,40,,
T,2023-05-03 02:32:21,6.24478333,-75.57058167,2.30,1490.413,23.887,15.011,294,15,40,,
T,2023-05-03 02:32:22,6.24484167,-75.57071333,2.30,1491.012,23.888,15.252,293,15,40,,
T,2023-05-03 02:32:23,6.24489833,-75.57084833,2.40,1491.312,23.888,15.229,293,14,39,,
T,2023-05-03 02:32:24,6.24495833,-75.57098167,2.40,1491.611,23.889,15.135,295,14,39,,
T,2023-05-03 02:32:25,6.24501667,-75.57111167,2.40,1491.811,23.889,14.447,293,15,40,,
T,2023-05-03 02:32:26,6.24507167,-75.57123833,2.40,1491.910,23.890,14.798,293,15,40,,
T,2023-05-03 02:32:27,6.24512667,-75.57137167,2.40,1492.009,23.891,15.442,291,15,40,,
T,2023-05-03 02:32:28,6.24518500,-75.57150667,2.40,1492.309,23.891,15.560,293,13,40,,
T,2023-05-03 02:32:29,6.24524333,-75.57164000,2.40,1492.508,23.892,15.372,293,14,40,,
T,2023-05-03 02:32:30,6.24529833,-75.57178000,2.40,1492.908,23.892,15.341,292,14,40,,
T,2023-05-03 02:32:31,6.24535000,-75.57192000,2.40,1493.307,23.893,15.454,290,15,40,,
T,2023-05-03 02:32:32,6.24539833,-75.57206833,2.30,1492.306,23.894,15.582,288,15,40,,
T,2023-05-03 02:32:33,6.24544500,-75.57221000,2.20,1491.606,23.894,15.202,288,16,40,,
T,2023-05-03 02:32:34,6.24548833,-75.57234833,2.10,1490.205,23.895,14.953,287,17,40,,
T,2023-05-03 02:32:35,6.24553333,-75.57247833,2.10,1488.904,23.896,14.938,286,17,40,,
T,2023-05-03 02:32:36,6.24557500,-75.57261833,2.10,1487.904,23.896,15.559,286,17,40,,
T,2023-05-03 02:32:37,6.24561333,-75.57276000,2.10,1487.703,23.897,15.789,283,18,40,,
T,2023-05-03 02:32:38,6.24565500,-75.57290000,2.10,1486.802,23.898,16.225,286,18,40,,
T,2023-05-03 02:32:39,6.24569167,-75.57304500,2.10,1486.502,23.898,16.379,286,18,40,,
T,2023-05-03 02:32:40,6.24573833,-75.57318833,2.10,1485.801,23.899,16.156,289,18,40,,
T,2023-05-03 02:32:41,6.24579000,-75.57332833,2.10,1484.801,23.899,16.264,290,19,40,,
T,2023-05-03 02:32:42,6.24583500,-75.57347333,2.10,1482.900,23.900,16.698,290,20,40,,
T,2023-05-03 02:32:43,6.24588667,-75.57361667,2.00,1482.099,23.901,16.778,289,19,40,,
T,2023-05-03 02:32:44,6.24593667,-75.57376000,2.00,1481.499,23.901,16.155,290,18,40,,
T,2023-05-03 02:32:45,6.24598500,-75.57390000,2.30,1479.898,23.902,16.483,290,19,40,,
T,2023-05-03 02:32:46,6.24603333,-75.57403833,2.20,1480.097,23.903,16.583,291,18,40,,
T,2023-05-03 02:32:47,6.24608000,-75.57418333,2.10,1479.697,23.903,16.805,289,19,40,,
T,2023-05-03 02:32:48,6.24612500,-75.57432833,2.00,1480.296,23.904,16.806,291,19,40,,
T,2023-05-03 02:32:49,6.24617667,-75.57447333,2.10,1482.495,23.905,16.922,292,18,40,,
T,2023-05-03 02:32:50,6.24622333,-75.57461833,2.10,1482.795,23.905,17.010,291,18,40,,
T,2023-05-03 02:32:51,6.24627000,-75.57476333,2.20,1483.894,23.906,16.867,291,18,39,,
T,2023-05-03 02:32:52,6.24632333,-75.57490833,2.30,1485.193,23.907,16.989,289,18,39,,
T,2023-05-03 02:32:53,6.24637333,-75.57505333,2.40,1485.293,23.907,16.969,290,15,39,,
T,2023-05-03 02:32:54,6.24641667,-75.57520167,2.50,1485.292,23.908,17.436,289,14,40,,
T,2023-05-03 02:32:55,6.24646000,-75.57535667,2.60,1485.291,23.909,18.356,287,13,40,,
T,2023-05-03 02:32:56,6.24650000,-75.57552333,2.60,1485.490,23.910,18.917,286,12,40,,
T,2023-05-03 02:32:57,6.24654167,-75.57568667,2.60,1485.690,23.910,18.763,286,13,40,,
T,2023-05-03 02:32:58,6.24658167,-75.57585333,2.60,1485.889,23.911,18.657,285,12,40,,
T,2023-05-03 02:32:59,6.24663333,-75.57602333,2.60,1486.088,23.912,19.263,288,13,40,,
T,2023-05-03 02:33:00,6.24668667,-75.57618833,2.60,1486.287,23.913,18.723,288,11,40,,
T,2023-05-03 02:33:01,6.24673833,-75.57635500,2.50,1486.687,23.913,18.046,287,11,40,,
T,2023-05-03 02:33:02,6.24678333,-75.57651667,2.40,1486.686,23.914,18.289,288,13,40,,
T,2023-05-03 02:33:03,6.24683000,-75.57667333,2.40,1486.685,23.915,17.842,288,12,40,,
T,2023-05-03 02:33:04,6.24687500,-75.57682667,2.30,1486.684,23.916,17.414,289,16,40,,
T,2023-05-03 02:33:05,6.24691500,-75.57697167,2.20,1485.784,23.916,16.480,289,17,40,,
T,2023-05-03 02:33:06,6.24695500,-75.57711000,2.10,1484.883,23.917,15.256,288,18,40,,
T,2023-05-03 02:33:07,6.24699500,-75.57724167,2.10,1484.582,23.918,13.989,287,18,40,,
T,2023-05-03 02:33:08,6.24702667,-75.57735333,2.00,1483.482,23.918,12.411,286,18,40,,
T,2023-05-03 02:33:09,6.24705667,-75.57744667,2.00,1483.082,23.918,10.697,289,19,40,,
T,2023-05-03 02:33:10,6.24708333,-75.57751667,2.00,1482.081,23.919,8.916,292,21,40,,
T,2023-05-03 02:33:11,6.24711000,-75.57757833,2.10,1481.681,23.919,7.674,290,22,40,,
T,2023-05-03 02:33:12,6.24713333,-75.57763500,2.10,1481.281,23.919,7.828,291,22,40,,
T,2023-05-03 02:33:13,6.24716167,-75.57770000,2.10,1480.780,23.920,9.088,291,22,40,,
T,2023-05-03 02:33:14,6.24719333,-75.57777333,2.10,1480.180,23.920,9.882,291,22,40,,
T,2023-05-03 02:33:15,6.24723000,-75.57785500,2.10,1479.880,23.920,10.677,296,22,40,,
T,2023-05-03 02:33:16,6.24727333,-75.57794667,2.10,1479.579,23.921,11.460,295,22,40,,
T,2023-05-03 02:33:17,6.24731333,-75.57805833,2.00,1479.479,23.921,13.504,290,23,40,,
T,2023-05-03 02:33:18,6.24735667,-75.57818333,2.00,1480.378,23.922,15.073,289,23,40,,
T,2023-05-03 02:33:19,6.24740000,-75.57832167,2.00,1480.378,23.922,16.007,289,22,40,,
T,2023-05-03 02:33:20,6.24744833,-75.57845667,1.90,1481.977,23.923,15.480,289,22,40,,
T,2023-05-03 02:33:21,6.24749667,-75.57859000,1.90,1481.676,23.924,15.852,290,22,40,,
T,2023-05-03 02:33:22,6.24754333,-75.57872667,1.90,1482.276,23.924,16.016,288,22,40,,
T,2023-05-03 02:33:23,6.24759000,-75.57886333,1.80,1482.375,23.925,16.177,289,21,40,,
T,2023-05-03 02:33:24,6.24763667,-75.57900333,1.80,1482.375,23.925,16.000,289,21,40,,
T,2023-05-03 02:33:25,6.24768833,-75.57913667,1.80,1482.674,23.926,15.973,290,21,40,,
T,2023-05-03 02:33:26,6.24773500,-75.57927333,1.80,1483.273,23.927,15.631,289,21,40,,
T,2023-05-03 02:33:27,6.24777667,-75.57941000,1.80,1483.873,23.927,15.964,287,21,40,,
T,2023-05-03 02:33:28,6.24782333,-75.57954667,1.80,1484.272,23.928,15.932,291,21,40,,
T,2023-05-03 02:33:29,6.24787333,-75.57968167,1.80,1484.472,23.928,15.936,290,22,40,,
T,2023-05-03 02:33:30,6.24791833,-75.57981500,1.80,1484.771,23.929,15.751,290,22,40,,
T,2023-05-03 02:33:31,6.24796500,-75.57994833,1.80,1485.070,23.930,15.845,290,23,40,,
T,2023-05-03 02:33:32,6.24801000,-75.58008167,1.80,1485.970,23.930,15.509,288,24,40,,
T,2023-05-03 02:33:33,6.24805333,-75.58021167,1.80,1487.169,23.931,15.185,288,24,40,,
T,2023-05-03 02:33:34,6.24809833,-75.58034167,1.80,1486.969,23.931,15.559,287,23,40,,
T,2023-05-03 02:33:35,6.24814000,-75.58047333,1.80,1488.068,23.932,15.541,286,23,40,,
T,2023-05-03 02:33:36,6.24818500,-75.58060333,1.80,1488.067,23.933,15.333,288,23,40,,
T,2023-05-03 02:33:37,6.24822833,-75.58073667,1.90,1487.867,23.933,15.008,289,21,40,,
T,2023-05-03 02:33:38,6.24827167,-75.58086167,1.90,1487.566,23.934,15.150,287,21,40,,
T,2023-05-03 02:33:39,6.24831333,-75.58098167,1.80,1487.566,23.934,13.515,289,21,40,,
T,2023-05-03 02:33:40,6.24836000,-75.58109500,1.80,1487.365,23.935,13.140,294,22,40,,
T,2023-05-03 02:33:41,6.24839833,-75.58120667,1.90,1486.965,23.935,12.830,292,22,40,,
T,2023-05-03 02:33:42,6.24843167,-75.58132167,1.90,1486.664,23.936,13.874,286,22,40,,
T,2023-05-03 02:33:43,6.24845833,-75.58144167,1.90,1486.164,23.936,13.030,284,21,40,,
T,2023-05-03 02:33:44,6.24848333,-75.58155667,1.90,1485.763,23.937,13.176,283,21,40,,
T,2023-05-03 02:33:45,6.24850667,-75.58167000,1.90,1485.162,23.938,12.454,281,21,40,,
T,2023-05-03 02:33:46,6.24851833,-75.58177333,1.90,1484.462,23.938,10.614,277,21,40,,
T,2023-05-03 02:33:47,6.24852000,-75.58186167,1.90,1483.461,23.939,8.832,273,21,40,,
T,2023-05-03 02:33:48,6.24852333,-75.58193500,1.90,1482.361,23.939,7.731,275,21,40,,
T,2023-05-03 02:33:49,6.24852833,-75.58200167,2.00,1481.361,23.939,7.556,280,21,40,,
T,2023-05-03 02:33:50,6.24854167,-75.58206833,2.00,1480.860,23.940,8.526,282,21,40,,
T,2023-05-03 02:33:51,6.24856000,-75.58215000,2.00,1480.560,23.940,10.233,281,22,40,,
T,2023-05-03 02:33:52,6.24858000,-75.58225167,2.10,1480.460,23.940,11.894,280,22,40,,
T,2023-05-03 02:33:53,6.24860333,-75.58235833,2.10,1480.059,23.941,12.158,280,22,40,,
T,2023-05-03 02:33:54,6.24862667,-75.58246500,2.10,1479.759,23.941,11.878,280,20,40,,
T,2023-05-03 02:33:55,6.24864500,-75.58256833,2.10,1479.258,23.942,11.300,279,20,40,,
T,2023-05-03 02:33:56,6.24866000,-75.58266333,2.10,1478.958,23.942,10.429,279,20,40,,
T,2023-05-03 02:33:57,6.24867167,-75.58275500,2.10,1478.757,23.943,9.999,278,21,40,,
T,2023-05-03 02:33:58,6.24868167,-75.58284000,2.00,1478.557,23.943,9.295,279,22,40,,
T,2023-05-03 02:33:59,6.24869333,-75.58292167,2.00,1478.156,23.944,8.754,277,22,40,,
T,2023-05-03 02:34:00,6.24870167,-75.58299500,2.00,1477.556,23.944,8.129,274,22,40,,
T,2023-05-03 02:34:01,6.24870833,-75.58306833,2.00,1477.356,23.944,8.462,275,23,40,,
T,2023-05-03 02:34:02,6.24871500,-75.58315000,1.90,1476.755,23.945,9.377,275,23,40,,
T,2023-05-03 02:34:03,6.24871833,-75.58324333,2.00,1476.455,23.945,10.612,273,23,40,,
T,2023-05-03 02:34:04,6.24872500,-75.58335167,2.00,1476.154,23.946,12.319,272,23,40,,
T,2023-05-03 02:34:05,6.24873500,-75.58347167,2.00,1476.353,23.947,13.429,275,23,40,,
T,2023-05-03 02:34:06,6.24875333,-75.58359667,2.00,1478.853,23.947,13.866,275,23,40,,
T,2023-05-03 02:34:07,6.24877333,-75.58372667,2.00,1480.452,23.948,14.632,280,22,40,,
T,2023-05-03 02:34:08,6.24879333,-75.58386167,2.00,1481.152,23.948,14.373,276,22,40,,
T,2023-05-03 02:34:09,6.24881000,-75.58399333,2.00,1482.651,23.949,14.557,276,22,40,,
T,2023-05-03 02:34:10,6.24882667,-75.58413167,1.90,1482.950,23.950,15.578,278,21,39,,
T,2023-05-03 02:34:11,6.24884500,-75.58427167,1.90,1483.850,23.950,15.558,279,21,39,,
T,2023-05-03 02:34:12,6.24886167,-75.58441667,1.90,1484.249,23.951,15.884,278,21,40,,
T,2023-05-03 02:34:13,6.24888167,-75.58456333,1.90,1484.248,23.952,15.976,278,22,40,,
T,2023-05-03 02:34:14,6.24890500,-75.58471000,1.90,1485.547,23.953,16.316,276,22,40,,
T,2023-05-03 02:34:15,6.24892167,-75.58485833,1.90,1486.247,23.953,16.278,273,21,40,,
T,2023-05-03 02:34:16,6.24893500,-75.58501167,2.00,1486.046,23.954,16.711,276,21,40,,
T,2023-05-03 02:34:17,6.24895667,-75.58516167,2.00,1485.945,23.955,16.689,278,22,40,,
T,2023-05-03 02:34:18,6.24897333,-75.58531667,2.10,1485.944,23.956,16.715,277,23,39,,
T,2023-05-03 02:34:19,6.24899333,-75.58546833,2.10,1487.144,23.956,16.924,276,22,39,,
T,2023-05-03 02:34:20,6.24901000,-75.58562000,2.10,1488.043,23.957,16.330,275,20,40,,
T,2023-05-03 02:34:21,6.24901333,-75.58577000,2.10,1487.442,23.958,16.561,275,20,40,,
T,2023-05-03 02:34:22,6.24902333,-75.58592167,2.10,1487.341,23.959,15.839,275,21,40,,
T,2023-05-03 02:34:23,6.24903167,-75.58606333,2.20,1487.341,23.959,15.147,275,21,40,,
T,2023-05-03 02:34:24,6.24904167,-75.58619500,2.20,1487.440,23.960,13.569,275,21,40,,
T,2023-05-03 02:34:25,6.24905667,-75.58631000,2.10,1487.839,23.961,11.915,276,17,40,,
T,2023-05-03 02:34:26,6.24907000,-75.58641000,2.10,1488.239,23.961,11.026,276,17,40,,
T,2023-05-03 02:34:27,6.24908500,-75.58650167,2.10,1488.738,23.962,10.556,276,17,40,,
T,2023-05-03 02:34:28,6.24909833,-75.58657500,2.20,1489.438,23.962,8.735,277,17,40,,
T,2023-05-03 02:34:29,6.24910333,-75.58663667,2.30,1490.338,23.962,7.775,272,17,40,,
T,2023-05-03 02:34:30,6.24910500,-75.58667500,2.40,1491.138,23.962,6.097,274,17,40,,
T,2023-05-03 02:34:31,6.24910667,-75.58667833,2.40,1491.838,23.962,3.277,284,17,40,,
T,2023-05-03 02:34:32,6.24910667,-75.58667500,2.30,1492.138,23.962,1.770,281,17,40,,
T,2023-05-03 02:34:33,6.24910833,-75.58667333,2.30,1492.538,23.962,1.038,281,17,40,,
T,2023-05-03 02:34:34,6.24911000,-75.58667000,2.20,1492.838,23.962,0.000,,16,40,,
T,2023-05-03 02:34:35,6.24911167,-75.58667000,2.20,1492.138,23.962,0.000,,17,40,,
T,2023-05-03 02:34:36,6.24911500,-75.58667833,2.20,1491.738,23.962,0.000,,18,40,,
T,2023-05-03 02:34:37,6.24911500,-75.58667833,2.20,1491.738,23.962,0.000,,18,40,,
T,2023-05-03 02:34:38,6.24912333,-75.58671667,2.30,1491.937,23.963,2.966,283,20,40,,
T,2023-05-03 02:34:39,6.24913333,-75.58676000,2.50,1491.937,23.963,4.031,278,18,40,,
T,2023-05-03 02:34:40,6.24913333,-75.58683667,2.50,1491.837,23.963,6.274,268,18,40,,
T,2023-05-03 02:34:41,6.24914000,-75.58692000,2.60,1492.036,23.964,7.594,271,19,40,,
T,2023-05-03 02:34:42,6.24914833,-75.58702333,2.60,1492.236,23.964,9.044,273,16,40,,
T,2023-05-03 02:34:43,6.24915833,-75.58715167,2.60,1492.635,23.965,10.898,273,15,40,,
T,2023-05-03 02:34:44,6.24917667,-75.58728167,2.50,1492.935,23.965,12.737,276,15,40,,
T,2023-05-03 02:34:45,6.24919667,-75.58741167,2.40,1493.134,23.966,13.201,277,15,40,,
T,2023-05-03 02:34:46,6.24921167,-75.58754333,2.40,1493.333,23.967,13.620,275,15,40,,
T,2023-05-03 02:34:47,6.24923000,-75.58767000,2.30,1493.233,23.967,13.861,276,15,40,,
T,2023-05-03 02:34:48,6.24925000,-75.58780667,2.20,1491.832,23.968,14.840,276,18,40,,
T,2023-05-03 02:34:49,6.24927333,-75.58795000,2.10,1492.931,23.969,15.056,276,18,40,,
T,2023-05-03 02:34:50,6.24928833,-75.58808667,2.10,1493.031,23.969,14.708,274,18,40,,
T,2023-05-03 02:34:51,6.24930667,-75.58822667,2.10,1493.430,23.970,15.465,277,18,40,,
T,2023-05-03 02:34:52,6.24932500,-75.58837000,2.00,1492.729,23.971,15.479,279,18,40,,
T,2023-05-03 02:34:53,6.24935167,-75.58851000,2.00,1491.628,23.972,15.187,281,18,40,,
T,2023-05-03 02:34:54,6.24937500,-75.58864833,2.00,1491.328,23.972,15.159,278,17,40,,
T,2023-05-03 02:34:55,6.24939333,-75.58878833,1.90,1491.027,23.973,15.438,275,16,40,,
T,2023-05-03 02:34:56,6.24940667,-75.58892667,1.90,1491.326,23.974,15.439,276,17,40,,
T,2023-05-03 02:34:57,6.24942667,-75.58906167,1.90,1492.726,23.974,15.172,278,18,40,,
T,2023-05-03 02:34:58,6.24944333,-75.58919833,1.90,1494.025,23.975,15.186,275,19,40,,
T,2023-05-03 02:34:59,6.24946000,-75.58933333,1.90,1495.324,23.976,15.223,276,19,40,,
T,2023-05-03 02:35:00,6.24947333,-75.58947333,1.90,1497.124,23.976,15.780,275,19,40,,
T,2023-05-03 02:35:01,6.24949000,-75.58962167,2.00,1497.923,23.977,16.420,276,19,40,,
T,2023-05-03 02:35:02,6.24950667,-75.58977333,2.00,1499.522,23.978,16.672,275,18,40,,
T,2023-05-03 02:35:03,6.24951667,-75.58992667,2.10,1500.521,23.979,16.653,274,17,40,,
T,2023-05-03 02:35:04,6.24953000,-75.59007500,2.10,1501.621,23.979,16.282,277,16,40,,
T,2023-05-03 02:35:05,6.24954500,-75.59022167,2.10,1502.720,23.980,16.279,277,14,40,,
T,2023-05-03 02:35:06,6.24955833,-75.59036500,2.20,1503.819,23.981,15.534,275,14,40,,
T,2023-05-03 02:35:07,6.24957000,-75.59050167,2.20,1504.719,23.981,15.292,276,14,40,,
T,2023-05-03 02:35:08,6.24958833,-75.59065000,2.20,1502.918,23.982,15.620,276,14,40,,
T,2023-05-03 02:35:09,6.24961167,-75.59079833,2.10,1501.917,23.983,15.799,277,15,40,,
T,2023-05-03 02:35:10,6.24962833,-75.59094500,2.10,1500.916,23.984,15.654,276,15,40,,
T,2023-05-03 02:35:11,6.24963667,-75.59107667,2.10,1501.916,23.984,15.111,277,15,40,,
T,2023-05-03 02:35:12,6.24965500,-75.59121500,2.10,1501.615,23.985,15.414,277,15,39,,
T,2023-05-03 02:35:13,6.24967333,-75.59135500,2.00,1501.414,23.986,15.158,280,15,39,,
T,2023-05-03 02:35:14,6.24969167,-75.59148667,2.00,1501.514,23.986,14.067,280,15,39,,
T,2023-05-03 02:35:15,6.24970500,-75.59160833,2.00,1502.113,23.987,13.511,277,16,39,,
T,2023-05-03 02:35:16,6.24971167,-75.59172000,2.10,1503.012,23.988,12.653,277,15,39,,
T,2023-05-03 02:35:17,6.24972000,-75.59182333,2.00,1504.012,23.988,11.591,277,15,39,,
T,2023-05-03 02:35:18,6.24973000,-75.59191833,2.00,1504.911,23.989,10.695,276,16,39,,
T,2023-05-03 02:35:19,6.24974167,-75.59201500,2.10,1505.811,23.989,11.033,278,16,39,,
T,2023-05-03 02:35:20,6.24975000,-75.59211167,2.10,1506.511,23.989,11.005,276,15,39,,
T,2023-05-03 02:35:21,6.24975833,-75.59221167,2.10,1507.310,23.990,11.472,275,17,39,,
T,2023-05-03 02:35:22,6.24977667,-75.59231833,2.10,1508.010,23.990,11.673,279,17,39,,
T,2023-05-03 02:35:23,6.24978833,-75.59242667,2.10,1508.409,23.991,12.581,276,16,39,,
T,2023-05-03 02:35:24,6.24980333,-75.59253833,2.10,1509.008,23.992,12.886,279,16,39,,
T,2023-05-03 02:35:25,6.24981833,-75.59265167,2.20,1509.508,23.992,13.330,281,16,39,,
T,2023-05-03 02:35:26,6.24983667,-75.59277667,2.10,1507.907,23.993,14.053,280,15,39,,
T,2023-05-03 02:35:27,6.24984833,-75.59290000,2.10,1508.207,23.993,13.934,276,15,39,,
T,2023-05-03 02:35:28,6.24986667,-75.59302833,2.20,1508.706,23.994,14.354,279,14,39,,
T,2023-05-03 02:35:29,6.24988167,-75.59315667,2.10,1507.905,23.995,13.739,278,15,39,,
T,2023-05-03 02:35:30,6.24990333,-75.59328500,2.10,1507.005,23.995,13.732,278,15,39,,
T,2023-05-03 02:35:31,6.24992333,-75.59341500,2.00,1506.504,23.996,14.326,279,15,39,,
T,2023-05-03 02:35:32,6.24993667,-75.59354667,2.00,1505.303,23.997,13.688,275,15,39,,
T,2023-05-03 02:35:33,6.24994667,-75.59367833,2.10,1504.203,23.997,14.380,274,15,39,,
T,2023-05-03 02:35:34,6.24995833,-75.59380667,2.20,1504.602,23.998,13.676,275,15,39,,
T,2023-05-03 02:35:35,6.24997167,-75.59393167,2.20,1504.902,23.998,13.550,274,14,39,,
T,2023-05-03 02:35:36,6.24998500,-75.59406000,2.30,1505.301,23.999,13.868,275,14,39,,
T,2023-05-03 02:35:37,6.25000000,-75.59417833,2.30,1505.800,24.000,13.526,279,12,39,,
T,2023-05-03 02:35:38,6.25001667,-75.59429500,2.30,1506.300,24.000,13.427,276,12,39,,
T,2023-05-03 02:35:39,6.25003667,-75.59441333,2.30,1506.799,24.001,13.209,279,12,39,,
T,2023-05-03 02:35:40,6.25005667,-75.59453000,2.40,1506.999,24.001,12.996,279,13,39,,
T,2023-05-03 02:35:41,6.25007000,-75.59464333,2.20,1506.798,24.002,12.673,277,14,39,,
T,2023-05-03 02:35:42,6.25008333,-75.59475500,2.30,1506.997,24.003,12.655,278,15,39,,
T,2023-05-03 02:35:43,6.25010000,-75.59486833,2.30,1507.197,24.003,12.775,278,15,39,,
T,2023-05-03 02:35:44,6.25011167,-75.59498500,2.30,1507.396,24.004,12.800,276,13,39,,
T,2023-05-03 02:35:45,6.25011833,-75.59509833,2.30,1507.596,24.004,12.804,274,13,39,,
T,2023-05-03 02:35:46,6.25013000,-75.59521000,2.30,1507.995,24.005,12.477,279,13,39,,
T,2023-05-03 02:35:47,6.25014333,-75.59532333,2.40,1507.995,24.005,12.384,277,14,39,,
T,2023-05-03 02:35:48,6.25015667,-75.59542833,2.40,1508.194,24.006,11.679,276,14,39,,
T,2023-05-03 02:35:49,6.25016667,-75.59553000,2.40,1508.494,24.006,11.146,274,15,39,,
T,2023-05-03 02:35:50,6.25018500,-75.59562000,2.40,1508.893,24.007,9.729,279,15,39,,
T,2023-05-03 02:35:51,6.25020500,-75.59570000,2.50,1509.293,24.007,8.845,281,14,39,,
T,2023-05-03 02:35:52,6.25021833,-75.59577500,2.60,1509.692,24.008,8.287,281,14,39,,
T,2023-05-03 02:35:53,6.25024333,-75.59583500,2.70,1510.092,24.008,7.646,284,14,39,,
T,2023-05-03 02:35:54,6.25027667,-75.59587833,2.70,1510.292,24.008,6.781,292,15,39,,
T,2023-05-03 02:35:55,6.25030500,-75.59591000,2.80,1510.492,24.008,5.648,298,14,39,,
T,2023-05-03 02:35:56,6.25034167,-75.59594000,3.00,1510.692,24.008,5.510,305,14,39,,
T,2023-05-03 02:35:57,6.25038500,-75.59596167,3.10,1510.992,24.008,5.338,310,13,39,,
T,2023-05-03 02:35:58,6.25043333,-75.59597667,3.10,1511.092,24.008,5.333,319,13,39,,
T,2023-05-03 02:35:59,6.25048833,-75.59598167,3.00,1510.792,24.008,5.633,325,13,39,,
T,2023-05-03 02:36:00,6.25051333,-75.59601333,3.00,1510.692,24.008,5.477,315,13,39,,
T,2023-05-03 02:36:01,6.25054333,-75.59606000,3.00,1510.792,24.008,6.129,305,13,39,,
T,2023-05-03 02:36:02,6.25056167,-75.59609667,3.00,1510.692,24.008,5.957,300,13,39,,
T,2023-05-03 02:36:03,6.25059000,-75.59615833,3.00,1510.591,24.009,6.815,296,13,39,,
T,2023-05-03 02:36:04,6.25060333,-75.59623167,3.00,1510.591,24.009,7.142,286,12,39,,
T,2023-05-03 02:36:05,6.25061333,-75.59630500,2.90,1510.491,24.009,7.341,282,14,39,,
T,2023-05-03 02:36:06,6.25061667,-75.59637167,2.90,1510.190,24.010,6.634,276,15,39,,
T,2023-05-03 02:36:07,6.25062167,-75.59642500,2.80,1510.090,24.010,6.200,273,16,39,,
T,2023-05-03 02:36:08,6.25062500,-75.59647333,2.80,1510.090,24.010,5.094,273,16,39,,
T,2023-05-03 02:36:09,6.25062500,-75.59651667,2.70,1509.890,24.010,4.971,271,16,39,,
T,2023-05-03 02:36:10,6.25063167,-75.59655667,2.70,1510.389,24.011,4.777,273,18,39,,
T,2023-05-03 02:36:11,6.25063833,-75.59660167,2.60,1510.489,24.011,5.320,273,18,39,,
T,2023-05-03 02:36:12,6.25063833,-75.59664667,2.60,1510.189,24.011,5.107,270,16,39,,
T,2023-05-03 02:36:13,6.25064000,-75.59669000,2.60,1510.089,24.011,4.709,270,16,39,,
T,2023-05-03 02:36:14,6.25064667,-75.59673167,2.50,1510.188,24.012,4.174,273,17,39,,
T,2023-05-03 02:36:15,6.25066667,-75.59676667,2.40,1510.388,24.012,3.677,279,18,39,,
T,2023-05-03 02:36:16,6.25067167,-75.59679500,2.40,1510.288,24.012,2.732,267,17,39,,
T,2023-05-03 02:36:17,6.25068000,-75.59682167,2.30,1510.788,24.012,2.768,256,18,39,,
T,2023-05-03 02:36:18,6.25067333,-75.59684333,2.30,1511.188,24.012,2.790,233,19,39,,
T,2023-05-03 02:36:19,6.25065833,-75.59686167,2.30,1511.288,24.012,2.785,224,17,39,,
T,2023-05-03 02:36:20,6.25063667,-75.59687500,2.30,1511.588,24.012,2.790,210,17,39,,
T,2023-05-03 02:36:21,6.25061333,-75.59688000,2.30,1512.188,24.012,2.209,189,19,39,,
T,2023-05-03 02:36:22,6.25059500,-75.59688500,2.30,1512.888,24.012,2.108,188,20,39,,
T,2023-05-03 02:36:23,6.25057333,-75.59688667,2.30,1513.588,24.012,2.232,171,19,39,,
T,2023-05-03 02:36:24,6.25055333,-75.59688833,2.30,1514.287,24.013,2.329,180,20,39,,
T,2023-05-03 02:36:25,6.25052833,-75.59689167,2.30,1514.587,24.013,1.916,184,21,39,,
T,2023-05-03 02:36:26,6.25050667,-75.59690167,2.20,1515.187,24.013,1.920,193,20,39,,
T,2023-05-03 02:36:27,6.25049000,-75.59690333,2.20,1515.987,24.013,1.829,191,20,39,,
T,2023-05-03 02:36:28,6.25047333,-75.59690333,2.20,1516.487,24.013,1.508,190,20,39,,
T,2023-05-03 02:36:29,6.25046167,-75.59690333,2.20,1517.187,24.013,1.332,190,18,39,,
T,2023-05-03 02:36:30,6.25044833,-75.59689833,2.10,1517.687,24.013,0.000,,19,39,,
T,2023-05-03 02:36:31,6.25043667,-75.59690333,2.00,1517.887,24.013,0.000,,20,39,,
T,2023-05-03 02:36:32,6.25042667,-75.59690833,2.00,1517.587,24.013,0.000,,20,39,,
T,2023-05-03 02:36:33,6.25042667,-75.59690833,1.90,1517.587,24.013,0.000,,20,39,,
T,2023-05-03 02:36:34,6.25042667,-75.59690833,1.90,1517.587,24.013,0.000,,20,39,,
T,2023-05-03 02:36:35,6.25042667,-75.59690833,1.90,1517.587,24.013,0.000,,20,39,,
T,2023-05-03 02:36:36,6.25042667,-75.59690833,1.10,1517.587,24.013,0.000,,21,39,,
T,2023-05-03 02:36:37,6.25042667,-75.59690833,1.10,1517.587,24.013,0.000,,19,39,,
T,2023-05-03 02:36:38,6.25042667,-75.59690833,1.20,1517.587,24.013,0.000,,20,39,,
T,2023-05-03 02:36:39,6.25042667,-75.59690833,1.30,1517.587,24.013,0.000,,21,39,,
T,2023-05-03 02:36:40,6.25042667,-75.59690833,1.40,1517.587,24.013,0.000,,21,39,,
T,2023-05-03 02:36:41,6.25042667,-75.59690833,1.50,1517.587,24.013,0.000,,21,39,,
T,2023-05-03 02:36:42,6.25042667,-75.59690833,1.10,1517.587,24.013,0.000,,21,39,,
T,2023-05-03 02:36:43,6.25042667,-75.59690833,1.00,1517.587,24.013,0.000,,21,39,,
T,2023-05-03 02:36:44,6.25042667,-75.59690833,1.00,1517.587,24.013,0.000,,21,39,,
T,2023-05-03 02:36:45,6.25042667,-75.59690833,1.20,1517.587,24.013,0.000,,21,39,,
T,2023-05-03 02:36:46,6.25042667,-75.59690833,1.00,1517.587,24.013,0.000,,21,39,,
T,2023-05-03 02:36:47,6.25042667,-75.59690833,1.00,1517.587,24.013,0.000,,20,39,,
T,2023-05-03 02:36:48,6.25042667,-75.59690833,1.00,1517.587,24.013,0.000,,20,39,,
T,2023-05-03 02:36:49,6.25042667,-75.59690833,1.00,1517.587,24.013,0.000,,18,39,,
T,2023-05-03 02:36:50,6.25042667,-75.59690833,1.10,1517.587,24.013,0.000,,18,39,,
T,2023-05-03 02:36:51,6.25042667,-75.59690833,1.30,1517.587,24.013,0.000,,18,39,,
T,2023-05-03 02:36:52,6.25042667,-75.59690833,1.40,1517.587,24.013,0.000,,19,39,,
T,2023-05-03 02:36:53,6.25042667,-75.59690833,1.50,1517.587,24.013,0.000,,19,39,,
T,2023-05-03 02:36:54,6.25042667,-75.59690833,1.10,1517.587,24.013,0.000,,20,39,,
T,2023-05-03 02:36:55,6.25042667,-75.59690833,1.00,1517.587,24.013,0.000,,20,39,,
T,2023-05-03 02:36:56,6.25042667,-75.59690833,1.00,1517.587,24.013,0.000,,20,39,,
T,2023-05-03 02:36:57,6.25042667,-75.59690833,1.00,1517.587,24.013,0.000,,22,39,,
T,2023-05-03 02:36:58,6.25042667,-75.59690833,1.00,1517.587,24.013,0.000,,22,39,,
T,2023-05-03 02:36:59,6.25042667,-75.59690833,1.00,1517.587,24.013,0.000,,22,39,,
T,2023-05-03 02:37:00,6.25042667,-75.59690833,1.00,1517.587,24.013,0.000,,21,39,,
T,2023-05-03 02:37:01,6.25042667,-75.59690833,1.20,1517.587,24.013,0.000,,21,39,,
T,2023-05-03 02:37:02,6.25042667,-75.59690833,1.00,1517.587,24.013,0.000,,21,39,,
T,2023-05-03 02:37:03,6.25042667,-75.59690833,1.00,1517.587,24.013,0.000,,21,39,,
T,2023-05-03 02:37:04,6.25042667,-75.59690833,1.00,1517.587,24.013,0.000,,20,39,,
T,2023-05-03 02:37:05,6.25042667,-75.59690833,1.00,1517.587,24.013,0.000,,20,39,,
T,2023-05-03 02:37:06,6.25042667,-75.59690833,1.00,1517.587,24.013,0.000,,19,39,,
T,2023-05-03 02:37:07,6.25042667,-75.59690833,1.00,1517.587,24.013,0.000,,18,39,,
T,2023-05-03 02:37:08,6.25042667,-75.59690833,1.00,1517.587,24.013,0.000,,18,39,,
T,2023-05-03 02:37:09,6.25042667,-75.59690833,1.00,1517.587,24.013,0.000,,18,39,,
T,2023-05-03 02:37:10,6.25042667,-75.59690833,1.00,1517.587,24.013,0.000,,18,39,,
T,2023-05-03 02:37:11,6.25042667,-75.59690833,1.00,1517.587,24.013,0.000,,20,39,,
T,2023-05-03 02:37:12,6.25042667,-75.59690833,1.00,1517.587,24.013,0.000,,20,38,,
T,2023-05-03 02:37:13,6.25042667,-75.59690833,1.00,1517.587,24.013,0.000,,20,38,,
T,2023-05-03 02:37:14,6.25042667,-75.59690833,1.00,1517.587,24.013,0.000,,21,38,,
T,2023-05-03 02:37:15,6.25042667,-75.59690833,1.00,1517.587,24.013,0.000,,21,38,,
T,2023-05-03 02:37:16,6.25042667,-75.59690833,1.00,1517.587,24.013,0.000,,21,38,,
T,2023-05-03 02:37:17,6.25042667,-75.59690833,1.00,1517.587,24.013,0.000,,21,38,,
T,2023-05-03 02:37:18,6.25042667,-75.59690833,1.00,1517.587,24.013,0.000,,21,38,,
T,2023-05-03 02:37:19,6.25042667,-75.59690833,1.00,1517.587,24.013,0.000,,20,38,,
T,2023-05-03 02:37:20,6.25042667,-75.59690833,1.00,1517.587,24.013,0.000,,20,38,,
T,2023-05-03 02:37:21,6.25042667,-75.59690833,1.00,1517.587,24.013,0.000,,20,38,,
T,2023-05-03 02:37:22,6.25042667,-75.59690833,1.00,1517.587,24.013,0.000,,19,38,,
T,2023-05-03 02:37:23,6.25042667,-75.59690833,1.20,1517.587,24.013,0.000,,20,38,,
T,2023-05-03 02:37:24,6.25042667,-75.59690833,1.30,1517.587,24.013,0.000,,21,38,,
T,2023-05-03 02:37:25,6.25042667,-75.59690833,1.40,1517.587,24.013,0.000,,21,38,,
T,2023-05-03 02:37:26,6.25042667,-75.59690833,1.50,1517.587,24.013,0.000,,21,38,,
T,2023-05-03 02:37:27,6.25032000,-75.59691500,1.60,1517.187,24.013,4.302,188,21,38,,
T,2023-05-03 02:37:28,6.25027000,-75.59692167,1.60,1517.187,24.013,5.687,185,22,38,,
T,2023-05-03 02:37:29,6.25021333,-75.59692833,1.70,1517.186,24.014,6.423,187,22,38,,
T,2023-05-03 02:37:30,6.25014500,-75.59693500,1.80,1517.186,24.014,7.289,189,22,38,,
T,2023-05-03 02:37:31,6.25006667,-75.59694500,1.90,1517.286,24.014,8.569,190,24,38,,
T,2023-05-03 02:37:32,6.24997833,-75.59695667,1.90,1517.186,24.014,9.726,186,24,38,,
T,2023-05-03 02:37:33,6.24988000,-75.59696667,2.00,1517.086,24.014,10.905,186,24,37,,
T,2023-05-03 02:37:34,6.24977333,-75.59697000,2.10,1516.785,24.015,11.432,181,20,37,,
T,2023-05-03 02:37:35,6.24966000,-75.59697667,2.20,1516.585,24.015,12.124,186,18,38,,
T,2023-05-03 02:37:36,6.24954333,-75.59698833,2.30,1516.185,24.015,12.666,188,19,38,,
T,2023-05-03 02:37:37,6.24942500,-75.59699667,2.30,1515.684,24.016,12.566,186,20,38,,
T,2023-05-03 02:37:38,6.24929667,-75.59700333,2.20,1515.084,24.016,13.028,186,20,38,,
T,2023-05-03 02:37:39,6.24916000,-75.59704167,2.20,1509.884,24.016,13.559,189,20,38,,
T,2023-05-03 02:37:40,6.24901833,-75.59708000,2.10,1505.683,24.017,14.144,191,19,38,,
T,2023-05-03 02:37:41,6.24887833,-75.59710333,2.10,1503.783,24.017,14.016,187,19,38,,
T,2023-05-03 02:37:42,6.24875500,-75.59712000,2.20,1502.983,24.017,13.262,186,19,38,,
T,2023-05-03 02:37:43,6.24862667,-75.59714667,2.10,1499.982,24.018,13.025,185,20,38,,
T,2023-05-03 02:37:44,6.24850833,-75.59716667,2.10,1497.482,24.018,13.026,186,20,38,,
T,2023-05-03 02:37:45,6.24839500,-75.59718667,2.10,1495.181,24.019,12.526,187,18,38,,
T,2023-05-03 02:37:46,6.24829000,-75.59719833,2.20,1494.081,24.019,11.494,186,18,38,,
T,2023-05-03 02:37:47,6.24821000,-75.59721167,2.30,1493.581,24.019,9.158,188,18,38,,
T,2023-05-03 02:37:48,6.24813500,-75.59723000,2.40,1492.481,24.019,8.688,190,18,38,,
T,2023-05-03 02:37:49,6.24806333,-75.59724333,2.60,1491.281,24.019,8.000,190,16,38,,
T,2023-05-03 02:37:50,6.24801000,-75.59725667,2.80,1490.280,24.020,6.969,192,16,38,,
T,2023-05-03 02:37:51,6.24796333,-75.59725167,3.00,1489.580,24.020,6.173,186,13,38,,
T,2023-05-03 02:37:52,6.24793667,-75.59723333,3.20,1488.880,24.020,5.311,177,13,38,,
T,2023-05-03 02:37:53,6.24790833,-75.59722000,3.60,1487.880,24.020,4.346,171,12,38,,
T,2023-05-03 02:37:54,6.24789000,-75.59718167,3.70,1486.981,24.019,3.840,154,13,38,,
T,2023-05-03 02:37:55,6.24786833,-75.59711333,3.70,1486.181,24.019,4.629,136,13,38,,
T,2023-05-03 02:37:56,6.24785500,-75.59701333,3.60,1485.281,24.019,5.999,124,13,38,,
T,2023-05-03 02:37:57,6.24784167,-75.59690500,3.50,1484.582,24.018,6.414,121,12,38,,
T,2023-05-03 02:37:58,6.24781500,-75.59684500,3.60,1483.582,24.018,6.120,120,12,38,,
T,2023-05-03 02:37:59,6.24777833,-75.59679500,3.60,1482.982,24.018,6.030,123,13,38,,
T,2023-05-03 02:38:00,6.24775000,-75.59674833,3.60,1482.183,24.017,5.876,123,13,38,,
T,2023-05-03 02:38:01,6.24771000,-75.59672167,3.60,1481.483,24.017,5.662,130,13,38,,
T,2023-05-03 02:38:02,6.24767167,-75.59671500,3.70,1480.683,24.017,4.963,138,12,38,,
T,2023-05-03 02:38:03,6.24763333,-75.59671333,3.80,1479.882,24.018,4.695,147,12,38,,
T,2023-05-03 02:38:04,6.24758667,-75.59673500,3.90,1479.082,24.018,4.531,162,12,38,,
T,2023-05-03 02:38:05,6.24752833,-75.59675500,4.10,1478.282,24.018,4.979,173,12,38,,
T,2023-05-03 02:38:06,6.24745667,-75.59681833,4.20,1477.582,24.018,5.184,189,12,38,,
T,2023-05-03 02:38:07,6.24738167,-75.59688833,4.30,1476.881,24.019,6.060,202,11,37,,
T,2023-05-03 02:38:08,6.24728833,-75.59696833,4.00,1476.180,24.020,7.241,206,9,37,,
T,2023-05-03 02:38:09,6.24720167,-75.59705000,3.90,1475.580,24.020,8.306,212,12,38,,
T,2023-05-03 02:38:10,6.24711833,-75.59713000,3.90,1474.979,24.021,9.092,214,12,38,,
T,2023-05-03 02:38:11,6.24703167,-75.59724000,3.80,1474.579,24.021,9.720,217,12,37,,
T,2023-05-03 02:38:12,6.24695500,-75.59739333,3.60,1474.178,24.022,10.695,225,11,38,,
T,2023-05-03 02:38:13,6.24688333,-75.59746000,3.50,1473.377,24.023,10.387,223,13,38,,
T,2023-05-03 02:38:14,6.24681333,-75.59752333,3.50,1472.577,24.023,9.855,223,13,38,,
T,2023-05-03 02:38:15,6.24674500,-75.59758500,3.50,1471.776,24.024,9.838,223,12,37,,
T,2023-05-03 02:38:16,6.24667833,-75.59764000,3.60,1470.876,24.024,9.429,224,10,38,,
T,2023-05-03 02:38:17,6.24662167,-75.59771167,3.60,1470.375,24.025,8.521,227,10,37,,
T,2023-05-03 02:38:18,6.24657667,-75.59776167,3.70,1469.875,24.025,8.073,227,10,37,,
T,2023-05-03 02:38:19,6.24656000,-75.59785833,3.70,1469.374,24.026,8.048,237,10,37,,
T,2023-05-03 02:38:20,6.24656333,-75.59795500,3.90,1468.674,24.026,8.018,247,10,38,,
T,2023-05-03 02:38:21,6.24661167,-75.59804667,4.00,1468.174,24.026,7.656,263,10,38,,
T,2023-05-03 02:38:22,6.24667167,-75.59815833,4.00,1467.573,24.027,8.650,276,10,37,,
T,2023-05-03 02:38:23,6.24678333,-75.59827833,4.00,1467.173,24.027,9.544,288,10,37,,
T,2023-05-03 02:38:24,6.24690167,-75.59837167,3.90,1466.672,24.028,10.700,299,10,37,,
T,2023-05-03 02:38:25,6.24700667,-75.59844500,3.80,1465.672,24.028,10.346,304,10,38,,
T,2023-05-03 02:38:26,6.24707667,-75.59849667,3.70,1464.972,24.028,9.348,307,9,38,,
T,2023-05-03 02:38:27,6.24713167,-75.59854667,3.50,1464.472,24.028,8.844,311,9,38,,
T,2023-05-03 02:38:28,6.24718500,-75.59859333,3.40,1464.272,24.028,8.824,312,9,38,,
T,2023-05-03 02:38:29,6.24724000,-75.59865333,3.40,1463.772,24.028,9.330,310,9,38,,
T,2023-05-03 02:38:30,6.24730500,-75.59872333,3.30,1463.371,24.029,10.367,310,10,38,,
T,2023-05-03 02:38:31,6.24737500,-75.59878333,3.20,1463.271,24.029,9.951,314,11,38,,
T,2023-05-03 02:38:32,6.24743333,-75.59884667,3.30,1462.671,24.029,9.479,310,12,38,,
T,2023-05-03 02:38:33,6.24750667,-75.59890333,3.20,1462.971,24.029,8.463,315,12,38,,
T,2023-05-03 02:38:34,6.24757000,-75.59895167,3.30,1462.471,24.029,8.305,319,12,38,,
T,2023-05-03 02:38:35,6.24763667,-75.59901333,3.30,1462.171,24.029,8.309,317,12,38,,
T,2023-05-03 02:38:36,6.24768000,-75.59906333,3.50,1462.470,24.030,6.506,313,12,38,,
T,2023-05-03 02:38:37,6.24770167,-75.59908500,4.00,1463.370,24.030,4.409,314,14,38,,
T,2023-05-03 02:38:38,6.24771167,-75.59910667,4.70,1463.370,24.030,3.332,307,15,37,,
T,2023-05-03 02:38:39,6.24766167,-75.59910167,5.30,1464.570,24.030,1.702,254,15,38,,
T,2023-05-03 02:38:40,6.24763500,-75.59904833,4.50,1465.370,24.030,0.000,,14,38,,
T,2023-05-03 02:38:41,6.24761000,-75.59902333,4.60,1466.470,24.030,0.000,,14,38,,
T,2023-05-03 02:38:42,6.24758500,-75.59900000,4.60,1467.370,24.030,0.000,,13,38,,
T,2023-05-03 02:38:43,6.24758500,-75.59900000,4.20,1467.370,24.030,0.000,,13,38,,
T,2023-05-03 02:38:44,6.24753167,-75.59891333,4.00,1467.171,24.029,0.030,254,13,38,,
T,2023-05-03 02:38:45,6.24752500,-75.59889333,3.60,1466.971,24.029,0.000,,13,38,,
T,2023-05-03 02:38:46,6.24752167,-75.59888333,3.40,1467.271,24.029,0.000,,13,38,,
T,2023-05-03 02:38:47,6.24752000,-75.59888833,3.30,1467.371,24.029,0.000,,13,38,,
T,2023-05-03 02:38:48,6.24752000,-75.59888833,3.30,1467.371,24.029,0.000,,13,38,,
T,2023-05-03 02:38:49,6.24750167,-75.59891667,3.40,1467.771,24.029,0.167,254,13,38,,
T,2023-05-03 02:38:50,6.24749667,-75.59892500,3.50,1467.771,24.029,0.126,254,11,38,,
T,2023-05-03 02:38:51,6.24750833,-75.59893000,3.70,1468.371,24.029,0.000,,10,38,,
T,2023-05-03 02:38:52,6.24750000,-75.59893667,4.00,1468.371,24.029,1.063,254,9,37,,
