type,date time,latitude,longitude,accuracy(m),altitude(m),geoid_height(m),speed(m/s),bearing(deg),sat_used,sat_inview,name,desc
T,2023-05-11 18:28:53,6.24356768,-75.56343696,5.89,1500.185,23.852,0.000,,12,28,20230511-132853,GPS Logger: 20230511-132853 - 2021_yamaha250_ruta9
T,2023-05-11 18:28:54,6.24357205,-75.56343854,5.15,1503.259,23.852,0.000,,13,28,,
T,2023-05-11 18:28:55,6.24357306,-75.56343394,4.77,1504.282,23.852,0.000,,13,28,,
T,2023-05-11 18:28:56,6.24357441,-75.56344255,4.36,1503.206,23.852,0.000,,13,28,,
T,2023-05-11 18:28:57,6.24357680,-75.56344844,4.36,1504.015,23.852,0.000,,14,28,,
T,2023-05-11 18:28:58,6.24357331,-75.56345344,4.38,1505.588,23.852,0.000,,14,28,,
T,2023-05-11 18:28:59,6.24356788,-75.56344806,4.56,1508.756,23.852,0.000,,14,28,,
T,2023-05-11 18:29:00,6.24356949,-75.56344964,4.84,1508.378,23.852,0.000,,14,28,,
T,2023-05-11 18:29:01,6.24357069,-75.56345178,5.25,1508.630,23.852,0.000,,13,28,,
T,2023-05-11 18:29:02,6.24357000,-75.56345167,5.75,1508.486,23.852,0.000,,13,28,,
T,2023-05-11 18:29:03,6.24356771,-75.56345501,5.90,1508.346,23.852,0.000,,11,28,,
T,2023-05-11 18:29:04,6.24356375,-75.56345668,6.01,1509.729,23.852,0.000,,10,28,,
T,2023-05-11 18:29:05,6.24356237,-75.56345531,5.37,1509.689,23.852,0.000,,10,28,,
T,2023-05-11 18:29:06,6.24356185,-75.56345158,5.38,1510.931,23.852,0.000,,11,28,,
T,2023-05-11 18:29:07,6.24356072,-75.56345167,5.51,1511.343,23.852,0.000,,16,28,,
T,2023-05-11 18:29:08,6.24355896,-75.56344930,6.09,1512.038,23.852,0.000,,15,28,,
T,2023-05-11 18:29:09,6.24355501,-75.56344752,6.56,1512.473,23.852,0.000,,15,28,,
T,2023-05-11 18:29:10,6.24355758,-75.56344814,6.18,1511.639,23.852,0.000,,15,28,,
T,2023-05-11 18:29:11,6.24361411,-75.56337934,6.59,1511.969,23.852,6.950,47,15,28,,
T,2023-05-11 18:29:12,6.24367407,-75.56334461,5.95,1508.738,23.852,6.730,31,15,28,,
T,2023-05-11 18:29:13,6.24374941,-75.56334345,6.62,1511.082,23.852,6.620,28,12,28,,
T,2023-05-11 18:29:14,6.24379180,-75.56332355,6.39,1513.465,23.851,5.250,26,14,28,,
T,2023-05-11 18:29:15,6.24385146,-75.56330623,5.90,1513.051,23.851,6.730,27,13,28,,
T,2023-05-11 18:29:16,6.24390624,-75.56328530,6.44,1513.646,23.851,6.630,27,13,28,,
T,2023-05-11 18:29:17,6.24394850,-75.56326200,6.91,1513.052,23.851,5.860,36,13,28,,
T,2023-05-11 18:29:18,6.24397532,-75.56322848,8.01,1512.579,23.850,5.080,45,13,28,,
T,2023-05-11 18:29:19,6.24401015,-75.56317788,9.54,1513.049,23.850,6.110,55,14,28,,
T,2023-05-11 18:29:20,6.24390721,-75.56311299,7.54,1512.002,23.850,7.000,130,15,28,,
T,2023-05-11 18:29:21,6.24386677,-75.56306706,6.76,1513.061,23.850,5.420,126,16,28,,
T,2023-05-11 18:29:22,6.24383034,-75.56301689,6.05,1511.561,23.850,7.030,128,16,28,,
T,2023-05-11 18:29:23,6.24379819,-75.56295951,5.95,1510.298,23.849,6.020,120,16,28,,
T,2023-05-11 18:29:24,6.24377885,-75.56292751,6.00,1510.751,23.849,4.650,114,18,28,,
T,2023-05-11 18:29:25,6.24378517,-75.56292385,5.48,1508.499,23.849,1.700,106,18,28,,
T,2023-05-11 18:29:26,6.24377797,-75.56290442,5.69,1509.119,23.849,1.700,107,19,28,,
T,2023-05-11 18:29:27,6.24377944,-75.56291370,5.20,1510.024,23.849,0.330,111,18,28,,
T,2023-05-11 18:29:28,6.24377947,-75.56292424,5.76,1509.417,23.849,0.360,112,17,28,,
T,2023-05-11 18:29:29,6.24378680,-75.56290739,6.14,1507.415,23.849,0.460,96,16,28,,
T,2023-05-11 18:29:30,6.24378885,-75.56290568,6.72,1507.364,23.849,0.340,97,17,28,,
T,2023-05-11 18:29:31,6.24378924,-75.56290357,7.40,1507.032,23.849,0.260,100,17,28,,
T,2023-05-11 18:29:32,6.24378406,-75.56289909,7.88,1508.134,23.849,0.000,,15,28,,
T,2023-05-11 18:29:33,6.24378515,-75.56287128,6.95,1508.122,23.849,0.810,104,15,28,,
T,2023-05-11 18:29:34,6.24377610,-75.56285689,6.67,1507.430,23.849,1.270,104,15,28,,
T,2023-05-11 18:29:35,6.24376946,-75.56283989,6.05,1507.800,23.849,1.890,102,16,28,,
T,2023-05-11 18:29:36,6.24376346,-75.56281562,5.95,1507.696,23.849,2.630,104,15,28,,
T,2023-05-11 18:29:37,6.24375482,-75.56278346,5.75,1506.592,23.849,3.800,102,16,28,,
T,2023-05-11 18:29:38,6.24374090,-75.56274721,5.84,1507.569,23.848,3.950,119,17,28,,
T,2023-05-11 18:29:39,6.24372253,-75.56270934,6.00,1509.569,23.848,4.110,117,17,28,,
T,2023-05-11 18:29:40,6.24369336,-75.56263125,5.98,1508.862,23.848,5.120,120,17,28,,
T,2023-05-11 18:29:41,6.24365069,-75.56259024,6.40,1507.689,23.848,5.580,155,17,28,,
T,2023-05-11 18:29:42,6.24358442,-75.56258281,6.77,1508.433,23.848,5.940,184,18,28,,
T,2023-05-11 18:29:43,6.24351453,-75.56263797,5.82,1508.528,23.848,6.590,212,18,28,,
T,2023-05-11 18:29:44,6.24346978,-75.56268188,5.46,1508.854,23.849,6.770,217,18,27,,
T,2023-05-11 18:29:45,6.24340821,-75.56271765,5.50,1508.935,23.849,7.640,214,18,28,,
T,2023-05-11 18:29:46,6.24334092,-75.56275838,4.80,1511.324,23.849,8.290,211,17,28,,
T,2023-05-11 18:29:47,6.24326294,-75.56279459,5.27,1511.876,23.850,8.620,206,18,28,,
T,2023-05-11 18:29:48,6.24320642,-75.56280871,6.26,1511.520,23.850,7.700,208,16,28,,
T,2023-05-11 18:29:49,6.24314980,-75.56284068,11.10,1512.147,23.850,6.970,212,15,28,,
T,2023-05-11 18:29:50,6.24307865,-75.56288677,11.05,1511.699,23.850,7.930,215,15,28,,
T,2023-05-11 18:29:51,6.24301284,-75.56292159,10.96,1512.497,23.851,7.400,225,15,28,,
T,2023-05-11 18:29:52,6.24295301,-75.56294953,11.00,1511.720,23.851,6.600,229,15,28,,
T,2023-05-11 18:29:53,6.24291077,-75.56296878,10.92,1512.919,23.851,4.660,217,15,28,,
T,2023-05-11 18:29:54,6.24288019,-75.56297491,10.94,1512.092,23.851,3.110,208,15,28,,
T,2023-05-11 18:29:55,6.24285246,-75.56298551,10.99,1511.954,23.851,2.270,215,15,28,,
T,2023-05-11 18:29:56,6.24284373,-75.56299890,11.09,1510.514,23.851,1.830,220,14,28,,
T,2023-05-11 18:29:57,6.24281986,-75.56300956,11.20,1512.473,23.852,2.340,215,12,28,,
T,2023-05-11 18:29:58,6.24277024,-75.56302191,11.03,1513.221,23.852,2.930,217,11,28,,
T,2023-05-11 18:29:59,6.24275088,-75.56303743,11.04,1514.379,23.852,2.520,214,13,28,,
T,2023-05-11 18:30:00,6.24271870,-75.56304036,10.81,1515.676,23.852,2.580,211,12,28,,
T,2023-05-11 18:30:01,6.24269612,-75.56305397,10.71,1516.175,23.852,3.070,219,13,28,,
T,2023-05-11 18:30:02,6.24266165,-75.56306940,10.41,1516.286,23.852,3.260,224,14,27,,
T,2023-05-11 18:30:03,6.24264029,-75.56310247,10.43,1516.884,23.852,4.390,245,15,28,,
T,2023-05-11 18:30:04,6.24264753,-75.56315737,10.26,1516.778,23.853,4.990,286,16,27,,
T,2023-05-11 18:30:05,6.24268249,-75.56324003,10.04,1518.602,23.853,5.510,315,16,28,,
T,2023-05-11 18:30:06,6.24271162,-75.56328479,10.13,1520.249,23.853,4.690,322,17,28,,
T,2023-05-11 18:30:07,6.24274005,-75.56333717,10.04,1519.117,23.853,5.860,301,17,28,,
T,2023-05-11 18:30:08,6.24276633,-75.56338177,10.34,1519.194,23.854,5.830,318,17,28,,
T,2023-05-11 18:30:09,6.24279795,-75.56342990,10.73,1520.045,23.854,6.080,314,17,28,,
T,2023-05-11 18:30:10,6.24281756,-75.56347192,10.29,1519.926,23.854,5.170,308,17,28,,
T,2023-05-11 18:30:11,6.24284829,-75.56351065,10.35,1520.178,23.854,5.090,306,16,28,,
T,2023-05-11 18:30:12,6.24286801,-75.56354401,10.20,1520.243,23.854,5.230,312,15,28,,
T,2023-05-11 18:30:13,6.24288342,-75.56356615,10.28,1519.292,23.854,4.690,302,15,28,,
T,2023-05-11 18:30:14,6.24290581,-75.56359662,10.75,1518.492,23.854,4.540,306,15,28,,
T,2023-05-11 18:30:15,6.24294082,-75.56363525,11.21,1517.759,23.855,5.260,309,15,28,,
T,2023-05-11 18:30:16,6.24297838,-75.56368200,11.10,1518.621,23.855,5.830,310,16,28,,
T,2023-05-11 18:30:17,6.24302180,-75.56374699,10.87,1519.092,23.855,7.420,305,15,28,,
T,2023-05-11 18:30:18,6.24306671,-75.56380466,10.66,1519.134,23.855,6.720,307,15,28,,
T,2023-05-11 18:30:19,6.24310604,-75.56386995,10.45,1515.496,23.856,6.510,307,15,28,,
T,2023-05-11 18:30:20,6.24314957,-75.56392291,10.30,1514.569,23.856,6.310,306,15,28,,
T,2023-05-11 18:30:21,6.24319366,-75.56397583,10.24,1513.968,23.856,6.500,308,16,28,,
T,2023-05-11 18:30:22,6.24323062,-75.56402078,10.27,1513.328,23.856,6.590,302,16,28,,
T,2023-05-11 18:30:23,6.24327134,-75.56406892,10.11,1513.071,23.856,6.760,311,17,28,,
T,2023-05-11 18:30:24,6.24330286,-75.56411377,3.84,1511.886,23.856,6.400,305,17,28,,
T,2023-05-11 18:30:25,6.24332661,-75.56415493,3.79,1511.312,23.857,6.270,304,17,28,,
T,2023-05-11 18:30:26,6.24335191,-75.56419231,3.81,1508.984,23.857,6.050,306,16,28,,
T,2023-05-11 18:30:27,6.24338381,-75.56423713,3.79,1508.288,23.857,5.800,304,17,28,,
T,2023-05-11 18:30:28,6.24340904,-75.56427952,3.79,1507.417,23.857,5.440,317,17,28,,
T,2023-05-11 18:30:29,6.24343763,-75.56431611,3.79,1507.000,23.857,4.740,315,17,28,,
T,2023-05-11 18:30:30,6.24346433,-75.56434683,3.79,1506.926,23.857,4.300,328,17,28,,
T,2023-05-11 18:30:31,6.24348901,-75.56437752,3.79,1506.363,23.857,4.150,328,17,28,,
T,2023-05-11 18:30:32,6.24351188,-75.56440782,3.79,1506.168,23.858,4.000,314,17,28,,
T,2023-05-11 18:30:33,6.24352746,-75.56443642,3.79,1504.710,23.858,3.410,317,17,28,,
T,2023-05-11 18:30:34,6.24354487,-75.56446673,3.79,1504.690,23.858,3.610,324,17,28,,
T,2023-05-11 18:30:35,6.24356544,-75.56448738,3.79,1504.598,23.858,3.120,324,17,28,,
T,2023-05-11 18:30:36,6.24357892,-75.56450117,3.79,1505.710,23.858,1.490,325,16,28,,
T,2023-05-11 18:30:37,6.24357930,-75.56450156,3.79,1505.207,23.858,0.000,,15,28,,
T,2023-05-11 18:30:38,6.24357880,-75.56450280,3.79,1505.215,23.858,0.000,,13,28,,
T,2023-05-11 18:30:39,6.24358184,-75.56450914,3.79,1506.023,23.858,0.000,,13,27,,
T,2023-05-11 18:30:40,6.24357736,-75.56450577,3.79,1503.834,23.858,0.000,,11,26,,
T,2023-05-11 18:30:41,6.24357640,-75.56450253,3.79,1503.549,23.858,0.000,,12,26,,
T,2023-05-11 18:30:42,6.24357468,-75.56450147,3.79,1503.821,23.858,0.000,,13,28,,
T,2023-05-11 18:30:43,6.24357288,-75.56450301,3.79,1504.020,23.858,0.000,,12,26,,
T,2023-05-11 18:30:44,6.24356987,-75.56450178,3.79,1503.844,23.858,0.000,,14,28,,
T,2023-05-11 18:30:45,6.24356866,-75.56449857,3.79,1503.655,23.858,0.000,,11,25,,
T,2023-05-11 18:30:46,6.24356866,-75.56449858,3.79,1503.655,23.858,0.000,,11,25,,
T,2023-05-11 18:30:47,6.24356821,-75.56449841,3.79,1503.704,23.858,0.000,,13,28,,
T,2023-05-11 18:30:48,6.24356779,-75.56449862,3.79,1503.675,23.858,0.000,,9,24,,
T,2023-05-11 18:30:49,6.24356779,-75.56449863,3.79,1503.675,23.858,0.000,,9,24,,
T,2023-05-11 18:30:50,6.24356733,-75.56449837,3.79,1503.660,23.858,0.000,,10,27,,
T,2023-05-11 18:30:51,6.24356725,-75.56449838,3.79,1503.661,23.858,0.000,,11,27,,
T,2023-05-11 18:30:52,6.24356911,-75.56449883,3.79,1503.770,23.858,0.000,,14,27,,
T,2023-05-11 18:30:53,6.24356935,-75.56449888,3.79,1503.783,23.858,0.000,,14,27,,
T,2023-05-11 18:30:54,6.24356863,-75.56449880,3.79,1503.754,23.858,0.000,,13,26,,
T,2023-05-11 18:30:55,6.24356865,-75.56449879,3.79,1503.756,23.858,0.000,,16,28,,
T,2023-05-11 18:30:56,6.24356881,-75.56449863,3.79,1503.778,23.858,0.000,,13,25,,
T,2023-05-11 18:30:57,6.24356878,-75.56449863,3.79,1503.767,23.858,0.000,,16,28,,
T,2023-05-11 18:30:58,6.24356876,-75.56449866,3.79,1503.769,23.858,0.000,,12,24,,
T,2023-05-11 18:30:59,6.24356873,-75.56449867,3.79,1503.765,23.858,0.000,,16,28,,
T,2023-05-11 18:31:00,6.24356873,-75.56449870,3.79,1503.759,23.858,0.000,,14,27,,
T,2023-05-11 18:31:01,6.24356900,-75.56449849,3.79,1503.787,23.858,0.000,,16,28,,
T,2023-05-11 18:31:02,6.24356858,-75.56449889,3.79,1503.738,23.858,0.000,,16,28,,
T,2023-05-11 18:31:03,6.24356855,-75.56449895,3.79,1503.742,23.858,0.000,,14,27,,
T,2023-05-11 18:31:04,6.24356852,-75.56449900,3.79,1503.747,23.858,0.000,,8,23,,
T,2023-05-11 18:31:05,6.24356850,-75.56449902,3.79,1503.748,23.858,0.000,,13,28,,
T,2023-05-11 18:31:06,6.24356942,-75.56450758,3.79,1503.131,23.858,0.510,304,12,27,,
T,2023-05-11 18:31:07,6.24356920,-75.56451458,3.79,1502.836,23.858,0.310,304,13,28,,
T,2023-05-11 18:31:08,6.24357345,-75.56451890,3.79,1502.849,23.858,0.690,306,11,26,,
T,2023-05-11 18:31:09,6.24358625,-75.56453170,3.79,1502.622,23.858,2.220,314,11,25,,
T,2023-05-11 18:31:10,6.24360210,-75.56455137,3.79,1501.870,23.858,2.810,298,11,26,,
T,2023-05-11 18:31:11,6.24361142,-75.56457156,3.79,1500.429,23.858,2.040,286,13,27,,
T,2023-05-11 18:31:12,6.24361859,-75.56458862,3.79,1498.450,23.858,2.330,291,13,27,,
T,2023-05-11 18:31:13,6.24363332,-75.56461298,3.79,1498.883,23.858,3.940,296,14,27,,
T,2023-05-11 18:31:14,6.24365350,-75.56464513,3.79,1499.661,23.858,4.670,298,13,26,,
T,2023-05-11 18:31:15,6.24367720,-75.56467628,3.79,1499.466,23.859,4.160,306,14,27,,
T,2023-05-11 18:31:16,6.24370287,-75.56470195,3.79,1499.807,23.859,3.930,316,12,25,,
T,2023-05-11 18:31:17,6.24372988,-75.56472845,3.79,1499.205,23.859,4.510,306,15,28,,
T,2023-05-11 18:31:18,6.24376546,-75.56476060,3.79,1498.678,23.859,5.050,300,13,24,,
T,2023-05-11 18:31:19,6.24378484,-75.56480230,3.79,1498.089,23.859,5.210,298,13,25,,
T,2023-05-11 18:31:20,6.24381484,-75.56484813,3.79,1497.520,23.859,5.940,304,14,25,,
T,2023-05-11 18:31:21,6.24385364,-75.56488890,3.79,1496.473,23.859,6.010,302,17,27,,
T,2023-05-11 18:31:22,6.24388430,-75.56494280,3.79,1496.958,23.860,6.300,303,15,25,,
T,2023-05-11 18:31:23,6.24391514,-75.56499074,3.79,1497.183,23.860,6.300,303,15,25,,
T,2023-05-11 18:31:24,6.24395498,-75.56503859,3.79,1497.598,23.860,6.160,301,15,27,,
T,2023-05-11 18:31:25,6.24398722,-75.56508056,3.79,1497.759,23.860,5.900,305,11,22,,
T,2023-05-11 18:31:26,6.24401755,-75.56512438,3.98,1497.766,23.860,5.890,305,11,22,,
T,2023-05-11 18:31:27,6.24403785,-75.56516699,3.88,1496.318,23.860,6.230,306,11,25,,
T,2023-05-11 18:31:28,6.24407006,-75.56521327,4.23,1496.307,23.861,6.230,304,11,25,,
T,2023-05-11 18:31:29,6.24410585,-75.56526963,3.98,1496.711,23.861,6.700,309,12,24,,
T,2023-05-11 18:31:30,6.24414092,-75.56531939,4.37,1496.690,23.861,6.710,307,12,24,,
T,2023-05-11 18:31:31,6.24416756,-75.56534416,3.92,1495.883,23.861,5.160,304,14,27,,
T,2023-05-11 18:31:32,6.24417512,-75.56535749,3.79,1495.121,23.861,3.300,310,13,25,,
T,2023-05-11 18:31:33,6.24417923,-75.56539067,3.79,1494.781,23.861,1.420,310,15,27,,
T,2023-05-11 18:31:34,6.24419132,-75.56540038,3.79,1494.965,23.861,1.460,305,13,27,,
T,2023-05-11 18:31:35,6.24419330,-75.56541055,3.79,1495.027,23.861,1.330,301,12,25,,
T,2023-05-11 18:31:36,6.24419439,-75.56541022,3.83,1493.351,23.861,1.520,313,12,24,,
T,2023-05-11 18:31:37,6.24419497,-75.56543526,3.86,1493.747,23.862,1.560,309,10,23,,
T,2023-05-11 18:31:38,6.24420173,-75.56544341,4.05,1493.709,23.862,0.520,307,14,26,,
T,2023-05-11 18:31:39,6.24420672,-75.56544289,4.29,1493.496,23.862,0.000,,15,26,,
T,2023-05-11 18:31:40,6.24420672,-75.56544289,4.29,1493.497,23.862,0.000,,15,26,,
T,2023-05-11 18:31:41,6.24420212,-75.56544607,4.42,1492.850,23.862,0.000,,12,23,,
T,2023-05-11 18:31:42,6.24419820,-75.56545353,4.63,1492.668,23.862,0.000,,15,26,,
T,2023-05-11 18:31:43,6.24419637,-75.56545689,4.32,1492.572,23.862,0.000,,14,25,,
T,2023-05-11 18:31:44,6.24419529,-75.56546093,4.15,1492.498,23.862,0.000,,14,26,,
T,2023-05-11 18:31:45,6.24419544,-75.56546268,3.98,1492.021,23.862,0.000,,15,27,,
T,2023-05-11 18:31:46,6.24419128,-75.56545758,4.22,1490.583,23.862,0.000,,13,26,,
T,2023-05-11 18:31:47,6.24418925,-75.56546176,4.11,1490.404,23.862,0.000,,13,25,,
T,2023-05-11 18:31:48,6.24419545,-75.56545757,4.04,1491.476,23.862,0.000,,15,27,,
T,2023-05-11 18:31:49,6.24419368,-75.56545473,4.10,1491.678,23.862,0.000,,14,26,,
T,2023-05-11 18:31:50,6.24418855,-75.56544979,4.02,1491.092,23.862,0.000,,14,26,,
T,2023-05-11 18:31:51,6.24418859,-75.56545139,3.93,1490.868,23.862,0.000,,14,26,,
T,2023-05-11 18:31:52,6.24419255,-75.56545092,3.79,1491.620,23.862,0.000,,15,26,,
T,2023-05-11 18:31:53,6.24418851,-75.56545202,3.79,1491.683,23.862,0.000,,14,27,,
T,2023-05-11 18:31:54,6.24419612,-75.56545532,3.79,1492.089,23.862,0.000,,13,26,,
T,2023-05-11 18:31:55,6.24420135,-75.56545485,3.79,1492.947,23.862,0.000,,12,25,,
T,2023-05-11 18:31:56,6.24420409,-75.56545736,3.79,1494.041,23.862,0.000,,12,26,,
T,2023-05-11 18:31:57,6.24420636,-75.56545798,3.79,1494.060,23.862,0.000,,13,27,,
T,2023-05-11 18:31:58,6.24420636,-75.56545872,3.79,1494.217,23.862,0.000,,12,26,,
T,2023-05-11 18:31:59,6.24420638,-75.56545815,3.79,1494.198,23.862,0.200,295,11,24,,
T,2023-05-11 18:32:00,6.24420377,-75.56545736,3.79,1493.787,23.862,0.000,,13,26,,
T,2023-05-11 18:32:01,6.24420444,-75.56545541,3.79,1493.991,23.862,0.000,,13,26,,
T,2023-05-11 18:32:02,6.24420444,-75.56545542,3.79,1493.990,23.862,0.000,,13,26,,
T,2023-05-11 18:32:03,6.24420357,-75.56545744,3.79,1493.607,23.862,0.000,,14,27,,
T,2023-05-11 18:32:04,6.24420357,-75.56545745,3.79,1493.606,23.862,0.000,,14,27,,
T,2023-05-11 18:32:05,6.24420480,-75.56545605,4.30,1493.699,23.862,0.000,,9,25,,
T,2023-05-11 18:32:06,6.24420480,-75.56545606,4.30,1493.699,23.862,0.000,,9,25,,
T,2023-05-11 18:32:07,6.24420416,-75.56545746,5.61,1493.507,23.862,0.000,,9,25,,
T,2023-05-11 18:32:08,6.24420560,-75.56545738,5.65,1494.226,23.862,0.000,,9,24,,
T,2023-05-11 18:32:09,6.24420560,-75.56545739,5.65,1494.226,23.862,0.000,,9,24,,
T,2023-05-11 18:32:10,6.24420820,-75.56545656,5.74,1494.309,23.862,0.000,,12,27,,
T,2023-05-11 18:32:11,6.24420820,-75.56545657,5.74,1494.309,23.862,0.000,,12,27,,
T,2023-05-11 18:32:12,6.24420790,-75.56545541,6.34,1494.270,23.862,0.000,,11,27,,
T,2023-05-11 18:32:13,6.24420790,-75.56545542,6.34,1494.270,23.862,0.000,,11,27,,
T,2023-05-11 18:32:14,6.24420969,-75.56545469,6.48,1494.573,23.862,0.000,,9,27,,
T,2023-05-11 18:32:15,6.24420969,-75.56545469,6.48,1494.573,23.862,0.000,,9,27,,
T,2023-05-11 18:32:16,6.24420996,-75.56545546,7.28,1494.663,23.862,0.000,,9,27,,
T,2023-05-11 18:32:17,6.24421224,-75.56545563,7.63,1494.657,23.862,0.000,,10,25,,
T,2023-05-11 18:32:18,6.24421224,-75.56545564,7.63,1494.657,23.862,0.000,,10,25,,
T,2023-05-11 18:32:19,6.24421277,-75.56545555,7.15,1494.625,23.862,0.000,,12,27,,
T,2023-05-11 18:32:20,6.24421277,-75.56545555,7.15,1494.625,23.862,0.000,,12,27,,
T,2023-05-11 18:32:21,6.24421301,-75.56545554,6.26,1494.615,23.862,0.000,,9,22,,
T,2023-05-11 18:32:22,6.24421309,-75.56545557,5.47,1494.615,23.862,0.000,,13,26,,
T,2023-05-11 18:32:23,6.24421309,-75.56545557,5.47,1494.615,23.862,0.000,,13,26,,
T,2023-05-11 18:32:24,6.24421313,-75.56545557,5.23,1494.622,23.862,0.000,,13,27,,
T,2023-05-11 18:32:25,6.24421322,-75.56545560,4.83,1494.635,23.862,0.000,,11,25,,
T,2023-05-11 18:32:26,6.24421170,-75.56545513,5.25,1494.402,23.862,0.000,,11,27,,
T,2023-05-11 18:32:27,6.24423780,-75.56548689,5.41,1494.679,23.862,2.630,302,9,25,,
T,2023-05-11 18:32:28,6.24426172,-75.56550710,5.26,1492.768,23.862,3.480,306,9,25,,
T,2023-05-11 18:32:29,6.24427765,-75.56553061,5.57,1493.634,23.862,2.690,311,9,25,,
T,2023-05-11 18:32:30,6.24429300,-75.56554287,6.18,1489.878,23.862,2.730,311,10,26,,
T,2023-05-11 18:32:31,6.24430823,-75.56555815,6.56,1489.962,23.862,2.720,308,10,26,,
T,2023-05-11 18:32:32,6.24432928,-75.56558462,6.42,1491.087,23.862,4.050,310,11,27,,
T,2023-05-11 18:32:33,6.24435395,-75.56561238,6.67,1489.854,23.862,3.490,313,10,26,,
T,2023-05-11 18:32:34,6.24437129,-75.56563530,5.89,1489.655,23.862,2.450,304,10,26,,
T,2023-05-11 18:32:35,6.24438871,-75.56565671,5.51,1490.083,23.862,3.020,312,9,24,,
T,2023-05-11 18:32:36,6.24440938,-75.56568330,4.78,1489.498,23.862,3.600,311,10,26,,
T,2023-05-11 18:32:37,6.24443372,-75.56571294,4.45,1489.635,23.863,3.910,309,12,25,,
T,2023-05-11 18:32:38,6.24446150,-75.56574311,4.14,1490.653,23.863,4.150,313,10,24,,
T,2023-05-11 18:32:39,6.24448686,-75.56576801,4.02,1491.492,23.863,2.950,308,13,26,,
T,2023-05-11 18:32:40,6.24450392,-75.56579005,4.11,1491.762,23.863,2.500,298,14,27,,
T,2023-05-11 18:32:41,6.24452473,-75.56581656,3.85,1491.013,23.863,4.080,311,14,27,,
T,2023-05-11 18:32:42,6.24454794,-75.56584486,3.79,1490.405,23.863,3.290,312,11,24,,
T,2023-05-11 18:32:43,6.24456768,-75.56587152,4.01,1490.047,23.863,3.170,308,15,27,,
T,2023-05-11 18:32:44,6.24458871,-75.56590456,3.79,1490.974,23.863,3.900,306,11,24,,
T,2023-05-11 18:32:45,6.24461122,-75.56593881,3.79,1490.945,23.863,3.890,307,11,24,,
T,2023-05-11 18:32:46,6.24463227,-75.56597426,3.82,1491.544,23.863,3.920,301,14,25,,
T,2023-05-11 18:32:47,6.24465973,-75.56607046,3.79,1490.010,23.864,6.100,278,13,23,,
T,2023-05-11 18:32:48,6.24466224,-75.56614843,3.79,1490.157,23.864,8.050,270,17,25,,
T,2023-05-11 18:32:49,6.24466493,-75.56624177,3.79,1491.039,23.865,10.170,271,13,21,,
T,2023-05-11 18:32:50,6.24466393,-75.56634405,3.79,1491.745,23.865,11.140,270,18,26,,
T,2023-05-11 18:32:51,6.24465863,-75.56646873,3.79,1491.227,23.866,13.430,270,17,26,,
T,2023-05-11 18:32:52,6.24465230,-75.56660334,3.79,1491.165,23.867,14.970,267,14,23,,
T,2023-05-11 18:32:53,6.24462397,-75.56673254,3.79,1489.913,23.867,14.750,262,15,24,,
T,2023-05-11 18:32:54,6.24459131,-75.56687904,3.79,1490.172,23.868,15.900,256,14,24,,
T,2023-05-11 18:32:55,6.24454832,-75.56700767,3.79,1489.635,23.869,15.580,251,15,25,,
T,2023-05-11 18:32:56,6.24449143,-75.56713743,3.79,1489.276,23.870,15.170,243,11,22,,
T,2023-05-11 18:32:57,6.24442507,-75.56722544,3.79,1488.273,23.870,12.710,231,13,23,,
T,2023-05-11 18:32:58,6.24435052,-75.56730964,3.79,1488.093,23.871,12.320,219,13,23,,
T,2023-05-11 18:32:59,6.24425738,-75.56738172,3.79,1485.071,23.872,12.240,215,16,25,,
T,2023-05-11 18:33:00,6.24414815,-75.56745778,3.79,1485.539,23.872,13.610,211,14,25,,
T,2023-05-11 18:33:01,6.24404083,-75.56750256,3.79,1484.216,23.873,13.310,204,14,25,,
T,2023-05-11 18:33:02,6.24392609,-75.56754074,3.79,1484.066,23.873,12.830,199,14,25,,
T,2023-05-11 18:33:03,6.24381682,-75.56757917,3.79,1483.940,23.873,12.810,197,14,25,,
T,2023-05-11 18:33:04,6.24372313,-75.56763587,3.79,1484.693,23.874,11.840,216,14,25,,
T,2023-05-11 18:33:05,6.24369536,-75.56773180,3.79,1486.498,23.874,8.400,244,16,25,,
T,2023-05-11 18:33:06,6.24369358,-75.56779844,3.79,1486.223,23.875,8.930,267,18,27,,
T,2023-05-11 18:33:07,6.24371522,-75.56788719,3.79,1484.775,23.875,11.230,284,11,21,,
T,2023-05-11 18:33:08,6.24373889,-75.56797320,3.97,1483.553,23.876,10.480,287,16,25,,
T,2023-05-11 18:33:09,6.24377070,-75.56807795,3.99,1479.531,23.876,11.060,288,17,24,,
T,2023-05-11 18:33:10,6.24381411,-75.56817517,3.85,1479.075,23.877,12.210,290,16,24,,
T,2023-05-11 18:33:11,6.24386835,-75.56827428,3.79,1478.554,23.877,12.910,294,18,26,,
T,2023-05-11 18:33:12,6.24391398,-75.56838120,4.11,1478.098,23.877,12.870,291,18,26,,
T,2023-05-11 18:33:13,6.24397053,-75.56852038,3.96,1476.744,23.878,14.260,290,13,21,,
T,2023-05-11 18:33:14,6.24401092,-75.56864452,4.07,1476.467,23.879,14.590,290,13,22,,
T,2023-05-11 18:33:15,6.24406838,-75.56876957,4.16,1475.784,23.879,14.750,290,15,27,,
T,2023-05-11 18:33:16,6.24410685,-75.56889347,4.15,1473.779,23.880,14.170,291,16,27,,
T,2023-05-11 18:33:17,6.24415056,-75.56900426,4.03,1473.248,23.880,13.680,293,16,26,,
T,2023-05-11 18:33:18,6.24419812,-75.56912752,3.79,1473.450,23.881,13.270,293,14,24,,
T,2023-05-11 18:33:19,6.24424698,-75.56922754,3.87,1472.004,23.881,12.070,293,16,24,,
T,2023-05-11 18:33:20,6.24428621,-75.56932216,3.79,1472.638,23.882,11.570,294,15,25,,
T,2023-05-11 18:33:21,6.24431804,-75.56940845,3.79,1473.382,23.882,9.960,294,16,26,,
T,2023-05-11 18:33:22,6.24435063,-75.56947832,3.79,1475.015,23.882,8.670,293,16,26,,
T,2023-05-11 18:33:23,6.24437387,-75.56952664,3.79,1474.393,23.882,6.480,292,17,27,,
T,2023-05-11 18:33:24,6.24438948,-75.56957055,3.79,1475.738,23.883,5.470,283,16,26,,
T,2023-05-11 18:33:25,6.24439528,-75.56960344,3.79,1476.042,23.883,3.800,281,16,26,,
T,2023-05-11 18:33:26,6.24439832,-75.56962899,3.79,1476.505,23.883,2.990,287,16,25,,
T,2023-05-11 18:33:27,6.24440418,-75.56965457,3.79,1476.324,23.883,1.860,279,17,26,,
T,2023-05-11 18:33:28,6.24440909,-75.56966218,3.79,1476.348,23.883,1.290,286,17,26,,
T,2023-05-11 18:33:29,6.24440661,-75.56966177,3.79,1475.724,23.883,0.000,,18,27,,
T,2023-05-11 18:33:30,6.24440466,-75.56966164,3.79,1475.647,23.883,0.000,,14,22,,
T,2023-05-11 18:33:31,6.24440526,-75.56965914,3.79,1474.749,23.883,0.000,,19,27,,
T,2023-05-11 18:33:32,6.24440675,-75.56965975,3.79,1474.577,23.883,0.000,,18,25,,
T,2023-05-11 18:33:33,6.24440496,-75.56965896,3.79,1474.887,23.883,0.000,,19,27,,
T,2023-05-11 18:33:34,6.24440387,-75.56965883,3.79,1474.696,23.883,0.000,,18,25,,
T,2023-05-11 18:33:35,6.24440150,-75.56966016,3.79,1474.997,23.883,0.000,,18,26,,
T,2023-05-11 18:33:36,6.24440012,-75.56966075,3.79,1474.786,23.883,0.000,,19,27,,
T,2023-05-11 18:33:37,6.24439973,-75.56966110,3.79,1474.850,23.883,0.000,,19,27,,
T,2023-05-11 18:33:38,6.24439890,-75.56966157,3.79,1475.184,23.883,0.000,,16,24,,
T,2023-05-11 18:33:39,6.24439789,-75.56966347,3.79,1475.279,23.883,0.000,,18,26,,
T,2023-05-11 18:33:40,6.24439763,-75.56966442,3.79,1475.305,23.883,0.000,,19,27,,
T,2023-05-11 18:33:41,6.24439719,-75.56966425,3.79,1475.357,23.883,0.000,,19,27,,
T,2023-05-11 18:33:42,6.24439717,-75.56966422,3.79,1475.378,23.883,0.000,,18,26,,
T,2023-05-11 18:33:43,6.24439714,-75.56966425,3.79,1475.387,23.883,0.000,,19,27,,
T,2023-05-11 18:33:44,6.24439716,-75.56966422,3.79,1475.398,23.883,0.000,,19,27,,
T,2023-05-11 18:33:45,6.24439719,-75.56966426,3.79,1475.405,23.883,0.000,,18,26,,
T,2023-05-11 18:33:46,6.24439722,-75.56966428,3.79,1475.409,23.883,0.000,,19,27,,
T,2023-05-11 18:33:47,6.24439725,-75.56966427,3.79,1475.411,23.883,0.000,,18,26,,
T,2023-05-11 18:33:48,6.24439729,-75.56966426,3.79,1475.407,23.883,0.000,,17,26,,
T,2023-05-11 18:33:49,6.24439734,-75.56966423,3.79,1475.398,23.883,0.000,,17,26,,
T,2023-05-11 18:33:50,6.24439735,-75.56966429,3.79,1475.401,23.883,0.000,,18,27,,
T,2023-05-11 18:33:51,6.24439739,-75.56966429,3.79,1475.403,23.883,0.000,,18,26,,
T,2023-05-11 18:33:52,6.24439740,-75.56966435,3.79,1475.404,23.883,0.000,,18,27,,
T,2023-05-11 18:33:53,6.24439742,-75.56966440,3.79,1475.403,23.883,0.000,,18,27,,
T,2023-05-11 18:33:54,6.24439744,-75.56966443,3.79,1475.404,23.883,0.000,,19,27,,
T,2023-05-11 18:33:55,6.24439745,-75.56966444,3.79,1475.408,23.883,0.000,,17,25,,
T,2023-05-11 18:33:56,6.24439747,-75.56966445,3.79,1475.412,23.883,0.000,,19,27,,
T,2023-05-11 18:33:57,6.24439747,-75.56966450,3.79,1475.412,23.883,0.000,,19,26,,
T,2023-05-11 18:33:58,6.24439746,-75.56966451,3.79,1475.413,23.883,0.000,,19,26,,
T,2023-05-11 18:33:59,6.24439745,-75.56966455,3.79,1475.419,23.883,0.000,,19,26,,
T,2023-05-11 18:34:00,6.24439745,-75.56966457,3.79,1475.420,23.883,0.000,,19,25,,
T,2023-05-11 18:34:01,6.24439747,-75.56966456,3.79,1475.419,23.883,0.000,,20,27,,
T,2023-05-11 18:34:02,6.24439749,-75.56966456,3.79,1475.421,23.883,0.000,,19,26,,
T,2023-05-11 18:34:03,6.24439749,-75.56966457,3.79,1475.426,23.883,0.000,,19,26,,
T,2023-05-11 18:34:04,6.24439750,-75.56966458,3.79,1475.429,23.883,0.000,,18,25,,
T,2023-05-11 18:34:05,6.24439751,-75.56966456,3.79,1475.429,23.883,0.000,,19,27,,
T,2023-05-11 18:34:06,6.24439752,-75.56966457,3.79,1475.433,23.883,0.000,,17,23,,
T,2023-05-11 18:34:07,6.24439356,-75.56966238,3.79,1475.801,23.883,0.440,289,18,26,,
T,2023-05-11 18:34:08,6.24439154,-75.56966238,3.79,1475.807,23.883,0.000,,17,25,,
T,2023-05-11 18:34:09,6.24439896,-75.56968095,3.79,1476.149,23.883,2.610,291,18,25,,
T,2023-05-11 18:34:10,6.24441726,-75.56971574,3.79,1476.078,23.883,5.660,292,16,22,,
T,2023-05-11 18:34:11,6.24443997,-75.56977320,3.79,1475.739,23.884,6.740,291,19,25,,
T,2023-05-11 18:34:12,6.24446877,-75.56983204,3.79,1475.452,23.884,7.620,292,20,26,,
T,2023-05-11 18:34:13,6.24450631,-75.56989530,3.79,1475.081,23.884,8.730,295,19,25,,
T,2023-05-11 18:34:14,6.24454142,-75.56997426,3.79,1475.182,23.884,9.380,297,18,24,,
T,2023-05-11 18:34:15,6.24457263,-75.57005983,3.79,1475.447,23.885,9.620,293,20,27,,
T,2023-05-11 18:34:16,6.24460568,-75.57014326,3.79,1475.016,23.885,10.320,293,17,26,,
T,2023-05-11 18:34:17,6.24464791,-75.57022426,3.79,1475.028,23.886,10.170,294,16,25,,
T,2023-05-11 18:34:18,6.24468094,-75.57030497,3.79,1475.469,23.886,9.880,295,15,24,,
T,2023-05-11 18:34:19,6.24472316,-75.57040022,3.79,1475.942,23.886,10.550,296,15,25,,
T,2023-05-11 18:34:20,6.24476196,-75.57048491,3.79,1476.552,23.887,9.700,291,17,27,,
T,2023-05-11 18:34:21,6.24478746,-75.57056846,3.79,1476.231,23.887,9.130,290,15,25,,
T,2023-05-11 18:34:22,6.24481605,-75.57064568,3.80,1476.107,23.887,9.130,291,15,25,,
T,2023-05-11 18:34:23,6.24484271,-75.57072200,3.95,1475.559,23.888,8.890,291,13,23,,
T,2023-05-11 18:34:24,6.24488406,-75.57081321,4.01,1474.828,23.888,10.520,296,13,23,,
T,2023-05-11 18:34:25,6.24493610,-75.57086848,3.94,1473.074,23.888,10.700,299,14,23,,
T,2023-05-11 18:34:26,6.24498156,-75.57096723,3.95,1472.725,23.889,11.540,297,14,24,,
T,2023-05-11 18:34:27,6.24502178,-75.57105913,3.79,1472.138,23.889,11.200,294,15,24,,
T,2023-05-11 18:34:28,6.24505876,-75.57114522,3.79,1471.804,23.890,10.280,292,16,26,,
T,2023-05-11 18:34:29,6.24509444,-75.57122350,3.79,1470.887,23.890,9.160,293,16,26,,
T,2023-05-11 18:34:30,6.24512282,-75.57129322,3.79,1470.761,23.890,7.990,293,17,27,,
T,2023-05-11 18:34:31,6.24514903,-75.57135109,3.79,1471.301,23.890,6.810,290,18,26,,
T,2023-05-11 18:34:32,6.24516287,-75.57141526,3.79,1471.885,23.891,5.860,291,14,23,,
T,2023-05-11 18:34:33,6.24517453,-75.57147547,3.79,1472.401,23.891,5.100,288,17,27,,
T,2023-05-11 18:34:34,6.24518781,-75.57152308,3.79,1473.393,23.891,4.580,288,18,27,,
T,2023-05-11 18:34:35,6.24519402,-75.57156908,3.79,1474.201,23.891,4.090,283,18,27,,
T,2023-05-11 18:34:36,6.24520553,-75.57161208,3.79,1473.395,23.892,5.180,274,16,24,,
T,2023-05-11 18:34:37,6.24521876,-75.57166755,3.79,1473.869,23.892,6.320,289,18,27,,
T,2023-05-11 18:34:38,6.24524235,-75.57172170,3.79,1474.463,23.892,6.700,295,14,24,,
T,2023-05-11 18:34:39,6.24526573,-75.57177394,3.79,1474.517,23.892,6.610,295,18,27,,
T,2023-05-11 18:34:40,6.24528521,-75.57181338,3.79,1473.815,23.893,3.860,306,14,23,,
T,2023-05-11 18:34:41,6.24530711,-75.57185777,3.79,1474.068,23.893,5.690,296,17,26,,
T,2023-05-11 18:34:42,6.24533645,-75.57192037,3.79,1474.107,23.893,7.620,294,16,25,,
T,2023-05-11 18:34:43,6.24536675,-75.57198881,3.79,1474.557,23.893,7.920,294,18,27,,
T,2023-05-11 18:34:44,6.24539108,-75.57204996,3.79,1474.852,23.894,6.870,290,13,24,,
T,2023-05-11 18:34:45,6.24541607,-75.57209187,3.79,1475.000,23.894,5.490,288,16,27,,
T,2023-05-11 18:34:46,6.24542623,-75.57213311,3.79,1474.606,23.894,4.270,282,13,25,,
T,2023-05-11 18:34:47,6.24543061,-75.57216184,3.79,1474.698,23.894,2.730,275,13,25,,
T,2023-05-11 18:34:48,6.24543441,-75.57219541,3.79,1474.840,23.894,2.780,279,15,26,,
T,2023-05-11 18:34:49,6.24544812,-75.57222913,3.79,1474.935,23.894,4.300,290,14,25,,
T,2023-05-11 18:34:50,6.24547259,-75.57228317,3.79,1474.296,23.895,6.930,293,14,24,,
T,2023-05-11 18:34:51,6.24549130,-75.57233967,3.79,1474.712,23.895,6.620,286,17,27,,
T,2023-05-11 18:34:52,6.24550720,-75.57240562,3.79,1474.713,23.895,6.640,283,16,25,,
T,2023-05-11 18:34:53,6.24552266,-75.57246058,3.79,1474.548,23.895,5.830,287,17,26,,
T,2023-05-11 18:34:54,6.24553231,-75.57250956,3.79,1474.979,23.896,5.160,288,17,27,,
T,2023-05-11 18:34:55,6.24554347,-75.57253721,3.79,1475.193,23.896,3.220,293,16,26,,
T,2023-05-11 18:34:56,6.24555580,-75.57256424,3.89,1475.557,23.896,3.460,301,16,27,,
T,2023-05-11 18:34:57,6.24557694,-75.57259883,3.92,1475.295,23.896,4.470,292,16,27,,
T,2023-05-11 18:34:58,6.24559208,-75.57265036,3.90,1475.120,23.896,5.700,288,15,26,,
T,2023-05-11 18:34:59,6.24561548,-75.57266683,3.95,1473.016,23.896,4.960,289,15,26,,
T,2023-05-11 18:35:00,6.24563267,-75.57270722,3.79,1472.655,23.897,4.990,290,14,25,,
T,2023-05-11 18:35:01,6.24564590,-75.57275780,3.94,1472.918,23.897,4.830,282,14,26,,
T,2023-05-11 18:35:02,6.24565387,-75.57279308,4.06,1472.838,23.897,3.330,285,14,26,,
T,2023-05-11 18:35:03,6.24565910,-75.57280890,4.00,1472.886,23.897,1.080,287,14,25,,
T,2023-05-11 18:35:04,6.24566545,-75.57283067,3.97,1473.607,23.897,2.290,293,15,27,,
T,2023-05-11 18:35:05,6.24567854,-75.57286152,4.14,1473.733,23.897,4.390,288,13,25,,
T,2023-05-11 18:35:06,6.24568814,-75.57290370,4.06,1473.223,23.897,4.970,286,13,23,,
T,2023-05-11 18:35:07,6.24570059,-75.57294793,3.99,1473.374,23.898,5.160,282,15,25,,
T,2023-05-11 18:35:08,6.24571761,-75.57300698,3.86,1474.007,23.898,7.500,285,17,27,,
T,2023-05-11 18:35:09,6.24575108,-75.57306259,3.79,1472.954,23.898,7.670,290,17,27,,
T,2023-05-11 18:35:10,6.24577159,-75.57314213,3.79,1472.650,23.899,8.760,287,15,25,,
T,2023-05-11 18:35:11,6.24579785,-75.57322798,3.79,1472.254,23.899,10.410,289,16,26,,
T,2023-05-11 18:35:12,6.24583215,-75.57332329,3.79,1471.976,23.899,10.380,288,13,25,,
T,2023-05-11 18:35:13,6.24585591,-75.57341431,3.79,1471.401,23.900,9.930,290,15,27,,
T,2023-05-11 18:35:14,6.24589199,-75.57349091,3.79,1469.813,23.900,9.080,289,15,27,,
T,2023-05-11 18:35:15,6.24591851,-75.57357417,3.79,1469.781,23.901,8.180,289,15,27,,
T,2023-05-11 18:35:16,6.24594439,-75.57364033,3.79,1469.448,23.901,7.350,288,14,26,,
T,2023-05-11 18:35:17,6.24596673,-75.57369583,3.79,1469.346,23.901,6.790,287,15,26,,
T,2023-05-11 18:35:18,6.24598514,-75.57375008,3.79,1469.556,23.901,6.250,291,15,25,,
T,2023-05-11 18:35:19,6.24599994,-75.57378249,3.94,1469.713,23.901,4.390,288,15,25,,
T,2023-05-11 18:35:20,6.24600841,-75.57381095,4.27,1468.992,23.902,2.910,285,15,24,,
T,2023-05-11 18:35:21,6.24601745,-75.57383486,4.62,1467.940,23.902,2.590,289,18,27,,
T,2023-05-11 18:35:22,6.24602929,-75.57386913,4.75,1468.948,23.902,3.750,287,15,24,,
T,2023-05-11 18:35:23,6.24603418,-75.57388965,4.79,1468.952,23.902,2.430,291,18,27,,
T,2023-05-11 18:35:24,6.24603799,-75.57390059,4.65,1468.768,23.902,1.600,292,16,25,,
T,2023-05-11 18:35:25,6.24604266,-75.57390483,4.50,1468.758,23.902,1.050,287,18,27,,
T,2023-05-11 18:35:26,6.24604361,-75.57391772,4.33,1468.895,23.902,1.670,286,16,26,,
T,2023-05-11 18:35:27,6.24605177,-75.57393638,4.15,1469.224,23.902,2.340,289,15,25,,
T,2023-05-11 18:35:28,6.24606156,-75.57395778,4.13,1468.349,23.902,2.210,291,15,25,,
T,2023-05-11 18:35:29,6.24606921,-75.57397604,4.03,1468.521,23.902,2.480,288,16,26,,
T,2023-05-11 18:35:30,6.24608108,-75.57401200,4.08,1469.689,23.902,4.560,295,16,27,,
T,2023-05-11 18:35:31,6.24610977,-75.57408264,3.97,1469.098,23.903,6.930,294,13,24,,
T,2023-05-11 18:35:32,6.24612840,-75.57413963,3.91,1469.461,23.903,6.680,292,16,26,,
T,2023-05-11 18:35:33,6.24615100,-75.57419659,4.11,1469.410,23.903,7.040,292,15,26,,
T,2023-05-11 18:35:34,6.24617705,-75.57427020,4.21,1470.215,23.904,8.760,295,14,26,,
T,2023-05-11 18:35:35,6.24620311,-75.57434543,4.27,1470.872,23.904,8.500,294,14,26,,
T,2023-05-11 18:35:36,6.24623913,-75.57440913,4.33,1471.123,23.904,8.310,294,15,27,,
T,2023-05-11 18:35:37,6.24627658,-75.57447947,4.22,1471.631,23.905,8.550,297,15,27,,
T,2023-05-11 18:35:38,6.24631469,-75.57455070,4.00,1472.165,23.905,8.600,303,14,25,,
T,2023-05-11 18:35:39,6.24637571,-75.57459580,3.87,1473.380,23.905,9.100,314,14,24,,
T,2023-05-11 18:35:40,6.24643095,-75.57465337,3.89,1473.175,23.905,8.900,320,17,25,,
T,2023-05-11 18:35:41,6.24649653,-75.57470072,3.86,1473.025,23.905,9.050,323,18,26,,
T,2023-05-11 18:35:42,6.24656192,-75.57474781,3.79,1472.894,23.905,9.140,324,17,24,,
T,2023-05-11 18:35:43,6.24662805,-75.57479525,3.79,1472.973,23.905,8.700,324,16,23,,
T,2023-05-11 18:35:44,6.24669182,-75.57484130,3.89,1472.960,23.906,8.700,324,16,23,,
T,2023-05-11 18:35:45,6.24675372,-75.57488577,3.79,1472.780,23.906,8.080,321,17,26,,
T,2023-05-11 18:35:46,6.24681959,-75.57493836,3.79,1472.791,23.906,8.710,321,16,26,,
T,2023-05-11 18:35:47,6.24688797,-75.57497484,3.79,1472.419,23.906,8.420,336,19,26,,
T,2023-05-11 18:35:48,6.24696336,-75.57500313,3.79,1471.760,23.906,8.800,340,19,27,,
T,2023-05-11 18:35:49,6.24704102,-75.57502824,3.79,1471.984,23.906,9.220,350,18,27,,
T,2023-05-11 18:35:50,6.24713678,-75.57503873,3.79,1471.464,23.906,9.740,357,18,27,,
T,2023-05-11 18:35:51,6.24723013,-75.57503725,3.79,1471.345,23.906,10.260,1,18,27,,
T,2023-05-11 18:35:52,6.24732834,-75.57503235,3.79,1471.038,23.905,10.680,5,17,27,,
T,2023-05-11 18:35:53,6.24742759,-75.57503089,3.79,1470.945,23.905,10.880,2,17,27,,
T,2023-05-11 18:35:54,6.24752954,-75.57502626,3.79,1470.938,23.905,11.260,4,16,27,,
T,2023-05-11 18:35:55,6.24763866,-75.57503498,3.79,1472.683,23.905,12.080,16,15,27,,
T,2023-05-11 18:35:56,6.24775169,-75.57502721,3.79,1473.316,23.905,12.920,8,16,27,,
T,2023-05-11 18:35:57,6.24787239,-75.57502818,3.79,1473.364,23.904,13.380,359,17,28,,
T,2023-05-11 18:35:58,6.24798377,-75.57502913,3.79,1474.500,23.904,12.050,12,17,28,,
T,2023-05-11 18:35:59,6.24809944,-75.57502933,3.79,1475.486,23.904,12.010,6,18,28,,
T,2023-05-11 18:36:00,6.24820487,-75.57503130,3.79,1475.881,23.904,11.590,15,16,24,,
T,2023-05-11 18:36:01,6.24830278,-75.57501957,3.79,1474.848,23.903,11.130,13,18,28,,
T,2023-05-11 18:36:02,6.24841648,-75.57502290,3.79,1475.076,23.903,11.980,5,18,26,,
T,2023-05-11 18:36:03,6.24852316,-75.57501332,3.79,1474.851,23.903,12.250,8,19,27,,
T,2023-05-11 18:36:04,6.24863993,-75.57501121,3.79,1475.394,23.903,12.480,13,17,24,,
T,2023-05-11 18:36:05,6.24875362,-75.57500874,3.79,1475.421,23.902,12.880,9,19,26,,
T,2023-05-11 18:36:06,6.24886807,-75.57500703,3.79,1474.825,23.902,12.650,9,15,23,,
T,2023-05-11 18:36:07,6.24898347,-75.57500413,3.79,1475.971,23.902,12.570,7,17,24,,
T,2023-05-11 18:36:08,6.24909218,-75.57499822,3.79,1475.740,23.902,12.770,5,15,22,,
T,2023-05-11 18:36:09,6.24920445,-75.57499349,3.79,1474.745,23.902,12.950,353,18,25,,
T,2023-05-11 18:36:10,6.24931502,-75.57498607,3.79,1473.381,23.901,11.860,354,17,24,,
T,2023-05-11 18:36:11,6.24942125,-75.57498864,3.79,1473.029,23.901,11.700,352,17,24,,
T,2023-05-11 18:36:12,6.24954239,-75.57498741,3.86,1472.461,23.901,12.500,355,16,24,,
T,2023-05-11 18:36:13,6.24966161,-75.57497528,3.79,1472.249,23.901,12.310,359,17,25,,
T,2023-05-11 18:36:14,6.24977080,-75.57497352,3.79,1472.034,23.900,12.090,359,19,28,,
T,2023-05-11 18:36:15,6.24987587,-75.57495827,3.79,1472.414,23.900,11.250,2,19,27,,
T,2023-05-11 18:36:16,6.24997074,-75.57494358,3.79,1471.775,23.900,10.450,3,16,26,,
T,2023-05-11 18:36:17,6.25006233,-75.57493509,3.79,1471.098,23.900,9.610,3,18,28,,
T,2023-05-11 18:36:18,6.25014165,-75.57493410,3.79,1470.537,23.899,9.060,2,17,27,,
T,2023-05-11 18:36:19,6.25021515,-75.57492526,3.79,1470.260,23.899,8.430,5,15,25,,
T,2023-05-11 18:36:20,6.25029561,-75.57491317,3.79,1471.092,23.899,8.510,6,18,28,,
T,2023-05-11 18:36:21,6.25036377,-75.57490845,3.79,1470.073,23.899,7.700,6,15,25,,
T,2023-05-11 18:36:22,6.25043160,-75.57490306,3.79,1469.725,23.899,6.990,5,18,28,,
T,2023-05-11 18:36:23,6.25049701,-75.57489997,3.79,1469.609,23.898,6.950,4,18,27,,
T,2023-05-11 18:36:24,6.25056827,-75.57489057,3.79,1469.432,23.898,7.630,6,16,27,,
T,2023-05-11 18:36:25,6.25064690,-75.57487964,3.79,1469.556,23.898,8.450,8,16,27,,
T,2023-05-11 18:36:26,6.25070889,-75.57488063,3.79,1469.663,23.898,7.010,5,18,28,,
T,2023-05-11 18:36:27,6.25075403,-75.57487212,3.79,1469.598,23.898,3.870,17,15,27,,
T,2023-05-11 18:36:28,6.25076972,-75.57487116,3.79,1470.317,23.898,1.590,16,16,28,,
T,2023-05-11 18:36:29,6.25077364,-75.57487492,3.79,1470.250,23.898,0.000,,14,27,,
T,2023-05-11 18:36:30,6.25077644,-75.57487442,3.79,1470.521,23.898,0.000,,16,28,,
T,2023-05-11 18:36:31,6.25077496,-75.57487442,3.79,1470.819,23.898,0.000,,14,26,,
T,2023-05-11 18:36:32,6.25077375,-75.57487277,3.79,1471.016,23.898,0.000,,17,29,,
T,2023-05-11 18:36:33,6.25078314,-75.57487454,3.79,1471.289,23.898,0.880,15,14,25,,
T,2023-05-11 18:36:34,6.25079175,-75.57486769,3.79,1470.919,23.897,0.000,,17,28,,
T,2023-05-11 18:36:35,6.25079239,-75.57486394,3.80,1470.773,23.897,0.000,,17,28,,
T,2023-05-11 18:36:36,6.25079600,-75.57486078,3.91,1470.633,23.897,0.000,,17,28,,
T,2023-05-11 18:36:37,6.25079736,-75.57486137,3.80,1470.796,23.897,0.000,,18,29,,
T,2023-05-11 18:36:38,6.25079900,-75.57486063,3.79,1470.557,23.897,0.000,,17,27,,
T,2023-05-11 18:36:39,6.25079638,-75.57486267,3.90,1470.690,23.897,0.000,,16,27,,
T,2023-05-11 18:36:40,6.25079597,-75.57486591,3.89,1470.620,23.897,0.000,,16,28,,
T,2023-05-11 18:36:41,6.25079445,-75.57486649,3.87,1470.453,23.897,0.000,,17,27,,
T,2023-05-11 18:36:42,6.25079756,-75.57486669,3.80,1470.396,23.897,0.000,,17,28,,
T,2023-05-11 18:36:43,6.25079563,-75.57486262,3.95,1470.422,23.897,0.000,,18,29,,
T,2023-05-11 18:36:44,6.25079592,-75.57486467,3.79,1470.708,23.897,0.000,,16,27,,
T,2023-05-11 18:36:45,6.25079648,-75.57486400,3.79,1470.825,23.897,0.000,,17,29,,
T,2023-05-11 18:36:46,6.25079690,-75.57486507,3.79,1470.710,23.897,0.000,,16,28,,
T,2023-05-11 18:36:47,6.25079599,-75.57486729,3.79,1470.162,23.897,0.000,,13,25,,
T,2023-05-11 18:36:48,6.25079738,-75.57486741,3.79,1470.103,23.897,0.000,,14,26,,
T,2023-05-11 18:36:49,6.25079955,-75.57486697,3.79,1469.963,23.897,0.000,,17,29,,
T,2023-05-11 18:36:50,6.25080133,-75.57486716,3.79,1469.847,23.897,0.000,,18,29,,
T,2023-05-11 18:36:51,6.25080411,-75.57486601,3.79,1470.172,23.897,0.000,,16,27,,
T,2023-05-11 18:36:52,6.25079610,-75.57487013,3.79,1468.952,23.898,0.000,,16,27,,
T,2023-05-11 18:36:53,6.25080038,-75.57487278,3.79,1469.205,23.898,0.000,,15,27,,
T,2023-05-11 18:36:54,6.25080140,-75.57487356,3.79,1468.886,23.898,0.000,,18,29,,
T,2023-05-11 18:36:55,6.25079448,-75.57487123,3.79,1469.733,23.898,0.000,,15,25,,
T,2023-05-11 18:36:56,6.25079295,-75.57487386,3.79,1469.256,23.898,0.000,,18,28,,
T,2023-05-11 18:36:57,6.25078848,-75.57487712,3.79,1468.159,23.898,0.000,,19,29,,
T,2023-05-11 18:36:58,6.25078862,-75.57487427,3.79,1467.898,23.898,0.000,,17,27,,
T,2023-05-11 18:36:59,6.25078807,-75.57487345,3.79,1468.487,23.898,0.000,,19,29,,
T,2023-05-11 18:37:00,6.25078763,-75.57487197,3.79,1468.837,23.898,0.000,,16,26,,
T,2023-05-11 18:37:01,6.25078735,-75.57487130,3.79,1468.998,23.898,0.000,,18,28,,
T,2023-05-11 18:37:02,6.25078723,-75.57487066,3.79,1469.144,23.898,0.000,,16,27,,
T,2023-05-11 18:37:03,6.25078712,-75.57487025,3.79,1469.262,23.898,0.000,,16,27,,
T,2023-05-11 18:37:04,6.25078709,-75.57487012,3.79,1469.320,23.898,0.000,,16,27,,
T,2023-05-11 18:37:05,6.25078050,-75.57486742,3.79,1469.697,23.898,0.470,3,18,29,,
T,2023-05-11 18:37:06,6.25077832,-75.57486430,3.81,1469.608,23.898,0.000,,17,29,,
T,2023-05-11 18:37:07,6.25078004,-75.57486392,3.83,1469.560,23.898,0.000,,17,28,,
T,2023-05-11 18:37:08,6.25078183,-75.57486782,3.87,1469.804,23.898,0.000,,17,29,,
T,2023-05-11 18:37:09,6.25078276,-75.57486821,4.03,1468.689,23.898,0.000,,16,28,,
T,2023-05-11 18:37:10,6.25078239,-75.57486627,4.00,1469.108,23.898,0.000,,15,26,,
T,2023-05-11 18:37:11,6.25078304,-75.57486388,3.94,1468.650,23.897,0.000,,16,28,,
T,2023-05-11 18:37:12,6.25078502,-75.57486660,3.93,1468.591,23.898,0.000,,17,29,,
T,2023-05-11 18:37:13,6.25078617,-75.57486900,3.80,1468.394,23.898,0.000,,17,28,,
T,2023-05-11 18:37:14,6.25078591,-75.57486815,3.79,1468.235,23.898,0.000,,14,24,,
T,2023-05-11 18:37:15,6.25078395,-75.57486966,3.79,1468.309,23.898,0.000,,14,25,,
T,2023-05-11 18:37:16,6.25078395,-75.57486966,3.79,1468.309,23.898,0.000,,14,25,,
T,2023-05-11 18:37:17,6.25078442,-75.57486955,3.79,1468.412,23.898,0.000,,15,26,,
T,2023-05-11 18:37:18,6.25078441,-75.57486955,3.79,1468.412,23.898,0.000,,15,26,,
T,2023-05-11 18:37:19,6.25078452,-75.57486862,4.35,1468.352,23.898,0.000,,16,27,,
T,2023-05-11 18:37:20,6.25081803,-75.57478704,5.79,1468.649,23.897,5.570,65,13,28,,
T,2023-05-11 18:37:21,6.25083584,-75.57471255,7.26,1468.602,23.897,6.880,71,13,28,,
T,2023-05-11 18:37:22,6.25084815,-75.57463407,8.91,1468.765,23.896,7.470,75,10,28,,
T,2023-05-11 18:37:23,6.25085947,-75.57459365,7.05,1469.590,23.896,5.240,73,13,28,,
T,2023-05-11 18:37:24,6.25089040,-75.57452856,6.60,1468.654,23.896,6.200,72,13,28,,
T,2023-05-11 18:37:25,6.25092457,-75.57446311,5.79,1465.972,23.895,7.390,81,16,28,,
T,2023-05-11 18:37:26,6.25093951,-75.57438945,5.72,1466.375,23.895,8.330,86,16,28,,
T,2023-05-11 18:37:27,6.25093758,-75.57430400,5.41,1467.343,23.894,9.130,97,17,28,,
T,2023-05-11 18:37:28,6.25092949,-75.57421013,5.63,1467.105,23.894,10.260,106,18,28,,
T,2023-05-11 18:37:29,6.25091224,-75.57411800,6.17,1466.817,23.893,10.260,108,18,28,,
T,2023-05-11 18:37:30,6.25089011,-75.57402137,6.02,1467.678,23.893,11.240,112,19,28,,
T,2023-05-11 18:37:31,6.25085340,-75.57393648,5.89,1466.728,23.893,10.840,117,19,28,,
T,2023-05-11 18:37:32,6.25081191,-75.57385715,5.96,1466.345,23.892,9.490,120,19,28,,
T,2023-05-11 18:37:33,6.25077817,-75.57379172,6.18,1466.160,23.892,8.010,120,17,28,,
T,2023-05-11 18:37:34,6.25075240,-75.57373337,5.49,1465.342,23.892,7.140,123,17,28,,
T,2023-05-11 18:37:35,6.25071710,-75.57368327,5.75,1465.881,23.892,6.400,147,17,28,,
T,2023-05-11 18:37:36,6.25068945,-75.57364857,6.26,1466.754,23.891,5.130,157,17,28,,
T,2023-05-11 18:37:37,6.25065938,-75.57362764,7.02,1467.975,23.891,4.410,189,17,28,,
T,2023-05-11 18:37:38,6.25056973,-75.57367046,5.73,1465.591,23.892,7.040,208,17,28,,
T,2023-05-11 18:37:39,6.25050373,-75.57369590,6.10,1465.634,23.892,8.070,207,17,28,,
T,2023-05-11 18:37:40,6.25042488,-75.57373332,7.00,1465.587,23.892,8.990,202,17,28,,
T,2023-05-11 18:37:41,6.25034934,-75.57375199,7.89,1465.990,23.893,8.730,197,17,28,,
T,2023-05-11 18:37:42,6.25026141,-75.57377156,7.48,1467.687,23.893,8.620,196,16,28,,
T,2023-05-11 18:37:43,6.25019734,-75.57379326,8.29,1467.773,23.893,8.010,196,16,28,,
T,2023-05-11 18:37:44,6.25015010,-75.57381589,8.35,1467.869,23.893,7.520,196,14,28,,
T,2023-05-11 18:37:45,6.25012848,-75.57382241,9.14,1468.211,23.894,6.120,190,14,28,,
T,2023-05-11 18:37:46,6.25007011,-75.57382573,7.90,1469.183,23.894,5.600,194,14,28,,
T,2023-05-11 18:37:47,6.25004539,-75.57383653,7.23,1469.710,23.894,4.520,200,15,28,,
T,2023-05-11 18:37:48,6.25000889,-75.57384545,6.88,1468.448,23.894,3.460,199,17,28,,
T,2023-05-11 18:37:49,6.24998956,-75.57384829,6.91,1469.050,23.894,2.780,199,17,29,,
T,2023-05-11 18:37:50,6.24997351,-75.57384958,6.93,1468.674,23.894,1.150,206,16,29,,
T,2023-05-11 18:37:51,6.24996738,-75.57385273,6.78,1467.722,23.894,0.960,207,17,28,,
T,2023-05-11 18:37:52,6.24995167,-75.57385273,6.69,1467.502,23.894,1.180,209,18,29,,
T,2023-05-11 18:37:53,6.24993408,-75.57385612,6.76,1467.602,23.894,1.610,209,19,29,,
T,2023-05-11 18:37:54,6.24991575,-75.57387297,6.46,1468.128,23.894,1.720,221,19,29,,
T,2023-05-11 18:37:55,6.24990028,-75.57388478,6.16,1469.163,23.894,1.910,231,19,30,,
T,2023-05-11 18:37:56,6.24989186,-75.57389410,6.30,1469.895,23.894,1.290,237,21,30,,
T,2023-05-11 18:37:57,6.24989220,-75.57389834,6.49,1469.482,23.894,0.220,238,20,30,,
T,2023-05-11 18:37:58,6.24989019,-75.57390087,6.48,1469.614,23.894,0.460,237,20,30,,
T,2023-05-11 18:37:59,6.24988722,-75.57390551,6.57,1469.648,23.895,0.670,230,20,30,,
T,2023-05-11 18:38:00,6.24988154,-75.57391360,6.65,1470.272,23.895,1.220,238,20,30,,
T,2023-05-11 18:38:01,6.24987771,-75.57392723,6.69,1469.807,23.895,1.550,267,20,30,,
T,2023-05-11 18:38:02,6.24987631,-75.57393778,6.97,1469.786,23.895,0.680,270,19,30,,
T,2023-05-11 18:38:03,6.24987677,-75.57394235,7.08,1470.127,23.895,0.690,270,19,30,,
T,2023-05-11 18:38:04,6.24987706,-75.57394760,7.86,1470.039,23.895,0.620,255,19,30,,
T,2023-05-11 18:38:05,6.24987620,-75.57395387,8.14,1470.245,23.895,0.780,261,19,30,,
T,2023-05-11 18:38:06,6.24987720,-75.57395827,8.40,1469.214,23.895,0.610,268,18,30,,
T,2023-05-11 18:38:07,6.24987842,-75.57396251,8.61,1469.651,23.895,0.730,275,18,30,,
T,2023-05-11 18:38:08,6.24987986,-75.57396272,9.13,1469.513,23.895,0.000,,18,30,,
T,2023-05-11 18:38:09,6.24987924,-75.57396173,8.93,1469.593,23.895,0.000,,17,30,,
T,2023-05-11 18:38:10,6.24987993,-75.57396138,8.72,1469.588,23.895,0.000,,17,30,,
T,2023-05-11 18:38:11,6.24987899,-75.57396257,8.45,1469.755,23.895,0.000,,17,30,,
T,2023-05-11 18:38:12,6.24987741,-75.57396254,8.15,1470.008,23.895,0.000,,17,30,,
T,2023-05-11 18:38:13,6.24987706,-75.57396131,7.91,1469.981,23.895,0.000,,17,30,,
T,2023-05-11 18:38:14,6.24987748,-75.57396006,7.68,1469.701,23.895,0.000,,17,30,,
T,2023-05-11 18:38:15,6.24987721,-75.57396029,7.46,1469.771,23.895,0.000,,17,30,,
T,2023-05-11 18:38:16,6.24987653,-75.57396352,11.78,1470.534,23.895,0.290,282,17,30,,
T,2023-05-11 18:38:17,6.24987713,-75.57397132,11.78,1470.825,23.895,0.830,282,17,30,,
T,2023-05-11 18:38:18,6.24987780,-75.57397972,11.69,1469.993,23.895,0.610,273,17,30,,
T,2023-05-11 18:38:19,6.24987767,-75.57398507,11.39,1469.923,23.895,0.000,,17,30,,
T,2023-05-11 18:38:20,6.24987603,-75.57399007,11.31,1470.155,23.895,0.000,,17,30,,
T,2023-05-11 18:38:21,6.24987411,-75.57399327,11.27,1470.300,23.895,0.000,,16,30,,
T,2023-05-11 18:38:22,6.24987265,-75.57399414,11.25,1470.449,23.895,0.000,,16,30,,
T,2023-05-11 18:38:23,6.24987464,-75.57399886,11.29,1469.938,23.895,0.770,288,16,30,,
T,2023-05-11 18:38:24,6.24987893,-75.57400101,11.44,1470.101,23.895,0.540,289,17,30,,
T,2023-05-11 18:38:25,6.24988310,-75.57400523,11.41,1470.252,23.895,0.850,295,17,30,,
T,2023-05-11 18:38:26,6.24988761,-75.57401160,11.42,1470.102,23.895,0.840,301,17,30,,
T,2023-05-11 18:38:27,6.24989334,-75.57401829,11.42,1469.554,23.895,1.000,308,17,30,,
T,2023-05-11 18:38:28,6.24990108,-75.57403149,11.38,1468.214,23.895,1.980,299,17,30,,
T,2023-05-11 18:38:29,6.24991115,-75.57405461,11.39,1468.304,23.895,2.910,297,17,30,,
T,2023-05-11 18:38:30,6.24992119,-75.57408241,11.35,1467.914,23.895,2.910,290,17,30,,
T,2023-05-11 18:38:31,6.24992923,-75.57411088,11.40,1468.407,23.896,2.850,288,17,30,,
T,2023-05-11 18:38:32,6.24993615,-75.57413654,11.42,1467.510,23.896,2.450,286,17,30,,
T,2023-05-11 18:38:33,6.24994228,-75.57416197,11.19,1467.332,23.896,2.710,287,17,30,,
T,2023-05-11 18:38:34,6.24995006,-75.57419296,11.01,1467.538,23.896,3.570,290,18,30,,
T,2023-05-11 18:38:35,6.24995709,-75.57423194,10.95,1467.716,23.896,4.240,279,18,30,,
T,2023-05-11 18:38:36,6.24996441,-75.57427716,10.77,1467.388,23.896,4.710,290,18,30,,
T,2023-05-11 18:38:37,6.24996666,-75.57436476,10.74,1467.621,23.897,6.270,287,19,30,,
T,2023-05-11 18:38:38,6.24997347,-75.57443202,10.70,1467.761,23.897,6.480,279,19,30,,
T,2023-05-11 18:38:39,6.24998195,-75.57446823,10.66,1467.822,23.897,5.400,274,19,30,,
T,2023-05-11 18:38:40,6.24999075,-75.57450312,10.67,1467.573,23.897,4.000,286,19,30,,
T,2023-05-11 18:38:41,6.25001046,-75.57452291,10.61,1469.052,23.897,3.130,297,18,30,,
T,2023-05-11 18:38:42,6.25001714,-75.57453433,10.61,1469.572,23.898,1.930,284,18,30,,
T,2023-05-11 18:38:43,6.25001576,-75.57453148,10.64,1470.089,23.898,0.320,274,16,30,,
T,2023-05-11 18:38:44,6.25002194,-75.57453238,10.63,1470.425,23.898,0.290,277,16,30,,
T,2023-05-11 18:38:45,6.25002602,-75.57453241,10.73,1470.799,23.898,0.290,270,16,30,,
T,2023-05-11 18:38:46,6.25002877,-75.57452965,10.95,1471.593,23.897,0.000,,15,30,,
T,2023-05-11 18:38:47,6.25003095,-75.57452827,10.92,1472.631,23.897,0.000,,15,30,,
T,2023-05-11 18:38:48,6.25002826,-75.57453068,10.86,1471.449,23.897,0.000,,15,30,,
T,2023-05-11 18:38:49,6.25002650,-75.57453116,10.75,1470.764,23.898,0.000,,15,30,,
T,2023-05-11 18:38:50,6.25002894,-75.57452662,10.62,1471.098,23.897,0.000,,17,30,,
T,2023-05-11 18:38:51,6.25003110,-75.57452205,10.49,1471.573,23.897,0.000,,17,30,,
T,2023-05-11 18:38:52,6.25002875,-75.57452629,4.46,1473.045,23.897,0.000,,17,30,,
T,2023-05-11 18:38:53,6.25003229,-75.57452788,4.45,1472.879,23.897,0.430,306,17,30,,
T,2023-05-11 18:38:54,6.25003213,-75.57452320,4.17,1472.804,23.897,0.000,,17,30,,
T,2023-05-11 18:38:55,6.25003142,-75.57451947,4.17,1472.909,23.897,0.000,,17,30,,
T,2023-05-11 18:38:56,6.25003246,-75.57451748,4.07,1473.516,23.897,0.000,,17,30,,
T,2023-05-11 18:38:57,6.25003429,-75.57451340,4.14,1473.485,23.897,0.000,,17,30,,
T,2023-05-11 18:38:58,6.25003169,-75.57451316,4.24,1474.040,23.897,0.000,,17,30,,
T,2023-05-11 18:38:59,6.25003504,-75.57451180,4.10,1474.181,23.897,0.000,,17,29,,
T,2023-05-11 18:39:00,6.25003859,-75.57450829,4.04,1474.326,23.897,0.000,,17,30,,
T,2023-05-11 18:39:01,6.25004053,-75.57450602,3.96,1474.128,23.897,0.000,,17,30,,
T,2023-05-11 18:39:02,6.25004093,-75.57450250,3.79,1474.605,23.897,0.350,66,17,30,,
T,2023-05-11 18:39:03,6.25003912,-75.57450457,3.79,1475.101,23.897,0.000,,17,30,,
T,2023-05-11 18:39:04,6.25003798,-75.57450756,3.79,1475.209,23.897,0.000,,17,30,,
T,2023-05-11 18:39:05,6.25004431,-75.57453192,3.79,1475.093,23.897,2.970,278,17,30,,
T,2023-05-11 18:39:06,6.25005513,-75.57456205,3.79,1476.646,23.898,3.830,276,16,29,,
T,2023-05-11 18:39:07,6.25006744,-75.57458398,3.79,1476.539,23.898,2.010,314,16,30,,
T,2023-05-11 18:39:08,6.25007843,-75.57459421,3.79,1476.893,23.898,1.200,301,13,28,,
T,2023-05-11 18:39:09,6.25008519,-75.57460288,3.79,1478.143,23.898,0.740,301,15,29,,
T,2023-05-11 18:39:10,6.25008929,-75.57460848,3.79,1478.363,23.898,0.000,,13,26,,
T,2023-05-11 18:39:11,6.25009070,-75.57461020,3.79,1478.337,23.898,0.360,301,16,30,,
T,2023-05-11 18:39:12,6.25009174,-75.57461351,3.79,1479.018,23.898,0.000,,15,28,,
T,2023-05-11 18:39:13,6.25009076,-75.57461366,3.79,1478.648,23.898,0.000,,16,29,,
T,2023-05-11 18:39:14,6.25008785,-75.57461497,3.79,1478.767,23.898,0.000,,14,28,,
T,2023-05-11 18:39:15,6.25008481,-75.57461739,3.79,1478.753,23.898,0.000,,14,27,,
T,2023-05-11 18:39:16,6.25008393,-75.57462470,3.79,1479.521,23.898,0.870,303,17,30,,
T,2023-05-11 18:39:17,6.25008345,-75.57462945,3.80,1479.029,23.898,0.000,,11,24,,
T,2023-05-11 18:39:18,6.25008124,-75.57463076,3.79,1479.064,23.898,0.000,,17,29,,
T,2023-05-11 18:39:19,6.25007857,-75.57463119,3.79,1478.859,23.898,0.000,,16,29,,
T,2023-05-11 18:39:20,6.25007575,-75.57463197,3.79,1479.351,23.898,0.000,,15,28,,
T,2023-05-11 18:39:21,6.25007707,-75.57463368,3.79,1479.345,23.898,0.000,,13,27,,
T,2023-05-11 18:39:22,6.25007746,-75.57463433,3.79,1478.939,23.898,0.000,,16,30,,
T,2023-05-11 18:39:23,6.25008072,-75.57463149,3.79,1477.692,23.898,0.000,,14,28,,
T,2023-05-11 18:39:24,6.25008257,-75.57463050,3.79,1477.746,23.898,0.000,,14,28,,
T,2023-05-11 18:39:25,6.25008286,-75.57462959,3.79,1478.177,23.898,0.000,,14,28,,
T,2023-05-11 18:39:26,6.25008230,-75.57462801,3.79,1478.317,23.898,0.000,,13,27,,
T,2023-05-11 18:39:27,6.25008107,-75.57462775,3.85,1478.511,23.898,0.000,,15,29,,
T,2023-05-11 18:39:28,6.25008046,-75.57462811,3.98,1478.635,23.898,0.000,,14,28,,
T,2023-05-11 18:39:29,6.25008006,-75.57462858,4.07,1478.897,23.898,0.000,,15,29,,
T,2023-05-11 18:39:30,6.25007968,-75.57462885,4.18,1478.956,23.898,0.000,,16,29,,
T,2023-05-11 18:39:31,6.25007867,-75.57462944,4.50,1479.158,23.898,0.000,,14,28,,
T,2023-05-11 18:39:32,6.25007771,-75.57463000,4.46,1479.213,23.898,0.000,,16,30,,
T,2023-05-11 18:39:33,6.25007718,-75.57463034,4.46,1479.244,23.898,0.000,,16,30,,
T,2023-05-11 18:39:34,6.25007682,-75.57463059,4.63,1479.255,23.898,0.000,,14,29,,
T,2023-05-11 18:39:35,6.25007657,-75.57463079,4.47,1479.282,23.898,0.000,,12,28,,
T,2023-05-11 18:39:36,6.25007635,-75.57463097,4.51,1479.310,23.898,0.000,,12,29,,
T,2023-05-11 18:39:37,6.25007616,-75.57463114,4.46,1479.339,23.898,0.000,,11,27,,
T,2023-05-11 18:39:38,6.25007597,-75.57463131,4.48,1479.372,23.898,0.000,,13,29,,
T,2023-05-11 18:39:39,6.25007580,-75.57463146,4.39,1479.393,23.898,0.000,,12,28,,
T,2023-05-11 18:39:40,6.25007566,-75.57463158,4.41,1479.411,23.898,0.000,,13,30,,
T,2023-05-11 18:39:41,6.25007549,-75.57463171,4.71,1479.438,23.898,0.000,,13,30,,
T,2023-05-11 18:39:42,6.25007535,-75.57463181,4.71,1479.454,23.898,0.000,,12,28,,
T,2023-05-11 18:39:43,6.25007521,-75.57463193,4.66,1479.483,23.898,0.000,,14,30,,
T,2023-05-11 18:39:44,6.25007508,-75.57463206,4.72,1479.507,23.898,0.000,,13,30,,
T,2023-05-11 18:39:45,6.25007494,-75.57463219,4.67,1479.534,23.898,0.000,,12,30,,
T,2023-05-11 18:39:46,6.25007479,-75.57463233,4.80,1479.561,23.898,0.000,,12,30,,
T,2023-05-11 18:39:47,6.25007463,-75.57463246,5.01,1479.587,23.898,0.000,,12,30,,
T,2023-05-11 18:39:48,6.25007449,-75.57463256,5.02,1479.604,23.898,0.000,,12,30,,
T,2023-05-11 18:39:49,6.25007435,-75.57463269,5.05,1479.633,23.898,0.000,,10,28,,
T,2023-05-11 18:39:50,6.25007420,-75.57463283,4.90,1479.659,23.898,0.000,,12,30,,
T,2023-05-11 18:39:51,6.25007406,-75.57463295,4.78,1479.682,23.898,0.000,,12,30,,
T,2023-05-11 18:39:52,6.25007392,-75.57463306,4.65,1479.705,23.898,0.000,,12,29,,
T,2023-05-11 18:39:53,6.25007377,-75.57463321,4.63,1479.741,23.898,0.000,,12,29,,
T,2023-05-11 18:39:54,6.25007364,-75.57463334,4.60,1479.767,23.898,0.000,,12,28,,
T,2023-05-11 18:39:55,6.25007349,-75.57463349,4.62,1479.797,23.898,0.000,,13,29,,
T,2023-05-11 18:39:56,6.25007333,-75.57463364,4.71,1479.830,23.898,0.000,,15,30,,
T,2023-05-11 18:39:57,6.25007319,-75.57463377,4.60,1479.854,23.898,0.000,,15,30,,
T,2023-05-11 18:39:58,6.25007307,-75.57463388,4.63,1479.878,23.898,0.000,,15,30,,
T,2023-05-11 18:39:59,6.25007295,-75.57463399,4.64,1479.899,23.898,0.000,,13,29,,
T,2023-05-11 18:40:00,6.25007283,-75.57463411,4.65,1479.925,23.898,0.000,,13,29,,
T,2023-05-11 18:40:01,6.25007273,-75.57463420,4.78,1479.940,23.898,0.000,,12,28,,
T,2023-05-11 18:40:02,6.25007263,-75.57463430,4.80,1479.961,23.898,0.000,,14,29,,
T,2023-05-11 18:40:03,6.25007250,-75.57463442,4.84,1479.990,23.898,0.000,,14,29,,
T,2023-05-11 18:40:04,6.25007236,-75.57463455,4.93,1480.019,23.898,0.000,,12,26,,
T,2023-05-11 18:40:05,6.25007225,-75.57463468,4.93,1480.040,23.898,0.000,,12,27,,
T,2023-05-11 18:40:06,6.25007213,-75.57463483,4.91,1480.070,23.898,0.000,,14,29,,
T,2023-05-11 18:40:07,6.25007199,-75.57463501,5.14,1480.100,23.898,0.000,,14,28,,
T,2023-05-11 18:40:08,6.25007188,-75.57463518,5.11,1480.122,23.898,0.000,,12,27,,
T,2023-05-11 18:40:09,6.25007176,-75.57463531,5.39,1480.141,23.898,0.000,,15,30,,
T,2023-05-11 18:40:10,6.25007166,-75.57463544,5.43,1480.157,23.898,0.000,,15,30,,
T,2023-05-11 18:40:11,6.25007154,-75.57463557,5.52,1480.185,23.898,0.000,,12,27,,
T,2023-05-11 18:40:12,6.25007142,-75.57463575,5.87,1480.216,23.898,0.000,,14,29,,
T,2023-05-11 18:40:13,6.25007130,-75.57463592,5.83,1480.239,23.898,0.000,,14,29,,
T,2023-05-11 18:40:14,6.25007118,-75.57463607,5.49,1480.262,23.898,0.000,,13,27,,
T,2023-05-11 18:40:15,6.25007105,-75.57463621,5.51,1480.286,23.898,0.000,,16,29,,
T,2023-05-11 18:40:16,6.25007093,-75.57463634,5.26,1480.308,23.898,0.000,,14,27,,
T,2023-05-11 18:40:17,6.25007079,-75.57463648,5.18,1480.333,23.898,0.000,,16,29,,
T,2023-05-11 18:40:18,6.25007066,-75.57463664,5.21,1480.358,23.898,0.000,,15,29,,
