type,date time,latitude,longitude,accuracy(m),altitude(m),geoid_height(m),speed(m/s),bearing(deg),sat_used,sat_inview,name,desc
T,2023-02-16 11:11:03,6.38016000,-75.47996333,1.10,1400.008,23.092,0.000,,19,32,20230216-061103,GPS Logger: 20230216-061103 - Suzuki_Vstrom_Viaje_3
T,2023-02-16 11:11:04,6.38016000,-75.47996333,1.10,1400.008,23.092,0.000,,18,32,,
T,2023-02-16 11:11:05,6.38016000,-75.47996333,1.10,1400.008,23.092,0.000,,17,32,,
T,2023-02-16 11:11:06,6.38016000,-75.47996333,1.10,1400.008,23.092,0.000,,17,32,,
T,2023-02-16 11:11:07,6.38016000,-75.47996333,1.00,1400.008,23.092,0.000,,18,32,,
T,2023-02-16 11:11:08,6.38016000,-75.47996333,1.00,1400.008,23.092,0.000,,18,32,,
T,2023-02-16 11:11:09,6.38016000,-75.47996333,1.00,1400.008,23.092,0.000,,18,32,,
T,2023-02-16 11:11:10,6.38016000,-75.47996333,1.00,1400.008,23.092,0.000,,18,32,,
T,2023-02-16 11:11:11,6.38016000,-75.47996333,1.00,1400.008,23.092,0.000,,19,32,,
T,2023-02-16 11:11:12,6.38016000,-75.47996333,1.00,1400.008,23.092,0.000,,19,32,,
T,2023-02-16 11:11:13,6.38016000,-75.47996333,1.00,1400.008,23.092,0.000,,19,32,,
T,2023-02-16 11:11:14,6.38016000,-75.47996333,1.00,1400.008,23.092,0.000,,19,32,,
T,2023-02-16 11:11:15,6.38016000,-75.47996333,1.00,1400.008,23.092,0.000,,19,32,,
T,2023-02-16 11:11:16,6.38016000,-75.47996333,1.00,1400.008,23.092,0.000,,19,32,,
T,2023-02-16 11:11:17,6.38016000,-75.47996333,1.00,1400.008,23.092,0.000,,19,32,,
T,2023-02-16 11:11:18,6.38016000,-75.47996333,1.00,1400.008,23.092,0.000,,18,32,,
T,2023-02-16 11:11:19,6.38016000,-75.47996333,1.00,1400.008,23.092,0.000,,19,32,,
T,2023-02-16 11:11:20,6.38016000,-75.47996333,1.00,1400.008,23.092,0.000,,17,32,,
T,2023-02-16 11:11:21,6.38016000,-75.47996333,1.10,1400.008,23.092,0.000,,17,32,,
T,2023-02-16 11:11:22,6.38016000,-75.47996333,1.40,1400.008,23.092,0.000,,18,32,,
T,2023-02-16 11:11:23,6.38016000,-75.47996333,1.50,1400.008,23.092,0.000,,19,32,,
T,2023-02-16 11:11:24,6.38016000,-75.47996333,1.70,1400.008,23.092,0.000,,18,32,,
T,2023-02-16 11:11:25,6.38016000,-75.47996333,1.80,1400.008,23.092,0.000,,18,32,,
T,2023-02-16 11:11:26,6.38016000,-75.47996333,1.90,1400.008,23.092,0.000,,20,32,,
T,2023-02-16 11:11:27,6.38016000,-75.47996333,1.10,1400.008,23.092,0.000,,19,32,,
T,2023-02-16 11:11:28,6.38016000,-75.47996333,1.10,1400.008,23.092,0.000,,19,32,,
T,2023-02-16 11:11:29,6.38016000,-75.47996333,1.00,1400.008,23.092,0.000,,20,32,,
T,2023-02-16 11:11:30,6.38016000,-75.47996333,1.10,1400.008,23.092,0.000,,20,32,,
T,2023-02-16 11:11:31,6.38016000,-75.47996333,1.10,1400.008,23.092,0.000,,20,32,,
T,2023-02-16 11:11:32,6.38016000,-75.47996333,1.10,1400.008,23.092,0.000,,20,32,,
T,2023-02-16 11:11:33,6.38016000,-75.47996333,1.10,1400.008,23.092,0.000,,20,32,,
T,2023-02-16 11:11:34,6.38016000,-75.47996333,1.10,1400.008,23.092,0.000,,20,32,,
T,2023-02-16 11:11:35,6.38016000,-75.47996333,1.10,1400.008,23.092,0.000,,20,32,,
T,2023-02-16 11:11:36,6.38016000,-75.47996333,1.10,1400.008,23.092,0.000,,20,32,,
T,2023-02-16 11:11:37,6.38016000,-75.47996333,1.00,1400.008,23.092,0.000,,20,32,,
T,2023-02-16 11:11:38,6.38016000,-75.47996333,1.00,1400.008,23.092,0.000,,20,32,,
T,2023-02-16 11:11:39,6.38016000,-75.47996333,1.00,1400.008,23.092,0.000,,19,32,,
T,2023-02-16 11:11:40,6.38016000,-75.47996333,1.00,1400.008,23.092,0.000,,18,32,,
T,2023-02-16 11:11:41,6.38016000,-75.47996333,1.00,1400.008,23.092,0.000,,19,32,,
T,2023-02-16 11:11:42,6.38016000,-75.47996333,1.00,1400.008,23.092,0.000,,19,32,,
T,2023-02-16 11:11:43,6.38016000,-75.47996333,1.00,1400.008,23.092,0.000,,19,32,,
T,2023-02-16 11:11:44,6.38016000,-75.47996333,1.00,1400.008,23.092,0.000,,18,33,,
T,2023-02-16 11:11:45,6.38016000,-75.47996333,1.00,1400.008,23.092,0.000,,19,33,,
T,2023-02-16 11:11:46,6.38016000,-75.47996333,1.00,1400.008,23.092,0.000,,19,33,,
T,2023-02-16 11:11:47,6.38016000,-75.47996333,1.00,1400.008,23.092,0.000,,18,33,,
T,2023-02-16 11:11:48,6.38016000,-75.47996333,1.00,1400.008,23.092,0.000,,19,33,,
T,2023-02-16 11:11:49,6.38016000,-75.47996333,1.00,1400.008,23.092,0.000,,19,33,,
T,2023-02-16 11:11:50,6.38016000,-75.47996333,1.10,1400.008,23.092,0.000,,20,33,,
T,2023-02-16 11:11:51,6.38016000,-75.47996333,1.10,1400.008,23.092,0.000,,20,33,,
T,2023-02-16 11:11:52,6.38016000,-75.47996333,1.40,1400.008,23.092,0.000,,20,33,,
T,2023-02-16 11:11:53,6.38016000,-75.47996333,1.70,1400.008,23.092,0.000,,20,33,,
T,2023-02-16 11:11:54,6.38016000,-75.47996333,1.80,1400.008,23.092,0.000,,20,33,,
T,2023-02-16 11:11:55,6.38016000,-75.47996333,1.90,1400.008,23.092,0.000,,19,33,,
T,2023-02-16 11:11:56,6.38016000,-75.47996333,1.90,1400.008,23.092,0.000,,20,33,,
T,2023-02-16 11:11:57,6.38016000,-75.47996333,1.20,1400.008,23.092,0.000,,20,33,,
T,2023-02-16 11:11:58,6.38016000,-75.47996333,1.10,1400.008,23.092,0.000,,20,33,,
T,2023-02-16 11:11:59,6.38016000,-75.47996333,1.40,1400.008,23.092,0.000,,20,32,,
T,2023-02-16 11:12:00,6.38016000,-75.47996333,1.70,1400.008,23.092,0.000,,19,33,,
T,2023-02-16 11:12:01,6.38016000,-75.47996333,1.90,1400.008,23.092,0.000,,19,33,,
T,2023-02-16 11:12:02,6.38016000,-75.47996333,2.00,1400.008,23.092,0.000,,19,33,,
T,2023-02-16 11:12:03,6.38016000,-75.47996333,2.10,1400.008,23.092,0.000,,19,32,,
T,2023-02-16 11:12:04,6.38016000,-75.47996333,2.30,1400.008,23.092,0.000,,19,32,,
T,2023-02-16 11:12:05,6.38025167,-75.47998000,2.20,1400.808,23.092,3.704,34,19,32,,
T,2023-02-16 11:12:06,6.38029833,-75.47994833,2.20,1401.309,23.091,4.967,46,20,32,,
T,2023-02-16 11:12:07,6.38034000,-75.47990167,2.30,1402.109,23.091,5.803,50,18,33,,
T,2023-02-16 11:12:08,6.38036833,-75.47983167,2.20,1402.509,23.091,6.787,66,19,33,,
T,2023-02-16 11:12:09,6.38039000,-75.47975667,2.20,1402.610,23.090,8.032,72,19,33,,
T,2023-02-16 11:12:10,6.38042167,-75.47967833,2.20,1402.611,23.089,8.736,65,19,33,,
T,2023-02-16 11:12:11,6.38046333,-75.47960333,2.20,1402.711,23.089,9.301,54,20,32,,
T,2023-02-16 11:12:12,6.38051667,-75.47953500,2.20,1403.212,23.088,9.044,45,19,32,,
T,2023-02-16 11:12:13,6.38058500,-75.47948167,2.20,1403.212,23.088,9.066,34,19,32,,
T,2023-02-16 11:12:14,6.38066333,-75.47944167,2.30,1403.213,23.087,9.259,27,18,32,,
T,2023-02-16 11:12:15,6.38074500,-75.47942000,2.20,1403.113,23.087,9.097,16,18,32,,
T,2023-02-16 11:12:16,6.38082833,-75.47942167,2.40,1403.213,23.087,9.376,5,19,32,,
T,2023-02-16 11:12:17,6.38090667,-75.47944500,2.40,1403.613,23.087,8.790,353,18,32,,
T,2023-02-16 11:12:18,6.38098500,-75.47948667,2.40,1403.813,23.087,8.622,338,17,32,,
T,2023-02-16 11:12:19,6.38105000,-75.47955333,2.30,1404.513,23.087,8.582,323,18,32,,
T,2023-02-16 11:12:20,6.38109833,-75.47963333,2.20,1405.012,23.088,9.225,310,18,32,,
T,2023-02-16 11:12:21,6.38113167,-75.47971333,2.20,1405.612,23.088,8.636,301,19,32,,
T,2023-02-16 11:12:22,6.38114500,-75.47978500,2.10,1406.012,23.088,7.367,288,20,32,,
T,2023-02-16 11:12:23,6.38115000,-75.47984500,2.10,1406.911,23.089,5.640,276,20,32,,
T,2023-02-16 11:12:24,6.38115333,-75.47989000,2.10,1407.611,23.089,4.511,268,20,32,,
T,2023-02-16 11:12:25,6.38115000,-75.47992000,2.00,1407.911,23.089,2.899,275,20,32,,
T,2023-02-16 11:12:26,6.38115000,-75.47993667,2.00,1408.611,23.089,1.707,276,20,32,,
T,2023-02-16 11:12:27,6.38115167,-75.47994500,1.90,1409.411,23.089,0.000,,20,32,,
T,2023-02-16 11:12:28,6.38115333,-75.47996000,2.00,1409.711,23.089,0.000,,20,32,,
T,2023-02-16 11:12:29,6.38115500,-75.47999000,1.90,1410.510,23.090,4.075,268,19,32,,
T,2023-02-16 11:12:30,6.38115333,-75.48003000,1.90,1410.910,23.090,4.345,271,19,32,,
T,2023-02-16 11:12:31,6.38115500,-75.48008000,2.00,1410.510,23.090,6.182,272,19,32,,
T,2023-02-16 11:12:32,6.38116000,-75.48014833,2.10,1410.709,23.091,8.285,274,20,32,,
T,2023-02-16 11:12:33,6.38116500,-75.48022833,2.10,1411.109,23.091,9.410,272,20,32,,
T,2023-02-16 11:12:34,6.38116167,-75.48032000,2.10,1411.808,23.092,11.198,268,20,32,,
T,2023-02-16 11:12:35,6.38115500,-75.48042667,2.20,1412.608,23.092,12.049,266,20,32,,
T,2023-02-16 11:12:36,6.38115000,-75.48054167,2.20,1412.407,23.093,13.295,267,20,32,,
T,2023-02-16 11:12:37,6.38114333,-75.48067667,2.30,1412.306,23.094,15.131,268,20,32,,
T,2023-02-16 11:12:38,6.38114667,-75.48083167,2.20,1410.605,23.095,16.927,269,20,32,,
T,2023-02-16 11:12:39,6.38115500,-75.48098000,2.30,1410.804,23.096,16.681,269,19,32,,
T,2023-02-16 11:12:40,6.38115167,-75.48112667,2.30,1411.303,23.097,16.393,268,18,32,,
T,2023-02-16 11:12:41,6.38114667,-75.48127667,2.30,1412.303,23.097,17.456,267,18,32,,
T,2023-02-16 11:12:42,6.38113500,-75.48142833,2.30,1413.102,23.098,16.368,265,19,32,,
T,2023-02-16 11:12:43,6.38111833,-75.48156833,2.10,1416.001,23.099,16.924,262,20,32,,
T,2023-02-16 11:12:44,6.38109500,-75.48170167,2.20,1417.200,23.100,15.413,259,20,32,,
T,2023-02-16 11:12:45,6.38106333,-75.48183167,2.20,1419.099,23.101,15.009,255,19,32,,
T,2023-02-16 11:12:46,6.38102167,-75.48195000,2.20,1421.198,23.102,14.718,252,20,32,,
T,2023-02-16 11:12:47,6.38097500,-75.48206833,2.30,1422.897,23.103,14.551,248,20,32,,
T,2023-02-16 11:12:48,6.38091500,-75.48219000,2.30,1424.096,23.104,14.409,244,20,32,,
T,2023-02-16 11:12:49,6.38085500,-75.48230667,2.20,1424.996,23.104,14.277,241,20,32,,
T,2023-02-16 11:12:50,6.38078833,-75.48241833,2.30,1428.095,23.105,14.229,239,18,32,,
T,2023-02-16 11:12:51,6.38070667,-75.48253500,2.30,1429.494,23.106,16.235,237,19,32,,
T,2023-02-16 11:12:52,6.38061667,-75.48266167,2.40,1429.993,23.107,17.220,235,20,32,,
T,2023-02-16 11:12:53,6.38052167,-75.48278667,2.40,1430.392,23.108,17.940,233,20,32,,
T,2023-02-16 11:12:54,6.38042667,-75.48291167,2.50,1430.891,23.109,17.529,231,19,32,,
T,2023-02-16 11:12:55,6.38033333,-75.48305333,2.50,1431.490,23.110,18.139,235,19,32,,
T,2023-02-16 11:12:56,6.38025000,-75.48320000,2.50,1431.889,23.111,19.074,239,19,32,,
T,2023-02-16 11:12:57,6.38017000,-75.48336500,2.50,1432.188,23.112,19.916,242,19,32,,
T,2023-02-16 11:12:58,6.38008500,-75.48353167,2.60,1432.586,23.114,21.029,245,18,32,,
T,2023-02-16 11:12:59,6.38000500,-75.48371333,2.50,1433.885,23.115,21.890,247,17,31,,
T,2023-02-16 11:13:00,6.37992833,-75.48391000,2.60,1433.584,23.116,22.910,249,17,32,,
T,2023-02-16 11:13:01,6.37985833,-75.48411333,2.60,1433.682,23.118,23.112,250,17,32,,
T,2023-02-16 11:13:02,6.37980000,-75.48430167,2.50,1434.181,23.119,23.105,251,17,32,,
T,2023-02-16 11:13:03,6.37973167,-75.48450000,2.50,1435.280,23.120,22.707,250,17,32,,
T,2023-02-16 11:13:04,6.37966333,-75.48470667,2.50,1437.178,23.122,23.104,251,18,32,,
T,2023-02-16 11:13:05,6.37959167,-75.48491833,2.30,1438.377,23.123,23.482,252,18,32,,
T,2023-02-16 11:13:06,6.37952167,-75.48511167,2.30,1437.575,23.125,23.100,251,17,32,,
T,2023-02-16 11:13:07,6.37945333,-75.48530000,2.20,1439.274,23.126,23.174,249,17,32,,
T,2023-02-16 11:13:08,6.37937333,-75.48549000,2.30,1440.273,23.127,21.421,245,18,32,,
T,2023-02-16 11:13:09,6.37928500,-75.48566333,2.30,1442.572,23.128,21.395,242,18,32,,
T,2023-02-16 11:13:10,6.37918167,-75.48582667,2.30,1444.270,23.130,21.415,237,19,32,,
T,2023-02-16 11:13:11,6.37906500,-75.48597333,2.30,1445.669,23.131,21.413,232,19,32,,
T,2023-02-16 11:13:12,6.37893667,-75.48612667,2.40,1447.568,23.132,21.038,228,19,32,,
T,2023-02-16 11:13:13,6.37880167,-75.48627833,2.40,1448.467,23.133,20.968,226,19,32,,
T,2023-02-16 11:13:14,6.37866833,-75.48642500,2.30,1450.166,23.134,22.109,226,19,32,,
T,2023-02-16 11:13:15,6.37852667,-75.48657333,2.50,1450.664,23.136,22.342,226,18,32,,
T,2023-02-16 11:13:16,6.37839167,-75.48672500,2.40,1451.263,23.137,22.037,226,20,32,,
T,2023-02-16 11:13:17,6.37826000,-75.48686833,2.30,1452.462,23.138,22.196,228,19,32,,
T,2023-02-16 11:13:18,6.37814000,-75.48700833,2.50,1452.861,23.139,22.316,229,18,32,,
T,2023-02-16 11:13:19,6.37802333,-75.48716667,2.40,1451.560,23.140,20.604,231,18,32,,
T,2023-02-16 11:13:20,6.37790833,-75.48731167,2.40,1451.358,23.142,20.642,234,18,32,,
T,2023-02-16 11:13:21,6.37780167,-75.48746500,2.50,1451.657,23.143,20.737,235,19,32,,
T,2023-02-16 11:13:22,6.37769333,-75.48762333,2.40,1450.156,23.144,20.297,235,19,32,,
T,2023-02-16 11:13:23,6.37759167,-75.48777333,2.30,1449.355,23.145,20.110,236,19,32,,
T,2023-02-16 11:13:24,6.37748833,-75.48792500,2.30,1448.554,23.146,20.146,236,19,32,,
T,2023-02-16 11:13:25,6.37738667,-75.48807000,2.40,1448.153,23.147,19.651,234,19,32,,
T,2023-02-16 11:13:26,6.37728000,-75.48821000,2.30,1447.252,23.148,19.419,234,20,32,,
T,2023-02-16 11:13:27,6.37718333,-75.48836667,2.30,1447.450,23.150,19.457,234,20,32,,
T,2023-02-16 11:13:28,6.37708500,-75.48851667,2.20,1448.049,23.151,19.455,232,20,32,,
T,2023-02-16 11:13:29,6.37697833,-75.48865167,2.30,1447.548,23.152,19.478,227,20,32,,
T,2023-02-16 11:13:30,6.37684833,-75.48877833,2.30,1445.947,23.153,19.372,225,20,32,,
T,2023-02-16 11:13:31,6.37669667,-75.48889667,2.40,1444.846,23.154,19.485,219,20,32,,
T,2023-02-16 11:13:32,6.37652500,-75.48900833,2.40,1443.645,23.155,21.426,212,21,32,,
T,2023-02-16 11:13:33,6.37634667,-75.48910333,2.30,1441.644,23.156,22.104,208,21,32,,
T,2023-02-16 11:13:34,6.37616167,-75.48919000,2.30,1440.843,23.157,23.207,205,21,32,,
T,2023-02-16 11:13:35,6.37597500,-75.48928000,2.50,1440.342,23.158,23.548,203,20,32,,
T,2023-02-16 11:13:36,6.37577333,-75.48936167,2.30,1440.041,23.159,24.257,201,20,32,,
T,2023-02-16 11:13:37,6.37556500,-75.48944667,2.10,1439.840,23.160,24.980,202,19,32,,
T,2023-02-16 11:13:38,6.37534833,-75.48953500,2.40,1438.739,23.161,25.622,202,19,32,,
T,2023-02-16 11:13:39,6.37513167,-75.48962500,2.30,1438.338,23.162,25.052,202,20,32,,
T,2023-02-16 11:13:40,6.37492167,-75.48970333,2.20,1436.037,23.163,24.174,201,20,32,,
T,2023-02-16 11:13:41,6.37472000,-75.48977000,2.20,1434.936,23.164,23.205,200,20,32,,
T,2023-02-16 11:13:42,6.37452500,-75.48983500,2.20,1433.335,23.165,22.471,200,20,32,,
T,2023-02-16 11:13:43,6.37433667,-75.48990167,2.20,1431.434,23.166,22.021,200,21,32,,
T,2023-02-16 11:13:44,6.37415167,-75.48996667,2.20,1429.234,23.166,21.771,200,21,32,,
T,2023-02-16 11:13:45,6.37396500,-75.49003000,2.20,1427.233,23.167,21.732,197,20,32,,
T,2023-02-16 11:13:46,6.37377500,-75.49008000,2.30,1425.532,23.168,21.720,193,19,32,,
T,2023-02-16 11:13:47,6.37357833,-75.49011833,2.30,1423.931,23.169,21.439,190,20,32,,
T,2023-02-16 11:13:48,6.37339000,-75.49013000,2.20,1422.631,23.169,21.388,185,20,32,,
T,2023-02-16 11:13:49,6.37320667,-75.49013000,2.30,1420.730,23.170,20.420,181,21,32,,
T,2023-02-16 11:13:50,6.37302167,-75.49012000,2.30,1418.730,23.170,20.389,178,21,32,,
T,2023-02-16 11:13:51,6.37283833,-75.49010667,2.30,1418.230,23.170,21.358,177,20,32,,
T,2023-02-16 11:13:52,6.37264500,-75.49009500,2.30,1417.729,23.171,21.966,177,20,32,,
T,2023-02-16 11:13:53,6.37245167,-75.49008833,2.10,1416.529,23.171,21.865,177,20,32,,
T,2023-02-16 11:13:54,6.37225833,-75.49008667,2.20,1414.429,23.171,21.829,177,19,32,,
T,2023-02-16 11:13:55,6.37206167,-75.49008167,2.30,1413.728,23.172,21.967,178,19,32,,
T,2023-02-16 11:13:56,6.37186500,-75.49007000,2.30,1411.928,23.172,22.186,177,19,32,,
T,2023-02-16 11:13:57,6.37166833,-75.49004833,2.20,1410.527,23.173,22.116,176,19,32,,
T,2023-02-16 11:13:58,6.37146667,-75.49004000,2.20,1409.827,23.173,22.093,175,19,32,,
T,2023-02-16 11:13:59,6.37126667,-75.49003667,2.20,1408.127,23.173,22.135,175,20,32,,
T,2023-02-16 11:14:00,6.37107167,-75.49001833,2.40,1406.926,23.174,22.144,176,20,32,,
T,2023-02-16 11:14:01,6.37087833,-75.49000000,2.40,1405.926,23.174,22.115,176,19,32,,
T,2023-02-16 11:14:02,6.37068500,-75.48999667,2.20,1406.825,23.175,22.051,177,20,32,,
T,2023-02-16 11:14:03,6.37049833,-75.48999500,2.30,1405.525,23.175,21.985,178,20,32,,
T,2023-02-16 11:14:04,6.37032000,-75.48999167,2.30,1404.125,23.175,19.963,180,20,32,,
T,2023-02-16 11:14:05,6.37014167,-75.49001000,2.30,1403.324,23.176,19.191,184,20,32,,
T,2023-02-16 11:14:06,6.36996167,-75.49002333,2.30,1402.024,23.176,19.002,187,19,32,,
T,2023-02-16 11:14:07,6.36979000,-75.49005333,2.20,1401.323,23.177,19.191,191,19,32,,
T,2023-02-16 11:14:08,6.36962167,-75.49010667,2.20,1400.422,23.178,19.741,195,21,32,,
T,2023-02-16 11:14:09,6.36945000,-75.49015833,2.30,1400.022,23.178,20.006,198,21,32,,
T,2023-02-16 11:14:10,6.36928167,-75.49021167,2.30,1399.821,23.179,20.279,199,21,32,,
T,2023-02-16 11:14:11,6.36910000,-75.49027000,2.20,1401.020,23.180,20.613,201,20,32,,
T,2023-02-16 11:14:12,6.36892667,-75.49033000,2.30,1400.719,23.181,21.123,201,20,32,,
T,2023-02-16 11:14:13,6.36875333,-75.49038833,2.30,1399.819,23.181,21.157,201,20,32,,
T,2023-02-16 11:14:14,6.36857167,-75.49045167,2.30,1398.918,23.182,21.143,201,20,32,,
T,2023-02-16 11:14:15,6.36838500,-75.49052333,2.30,1400.617,23.183,21.128,202,21,32,,
T,2023-02-16 11:14:16,6.36821167,-75.49059833,2.30,1401.816,23.184,20.694,202,19,32,,
T,2023-02-16 11:14:17,6.36804500,-75.49067833,2.50,1400.915,23.185,20.526,205,20,32,,
T,2023-02-16 11:14:18,6.36787667,-75.49075333,2.50,1401.814,23.186,20.232,205,20,32,,
T,2023-02-16 11:14:19,6.36771833,-75.49085333,2.40,1403.013,23.187,20.092,209,20,32,,
T,2023-02-16 11:14:20,6.36757000,-75.49096000,2.40,1403.912,23.188,19.861,213,19,32,,
T,2023-02-16 11:14:21,6.36742000,-75.49105833,2.30,1404.511,23.189,20.558,217,20,32,,
T,2023-02-16 11:14:22,6.36726500,-75.49116500,2.50,1402.210,23.190,20.162,219,20,32,,
T,2023-02-16 11:14:23,6.36711667,-75.49128500,2.40,1401.409,23.191,20.887,218,20,32,,
T,2023-02-16 11:14:24,6.36696833,-75.49140667,2.40,1401.008,23.192,21.457,220,21,32,,
T,2023-02-16 11:14:25,6.36682333,-75.49152667,2.40,1400.007,23.193,21.423,218,21,32,,
T,2023-02-16 11:14:26,6.36666667,-75.49165500,2.40,1398.506,23.194,22.004,218,21,32,,
T,2023-02-16 11:14:27,6.36651167,-75.49178333,2.40,1398.605,23.195,22.269,217,20,32,,
T,2023-02-16 11:14:28,6.36635167,-75.49190833,2.50,1397.504,23.196,23.012,218,19,32,,
T,2023-02-16 11:14:29,6.36618667,-75.49204500,2.40,1399.303,23.197,23.105,219,21,32,,
T,2023-02-16 11:14:30,6.36602000,-75.49217167,2.40,1400.502,23.198,22.812,219,20,32,,
T,2023-02-16 11:14:31,6.36586833,-75.49229500,2.40,1401.900,23.200,22.045,219,18,32,,
T,2023-02-16 11:14:32,6.36571500,-75.49241167,2.40,1400.999,23.201,21.388,218,19,32,,
T,2023-02-16 11:14:33,6.36555167,-75.49252333,2.30,1401.198,23.202,20.811,214,20,32,,
T,2023-02-16 11:14:34,6.36539167,-75.49263333,2.30,1401.297,23.203,21.032,211,20,32,,
T,2023-02-16 11:14:35,6.36522333,-75.49273667,2.30,1400.096,23.204,21.045,207,20,32,,
T,2023-02-16 11:14:36,6.36504333,-75.49281167,2.30,1400.395,23.205,20.662,202,19,32,,
T,2023-02-16 11:14:37,6.36486167,-75.49287500,2.30,1401.195,23.205,21.646,199,19,32,,
T,2023-02-16 11:14:38,6.36467167,-75.49292500,2.30,1401.694,23.206,21.809,197,19,32,,
T,2023-02-16 11:14:39,6.36448333,-75.49297667,2.30,1408.293,23.207,21.834,195,19,32,,
T,2023-02-16 11:14:40,6.36429333,-75.49302500,2.30,1413.392,23.208,21.818,194,19,32,,
T,2023-02-16 11:14:41,6.36410000,-75.49307000,2.40,1414.292,23.208,21.693,194,18,32,,
T,2023-02-16 11:14:42,6.36391333,-75.49311333,2.40,1415.491,23.209,21.912,196,16,32,,
T,2023-02-16 11:14:43,6.36373167,-75.49316833,2.50,1415.690,23.210,21.726,199,16,32,,
T,2023-02-16 11:14:44,6.36356500,-75.49323667,2.60,1416.189,23.211,20.128,204,17,32,,
T,2023-02-16 11:14:45,6.36340333,-75.49332167,2.40,1416.189,23.211,20.807,209,17,32,,
T,2023-02-16 11:14:46,6.36325500,-75.49343833,2.40,1422.688,23.212,20.550,213,17,32,,
T,2023-02-16 11:14:47,6.36311167,-75.49355667,2.40,1426.087,23.213,19.651,219,17,32,,
T,2023-02-16 11:14:48,6.36297333,-75.49367667,2.40,1429.985,23.215,19.797,223,17,32,,
T,2023-02-16 11:14:49,6.36284167,-75.49382000,2.50,1429.184,23.216,19.694,228,18,32,,
T,2023-02-16 11:14:50,6.36271500,-75.49397333,2.60,1429.283,23.217,19.746,231,19,32,,
T,2023-02-16 11:14:51,6.36261167,-75.49412500,2.40,1426.582,23.218,19.592,235,19,32,,
T,2023-02-16 11:14:52,6.36252167,-75.49426167,2.30,1425.781,23.219,19.597,235,19,32,,
T,2023-02-16 11:14:53,6.36241833,-75.49440833,2.30,1423.280,23.220,19.669,235,20,32,,
T,2023-02-16 11:14:54,6.36230667,-75.49456000,2.40,1422.079,23.221,19.654,235,21,32,,
T,2023-02-16 11:14:55,6.36219333,-75.49471667,2.40,1420.877,23.223,20.728,235,20,32,,
T,2023-02-16 11:14:56,6.36208500,-75.49486333,2.40,1419.876,23.224,20.757,236,20,32,,
T,2023-02-16 11:14:57,6.36197833,-75.49501500,2.40,1419.375,23.225,21.150,236,21,32,,
T,2023-02-16 11:14:58,6.36187000,-75.49517833,2.40,1419.874,23.226,21.115,237,20,32,,
T,2023-02-16 11:14:59,6.36177500,-75.49534167,2.50,1420.073,23.227,21.351,237,19,32,,
T,2023-02-16 11:15:00,6.36167333,-75.49550333,2.50,1420.072,23.228,21.479,238,19,32,,
T,2023-02-16 11:15:01,6.36158167,-75.49566333,2.30,1423.370,23.230,21.458,239,19,32,,
T,2023-02-16 11:15:02,6.36148000,-75.49582500,2.40,1423.569,23.231,21.486,238,19,32,,
T,2023-02-16 11:15:03,6.36138833,-75.49598500,2.30,1426.668,23.232,21.440,238,20,32,,
T,2023-02-16 11:15:04,6.36129500,-75.49614500,2.30,1426.167,23.233,20.049,237,20,32,,
T,2023-02-16 11:15:05,6.36119000,-75.49629500,2.40,1425.666,23.234,19.586,237,20,32,,
T,2023-02-16 11:15:06,6.36109667,-75.49645000,2.20,1425.265,23.235,19.210,237,21,32,,
T,2023-02-16 11:15:07,6.36100167,-75.49659333,2.40,1425.563,23.237,19.172,237,19,32,,
T,2023-02-16 11:15:08,6.36090500,-75.49674000,2.40,1425.062,23.238,19.351,237,20,32,,
T,2023-02-16 11:15:09,6.36081500,-75.49689000,2.40,1425.361,23.239,19.369,238,20,32,,
T,2023-02-16 11:15:10,6.36073000,-75.49703333,2.30,1424.160,23.240,19.374,239,20,32,,
T,2023-02-16 11:15:11,6.36062333,-75.49718333,2.30,1421.659,23.241,19.358,239,20,32,,
T,2023-02-16 11:15:12,6.36052000,-75.49734500,2.40,1421.058,23.242,20.695,238,19,32,,
T,2023-02-16 11:15:13,6.36042000,-75.49750667,2.30,1417.757,23.243,21.530,239,19,32,,
T,2023-02-16 11:15:14,6.36032667,-75.49766833,2.30,1416.855,23.245,21.493,238,19,32,,
T,2023-02-16 11:15:15,6.36022000,-75.49783167,2.30,1415.354,23.246,21.460,237,19,32,,
T,2023-02-16 11:15:16,6.36011500,-75.49800000,2.50,1414.853,23.247,21.912,237,18,32,,
T,2023-02-16 11:15:17,6.36000333,-75.49818000,2.50,1414.452,23.248,22.034,238,20,32,,
T,2023-02-16 11:15:18,6.35989167,-75.49834000,2.40,1414.450,23.250,22.050,234,19,32,,
T,2023-02-16 11:15:19,6.35977500,-75.49849333,2.60,1414.349,23.251,21.466,231,18,32,,
T,2023-02-16 11:15:20,6.35965167,-75.49864333,2.50,1414.148,23.252,21.472,226,18,32,,
T,2023-02-16 11:15:21,6.35950667,-75.49877500,2.50,1414.547,23.253,21.587,221,18,32,,
T,2023-02-16 11:15:22,6.35935667,-75.49888833,2.40,1414.946,23.254,22.048,218,19,32,,
T,2023-02-16 11:15:23,6.35919833,-75.49900667,2.30,1414.545,23.255,21.912,216,17,32,,
T,2023-02-16 11:15:24,6.35903500,-75.49912500,2.20,1414.044,23.256,21.888,216,17,32,,
T,2023-02-16 11:15:25,6.35887167,-75.49924667,2.20,1413.143,23.257,22.071,217,17,32,,
T,2023-02-16 11:15:26,6.35871000,-75.49937167,2.20,1412.442,23.258,22.910,218,17,32,,
T,2023-02-16 11:15:27,6.35853833,-75.49947500,2.50,1412.841,23.259,21.984,217,17,32,,
T,2023-02-16 11:15:28,6.35837667,-75.49959333,2.50,1410.940,23.260,21.973,217,18,32,,
T,2023-02-16 11:15:29,6.35821000,-75.49971000,2.50,1411.638,23.262,21.626,217,18,32,,
T,2023-02-16 11:15:30,6.35804833,-75.49982833,2.50,1412.037,23.263,21.034,218,18,32,,
T,2023-02-16 11:15:31,6.35788667,-75.49993833,2.60,1411.936,23.264,20.536,214,17,32,,
T,2023-02-16 11:15:32,6.35773000,-75.50003500,2.50,1412.035,23.265,20.364,214,16,32,,
T,2023-02-16 11:15:33,6.35758333,-75.50014833,2.50,1410.535,23.265,20.720,216,18,32,,
T,2023-02-16 11:15:34,6.35741833,-75.50027167,2.40,1403.634,23.266,20.616,216,19,32,,
T,2023-02-16 11:15:35,6.35726000,-75.50037500,2.30,1403.833,23.267,20.212,214,19,32,,
T,2023-02-16 11:15:36,6.35711500,-75.50047333,2.40,1403.732,23.268,20.007,211,19,32,,
T,2023-02-16 11:15:37,6.35696000,-75.50055500,2.40,1403.631,23.269,20.172,207,19,32,,
T,2023-02-16 11:15:38,6.35679833,-75.50062167,2.40,1403.830,23.270,20.498,204,19,32,,
T,2023-02-16 11:15:39,6.35662833,-75.50068333,2.40,1403.530,23.270,20.649,200,18,32,,
T,2023-02-16 11:15:40,6.35645000,-75.50074167,2.10,1403.229,23.271,21.048,198,17,32,,
T,2023-02-16 11:15:41,6.35626500,-75.50079667,2.30,1403.928,23.272,21.081,197,17,32,,
T,2023-02-16 11:15:42,6.35608333,-75.50085833,2.30,1406.827,23.273,21.382,197,17,32,,
T,2023-02-16 11:15:43,6.35589833,-75.50093000,2.30,1408.327,23.273,21.411,198,18,32,,
T,2023-02-16 11:15:44,6.35570667,-75.50099000,2.30,1409.826,23.274,21.745,198,17,32,,
T,2023-02-16 11:15:45,6.35552333,-75.50105000,2.30,1411.025,23.275,21.706,199,17,32,,
T,2023-02-16 11:15:46,6.35534167,-75.50111167,2.30,1410.024,23.276,21.396,200,17,32,,
T,2023-02-16 11:15:47,6.35515833,-75.50117833,2.40,1409.924,23.276,21.269,202,19,32,,
T,2023-02-16 11:15:48,6.35498500,-75.50124833,2.40,1409.123,23.277,21.633,204,19,32,,
T,2023-02-16 11:15:49,6.35481167,-75.50134333,2.40,1407.822,23.278,21.460,205,18,32,,
T,2023-02-16 11:15:50,6.35464333,-75.50142500,2.60,1407.121,23.279,21.479,208,19,32,,
T,2023-02-16 11:15:51,6.35446667,-75.50152667,2.50,1408.120,23.280,21.460,213,19,32,,
T,2023-02-16 11:15:52,6.35431333,-75.50163667,2.40,1411.619,23.281,21.441,217,20,32,,
T,2023-02-16 11:15:53,6.35417000,-75.50175000,2.30,1414.118,23.282,19.983,218,20,32,,
T,2023-02-16 11:15:54,6.35403167,-75.50185167,2.30,1416.218,23.282,18.640,220,20,32,,
T,2023-02-16 11:15:55,6.35390500,-75.50196667,2.40,1416.417,23.283,18.355,221,19,32,,
T,2023-02-16 11:15:56,6.35378167,-75.50208000,2.40,1416.516,23.284,18.155,221,20,32,,
T,2023-02-16 11:15:57,6.35367167,-75.50220500,2.30,1417.815,23.285,18.349,222,21,32,,
T,2023-02-16 11:15:58,6.35354500,-75.50231667,2.50,1417.614,23.286,17.640,220,21,32,,
T,2023-02-16 11:15:59,6.35341500,-75.50242167,2.30,1416.913,23.287,17.536,220,20,32,,
T,2023-02-16 11:16:00,6.35329167,-75.50253167,2.30,1416.012,23.288,17.335,222,20,32,,
T,2023-02-16 11:16:01,6.35318000,-75.50264167,2.10,1415.712,23.288,16.920,224,21,32,,
T,2023-02-16 11:16:02,6.35308000,-75.50274833,2.20,1416.511,23.289,16.990,230,20,32,,
T,2023-02-16 11:16:03,6.35298667,-75.50287500,2.30,1416.810,23.290,17.823,236,20,32,,
T,2023-02-16 11:16:04,6.35290167,-75.50302000,2.40,1417.009,23.291,18.606,242,20,32,,
T,2023-02-16 11:16:05,6.35283167,-75.50318500,2.30,1416.908,23.292,19.257,248,21,32,,
T,2023-02-16 11:16:06,6.35277833,-75.50335833,2.30,1420.107,23.293,20.244,251,20,32,,
T,2023-02-16 11:16:07,6.35272167,-75.50354500,2.50,1419.706,23.294,21.769,253,20,32,,
T,2023-02-16 11:16:08,6.35266000,-75.50374833,2.70,1420.005,23.295,22.746,254,20,32,,
T,2023-02-16 11:16:09,6.35260500,-75.50395500,2.70,1420.703,23.297,23.068,254,20,32,,
T,2023-02-16 11:16:10,6.35253833,-75.50416500,2.50,1422.002,23.298,22.744,254,19,32,,
T,2023-02-16 11:16:11,6.35249167,-75.50435667,2.50,1421.501,23.299,23.528,254,19,32,,
T,2023-02-16 11:16:12,6.35245000,-75.50455167,2.50,1420.400,23.300,23.663,255,18,32,,
T,2023-02-16 11:16:13,6.35240333,-75.50473833,2.40,1418.799,23.301,22.330,255,18,32,,
T,2023-02-16 11:16:14,6.35236333,-75.50492333,2.50,1417.098,23.302,22.236,255,18,32,,
T,2023-02-16 11:16:15,6.35231000,-75.50510833,2.50,1415.897,23.303,22.347,254,18,32,,
T,2023-02-16 11:16:16,6.35225000,-75.50529500,2.40,1415.596,23.304,22.276,254,17,32,,
T,2023-02-16 11:16:17,6.35219167,-75.50547500,2.20,1415.595,23.305,21.498,254,17,32,,
T,2023-02-16 11:16:18,6.35213333,-75.50566167,2.50,1415.294,23.306,21.531,254,16,32,,
T,2023-02-16 11:16:19,6.35208000,-75.50584500,2.70,1416.192,23.308,21.507,255,16,32,,
T,2023-02-16 11:16:20,6.35203333,-75.50602667,2.50,1417.391,23.309,21.044,255,15,32,,
T,2023-02-16 11:16:21,6.35198167,-75.50620833,2.60,1418.090,23.310,21.073,255,15,32,,
T,2023-02-16 11:16:22,6.35193333,-75.50639667,2.40,1418.789,23.311,20.956,255,16,32,,
T,2023-02-16 11:16:23,6.35187833,-75.50658333,2.50,1419.588,23.312,20.992,256,18,32,,
T,2023-02-16 11:16:24,6.35182333,-75.50676500,2.60,1420.687,23.313,21.001,254,17,32,,
T,2023-02-16 11:16:25,6.35178167,-75.50694333,2.40,1422.486,23.314,20.891,254,17,32,,
T,2023-02-16 11:16:26,6.35173167,-75.50712667,2.40,1423.285,23.315,20.770,254,17,32,,
T,2023-02-16 11:16:27,6.35167333,-75.50731333,2.40,1425.084,23.316,20.878,253,17,32,,
T,2023-02-16 11:16:28,6.35160333,-75.50750667,2.30,1427.683,23.317,20.847,253,17,32,,
T,2023-02-16 11:16:29,6.35154500,-75.50769333,2.30,1430.082,23.318,20.584,252,16,32,,
T,2023-02-16 11:16:30,6.35148333,-75.50788000,2.30,1432.981,23.319,20.724,251,16,32,,
T,2023-02-16 11:16:31,6.35142500,-75.50806333,2.30,1433.479,23.321,20.701,249,18,32,,
T,2023-02-16 11:16:32,6.35136000,-75.50823167,2.30,1434.278,23.322,20.924,248,17,32,,
T,2023-02-16 11:16:33,6.35129000,-75.50840167,2.30,1435.877,23.323,20.901,248,19,32,,
T,2023-02-16 11:16:34,6.35121667,-75.50857667,2.30,1436.976,23.324,20.884,248,19,32,,
T,2023-02-16 11:16:35,6.35115833,-75.50875167,2.20,1442.775,23.325,20.861,251,20,32,,
T,2023-02-16 11:16:36,6.35110500,-75.50893167,2.20,1444.774,23.326,20.373,253,20,32,,
T,2023-02-16 11:16:37,6.35105500,-75.50910833,2.30,1444.873,23.327,20.389,255,20,32,,
T,2023-02-16 11:16:38,6.35101000,-75.50928500,2.30,1444.872,23.328,20.193,258,20,32,,
T,2023-02-16 11:16:39,6.35097667,-75.50946167,2.30,1445.871,23.329,20.098,259,20,32,,
T,2023-02-16 11:16:40,6.35094333,-75.50964167,2.50,1445.470,23.330,20.111,260,20,32,,
T,2023-02-16 11:16:41,6.35092167,-75.50983167,2.30,1446.569,23.331,20.032,261,20,32,,
T,2023-02-16 11:16:42,6.35088833,-75.51002167,2.40,1446.068,23.332,20.847,261,20,32,,
T,2023-02-16 11:16:43,6.35086167,-75.51020667,2.40,1444.967,23.333,20.600,260,20,32,,
T,2023-02-16 11:16:44,6.35082833,-75.51039000,2.40,1444.366,23.334,20.649,261,20,32,,
T,2023-02-16 11:16:45,6.35080000,-75.51057333,2.30,1442.965,23.335,20.934,261,20,32,,
T,2023-02-16 11:16:46,6.35076833,-75.51076833,2.30,1442.264,23.336,20.927,261,20,32,,
T,2023-02-16 11:16:47,6.35074167,-75.51095833,2.30,1442.563,23.337,21.018,262,19,32,,
T,2023-02-16 11:16:48,6.35072000,-75.51114333,2.30,1443.662,23.338,20.984,262,19,32,,
T,2023-02-16 11:16:49,6.35068333,-75.51132167,2.30,1444.261,23.339,20.286,262,19,32,,
T,2023-02-16 11:16:50,6.35065833,-75.51149167,2.20,1446.060,23.340,18.706,261,19,32,,
T,2023-02-16 11:16:51,6.35062500,-75.51165167,2.10,1446.859,23.341,17.532,260,19,32,,
T,2023-02-16 11:16:52,6.35059167,-75.51180500,2.20,1447.458,23.342,16.795,260,19,32,,
T,2023-02-16 11:16:53,6.35056667,-75.51194167,2.20,1447.457,23.343,16.643,260,17,32,,
T,2023-02-16 11:16:54,6.35054167,-75.51209833,2.10,1447.957,23.343,16.495,260,18,32,,
T,2023-02-16 11:16:55,6.35051833,-75.51224833,2.20,1450.656,23.344,16.509,260,18,32,,
T,2023-02-16 11:16:56,6.35049667,-75.51240667,2.20,1450.755,23.345,16.544,259,19,32,,
T,2023-02-16 11:16:57,6.35048000,-75.51255333,2.20,1452.154,23.346,16.360,260,20,32,,
T,2023-02-16 11:16:58,6.35045667,-75.51270667,2.30,1452.153,23.347,16.428,259,20,32,,
T,2023-02-16 11:16:59,6.35042667,-75.51287000,2.30,1452.452,23.348,17.417,259,20,32,,
T,2023-02-16 11:17:00,6.35039000,-75.51302500,2.40,1451.751,23.349,17.870,259,21,32,,
T,2023-02-16 11:17:01,6.35035833,-75.51319000,2.40,1451.550,23.350,18.056,258,21,32,,
T,2023-02-16 11:17:02,6.35032500,-75.51335333,2.30,1451.350,23.350,18.626,258,21,32,,
T,2023-02-16 11:17:03,6.35028500,-75.51352167,2.30,1450.049,23.351,18.958,257,21,32,,
T,2023-02-16 11:17:04,6.35025833,-75.51368833,2.40,1450.648,23.352,19.357,257,19,32,,
T,2023-02-16 11:17:05,6.35020833,-75.51385667,2.40,1448.647,23.353,19.545,256,19,32,,
T,2023-02-16 11:17:06,6.35017000,-75.51403000,2.20,1447.246,23.354,19.631,257,19,32,,
T,2023-02-16 11:17:07,6.35013000,-75.51421000,2.40,1444.845,23.355,19.488,257,19,32,,
T,2023-02-16 11:17:08,6.35009333,-75.51438833,2.30,1442.044,23.356,19.598,257,20,32,,
T,2023-02-16 11:17:09,6.35005833,-75.51457167,2.50,1441.643,23.357,19.613,258,20,32,,
T,2023-02-16 11:17:10,6.35001667,-75.51474500,2.30,1440.942,23.358,19.768,259,20,32,,
T,2023-02-16 11:17:11,6.34998333,-75.51492333,2.30,1438.641,23.359,19.896,258,21,32,,
T,2023-02-16 11:17:12,6.34995167,-75.51508833,2.40,1438.040,23.360,20.038,259,19,32,,
T,2023-02-16 11:17:13,6.34991500,-75.51526333,2.30,1434.439,23.361,19.911,259,19,32,,
T,2023-02-16 11:17:14,6.34988000,-75.51542833,2.20,1433.838,23.362,19.186,259,19,32,,
T,2023-02-16 11:17:15,6.34983833,-75.51558500,2.20,1436.337,23.363,19.566,258,21,32,,
T,2023-02-16 11:17:16,6.34980167,-75.51573833,2.30,1437.636,23.364,19.420,258,21,32,,
T,2023-02-16 11:17:17,6.34976167,-75.51589833,2.40,1437.235,23.365,18.787,258,20,32,,
T,2023-02-16 11:17:18,6.34972000,-75.51607167,2.40,1436.934,23.366,18.941,257,20,32,,
T,2023-02-16 11:17:19,6.34968333,-75.51625333,2.40,1436.333,23.367,18.903,257,20,32,,
T,2023-02-16 11:17:20,6.34964500,-75.51644000,2.30,1434.732,23.368,19.828,257,20,32,,
T,2023-02-16 11:17:21,6.34960333,-75.51661833,2.30,1432.331,23.369,20.010,257,19,32,,
T,2023-02-16 11:17:22,6.34956000,-75.51678833,2.10,1427.730,23.370,19.861,257,20,32,,
T,2023-02-16 11:17:23,6.34953167,-75.51696833,2.30,1426.829,23.371,19.310,258,20,32,,
T,2023-02-16 11:17:24,6.34948833,-75.51711333,2.20,1424.728,23.372,18.310,257,20,32,,
T,2023-02-16 11:17:25,6.34944333,-75.51727333,2.20,1422.027,23.373,18.063,259,21,32,,
T,2023-02-16 11:17:26,6.34941000,-75.51742667,2.00,1421.126,23.374,17.686,259,22,32,,
T,2023-02-16 11:17:27,6.34938000,-75.51758167,2.20,1421.525,23.375,17.345,260,20,32,,
T,2023-02-16 11:17:28,6.34935000,-75.51773167,2.30,1421.325,23.375,17.196,259,20,32,,
T,2023-02-16 11:17:29,6.34932000,-75.51788167,2.30,1421.624,23.376,17.008,259,21,32,,
T,2023-02-16 11:17:30,6.34928833,-75.51803833,2.30,1421.923,23.377,16.951,257,20,32,,
T,2023-02-16 11:17:31,6.34925000,-75.51819167,2.40,1421.322,23.378,17.365,255,21,32,,
T,2023-02-16 11:17:32,6.34921000,-75.51833833,2.40,1421.721,23.379,17.091,251,21,32,,
T,2023-02-16 11:17:33,6.34915333,-75.51849333,2.40,1422.820,23.380,17.173,247,20,32,,
T,2023-02-16 11:17:34,6.34908167,-75.51864000,2.10,1423.119,23.381,18.165,244,20,32,,
T,2023-02-16 11:17:35,6.34899833,-75.51877833,2.00,1423.118,23.382,18.085,239,20,32,,
T,2023-02-16 11:17:36,6.34891000,-75.51891500,1.90,1422.317,23.383,18.052,234,19,32,,
T,2023-02-16 11:17:37,6.34881333,-75.51905000,1.90,1421.317,23.383,17.963,233,18,32,,
T,2023-02-16 11:17:38,6.34871333,-75.51919167,2.40,1420.816,23.384,18.352,232,18,32,,
T,2023-02-16 11:17:39,6.34860833,-75.51933167,2.20,1420.815,23.385,18.334,232,20,32,,
T,2023-02-16 11:17:40,6.34851000,-75.51947000,2.50,1421.414,23.386,18.187,232,20,32,,
T,2023-02-16 11:17:41,6.34841167,-75.51959667,2.20,1420.313,23.387,18.061,233,21,32,,
T,2023-02-16 11:17:42,6.34831667,-75.51972833,2.40,1420.812,23.388,18.175,233,20,32,,
T,2023-02-16 11:17:43,6.34821333,-75.51984167,2.30,1423.511,23.389,17.423,232,20,32,,
T,2023-02-16 11:17:44,6.34810833,-75.51995833,2.30,1425.910,23.390,17.692,231,20,32,,
T,2023-02-16 11:17:45,6.34800500,-75.52009167,2.40,1426.409,23.391,17.573,229,20,32,,
T,2023-02-16 11:17:46,6.34790333,-75.52020333,2.30,1428.208,23.392,17.133,229,20,32,,
T,2023-02-16 11:17:47,6.34780333,-75.52032833,2.40,1428.008,23.392,17.630,230,19,32,,
T,2023-02-16 11:17:48,6.34771000,-75.52044500,2.40,1426.807,23.393,17.342,231,19,32,,
T,2023-02-16 11:17:49,6.34761000,-75.52055167,2.30,1426.406,23.394,17.461,231,20,32,,
T,2023-02-16 11:17:50,6.34751500,-75.52067167,2.50,1425.505,23.395,17.339,230,20,32,,
T,2023-02-16 11:17:51,6.34742167,-75.52079500,2.30,1426.804,23.396,17.324,232,21,32,,
T,2023-02-16 11:17:52,6.34731333,-75.52093000,2.40,1426.503,23.397,17.654,231,21,32,,
T,2023-02-16 11:17:53,6.34722000,-75.52105833,2.40,1426.502,23.398,17.752,232,21,32,,
T,2023-02-16 11:17:54,6.34711333,-75.52119333,2.40,1426.902,23.398,18.129,232,21,32,,
T,2023-02-16 11:17:55,6.34700833,-75.52132333,2.40,1426.601,23.399,18.368,232,21,32,,
T,2023-02-16 11:17:56,6.34691000,-75.52145000,2.40,1425.900,23.400,18.312,232,21,32,,
T,2023-02-16 11:17:57,6.34680500,-75.52158167,2.40,1425.299,23.401,18.431,232,21,32,,
T,2023-02-16 11:17:58,6.34670333,-75.52171500,2.50,1423.998,23.402,18.478,234,21,32,,
T,2023-02-16 11:17:59,6.34662167,-75.52184833,2.40,1425.697,23.403,18.456,236,21,32,,
T,2023-02-16 11:18:00,6.34653833,-75.52197667,2.40,1425.296,23.404,16.836,239,21,32,,
T,2023-02-16 11:18:01,6.34645333,-75.52210500,2.40,1424.595,23.405,16.478,240,21,32,,
T,2023-02-16 11:18:02,6.34637833,-75.52222667,2.30,1423.695,23.405,15.758,239,19,32,,
T,2023-02-16 11:18:03,6.34630500,-75.52234500,2.40,1422.894,23.406,15.087,240,19,32,,
T,2023-02-16 11:18:04,6.34624833,-75.52246167,2.50,1423.293,23.407,14.712,241,19,32,,
T,2023-02-16 11:18:05,6.34618667,-75.52257667,2.50,1423.492,23.408,14.711,243,20,32,,
T,2023-02-16 11:18:06,6.34613000,-75.52269667,2.30,1423.492,23.408,14.897,245,20,32,,
T,2023-02-16 11:18:07,6.34606667,-75.52281500,2.30,1423.091,23.409,13.707,245,19,32,,
T,2023-02-16 11:18:08,6.34600833,-75.52292500,2.30,1422.790,23.410,13.625,248,20,32,,
T,2023-02-16 11:18:09,6.34596500,-75.52303833,2.30,1423.689,23.411,12.864,247,20,32,,
T,2023-02-16 11:18:10,6.34592000,-75.52314333,2.30,1424.289,23.411,12.300,248,20,32,,
T,2023-02-16 11:18:11,6.34588000,-75.52324833,2.30,1424.988,23.412,12.147,248,20,32,,
T,2023-02-16 11:18:12,6.34584000,-75.52335167,2.40,1424.487,23.413,11.894,246,20,32,,
T,2023-02-16 11:18:13,6.34581167,-75.52346167,2.50,1424.787,23.413,12.729,252,20,32,,
T,2023-02-16 11:18:14,6.34578500,-75.52356667,2.60,1424.286,23.414,12.147,253,19,32,,
T,2023-02-16 11:18:15,6.34574833,-75.52369000,2.60,1423.685,23.415,15.053,255,19,32,,
T,2023-02-16 11:18:16,6.34572000,-75.52381667,2.60,1422.585,23.415,15.298,257,18,32,,
T,2023-02-16 11:18:17,6.34567500,-75.52396833,2.50,1424.184,23.416,16.657,256,17,32,,
T,2023-02-16 11:18:18,6.34563833,-75.52412167,2.50,1425.483,23.417,17.876,258,17,32,,
T,2023-02-16 11:18:19,6.34560500,-75.52430000,2.60,1425.482,23.418,18.291,258,18,32,,
T,2023-02-16 11:18:20,6.34557833,-75.52447500,2.60,1426.881,23.419,18.059,259,18,32,,
T,2023-02-16 11:18:21,6.34556500,-75.52464167,2.50,1425.980,23.420,17.244,262,18,32,,
T,2023-02-16 11:18:22,6.34554333,-75.52480167,2.60,1425.779,23.421,18.211,263,18,32,,
T,2023-02-16 11:18:23,6.34551667,-75.52496333,2.50,1424.478,23.422,17.496,261,18,32,,
T,2023-02-16 11:18:24,6.34549167,-75.52512000,2.40,1423.377,23.423,17.592,262,19,32,,
T,2023-02-16 11:18:25,6.34546333,-75.52527833,2.30,1422.877,23.423,17.197,262,19,32,,
T,2023-02-16 11:18:26,6.34543500,-75.52544000,2.20,1422.576,23.424,17.158,262,19,32,,
T,2023-02-16 11:18:27,6.34540667,-75.52559500,2.10,1422.275,23.425,17.188,261,20,32,,
T,2023-02-16 11:18:28,6.34538333,-75.52575167,2.10,1422.374,23.426,17.149,263,19,32,,
T,2023-02-16 11:18:29,6.34536167,-75.52590667,2.00,1422.373,23.427,17.466,262,20,32,,
T,2023-02-16 11:18:30,6.34534167,-75.52607000,2.00,1422.372,23.428,18.087,263,20,32,,
T,2023-02-16 11:18:31,6.34532500,-75.52623333,1.90,1422.071,23.429,17.917,263,20,32,,
T,2023-02-16 11:18:32,6.34530500,-75.52639500,1.90,1421.570,23.430,17.834,263,20,32,,
T,2023-02-16 11:18:33,6.34528833,-75.52655667,1.90,1421.170,23.430,17.860,264,20,32,,
T,2023-02-16 11:18:34,6.34526500,-75.52671667,1.90,1420.569,23.431,18.014,261,20,32,,
T,2023-02-16 11:18:35,6.34523833,-75.52687167,2.00,1420.068,23.432,17.957,260,20,32,,
T,2023-02-16 11:18:36,6.34521667,-75.52702000,2.40,1418.367,23.433,18.731,261,20,32,,
T,2023-02-16 11:18:37,6.34519667,-75.52718500,2.50,1417.066,23.434,19.268,261,20,32,,
T,2023-02-16 11:18:38,6.34517000,-75.52735333,2.20,1415.565,23.435,18.706,260,20,32,,
T,2023-02-16 11:18:39,6.34514500,-75.52752500,2.40,1415.064,23.436,19.074,260,20,32,,
T,2023-02-16 11:18:40,6.34511167,-75.52770500,2.40,1415.763,23.437,18.925,261,20,32,,
T,2023-02-16 11:18:41,6.34508000,-75.52788333,2.40,1416.262,23.438,18.820,260,20,32,,
T,2023-02-16 11:18:42,6.34504833,-75.52805667,2.40,1416.661,23.439,18.819,261,20,32,,
T,2023-02-16 11:18:43,6.34501833,-75.52822000,2.30,1417.660,23.440,18.178,259,20,32,,
T,2023-02-16 11:18:44,6.34498667,-75.52838667,2.30,1418.559,23.441,19.111,260,20,32,,
T,2023-02-16 11:18:45,6.34496167,-75.52855167,2.30,1418.958,23.442,18.573,260,20,32,,
T,2023-02-16 11:18:46,6.34493000,-75.52872333,2.40,1419.958,23.442,18.231,259,20,32,,
T,2023-02-16 11:18:47,6.34491000,-75.52888500,2.40,1420.957,23.443,17.927,260,20,32,,
T,2023-02-16 11:18:48,6.34488667,-75.52904667,2.50,1420.856,23.444,18.336,260,19,32,,
T,2023-02-16 11:18:49,6.34485333,-75.52922000,2.40,1423.155,23.445,17.723,261,19,32,,
T,2023-02-16 11:18:50,6.34481833,-75.52937167,2.50,1422.654,23.446,16.935,262,19,32,,
T,2023-02-16 11:18:51,6.34479333,-75.52953000,2.50,1421.753,23.447,17.567,262,19,32,,
T,2023-02-16 11:18:52,6.34477167,-75.52968833,2.50,1421.152,23.448,17.811,260,19,32,,
T,2023-02-16 11:18:53,6.34474500,-75.52984667,2.50,1420.351,23.449,17.815,261,18,32,,
T,2023-02-16 11:18:54,6.34471500,-75.53000167,2.40,1420.850,23.450,17.674,261,18,32,,
T,2023-02-16 11:18:55,6.34469333,-75.53016000,2.50,1421.550,23.450,17.534,260,17,32,,
T,2023-02-16 11:18:56,6.34466500,-75.53031000,2.40,1422.449,23.451,17.164,259,17,32,,
T,2023-02-16 11:18:57,6.34462833,-75.53046500,2.40,1423.048,23.452,17.516,257,17,32,,
T,2023-02-16 11:18:58,6.34460000,-75.53062333,2.40,1423.247,23.453,17.651,257,19,32,,
T,2023-02-16 11:18:59,6.34456167,-75.53077167,2.50,1422.746,23.454,17.440,256,19,32,,
T,2023-02-16 11:19:00,6.34451500,-75.53092167,2.40,1422.645,23.455,17.404,255,19,32,,
T,2023-02-16 11:19:01,6.34447333,-75.53107000,2.30,1422.844,23.456,17.517,255,19,32,,
T,2023-02-16 11:19:02,6.34443000,-75.53123333,2.30,1424.643,23.457,17.575,253,20,32,,
T,2023-02-16 11:19:03,6.34438000,-75.53139833,2.30,1424.842,23.458,18.190,251,19,32,,
T,2023-02-16 11:19:04,6.34432500,-75.53155500,2.30,1425.341,23.459,17.925,251,20,32,,
T,2023-02-16 11:19:05,6.34426500,-75.53170500,2.30,1426.641,23.459,18.402,248,20,32,,
T,2023-02-16 11:19:06,6.34419667,-75.53185833,2.20,1429.540,23.460,18.363,247,20,32,,
T,2023-02-16 11:19:07,6.34413167,-75.53200333,2.40,1430.039,23.461,18.269,246,18,32,,
T,2023-02-16 11:19:08,6.34406000,-75.53215333,2.40,1431.338,23.462,17.929,245,19,32,,
T,2023-02-16 11:19:09,6.34399333,-75.53230000,2.30,1435.737,23.463,17.449,243,18,32,,
T,2023-02-16 11:19:10,6.34392333,-75.53244167,2.50,1436.136,23.464,17.631,243,18,32,,
T,2023-02-16 11:19:11,6.34383833,-75.53256333,2.40,1439.235,23.465,16.634,241,18,32,,
T,2023-02-16 11:19:12,6.34376667,-75.53268667,2.50,1438.834,23.466,16.268,239,16,32,,
T,2023-02-16 11:19:13,6.34368833,-75.53280667,2.30,1438.534,23.466,15.694,238,15,32,,
T,2023-02-16 11:19:14,6.34360833,-75.53292333,2.20,1438.533,23.467,15.499,236,16,32,,
T,2023-02-16 11:19:15,6.34352667,-75.53304833,2.50,1438.432,23.468,15.366,234,18,32,,
T,2023-02-16 11:19:16,6.34344167,-75.53317333,2.40,1438.231,23.469,15.848,234,19,32,,
T,2023-02-16 11:19:17,6.34336167,-75.53329500,2.30,1439.430,23.470,15.434,235,19,32,,
T,2023-02-16 11:19:18,6.34328167,-75.53342000,2.30,1439.929,23.471,15.469,234,19,32,,
T,2023-02-16 11:19:19,6.34320000,-75.53353833,2.30,1440.329,23.471,15.572,235,20,32,,
T,2023-02-16 11:19:20,6.34311333,-75.53366167,2.30,1441.528,23.472,15.636,236,20,32,,
T,2023-02-16 11:19:21,6.34301833,-75.53378667,2.40,1441.527,23.473,15.702,235,20,32,,
T,2023-02-16 11:19:22,6.34292667,-75.53391333,2.40,1441.326,23.474,15.755,236,19,32,,
T,2023-02-16 11:19:23,6.34282833,-75.53404500,2.40,1441.225,23.475,17.434,235,18,32,,
T,2023-02-16 11:19:24,6.34273833,-75.53416833,2.40,1441.124,23.476,17.403,235,16,32,,
T,2023-02-16 11:19:25,6.34264833,-75.53429667,2.30,1441.823,23.477,17.951,235,16,32,,
T,2023-02-16 11:19:26,6.34256167,-75.53442833,2.30,1441.323,23.477,17.974,236,16,32,,
T,2023-02-16 11:19:27,6.34247167,-75.53456500,2.10,1441.322,23.478,17.851,235,16,32,,
T,2023-02-16 11:19:28,6.34238167,-75.53470167,2.30,1441.421,23.479,17.981,235,18,32,,
T,2023-02-16 11:19:29,6.34229167,-75.53483000,2.30,1441.520,23.480,18.021,235,19,32,,
T,2023-02-16 11:19:30,6.34219667,-75.53496000,2.30,1439.519,23.481,18.067,235,19,32,,
T,2023-02-16 11:19:31,6.34210000,-75.53509500,2.40,1440.118,23.482,18.015,235,20,32,,
T,2023-02-16 11:19:32,6.34200333,-75.53523833,2.30,1440.717,23.483,17.992,235,20,32,,
T,2023-02-16 11:19:33,6.34191167,-75.53536833,2.50,1440.216,23.484,17.880,235,20,32,,
T,2023-02-16 11:19:34,6.34182000,-75.53549500,2.40,1439.715,23.485,17.948,235,20,32,,
T,2023-02-16 11:19:35,6.34172833,-75.53562167,2.30,1439.714,23.486,18.014,236,20,32,,
T,2023-02-16 11:19:36,6.34163667,-75.53576833,2.30,1439.013,23.487,18.380,237,21,32,,
T,2023-02-16 11:19:37,6.34155833,-75.53591333,2.30,1441.713,23.487,18.176,238,19,32,,
T,2023-02-16 11:19:38,6.34147167,-75.53605500,2.40,1441.812,23.488,17.512,237,19,32,,
T,2023-02-16 11:19:39,6.34138333,-75.53618333,2.20,1439.611,23.489,17.607,238,20,32,,
T,2023-02-16 11:19:40,6.34130000,-75.53631833,2.30,1439.310,23.490,17.663,238,21,32,,
T,2023-02-16 11:19:41,6.34121833,-75.53644667,2.30,1439.909,23.491,17.108,239,21,32,,
T,2023-02-16 11:19:42,6.34113833,-75.53658167,2.30,1439.908,23.492,17.227,240,22,32,,
T,2023-02-16 11:19:43,6.34105667,-75.53671833,2.50,1439.307,23.493,16.582,240,22,32,,
T,2023-02-16 11:19:44,6.34098333,-75.53684500,2.40,1439.006,23.494,16.591,239,21,32,,
T,2023-02-16 11:19:45,6.34090500,-75.53697333,2.30,1438.206,23.494,16.266,238,21,32,,
T,2023-02-16 11:19:46,6.34083167,-75.53710167,2.10,1437.505,23.495,16.404,240,22,32,,
T,2023-02-16 11:19:47,6.34074833,-75.53724500,2.20,1439.204,23.496,16.499,239,22,32,,
T,2023-02-16 11:19:48,6.34067167,-75.53737500,2.30,1438.703,23.497,16.194,239,23,32,,
T,2023-02-16 11:19:49,6.34059500,-75.53749833,2.30,1438.302,23.498,16.029,238,23,32,,
T,2023-02-16 11:19:50,6.34051833,-75.53762167,2.40,1437.101,23.499,16.026,239,23,32,,
T,2023-02-16 11:19:51,6.34044500,-75.53774500,2.30,1437.800,23.500,16.001,239,22,32,,
T,2023-02-16 11:19:52,6.34037333,-75.53787000,2.30,1441.100,23.500,15.918,239,22,32,,
T,2023-02-16 11:19:53,6.34029667,-75.53799000,2.20,1440.799,23.501,16.043,239,23,32,,
T,2023-02-16 11:19:54,6.34022167,-75.53811167,2.30,1440.498,23.502,15.943,239,23,32,,
T,2023-02-16 11:19:55,6.34015000,-75.53823167,2.30,1440.397,23.503,15.925,239,22,32,,
T,2023-02-16 11:19:56,6.34008167,-75.53834833,2.10,1439.997,23.503,14.217,240,21,32,,
T,2023-02-16 11:19:57,6.34002167,-75.53845333,2.20,1440.196,23.504,13.562,240,21,32,,
T,2023-02-16 11:19:58,6.33996333,-75.53855333,2.20,1440.795,23.505,13.327,241,21,32,,
T,2023-02-16 11:19:59,6.33990667,-75.53864833,2.20,1441.595,23.505,12.133,239,21,32,,
T,2023-02-16 11:20:00,6.33985167,-75.53874333,2.30,1441.794,23.506,11.864,239,21,32,,
T,2023-02-16 11:20:01,6.33979333,-75.53884500,2.30,1441.593,23.507,11.889,240,21,32,,
T,2023-02-16 11:20:02,6.33973833,-75.53893667,2.30,1441.493,23.507,11.750,239,21,32,,
T,2023-02-16 11:20:03,6.33968333,-75.53903333,2.30,1441.392,23.508,12.016,241,20,32,,
T,2023-02-16 11:20:04,6.33963667,-75.53912333,2.30,1440.891,23.509,11.628,241,19,32,,
T,2023-02-16 11:20:05,6.33959167,-75.53922000,2.30,1441.091,23.509,12.017,241,20,32,,
T,2023-02-16 11:20:06,6.33953500,-75.53932167,2.20,1440.490,23.510,12.018,240,21,32,,
T,2023-02-16 11:20:07,6.33947667,-75.53941000,2.30,1439.490,23.510,11.588,241,20,32,,
T,2023-02-16 11:20:08,6.33942500,-75.53949833,2.10,1437.789,23.511,11.377,242,19,32,,
T,2023-02-16 11:20:09,6.33937833,-75.53958667,2.30,1437.488,23.512,10.694,242,18,32,,
T,2023-02-16 11:20:10,6.33932833,-75.53967000,2.30,1437.088,23.512,10.124,242,18,32,,
T,2023-02-16 11:20:11,6.33928500,-75.53975833,2.30,1436.187,23.513,9.683,246,18,32,,
T,2023-02-16 11:20:12,6.33925500,-75.53983333,2.30,1435.987,23.513,9.099,249,17,32,,
T,2023-02-16 11:20:13,6.33923000,-75.53990833,2.40,1434.586,23.514,8.718,254,17,32,,
T,2023-02-16 11:20:14,6.33921667,-75.53998667,2.30,1433.186,23.514,8.687,261,16,32,,
T,2023-02-16 11:20:15,6.33920833,-75.54005667,2.20,1432.186,23.514,8.282,266,15,32,,
T,2023-02-16 11:20:16,6.33920500,-75.54013667,2.20,1432.085,23.515,7.845,267,16,32,,
T,2023-02-16 11:20:17,6.33920167,-75.54020000,2.10,1432.085,23.515,7.282,267,16,32,,
T,2023-02-16 11:20:18,6.33920000,-75.54026167,2.20,1431.985,23.515,6.791,268,16,32,,
T,2023-02-16 11:20:19,6.33919667,-75.54032167,2.20,1431.284,23.516,7.139,264,16,32,,
T,2023-02-16 11:20:20,6.33918500,-75.54039000,2.20,1430.584,23.516,7.580,257,16,32,,
T,2023-02-16 11:20:21,6.33917000,-75.54045333,2.30,1429.484,23.516,7.543,256,14,32,,
T,2023-02-16 11:20:22,6.33916000,-75.54052167,2.40,1429.183,23.517,7.573,258,16,32,,
T,2023-02-16 11:20:23,6.33914833,-75.54059167,2.40,1429.583,23.517,7.574,257,16,32,,
T,2023-02-16 11:20:24,6.33913667,-75.54065333,2.30,1429.482,23.518,7.541,256,17,32,,
T,2023-02-16 11:20:25,6.33912833,-75.54071667,2.30,1429.582,23.518,7.112,256,16,32,,
T,2023-02-16 11:20:26,6.33911667,-75.54077000,2.20,1429.282,23.518,6.234,258,17,32,,
T,2023-02-16 11:20:27,6.33911500,-75.54081833,2.20,1429.082,23.518,5.599,258,17,32,,
T,2023-02-16 11:20:28,6.33910333,-75.54086833,2.30,1428.181,23.519,5.478,256,17,32,,
T,2023-02-16 11:20:29,6.33909500,-75.54092000,2.30,1427.281,23.519,5.890,256,17,32,,
T,2023-02-16 11:20:30,6.33908000,-75.54097833,2.20,1426.181,23.519,6.231,258,18,32,,
T,2023-02-16 11:20:31,6.33906500,-75.54103667,2.10,1425.480,23.520,6.641,257,20,32,,
T,2023-02-16 11:20:32,6.33905167,-75.54110333,2.10,1424.780,23.520,7.233,258,18,32,,
T,2023-02-16 11:20:33,6.33903667,-75.54117333,2.10,1424.579,23.521,7.607,257,18,32,,
T,2023-02-16 11:20:34,6.33902000,-75.54124667,2.00,1424.379,23.521,7.440,255,18,32,,
T,2023-02-16 11:20:35,6.33900333,-75.54131167,1.90,1423.779,23.521,6.760,257,18,32,,
T,2023-02-16 11:20:36,6.33899000,-75.54136833,2.00,1423.878,23.522,6.345,257,17,32,,
T,2023-02-16 11:20:37,6.33897500,-75.54142000,2.10,1423.778,23.522,5.820,256,17,32,,
T,2023-02-16 11:20:38,6.33896667,-75.54146833,2.20,1423.378,23.522,5.206,258,17,32,,
T,2023-02-16 11:20:39,6.33895833,-75.54150500,2.40,1423.178,23.522,4.618,257,17,32,,
T,2023-02-16 11:20:40,6.33895000,-75.54154333,2.40,1422.677,23.523,4.312,259,16,32,,
T,2023-02-16 11:20:41,6.33894667,-75.54157667,2.40,1422.777,23.523,3.912,257,16,32,,
T,2023-02-16 11:20:42,6.33894333,-75.54161667,2.30,1423.277,23.523,4.056,261,16,32,,
T,2023-02-16 11:20:43,6.33894333,-75.54165167,2.40,1423.177,23.523,3.678,267,17,32,,
T,2023-02-16 11:20:44,6.33893833,-75.54168667,2.40,1422.977,23.523,3.361,267,18,32,,
T,2023-02-16 11:20:45,6.33892500,-75.54172167,2.40,1423.076,23.524,3.592,261,18,32,,
T,2023-02-16 11:20:46,6.33891000,-75.54176333,2.30,1423.476,23.524,4.055,255,18,32,,
T,2023-02-16 11:20:47,6.33890500,-75.54180333,2.20,1423.576,23.524,4.090,250,18,32,,
T,2023-02-16 11:20:48,6.33889167,-75.54184833,2.10,1423.576,23.524,4.606,248,18,32,,
T,2023-02-16 11:20:49,6.33887167,-75.54189333,2.10,1423.275,23.525,4.895,249,18,32,,
T,2023-02-16 11:20:50,6.33885333,-75.54193500,2.20,1422.875,23.525,4.662,249,18,32,,
T,2023-02-16 11:20:51,6.33884000,-75.54196667,2.10,1422.475,23.525,3.698,255,18,32,,
T,2023-02-16 11:20:52,6.33883000,-75.54199167,2.00,1422.275,23.525,2.604,259,19,32,,
T,2023-02-16 11:20:53,6.33882833,-75.54201167,2.00,1422.175,23.525,1.909,268,19,32,,
T,2023-02-16 11:20:54,6.33883000,-75.54202667,2.00,1421.775,23.525,1.361,268,19,32,,
T,2023-02-16 11:20:55,6.33883500,-75.54204167,2.10,1421.775,23.525,1.188,268,20,32,,
T,2023-02-16 11:20:56,6.33884333,-75.54205333,2.10,1421.774,23.526,1.036,268,21,32,,
T,2023-02-16 11:20:57,6.33884333,-75.54206167,2.10,1423.574,23.526,0.000,,21,32,,
T,2023-02-16 11:20:58,6.33884833,-75.54207667,2.20,1423.574,23.526,0.000,,21,32,,
T,2023-02-16 11:20:59,6.33885000,-75.54208500,2.20,1423.874,23.526,0.000,,21,32,,
T,2023-02-16 11:21:00,6.33885000,-75.54208500,2.20,1423.874,23.526,0.000,,20,32,,
T,2023-02-16 11:21:01,6.33885000,-75.54208500,2.20,1423.874,23.526,0.000,,21,32,,
T,2023-02-16 11:21:02,6.33885000,-75.54208500,2.20,1423.874,23.526,0.000,,21,32,,
T,2023-02-16 11:21:03,6.33885000,-75.54208500,2.20,1423.874,23.526,0.000,,21,32,,
T,2023-02-16 11:21:04,6.33885000,-75.54208500,2.20,1423.874,23.526,0.000,,21,32,,
T,2023-02-16 11:21:05,6.33885000,-75.54208500,1.20,1423.874,23.526,0.000,,21,32,,
T,2023-02-16 11:21:06,6.33885000,-75.54208500,1.10,1423.874,23.526,0.000,,21,32,,
T,2023-02-16 11:21:07,6.33885000,-75.54208500,1.10,1423.874,23.526,0.000,,19,32,,
T,2023-02-16 11:21:08,6.33885000,-75.54208500,1.10,1423.874,23.526,0.000,,19,32,,
T,2023-02-16 11:21:09,6.33885000,-75.54208500,1.10,1423.874,23.526,0.000,,20,32,,
T,2023-02-16 11:21:10,6.33885000,-75.54208500,1.00,1423.874,23.526,0.000,,20,32,,
T,2023-02-16 11:21:11,6.33885000,-75.54208500,1.00,1423.874,23.526,0.000,,21,32,,
T,2023-02-16 11:21:12,6.33885000,-75.54208500,1.10,1423.874,23.526,0.000,,21,32,,
T,2023-02-16 11:21:13,6.33885000,-75.54208500,1.10,1423.874,23.526,0.000,,19,32,,
T,2023-02-16 11:21:14,6.33885000,-75.54208500,1.10,1423.874,23.526,0.000,,20,32,,
T,2023-02-16 11:21:15,6.33885000,-75.54208500,1.10,1423.874,23.526,0.000,,20,32,,
T,2023-02-16 11:21:16,6.33885000,-75.54208500,1.00,1423.874,23.526,0.000,,20,32,,
T,2023-02-16 11:21:17,6.33885000,-75.54208500,1.00,1423.874,23.526,0.000,,21,32,,
T,2023-02-16 11:21:18,6.33885000,-75.54208500,1.00,1423.874,23.526,0.000,,21,32,,
T,2023-02-16 11:21:19,6.33885000,-75.54208500,1.00,1423.874,23.526,0.000,,21,32,,
T,2023-02-16 11:21:20,6.33885000,-75.54208500,1.10,1423.874,23.526,0.000,,20,32,,
T,2023-02-16 11:21:21,6.33885000,-75.54208500,1.50,1423.874,23.526,0.000,,20,32,,
T,2023-02-16 11:21:22,6.33885000,-75.54208500,1.70,1423.874,23.526,0.000,,21,32,,
