type,date time,latitude,longitude,accuracy(m),altitude(m),geoid_height(m),speed(m/s),bearing(deg),sat_used,sat_inview,name,desc
T,2023-03-24 12:12:58.131,6.16599333,-75.59677000,2.50,1528.423,24.177,3.571,50,22,44,20230324-071258,GPS Logger: 20230324-071258 - NMax_viaje_5
T,2023-03-24 12:13:00,6.16602833,-75.59672667,2.80,1527.523,24.177,4.953,48,23,44,,
T,2023-03-24 12:13:01,6.16605833,-75.59670667,2.60,1527.123,24.177,6.293,49,22,44,,
T,2023-03-24 12:13:02,6.16609833,-75.59667000,2.40,1528.024,24.176,6.518,49,22,44,,
T,2023-03-24 12:13:03,6.16614833,-75.59662667,2.40,1528.224,24.176,8.481,45,22,44,,
T,2023-03-24 12:13:04,6.16621667,-75.59657333,2.40,1528.624,24.176,9.064,44,21,44,,
T,2023-03-24 12:13:05,6.16629167,-75.59652167,2.40,1529.025,24.175,9.622,39,21,44,,
T,2023-03-24 12:13:06,6.16637167,-75.59646833,2.50,1529.025,24.175,10.363,33,21,44,,
T,2023-03-24 12:13:07,6.16644667,-75.59642000,2.30,1529.426,24.174,10.445,25,22,44,,
T,2023-03-24 12:13:08,6.16654500,-75.59638333,2.10,1529.126,24.174,11.722,21,23,44,,
T,2023-03-24 12:13:09,6.16665833,-75.59634333,2.20,1529.726,24.174,11.959,19,24,44,,
T,2023-03-24 12:13:10,6.16677167,-75.59629333,2.30,1529.627,24.173,11.689,18,23,44,,
T,2023-03-24 12:13:11,6.16686833,-75.59624667,2.50,1529.227,24.173,11.299,18,22,44,,
T,2023-03-24 12:13:12,6.16696333,-75.59619333,2.50,1529.428,24.172,10.622,19,20,44,,
T,2023-03-24 12:13:13,6.16704167,-75.59614833,2.50,1529.528,24.172,10.087,21,21,44,,
T,2023-03-24 12:13:14,6.16712167,-75.59611333,2.50,1529.529,24.171,9.895,19,21,44,,
T,2023-03-24 12:13:15,6.16720167,-75.59609333,2.60,1529.529,24.171,9.190,18,20,44,,
T,2023-03-24 12:13:16,6.16728000,-75.59608167,2.70,1529.429,24.171,7.684,18,19,44,,
T,2023-03-24 12:13:17,6.16733833,-75.59606667,2.60,1529.229,24.171,6.138,16,20,44,,
T,2023-03-24 12:13:18,6.16736667,-75.59606500,2.50,1529.629,24.171,4.791,18,20,44,,
T,2023-03-24 12:13:19,6.16741167,-75.59604833,2.30,1529.929,24.171,3.451,19,22,44,,
T,2023-03-24 12:13:20,6.16744333,-75.59604500,2.30,1529.430,24.170,2.329,10,22,44,,
T,2023-03-24 12:13:21,6.16746667,-75.59604500,2.30,1529.130,24.170,2.399,1,22,44,,
T,2023-03-24 12:13:22,6.16749167,-75.59605500,2.20,1529.230,24.170,2.712,345,22,44,,
T,2023-03-24 12:13:23,6.16751167,-75.59608000,2.30,1529.529,24.171,2.510,323,22,44,,
T,2023-03-24 12:13:24,6.16752833,-75.59611667,2.40,1530.729,24.171,3.039,298,21,44,,
T,2023-03-24 12:13:25,6.16752833,-75.59616333,2.40,1532.029,24.171,3.942,277,22,44,,
T,2023-03-24 12:13:26,6.16753333,-75.59624167,2.40,1534.329,24.171,5.669,278,22,44,,
T,2023-03-24 12:13:27,6.16753833,-75.59632833,2.50,1537.128,24.172,6.377,282,22,44,,
T,2023-03-24 12:13:28,6.16755667,-75.59640167,2.40,1539.528,24.172,6.296,288,23,44,,
T,2023-03-24 12:13:29,6.16757000,-75.59645500,2.30,1541.528,24.172,5.679,295,23,44,,
T,2023-03-24 12:13:30,6.16760000,-75.59649833,2.30,1542.927,24.173,4.421,309,23,44,,
T,2023-03-24 12:13:31,6.16763333,-75.59653333,2.20,1544.627,24.173,4.640,315,22,44,,
T,2023-03-24 12:13:32,6.16767500,-75.59657500,2.20,1546.127,24.173,5.960,317,22,44,,
T,2023-03-24 12:13:33,6.16772000,-75.59661833,2.20,1547.427,24.173,6.667,316,21,44,,
T,2023-03-24 12:13:34,6.16777667,-75.59667667,2.20,1548.427,24.173,8.357,319,21,44,,
T,2023-03-24 12:13:35,6.16783667,-75.59674000,2.20,1549.827,24.173,9.469,315,21,44,,
T,2023-03-24 12:13:36,6.16790167,-75.59681667,2.20,1551.126,24.174,10.232,312,20,44,,
T,2023-03-24 12:13:37,6.16797500,-75.59690833,2.20,1551.126,24.174,10.611,309,24,44,,
T,2023-03-24 12:13:38,6.16804333,-75.59699833,2.20,1551.626,24.174,10.269,306,23,44,,
T,2023-03-24 12:13:39,6.16811167,-75.59708333,2.10,1550.225,24.175,9.224,311,24,44,,
T,2023-03-24 12:13:40,6.16817500,-75.59715167,2.10,1549.625,24.175,8.483,314,24,44,,
T,2023-03-24 12:13:41,6.16823833,-75.59720167,2.10,1549.225,24.175,7.958,315,25,44,,
T,2023-03-24 12:13:42,6.16829667,-75.59723667,2.10,1549.325,24.175,6.932,317,25,44,,
T,2023-03-24 12:13:43,6.16834333,-75.59726167,2.10,1549.825,24.175,5.674,320,26,44,,
T,2023-03-24 12:13:44,6.16838833,-75.59727000,2.10,1550.125,24.175,4.854,332,27,44,,
T,2023-03-24 12:13:45,6.16844000,-75.59725167,2.20,1550.625,24.175,4.069,355,27,44,,
T,2023-03-24 12:13:46,6.16850000,-75.59721500,2.20,1551.625,24.175,4.917,13,26,44,,
T,2023-03-24 12:13:47,6.16856833,-75.59715667,2.20,1552.526,24.174,6.887,31,26,44,,
T,2023-03-24 12:13:48,6.16864500,-75.59708000,2.20,1553.326,24.174,8.655,39,27,44,,
T,2023-03-24 12:13:49,6.16871500,-75.59701500,2.20,1553.827,24.173,8.634,40,26,44,,
T,2023-03-24 12:13:50,6.16880000,-75.59693167,2.20,1554.228,24.172,10.032,41,26,44,,
T,2023-03-24 12:13:51,6.16888000,-75.59684833,2.20,1554.428,24.172,10.853,43,27,44,,
T,2023-03-24 12:13:52,6.16898833,-75.59673667,2.10,1554.229,24.171,12.798,45,26,44,,
T,2023-03-24 12:13:53,6.16909333,-75.59663500,2.10,1554.230,24.170,12.833,45,26,44,,
T,2023-03-24 12:13:54,6.16918500,-75.59654667,2.10,1553.630,24.170,12.139,44,26,44,,
T,2023-03-24 12:13:55,6.16927333,-75.59646167,2.10,1553.131,24.169,11.461,43,25,44,,
T,2023-03-24 12:13:56,6.16935500,-75.59638333,2.00,1553.031,24.169,10.597,42,25,44,,
T,2023-03-24 12:13:57,6.16942833,-75.59631833,2.00,1552.932,24.168,9.507,40,26,44,,
T,2023-03-24 12:13:58,6.16949333,-75.59625333,2.00,1552.932,24.168,9.106,44,26,44,,
T,2023-03-24 12:13:59,6.16955167,-75.59619000,2.00,1553.333,24.167,8.519,46,26,44,,
T,2023-03-24 12:14:00,6.16961000,-75.59612500,2.10,1552.633,24.167,7.851,46,26,44,,
T,2023-03-24 12:14:01,6.16967167,-75.59607500,2.10,1552.534,24.166,7.155,44,27,44,,
T,2023-03-24 12:14:02,6.16971500,-75.59603167,2.10,1552.134,24.166,5.688,42,27,44,,
T,2023-03-24 12:14:03,6.16974667,-75.59599667,2.00,1551.534,24.166,3.968,48,27,44,,
T,2023-03-24 12:14:04,6.16977500,-75.59596500,1.80,1552.534,24.166,3.211,53,26,44,,
T,2023-03-24 12:14:05,6.16979333,-75.59594167,1.90,1552.535,24.165,2.777,50,27,44,,
T,2023-03-24 12:14:06,6.16980167,-75.59592500,1.80,1551.735,24.165,2.288,50,27,44,,
T,2023-03-24 12:14:07,6.16980500,-75.59590500,1.90,1551.235,24.165,2.283,36,27,44,,
T,2023-03-24 12:14:08,6.16981000,-75.59589333,1.80,1550.535,24.165,3.057,44,27,44,,
T,2023-03-24 12:14:09,6.16982667,-75.59586500,1.90,1549.535,24.165,3.636,34,27,44,,
T,2023-03-24 12:14:10,6.16986333,-75.59584000,1.90,1548.735,24.165,4.341,32,26,44,,
T,2023-03-24 12:14:11,6.16990500,-75.59581167,1.90,1548.636,24.164,4.442,34,26,44,,
T,2023-03-24 12:14:12,6.16995500,-75.59576667,2.00,1549.136,24.164,6.243,42,27,44,,
T,2023-03-24 12:14:13,6.17001833,-75.59569667,2.00,1548.736,24.164,9.561,46,28,44,,
T,2023-03-24 12:14:14,6.17008667,-75.59561833,2.10,1547.637,24.163,10.494,46,28,44,,
T,2023-03-24 12:14:15,6.17016167,-75.59554000,2.10,1547.037,24.163,11.260,45,28,44,,
T,2023-03-24 12:14:16,6.17024667,-75.59545333,2.10,1546.638,24.162,11.613,44,27,44,,
T,2023-03-24 12:14:17,6.17033000,-75.59537333,2.00,1546.639,24.161,11.354,44,27,44,,
T,2023-03-24 12:14:18,6.17041000,-75.59530167,2.10,1546.139,24.161,10.892,44,27,44,,
T,2023-03-24 12:14:19,6.17048333,-75.59523333,2.10,1545.940,24.160,10.304,45,27,44,,
T,2023-03-24 12:14:20,6.17054833,-75.59516667,1.90,1546.040,24.160,9.186,43,28,44,,
T,2023-03-24 12:14:21,6.17060167,-75.59511333,1.80,1545.541,24.159,7.281,44,28,44,,
T,2023-03-24 12:14:22,6.17064500,-75.59506833,1.70,1545.441,24.159,5.393,43,28,44,,
T,2023-03-24 12:14:23,6.17067500,-75.59504667,1.90,1545.541,24.159,4.098,43,28,44,,
T,2023-03-24 12:14:24,6.17070333,-75.59502833,1.90,1545.141,24.159,3.761,38,28,44,,
T,2023-03-24 12:14:25,6.17073167,-75.59501000,1.80,1545.341,24.159,4.622,38,28,44,,
T,2023-03-24 12:14:26,6.17076833,-75.59498000,1.90,1545.242,24.158,6.377,42,28,44,,
T,2023-03-24 12:14:27,6.17081667,-75.59493667,1.80,1545.642,24.158,7.564,44,28,44,,
T,2023-03-24 12:14:28,6.17087000,-75.59488667,1.70,1545.642,24.158,8.568,41,28,44,,
T,2023-03-24 12:14:29,6.17093500,-75.59483000,2.00,1546.043,24.157,9.878,42,28,44,,
T,2023-03-24 12:14:30,6.17101000,-75.59476000,2.10,1547.143,24.157,10.631,42,28,44,,
T,2023-03-24 12:14:31,6.17108500,-75.59468667,2.10,1547.544,24.156,11.312,44,28,44,,
T,2023-03-24 12:14:32,6.17115667,-75.59461500,2.00,1547.144,24.156,11.747,44,28,44,,
T,2023-03-24 12:14:33,6.17123333,-75.59453667,2.00,1547.645,24.155,12.391,45,27,44,,
T,2023-03-24 12:14:34,6.17132167,-75.59445167,2.00,1548.045,24.155,12.697,44,27,44,,
T,2023-03-24 12:14:35,6.17140667,-75.59437167,2.00,1548.846,24.154,13.090,44,28,44,,
T,2023-03-24 12:14:36,6.17148333,-75.59428667,2.00,1548.147,24.153,13.075,46,28,44,,
T,2023-03-24 12:14:37,6.17156333,-75.59420167,2.00,1547.547,24.153,13.062,47,28,44,,
T,2023-03-24 12:14:38,6.17164833,-75.59411333,2.00,1547.848,24.152,13.459,46,28,44,,
T,2023-03-24 12:14:39,6.17173000,-75.59401500,2.00,1547.448,24.152,14.033,45,28,44,,
T,2023-03-24 12:14:40,6.17181167,-75.59391833,2.00,1547.349,24.151,14.716,46,28,44,,
T,2023-03-24 12:14:41,6.17191000,-75.59381500,2.00,1546.750,24.150,15.013,44,28,44,,
T,2023-03-24 12:14:42,6.17200833,-75.59371333,2.00,1545.151,24.149,15.706,45,27,44,,
T,2023-03-24 12:14:43,6.17211333,-75.59361667,2.10,1545.051,24.149,15.930,44,27,44,,
T,2023-03-24 12:14:44,6.17222167,-75.59351500,2.10,1544.952,24.148,15.662,44,27,44,,
T,2023-03-24 12:14:45,6.17232167,-75.59341500,1.80,1545.053,24.147,15.640,44,27,44,,
T,2023-03-24 12:14:46,6.17242167,-75.59331500,2.00,1545.553,24.147,16.335,43,27,44,,
T,2023-03-24 12:14:47,6.17253167,-75.59322000,1.80,1545.754,24.146,15.840,41,27,44,,
T,2023-03-24 12:14:48,6.17264167,-75.59312167,2.00,1547.855,24.145,16.556,42,26,44,,
T,2023-03-24 12:14:49,6.17275167,-75.59302500,2.10,1549.256,24.144,16.280,40,26,44,,
T,2023-03-24 12:14:50,6.17287833,-75.59292833,2.10,1551.256,24.144,16.255,40,26,44,,
T,2023-03-24 12:14:51,6.17299333,-75.59284167,2.00,1552.457,24.143,16.128,38,26,44,,
T,2023-03-24 12:14:52,6.17310667,-75.59274833,2.00,1554.058,24.142,16.152,38,27,44,,
T,2023-03-24 12:14:53,6.17319667,-75.59266167,2.00,1551.958,24.142,16.583,37,27,44,,
T,2023-03-24 12:14:54,6.17332833,-75.59256167,2.20,1552.959,24.141,17.040,36,26,44,,
T,2023-03-24 12:14:55,6.17346167,-75.59247667,2.10,1554.560,24.140,17.021,36,26,44,,
T,2023-03-24 12:14:56,6.17359333,-75.59239000,2.00,1555.661,24.139,17.159,35,27,44,,
T,2023-03-24 12:14:57,6.17372167,-75.59230667,2.10,1555.561,24.139,17.798,35,26,44,,
T,2023-03-24 12:14:58,6.17385500,-75.59221167,2.00,1555.262,24.138,17.681,34,27,44,,
T,2023-03-24 12:14:59,6.17398000,-75.59212667,2.20,1555.363,24.137,17.545,35,27,44,,
T,2023-03-24 12:15:00,6.17410167,-75.59203167,2.10,1554.263,24.137,17.126,34,27,44,,
T,2023-03-24 12:15:01,6.17423000,-75.59194500,2.10,1553.164,24.136,16.872,35,26,44,,
T,2023-03-24 12:15:02,6.17434833,-75.59186000,2.10,1552.765,24.135,16.486,36,26,44,,
T,2023-03-24 12:15:03,6.17446500,-75.59177333,1.90,1550.966,24.134,15.286,36,26,44,,
T,2023-03-24 12:15:04,6.17457833,-75.59169667,1.80,1549.666,24.134,15.408,33,26,44,,
T,2023-03-24 12:15:05,6.17469667,-75.59162167,1.80,1548.567,24.133,15.490,34,26,44,,
T,2023-03-24 12:15:06,6.17481500,-75.59154167,1.80,1547.467,24.133,15.260,36,27,44,,
T,2023-03-24 12:15:07,6.17493167,-75.59146500,1.80,1546.868,24.132,15.458,36,26,44,,
T,2023-03-24 12:15:08,6.17504500,-75.59138500,1.80,1545.969,24.131,14.732,34,26,44,,
T,2023-03-24 12:15:09,6.17516000,-75.59130833,1.80,1545.269,24.131,14.540,35,27,44,,
T,2023-03-24 12:15:10,6.17527333,-75.59123833,1.70,1545.570,24.130,14.312,34,26,44,,
T,2023-03-24 12:15:11,6.17538333,-75.59116333,1.70,1544.771,24.129,14.643,34,24,44,,
T,2023-03-24 12:15:12,6.17548667,-75.59109000,1.70,1543.471,24.129,14.667,34,25,44,,
T,2023-03-24 12:15:13,6.17559667,-75.59101667,1.70,1542.672,24.128,14.639,34,25,44,,
T,2023-03-24 12:15:14,6.17569833,-75.59094500,1.70,1541.672,24.128,14.045,35,26,44,,
T,2023-03-24 12:15:15,6.17579500,-75.59087500,1.80,1540.773,24.127,13.316,37,26,44,,
T,2023-03-24 12:15:16,6.17589333,-75.59080667,1.90,1540.173,24.127,13.088,35,26,44,,
T,2023-03-24 12:15:17,6.17599167,-75.59074333,1.90,1538.874,24.126,13.176,34,25,44,,
T,2023-03-24 12:15:18,6.17608500,-75.59068167,1.90,1537.574,24.126,13.095,34,25,44,,
T,2023-03-24 12:15:19,6.17618833,-75.59061667,1.90,1536.675,24.125,13.712,35,24,44,,
T,2023-03-24 12:15:20,6.17628833,-75.59054833,2.00,1535.875,24.125,13.508,35,22,44,,
T,2023-03-24 12:15:21,6.17638667,-75.59047833,2.00,1534.876,24.124,13.379,38,23,44,,
T,2023-03-24 12:15:22,6.17648167,-75.59040833,2.10,1533.877,24.123,12.422,39,23,44,,
T,2023-03-24 12:15:23,6.17657500,-75.59034167,2.20,1533.177,24.123,12.314,38,23,44,,
T,2023-03-24 12:15:24,6.17665833,-75.59028000,2.30,1532.378,24.122,11.202,37,23,44,,
T,2023-03-24 12:15:25,6.17674333,-75.59021833,2.30,1531.978,24.122,11.308,35,23,44,,
T,2023-03-24 12:15:26,6.17683000,-75.59015833,2.30,1531.379,24.121,11.321,34,25,44,,
T,2023-03-24 12:15:27,6.17692667,-75.59009500,2.20,1531.079,24.121,12.254,35,25,44,,
T,2023-03-24 12:15:28,6.17703167,-75.59002333,2.20,1530.580,24.120,12.923,35,24,44,,
T,2023-03-24 12:15:29,6.17712667,-75.58995833,2.10,1530.280,24.120,13.205,34,26,44,,
T,2023-03-24 12:15:30,6.17722833,-75.58989000,2.10,1529.781,24.119,13.554,35,26,44,,
T,2023-03-24 12:15:31,6.17733167,-75.58981833,2.10,1529.081,24.119,13.588,34,25,44,,
T,2023-03-24 12:15:32,6.17743167,-75.58974833,2.10,1528.382,24.118,13.334,37,25,44,,
T,2023-03-24 12:15:33,6.17753500,-75.58967000,2.10,1527.883,24.117,13.709,33,26,44,,
T,2023-03-24 12:15:34,6.17764667,-75.58959833,2.00,1527.783,24.117,14.317,34,26,44,,
T,2023-03-24 12:15:35,6.17775833,-75.58952000,2.00,1527.884,24.116,14.736,34,25,44,,
T,2023-03-24 12:15:36,6.17786667,-75.58944000,2.00,1527.984,24.116,14.421,37,24,44,,
T,2023-03-24 12:15:37,6.17797000,-75.58935833,2.10,1527.985,24.115,14.045,39,23,44,,
T,2023-03-24 12:15:38,6.17806833,-75.58927833,2.20,1527.786,24.114,13.730,38,23,44,,
T,2023-03-24 12:15:39,6.17817000,-75.58919500,2.20,1527.786,24.114,14.115,38,23,44,,
T,2023-03-24 12:15:40,6.17827333,-75.58911167,2.20,1527.687,24.113,13.197,35,23,44,,
T,2023-03-24 12:15:41,6.17837333,-75.58903667,2.20,1527.187,24.113,13.406,35,22,44,,
T,2023-03-24 12:15:42,6.17847000,-75.58896167,2.20,1526.688,24.112,12.951,35,22,44,,
T,2023-03-24 12:15:43,6.17857333,-75.58888333,2.10,1526.089,24.111,13.706,35,23,44,,
T,2023-03-24 12:15:44,6.17866167,-75.58881167,2.10,1525.289,24.111,12.583,35,22,44,,
T,2023-03-24 12:15:45,6.17874333,-75.58875000,2.10,1525.090,24.110,10.691,35,22,44,,
T,2023-03-24 12:15:46,6.17882333,-75.58868667,2.10,1524.590,24.110,10.861,36,21,44,,
T,2023-03-24 12:15:47,6.17892167,-75.58862500,2.10,1524.091,24.109,12.415,34,22,44,,
T,2023-03-24 12:15:48,6.17902667,-75.58855833,2.00,1523.691,24.109,13.113,35,22,44,,
T,2023-03-24 12:15:49,6.17913833,-75.58848667,2.20,1523.992,24.108,13.226,34,23,44,,
T,2023-03-24 12:15:50,6.17923667,-75.58841333,2.00,1523.792,24.108,13.114,36,24,44,,
T,2023-03-24 12:15:51,6.17934000,-75.58834167,2.00,1523.593,24.107,13.700,35,24,44,,
T,2023-03-24 12:15:52,6.17946667,-75.58826500,2.20,1526.094,24.106,14.700,34,25,44,,
T,2023-03-24 12:15:53,6.17959000,-75.58818500,2.20,1526.994,24.106,14.998,34,25,44,,
T,2023-03-24 12:15:54,6.17972000,-75.58811667,2.20,1529.395,24.105,15.008,36,25,43,,
T,2023-03-24 12:15:55,6.17983500,-75.58804500,2.20,1528.795,24.105,14.901,35,24,43,,
T,2023-03-24 12:15:56,6.17995167,-75.58796833,2.30,1529.196,24.104,14.904,35,24,43,,
T,2023-03-24 12:15:57,6.18006167,-75.58788333,2.30,1528.997,24.103,14.706,36,25,43,,
T,2023-03-24 12:15:58,6.18016667,-75.58780667,2.40,1528.697,24.103,14.550,35,24,43,,
T,2023-03-24 12:15:59,6.18027833,-75.58772833,2.30,1528.398,24.102,14.156,34,24,43,,
T,2023-03-24 12:16:00,6.18036833,-75.58765667,2.20,1525.299,24.101,14.177,37,24,43,,
T,2023-03-24 12:16:01,6.18047167,-75.58757167,2.10,1524.399,24.101,13.762,37,25,43,,
T,2023-03-24 12:16:02,6.18057833,-75.58748833,2.00,1523.100,24.100,13.661,34,24,43,,
T,2023-03-24 12:16:03,6.18068500,-75.58741333,2.00,1522.100,24.100,13.947,34,24,43,,
T,2023-03-24 12:16:04,6.18080000,-75.58733333,2.30,1521.001,24.099,13.748,35,23,43,,
T,2023-03-24 12:16:05,6.18092167,-75.58724000,2.40,1519.202,24.098,14.782,36,23,43,,
T,2023-03-24 12:16:06,6.18104500,-75.58716167,2.40,1519.002,24.098,14.646,35,24,43,,
T,2023-03-24 12:16:07,6.18115833,-75.58707500,2.30,1519.603,24.097,14.635,37,24,43,,
T,2023-03-24 12:16:08,6.18127500,-75.58698333,2.00,1521.404,24.096,13.929,36,24,43,,
T,2023-03-24 12:16:09,6.18137167,-75.58691000,2.30,1523.404,24.096,13.377,34,24,43,,
T,2023-03-24 12:16:10,6.18146667,-75.58684833,2.40,1526.105,24.095,12.241,36,24,43,,
T,2023-03-24 12:16:11,6.18155167,-75.58679167,2.20,1525.405,24.095,11.191,35,23,43,,
T,2023-03-24 12:16:12,6.18164000,-75.58672500,2.30,1524.106,24.094,9.916,36,21,43,,
T,2023-03-24 12:16:13,6.18171833,-75.58667500,2.20,1523.606,24.094,9.338,35,20,43,,
T,2023-03-24 12:16:14,6.18179167,-75.58662500,2.10,1522.707,24.093,9.362,33,21,43,,
T,2023-03-24 12:16:15,6.18186333,-75.58657667,2.10,1522.407,24.093,9.260,34,21,43,,
T,2023-03-24 12:16:16,6.18193500,-75.58653000,2.10,1522.207,24.093,8.718,35,23,43,,
T,2023-03-24 12:16:17,6.18199667,-75.58649333,2.10,1521.508,24.092,7.953,34,22,43,,
T,2023-03-24 12:16:18,6.18206500,-75.58644167,2.20,1521.108,24.092,8.097,38,23,43,,
T,2023-03-24 12:16:19,6.18212333,-75.58639333,2.10,1520.409,24.091,8.416,41,23,43,,
T,2023-03-24 12:16:20,6.18218667,-75.58634167,2.00,1520.109,24.091,9.227,42,23,43,,
T,2023-03-24 12:16:21,6.18225667,-75.58628000,2.00,1519.409,24.091,9.952,43,22,43,,
T,2023-03-24 12:16:22,6.18232000,-75.58621167,2.00,1519.010,24.090,10.495,42,23,43,,
T,2023-03-24 12:16:23,6.18239833,-75.58614333,1.90,1518.310,24.090,10.582,41,23,43,,
T,2023-03-24 12:16:24,6.18247167,-75.58607833,1.90,1517.711,24.089,10.556,41,24,43,,
T,2023-03-24 12:16:25,6.18254500,-75.58601333,1.90,1517.311,24.089,10.558,40,23,43,,
T,2023-03-24 12:16:26,6.18262333,-75.58595167,1.90,1516.912,24.088,10.378,39,23,43,,
T,2023-03-24 12:16:27,6.18269333,-75.58589333,2.00,1516.412,24.088,9.708,41,24,43,,
