type,date time,latitude,longitude,accuracy(m),altitude(m),geoid_height(m),speed(m/s),bearing(deg),sat_used,sat_inview,name,desc
T,2023-05-11 00:35:14.714,6.25813097,-75.61137150,19.00,1514.536,24.070,0.447,0,6,21,20230510-193514,GPS Logger: 20230510-193514 - 6
T,2023-05-11 00:35:16,6.25815867,-75.61141403,19.00,1496.603,24.071,0.378,0,9,21,,
T,2023-05-11 00:35:17,6.25813007,-75.61128052,19.00,1507.852,24.070,0.067,0,8,21,,
T,2023-05-11 00:35:18,6.25810805,-75.61129217,4.90,1502.396,24.070,0.000,,9,21,,
T,2023-05-11 00:35:19,6.25811943,-75.61131029,4.90,1502.921,24.070,0.000,,9,21,,
T,2023-05-11 00:35:20,6.25812645,-75.61131650,4.90,1504.820,24.070,0.000,,9,21,,
T,2023-05-11 00:35:21,6.25813765,-75.61131494,4.90,1504.320,24.070,0.000,,9,21,,
T,2023-05-11 00:35:22,6.25813007,-75.61128052,4.90,1507.852,24.070,0.000,,10,21,,
T,2023-05-11 00:35:23,6.25813007,-75.61128052,4.90,1507.852,24.070,0.000,,9,21,,
T,2023-05-11 00:35:24,6.25813007,-75.61128052,4.90,1507.852,24.070,0.000,,9,21,,
T,2023-05-11 00:35:25,6.25813007,-75.61128052,4.90,1507.852,24.070,0.000,,11,21,,
T,2023-05-11 00:35:26,6.25813007,-75.61128052,4.90,1507.852,24.070,0.000,,11,21,,
T,2023-05-11 00:35:27,6.25813007,-75.61128052,4.90,1507.852,24.070,0.000,,11,21,,
T,2023-05-11 00:35:28,6.25813007,-75.61128052,4.90,1507.852,24.070,0.000,,10,21,,
T,2023-05-11 00:35:29,6.25813007,-75.61128052,4.90,1507.852,24.070,0.000,,10,21,,
T,2023-05-11 00:35:30,6.25813007,-75.61128052,4.90,1507.852,24.070,0.000,,10,21,,
T,2023-05-11 00:35:31,6.25813007,-75.61128052,4.90,1507.852,24.070,0.000,,10,21,,
T,2023-05-11 00:35:32,6.25813007,-75.61128052,4.90,1507.852,24.070,0.000,,10,21,,
T,2023-05-11 00:35:33,6.25813007,-75.61128052,4.90,1507.852,24.070,0.000,,11,21,,
T,2023-05-11 00:35:34,6.25813007,-75.61128052,4.90,1507.852,24.070,0.000,,10,21,,
T,2023-05-11 00:35:35,6.25813007,-75.61128052,4.90,1507.852,24.070,0.000,,10,21,,
T,2023-05-11 00:35:36,6.25813007,-75.61128052,4.90,1507.852,24.070,0.000,,10,21,,
T,2023-05-11 00:35:37,6.25813007,-75.61128052,4.90,1507.852,24.070,0.000,,10,21,,
T,2023-05-11 00:35:38,6.25813007,-75.61128052,4.90,1507.852,24.070,0.000,,10,21,,
T,2023-05-11 00:35:39,6.25813007,-75.61128052,4.90,1507.852,24.070,0.000,,10,21,,
T,2023-05-11 00:35:40,6.25813007,-75.61128052,4.90,1507.852,24.070,0.000,,11,21,,
T,2023-05-11 00:35:41,6.25813007,-75.61128052,4.90,1507.852,24.070,0.000,,11,21,,
T,2023-05-11 00:35:42,6.25813031,-75.61124092,39.91,1506.444,24.070,0.611,0,11,21,,
T,2023-05-11 00:35:43,6.25812854,-75.61120021,47.05,1505.457,24.070,2.514,109,11,21,,
T,2023-05-11 00:35:44,6.25812161,-75.61114075,38.59,1504.720,24.069,4.367,99,11,21,,
T,2023-05-11 00:35:45,6.25810230,-75.61107743,37.59,1504.982,24.069,5.466,104,11,21,,
T,2023-05-11 00:35:46,6.25808507,-75.61102054,39.82,1505.436,24.069,5.432,106,11,21,,
T,2023-05-11 00:35:47,6.25806783,-75.61096537,41.94,1505.380,24.068,5.492,108,12,21,,
T,2023-05-11 00:35:48,6.25803189,-75.61093185,42.09,1506.596,24.068,5.073,114,12,21,,
T,2023-05-11 00:35:49,6.25800828,-75.61090536,43.27,1506.875,24.068,4.610,117,12,21,,
T,2023-05-11 00:35:50,6.25796454,-75.61087610,42.54,1508.587,24.068,4.726,120,12,21,,
T,2023-05-11 00:35:51,6.25796169,-75.61083611,43.10,1509.401,24.068,4.840,115,12,21,,
T,2023-05-11 00:35:52,6.25791203,-75.61079169,42.73,1511.132,24.068,5.540,117,12,21,,
T,2023-05-11 00:35:53,6.25788653,-75.61074260,43.39,1512.403,24.068,6.012,115,12,21,,
T,2023-05-11 00:35:54,6.25784727,-75.61068661,57.48,1514.226,24.068,6.591,113,9,21,,
T,2023-05-11 00:35:55,6.25780515,-75.61061539,59.08,1516.184,24.067,7.073,113,9,21,,
T,2023-05-11 00:35:56,6.25777692,-75.61054545,60.11,1518.017,24.067,7.055,112,9,21,,
T,2023-05-11 00:35:57,6.25776816,-75.61046685,60.86,1519.701,24.067,7.330,108,9,21,,
T,2023-05-11 00:35:58,6.25776734,-75.61039167,61.74,1520.895,24.066,7.385,104,9,21,,
T,2023-05-11 00:35:59,6.25778191,-75.61032019,53.85,1522.283,24.066,7.222,99,9,22,,
T,2023-05-11 00:36:00,6.25779476,-75.61024487,63.66,1522.408,24.065,7.288,96,8,22,,
T,2023-05-11 00:36:01,6.25784810,-75.61014627,62.00,1525.184,24.065,7.754,91,8,22,,
T,2023-05-11 00:36:02,6.25788607,-75.61005474,60.54,1527.454,24.064,8.636,87,8,22,,
T,2023-05-11 00:36:03,6.25790125,-75.60995837,60.09,1527.993,24.064,9.433,87,9,22,,
T,2023-05-11 00:36:04,6.25791618,-75.60984589,50.06,1528.883,24.063,10.598,88,9,22,,
T,2023-05-11 00:36:05,6.25792287,-75.60973051,50.12,1530.701,24.062,11.953,88,10,22,,
T,2023-05-11 00:36:06,6.25793482,-75.60960689,49.93,1532.312,24.062,13.210,89,10,22,,
T,2023-05-11 00:36:07,6.25795470,-75.60947611,49.26,1533.171,24.061,13.846,89,10,22,,
T,2023-05-11 00:36:08,6.25795018,-75.60934666,49.96,1533.390,24.060,14.228,89,10,22,,
T,2023-05-11 00:36:09,6.25795795,-75.60922531,50.24,1533.782,24.060,14.014,88,10,22,,
T,2023-05-11 00:36:10,6.25795439,-75.60912376,51.47,1534.066,24.059,13.152,89,9,22,,
T,2023-05-11 00:36:11,6.25796203,-75.60902970,58.91,1534.203,24.059,12.088,89,9,22,,
T,2023-05-11 00:36:12,6.25796570,-75.60893308,60.63,1534.820,24.058,11.319,90,9,22,,
T,2023-05-11 00:36:13,6.25797841,-75.60884467,62.32,1537.091,24.058,10.575,89,9,22,,
T,2023-05-11 00:36:14,6.25799209,-75.60877583,63.61,1538.870,24.057,9.408,88,9,22,,
T,2023-05-11 00:36:15,6.25798838,-75.60873790,64.14,1539.702,24.057,7.570,90,9,22,,
T,2023-05-11 00:36:16,6.25800333,-75.60869698,65.22,1540.095,24.057,6.064,86,9,22,,
T,2023-05-11 00:36:17,6.25804926,-75.60865840,63.97,1543.316,24.057,5.763,77,9,22,,
T,2023-05-11 00:36:18,6.25811116,-75.60860924,63.00,1545.409,24.056,6.421,72,9,22,,
T,2023-05-11 00:36:19,6.25813574,-75.60855822,61.02,1547.446,24.056,7.135,74,9,22,,
T,2023-05-11 00:36:20,6.25817179,-75.60849017,59.46,1549.172,24.055,8.576,81,9,22,,
T,2023-05-11 00:36:21,6.25819289,-75.60839727,58.58,1549.886,24.055,10.569,83,9,22,,
T,2023-05-11 00:36:22,6.25821341,-75.60829251,59.09,1550.141,24.054,11.087,82,9,22,,
T,2023-05-11 00:36:23,6.25822396,-75.60817965,59.15,1549.692,24.054,11.631,84,9,22,,
T,2023-05-11 00:36:24,6.25823402,-75.60806967,59.72,1548.824,24.053,11.522,85,9,22,,
T,2023-05-11 00:36:25,6.25822863,-75.60796749,60.72,1548.481,24.053,11.087,86,9,22,,
T,2023-05-11 00:36:26,6.25821508,-75.60787704,61.78,1548.425,24.052,10.577,87,9,22,,
T,2023-05-11 00:36:27,6.25818309,-75.60780431,60.97,1548.032,24.052,9.562,90,10,22,,
T,2023-05-11 00:36:28,6.25816605,-75.60773403,61.39,1548.066,24.051,8.437,91,10,22,,
T,2023-05-11 00:36:29,6.25815225,-75.60767365,62.88,1548.586,24.051,7.699,93,10,22,,
T,2023-05-11 00:36:30,6.25815133,-75.60761654,65.95,1549.041,24.051,7.281,92,9,22,,
T,2023-05-11 00:36:31,6.25815677,-75.60757657,66.14,1549.228,24.051,6.361,90,9,22,,
T,2023-05-11 00:36:32,6.25816214,-75.60753666,65.90,1549.052,24.050,5.754,88,9,22,,
T,2023-05-11 00:36:33,6.25817291,-75.60749451,66.07,1548.766,24.050,5.574,87,9,22,,
T,2023-05-11 00:36:34,6.25819418,-75.60744935,70.06,1549.197,24.050,5.253,85,8,22,,
T,2023-05-11 00:36:35,6.25823656,-75.60740453,62.43,1549.748,24.050,5.017,81,8,22,,
T,2023-05-11 00:36:36,6.25827076,-75.60734869,61.11,1550.476,24.049,5.376,80,9,22,,
T,2023-05-11 00:36:37,6.25830188,-75.60727710,58.88,1551.807,24.049,6.005,80,9,22,,
T,2023-05-11 00:36:38,6.25833690,-75.60719842,59.24,1552.132,24.048,6.946,79,8,22,,
T,2023-05-11 00:36:39,6.25833795,-75.60711190,60.14,1552.207,24.048,7.854,82,8,22,,
T,2023-05-11 00:36:40,6.25835603,-75.60702126,65.46,1551.224,24.047,8.511,81,7,22,,
T,2023-05-11 00:36:41,6.25836444,-75.60691547,64.89,1548.795,24.047,8.818,78,7,22,,
T,2023-05-11 00:36:42,6.25838470,-75.60682547,59.78,1547.292,24.046,8.984,76,8,22,,
T,2023-05-11 00:36:43,6.25840212,-75.60672915,59.59,1545.806,24.046,9.089,74,8,22,,
T,2023-05-11 00:36:44,6.25842559,-75.60664552,59.57,1544.181,24.045,8.963,73,8,22,,
T,2023-05-11 00:36:45,6.25843495,-75.60657135,60.13,1543.068,24.045,8.622,72,7,22,,
T,2023-05-11 00:36:46,6.25844725,-75.60649518,58.99,1542.830,24.044,8.373,72,9,22,,
T,2023-05-11 00:36:47,6.25846999,-75.60642294,59.16,1541.371,24.044,8.290,71,9,22,,
T,2023-05-11 00:36:48,6.25848950,-75.60635681,59.31,1541.656,24.044,8.096,71,9,22,,
T,2023-05-11 00:36:49,6.25850756,-75.60629294,56.80,1541.751,24.043,7.889,70,10,22,,
T,2023-05-11 00:36:50,6.25853103,-75.60623080,57.77,1541.566,24.043,7.727,70,9,22,,
T,2023-05-11 00:36:51,6.25857518,-75.60615492,57.14,1539.082,24.042,7.891,69,9,22,,
T,2023-05-11 00:36:52,6.25860262,-75.60609036,58.29,1538.935,24.042,7.826,68,9,22,,
T,2023-05-11 00:36:53,6.25863161,-75.60605177,57.92,1538.373,24.042,7.026,65,10,22,,
T,2023-05-11 00:36:54,6.25865651,-75.60603125,57.20,1536.006,24.041,5.712,60,10,22,,
T,2023-05-11 00:36:55,6.25867833,-75.60600996,56.84,1534.543,24.041,4.533,52,10,22,,
T,2023-05-11 00:36:56,6.25870477,-75.60599037,55.10,1531.874,24.041,3.764,50,9,22,,
T,2023-05-11 00:36:57,6.25874501,-75.60597461,53.40,1530.338,24.041,3.706,54,9,22,,
T,2023-05-11 00:36:58,6.25876656,-75.60594912,51.58,1528.811,24.041,3.905,61,10,22,,
T,2023-05-11 00:36:59,6.25877962,-75.60591849,50.62,1527.963,24.041,3.951,66,10,22,,
T,2023-05-11 00:37:00,6.25879612,-75.60588744,50.11,1526.675,24.040,3.963,65,10,22,,
T,2023-05-11 00:37:01,6.25881634,-75.60584636,49.88,1523.428,24.040,4.117,66,10,22,,
T,2023-05-11 00:37:02,6.25883264,-75.60579741,49.92,1522.178,24.040,4.848,69,10,22,,
T,2023-05-11 00:37:03,6.25883803,-75.60575596,49.95,1521.159,24.040,5.529,74,10,22,,
T,2023-05-11 00:37:04,6.25884779,-75.60569836,49.97,1520.561,24.039,6.751,78,10,22,,
T,2023-05-11 00:37:05,6.25886239,-75.60563120,50.35,1520.461,24.039,7.584,77,10,22,,
T,2023-05-11 00:37:06,6.25890369,-75.60554301,50.68,1520.655,24.038,8.968,75,9,22,,
T,2023-05-11 00:37:07,6.25893259,-75.60545481,51.32,1521.053,24.038,9.917,74,9,22,,
T,2023-05-11 00:37:08,6.25898319,-75.60535629,50.91,1521.166,24.037,10.845,71,9,22,,
T,2023-05-11 00:37:09,6.25904130,-75.60525326,50.25,1521.376,24.037,11.666,69,9,22,,
T,2023-05-11 00:37:10,6.25908174,-75.60515276,51.34,1521.275,24.036,11.892,69,8,22,,
T,2023-05-11 00:37:11,6.25911945,-75.60505494,52.89,1521.370,24.035,11.817,69,8,22,,
T,2023-05-11 00:37:12,6.25916552,-75.60495301,54.26,1521.306,24.035,11.889,68,8,22,,
T,2023-05-11 00:37:13,6.25922002,-75.60485701,54.68,1521.033,24.034,11.665,66,8,22,,
T,2023-05-11 00:37:14,6.25925940,-75.60477424,54.54,1520.612,24.034,11.217,64,9,22,,
T,2023-05-11 00:37:15,6.25930554,-75.60470147,54.99,1520.448,24.033,10.645,63,10,22,,
T,2023-05-11 00:37:16,6.25934447,-75.60463789,58.75,1519.897,24.033,10.001,62,8,22,,
T,2023-05-11 00:37:17,6.25936321,-75.60461107,58.47,1519.738,24.032,8.106,56,8,22,,
T,2023-05-11 00:37:18,6.25938972,-75.60457461,57.18,1519.045,24.032,6.864,54,8,22,,
T,2023-05-11 00:37:19,6.25939743,-75.60455369,55.72,1519.232,24.032,5.214,51,8,22,,
T,2023-05-11 00:37:20,6.25937191,-75.60453264,53.78,1520.352,24.032,3.501,66,8,22,,
T,2023-05-11 00:37:21,6.25933016,-75.60452007,57.12,1520.838,24.032,3.034,103,7,22,,
T,2023-05-11 00:37:22,6.25928627,-75.60450366,55.44,1520.966,24.032,3.836,123,8,22,,
T,2023-05-11 00:37:23,6.25925114,-75.60447836,54.72,1520.952,24.032,4.322,131,8,22,,
T,2023-05-11 00:37:24,6.25922502,-75.60444963,54.58,1521.468,24.032,4.163,133,8,22,,
T,2023-05-11 00:37:25,6.25919127,-75.60442780,55.10,1521.787,24.032,3.979,134,8,22,,
T,2023-05-11 00:37:26,6.25917681,-75.60439741,55.91,1522.133,24.032,3.727,132,8,22,,
T,2023-05-11 00:37:27,6.25917369,-75.60437044,45.71,1521.454,24.032,3.274,129,9,22,,
T,2023-05-11 00:37:28,6.25917380,-75.60434463,48.66,1521.775,24.032,2.716,125,9,22,,
T,2023-05-11 00:37:29,6.25917827,-75.60433210,48.36,1520.596,24.031,1.971,117,9,22,,
T,2023-05-11 00:37:30,6.25920084,-75.60431442,48.88,1520.403,24.031,1.668,100,9,22,,
T,2023-05-11 00:37:31,6.25922651,-75.60429571,46.85,1520.537,24.031,1.522,85,10,22,,
T,2023-05-11 00:37:32,6.25923624,-75.60429172,47.81,1520.561,24.031,1.468,73,10,22,,
T,2023-05-11 00:37:33,6.25926730,-75.60428382,47.42,1521.159,24.031,1.677,56,11,22,,
T,2023-05-11 00:37:34,6.25928495,-75.60429829,54.44,1521.732,24.031,1.474,42,11,22,,
T,2023-05-11 00:37:35,6.25930151,-75.60430271,57.77,1521.984,24.031,1.450,35,10,22,,
T,2023-05-11 00:37:36,6.25931108,-75.60429807,59.44,1522.046,24.031,1.389,37,10,22,,
T,2023-05-11 00:37:37,6.25932488,-75.60429871,60.69,1522.351,24.031,1.332,36,10,22,,
T,2023-05-11 00:37:38,6.25932244,-75.60429741,61.81,1522.478,24.031,1.111,41,10,22,,
T,2023-05-11 00:37:39,6.25932586,-75.60430268,60.71,1522.873,24.031,0.908,40,10,22,,
T,2023-05-11 00:37:40,6.25933550,-75.60430549,55.36,1522.905,24.031,0.892,32,9,22,,
T,2023-05-11 00:37:41,6.25934187,-75.60430819,53.14,1522.641,24.031,0.920,24,8,22,,
T,2023-05-11 00:37:42,6.25934156,-75.60432060,53.82,1522.397,24.031,0.769,15,7,22,,
T,2023-05-11 00:37:43,6.25933998,-75.60432691,53.56,1522.047,24.031,0.685,15,7,22,,
T,2023-05-11 00:37:44,6.25934054,-75.60433178,53.49,1521.637,24.031,0.693,12,7,22,,
T,2023-05-11 00:37:45,6.25933311,-75.60433289,54.07,1521.187,24.031,0.504,19,7,22,,
T,2023-05-11 00:37:46,6.25933064,-75.60433449,54.73,1520.855,24.031,0.462,16,7,22,,
T,2023-05-11 00:37:47,6.25932876,-75.60433407,55.45,1520.672,24.031,0.361,18,7,22,,
T,2023-05-11 00:37:48,6.25932121,-75.60433657,55.85,1520.465,24.031,0.239,23,7,22,,
T,2023-05-11 00:37:49,6.25931988,-75.60433998,58.21,1520.349,24.031,0.089,52,6,22,,
T,2023-05-11 00:37:50,6.25931854,-75.60433925,58.18,1520.499,24.031,0.102,73,6,22,,
T,2023-05-11 00:37:51,6.25931240,-75.60434149,57.64,1520.881,24.031,0.110,106,6,22,,
T,2023-05-11 00:37:52,6.25929927,-75.60434160,57.36,1521.193,24.031,0.224,134,6,22,,
T,2023-05-11 00:37:53,6.25928995,-75.60434531,56.94,1521.366,24.031,0.282,153,6,22,,
T,2023-05-11 00:37:54,6.25928597,-75.60434402,57.17,1521.547,24.031,0.294,163,6,22,,
T,2023-05-11 00:37:55,6.25928025,-75.60434502,57.44,1521.804,24.031,0.321,169,6,22,,
T,2023-05-11 00:37:56,6.25928166,-75.60434518,58.29,1521.993,24.031,0.037,185,6,22,,
T,2023-05-11 00:37:57,6.25928483,-75.60433593,58.76,1522.230,24.031,0.071,145,6,22,,
T,2023-05-11 00:37:58,6.25928912,-75.60433025,59.07,1522.346,24.031,0.125,110,6,22,,
T,2023-05-11 00:37:59,6.25929394,-75.60432436,59.87,1522.685,24.031,0.174,90,6,22,,
T,2023-05-11 00:38:00,6.25929968,-75.60432382,61.02,1523.080,24.031,0.098,48,6,22,,
T,2023-05-11 00:38:01,6.25930298,-75.60431787,61.42,1523.216,24.031,0.118,37,6,22,,
T,2023-05-11 00:38:02,6.25930450,-75.60431388,62.01,1523.281,24.031,0.132,37,6,22,,
T,2023-05-11 00:38:03,6.25930753,-75.60430821,62.91,1523.507,24.031,0.164,41,6,22,,
T,2023-05-11 00:38:04,6.25930357,-75.60430500,62.72,1523.240,24.031,0.159,50,6,22,,
T,2023-05-11 00:38:05,6.25932061,-75.60429148,59.16,1522.821,24.031,0.279,51,6,22,,
T,2023-05-11 00:38:06,6.25929926,-75.60425635,55.58,1520.813,24.031,0.576,72,6,22,,
T,2023-05-11 00:38:07,6.25927815,-75.60422320,54.13,1518.048,24.031,1.713,92,6,22,,
T,2023-05-11 00:38:08,6.25925371,-75.60418788,49.91,1515.522,24.031,3.314,113,8,22,,
T,2023-05-11 00:38:09,6.25922138,-75.60415250,47.42,1514.123,24.030,4.881,104,8,22,,
T,2023-05-11 00:38:10,6.25917767,-75.60412168,45.78,1513.602,24.030,6.426,95,8,22,,
T,2023-05-11 00:38:11,6.25915506,-75.60406071,52.32,1512.290,24.030,6.683,94,9,22,,
T,2023-05-11 00:38:12,6.25914983,-75.60399761,46.24,1512.601,24.030,6.995,92,9,22,,
T,2023-05-11 00:38:13,6.25917086,-75.60391321,53.50,1511.858,24.029,7.915,84,8,22,,
T,2023-05-11 00:38:14,6.25920759,-75.60382444,52.45,1510.717,24.029,8.402,80,8,22,,
T,2023-05-11 00:38:15,6.25921120,-75.60374750,52.88,1510.211,24.028,8.289,83,8,22,,
T,2023-05-11 00:38:16,6.25922274,-75.60366889,53.37,1509.970,24.028,8.342,82,8,22,,
T,2023-05-11 00:38:17,6.25924212,-75.60359007,54.24,1509.633,24.027,8.301,80,8,22,,
T,2023-05-11 00:38:18,6.25928050,-75.60350872,54.58,1509.449,24.027,8.349,75,8,22,,
T,2023-05-11 00:38:19,6.25933661,-75.60342198,53.63,1509.465,24.026,8.997,70,8,22,,
T,2023-05-11 00:38:20,6.25938483,-75.60333696,52.75,1509.756,24.026,9.011,69,8,22,,
T,2023-05-11 00:38:21,6.25945833,-75.60324687,51.08,1509.690,24.025,8.971,69,8,22,,
T,2023-05-11 00:38:22,6.25952043,-75.60315937,50.13,1509.151,24.025,8.900,69,9,22,,
T,2023-05-11 00:38:23,6.25957489,-75.60309686,49.69,1510.716,24.024,8.024,67,9,22,,
T,2023-05-11 00:38:24,6.25963452,-75.60305638,49.19,1512.180,24.024,7.079,59,9,22,,
T,2023-05-11 00:38:25,6.25969863,-75.60299250,48.22,1513.337,24.023,6.592,52,9,22,,
T,2023-05-11 00:38:26,6.25975606,-75.60293500,46.29,1514.506,24.023,5.946,55,10,22,,
T,2023-05-11 00:38:27,6.25978830,-75.60289993,34.95,1515.323,24.023,4.617,58,10,22,,
T,2023-05-11 00:38:28,6.25982779,-75.60287373,35.00,1516.472,24.022,3.821,58,10,22,,
T,2023-05-11 00:38:29,6.25984653,-75.60283898,36.22,1517.104,24.022,4.217,61,10,22,,
T,2023-05-11 00:38:30,6.25986321,-75.60278505,36.24,1518.126,24.022,5.233,69,10,22,,
T,2023-05-11 00:38:31,6.25988126,-75.60272589,37.29,1518.546,24.021,6.620,70,10,22,,
T,2023-05-11 00:38:32,6.25990959,-75.60263492,36.61,1519.413,24.021,8.953,71,10,22,,
T,2023-05-11 00:38:33,6.25996050,-75.60253980,36.95,1519.742,24.020,10.895,68,10,22,,
T,2023-05-11 00:38:34,6.26000149,-75.60245051,36.27,1520.040,24.020,10.813,66,11,22,,
T,2023-05-11 00:38:35,6.26003388,-75.60237206,41.04,1520.086,24.019,10.072,68,10,22,,
T,2023-05-11 00:38:36,6.26007692,-75.60232728,42.63,1519.991,24.019,8.781,63,10,22,,
T,2023-05-11 00:38:37,6.26010549,-75.60227733,44.39,1520.124,24.019,7.493,63,10,22,,
T,2023-05-11 00:38:38,6.26012833,-75.60225069,41.03,1519.977,24.018,5.442,62,9,22,,
T,2023-05-11 00:38:39,6.26014339,-75.60221382,52.67,1519.969,24.018,4.873,66,8,22,,
T,2023-05-11 00:38:40,6.26016346,-75.60218330,59.72,1519.965,24.018,4.812,63,7,22,,
T,2023-05-11 00:38:41,6.26017904,-75.60214889,61.76,1519.906,24.018,4.806,64,7,22,,
T,2023-05-11 00:38:42,6.26018672,-75.60209433,60.51,1519.160,24.017,4.849,63,7,22,,
T,2023-05-11 00:38:43,6.26019041,-75.60202162,59.64,1517.698,24.017,5.105,60,7,22,,
T,2023-05-11 00:38:44,6.26021359,-75.60198591,60.40,1516.998,24.017,4.934,55,7,22,,
T,2023-05-11 00:38:45,6.26024416,-75.60195388,61.91,1516.530,24.017,4.945,49,7,22,,
T,2023-05-11 00:38:46,6.26027718,-75.60192187,63.50,1516.119,24.016,4.991,47,7,22,,
T,2023-05-11 00:38:47,6.26031531,-75.60191187,57.60,1514.426,24.016,4.575,32,8,22,,
T,2023-05-11 00:38:48,6.26038753,-75.60187482,46.54,1511.766,24.016,5.540,23,9,22,,
T,2023-05-11 00:38:49,6.26049182,-75.60182851,37.43,1508.730,24.015,6.160,18,10,22,,
T,2023-05-11 00:38:50,6.26056774,-75.60179719,37.10,1507.275,24.015,6.292,17,10,22,,
T,2023-05-11 00:38:51,6.26061163,-75.60179160,46.71,1506.983,24.015,6.143,14,10,22,,
T,2023-05-11 00:38:52,6.26066603,-75.60178323,47.83,1506.576,24.015,6.211,11,10,22,,
T,2023-05-11 00:38:53,6.26071760,-75.60177841,42.65,1506.174,24.015,6.251,8,10,22,,
T,2023-05-11 00:38:54,6.26077213,-75.60178598,50.70,1506.110,24.015,6.417,4,10,22,,
T,2023-05-11 00:38:55,6.26084856,-75.60180026,48.00,1505.854,24.014,6.896,1,9,22,,
T,2023-05-11 00:38:56,6.26095700,-75.60183166,55.60,1506.077,24.014,8.681,355,8,22,,
T,2023-05-11 00:38:57,6.26107443,-75.60187270,56.69,1505.835,24.014,10.949,350,8,22,,
T,2023-05-11 00:38:58,6.26120363,-75.60196245,46.27,1503.707,24.014,13.162,345,9,22,,
T,2023-05-11 00:38:59,6.26132992,-75.60202739,46.07,1502.128,24.015,14.293,343,9,22,,
T,2023-05-11 00:39:00,6.26145731,-75.60207996,46.48,1501.274,24.015,14.145,342,9,22,,
T,2023-05-11 00:39:01,6.26158224,-75.60212356,45.89,1500.920,24.014,14.042,342,9,22,,
T,2023-05-11 00:39:02,6.26171981,-75.60215186,49.11,1500.648,24.014,14.082,343,9,22,,
T,2023-05-11 00:39:03,6.26185488,-75.60216748,51.17,1500.402,24.014,13.967,345,9,22,,
T,2023-05-11 00:39:04,6.26197603,-75.60217388,54.13,1499.912,24.014,13.454,348,9,22,,
T,2023-05-11 00:39:05,6.26209121,-75.60218873,57.48,1499.819,24.014,13.217,349,9,22,,
T,2023-05-11 00:39:06,6.26215883,-75.60214013,64.63,1499.406,24.013,11.175,356,8,22,,
T,2023-05-11 00:39:07,6.26225515,-75.60204920,62.75,1499.161,24.013,10.843,3,12,26,,
T,2023-05-11 00:39:08,6.26236215,-75.60198205,59.46,1499.346,24.012,11.178,9,8,22,,
T,2023-05-11 00:39:09,6.26247459,-75.60190670,61.80,1498.512,24.011,12.596,17,8,22,,
T,2023-05-11 00:39:10,6.26251477,-75.60183372,59.85,1496.567,24.011,12.893,26,8,22,,
T,2023-05-11 00:39:11,6.26253857,-75.60173765,60.89,1495.023,24.010,12.574,36,7,22,,
T,2023-05-11 00:39:12,6.26260869,-75.60163288,60.78,1494.524,24.010,13.346,40,7,22,,
T,2023-05-11 00:39:13,6.26268262,-75.60150755,61.03,1494.609,24.009,13.867,44,7,22,,
T,2023-05-11 00:39:14,6.26276322,-75.60141064,60.75,1494.758,24.008,13.453,45,8,22,,
T,2023-05-11 00:39:15,6.26286488,-75.60129768,79.18,1493.390,24.007,13.610,44,7,22,,
T,2023-05-11 00:39:16,6.26294200,-75.60121338,78.62,1492.965,24.007,13.355,41,7,22,,
T,2023-05-11 00:39:17,6.26300585,-75.60114768,76.02,1493.168,24.006,12.614,42,7,22,,
T,2023-05-11 00:39:18,6.26306187,-75.60110000,76.52,1493.059,24.006,11.798,41,7,22,,
T,2023-05-11 00:39:19,6.26311358,-75.60104519,77.15,1493.210,24.005,11.219,42,7,22,,
T,2023-05-11 00:39:20,6.26316697,-75.60098912,77.54,1493.468,24.005,10.715,43,7,22,,
T,2023-05-11 00:39:21,6.26314388,-75.60097550,76.03,1493.764,24.005,7.541,50,7,22,,
T,2023-05-11 00:39:22,6.26318191,-75.60092906,77.29,1493.850,24.005,7.068,45,7,22,,
T,2023-05-11 00:39:23,6.26321262,-75.60088902,80.37,1493.906,24.004,6.433,47,7,22,,
T,2023-05-11 00:39:24,6.26324744,-75.60086025,83.11,1493.999,24.004,6.020,45,6,22,,
T,2023-05-11 00:39:25,6.26328602,-75.60084612,85.50,1494.193,24.004,5.577,41,6,22,,
T,2023-05-11 00:39:26,6.26331451,-75.60083275,84.16,1493.896,24.004,5.125,38,7,22,,
T,2023-05-11 00:39:27,6.26337840,-75.60076825,55.90,1494.370,24.003,5.590,41,8,22,,
T,2023-05-11 00:39:28,6.26345794,-75.60069997,54.95,1495.114,24.003,5.898,40,8,22,,
T,2023-05-11 00:39:29,6.26349703,-75.60066032,55.02,1495.336,24.002,5.719,42,8,22,,
T,2023-05-11 00:39:30,6.26355818,-75.60064386,54.54,1495.930,24.002,5.717,37,8,22,,
T,2023-05-11 00:39:31,6.26359267,-75.60059927,56.28,1496.067,24.002,5.843,39,7,22,,
T,2023-05-11 00:39:32,6.26363941,-75.60056005,55.90,1496.788,24.002,5.984,40,7,22,,
T,2023-05-11 00:39:33,6.26367022,-75.60051434,57.73,1496.891,24.001,5.916,42,7,22,,
T,2023-05-11 00:39:34,6.26370069,-75.60046347,63.73,1497.017,24.001,5.942,43,8,22,,
T,2023-05-11 00:39:35,6.26372916,-75.60041040,59.78,1497.318,24.001,6.045,44,8,22,,
T,2023-05-11 00:39:36,6.26377065,-75.60035904,65.21,1497.578,24.000,6.206,44,8,22,,
T,2023-05-11 00:39:37,6.26382172,-75.60030236,65.32,1497.710,24.000,6.422,43,8,22,,
T,2023-05-11 00:39:38,6.26386743,-75.60024883,64.91,1497.975,23.999,6.541,44,8,22,,
T,2023-05-11 00:39:39,6.26391171,-75.60020085,62.83,1498.192,23.999,6.221,42,8,22,,
T,2023-05-11 00:39:40,6.26393966,-75.60016473,62.29,1498.231,23.999,5.720,42,8,22,,
T,2023-05-11 00:39:41,6.26397968,-75.60014076,60.30,1498.291,23.999,5.455,39,8,22,,
T,2023-05-11 00:39:42,6.26401607,-75.60012560,80.05,1498.218,23.998,4.979,37,6,22,,
T,2023-05-11 00:39:43,6.26402916,-75.60011255,87.62,1498.251,23.998,4.250,37,5,22,,
T,2023-05-11 00:39:44,6.26402715,-75.60010836,87.60,1498.361,23.998,3.229,39,5,22,,
T,2023-05-11 00:39:45,6.26402261,-75.60011206,87.86,1498.504,23.998,1.912,37,5,22,,
T,2023-05-11 00:39:46,6.26401368,-75.60010754,89.54,1498.537,23.998,1.022,36,5,22,,
T,2023-05-11 00:39:47,6.26400799,-75.60009408,188.46,1498.473,23.998,0.918,54,9,26,,
T,2023-05-11 00:39:48,6.26400388,-75.60008515,70.58,1498.396,23.998,0.727,64,5,22,,
T,2023-05-11 00:39:49,6.26404252,-75.60008662,66.25,1497.208,23.998,0.804,34,5,22,,
T,2023-05-11 00:39:50,6.26407676,-75.60008829,66.06,1496.119,23.998,0.924,19,5,22,,
T,2023-05-11 00:39:51,6.26410069,-75.60009910,66.75,1495.035,23.998,0.865,4,5,22,,
T,2023-05-11 00:39:52,6.26410784,-75.60010479,68.14,1494.324,23.998,0.709,355,5,22,,
T,2023-05-11 00:39:53,6.26410423,-75.60011316,70.12,1493.879,23.998,0.528,335,5,22,,
T,2023-05-11 00:39:54,6.26409576,-75.60013392,71.66,1493.404,23.998,0.540,312,5,22,,
T,2023-05-11 00:39:55,6.26408436,-75.60014976,71.93,1492.613,23.998,0.657,285,5,22,,
T,2023-05-11 00:39:56,6.26406702,-75.60015149,72.69,1491.932,23.998,0.565,266,5,22,,
T,2023-05-11 00:39:57,6.26404894,-75.60016494,61.52,1492.053,23.999,0.531,246,6,22,,
T,2023-05-11 00:39:58,6.26403807,-75.60017309,62.39,1491.798,23.999,0.541,241,6,22,,
T,2023-05-11 00:39:59,6.26402545,-75.60017715,62.68,1491.506,23.999,0.606,227,6,22,,
T,2023-05-11 00:40:00,6.26400902,-75.60017365,62.81,1491.129,23.999,0.674,207,6,22,,
T,2023-05-11 00:40:01,6.26399623,-75.60018057,62.63,1491.050,23.999,0.684,207,6,22,,
T,2023-05-11 00:40:02,6.26399079,-75.60018502,62.70,1490.932,23.999,0.398,202,6,22,,
T,2023-05-11 00:40:03,6.26398392,-75.60017661,62.97,1490.573,23.999,0.319,194,6,22,,
T,2023-05-11 00:40:04,6.26396785,-75.60015185,62.19,1490.427,23.999,0.479,173,6,22,,
T,2023-05-11 00:40:05,6.26395807,-75.60013115,62.41,1490.187,23.999,0.625,153,6,22,,
T,2023-05-11 00:40:06,6.26394291,-75.60011229,62.55,1489.917,23.999,0.760,135,6,22,,
T,2023-05-11 00:40:07,6.26392753,-75.60009498,56.86,1489.748,23.999,0.971,137,7,22,,
T,2023-05-11 00:40:08,6.26392978,-75.60009894,55.43,1489.888,23.999,0.857,132,7,22,,
T,2023-05-11 00:40:09,6.26392582,-75.60008550,54.31,1489.938,23.998,0.917,119,7,22,,
T,2023-05-11 00:40:10,6.26393833,-75.60008978,52.23,1490.143,23.998,0.780,110,7,22,,
T,2023-05-11 00:40:11,6.26395591,-75.60009369,49.16,1490.404,23.998,0.759,101,7,22,,
T,2023-05-11 00:40:12,6.26397905,-75.60008690,46.46,1490.829,23.998,1.059,69,7,22,,
T,2023-05-11 00:40:13,6.26400628,-75.60006268,42.26,1491.471,23.998,2.571,50,7,22,,
T,2023-05-11 00:40:14,6.26403940,-75.60005179,40.23,1491.961,23.998,2.924,45,7,22,,
T,2023-05-11 00:40:15,6.26409188,-75.60003114,35.49,1492.096,23.998,4.201,42,8,22,,
T,2023-05-11 00:40:16,6.26413080,-75.59998899,34.79,1492.045,23.997,5.023,57,8,22,,
T,2023-05-11 00:40:17,6.26416090,-75.59992908,35.56,1492.030,23.997,6.304,65,8,22,,
T,2023-05-11 00:40:18,6.26419432,-75.59985455,40.34,1491.957,23.997,7.734,69,7,22,,
T,2023-05-11 00:40:19,6.26421572,-75.59976506,41.97,1491.909,23.996,9.113,74,7,22,,
T,2023-05-11 00:40:20,6.26418084,-75.59963173,37.74,1491.686,23.996,11.218,92,8,22,,
T,2023-05-11 00:40:21,6.26414390,-75.59950290,37.41,1491.518,23.995,12.950,98,8,22,,
T,2023-05-11 00:40:22,6.26411312,-75.59939068,39.17,1491.375,23.994,12.578,100,9,22,,
T,2023-05-11 00:40:23,6.26408322,-75.59928304,39.33,1491.278,23.994,12.296,101,9,22,,
T,2023-05-11 00:40:24,6.26405381,-75.59916937,39.55,1491.253,23.993,12.338,101,9,22,,
T,2023-05-11 00:40:25,6.26402325,-75.59905340,40.11,1491.097,23.993,12.350,101,9,22,,
T,2023-05-11 00:40:26,6.26399255,-75.59894278,40.08,1491.071,23.992,12.322,102,9,22,,
T,2023-05-11 00:40:27,6.26397490,-75.59882961,47.74,1490.945,23.992,12.617,101,8,22,,
T,2023-05-11 00:40:28,6.26394752,-75.59870491,46.67,1490.957,23.991,13.143,101,9,22,,
T,2023-05-11 00:40:29,6.26393192,-75.59857192,46.55,1491.055,23.991,13.652,101,9,22,,
T,2023-05-11 00:40:30,6.26389567,-75.59845456,46.43,1491.146,23.990,13.602,102,9,22,,
T,2023-05-11 00:40:31,6.26386329,-75.59834301,47.75,1491.224,23.990,13.137,103,8,22,,
T,2023-05-11 00:40:32,6.26380574,-75.59824280,47.01,1491.390,23.989,12.355,108,8,22,,
T,2023-05-11 00:40:33,6.26376890,-75.59813714,45.16,1491.568,23.989,12.117,111,9,22,,
T,2023-05-11 00:40:34,6.26373291,-75.59802841,46.97,1491.638,23.988,12.289,112,8,22,,
T,2023-05-11 00:40:35,6.26367665,-75.59792658,38.28,1491.503,23.988,12.369,111,10,22,,
T,2023-05-11 00:40:36,6.26362918,-75.59782991,32.44,1491.574,23.987,12.123,110,10,22,,
T,2023-05-11 00:40:37,6.26358754,-75.59773174,31.15,1491.881,23.987,12.044,107,10,22,,
T,2023-05-11 00:40:38,6.26355163,-75.59763435,30.46,1492.301,23.987,12.160,105,10,22,,
T,2023-05-11 00:40:39,6.26352193,-75.59753984,27.27,1492.769,23.986,11.917,104,11,22,,
T,2023-05-11 00:40:40,6.26349689,-75.59743397,26.55,1494.478,23.986,11.811,103,11,22,,
T,2023-05-11 00:40:41,6.26348401,-75.59733525,26.36,1496.196,23.985,11.422,102,11,22,,
T,2023-05-11 00:40:42,6.26346327,-75.59725251,28.73,1496.779,23.985,10.195,101,11,22,,
T,2023-05-11 00:40:43,6.26344393,-75.59718482,26.98,1497.781,23.984,8.650,103,11,22,,
T,2023-05-11 00:40:44,6.26342937,-75.59714979,37.15,1498.420,23.984,5.604,102,11,22,,
T,2023-05-11 00:40:45,6.26342399,-75.59713397,29.74,1499.377,23.984,3.343,99,11,22,,
T,2023-05-11 00:40:46,6.26342545,-75.59711892,32.87,1500.212,23.984,2.158,91,11,22,,
T,2023-05-11 00:40:47,6.26342502,-75.59711539,35.43,1500.873,23.984,1.378,87,11,22,,
T,2023-05-11 00:40:48,6.26342717,-75.59711329,36.99,1501.122,23.984,0.800,67,11,22,,
T,2023-05-11 00:40:49,6.26342353,-75.59711904,35.79,1501.557,23.984,0.388,43,12,22,,
T,2023-05-11 00:40:50,6.26342366,-75.59712474,35.41,1501.643,23.984,0.726,3,12,22,,
T,2023-05-11 00:40:51,6.26343088,-75.59712809,34.61,1501.916,23.984,0.862,343,12,22,,
T,2023-05-11 00:40:52,6.26343088,-75.59712809,4.90,1501.916,23.984,0.000,,12,22,,
T,2023-05-11 00:40:53,6.26343158,-75.59713067,32.97,1501.968,23.984,0.552,331,12,22,,
T,2023-05-11 00:40:54,6.26343158,-75.59713067,4.90,1501.968,23.984,0.000,,13,22,,
T,2023-05-11 00:40:55,6.26343008,-75.59712713,33.91,1501.688,23.984,0.180,247,12,22,,
T,2023-05-11 00:40:56,6.26343008,-75.59712713,4.90,1501.688,23.984,0.000,,11,22,,
T,2023-05-11 00:40:57,6.26343008,-75.59712713,4.90,1501.688,23.984,0.000,,11,22,,
T,2023-05-11 00:40:58,6.26343008,-75.59712713,4.90,1501.688,23.984,0.000,,10,22,,
T,2023-05-11 00:40:59,6.26343008,-75.59712713,4.90,1501.688,23.984,0.000,,10,22,,
T,2023-05-11 00:41:00,6.26343008,-75.59712713,4.90,1501.688,23.984,0.000,,11,22,,
T,2023-05-11 00:41:01,6.26343008,-75.59712713,4.90,1501.688,23.984,0.000,,12,22,,
T,2023-05-11 00:41:02,6.26343008,-75.59712713,4.90,1501.688,23.984,0.000,,12,22,,
T,2023-05-11 00:41:03,6.26343008,-75.59712713,4.90,1501.688,23.984,0.000,,12,22,,
T,2023-05-11 00:41:04,6.26343008,-75.59712713,4.90,1501.688,23.984,0.000,,12,22,,
T,2023-05-11 00:41:05,6.26343008,-75.59712713,4.90,1501.688,23.984,0.000,,12,22,,
T,2023-05-11 00:41:06,6.26343008,-75.59712713,4.90,1501.688,23.984,0.000,,12,22,,
T,2023-05-11 00:41:07,6.26343008,-75.59712713,4.90,1501.688,23.984,0.000,,12,22,,
T,2023-05-11 00:41:08,6.26343008,-75.59712713,4.90,1501.688,23.984,0.000,,12,22,,
T,2023-05-11 00:41:09,6.26343008,-75.59712713,4.90,1501.688,23.984,0.000,,11,22,,
T,2023-05-11 00:41:10,6.26343008,-75.59712713,4.90,1501.688,23.984,0.000,,11,22,,
T,2023-05-11 00:41:11,6.26343008,-75.59712713,4.90,1501.688,23.984,0.000,,11,22,,
T,2023-05-11 00:41:12,6.26343008,-75.59712713,4.90,1501.688,23.984,0.000,,11,22,,
T,2023-05-11 00:41:13,6.26343008,-75.59712713,4.90,1501.688,23.984,0.000,,11,22,,
T,2023-05-11 00:41:14,6.26343008,-75.59712713,4.90,1501.688,23.984,0.000,,11,22,,
T,2023-05-11 00:41:15,6.26343008,-75.59712713,4.90,1501.688,23.984,0.000,,11,22,,
T,2023-05-11 00:41:16,6.26343008,-75.59712713,4.90,1501.688,23.984,0.000,,11,22,,
T,2023-05-11 00:41:17,6.26343008,-75.59712713,4.90,1501.688,23.984,0.000,,10,22,,
T,2023-05-11 00:41:18,6.26343008,-75.59712713,4.90,1501.688,23.984,0.000,,10,22,,
T,2023-05-11 00:41:19,6.26343008,-75.59712713,4.90,1501.688,23.984,0.000,,10,22,,
T,2023-05-11 00:41:20,6.26343008,-75.59712713,4.90,1501.688,23.984,0.000,,10,22,,
T,2023-05-11 00:41:21,6.26343008,-75.59712713,4.90,1501.688,23.984,0.000,,10,22,,
T,2023-05-11 00:41:22,6.26343008,-75.59712713,4.90,1501.688,23.984,0.000,,10,22,,
T,2023-05-11 00:41:23,6.26343008,-75.59712713,4.90,1501.688,23.984,0.000,,11,22,,
T,2023-05-11 00:41:24,6.26343008,-75.59712713,4.90,1501.688,23.984,0.000,,11,22,,
T,2023-05-11 00:41:25,6.26343008,-75.59712713,4.90,1501.688,23.984,0.000,,11,22,,
T,2023-05-11 00:41:26,6.26343008,-75.59712713,4.90,1501.688,23.984,0.000,,10,22,,
T,2023-05-11 00:41:27,6.26343008,-75.59712713,4.90,1501.688,23.984,0.000,,11,22,,
T,2023-05-11 00:41:28,6.26343008,-75.59712713,4.90,1501.688,23.984,0.000,,11,22,,
T,2023-05-11 00:41:29,6.26343008,-75.59712713,4.90,1501.688,23.984,0.000,,10,22,,
T,2023-05-11 00:41:30,6.26343442,-75.59710095,41.25,1501.153,23.984,2.767,169,10,22,,
T,2023-05-11 00:41:31,6.26342689,-75.59705751,41.91,1500.706,23.984,5.883,99,10,22,,
T,2023-05-11 00:41:32,6.26342807,-75.59700066,42.98,1500.700,23.984,6.699,101,10,22,,
T,2023-05-11 00:41:33,6.26344545,-75.59694684,42.85,1500.171,23.983,6.418,101,10,22,,
T,2023-05-11 00:41:34,6.26341860,-75.59688777,42.47,1499.921,23.983,6.848,105,11,22,,
T,2023-05-11 00:41:35,6.26335188,-75.59682395,31.40,1499.681,23.983,7.771,111,13,22,,
T,2023-05-11 00:41:36,6.26330120,-75.59673691,31.11,1499.267,23.982,9.565,106,13,22,,
T,2023-05-11 00:41:37,6.26329099,-75.59663861,26.75,1498.522,23.982,9.371,97,13,22,,
T,2023-05-11 00:41:38,6.26329937,-75.59656080,27.25,1498.511,23.982,7.542,85,13,22,,
T,2023-05-11 00:41:39,6.26331162,-75.59651077,29.38,1499.399,23.981,5.275,67,13,22,,
T,2023-05-11 00:41:40,6.26332271,-75.59648484,30.62,1500.483,23.981,3.856,48,14,22,,
T,2023-05-11 00:41:41,6.26336367,-75.59645314,27.38,1500.802,23.981,5.042,33,13,22,,
T,2023-05-11 00:41:42,6.26340513,-75.59641985,29.66,1500.997,23.981,5.281,39,14,22,,
T,2023-05-11 00:41:43,6.26341386,-75.59642363,25.80,1500.510,23.981,4.061,23,14,22,,
T,2023-05-11 00:41:44,6.26343346,-75.59643364,26.07,1499.484,23.981,3.785,354,14,22,,
T,2023-05-11 00:41:45,6.26346178,-75.59644950,24.86,1496.483,23.981,4.657,332,15,22,,
T,2023-05-11 00:41:46,6.26351328,-75.59645908,35.84,1494.294,23.981,5.818,335,14,22,,
T,2023-05-11 00:41:47,6.26357549,-75.59647470,27.72,1491.942,23.981,6.586,337,15,22,,
T,2023-05-11 00:41:48,6.26365480,-75.59648902,28.64,1490.628,23.980,7.140,341,15,22,,
T,2023-05-11 00:41:49,6.26373419,-75.59648738,30.85,1489.976,23.980,7.561,346,15,22,,
T,2023-05-11 00:41:50,6.26384352,-75.59646805,29.92,1489.931,23.980,8.626,353,15,22,,
T,2023-05-11 00:41:51,6.26397903,-75.59644014,32.21,1489.632,23.979,10.583,360,15,22,,
T,2023-05-11 00:41:52,6.26409702,-75.59640510,31.41,1489.503,23.979,10.970,5,15,22,,
T,2023-05-11 00:41:53,6.26421228,-75.59637473,29.55,1488.583,23.979,11.277,8,15,22,,
T,2023-05-11 00:41:54,6.26433813,-75.59633889,29.40,1487.884,23.978,12.008,10,15,22,,
T,2023-05-11 00:41:55,6.26445775,-75.59629933,28.26,1487.649,23.978,12.267,12,14,22,,
T,2023-05-11 00:41:56,6.26457723,-75.59625586,30.25,1488.107,23.977,12.572,14,14,22,,
T,2023-05-11 00:41:57,6.26469560,-75.59621246,29.65,1488.282,23.977,12.862,15,14,22,,
T,2023-05-11 00:41:58,6.26481547,-75.59619927,28.62,1488.267,23.976,12.957,14,14,22,,
T,2023-05-11 00:41:59,6.26493105,-75.59617799,25.11,1488.209,23.976,12.959,14,15,22,,
T,2023-05-11 00:42:00,6.26505954,-75.59615601,24.34,1488.629,23.975,13.530,14,15,22,,
T,2023-05-11 00:42:01,6.26518056,-75.59614681,25.66,1488.580,23.975,13.355,13,15,22,,
T,2023-05-11 00:42:02,6.26529624,-75.59613574,26.76,1488.440,23.975,12.988,12,15,22,,
T,2023-05-11 00:42:03,6.26540988,-75.59610972,27.51,1488.360,23.974,12.683,12,15,22,,
T,2023-05-11 00:42:04,6.26552274,-75.59609269,28.18,1488.270,23.974,12.640,11,15,22,,
T,2023-05-11 00:42:05,6.26563017,-75.59607211,28.21,1488.110,23.974,12.483,11,15,22,,
T,2023-05-11 00:42:06,6.26573488,-75.59604907,28.11,1488.060,23.973,12.312,12,15,22,,
T,2023-05-11 00:42:07,6.26582259,-75.59602757,28.30,1488.102,23.973,11.489,12,15,22,,
T,2023-05-11 00:42:08,6.26590480,-75.59601205,30.93,1488.044,23.973,10.641,12,16,22,,
T,2023-05-11 00:42:09,6.26599008,-75.59601305,32.46,1488.113,23.973,10.393,11,16,22,,
T,2023-05-11 00:42:10,6.26605978,-75.59599116,34.53,1488.047,23.972,9.937,12,16,22,,
T,2023-05-11 00:42:11,6.26609692,-75.59600102,36.69,1488.019,23.972,8.788,11,16,22,,
T,2023-05-11 00:42:12,6.26612851,-75.59600988,38.21,1487.857,23.972,7.633,9,15,22,,
T,2023-05-11 00:42:13,6.26615762,-75.59602873,33.12,1487.992,23.972,6.507,7,16,22,,
T,2023-05-11 00:42:14,6.26620094,-75.59602550,31.84,1487.770,23.972,6.599,6,16,22,,
T,2023-05-11 00:42:15,6.26623495,-75.59600815,31.43,1487.805,23.972,6.569,10,15,22,,
T,2023-05-11 00:42:16,6.26627452,-75.59597942,31.09,1487.706,23.972,6.665,13,13,22,,
T,2023-05-11 00:42:17,6.26632794,-75.59595826,29.91,1487.516,23.972,6.556,17,12,22,,
T,2023-05-11 00:42:18,6.26638089,-75.59595624,28.38,1487.731,23.971,6.580,15,13,22,,
T,2023-05-11 00:42:19,6.26643116,-75.59594827,30.93,1488.028,23.971,6.324,17,13,22,,
T,2023-05-11 00:42:20,6.26648605,-75.59593362,28.49,1488.113,23.971,6.018,20,14,22,,
T,2023-05-11 00:42:21,6.26653050,-75.59592130,28.01,1487.958,23.971,5.576,22,14,22,,
T,2023-05-11 00:42:22,6.26656510,-75.59590962,29.38,1487.720,23.971,5.033,22,14,22,,
T,2023-05-11 00:42:23,6.26659659,-75.59589583,30.46,1487.472,23.971,4.712,20,14,22,,
T,2023-05-11 00:42:24,6.26661079,-75.59588971,31.29,1487.429,23.970,4.289,20,14,22,,
T,2023-05-11 00:42:25,6.26662018,-75.59588513,31.15,1487.493,23.970,3.766,19,14,22,,
T,2023-05-11 00:42:26,6.26662622,-75.59588664,27.55,1487.268,23.970,3.189,18,13,22,,
T,2023-05-11 00:42:27,6.26663886,-75.59588211,23.17,1487.093,23.970,2.583,14,13,22,,
T,2023-05-11 00:42:28,6.26667056,-75.59586450,21.96,1487.007,23.970,2.933,18,13,22,,
T,2023-05-11 00:42:29,6.26670355,-75.59585299,22.79,1486.623,23.970,3.136,13,12,22,,
T,2023-05-11 00:42:30,6.26674509,-75.59582646,21.32,1485.953,23.970,3.484,13,12,22,,
T,2023-05-11 00:42:31,6.26679909,-75.59581534,21.16,1486.096,23.970,4.729,10,12,22,,
T,2023-05-11 00:42:32,6.26685430,-75.59580622,23.94,1486.293,23.970,5.225,14,14,22,,
T,2023-05-11 00:42:33,6.26692375,-75.59579179,23.97,1486.469,23.969,5.836,12,14,22,,
T,2023-05-11 00:42:34,6.26698997,-75.59578567,26.07,1486.536,23.969,5.632,10,13,22,,
T,2023-05-11 00:42:35,6.26705014,-75.59577645,28.06,1486.547,23.969,5.378,10,13,22,,
T,2023-05-11 00:42:36,6.26709970,-75.59575266,30.39,1486.937,23.969,5.035,14,13,22,,
T,2023-05-11 00:42:37,6.26715446,-75.59573546,30.90,1487.077,23.968,5.215,16,13,22,,
T,2023-05-11 00:42:38,6.26721620,-75.59571200,27.26,1487.319,23.968,5.441,17,12,22,,
T,2023-05-11 00:42:39,6.26727277,-75.59568933,27.31,1487.551,23.968,5.403,17,12,22,,
T,2023-05-11 00:42:40,6.26732233,-75.59567528,30.84,1487.585,23.968,5.367,17,13,22,,
T,2023-05-11 00:42:41,6.26737441,-75.59565421,28.27,1487.710,23.968,5.437,19,14,22,,
T,2023-05-11 00:42:42,6.26742910,-75.59563212,29.60,1487.846,23.967,5.543,19,14,22,,
T,2023-05-11 00:42:43,6.26747193,-75.59561247,30.07,1487.987,23.967,5.387,20,15,22,,
T,2023-05-11 00:42:44,6.26750841,-75.59559258,32.39,1488.224,23.967,5.082,21,15,22,,
T,2023-05-11 00:42:45,6.26754010,-75.59558791,33.51,1488.426,23.967,4.695,20,15,22,,
T,2023-05-11 00:42:46,6.26757770,-75.59558655,33.12,1488.616,23.967,4.550,18,15,22,,
T,2023-05-11 00:42:47,6.26761328,-75.59557143,32.31,1489.027,23.967,4.434,13,14,22,,
T,2023-05-11 00:42:48,6.26766229,-75.59555540,32.86,1489.446,23.966,4.665,14,13,22,,
T,2023-05-11 00:42:49,6.26772584,-75.59554111,39.05,1489.699,23.966,4.990,14,12,22,,
T,2023-05-11 00:42:50,6.26777692,-75.59553622,31.38,1489.903,23.966,5.073,12,11,22,,
T,2023-05-11 00:42:51,6.26782544,-75.59553577,33.39,1490.340,23.966,4.754,12,11,22,,
T,2023-05-11 00:42:52,6.26786711,-75.59552558,32.90,1490.688,23.966,4.383,14,11,22,,
T,2023-05-11 00:42:53,6.26789984,-75.59551949,33.16,1491.282,23.966,3.727,15,11,22,,
T,2023-05-11 00:42:54,6.26791799,-75.59551017,32.27,1491.694,23.966,3.347,19,11,22,,
T,2023-05-11 00:42:55,6.26793425,-75.59549576,33.34,1492.127,23.965,3.094,24,11,22,,
T,2023-05-11 00:42:56,6.26794818,-75.59548774,32.69,1492.542,23.965,2.827,25,11,22,,
T,2023-05-11 00:42:57,6.26796912,-75.59548424,39.05,1492.813,23.965,2.917,19,12,22,,
T,2023-05-11 00:42:58,6.26799998,-75.59549203,32.69,1493.206,23.965,3.178,10,11,22,,
T,2023-05-11 00:42:59,6.26803780,-75.59549726,33.51,1493.431,23.965,3.626,5,11,22,,
T,2023-05-11 00:43:00,6.26807790,-75.59551722,32.96,1493.655,23.965,4.068,357,11,22,,
T,2023-05-11 00:43:01,6.26813191,-75.59552647,39.65,1493.978,23.965,4.667,358,11,22,,
T,2023-05-11 00:43:02,6.26817935,-75.59552525,33.30,1494.214,23.965,4.828,359,11,22,,
T,2023-05-11 00:43:03,6.26822554,-75.59551220,33.53,1494.513,23.965,4.997,3,11,22,,
T,2023-05-11 00:43:04,6.26828575,-75.59549766,40.59,1494.828,23.965,5.575,7,11,22,,
T,2023-05-11 00:43:05,6.26835326,-75.59547776,40.52,1494.931,23.964,6.101,10,11,22,,
T,2023-05-11 00:43:06,6.26842515,-75.59546047,40.59,1495.032,23.964,6.602,12,11,22,,
T,2023-05-11 00:43:07,6.26849250,-75.59545829,40.83,1494.962,23.964,6.877,9,11,22,,
T,2023-05-11 00:43:08,6.26856517,-75.59544278,42.21,1494.848,23.964,7.108,9,11,22,,
T,2023-05-11 00:43:09,6.26863211,-75.59542459,43.02,1494.553,23.963,7.197,10,11,22,,
T,2023-05-11 00:43:10,6.26871065,-75.59540052,43.77,1494.356,23.963,7.527,11,11,22,,
T,2023-05-11 00:43:11,6.26879098,-75.59536888,44.31,1494.081,23.963,7.817,13,11,22,,
T,2023-05-11 00:43:12,6.26887169,-75.59533446,44.40,1494.082,23.962,8.152,15,12,22,,
T,2023-05-11 00:43:13,6.26895878,-75.59530359,39.25,1494.240,23.962,8.522,16,12,22,,
T,2023-05-11 00:43:14,6.26906198,-75.59526827,43.90,1494.394,23.962,9.138,15,12,22,,
T,2023-05-11 00:43:15,6.26916749,-75.59523624,43.52,1494.906,23.961,9.624,14,11,22,,
T,2023-05-11 00:43:16,6.26926103,-75.59520865,33.83,1495.237,23.961,9.428,14,12,22,,
T,2023-05-11 00:43:17,6.26934848,-75.59519072,31.00,1496.037,23.961,9.091,14,12,22,,
T,2023-05-11 00:43:18,6.26943170,-75.59517304,39.75,1496.567,23.960,8.997,13,12,22,,
T,2023-05-11 00:43:19,6.26952618,-75.59516219,39.52,1496.834,23.960,9.146,13,13,22,,
T,2023-05-11 00:43:20,6.26965212,-75.59512557,27.57,1496.922,23.960,9.754,14,14,22,,
T,2023-05-11 00:43:21,6.26976537,-75.59510660,26.11,1497.852,23.959,10.164,12,14,22,,
T,2023-05-11 00:43:22,6.26987692,-75.59507861,25.69,1498.708,23.959,10.638,12,14,22,,
T,2023-05-11 00:43:23,6.26998847,-75.59506327,24.80,1500.200,23.958,11.082,11,14,22,,
T,2023-05-11 00:43:24,6.27009059,-75.59504916,23.21,1501.075,23.958,10.847,11,15,22,,
T,2023-05-11 00:43:25,6.27019028,-75.59503376,22.03,1502.416,23.958,10.624,12,15,22,,
T,2023-05-11 00:43:26,6.27027969,-75.59501788,21.10,1503.289,23.958,9.938,12,16,22,,
T,2023-05-11 00:43:27,6.27036484,-75.59500574,20.70,1504.284,23.957,8.847,13,16,22,,
T,2023-05-11 00:43:28,6.27044576,-75.59500058,20.27,1504.471,23.957,8.602,12,16,22,,
T,2023-05-11 00:43:29,6.27052973,-75.59499693,19.59,1504.871,23.957,8.337,10,16,22,,
T,2023-05-11 00:43:30,6.27061843,-75.59498810,19.21,1505.124,23.957,8.643,9,16,22,,
T,2023-05-11 00:43:31,6.27070256,-75.59497721,19.18,1505.160,23.956,8.542,11,16,22,,
T,2023-05-11 00:43:32,6.27078534,-75.59495879,18.77,1505.175,23.956,8.401,13,16,22,,
T,2023-05-11 00:43:33,6.27086368,-75.59492925,20.00,1505.049,23.956,8.339,20,16,22,,
T,2023-05-11 00:43:34,6.27092874,-75.59489895,20.66,1505.128,23.955,8.076,26,17,22,,
T,2023-05-11 00:43:35,6.27099048,-75.59486640,20.19,1505.344,23.955,7.665,30,17,22,,
T,2023-05-11 00:43:36,6.27104553,-75.59481716,18.99,1505.153,23.955,7.831,35,17,22,,
T,2023-05-11 00:43:37,6.27110170,-75.59476682,21.98,1505.240,23.954,8.145,38,17,22,,
T,2023-05-11 00:43:38,6.27115878,-75.59470810,24.87,1505.321,23.954,8.700,43,16,22,,
T,2023-05-11 00:43:39,6.27120670,-75.59464161,21.43,1505.632,23.953,9.219,46,15,22,,
T,2023-05-11 00:43:40,6.27126146,-75.59457475,24.90,1506.096,23.953,9.407,46,14,22,,
T,2023-05-11 00:43:41,6.27131596,-75.59451528,24.84,1506.605,23.953,9.440,46,13,22,,
T,2023-05-11 00:43:42,6.27136982,-75.59445107,33.29,1506.838,23.952,9.588,47,14,22,,
T,2023-05-11 00:43:43,6.27142574,-75.59438862,27.96,1507.055,23.952,9.713,47,14,22,,
T,2023-05-11 00:43:44,6.27148708,-75.59431820,26.77,1507.171,23.951,10.114,48,13,22,,
T,2023-05-11 00:43:45,6.27155833,-75.59424129,26.09,1507.765,23.951,10.679,47,13,22,,
T,2023-05-11 00:43:46,6.27163677,-75.59416185,33.90,1508.108,23.950,11.191,46,12,22,,
T,2023-05-11 00:43:47,6.27171093,-75.59407684,29.29,1508.386,23.949,11.507,46,12,22,,
T,2023-05-11 00:43:48,6.27178477,-75.59400659,34.85,1508.791,23.949,11.567,46,12,22,,
T,2023-05-11 00:43:49,6.27186586,-75.59392211,30.00,1509.135,23.948,11.824,46,15,22,,
T,2023-05-11 00:43:50,6.27194588,-75.59384296,27.74,1509.112,23.948,11.786,46,15,22,,
T,2023-05-11 00:43:51,6.27202402,-75.59376330,27.13,1509.158,23.947,11.782,46,14,22,,
T,2023-05-11 00:43:52,6.27208230,-75.59369632,28.11,1509.348,23.947,11.264,45,14,22,,
T,2023-05-11 00:43:53,6.27213795,-75.59363717,27.86,1509.732,23.946,10.515,43,14,22,,
T,2023-05-11 00:43:54,6.27221640,-75.59356958,26.85,1510.479,23.946,9.710,41,14,22,,
T,2023-05-11 00:43:55,6.27228234,-75.59351488,24.07,1510.917,23.945,9.217,38,13,22,,
T,2023-05-11 00:43:56,6.27234819,-75.59346736,25.96,1511.223,23.945,8.727,38,13,22,,
T,2023-05-11 00:43:57,6.27240113,-75.59342979,25.94,1511.521,23.944,7.770,39,13,22,,
T,2023-05-11 00:43:58,6.27245258,-75.59339614,33.40,1511.750,23.944,7.370,37,13,22,,
T,2023-05-11 00:43:59,6.27248939,-75.59337440,26.41,1511.723,23.944,6.396,37,13,22,,
T,2023-05-11 00:44:00,6.27253273,-75.59335819,26.62,1511.925,23.944,5.590,35,13,22,,
T,2023-05-11 00:44:01,6.27257306,-75.59334508,27.41,1512.201,23.944,4.850,32,13,22,,
T,2023-05-11 00:44:02,6.27260527,-75.59333114,33.37,1512.490,23.943,4.170,34,13,22,,
T,2023-05-11 00:44:03,6.27263122,-75.59332510,27.25,1512.576,23.943,3.340,32,13,22,,
T,2023-05-11 00:44:04,6.27263596,-75.59333614,26.67,1512.562,23.943,1.610,30,13,22,,
T,2023-05-11 00:44:05,6.27263240,-75.59334647,26.42,1512.583,23.943,0.993,42,13,22,,
T,2023-05-11 00:44:06,6.27263815,-75.59335093,25.72,1512.504,23.943,1.280,30,13,22,,
T,2023-05-11 00:44:07,6.27264143,-75.59336000,22.02,1513.170,23.944,1.922,33,14,22,,
T,2023-05-11 00:44:08,6.27264675,-75.59335376,19.27,1513.721,23.943,2.327,25,14,22,,
T,2023-05-11 00:44:09,6.27266609,-75.59335890,19.15,1514.970,23.943,2.617,21,14,22,,
T,2023-05-11 00:44:10,6.27269870,-75.59334419,18.64,1514.555,23.943,3.102,18,14,22,,
T,2023-05-11 00:44:11,6.27272316,-75.59333130,23.30,1514.625,23.943,2.988,18,13,22,,
T,2023-05-11 00:44:12,6.27274848,-75.59332515,18.76,1514.791,23.943,2.912,18,14,22,,
T,2023-05-11 00:44:13,6.27277108,-75.59331320,20.67,1514.746,23.943,2.526,22,14,22,,
T,2023-05-11 00:44:14,6.27279452,-75.59330289,19.35,1514.868,23.943,2.113,27,14,22,,
T,2023-05-11 00:44:15,6.27281356,-75.59329447,20.49,1514.913,23.943,1.512,20,14,22,,
T,2023-05-11 00:44:16,6.27282513,-75.59328811,19.18,1515.319,23.943,0.810,16,14,22,,
T,2023-05-11 00:44:17,6.27284157,-75.59328438,20.98,1516.020,23.943,0.934,14,14,22,,
T,2023-05-11 00:44:18,6.27284157,-75.59328438,4.90,1516.020,23.943,0.000,,14,22,,
T,2023-05-11 00:44:19,6.27285040,-75.59328606,23.36,1516.279,23.943,0.574,17,13,22,,
T,2023-05-11 00:44:20,6.27285040,-75.59328606,4.90,1516.279,23.943,0.000,,12,22,,
T,2023-05-11 00:44:21,6.27285422,-75.59328495,24.85,1516.359,23.943,0.378,17,12,22,,
T,2023-05-11 00:44:22,6.27285422,-75.59328495,4.90,1516.359,23.943,0.000,,11,22,,
T,2023-05-11 00:44:23,6.27285422,-75.59328495,4.90,1516.359,23.943,0.000,,11,22,,
T,2023-05-11 00:44:24,6.27285422,-75.59328495,4.90,1516.359,23.943,0.000,,12,22,,
T,2023-05-11 00:44:25,6.27285422,-75.59328495,4.90,1516.359,23.943,0.000,,10,22,,
T,2023-05-11 00:44:26,6.27285422,-75.59328495,4.90,1516.359,23.943,0.000,,10,22,,
T,2023-05-11 00:44:27,6.27285422,-75.59328495,4.90,1516.359,23.943,0.000,,9,22,,
T,2023-05-11 00:44:28,6.27285422,-75.59328495,4.90,1516.359,23.943,0.000,,9,22,,
T,2023-05-11 00:44:29,6.27285422,-75.59328495,4.90,1516.359,23.943,0.000,,9,22,,
T,2023-05-11 00:44:30,6.27285422,-75.59328495,4.90,1516.359,23.943,0.000,,9,22,,
T,2023-05-11 00:44:31,6.27285422,-75.59328495,4.90,1516.359,23.943,0.000,,8,22,,
T,2023-05-11 00:44:32,6.27285422,-75.59328495,4.90,1516.359,23.943,0.000,,8,22,,
T,2023-05-11 00:44:33,6.27285422,-75.59328495,4.90,1516.359,23.943,0.000,,8,22,,
T,2023-05-11 00:44:34,6.27285422,-75.59328495,4.90,1516.359,23.943,0.000,,8,22,,
T,2023-05-11 00:44:35,6.27285422,-75.59328495,4.90,1516.359,23.943,0.000,,8,22,,
T,2023-05-11 00:44:36,6.27285422,-75.59328495,4.90,1516.359,23.943,0.000,,8,22,,
T,2023-05-11 00:44:37,6.27285422,-75.59328495,4.90,1516.359,23.943,0.000,,8,22,,
T,2023-05-11 00:44:38,6.27285422,-75.59328495,4.90,1516.359,23.943,0.000,,8,22,,
T,2023-05-11 00:44:39,6.27285422,-75.59328495,4.90,1516.359,23.943,0.000,,8,22,,
T,2023-05-11 00:44:40,6.27289134,-75.59327047,43.56,1516.808,23.942,1.344,23,10,22,,
T,2023-05-11 00:44:41,6.27293429,-75.59324332,36.04,1516.640,23.942,3.405,33,11,22,,
T,2023-05-11 00:44:42,6.27297906,-75.59321513,34.36,1516.458,23.942,5.159,28,11,22,,
T,2023-05-11 00:44:43,6.27302940,-75.59317934,33.18,1516.256,23.942,6.419,30,11,22,,
T,2023-05-11 00:44:44,6.27307829,-75.59313401,31.99,1515.708,23.941,7.591,32,11,22,,
T,2023-05-11 00:44:45,6.27314458,-75.59309442,31.48,1515.537,23.941,8.224,28,11,22,,
T,2023-05-11 00:44:46,6.27322210,-75.59305080,20.06,1515.186,23.941,9.080,27,12,22,,
T,2023-05-11 00:44:47,6.27331411,-75.59299864,20.08,1515.067,23.940,10.262,28,12,22,,
T,2023-05-11 00:44:48,6.27340489,-75.59293716,22.39,1514.972,23.940,11.292,32,12,22,,
T,2023-05-11 00:44:49,6.27349404,-75.59287504,23.08,1515.345,23.939,11.507,35,12,22,,
T,2023-05-11 00:44:50,6.27358426,-75.59280036,20.03,1515.740,23.938,11.665,39,13,22,,
T,2023-05-11 00:44:51,6.27366979,-75.59272399,22.94,1516.095,23.938,11.231,44,12,22,,
T,2023-05-11 00:44:52,6.27373868,-75.59266031,18.83,1516.386,23.937,10.288,46,12,22,,
T,2023-05-11 00:44:53,6.27379036,-75.59259178,21.02,1516.372,23.937,9.882,52,12,22,,
T,2023-05-11 00:44:54,6.27381476,-75.59250111,17.85,1516.770,23.936,9.526,61,14,22,,
T,2023-05-11 00:44:55,6.27381163,-75.59240337,17.96,1517.085,23.936,9.579,77,15,22,,
T,2023-05-11 00:44:56,6.27382279,-75.59230756,19.12,1517.657,23.935,10.012,82,14,22,,
T,2023-05-11 00:44:57,6.27382603,-75.59221810,19.04,1518.551,23.935,10.246,85,14,22,,
T,2023-05-11 00:44:58,6.27383409,-75.59212175,18.23,1519.129,23.934,10.536,87,15,22,,
T,2023-05-11 00:44:59,6.27383795,-75.59203343,18.48,1519.510,23.934,10.584,90,15,22,,
T,2023-05-11 00:45:00,6.27383087,-75.59194712,18.96,1520.040,23.933,10.801,96,15,22,,
T,2023-05-11 00:45:01,6.27380665,-75.59184692,17.56,1520.529,23.933,12.173,98,16,22,,
T,2023-05-11 00:45:02,6.27378008,-75.59174049,16.73,1520.829,23.932,12.990,99,16,22,,
T,2023-05-11 00:45:03,6.27374831,-75.59162376,19.50,1521.208,23.932,13.600,99,15,22,,
T,2023-05-11 00:45:04,6.27372735,-75.59150818,19.70,1521.506,23.931,13.295,99,15,22,,
T,2023-05-11 00:45:05,6.27370354,-75.59140204,19.42,1521.989,23.931,12.549,99,15,22,,
T,2023-05-11 00:45:06,6.27368507,-75.59129811,20.46,1522.261,23.930,12.064,98,15,22,,
T,2023-05-11 00:45:07,6.27367269,-75.59120380,21.75,1522.653,23.930,11.444,96,15,22,,
T,2023-05-11 00:45:08,6.27366189,-75.59111153,23.55,1522.915,23.929,11.040,95,15,22,,
T,2023-05-11 00:45:09,6.27365743,-75.59101898,24.64,1523.144,23.929,10.833,94,15,22,,
T,2023-05-11 00:45:10,6.27366467,-75.59093138,25.34,1523.560,23.929,10.505,90,15,22,,
T,2023-05-11 00:45:11,6.27367299,-75.59083917,25.61,1523.901,23.928,10.325,88,15,22,,
T,2023-05-11 00:45:12,6.27370176,-75.59074716,25.79,1524.211,23.928,10.261,81,15,22,,
T,2023-05-11 00:45:13,6.27374153,-75.59066349,27.07,1524.519,23.927,9.855,75,15,22,,
T,2023-05-11 00:45:14,6.27380387,-75.59057923,28.12,1525.296,23.926,9.248,65,14,22,,
T,2023-05-11 00:45:15,6.27397356,-75.59048385,25.86,1526.335,23.926,12.934,44,14,22,,
T,2023-05-11 00:45:16,6.27416407,-75.59039399,24.16,1528.164,23.925,13.984,34,15,22,,
T,2023-05-11 00:45:17,6.27429853,-75.59033188,25.96,1528.817,23.924,13.956,28,14,22,,
T,2023-05-11 00:45:18,6.27444676,-75.59028793,22.41,1529.815,23.923,13.630,21,14,22,,
T,2023-05-11 00:45:19,6.27456977,-75.59025074,21.51,1530.373,23.923,12.935,18,14,22,,
T,2023-05-11 00:45:20,6.27468449,-75.59022870,21.21,1531.129,23.923,12.565,13,14,22,,
T,2023-05-11 00:45:21,6.27478537,-75.59021480,19.49,1531.995,23.922,11.955,6,14,22,,
T,2023-05-11 00:45:22,6.27487180,-75.59022507,18.27,1533.056,23.922,11.348,356,14,22,,
T,2023-05-11 00:45:23,6.27496364,-75.59024940,18.14,1533.640,23.922,11.079,350,14,22,,
T,2023-05-11 00:45:24,6.27505362,-75.59027195,18.73,1533.525,23.922,11.001,347,16,22,,
T,2023-05-11 00:45:25,6.27514139,-75.59029527,20.74,1533.619,23.922,10.524,347,15,22,,
T,2023-05-11 00:45:26,6.27521814,-75.59032293,18.38,1533.646,23.922,9.808,346,16,22,,
T,2023-05-11 00:45:27,6.27528142,-75.59035350,20.06,1533.815,23.922,8.515,346,17,22,,
T,2023-05-11 00:45:28,6.27533906,-75.59038260,19.22,1534.210,23.922,7.155,347,17,22,,
T,2023-05-11 00:45:29,6.27538672,-75.59039936,18.99,1534.550,23.922,5.928,359,17,22,,
T,2023-05-11 00:45:30,6.27543076,-75.59040922,17.86,1534.908,23.922,5.256,5,17,22,,
T,2023-05-11 00:45:31,6.27546426,-75.59040000,16.45,1535.316,23.922,4.296,10,17,22,,
T,2023-05-11 00:45:32,6.27549682,-75.59039157,15.83,1535.672,23.922,3.298,15,17,22,,
T,2023-05-11 00:45:33,6.27552734,-75.59038250,15.18,1536.092,23.921,2.961,17,17,22,,
T,2023-05-11 00:45:34,6.27555714,-75.59036977,15.18,1536.547,23.921,3.193,22,17,22,,
T,2023-05-11 00:45:35,6.27558395,-75.59035839,15.71,1536.901,23.921,3.020,23,17,22,,
T,2023-05-11 00:45:36,6.27560436,-75.59034853,14.69,1537.265,23.921,2.546,25,17,22,,
T,2023-05-11 00:45:37,6.27561995,-75.59033190,14.96,1537.641,23.921,2.237,33,17,22,,
T,2023-05-11 00:45:38,6.27563368,-75.59032677,17.62,1537.853,23.921,1.764,31,17,22,,
T,2023-05-11 00:45:39,6.27563933,-75.59032587,16.25,1538.216,23.921,1.063,37,18,22,,
T,2023-05-11 00:45:40,6.27564430,-75.59033119,16.94,1538.598,23.921,0.595,20,18,22,,
T,2023-05-11 00:45:41,6.27564430,-75.59033119,4.90,1538.598,23.921,0.000,,18,22,,
T,2023-05-11 00:45:42,6.27564427,-75.59033085,18.44,1539.042,23.921,0.370,24,18,22,,
T,2023-05-11 00:45:43,6.27564427,-75.59033085,4.90,1539.042,23.921,0.000,,18,22,,
T,2023-05-11 00:45:44,6.27564427,-75.59033085,4.90,1539.042,23.921,0.000,,18,22,,
T,2023-05-11 00:45:45,6.27564427,-75.59033085,4.90,1539.042,23.921,0.000,,18,22,,
T,2023-05-11 00:45:46,6.27564427,-75.59033085,4.90,1539.042,23.921,0.000,,18,22,,
T,2023-05-11 00:45:47,6.27564427,-75.59033085,4.90,1539.042,23.921,0.000,,17,22,,
T,2023-05-11 00:45:48,6.27564427,-75.59033085,4.90,1539.042,23.921,0.000,,16,22,,
T,2023-05-11 00:45:49,6.27564427,-75.59033085,4.90,1539.042,23.921,0.000,,16,22,,
T,2023-05-11 00:45:50,6.27564427,-75.59033085,4.90,1539.042,23.921,0.000,,16,22,,
T,2023-05-11 00:45:51,6.27564427,-75.59033085,4.90,1539.042,23.921,0.000,,16,22,,
T,2023-05-11 00:45:52,6.27564427,-75.59033085,4.90,1539.042,23.921,0.000,,16,22,,
T,2023-05-11 00:45:53,6.27564427,-75.59033085,4.90,1539.042,23.921,0.000,,16,22,,
T,2023-05-11 00:45:54,6.27564427,-75.59033085,4.90,1539.042,23.921,0.000,,16,22,,
T,2023-05-11 00:45:55,6.27564427,-75.59033085,4.90,1539.042,23.921,0.000,,16,22,,
T,2023-05-11 00:45:56,6.27564427,-75.59033085,4.90,1539.042,23.921,0.000,,16,22,,
T,2023-05-11 00:45:57,6.27564427,-75.59033085,4.90,1539.042,23.921,0.000,,16,22,,
T,2023-05-11 00:45:58,6.27564427,-75.59033085,4.90,1539.042,23.921,0.000,,16,22,,
T,2023-05-11 00:45:59,6.27564427,-75.59033085,4.90,1539.042,23.921,0.000,,16,22,,
T,2023-05-11 00:46:00,6.27564427,-75.59033085,4.90,1539.042,23.921,0.000,,16,22,,
T,2023-05-11 00:46:01,6.27564427,-75.59033085,4.90,1539.042,23.921,0.000,,16,22,,
T,2023-05-11 00:46:02,6.27564427,-75.59033085,4.90,1539.042,23.921,0.000,,16,22,,
T,2023-05-11 00:46:03,6.27564427,-75.59033085,4.90,1539.042,23.921,0.000,,16,22,,
T,2023-05-11 00:46:04,6.27564427,-75.59033085,4.90,1539.042,23.921,0.000,,15,22,,
T,2023-05-11 00:46:05,6.27564427,-75.59033085,4.90,1539.042,23.921,0.000,,15,22,,
T,2023-05-11 00:46:06,6.27564427,-75.59033085,4.90,1539.042,23.921,0.000,,14,22,,
T,2023-05-11 00:46:07,6.27564427,-75.59033085,4.90,1539.042,23.921,0.000,,13,22,,
T,2023-05-11 00:46:08,6.27564427,-75.59033085,4.90,1539.042,23.921,0.000,,13,22,,
T,2023-05-11 00:46:09,6.27564427,-75.59033085,4.90,1539.042,23.921,0.000,,13,22,,
T,2023-05-11 00:46:10,6.27564427,-75.59033085,4.90,1539.042,23.921,0.000,,13,22,,
T,2023-05-11 00:46:11,6.27564427,-75.59033085,4.90,1539.042,23.921,0.000,,13,22,,
T,2023-05-11 00:46:12,6.27564427,-75.59033085,4.90,1539.042,23.921,0.000,,13,22,,
T,2023-05-11 00:46:13,6.27564427,-75.59033085,4.90,1539.042,23.921,0.000,,13,22,,
T,2023-05-11 00:46:14,6.27564427,-75.59033085,4.90,1539.042,23.921,0.000,,13,22,,
T,2023-05-11 00:46:15,6.27564427,-75.59033085,4.90,1539.042,23.921,0.000,,14,22,,
T,2023-05-11 00:46:16,6.27564427,-75.59033085,4.90,1539.042,23.921,0.000,,14,22,,
T,2023-05-11 00:46:17,6.27564427,-75.59033085,4.90,1539.042,23.921,0.000,,14,22,,
T,2023-05-11 00:46:18,6.27564427,-75.59033085,4.90,1539.042,23.921,0.000,,14,22,,
T,2023-05-11 00:46:19,6.27564427,-75.59033085,4.90,1539.042,23.921,0.000,,14,22,,
T,2023-05-11 00:46:20,6.27565558,-75.59031681,26.03,1539.223,23.921,0.869,34,14,22,,
T,2023-05-11 00:46:21,6.27567370,-75.59031006,24.00,1539.464,23.921,1.330,34,14,22,,
T,2023-05-11 00:46:22,6.27571418,-75.59027412,22.44,1540.022,23.920,3.088,29,14,22,,
T,2023-05-11 00:46:23,6.27574319,-75.59025271,20.81,1540.133,23.920,3.886,29,14,22,,
T,2023-05-11 00:46:24,6.27577568,-75.59024218,20.01,1540.009,23.920,4.182,29,13,22,,
T,2023-05-11 00:46:25,6.27580626,-75.59022866,18.00,1539.984,23.920,4.340,29,15,22,,
T,2023-05-11 00:46:26,6.27584416,-75.59021069,17.18,1539.850,23.920,4.891,29,15,22,,
T,2023-05-11 00:46:27,6.27588367,-75.59018548,16.77,1539.837,23.920,5.478,35,15,22,,
T,2023-05-11 00:46:28,6.27591827,-75.59015323,18.78,1540.100,23.919,5.412,41,14,22,,
T,2023-05-11 00:46:29,6.27595148,-75.59010627,16.85,1540.458,23.919,6.359,53,15,22,,
T,2023-05-11 00:46:30,6.27598003,-75.59004669,16.75,1541.139,23.919,8.429,65,15,22,,
T,2023-05-11 00:46:31,6.27600018,-75.58995111,17.08,1542.185,23.918,10.701,74,15,22,,
T,2023-05-11 00:46:32,6.27602135,-75.58984173,16.94,1542.967,23.917,11.969,76,15,22,,
T,2023-05-11 00:46:33,6.27604291,-75.58973271,17.01,1543.535,23.917,12.803,77,15,22,,
T,2023-05-11 00:46:34,6.27607733,-75.58960284,18.70,1543.650,23.916,14.038,75,15,22,,
T,2023-05-11 00:46:35,6.27610563,-75.58948376,19.65,1544.055,23.915,13.653,75,15,22,,
T,2023-05-11 00:46:36,6.27613844,-75.58937366,21.53,1544.180,23.915,13.206,74,14,22,,
T,2023-05-11 00:46:37,6.27617799,-75.58926677,23.98,1544.174,23.914,12.724,74,14,22,,
T,2023-05-11 00:46:38,6.27620835,-75.58917086,23.38,1544.333,23.914,11.877,74,14,22,,
T,2023-05-11 00:46:39,6.27624270,-75.58907135,26.05,1544.235,23.913,11.392,74,14,22,,
T,2023-05-11 00:46:40,6.27627289,-75.58897519,28.31,1544.297,23.912,11.145,74,14,22,,
T,2023-05-11 00:46:41,6.27631680,-75.58890991,29.41,1544.290,23.912,10.424,71,15,22,,
T,2023-05-11 00:46:42,6.27635435,-75.58884372,34.17,1544.321,23.912,9.899,70,14,22,,
T,2023-05-11 00:46:43,6.27635317,-75.58878255,32.34,1544.463,23.911,9.086,75,14,22,,
T,2023-05-11 00:46:44,6.27634808,-75.58871634,32.20,1544.628,23.911,9.046,79,13,22,,
T,2023-05-11 00:46:45,6.27633518,-75.58863512,34.32,1544.711,23.910,9.360,84,13,22,,
T,2023-05-11 00:46:46,6.27632460,-75.58855072,31.69,1544.859,23.910,9.390,86,12,22,,
T,2023-05-11 00:46:47,6.27632370,-75.58846456,33.70,1544.936,23.910,9.684,87,12,22,,
T,2023-05-11 00:46:48,6.27634670,-75.58837491,32.79,1545.546,23.909,10.129,86,12,22,,
T,2023-05-11 00:46:49,6.27635709,-75.58827982,40.16,1546.110,23.909,10.256,86,11,22,,
T,2023-05-11 00:46:50,6.27637515,-75.58819611,39.85,1546.539,23.908,9.702,84,11,22,,
T,2023-05-11 00:46:51,6.27639586,-75.58811287,40.28,1547.087,23.908,9.296,84,11,22,,
T,2023-05-11 00:46:52,6.27641444,-75.58804061,40.34,1547.461,23.907,8.607,83,11,22,,
T,2023-05-11 00:46:53,6.27642789,-75.58798148,40.66,1547.460,23.907,7.634,83,11,22,,
T,2023-05-11 00:46:54,6.27644553,-75.58794611,42.28,1547.284,23.907,6.404,80,10,22,,
T,2023-05-11 00:46:55,6.27646349,-75.58791873,42.16,1546.760,23.906,5.378,78,10,22,,
T,2023-05-11 00:46:56,6.27647262,-75.58787891,30.82,1546.370,23.906,5.729,82,11,22,,
T,2023-05-11 00:46:57,6.27646960,-75.58781821,32.19,1545.807,23.906,6.726,85,11,22,,
T,2023-05-11 00:46:58,6.27648101,-75.58774602,30.44,1545.619,23.906,8.267,85,12,22,,
T,2023-05-11 00:46:59,6.27649237,-75.58765481,31.68,1545.340,23.905,10.150,85,12,22,,
T,2023-05-11 00:47:00,6.27650126,-75.58754484,34.01,1545.225,23.904,11.684,85,11,22,,
T,2023-05-11 00:47:01,6.27650443,-75.58741780,35.54,1545.102,23.904,12.429,89,11,22,,
T,2023-05-11 00:47:02,6.27650185,-75.58729758,36.60,1545.114,23.903,12.488,91,10,22,,
T,2023-05-11 00:47:03,6.27649419,-75.58718570,44.37,1545.161,23.903,12.133,93,9,22,,
T,2023-05-11 00:47:04,6.27647776,-75.58709940,44.85,1545.223,23.902,10.887,94,9,22,,
T,2023-05-11 00:47:05,6.27645900,-75.58701443,47.04,1545.217,23.902,9.794,97,9,22,,
T,2023-05-11 00:47:06,6.27643924,-75.58694079,48.59,1545.215,23.901,8.485,100,9,22,,
T,2023-05-11 00:47:07,6.27642499,-75.58687795,50.63,1545.221,23.901,7.437,100,9,22,,
T,2023-05-11 00:47:08,6.27645676,-75.58683452,47.48,1545.701,23.901,5.942,101,9,22,,
T,2023-05-11 00:47:09,6.27643408,-75.58679637,49.30,1545.486,23.901,5.322,105,9,22,,
T,2023-05-11 00:47:10,6.27640671,-75.58676873,51.81,1545.257,23.901,4.570,109,9,22,,
T,2023-05-11 00:47:11,6.27636301,-75.58675239,52.10,1544.947,23.901,4.138,121,9,22,,
T,2023-05-11 00:47:12,6.27627487,-75.58673740,45.92,1544.852,23.901,4.974,146,9,22,,
T,2023-05-11 00:47:13,6.27623430,-75.58673003,44.84,1544.674,23.901,4.414,154,9,22,,
T,2023-05-11 00:47:14,6.27619678,-75.58672886,43.51,1544.410,23.901,4.009,156,9,22,,
T,2023-05-11 00:47:15,6.27619316,-75.58672853,42.35,1544.196,23.901,3.333,143,8,22,,
T,2023-05-11 00:47:16,6.27619818,-75.58671640,40.92,1544.154,23.901,3.055,122,8,22,,
T,2023-05-11 00:47:17,6.27619894,-75.58670461,40.28,1543.799,23.901,2.009,121,8,22,,
T,2023-05-11 00:47:18,6.27620984,-75.58669929,39.02,1543.081,23.901,1.316,127,9,22,,
T,2023-05-11 00:47:19,6.27622154,-75.58669660,38.34,1541.968,23.901,1.061,139,9,22,,
T,2023-05-11 00:47:20,6.27623449,-75.58669526,36.96,1540.029,23.901,2.031,154,9,22,,
T,2023-05-11 00:47:21,6.27621741,-75.58670212,35.42,1539.071,23.901,3.420,187,9,22,,
T,2023-05-11 00:47:22,6.27618929,-75.58670530,34.54,1539.539,23.901,3.206,194,11,22,,
T,2023-05-11 00:47:23,6.27615955,-75.58670938,34.45,1539.790,23.901,2.882,194,11,22,,
T,2023-05-11 00:47:24,6.27613546,-75.58671535,34.28,1539.789,23.901,2.705,195,11,22,,
T,2023-05-11 00:47:25,6.27610973,-75.58673179,34.53,1539.725,23.901,2.626,201,11,22,,
T,2023-05-11 00:47:26,6.27609020,-75.58673637,35.25,1539.667,23.901,2.543,202,11,22,,
T,2023-05-11 00:47:27,6.27606936,-75.58675270,25.39,1539.548,23.901,2.422,204,12,22,,
T,2023-05-11 00:47:28,6.27605503,-75.58676350,23.81,1539.483,23.901,1.879,206,12,22,,
T,2023-05-11 00:47:29,6.27605416,-75.58675979,21.58,1539.020,23.901,0.691,215,12,22,,
T,2023-05-11 00:47:30,6.27605808,-75.58674952,21.96,1538.531,23.901,0.297,296,12,22,,
T,2023-05-11 00:47:31,6.27605808,-75.58674952,4.90,1538.531,23.901,0.000,,12,22,,
T,2023-05-11 00:47:32,6.27605808,-75.58674952,4.90,1538.531,23.901,0.000,,12,22,,
T,2023-05-11 00:47:33,6.27605808,-75.58674952,4.90,1538.531,23.901,0.000,,12,22,,
T,2023-05-11 00:47:34,6.27605808,-75.58674952,4.90,1538.531,23.901,0.000,,12,22,,
T,2023-05-11 00:47:35,6.27605808,-75.58674952,4.90,1538.531,23.901,0.000,,12,22,,
T,2023-05-11 00:47:36,6.27605808,-75.58674952,4.90,1538.531,23.901,0.000,,12,22,,
T,2023-05-11 00:47:37,6.27605808,-75.58674952,4.90,1538.531,23.901,0.000,,12,22,,
T,2023-05-11 00:47:38,6.27605808,-75.58674952,4.90,1538.531,23.901,0.000,,12,22,,
T,2023-05-11 00:47:39,6.27605808,-75.58674952,4.90,1538.531,23.901,0.000,,12,22,,
T,2023-05-11 00:47:40,6.27605808,-75.58674952,4.90,1538.531,23.901,0.000,,12,22,,
T,2023-05-11 00:47:41,6.27605808,-75.58674952,4.90,1538.531,23.901,0.000,,12,22,,
T,2023-05-11 00:47:42,6.27605808,-75.58674952,4.90,1538.531,23.901,0.000,,11,22,,
T,2023-05-11 00:47:43,6.27605808,-75.58674952,4.90,1538.531,23.901,0.000,,10,22,,
T,2023-05-11 00:47:44,6.27605808,-75.58674952,4.90,1538.531,23.901,0.000,,9,22,,
T,2023-05-11 00:47:45,6.27605808,-75.58674952,4.90,1538.531,23.901,0.000,,9,22,,
T,2023-05-11 00:47:46,6.27605808,-75.58674952,4.90,1538.531,23.901,0.000,,8,22,,
T,2023-05-11 00:47:47,6.27605808,-75.58674952,4.90,1538.531,23.901,0.000,,8,22,,
T,2023-05-11 00:47:48,6.27605808,-75.58674952,4.90,1538.531,23.901,0.000,,9,22,,
T,2023-05-11 00:47:49,6.27605808,-75.58674952,4.90,1538.531,23.901,0.000,,9,22,,
T,2023-05-11 00:47:50,6.27605808,-75.58674952,4.90,1538.531,23.901,0.000,,9,22,,
T,2023-05-11 00:47:51,6.27605808,-75.58674952,4.90,1538.531,23.901,0.000,,9,22,,
T,2023-05-11 00:47:52,6.27605808,-75.58674952,4.90,1538.531,23.901,0.000,,9,22,,
T,2023-05-11 00:47:53,6.27605808,-75.58674952,4.90,1538.531,23.901,0.000,,10,22,,
T,2023-05-11 00:47:54,6.27605808,-75.58674952,4.90,1538.531,23.901,0.000,,10,22,,
T,2023-05-11 00:47:55,6.27605808,-75.58674952,4.90,1538.531,23.901,0.000,,10,22,,
T,2023-05-11 00:47:56,6.27605808,-75.58674952,4.90,1538.531,23.901,0.000,,10,22,,
T,2023-05-11 00:47:57,6.27605808,-75.58674952,4.90,1538.531,23.901,0.000,,10,22,,
T,2023-05-11 00:47:58,6.27605808,-75.58674952,4.90,1538.531,23.901,0.000,,10,22,,
T,2023-05-11 00:47:59,6.27605808,-75.58674952,4.90,1538.531,23.901,0.000,,10,22,,
T,2023-05-11 00:48:00,6.27605808,-75.58674952,4.90,1538.531,23.901,0.000,,10,22,,
T,2023-05-11 00:48:01,6.27605808,-75.58674952,4.90,1538.531,23.901,0.000,,9,22,,
T,2023-05-11 00:48:02,6.27605808,-75.58674952,4.90,1538.531,23.901,0.000,,9,22,,
T,2023-05-11 00:48:03,6.27605808,-75.58674952,4.90,1538.531,23.901,0.000,,9,22,,
T,2023-05-11 00:48:04,6.27605808,-75.58674952,4.90,1538.531,23.901,0.000,,9,22,,
T,2023-05-11 00:48:05,6.27605808,-75.58674952,4.90,1538.531,23.901,0.000,,9,22,,
T,2023-05-11 00:48:06,6.27605511,-75.58674111,31.17,1538.720,23.901,0.896,243,10,22,,
T,2023-05-11 00:48:07,6.27604851,-75.58674599,31.85,1538.835,23.901,1.610,224,9,22,,
T,2023-05-11 00:48:08,6.27603714,-75.58675130,32.13,1538.799,23.901,1.853,224,9,22,,
T,2023-05-11 00:48:09,6.27602408,-75.58673305,27.30,1538.990,23.901,1.361,180,11,22,,
T,2023-05-11 00:48:10,6.27602270,-75.58671723,27.15,1539.095,23.901,0.704,144,11,22,,
T,2023-05-11 00:48:11,6.27602041,-75.58670740,26.93,1539.099,23.901,0.661,167,11,22,,
T,2023-05-11 00:48:12,6.27600580,-75.58668886,27.25,1539.312,23.901,1.083,185,11,22,,
T,2023-05-11 00:48:13,6.27598640,-75.58666539,26.75,1539.658,23.901,1.229,185,11,22,,
T,2023-05-11 00:48:14,6.27597194,-75.58665815,25.59,1539.832,23.901,1.422,174,11,22,,
T,2023-05-11 00:48:15,6.27595030,-75.58663019,23.04,1540.318,23.901,1.580,168,12,22,,
T,2023-05-11 00:48:16,6.27593581,-75.58661382,24.17,1540.561,23.901,1.457,166,13,22,,
T,2023-05-11 00:48:17,6.27593050,-75.58661442,25.05,1540.513,23.901,1.076,182,13,22,,
T,2023-05-11 00:48:18,6.27593845,-75.58659877,23.24,1539.644,23.901,0.446,212,13,22,,
T,2023-05-11 00:48:19,6.27594542,-75.58659507,20.62,1539.578,23.901,0.315,200,13,22,,
T,2023-05-11 00:48:20,6.27594542,-75.58659507,4.90,1539.578,23.901,0.000,,13,22,,
T,2023-05-11 00:48:21,6.27594054,-75.58658511,18.47,1539.909,23.901,0.788,156,13,22,,
T,2023-05-11 00:48:22,6.27593728,-75.58657434,19.11,1539.932,23.901,1.612,125,13,22,,
T,2023-05-11 00:48:23,6.27593405,-75.58655510,19.67,1539.857,23.901,2.009,92,12,22,,
T,2023-05-11 00:48:24,6.27592872,-75.58653643,19.30,1539.895,23.901,1.967,92,12,22,,
T,2023-05-11 00:48:25,6.27592868,-75.58652504,19.71,1539.811,23.900,1.579,89,12,22,,
T,2023-05-11 00:48:26,6.27592485,-75.58652114,20.43,1539.619,23.900,0.632,87,12,22,,
T,2023-05-11 00:48:27,6.27592296,-75.58651579,21.58,1539.829,23.900,0.479,56,12,22,,
T,2023-05-11 00:48:28,6.27592470,-75.58651107,22.62,1539.531,23.900,0.525,27,11,22,,
T,2023-05-11 00:48:29,6.27591929,-75.58650547,22.32,1538.973,23.900,0.226,329,11,22,,
T,2023-05-11 00:48:30,6.27591929,-75.58650547,4.90,1538.973,23.900,0.000,,11,22,,
T,2023-05-11 00:48:31,6.27591929,-75.58650547,4.90,1538.973,23.900,0.000,,9,22,,
T,2023-05-11 00:48:32,6.27591929,-75.58650547,4.90,1538.973,23.900,0.000,,9,22,,
T,2023-05-11 00:48:33,6.27591929,-75.58650547,4.90,1538.973,23.900,0.000,,9,22,,
T,2023-05-11 00:48:34,6.27591929,-75.58650547,4.90,1538.973,23.900,0.000,,9,22,,
T,2023-05-11 00:48:35,6.27591929,-75.58650547,4.90,1538.973,23.900,0.000,,9,22,,
T,2023-05-11 00:48:36,6.27591929,-75.58650547,4.90,1538.973,23.900,0.000,,10,22,,
T,2023-05-11 00:48:37,6.27591929,-75.58650547,4.90,1538.973,23.900,0.000,,10,22,,
T,2023-05-11 00:48:38,6.27591929,-75.58650547,4.90,1538.973,23.900,0.000,,10,22,,
T,2023-05-11 00:48:39,6.27591929,-75.58650547,4.90,1538.973,23.900,0.000,,10,22,,
T,2023-05-11 00:48:40,6.27591929,-75.58650547,4.90,1538.973,23.900,0.000,,10,22,,
T,2023-05-11 00:48:41,6.27591929,-75.58650547,4.90,1538.973,23.900,0.000,,10,22,,
T,2023-05-11 00:48:42,6.27591329,-75.58650600,31.71,1538.517,23.900,0.604,247,10,22,,
T,2023-05-11 00:48:43,6.27590558,-75.58650173,31.58,1537.825,23.900,0.836,186,10,22,,
T,2023-05-11 00:48:44,6.27590300,-75.58649412,31.48,1537.787,23.900,1.261,137,10,22,,
T,2023-05-11 00:48:45,6.27590202,-75.58648718,31.43,1537.844,23.900,0.793,114,10,22,,
T,2023-05-11 00:48:46,6.27589688,-75.58648394,31.38,1537.553,23.900,0.523,140,10,22,,
T,2023-05-11 00:48:47,6.27589443,-75.58648010,31.01,1537.389,23.900,0.630,121,11,22,,
T,2023-05-11 00:48:48,6.27589408,-75.58647536,31.01,1537.360,23.900,0.704,97,11,22,,
T,2023-05-11 00:48:49,6.27589418,-75.58646989,31.09,1537.304,23.900,0.602,99,11,22,,
T,2023-05-11 00:48:50,6.27589316,-75.58646580,30.86,1537.136,23.900,0.619,112,12,22,,
T,2023-05-11 00:48:51,6.27589157,-75.58646379,30.96,1536.865,23.900,0.175,138,12,22,,
T,2023-05-11 00:48:52,6.27588906,-75.58646672,30.99,1537.046,23.900,0.592,168,12,22,,
T,2023-05-11 00:48:53,6.27588242,-75.58647177,30.52,1536.467,23.900,0.715,203,12,22,,
T,2023-05-11 00:48:54,6.27587815,-75.58647222,21.56,1535.585,23.900,0.405,233,12,22,,
T,2023-05-11 00:48:55,6.27587154,-75.58647110,23.83,1534.219,23.900,0.150,211,12,22,,
