type,date time,latitude,longitude,accuracy(m),altitude(m),geoid_height(m),speed(m/s),bearing(deg),sat_used,sat_inview,name,desc
T,2023-03-08 00:40:44,6.24757374,-75.56535072,11.21,1538.041,23.855,0.000,,16,21,20230307-194044,GPS Logger: 20230307-194044 - Fz16-8
T,2023-03-08 00:40:45,6.24758515,-75.56534576,10.21,1541.004,23.854,0.000,,17,22,,
T,2023-03-08 00:40:46,6.24759148,-75.56533985,9.55,1541.728,23.854,0.000,,18,22,,
T,2023-03-08 00:40:47,6.24757998,-75.56533392,9.18,1544.114,23.854,0.000,,18,23,,
T,2023-03-08 00:40:48,6.24756221,-75.56533084,8.87,1537.513,23.854,0.220,116,18,22,,
T,2023-03-08 00:40:49,6.24752907,-75.56532913,8.38,1533.218,23.855,0.000,,18,22,,
T,2023-03-08 00:40:50,6.24752584,-75.56532956,8.32,1532.635,23.855,0.000,,18,22,,
T,2023-03-08 00:40:51,6.24753046,-75.56533036,8.00,1533.743,23.855,0.000,,17,22,,
T,2023-03-08 00:40:52,6.24752893,-75.56533459,7.80,1532.465,23.855,0.000,,17,22,,
T,2023-03-08 00:40:53,6.24753292,-75.56534017,7.56,1531.503,23.855,0.000,,17,23,,
T,2023-03-08 00:40:54,6.24752105,-75.56534637,7.30,1529.049,23.855,0.000,,18,23,,
T,2023-03-08 00:40:55,6.24750538,-75.56536833,7.03,1525.656,23.855,0.000,,16,22,,
T,2023-03-08 00:40:56,6.24750321,-75.56539872,6.72,1522.774,23.855,0.930,326,16,23,,
T,2023-03-08 00:40:57,6.24750024,-75.56542581,6.65,1519.929,23.855,1.430,302,18,23,,
T,2023-03-08 00:40:58,6.24748326,-75.56545155,6.72,1516.464,23.855,0.970,302,17,23,,
T,2023-03-08 00:40:59,6.24747409,-75.56547214,6.45,1515.064,23.855,1.130,282,17,23,,
T,2023-03-08 00:41:00,6.24745836,-75.56549583,6.41,1511.234,23.856,1.630,265,17,23,,
T,2023-03-08 00:41:01,6.24745298,-75.56551280,6.68,1510.161,23.856,1.180,268,17,23,,
T,2023-03-08 00:41:02,6.24745492,-75.56552888,6.94,1509.527,23.856,1.200,292,17,24,,
T,2023-03-08 00:41:03,6.24745350,-75.56555028,6.36,1507.020,23.856,1.200,297,17,24,,
T,2023-03-08 00:41:04,6.24745165,-75.56557097,6.33,1504.890,23.856,1.320,321,17,25,,
T,2023-03-08 00:41:05,6.24745238,-75.56558679,6.27,1503.427,23.856,1.160,321,18,26,,
T,2023-03-08 00:41:06,6.24745110,-75.56560470,5.82,1501.800,23.856,1.220,295,16,28,,
T,2023-03-08 00:41:07,6.24745336,-75.56562293,5.28,1501.445,23.856,1.440,304,18,28,,
T,2023-03-08 00:41:08,6.24745674,-75.56563879,4.95,1500.076,23.856,1.220,298,18,29,,
T,2023-03-08 00:41:09,6.24745771,-75.56565422,4.66,1499.873,23.856,1.110,281,18,29,,
T,2023-03-08 00:41:10,6.24745280,-75.56566964,4.42,1499.438,23.856,0.960,286,19,30,,
T,2023-03-08 00:41:11,6.24745514,-75.56568422,4.28,1499.117,23.856,1.120,294,20,30,,
T,2023-03-08 00:41:12,6.24745547,-75.56569718,4.23,1498.751,23.857,1.090,283,20,30,,
T,2023-03-08 00:41:13,6.24745824,-75.56570847,4.41,1498.672,23.857,1.080,283,20,29,,
T,2023-03-08 00:41:14,6.24746761,-75.56571832,4.46,1498.220,23.857,1.180,309,20,29,,
T,2023-03-08 00:41:15,6.24747674,-75.56572782,4.47,1497.778,23.857,1.000,310,20,28,,
T,2023-03-08 00:41:16,6.24748967,-75.56573262,4.59,1497.721,23.857,1.220,342,19,28,,
T,2023-03-08 00:41:17,6.24749913,-75.56573924,4.64,1497.670,23.857,1.070,329,19,28,,
T,2023-03-08 00:41:18,6.24750713,-75.56574156,4.42,1497.374,23.857,0.950,348,17,28,,
T,2023-03-08 00:41:19,6.24752164,-75.56573599,4.35,1498.402,23.857,1.130,16,18,28,,
T,2023-03-08 00:41:20,6.24753509,-75.56573012,4.37,1498.720,23.857,1.000,15,19,28,,
T,2023-03-08 00:41:21,6.24754771,-75.56572344,4.23,1498.755,23.857,1.000,24,19,27,,
T,2023-03-08 00:41:22,6.24754560,-75.56571825,4.06,1497.805,23.856,0.000,,19,28,,
T,2023-03-08 00:41:23,6.24753882,-75.56571701,3.94,1497.041,23.857,0.610,195,19,27,,
T,2023-03-08 00:41:24,6.24753551,-75.56571447,3.93,1497.079,23.856,0.000,,19,27,,
T,2023-03-08 00:41:25,6.24753489,-75.56571371,3.85,1497.089,23.856,0.000,,19,27,,
T,2023-03-08 00:41:26,6.24753465,-75.56571344,3.84,1497.097,23.856,0.000,,19,27,,
T,2023-03-08 00:41:27,6.24753454,-75.56571334,3.79,1497.098,23.856,0.000,,19,27,,
T,2023-03-08 00:41:28,6.24753448,-75.56571325,3.79,1497.101,23.856,0.000,,19,27,,
T,2023-03-08 00:41:29,6.24753444,-75.56571316,3.79,1497.114,23.856,0.000,,17,27,,
T,2023-03-08 00:41:30,6.24753442,-75.56571310,3.79,1497.123,23.856,0.000,,18,27,,
T,2023-03-08 00:41:31,6.24753441,-75.56571303,3.79,1497.134,23.856,0.000,,18,27,,
T,2023-03-08 00:41:32,6.24753440,-75.56571296,3.79,1497.130,23.856,0.000,,18,27,,
T,2023-03-08 00:41:33,6.24753440,-75.56571289,3.79,1497.132,23.856,0.000,,18,28,,
T,2023-03-08 00:41:34,6.24753438,-75.56571282,3.79,1497.137,23.856,0.000,,18,28,,
T,2023-03-08 00:41:35,6.24753435,-75.56571277,3.79,1497.138,23.856,0.000,,18,28,,
T,2023-03-08 00:41:36,6.24753432,-75.56571269,3.79,1497.139,23.856,0.000,,18,28,,
T,2023-03-08 00:41:37,6.24753430,-75.56571263,3.79,1497.143,23.856,0.000,,18,28,,
T,2023-03-08 00:41:38,6.24753428,-75.56571261,3.79,1497.147,23.856,0.000,,18,28,,
T,2023-03-08 00:41:39,6.24753426,-75.56571258,3.79,1497.137,23.856,0.000,,18,28,,
T,2023-03-08 00:41:40,6.24753424,-75.56571251,3.79,1497.141,23.856,0.000,,18,27,,
T,2023-03-08 00:41:41,6.24753421,-75.56571243,3.79,1497.133,23.856,0.000,,18,27,,
T,2023-03-08 00:41:42,6.24753416,-75.56571236,3.79,1497.125,23.856,0.000,,18,27,,
T,2023-03-08 00:41:43,6.24753409,-75.56571233,3.79,1497.115,23.856,0.000,,18,27,,
T,2023-03-08 00:41:44,6.24753406,-75.56571228,3.79,1497.119,23.856,0.000,,18,27,,
T,2023-03-08 00:41:45,6.24753403,-75.56571225,3.79,1497.122,23.856,0.000,,18,28,,
T,2023-03-08 00:41:46,6.24753400,-75.56571221,3.79,1497.117,23.856,0.000,,18,28,,
T,2023-03-08 00:41:47,6.24753397,-75.56571216,3.79,1497.113,23.856,0.000,,18,28,,
T,2023-03-08 00:41:48,6.24753394,-75.56571210,3.79,1497.115,23.856,0.000,,18,28,,
T,2023-03-08 00:41:49,6.24753389,-75.56571207,3.79,1497.110,23.856,0.000,,18,29,,
T,2023-03-08 00:41:50,6.24753800,-75.56570627,3.79,1497.421,23.856,1.170,27,18,30,,
T,2023-03-08 00:41:51,6.24755761,-75.56570227,3.79,1497.096,23.856,2.050,21,18,29,,
T,2023-03-08 00:41:52,6.24759008,-75.56569318,3.79,1496.932,23.856,3.620,21,19,29,,
T,2023-03-08 00:41:53,6.24761951,-75.56567928,3.79,1496.653,23.856,3.560,27,19,29,,
T,2023-03-08 00:41:54,6.24763937,-75.56565869,3.79,1496.555,23.856,3.180,43,19,29,,
T,2023-03-08 00:41:55,6.24765160,-75.56563800,3.79,1497.500,23.856,2.660,48,19,29,,
T,2023-03-08 00:41:56,6.24766470,-75.56557112,4.12,1498.586,23.856,2.160,52,19,30,,
T,2023-03-08 00:41:57,6.24766844,-75.56555601,4.22,1500.146,23.855,1.840,67,19,30,,
T,2023-03-08 00:41:58,6.24767864,-75.56555013,3.79,1499.067,23.855,1.320,39,19,31,,
T,2023-03-08 00:41:59,6.24768394,-75.56554900,3.79,1499.099,23.855,0.600,32,13,31,,
T,2023-03-08 00:42:00,6.24769480,-75.56554636,4.34,1499.073,23.855,0.190,45,15,31,,
T,2023-03-08 00:42:01,6.24769900,-75.56554528,4.40,1498.850,23.855,0.330,32,17,29,,
T,2023-03-08 00:42:02,6.24770664,-75.56554327,4.46,1499.368,23.855,0.780,10,17,29,,
T,2023-03-08 00:42:03,6.24771186,-75.56554754,4.96,1498.184,23.855,0.890,3,18,29,,
T,2023-03-08 00:42:04,6.24772062,-75.56554531,5.06,1498.036,23.855,1.470,32,19,29,,
T,2023-03-08 00:42:05,6.24773261,-75.56553593,5.09,1497.380,23.855,2.410,41,19,30,,
T,2023-03-08 00:42:06,6.24774534,-75.56552712,4.98,1496.681,23.855,2.000,40,19,29,,
T,2023-03-08 00:42:07,6.24776748,-75.56551291,4.68,1496.677,23.855,3.610,34,18,30,,
T,2023-03-08 00:42:08,6.24780774,-75.56548736,4.92,1495.948,23.855,5.680,42,20,30,,
T,2023-03-08 00:42:09,6.24785637,-75.56546107,5.08,1496.481,23.855,6.250,33,19,29,,
T,2023-03-08 00:42:10,6.24789224,-75.56543334,5.96,1496.546,23.854,5.130,35,18,28,,
T,2023-03-08 00:42:11,6.24792745,-75.56542023,5.73,1496.547,23.854,4.220,26,18,28,,
T,2023-03-08 00:42:12,6.24796421,-75.56540060,6.00,1496.847,23.854,4.390,27,18,29,,
T,2023-03-08 00:42:13,6.24799319,-75.56538231,5.81,1497.061,23.854,4.070,33,19,30,,
T,2023-03-08 00:42:14,6.24801753,-75.56536511,5.25,1496.798,23.854,4.190,33,17,29,,
T,2023-03-08 00:42:15,6.24805906,-75.56534132,5.23,1496.338,23.854,5.190,31,16,29,,
T,2023-03-08 00:42:16,6.24810736,-75.56530730,5.07,1496.412,23.853,6.130,38,18,28,,
T,2023-03-08 00:42:17,6.24814441,-75.56528290,4.48,1496.158,23.853,5.530,39,18,30,,
T,2023-03-08 00:42:18,6.24818133,-75.56526422,4.37,1496.314,23.853,4.530,37,20,30,,
T,2023-03-08 00:42:19,6.24821176,-75.56524537,4.11,1496.312,23.853,3.890,36,21,30,,
T,2023-03-08 00:42:20,6.24824042,-75.56522960,3.92,1495.852,23.853,3.730,35,21,30,,
T,2023-03-08 00:42:21,6.24826052,-75.56521479,3.81,1495.084,23.852,3.680,34,21,30,,
T,2023-03-08 00:42:22,6.24828646,-75.56520867,3.79,1492.351,23.852,3.620,36,21,30,,
T,2023-03-08 00:42:23,6.24831349,-75.56519161,3.79,1492.193,23.852,3.630,35,20,28,,
T,2023-03-08 00:42:24,6.24834231,-75.56517315,4.09,1492.173,23.852,3.810,34,21,28,,
T,2023-03-08 00:42:25,6.24836352,-75.56515334,3.80,1489.303,23.852,4.080,34,19,27,,
T,2023-03-08 00:42:26,6.24837718,-75.56513816,3.79,1487.655,23.852,3.340,36,19,27,,
T,2023-03-08 00:42:27,6.24838661,-75.56512515,3.79,1486.966,23.852,2.720,36,19,27,,
T,2023-03-08 00:42:28,6.24840108,-75.56511067,3.79,1486.723,23.852,2.970,36,19,28,,
T,2023-03-08 00:42:29,6.24841610,-75.56509628,3.79,1486.071,23.852,2.920,35,19,28,,
T,2023-03-08 00:42:30,6.24843659,-75.56507910,3.79,1485.136,23.851,3.460,34,18,27,,
T,2023-03-08 00:42:31,6.24846977,-75.56505728,3.79,1484.651,23.851,4.760,33,18,28,,
T,2023-03-08 00:42:32,6.24851107,-75.56502605,3.79,1484.229,23.851,5.420,33,19,28,,
T,2023-03-08 00:42:33,6.24854864,-75.56499812,3.79,1483.949,23.851,5.130,33,20,29,,
T,2023-03-08 00:42:34,6.24858118,-75.56498126,3.79,1483.594,23.851,4.120,34,19,29,,
T,2023-03-08 00:42:35,6.24860398,-75.56496604,3.79,1484.641,23.851,3.490,33,19,31,,
T,2023-03-08 00:42:36,6.24862928,-75.56495330,3.79,1485.716,23.850,3.130,30,20,30,,
T,2023-03-08 00:42:37,6.24864935,-75.56494247,3.79,1484.953,23.850,2.770,31,18,30,,
T,2023-03-08 00:42:38,6.24867533,-75.56493740,3.79,1486.539,23.850,2.910,31,18,30,,
T,2023-03-08 00:42:39,6.24869394,-75.56492265,3.79,1486.105,23.850,2.180,35,15,30,,
T,2023-03-08 00:42:40,6.24870805,-75.56491391,3.79,1486.016,23.850,1.720,35,14,30,,
T,2023-03-08 00:42:41,6.24872041,-75.56490815,3.79,1486.049,23.850,1.410,33,15,30,,
T,2023-03-08 00:42:42,6.24872865,-75.56490460,3.79,1486.319,23.850,1.150,31,13,31,,
T,2023-03-08 00:42:43,6.24873767,-75.56490183,3.79,1486.890,23.850,1.040,29,13,31,,
T,2023-03-08 00:42:44,6.24875136,-75.56489963,3.79,1487.166,23.850,1.420,20,12,31,,
T,2023-03-08 00:42:45,6.24875950,-75.56489875,3.79,1486.186,23.850,0.640,24,12,31,,
T,2023-03-08 00:42:46,6.24876615,-75.56489330,3.95,1484.495,23.850,0.500,49,14,31,,
T,2023-03-08 00:42:47,6.24877089,-75.56489081,4.16,1484.524,23.850,0.390,28,17,31,,
T,2023-03-08 00:42:48,6.24877489,-75.56489192,3.97,1485.023,23.850,0.000,,17,31,,
T,2023-03-08 00:42:49,6.24877242,-75.56488986,4.00,1485.314,23.850,0.000,,17,31,,
T,2023-03-08 00:42:50,6.24877001,-75.56488708,3.93,1485.167,23.850,0.000,,16,29,,
T,2023-03-08 00:42:51,6.24877100,-75.56488827,3.88,1485.134,23.850,0.000,,17,30,,
T,2023-03-08 00:42:52,6.24877261,-75.56488996,3.86,1484.715,23.850,0.000,,16,30,,
T,2023-03-08 00:42:53,6.24877442,-75.56489165,3.79,1484.916,23.850,0.000,,14,30,,
T,2023-03-08 00:42:54,6.24877659,-75.56489326,3.79,1485.042,23.850,0.000,,14,30,,
T,2023-03-08 00:42:55,6.24877991,-75.56489686,3.79,1484.836,23.850,0.000,,14,29,,
T,2023-03-08 00:42:56,6.24878482,-75.56490036,3.88,1484.872,23.850,0.000,,14,29,,
T,2023-03-08 00:42:57,6.24879000,-75.56490513,3.88,1484.876,23.850,0.000,,15,29,,
T,2023-03-08 00:42:58,6.24879161,-75.56490580,3.79,1484.905,23.850,0.000,,15,29,,
T,2023-03-08 00:42:59,6.24879289,-75.56490563,3.79,1485.062,23.850,0.000,,16,29,,
T,2023-03-08 00:43:00,6.24879337,-75.56490556,3.79,1485.122,23.850,0.000,,16,29,,
T,2023-03-08 00:43:01,6.24879345,-75.56490555,3.82,1485.147,23.850,0.000,,16,30,,
T,2023-03-08 00:43:02,6.24879432,-75.56490545,3.79,1485.249,23.850,0.000,,15,29,,
T,2023-03-08 00:43:03,6.24879452,-75.56490541,3.79,1485.252,23.850,0.000,,16,29,,
T,2023-03-08 00:43:04,6.24879449,-75.56490549,3.79,1485.238,23.850,0.000,,14,29,,
T,2023-03-08 00:43:05,6.24879445,-75.56490551,3.79,1485.233,23.850,0.000,,14,28,,
T,2023-03-08 00:43:06,6.24879443,-75.56490551,3.79,1485.231,23.850,0.000,,15,28,,
T,2023-03-08 00:43:07,6.24879464,-75.56490552,3.79,1485.263,23.850,0.000,,15,28,,
T,2023-03-08 00:43:08,6.24879462,-75.56490556,3.79,1485.249,23.850,0.000,,16,28,,
T,2023-03-08 00:43:09,6.24879568,-75.56490576,3.79,1485.368,23.850,0.000,,17,28,,
T,2023-03-08 00:43:10,6.24879783,-75.56490586,3.79,1485.606,23.850,0.000,,19,28,,
T,2023-03-08 00:43:11,6.24880014,-75.56490556,3.79,1485.876,23.850,0.000,,18,28,,
T,2023-03-08 00:43:12,6.24880077,-75.56490548,3.79,1485.885,23.850,0.000,,20,27,,
T,2023-03-08 00:43:13,6.24880077,-75.56490557,3.79,1485.864,23.850,0.000,,20,27,,
T,2023-03-08 00:43:14,6.24880153,-75.56490559,3.79,1485.950,23.850,0.000,,20,27,,
T,2023-03-08 00:43:15,6.24880207,-75.56490591,3.79,1485.965,23.850,0.000,,20,27,,
T,2023-03-08 00:43:16,6.24880309,-75.56490613,3.79,1486.062,23.850,0.000,,20,27,,
T,2023-03-08 00:43:17,6.24880464,-75.56490634,3.79,1486.212,23.850,0.000,,21,27,,
T,2023-03-08 00:43:18,6.24880433,-75.56490679,3.79,1486.067,23.850,0.000,,20,27,,
T,2023-03-08 00:43:19,6.24880459,-75.56490699,3.79,1486.089,23.850,0.000,,20,27,,
T,2023-03-08 00:43:20,6.24880480,-75.56490699,3.79,1486.109,23.850,0.000,,20,27,,
T,2023-03-08 00:43:21,6.24880500,-75.56490699,3.79,1486.131,23.850,0.000,,20,27,,
T,2023-03-08 00:43:22,6.24880538,-75.56490700,9.94,1486.161,23.850,0.000,,20,27,,
T,2023-03-08 00:43:23,6.24880558,-75.56490700,9.94,1486.177,23.850,0.000,,18,28,,
T,2023-03-08 00:43:24,6.24880559,-75.56490696,9.94,1486.197,23.850,0.000,,19,28,,
T,2023-03-08 00:43:25,6.24880556,-75.56490692,9.94,1486.214,23.850,0.000,,19,28,,
T,2023-03-08 00:43:26,6.24880568,-75.56490694,9.94,1486.228,23.850,0.000,,19,28,,
T,2023-03-08 00:43:27,6.24880583,-75.56490701,9.94,1486.249,23.850,0.000,,19,28,,
T,2023-03-08 00:43:28,6.24880595,-75.56490706,9.94,1486.264,23.850,0.000,,19,28,,
T,2023-03-08 00:43:29,6.24880608,-75.56490709,9.94,1486.286,23.850,0.000,,19,28,,
T,2023-03-08 00:43:30,6.24880614,-75.56490707,9.94,1486.298,23.850,0.000,,19,28,,
T,2023-03-08 00:43:31,6.24880616,-75.56490705,9.94,1486.307,23.850,0.000,,18,28,,
T,2023-03-08 00:43:32,6.24881188,-75.56490094,10.39,1486.293,23.850,0.910,45,14,28,,
T,2023-03-08 00:43:33,6.24883951,-75.56488437,9.94,1486.430,23.850,4.310,35,12,28,,
T,2023-03-08 00:43:34,6.24887982,-75.56486456,9.94,1485.905,23.849,4.500,33,12,27,,
T,2023-03-08 00:43:35,6.24893966,-75.56484279,9.94,1486.512,23.849,5.950,34,12,27,,
T,2023-03-08 00:43:36,6.24898837,-75.56481686,9.94,1487.123,23.849,6.000,38,12,27,,
T,2023-03-08 00:43:37,6.24903779,-75.56478007,9.94,1487.152,23.849,6.250,35,14,27,,
T,2023-03-08 00:43:38,6.24908640,-75.56475210,10.00,1486.670,23.848,6.140,33,15,28,,
T,2023-03-08 00:43:39,6.24914068,-75.56472393,9.96,1486.917,23.848,6.340,30,16,29,,
T,2023-03-08 00:43:40,6.24918230,-75.56468057,9.94,1485.423,23.848,7.030,31,16,29,,
T,2023-03-08 00:43:41,6.24923044,-75.56464552,9.94,1484.688,23.848,7.020,28,16,29,,
T,2023-03-08 00:43:42,6.24928495,-75.56461070,9.94,1484.084,23.847,7.610,27,19,29,,
T,2023-03-08 00:43:43,6.24936217,-75.56457561,9.94,1484.436,23.847,8.960,26,19,29,,
T,2023-03-08 00:43:44,6.24943842,-75.56452880,9.94,1483.815,23.847,10.240,27,19,29,,
T,2023-03-08 00:43:45,6.24950530,-75.56448422,9.94,1482.487,23.846,10.420,28,21,29,,
T,2023-03-08 00:43:46,6.24958191,-75.56443860,9.94,1482.249,23.846,11.120,29,21,29,,
T,2023-03-08 00:43:47,6.24966683,-75.56438569,9.94,1480.804,23.845,11.760,29,20,29,,
T,2023-03-08 00:43:48,6.24975916,-75.56432578,10.08,1480.850,23.845,12.210,30,20,29,,
T,2023-03-08 00:43:49,6.24985114,-75.56426943,10.09,1480.485,23.844,12.180,34,20,29,,
T,2023-03-08 00:43:50,6.24994440,-75.56420895,10.20,1480.945,23.844,12.260,33,20,29,,
T,2023-03-08 00:43:51,6.25004377,-75.56415704,3.97,1480.628,23.844,12.180,31,20,29,,
T,2023-03-08 00:43:52,6.25014114,-75.56410467,3.83,1480.803,23.843,12.170,31,19,29,,
T,2023-03-08 00:43:53,6.25024106,-75.56404407,3.79,1481.169,23.842,12.680,31,19,28,,
T,2023-03-08 00:43:54,6.25033284,-75.56398108,3.80,1480.839,23.842,12.200,30,17,29,,
T,2023-03-08 00:43:55,6.25043182,-75.56392359,3.85,1480.734,23.841,12.000,30,18,30,,
T,2023-03-08 00:43:56,6.25052618,-75.56386777,4.10,1480.704,23.841,11.640,29,17,29,,
T,2023-03-08 00:43:57,6.25062140,-75.56381437,4.29,1481.844,23.840,11.780,28,18,28,,
T,2023-03-08 00:43:58,6.25071026,-75.56376070,4.72,1483.135,23.840,11.420,26,18,28,,
T,2023-03-08 00:43:59,6.25078952,-75.56372033,4.97,1483.891,23.840,10.190,24,18,28,,
T,2023-03-08 00:44:00,6.25086159,-75.56368588,5.32,1484.020,23.839,9.140,25,18,28,,
T,2023-03-08 00:44:01,6.25093267,-75.56364282,5.26,1484.248,23.839,8.860,26,19,28,,
T,2023-03-08 00:44:02,6.25099699,-75.56361040,4.92,1484.559,23.838,7.950,25,18,28,,
T,2023-03-08 00:44:03,6.25106133,-75.56357280,4.58,1484.974,23.838,8.230,28,18,28,,
T,2023-03-08 00:44:04,6.25114398,-75.56353570,4.76,1485.565,23.838,8.320,28,18,28,,
T,2023-03-08 00:44:05,6.25121272,-75.56349642,4.93,1485.327,23.837,8.620,25,17,28,,
T,2023-03-08 00:44:06,6.25128487,-75.56345499,5.06,1485.161,23.837,9.120,25,17,28,,
T,2023-03-08 00:44:07,6.25135735,-75.56341835,4.98,1485.199,23.837,9.270,25,16,28,,
T,2023-03-08 00:44:08,6.25144129,-75.56337643,4.95,1484.843,23.836,10.310,25,16,28,,
T,2023-03-08 00:44:09,6.25151934,-75.56333174,4.71,1484.136,23.836,10.680,28,16,28,,
T,2023-03-08 00:44:10,6.25161130,-75.56326872,4.64,1484.066,23.835,11.720,29,16,27,,
T,2023-03-08 00:44:11,6.25171365,-75.56320875,4.50,1484.896,23.835,12.270,28,16,26,,
T,2023-03-08 00:44:12,6.25180026,-75.56314769,4.20,1484.740,23.834,12.340,28,15,26,,
T,2023-03-08 00:44:13,6.25189378,-75.56309676,4.33,1484.798,23.834,11.920,27,15,27,,
T,2023-03-08 00:44:14,6.25197578,-75.56305076,4.35,1484.702,23.833,11.060,27,15,28,,
T,2023-03-08 00:44:15,6.25205789,-75.56300596,4.14,1484.893,23.833,10.530,27,16,28,,
T,2023-03-08 00:44:16,6.25213936,-75.56296210,4.07,1485.073,23.833,10.370,27,18,30,,
T,2023-03-08 00:44:17,6.25222378,-75.56292239,4.11,1485.310,23.832,10.290,27,18,30,,
T,2023-03-08 00:44:18,6.25229935,-75.56287353,4.08,1485.179,23.832,10.220,30,19,30,,
T,2023-03-08 00:44:19,6.25237748,-75.56282923,4.33,1485.481,23.831,10.240,29,19,30,,
T,2023-03-08 00:44:20,6.25244064,-75.56279583,4.18,1484.877,23.831,10.140,27,20,30,,
T,2023-03-08 00:44:21,6.25251894,-75.56275440,4.36,1485.132,23.831,10.100,27,20,29,,
T,2023-03-08 00:44:22,6.25259109,-75.56271451,4.66,1484.824,23.830,9.220,27,21,30,,
T,2023-03-08 00:44:23,6.25266305,-75.56267857,4.77,1485.364,23.830,8.490,27,21,30,,
T,2023-03-08 00:44:24,6.25271914,-75.56264907,4.35,1484.375,23.830,7.770,27,21,31,,
T,2023-03-08 00:44:25,6.25277518,-75.56261599,4.17,1484.032,23.829,7.270,28,21,31,,
T,2023-03-08 00:44:26,6.25282971,-75.56258105,3.94,1483.334,23.829,7.060,30,21,31,,
T,2023-03-08 00:44:27,6.25285675,-75.56255513,3.79,1481.688,23.829,6.520,30,21,31,,
T,2023-03-08 00:44:28,6.25289592,-75.56253417,3.79,1480.456,23.829,6.200,27,21,31,,
T,2023-03-08 00:44:29,6.25294120,-75.56250998,3.79,1480.060,23.828,5.640,26,21,31,,
T,2023-03-08 00:44:30,6.25298065,-75.56248894,3.79,1479.743,23.828,4.910,26,21,31,,
T,2023-03-08 00:44:31,6.25299769,-75.56247607,3.79,1478.936,23.828,3.620,28,21,31,,
T,2023-03-08 00:44:32,6.25302376,-75.56246096,3.79,1479.355,23.828,3.250,30,20,31,,
T,2023-03-08 00:44:33,6.25304503,-75.56244829,3.79,1479.392,23.828,2.760,33,19,31,,
T,2023-03-08 00:44:34,6.25306248,-75.56243914,3.79,1479.204,23.828,2.320,22,19,31,,
T,2023-03-08 00:44:35,6.25306698,-75.56243848,3.79,1477.711,23.828,1.540,15,20,31,,
T,2023-03-08 00:44:36,6.25307998,-75.56243409,3.79,1477.800,23.828,1.770,21,20,31,,
T,2023-03-08 00:44:37,6.25308955,-75.56242899,3.79,1477.390,23.828,1.290,26,20,31,,
T,2023-03-08 00:44:38,6.25309786,-75.56242416,3.79,1477.376,23.828,1.110,22,21,31,,
T,2023-03-08 00:44:39,6.25309996,-75.56241929,3.79,1476.792,23.827,0.480,32,21,31,,
T,2023-03-08 00:44:40,6.25309611,-75.56241664,3.79,1476.692,23.827,0.000,,21,31,,
T,2023-03-08 00:44:41,6.25309577,-75.56241491,3.79,1477.213,23.827,0.000,,21,31,,
T,2023-03-08 00:44:42,6.25309561,-75.56241476,3.79,1477.421,23.827,0.000,,20,31,,
T,2023-03-08 00:44:43,6.25309572,-75.56241550,3.79,1477.770,23.827,0.000,,20,30,,
T,2023-03-08 00:44:44,6.25309541,-75.56241504,3.79,1478.153,23.827,0.000,,20,29,,
T,2023-03-08 00:44:45,6.25309476,-75.56241370,3.79,1478.586,23.827,0.000,,20,28,,
T,2023-03-08 00:44:46,6.25309416,-75.56241273,3.79,1479.034,23.827,0.000,,19,28,,
T,2023-03-08 00:44:47,6.25309313,-75.56241090,3.79,1479.818,23.827,0.000,,18,29,,
T,2023-03-08 00:44:48,6.25309317,-75.56241172,3.79,1479.880,23.827,0.000,,18,29,,
T,2023-03-08 00:44:49,6.25309392,-75.56241355,3.79,1480.029,23.827,0.000,,17,29,,
T,2023-03-08 00:44:50,6.25309409,-75.56241395,3.79,1480.177,23.827,0.000,,17,29,,
T,2023-03-08 00:44:51,6.25309427,-75.56241317,3.79,1480.224,23.827,0.000,,17,28,,
T,2023-03-08 00:44:52,6.25309482,-75.56241270,3.79,1480.242,23.827,0.000,,20,29,,
T,2023-03-08 00:44:53,6.25309505,-75.56241258,3.79,1480.250,23.827,0.000,,20,28,,
T,2023-03-08 00:44:54,6.25309517,-75.56241255,3.79,1480.255,23.827,0.000,,20,28,,
T,2023-03-08 00:44:55,6.25309525,-75.56241253,3.85,1480.256,23.827,0.000,,20,28,,
T,2023-03-08 00:44:56,6.25309530,-75.56241250,3.93,1480.253,23.827,0.000,,20,28,,
T,2023-03-08 00:44:57,6.25309534,-75.56241249,3.90,1480.251,23.827,0.000,,20,28,,
T,2023-03-08 00:44:58,6.25309538,-75.56241245,3.94,1480.251,23.827,0.000,,19,28,,
T,2023-03-08 00:44:59,6.25309541,-75.56241242,3.81,1480.253,23.827,0.000,,18,28,,
T,2023-03-08 00:45:00,6.25309544,-75.56241239,3.80,1480.252,23.827,0.000,,18,28,,
T,2023-03-08 00:45:01,6.25309547,-75.56241236,3.89,1480.255,23.827,0.000,,18,27,,
T,2023-03-08 00:45:02,6.25309554,-75.56241244,3.85,1480.238,23.827,0.000,,17,27,,
T,2023-03-08 00:45:03,6.25309558,-75.56241245,3.81,1480.241,23.827,0.000,,19,28,,
T,2023-03-08 00:45:04,6.25309562,-75.56241245,3.79,1480.243,23.827,0.000,,19,28,,
T,2023-03-08 00:45:05,6.25309566,-75.56241244,3.79,1480.245,23.827,0.000,,19,27,,
T,2023-03-08 00:45:06,6.25309569,-75.56241243,3.79,1480.244,23.827,0.000,,19,27,,
T,2023-03-08 00:45:07,6.25309572,-75.56241241,3.79,1480.239,23.827,0.000,,19,26,,
T,2023-03-08 00:45:08,6.25309575,-75.56241240,3.79,1480.235,23.827,0.000,,19,26,,
T,2023-03-08 00:45:09,6.25309576,-75.56241238,3.79,1480.236,23.827,0.000,,18,26,,
T,2023-03-08 00:45:10,6.25309580,-75.56241232,3.79,1480.235,23.827,0.000,,16,25,,
T,2023-03-08 00:45:11,6.25309582,-75.56241231,3.79,1480.231,23.827,0.000,,17,26,,
T,2023-03-08 00:45:12,6.25311055,-75.56240317,3.79,1480.134,23.827,2.000,27,17,26,,
T,2023-03-08 00:45:13,6.25314401,-75.56238767,3.79,1479.862,23.827,4.880,24,18,26,,
T,2023-03-08 00:45:14,6.25319298,-75.56236545,3.79,1479.981,23.827,5.500,24,18,26,,
T,2023-03-08 00:45:15,6.25325059,-75.56233587,3.79,1480.189,23.827,6.840,26,19,27,,
T,2023-03-08 00:45:16,6.25331192,-75.56230044,3.79,1479.656,23.826,7.840,33,21,27,,
T,2023-03-08 00:45:17,6.25340054,-75.56227152,3.79,1480.367,23.826,10.580,17,21,27,,
T,2023-03-08 00:45:18,6.25348420,-75.56223918,3.79,1480.080,23.826,10.170,14,21,27,,
T,2023-03-08 00:45:19,6.25356436,-75.56220691,3.79,1479.982,23.825,9.360,18,22,28,,
T,2023-03-08 00:45:20,6.25366557,-75.56218987,3.79,1479.592,23.825,10.740,358,22,28,,
T,2023-03-08 00:45:21,6.25377593,-75.56217763,3.79,1479.355,23.825,11.350,357,23,28,,
T,2023-03-08 00:45:22,6.25389673,-75.56216908,3.79,1479.968,23.824,12.340,355,20,27,,
T,2023-03-08 00:45:23,6.25401982,-75.56217697,3.79,1480.431,23.824,12.950,352,19,27,,
T,2023-03-08 00:45:24,6.25414305,-75.56219084,3.79,1481.018,23.824,13.110,349,21,29,,
T,2023-03-08 00:45:25,6.25426090,-75.56221646,3.79,1481.490,23.824,13.280,345,23,29,,
T,2023-03-08 00:45:26,6.25437574,-75.56224756,3.79,1481.794,23.824,12.840,341,23,29,,
T,2023-03-08 00:45:27,6.25449137,-75.56229102,3.79,1481.563,23.824,12.930,335,23,29,,
T,2023-03-08 00:45:28,6.25458814,-75.56234031,3.79,1481.412,23.824,12.040,329,21,27,,
T,2023-03-08 00:45:29,6.25467964,-75.56239499,3.79,1481.716,23.824,11.310,325,22,29,,
T,2023-03-08 00:45:30,6.25476552,-75.56245162,3.79,1481.756,23.824,11.080,323,22,30,,
T,2023-03-08 00:45:31,6.25483964,-75.56250794,3.79,1481.387,23.824,10.450,319,22,30,,
T,2023-03-08 00:45:32,6.25490601,-75.56257000,3.79,1481.277,23.824,9.740,314,22,30,,
T,2023-03-08 00:45:33,6.25496489,-75.56263486,3.79,1481.061,23.824,9.240,310,22,30,,
T,2023-03-08 00:45:34,6.25501735,-75.56269552,3.79,1480.962,23.825,8.670,306,22,30,,
T,2023-03-08 00:45:35,6.25505998,-75.56275444,3.79,1480.365,23.825,8.130,303,22,30,,
T,2023-03-08 00:45:36,6.25510032,-75.56281863,3.79,1479.336,23.825,8.210,301,22,30,,
T,2023-03-08 00:45:37,6.25514127,-75.56288463,3.79,1479.097,23.825,8.560,299,23,29,,
T,2023-03-08 00:45:38,6.25518091,-75.56295375,3.79,1478.603,23.825,8.810,299,21,30,,
T,2023-03-08 00:45:39,6.25522290,-75.56301774,3.79,1478.377,23.826,8.470,301,21,30,,
T,2023-03-08 00:45:40,6.25526602,-75.56308823,3.79,1477.963,23.826,9.120,301,19,29,,
T,2023-03-08 00:45:41,6.25531274,-75.56316428,3.79,1478.203,23.826,9.490,301,19,30,,
T,2023-03-08 00:45:42,6.25536161,-75.56324500,3.79,1478.074,23.827,10.030,301,18,30,,
T,2023-03-08 00:45:43,6.25541554,-75.56332673,3.79,1477.917,23.827,10.620,302,18,30,,
T,2023-03-08 00:45:44,6.25546701,-75.56340686,3.79,1477.128,23.827,10.420,303,20,30,,
T,2023-03-08 00:45:45,6.25550982,-75.56348194,3.79,1475.772,23.827,9.500,303,20,29,,
T,2023-03-08 00:45:46,6.25555415,-75.56355339,3.79,1475.182,23.828,8.900,303,23,29,,
T,2023-03-08 00:45:47,6.25559670,-75.56362356,3.79,1475.084,23.828,8.920,303,23,29,,
T,2023-03-08 00:45:48,6.25564217,-75.56369306,3.79,1474.630,23.828,8.840,304,22,29,,
T,2023-03-08 00:45:49,6.25568904,-75.56376634,3.79,1474.733,23.829,9.430,305,22,29,,
T,2023-03-08 00:45:50,6.25573834,-75.56384005,3.79,1474.589,23.829,9.820,305,22,29,,
T,2023-03-08 00:45:51,6.25579920,-75.56392649,3.79,1474.539,23.829,11.320,304,21,28,,
T,2023-03-08 00:45:52,6.25585793,-75.56401657,3.79,1473.494,23.829,12.150,305,21,29,,
T,2023-03-08 00:45:53,6.25592203,-75.56411487,3.79,1472.987,23.830,13.060,305,20,29,,
T,2023-03-08 00:45:54,6.25599167,-75.56422055,3.79,1472.066,23.830,14.060,305,20,29,,
T,2023-03-08 00:45:55,6.25606385,-75.56433442,3.79,1471.281,23.831,14.710,303,20,29,,
T,2023-03-08 00:45:56,6.25613554,-75.56444872,3.79,1470.365,23.831,14.670,301,20,29,,
T,2023-03-08 00:45:57,6.25620659,-75.56455657,3.79,1469.993,23.831,14.450,303,19,29,,
T,2023-03-08 00:45:58,6.25628058,-75.56466899,3.79,1469.436,23.832,14.790,303,19,29,,
T,2023-03-08 00:45:59,6.25635412,-75.56478566,3.79,1468.703,23.832,15.200,303,19,29,,
T,2023-03-08 00:46:00,6.25643349,-75.56491338,3.79,1467.787,23.833,16.230,302,18,29,,
T,2023-03-08 00:46:01,6.25651685,-75.56504469,3.79,1466.685,23.833,17.130,303,18,28,,
T,2023-03-08 00:46:02,6.25660294,-75.56518268,3.79,1466.113,23.834,17.920,303,18,28,,
T,2023-03-08 00:46:03,6.25668459,-75.56532699,3.79,1465.666,23.834,18.400,299,18,29,,
T,2023-03-08 00:46:04,6.25675784,-75.56547760,3.79,1465.655,23.835,18.500,295,19,29,,
T,2023-03-08 00:46:05,6.25681835,-75.56562091,3.79,1465.230,23.836,17.670,292,18,29,,
T,2023-03-08 00:46:06,6.25687633,-75.56576908,3.79,1465.183,23.836,17.620,289,15,29,,
T,2023-03-08 00:46:07,6.25692216,-75.56591892,3.79,1465.179,23.837,17.420,284,14,29,,
T,2023-03-08 00:46:31,6.25759229,-75.56982623,5.61,1460.849,23.856,18.180,279,17,28,,
T,2023-03-08 00:46:32,6.25761820,-75.56998658,4.45,1460.201,23.856,18.100,279,20,28,,
T,2023-03-08 00:46:33,6.25765266,-75.57015568,3.92,1460.702,23.857,17.620,279,20,28,,
T,2023-03-08 00:46:34,6.25767449,-75.57030425,3.79,1460.388,23.858,17.190,279,20,28,,
T,2023-03-08 00:46:35,6.25768797,-75.57044143,3.79,1458.523,23.859,16.800,280,20,28,,
T,2023-03-08 00:46:36,6.25771741,-75.57058719,3.79,1458.150,23.859,16.680,280,20,28,,
T,2023-03-08 00:46:37,6.25774573,-75.57073579,3.79,1458.009,23.860,16.760,280,20,28,,
T,2023-03-08 00:46:38,6.25776245,-75.57089144,3.79,1456.550,23.861,16.270,281,19,28,,
T,2023-03-08 00:46:39,6.25779447,-75.57101856,3.79,1456.090,23.861,15.240,284,18,28,,
T,2023-03-08 00:46:40,6.25783937,-75.57115594,3.79,1455.756,23.862,15.700,289,17,27,,
T,2023-03-08 00:46:41,6.25789798,-75.57129011,3.79,1455.930,23.863,16.070,296,16,26,,
T,2023-03-08 00:46:42,6.25797517,-75.57142141,3.79,1455.675,23.863,16.320,302,17,27,,
T,2023-03-08 00:46:43,6.25806064,-75.57155005,3.79,1455.853,23.864,16.210,308,19,28,,
T,2023-03-08 00:46:44,6.25816657,-75.57166574,3.79,1455.789,23.864,16.540,314,19,28,,
T,2023-03-08 00:46:45,6.25826413,-75.57175565,3.79,1454.591,23.864,16.220,319,18,28,,
T,2023-03-08 00:46:46,6.25837906,-75.57183824,3.79,1455.922,23.864,16.260,323,19,28,,
T,2023-03-08 00:46:47,6.25848304,-75.57190703,3.79,1456.957,23.864,14.860,325,17,27,,
T,2023-03-08 00:46:48,6.25860405,-75.57198485,3.79,1456.692,23.865,15.450,325,19,29,,
T,2023-03-08 00:46:49,6.25871459,-75.57205368,3.79,1456.673,23.865,14.620,324,20,29,,
T,2023-03-08 00:46:50,6.25881020,-75.57211890,3.79,1458.044,23.865,13.600,324,21,29,,
T,2023-03-08 00:46:51,6.25890910,-75.57219211,3.79,1459.007,23.865,13.850,325,19,28,,
T,2023-03-08 00:46:52,6.25901495,-75.57226628,3.79,1459.813,23.865,14.190,324,21,30,,
T,2023-03-08 00:46:53,6.25912330,-75.57234093,3.79,1460.327,23.865,14.230,325,21,29,,
T,2023-03-08 00:46:54,6.25923414,-75.57241852,3.79,1460.692,23.865,14.660,325,22,30,,
T,2023-03-08 00:46:55,6.25934490,-75.57249631,3.79,1461.877,23.866,14.870,326,22,30,,
T,2023-03-08 00:46:56,6.25945516,-75.57257326,3.79,1462.719,23.866,15.060,327,22,31,,
T,2023-03-08 00:46:57,6.25956816,-75.57265289,3.79,1463.155,23.866,15.280,327,21,30,,
T,2023-03-08 00:46:58,6.25968488,-75.57273229,3.79,1463.939,23.866,15.530,327,20,30,,
T,2023-03-08 00:46:59,6.25980033,-75.57281610,3.79,1463.983,23.866,15.720,324,21,31,,
T,2023-03-08 00:47:00,6.25991664,-75.57290380,3.79,1464.242,23.866,15.510,325,21,30,,
T,2023-03-08 00:47:01,6.26003019,-75.57298849,3.79,1464.548,23.867,15.410,325,22,31,,
T,2023-03-08 00:47:02,6.26014345,-75.57307049,3.79,1464.527,23.867,15.560,325,21,30,,
T,2023-03-08 00:47:03,6.26026144,-75.57315120,3.79,1464.491,23.867,15.480,325,21,30,,
T,2023-03-08 00:47:04,6.26037399,-75.57323391,3.79,1464.367,23.867,15.340,325,22,31,,
T,2023-03-08 00:47:05,6.26048535,-75.57331565,3.79,1463.871,23.867,15.270,326,23,30,,
T,2023-03-08 00:47:06,6.26059369,-75.57339322,3.79,1463.683,23.867,14.940,326,22,31,,
T,2023-03-08 00:47:07,6.26070174,-75.57347080,3.79,1463.047,23.868,14.780,327,23,31,,
T,2023-03-08 00:47:08,6.26081313,-75.57354906,3.79,1462.706,23.868,15.050,327,23,31,,
T,2023-03-08 00:47:09,6.26093002,-75.57363278,3.79,1462.526,23.868,15.750,325,23,32,,
T,2023-03-08 00:47:10,6.26105287,-75.57372345,3.79,1462.082,23.868,16.370,324,22,31,,
T,2023-03-08 00:47:11,6.26117814,-75.57381659,3.79,1462.062,23.868,17.080,321,25,32,,
T,2023-03-08 00:47:12,6.26130477,-75.57391474,3.79,1461.419,23.868,17.620,322,24,32,,
T,2023-03-08 00:47:13,6.26143435,-75.57401529,3.79,1460.754,23.869,18.100,323,24,32,,
T,2023-03-08 00:47:14,6.26156935,-75.57411402,3.79,1460.402,23.869,18.470,323,25,33,,
T,2023-03-08 00:47:15,6.26170379,-75.57421691,3.79,1459.736,23.869,18.730,323,25,33,,
T,2023-03-08 00:47:16,6.26184444,-75.57432145,3.79,1459.060,23.869,19.210,324,25,33,,
T,2023-03-08 00:47:17,6.26198665,-75.57442740,3.79,1458.626,23.870,19.300,324,23,33,,
T,2023-03-08 00:47:18,6.26213281,-75.57452875,3.79,1457.606,23.870,19.650,326,22,33,,
T,2023-03-08 00:47:19,6.26228749,-75.57462620,3.79,1456.852,23.870,20.110,328,22,33,,
T,2023-03-08 00:47:20,6.26244803,-75.57471229,3.79,1456.417,23.870,20.120,332,21,32,,
T,2023-03-08 00:47:21,6.26259983,-75.57478876,3.79,1455.223,23.870,19.210,336,23,33,,
T,2023-03-08 00:47:22,6.26276437,-75.57484752,3.79,1454.547,23.870,19.010,341,23,33,,
T,2023-03-08 00:47:23,6.26292795,-75.57489354,3.79,1454.289,23.870,18.730,346,22,32,,
T,2023-03-08 00:47:24,6.26309149,-75.57492411,3.79,1454.272,23.870,18.400,350,22,33,,
T,2023-03-08 00:47:25,6.26324746,-75.57494117,3.79,1454.280,23.869,17.730,354,21,33,,
T,2023-03-08 00:47:26,6.26340601,-75.57495056,3.79,1454.492,23.869,17.580,357,20,31,,
T,2023-03-08 00:47:27,6.26357071,-75.57495839,3.79,1454.381,23.869,17.850,357,22,33,,
T,2023-03-08 00:47:28,6.26371786,-75.57496024,3.79,1453.614,23.868,17.280,359,22,33,,
T,2023-03-08 00:47:29,6.26384066,-75.57496207,3.79,1452.392,23.868,16.660,359,22,33,,
T,2023-03-08 00:47:30,6.26398632,-75.57495819,3.79,1452.373,23.868,15.940,1,22,33,,
T,2023-03-08 00:47:31,6.26412125,-75.57495639,3.79,1452.099,23.867,15.390,2,21,32,,
T,2023-03-08 00:47:32,6.26424923,-75.57495407,3.79,1451.605,23.867,14.770,3,22,33,,
T,2023-03-08 00:47:33,6.26437297,-75.57493559,3.79,1451.389,23.867,14.560,5,22,33,,
T,2023-03-08 00:47:34,6.26449996,-75.57491788,3.79,1451.358,23.866,14.220,6,21,32,,
T,2023-03-08 00:47:35,6.26461631,-75.57490006,3.79,1451.179,23.866,13.570,4,22,33,,
T,2023-03-08 00:47:36,6.26473547,-75.57488734,3.79,1451.043,23.866,12.810,3,21,31,,
T,2023-03-08 00:47:37,6.26484297,-75.57487902,3.79,1452.027,23.865,11.710,3,22,30,,
T,2023-03-08 00:47:38,6.26493944,-75.57487233,3.79,1451.594,23.865,11.250,6,22,31,,
T,2023-03-08 00:47:39,6.26503551,-75.57485926,3.79,1451.685,23.865,10.870,6,21,32,,
T,2023-03-08 00:47:40,6.26512339,-75.57485166,3.79,1452.895,23.865,10.450,3,20,32,,
T,2023-03-08 00:47:41,6.26519387,-75.57485265,3.79,1453.644,23.864,9.230,358,22,33,,
T,2023-03-08 00:47:42,6.26527740,-75.57485693,3.79,1453.960,23.864,8.640,351,21,31,,
T,2023-03-08 00:47:43,6.26534875,-75.57486796,3.79,1453.830,23.864,7.190,345,21,32,,
T,2023-03-08 00:47:44,6.26539269,-75.57488435,3.79,1453.697,23.864,6.220,340,22,32,,
T,2023-03-08 00:47:45,6.26543204,-75.57490262,3.79,1454.191,23.864,5.080,331,24,33,,
T,2023-03-08 00:47:46,6.26546406,-75.57492071,3.79,1454.949,23.864,3.720,328,24,33,,
T,2023-03-08 00:47:47,6.26548888,-75.57492785,3.89,1455.022,23.864,2.560,325,24,33,,
T,2023-03-08 00:47:48,6.26549943,-75.57493132,4.14,1455.287,23.864,1.690,326,23,32,,
T,2023-03-08 00:47:49,6.26550366,-75.57492604,6.52,1454.671,23.864,0.620,338,24,32,,
T,2023-03-08 00:47:50,6.26550471,-75.57494978,7.61,1454.369,23.864,0.860,275,24,32,,
T,2023-03-08 00:47:51,6.26550732,-75.57494138,6.72,1454.944,23.864,0.290,103,22,32,,
T,2023-03-08 00:47:52,6.26550964,-75.57494189,7.37,1454.224,23.864,0.000,,20,33,,
T,2023-03-08 00:47:53,6.26551509,-75.57494043,9.40,1454.297,23.864,0.290,28,21,33,,
T,2023-03-08 00:47:54,6.26552092,-75.57493177,10.35,1454.346,23.864,0.380,58,20,33,,
T,2023-03-08 00:47:55,6.26552593,-75.57492179,10.13,1453.891,23.864,0.350,328,20,33,,
T,2023-03-08 00:47:56,6.26553236,-75.57490935,9.01,1453.218,23.864,0.300,327,18,32,,
T,2023-03-08 00:47:57,6.26553563,-75.57489948,9.09,1452.779,23.864,0.260,326,18,32,,
T,2023-03-08 00:47:58,6.26554126,-75.57489125,9.59,1451.977,23.864,0.620,325,20,32,,
T,2023-03-08 00:47:59,6.26554385,-75.57488240,9.54,1451.784,23.864,0.230,325,21,32,,
T,2023-03-08 00:48:00,6.26554316,-75.57486801,9.46,1450.860,23.864,0.000,,19,32,,
T,2023-03-08 00:48:01,6.26554172,-75.57486130,9.17,1451.002,23.864,0.000,,17,31,,
T,2023-03-08 00:48:02,6.26554224,-75.57485474,8.59,1451.212,23.864,0.000,,18,32,,
T,2023-03-08 00:48:03,6.26554206,-75.57485296,7.94,1450.988,23.864,0.000,,20,32,,
T,2023-03-08 00:48:04,6.26554356,-75.57484242,7.61,1451.212,23.864,0.000,,21,31,,
T,2023-03-08 00:48:05,6.26554196,-75.57484420,7.37,1450.897,23.864,0.000,,20,31,,
T,2023-03-08 00:48:06,6.26554217,-75.57483870,7.20,1451.201,23.864,0.000,,21,30,,
T,2023-03-08 00:48:07,6.26554114,-75.57483832,6.96,1450.601,23.864,0.000,,22,30,,
T,2023-03-08 00:48:08,6.26554121,-75.57484128,6.93,1449.711,23.864,0.000,,21,30,,
T,2023-03-08 00:48:09,6.26554319,-75.57483775,6.95,1449.244,23.864,0.000,,19,30,,
T,2023-03-08 00:48:10,6.26554155,-75.57483969,7.16,1449.282,23.864,0.000,,20,30,,
T,2023-03-08 00:48:11,6.26553956,-75.57483827,7.08,1449.084,23.864,0.000,,20,30,,
T,2023-03-08 00:48:12,6.26553598,-75.57483708,6.81,1448.893,23.864,0.000,,21,30,,
T,2023-03-08 00:48:13,6.26553503,-75.57483749,6.93,1448.839,23.864,0.000,,21,30,,
T,2023-03-08 00:48:14,6.26553578,-75.57483601,7.12,1448.818,23.864,0.000,,21,30,,
T,2023-03-08 00:48:15,6.26553395,-75.57483428,7.19,1448.820,23.864,0.000,,23,30,,
T,2023-03-08 00:48:16,6.26554671,-75.57484471,12.04,1448.524,23.864,1.390,318,20,30,,
T,2023-03-08 00:48:17,6.26556232,-75.57486725,12.29,1448.457,23.864,2.690,313,21,30,,
T,2023-03-08 00:48:18,6.26560876,-75.57494608,12.55,1449.099,23.864,5.740,310,21,30,,
T,2023-03-08 00:48:19,6.26563142,-75.57499292,12.59,1449.681,23.864,5.640,307,21,30,,
T,2023-03-08 00:48:20,6.26566598,-75.57505473,12.95,1449.319,23.864,6.700,304,22,30,,
T,2023-03-08 00:48:21,6.26572099,-75.57513406,12.23,1447.949,23.865,7.960,319,21,30,,
T,2023-03-08 00:48:22,6.26578957,-75.57521480,11.83,1446.388,23.865,8.940,317,20,30,,
T,2023-03-08 00:48:23,6.26585839,-75.57528589,11.62,1451.532,23.865,11.060,311,18,27,,
T,2023-03-08 00:48:24,6.26592441,-75.57536845,11.45,1451.703,23.865,12.090,304,18,30,,
T,2023-03-08 00:48:25,6.26598904,-75.57545501,5.88,1453.072,23.866,12.920,300,18,30,,
T,2023-03-08 00:48:26,6.26605668,-75.57555303,5.06,1452.069,23.866,12.980,299,21,31,,
T,2023-03-08 00:48:27,6.26611903,-75.57565526,4.82,1452.789,23.866,13.360,300,22,31,,
T,2023-03-08 00:48:28,6.26618126,-75.57575955,4.54,1452.713,23.867,13.110,300,21,31,,
T,2023-03-08 00:48:29,6.26624494,-75.57586426,3.98,1452.522,23.867,12.800,302,20,31,,
T,2023-03-08 00:48:30,6.26630517,-75.57596435,3.79,1451.163,23.868,12.660,307,21,31,,
T,2023-03-08 00:48:31,6.26637899,-75.57604937,3.79,1451.150,23.868,12.600,317,22,31,,
T,2023-03-08 00:48:32,6.26646166,-75.57612491,3.79,1451.747,23.868,11.980,324,23,31,,
T,2023-03-08 00:48:33,6.26654855,-75.57618716,3.79,1451.949,23.868,11.710,326,21,29,,
T,2023-03-08 00:48:34,6.26664718,-75.57624575,3.79,1451.324,23.868,12.070,330,21,29,,
T,2023-03-08 00:48:35,6.26674469,-75.57629729,3.79,1451.060,23.868,12.190,338,23,31,,
T,2023-03-08 00:48:36,6.26685015,-75.57632572,3.79,1451.335,23.868,11.920,351,23,31,,
T,2023-03-08 00:48:37,6.26695937,-75.57633866,3.79,1451.256,23.868,12.090,357,22,31,,
T,2023-03-08 00:48:38,6.26707459,-75.57634317,3.79,1451.183,23.868,12.780,2,25,32,,
T,2023-03-08 00:48:39,6.26720040,-75.57632882,3.79,1450.134,23.867,13.220,9,25,32,,
T,2023-03-08 00:48:40,6.26731538,-75.57630548,3.79,1449.963,23.867,13.390,13,25,33,,
T,2023-03-08 00:48:41,6.26743039,-75.57626942,3.79,1450.194,23.867,13.470,18,25,33,,
T,2023-03-08 00:48:42,6.26754489,-75.57622575,3.79,1451.332,23.866,13.240,21,25,33,,
T,2023-03-08 00:48:43,6.26765167,-75.57618597,3.79,1451.048,23.866,12.300,22,24,33,,
T,2023-03-08 00:48:44,6.26774850,-75.57614401,3.79,1450.983,23.865,11.550,27,23,33,,
T,2023-03-08 00:48:45,6.26785569,-75.57608935,3.79,1451.773,23.865,12.090,28,21,33,,
T,2023-03-08 00:48:46,6.26796349,-75.57603536,3.79,1451.476,23.864,12.600,31,20,33,,
T,2023-03-08 00:48:47,6.26806595,-75.57597349,3.79,1452.174,23.864,12.610,34,20,33,,
T,2023-03-08 00:48:48,6.26815304,-75.57591867,3.79,1451.646,23.863,11.580,33,21,32,,
T,2023-03-08 00:48:49,6.26823404,-75.57586748,3.79,1451.585,23.863,10.450,32,20,31,,
T,2023-03-08 00:48:50,6.26830574,-75.57582601,3.79,1452.846,23.862,9.270,28,21,32,,
T,2023-03-08 00:48:51,6.26836507,-75.57579617,3.79,1453.565,23.862,7.480,23,20,32,,
T,2023-03-08 00:48:52,6.26840781,-75.57578233,3.79,1453.667,23.862,5.300,13,22,33,,
T,2023-03-08 00:48:53,6.26844642,-75.57576897,3.79,1453.840,23.862,4.570,13,23,33,,
T,2023-03-08 00:48:54,6.26847463,-75.57576623,3.79,1454.312,23.862,3.550,13,23,33,,
T,2023-03-08 00:48:55,6.26851374,-75.57576021,3.79,1454.091,23.862,4.510,10,23,33,,
T,2023-03-08 00:48:56,6.26856310,-75.57574945,3.79,1454.257,23.861,5.690,11,24,33,,
T,2023-03-08 00:48:57,6.26861985,-75.57574096,3.79,1454.697,23.861,6.600,8,22,31,,
T,2023-03-08 00:48:58,6.26868476,-75.57573064,3.79,1454.951,23.861,7.090,5,24,33,,
T,2023-03-08 00:48:59,6.26876259,-75.57573273,3.79,1455.664,23.861,8.440,360,24,33,,
T,2023-03-08 00:49:00,6.26884698,-75.57574571,3.79,1456.413,23.861,9.430,349,23,31,,
T,2023-03-08 00:49:01,6.26894082,-75.57576712,3.79,1457.512,23.861,10.620,347,23,31,,
T,2023-03-08 00:49:02,6.26903968,-75.57579538,3.79,1458.716,23.860,11.490,343,25,33,,
T,2023-03-08 00:49:03,6.26914992,-75.57583650,3.79,1458.804,23.860,12.820,336,25,33,,
T,2023-03-08 00:49:04,6.26925876,-75.57589321,3.79,1459.320,23.861,13.360,332,25,33,,
T,2023-03-08 00:49:05,6.26936259,-75.57596339,3.79,1460.363,23.861,13.870,326,24,32,,
T,2023-03-08 00:49:06,6.26945886,-75.57604887,3.79,1461.021,23.861,14.220,318,24,32,,
T,2023-03-08 00:49:07,6.26954808,-75.57614675,3.79,1461.539,23.861,14.570,312,23,32,,
T,2023-03-08 00:49:08,6.26961896,-75.57624764,3.79,1461.512,23.862,13.780,309,20,29,,
T,2023-03-08 00:49:09,6.26970059,-75.57635863,3.79,1462.407,23.862,14.840,307,24,33,,
T,2023-03-08 00:49:10,6.26976914,-75.57645744,3.79,1462.808,23.862,13.660,306,22,32,,
T,2023-03-08 00:49:11,6.26983398,-75.57654130,3.79,1463.080,23.863,12.110,309,21,32,,
T,2023-03-08 00:49:12,6.26990258,-75.57662767,3.79,1463.216,23.863,11.660,311,22,33,,
T,2023-03-08 00:49:13,6.26996690,-75.57669503,3.79,1463.823,23.863,10.290,314,23,33,,
T,2023-03-08 00:49:14,6.27002517,-75.57675493,3.79,1464.275,23.863,9.060,315,23,32,,
T,2023-03-08 00:49:15,6.27007793,-75.57680715,3.79,1464.236,23.863,7.900,315,20,32,,
T,2023-03-08 00:49:16,6.27012322,-75.57685397,3.79,1463.808,23.864,7.190,313,19,30,,
T,2023-03-08 00:49:17,6.27014945,-75.57688019,3.79,1463.587,23.864,4.800,310,19,29,,
T,2023-03-08 00:49:18,6.27017674,-75.57691359,3.79,1463.610,23.864,4.510,309,23,32,,
T,2023-03-08 00:49:19,6.27020761,-75.57695500,3.79,1463.702,23.864,5.150,307,22,31,,
T,2023-03-08 00:49:20,6.27024868,-75.57700449,3.79,1463.591,23.864,6.140,305,21,32,,
T,2023-03-08 00:49:21,6.27029311,-75.57706013,3.83,1463.923,23.864,7.070,305,20,31,,
T,2023-03-08 00:49:22,6.27033443,-75.57711534,4.08,1463.526,23.864,7.340,306,20,31,,
T,2023-03-08 00:49:23,6.27037720,-75.57717634,4.26,1463.529,23.865,7.780,307,17,29,,
T,2023-03-08 00:49:24,6.27042126,-75.57723473,4.76,1462.791,23.865,7.830,308,16,29,,
T,2023-03-08 00:49:25,6.27046808,-75.57730647,4.88,1462.254,23.865,8.240,306,14,30,,
T,2023-03-08 00:49:26,6.27050551,-75.57735790,5.24,1462.152,23.865,7.330,306,14,30,,
T,2023-03-08 00:49:27,6.27054115,-75.57740435,5.34,1462.841,23.865,6.160,306,14,30,,
T,2023-03-08 00:49:28,6.27057054,-75.57743689,5.94,1462.915,23.866,5.960,306,13,29,,
T,2023-03-08 00:49:29,6.27061089,-75.57748827,5.98,1465.280,23.866,6.910,306,15,29,,
T,2023-03-08 00:49:30,6.27065288,-75.57754155,6.24,1466.594,23.866,7.460,309,15,28,,
T,2023-03-08 00:49:31,6.27069614,-75.57759578,5.94,1467.742,23.866,7.880,308,15,27,,
T,2023-03-08 00:49:32,6.27073852,-75.57765404,5.69,1469.696,23.866,8.360,310,14,25,,
T,2023-03-08 00:49:33,6.27078571,-75.57771176,6.31,1470.024,23.866,8.080,310,14,25,,
T,2023-03-08 00:49:34,6.27082737,-75.57776463,6.84,1470.751,23.867,7.760,309,14,25,,
T,2023-03-08 00:49:35,6.27087416,-75.57782494,6.28,1470.576,23.867,8.040,308,14,26,,
T,2023-03-08 00:49:36,6.27091829,-75.57787959,6.70,1471.865,23.867,7.710,307,15,26,,
T,2023-03-08 00:49:37,6.27096488,-75.57792878,5.91,1473.437,23.867,7.320,307,16,27,,
T,2023-03-08 00:49:38,6.27100407,-75.57798451,6.17,1474.882,23.867,7.600,307,16,29,,
T,2023-03-08 00:49:39,6.27105218,-75.57803504,5.67,1474.555,23.868,7.920,307,18,29,,
T,2023-03-08 00:49:40,6.27109607,-75.57809642,5.24,1474.389,23.868,8.230,308,20,30,,
T,2023-03-08 00:49:41,6.27113674,-75.57816172,4.68,1475.355,23.868,8.730,308,21,30,,
T,2023-03-08 00:49:42,6.27117503,-75.57822261,4.31,1476.366,23.868,8.790,304,21,30,,
T,2023-03-08 00:49:43,6.27121495,-75.57828637,3.93,1476.825,23.868,8.820,298,20,29,,
T,2023-03-08 00:49:44,6.27125728,-75.57836099,3.79,1478.493,23.869,10.040,298,21,29,,
T,2023-03-08 00:49:45,6.27130440,-75.57844099,3.79,1479.255,23.869,10.870,302,22,29,,
T,2023-03-08 00:49:46,6.27135425,-75.57851865,3.79,1480.173,23.869,10.580,309,23,30,,
T,2023-03-08 00:49:47,6.27140630,-75.57859741,3.79,1480.532,23.870,10.480,308,23,31,,
T,2023-03-08 00:49:48,6.27145727,-75.57867205,3.79,1481.158,23.870,9.630,309,23,31,,
T,2023-03-08 00:49:49,6.27150062,-75.57873554,3.79,1482.061,23.870,8.580,306,22,30,,
T,2023-03-08 00:49:50,6.27153690,-75.57879173,3.79,1482.526,23.870,7.210,307,23,31,,
T,2023-03-08 00:49:51,6.27157341,-75.57884127,3.79,1482.358,23.871,6.490,308,23,32,,
T,2023-03-08 00:49:52,6.27160629,-75.57888398,3.79,1482.563,23.871,5.500,307,23,32,,
T,2023-03-08 00:49:53,6.27162820,-75.57891959,3.79,1482.488,23.871,4.560,308,23,32,,
T,2023-03-08 00:49:54,6.27164945,-75.57895105,3.79,1482.119,23.871,3.870,308,23,32,,
T,2023-03-08 00:49:55,6.27166559,-75.57897363,3.79,1482.776,23.871,3.370,307,22,30,,
T,2023-03-08 00:49:56,6.27168097,-75.57899882,3.79,1482.793,23.871,3.000,303,23,31,,
T,2023-03-08 00:49:57,6.27169312,-75.57902138,3.79,1482.665,23.871,2.780,301,21,31,,
T,2023-03-08 00:49:58,6.27170583,-75.57904366,3.79,1482.627,23.871,2.850,303,21,31,,
T,2023-03-08 00:49:59,6.27172185,-75.57906792,3.79,1482.375,23.871,3.460,302,23,31,,
T,2023-03-08 00:50:00,6.27173982,-75.57909357,3.79,1482.646,23.871,3.650,304,23,31,,
T,2023-03-08 00:50:01,6.27176162,-75.57912519,3.79,1482.165,23.872,4.350,304,23,31,,
T,2023-03-08 00:50:02,6.27178539,-75.57916024,3.79,1481.941,23.872,4.590,304,22,31,,
T,2023-03-08 00:50:03,6.27180959,-75.57919616,3.79,1482.212,23.872,5.080,304,21,30,,
T,2023-03-08 00:50:04,6.27183798,-75.57924223,3.79,1481.134,23.872,5.620,301,21,30,,
T,2023-03-08 00:50:05,6.27186651,-75.57928502,3.79,1481.512,23.872,5.780,300,19,29,,
T,2023-03-08 00:50:06,6.27189740,-75.57933321,3.79,1482.064,23.872,6.300,302,17,29,,
T,2023-03-08 00:50:07,6.27193011,-75.57938217,3.79,1483.042,23.873,6.710,302,18,29,,
T,2023-03-08 00:50:08,6.27196744,-75.57942843,3.79,1483.346,23.873,6.460,304,16,28,,
T,2023-03-08 00:50:09,6.27200594,-75.57947717,3.79,1483.253,23.873,6.120,304,17,29,,
T,2023-03-08 00:50:10,6.27203870,-75.57952176,3.79,1483.209,23.873,5.970,305,17,29,,
T,2023-03-08 00:50:11,6.27207026,-75.57955605,3.79,1484.193,23.873,5.180,305,17,29,,
T,2023-03-08 00:50:12,6.27210090,-75.57958829,3.79,1484.797,23.873,4.990,304,17,29,,
T,2023-03-08 00:50:13,6.27212305,-75.57962210,3.79,1485.056,23.873,4.760,304,16,29,,
T,2023-03-08 00:50:14,6.27215235,-75.57966370,3.79,1485.541,23.873,5.510,306,16,29,,
T,2023-03-08 00:50:15,6.27218022,-75.57970470,3.79,1485.504,23.874,5.460,310,17,30,,
T,2023-03-08 00:50:16,6.27221545,-75.57974626,3.79,1485.512,23.874,5.820,314,18,30,,
T,2023-03-08 00:50:17,6.27225722,-75.57978054,3.79,1485.541,23.874,6.050,319,17,29,,
T,2023-03-08 00:50:18,6.27230241,-75.57978581,3.79,1486.311,23.874,6.050,325,20,30,,
T,2023-03-08 00:50:19,6.27235207,-75.57981023,3.79,1485.357,23.874,5.500,330,20,30,,
T,2023-03-08 00:50:20,6.27239969,-75.57982996,3.79,1484.125,23.874,5.260,333,22,30,,
T,2023-03-08 00:50:21,6.27244334,-75.57985081,3.79,1483.498,23.874,5.030,336,21,30,,
T,2023-03-08 00:50:22,6.27247641,-75.57986320,3.79,1483.578,23.874,4.170,338,21,31,,
T,2023-03-08 00:50:23,6.27250357,-75.57987430,3.79,1482.947,23.874,3.180,338,22,31,,
T,2023-03-08 00:50:24,6.27252608,-75.57987701,3.79,1482.834,23.874,2.240,338,24,31,,
T,2023-03-08 00:50:25,6.27254060,-75.57987757,3.79,1483.030,23.874,1.830,342,24,31,,
T,2023-03-08 00:50:26,6.27255521,-75.57988042,3.79,1481.738,23.874,1.480,342,21,31,,
T,2023-03-08 00:50:27,6.27256876,-75.57988660,3.79,1481.735,23.874,1.630,348,21,31,,
T,2023-03-08 00:50:28,6.27258210,-75.57989069,3.79,1481.603,23.874,1.360,353,21,31,,
T,2023-03-08 00:50:29,6.27259219,-75.57989259,3.79,1481.858,23.874,1.030,354,22,31,,
T,2023-03-08 00:50:30,6.27259794,-75.57989408,3.79,1481.924,23.874,0.500,354,21,31,,
T,2023-03-08 00:50:31,6.27259804,-75.57989521,3.79,1481.892,23.874,0.000,,23,31,,
T,2023-03-08 00:50:32,6.27259762,-75.57989606,3.79,1481.805,23.874,0.000,,23,32,,
T,2023-03-08 00:50:33,6.27259895,-75.57989767,3.79,1481.852,23.874,0.000,,23,31,,
T,2023-03-08 00:50:34,6.27260075,-75.57989814,3.79,1481.705,23.874,0.000,,23,31,,
T,2023-03-08 00:50:35,6.27260007,-75.57989837,3.79,1481.641,23.874,0.000,,22,32,,
T,2023-03-08 00:50:36,6.27259935,-75.57989823,3.79,1481.448,23.874,0.000,,21,32,,
T,2023-03-08 00:50:37,6.27259863,-75.57989850,3.79,1481.197,23.874,0.000,,21,32,,
T,2023-03-08 00:50:38,6.27259837,-75.57989845,3.79,1480.972,23.874,0.000,,21,32,,
T,2023-03-08 00:50:39,6.27259728,-75.57989905,3.79,1480.855,23.874,0.000,,21,32,,
T,2023-03-08 00:50:40,6.27259648,-75.57989989,3.79,1480.780,23.874,0.000,,21,32,,
T,2023-03-08 00:50:41,6.27259574,-75.57990057,3.79,1480.715,23.874,0.000,,20,32,,
T,2023-03-08 00:50:42,6.27259557,-75.57990094,3.79,1480.620,23.874,0.000,,20,31,,
T,2023-03-08 00:50:43,6.27259556,-75.57990103,3.79,1480.597,23.874,0.000,,20,32,,
T,2023-03-08 00:50:44,6.27259556,-75.57990117,3.79,1480.594,23.874,0.000,,20,32,,
T,2023-03-08 00:50:45,6.27259557,-75.57990123,3.79,1480.590,23.874,0.000,,20,32,,
T,2023-03-08 00:50:46,6.27259558,-75.57990127,3.79,1480.586,23.874,0.000,,19,32,,
T,2023-03-08 00:50:47,6.27259559,-75.57990132,3.79,1480.582,23.874,0.000,,21,30,,
T,2023-03-08 00:50:48,6.27259558,-75.57990136,3.79,1480.578,23.874,0.000,,21,30,,
T,2023-03-08 00:50:49,6.27259559,-75.57990139,3.79,1480.573,23.874,0.000,,21,30,,
T,2023-03-08 00:50:50,6.27259560,-75.57990142,3.79,1480.568,23.874,0.000,,20,30,,
T,2023-03-08 00:50:51,6.27259562,-75.57990144,3.79,1480.567,23.874,0.000,,20,30,,
T,2023-03-08 00:50:52,6.27259563,-75.57990145,3.79,1480.569,23.874,0.000,,21,32,,
T,2023-03-08 00:50:53,6.27259564,-75.57990146,3.79,1480.569,23.874,0.000,,21,32,,
T,2023-03-08 00:50:54,6.27259890,-75.57990121,3.79,1480.502,23.874,0.360,357,20,31,,
T,2023-03-08 00:50:55,6.27260889,-75.57990236,3.79,1480.327,23.874,1.180,355,20,31,,
T,2023-03-08 00:50:56,6.27261730,-75.57990455,3.79,1480.075,23.874,0.900,352,19,32,,
T,2023-03-08 00:50:57,6.27262360,-75.57990650,3.79,1480.443,23.874,0.730,352,20,32,,
T,2023-03-08 00:50:58,6.27263037,-75.57990830,3.79,1480.613,23.874,0.870,349,20,32,,
T,2023-03-08 00:50:59,6.27264552,-75.57991186,3.79,1480.716,23.874,1.920,350,20,31,,
T,2023-03-08 00:51:00,6.27267081,-75.57991729,3.79,1480.920,23.874,2.910,351,18,29,,
T,2023-03-08 00:51:01,6.27269717,-75.57992211,3.79,1481.076,23.874,2.730,355,20,30,,
T,2023-03-08 00:51:02,6.27272333,-75.57992618,3.79,1481.413,23.874,2.810,354,18,29,,
T,2023-03-08 00:51:03,6.27275258,-75.57993132,3.79,1481.606,23.873,3.200,353,21,31,,
T,2023-03-08 00:51:04,6.27277986,-75.57993614,3.79,1481.710,23.873,2.890,354,23,31,,
T,2023-03-08 00:51:05,6.27281165,-75.57994118,3.79,1482.006,23.873,3.530,353,23,31,,
T,2023-03-08 00:51:06,6.27284350,-75.57994641,3.79,1482.085,23.873,3.470,356,22,30,,
T,2023-03-08 00:51:07,6.27287299,-75.57994905,3.79,1482.840,23.873,3.190,357,22,31,,
T,2023-03-08 00:51:08,6.27289434,-75.57995009,3.79,1483.294,23.873,2.360,357,20,30,,
T,2023-03-08 00:51:09,6.27291548,-75.57995186,3.79,1483.984,23.873,2.590,356,20,30,,
T,2023-03-08 00:51:10,6.27294172,-75.57995492,3.79,1484.286,23.873,3.200,355,20,30,,
T,2023-03-08 00:51:11,6.27296649,-75.57995675,3.79,1484.436,23.873,2.840,359,19,31,,
T,2023-03-08 00:51:12,6.27298888,-75.57995700,3.79,1484.761,23.873,2.610,358,19,31,,
T,2023-03-08 00:51:13,6.27302053,-75.57995814,3.79,1485.358,23.873,3.700,359,18,32,,
T,2023-03-08 00:51:14,6.27305776,-75.57995821,3.79,1486.224,23.873,4.020,1,17,31,,
T,2023-03-08 00:51:15,6.27309893,-75.57995833,3.79,1486.467,23.873,4.340,1,19,30,,
T,2023-03-08 00:51:16,6.27314199,-75.57995879,3.79,1486.659,23.873,4.400,1,21,31,,
T,2023-03-08 00:51:17,6.27318241,-75.57995787,3.79,1486.971,23.873,4.190,0,22,32,,
T,2023-03-08 00:51:18,6.27321696,-75.57995885,3.79,1487.349,23.873,3.580,359,22,32,,
T,2023-03-08 00:51:19,6.27324432,-75.57996070,3.79,1487.663,23.873,3.000,357,19,30,,
T,2023-03-08 00:51:20,6.27327089,-75.57996356,3.79,1487.858,23.872,3.040,355,19,30,,
T,2023-03-08 00:51:21,6.27329702,-75.57996578,3.79,1487.841,23.872,2.880,358,20,31,,
T,2023-03-08 00:51:22,6.27331599,-75.57996664,3.79,1488.043,23.872,2.150,2,19,31,,
T,2023-03-08 00:51:23,6.27333909,-75.57996678,3.79,1488.285,23.872,2.780,3,19,31,,
T,2023-03-08 00:51:24,6.27336182,-75.57996653,3.79,1488.161,23.872,2.650,4,18,30,,
T,2023-03-08 00:51:25,6.27338180,-75.57996483,3.79,1488.260,23.872,2.280,8,19,30,,
T,2023-03-08 00:51:26,6.27340425,-75.57996068,3.79,1488.269,23.872,2.660,10,20,31,,
T,2023-03-08 00:51:27,6.27342794,-75.57995584,3.79,1488.377,23.872,2.880,16,20,32,,
T,2023-03-08 00:51:28,6.27345308,-75.57994609,3.79,1487.643,23.872,2.990,25,20,32,,
T,2023-03-08 00:51:29,6.27347503,-75.57993293,3.79,1487.992,23.872,2.780,34,19,32,,
T,2023-03-08 00:51:30,6.27349930,-75.57991149,3.79,1488.008,23.872,3.490,48,20,32,,
T,2023-03-08 00:51:31,6.27352548,-75.57988119,3.79,1487.976,23.871,4.250,55,20,32,,
T,2023-03-08 00:51:32,6.27355120,-75.57984561,3.79,1487.968,23.871,4.590,60,20,32,,
T,2023-03-08 00:51:33,6.27357445,-75.57980557,3.79,1486.813,23.871,4.850,61,20,32,,
T,2023-03-08 00:51:34,6.27359795,-75.57976792,3.79,1486.613,23.871,4.720,58,20,30,,
T,2023-03-08 00:51:35,6.27363434,-75.57972612,3.79,1486.141,23.870,5.440,54,20,30,,
T,2023-03-08 00:51:36,6.27367509,-75.57968158,3.79,1485.858,23.870,6.730,43,22,30,,
T,2023-03-08 00:51:37,6.27372980,-75.57963573,3.79,1486.399,23.870,7.740,39,22,30,,
T,2023-03-08 00:51:38,6.27379220,-75.57958878,3.79,1486.702,23.869,8.310,39,21,30,,
T,2023-03-08 00:51:39,6.27385671,-75.57953895,3.79,1486.479,23.869,9.000,39,23,30,,
T,2023-03-08 00:51:40,6.27392357,-75.57948260,3.79,1486.571,23.868,9.680,41,23,32,,
T,2023-03-08 00:51:41,6.27398601,-75.57943104,3.79,1487.264,23.868,9.380,42,23,32,,
T,2023-03-08 00:51:42,6.27405271,-75.57938385,3.79,1487.630,23.868,9.250,42,21,32,,
T,2023-03-08 00:51:43,6.27411736,-75.57933302,3.79,1486.589,23.867,9.020,40,21,31,,
T,2023-03-08 00:51:44,6.27417216,-75.57928661,3.79,1486.610,23.867,8.150,39,21,31,,
T,2023-03-08 00:51:45,6.27422650,-75.57924447,3.79,1486.850,23.867,7.670,37,21,31,,
T,2023-03-08 00:51:46,6.27427815,-75.57920615,3.79,1486.677,23.866,7.180,37,21,31,,
T,2023-03-08 00:51:47,6.27432363,-75.57916511,3.79,1486.993,23.866,6.590,37,20,31,,
T,2023-03-08 00:51:48,6.27436591,-75.57912963,3.79,1487.130,23.866,5.770,37,21,31,,
T,2023-03-08 00:51:49,6.27440060,-75.57910716,3.79,1487.046,23.865,4.620,33,20,31,,
T,2023-03-08 00:51:50,6.27442217,-75.57909486,3.79,1486.251,23.865,3.410,35,20,30,,
T,2023-03-08 00:51:51,6.27443611,-75.57908360,3.79,1485.818,23.865,2.130,34,20,30,,
T,2023-03-08 00:51:52,6.27444426,-75.57907734,3.79,1486.065,23.865,1.160,32,20,31,,
T,2023-03-08 00:51:53,6.27445399,-75.57907045,3.79,1485.622,23.865,0.610,34,20,31,,
T,2023-03-08 00:51:54,6.27445764,-75.57906974,3.79,1484.854,23.865,0.000,,20,31,,
T,2023-03-08 00:51:55,6.27445853,-75.57907002,3.79,1484.879,23.865,0.000,,20,32,,
T,2023-03-08 00:51:56,6.27446259,-75.57906907,3.79,1484.587,23.865,0.000,,20,31,,
T,2023-03-08 00:51:57,6.27446506,-75.57906861,3.79,1484.632,23.865,0.000,,22,30,,
T,2023-03-08 00:51:58,6.27447240,-75.57906175,3.79,1485.154,23.865,0.980,35,22,31,,
T,2023-03-08 00:51:59,6.27448203,-75.57905503,3.79,1485.002,23.865,1.170,40,22,32,,
T,2023-03-08 00:52:00,6.27449692,-75.57904388,3.79,1485.088,23.865,1.910,36,22,32,,
T,2023-03-08 00:52:01,6.27451951,-75.57902961,3.79,1487.162,23.865,2.630,39,23,32,,
T,2023-03-08 00:52:02,6.27454117,-75.57901411,3.79,1486.908,23.865,2.580,40,23,32,,
T,2023-03-08 00:52:03,6.27456713,-75.57899417,3.79,1486.776,23.864,3.370,36,23,32,,
T,2023-03-08 00:52:04,6.27460250,-75.57896743,3.79,1486.800,23.864,4.520,36,22,31,,
T,2023-03-08 00:52:05,6.27464190,-75.57893822,3.79,1486.810,23.864,4.900,35,21,30,,
T,2023-03-08 00:52:06,6.27468645,-75.57890812,3.79,1486.434,23.864,5.000,27,22,31,,
T,2023-03-08 00:52:07,6.27472701,-75.57889199,3.79,1486.763,23.864,4.630,22,20,28,,
T,2023-03-08 00:52:08,6.27476699,-75.57887612,3.79,1487.034,23.863,4.320,14,21,31,,
T,2023-03-08 00:52:09,6.27479142,-75.57886555,3.79,1486.444,23.863,4.070,13,21,30,,
T,2023-03-08 00:52:10,6.27483516,-75.57885372,3.79,1486.755,23.863,4.580,13,22,31,,
T,2023-03-08 00:52:11,6.27487331,-75.57884080,3.79,1486.757,23.863,4.550,18,22,31,,
T,2023-03-08 00:52:12,6.27491019,-75.57882821,3.79,1486.971,23.863,4.150,18,23,31,,
T,2023-03-08 00:52:13,6.27494062,-75.57881701,3.79,1487.266,23.863,3.380,18,21,30,,
T,2023-03-08 00:52:14,6.27496267,-75.57880743,3.79,1486.715,23.863,2.880,20,21,30,,
T,2023-03-08 00:52:15,6.27498952,-75.57879746,3.79,1486.738,23.862,3.550,19,21,30,,
T,2023-03-08 00:52:16,6.27502448,-75.57878652,3.79,1486.952,23.862,4.210,16,21,30,,
T,2023-03-08 00:52:17,6.27506971,-75.57877435,3.79,1487.221,23.862,5.650,10,19,30,,
T,2023-03-08 00:52:18,6.27513420,-75.57876304,3.79,1488.362,23.862,6.910,9,17,29,,
T,2023-03-08 00:52:19,6.27520395,-75.57874880,3.79,1489.496,23.862,7.260,9,17,31,,
T,2023-03-08 00:52:20,6.27527772,-75.57874176,3.79,1489.595,23.862,7.890,6,19,30,,
T,2023-03-08 00:52:21,6.27534195,-75.57874276,3.79,1490.243,23.861,7.790,2,19,31,,
T,2023-03-08 00:52:22,6.27541133,-75.57874042,3.79,1490.939,23.861,7.660,358,19,32,,
T,2023-03-08 00:52:23,6.27547356,-75.57874985,3.79,1492.499,23.861,7.110,354,20,32,,
T,2023-03-08 00:52:24,6.27552779,-75.57876077,3.79,1493.688,23.861,6.170,351,20,32,,
T,2023-03-08 00:52:25,6.27558340,-75.57876886,3.79,1494.273,23.861,6.210,350,20,32,,
T,2023-03-08 00:52:26,6.27563020,-75.57877681,3.79,1494.986,23.861,5.890,349,21,32,,
T,2023-03-08 00:52:27,6.27567717,-75.57878633,3.79,1495.432,23.861,5.180,347,20,31,,
T,2023-03-08 00:52:28,6.27571127,-75.57879145,3.79,1496.239,23.861,3.950,348,19,30,,
T,2023-03-08 00:52:29,6.27573153,-75.57880030,3.79,1497.796,23.861,2.640,346,19,29,,
T,2023-03-08 00:52:30,6.27572907,-75.57880052,3.79,1498.141,23.861,0.000,,21,32,,
T,2023-03-08 00:52:31,6.27572855,-75.57880153,3.79,1497.984,23.861,0.000,,23,32,,
T,2023-03-08 00:52:32,6.27572829,-75.57880086,3.79,1497.889,23.861,0.000,,21,31,,
T,2023-03-08 00:52:33,6.27573058,-75.57879897,3.79,1497.907,23.861,0.000,,21,31,,
T,2023-03-08 00:52:34,6.27572983,-75.57879806,3.79,1498.035,23.861,0.000,,22,32,,
T,2023-03-08 00:52:35,6.27573043,-75.57879666,3.79,1497.720,23.861,0.000,,23,32,,
T,2023-03-08 00:52:36,6.27573306,-75.57879615,3.79,1497.828,23.861,0.000,,23,32,,
T,2023-03-08 00:52:37,6.27573417,-75.57879613,3.79,1497.689,23.861,0.000,,22,32,,
T,2023-03-08 00:52:38,6.27573445,-75.57879592,3.79,1497.682,23.861,0.000,,22,32,,
T,2023-03-08 00:52:39,6.27574608,-75.57879812,3.79,1499.181,23.861,1.120,347,23,32,,
T,2023-03-08 00:52:40,6.27577241,-75.57879469,3.79,1499.220,23.861,3.300,2,23,32,,
T,2023-03-08 00:52:41,6.27579878,-75.57879620,3.79,1499.410,23.861,3.170,3,21,30,,
T,2023-03-08 00:52:42,6.27582798,-75.57879690,3.79,1500.013,23.861,3.540,359,22,31,,
T,2023-03-08 00:52:43,6.27586248,-75.57880081,3.79,1500.106,23.860,4.120,352,22,31,,
T,2023-03-08 00:52:44,6.27589949,-75.57880814,3.79,1500.440,23.860,4.350,350,23,32,,
T,2023-03-08 00:52:45,6.27592465,-75.57886351,3.79,1500.910,23.861,5.240,304,20,32,,
T,2023-03-08 00:52:46,6.27595762,-75.57891432,3.79,1503.142,23.861,5.640,295,20,32,,
T,2023-03-08 00:52:47,6.27597149,-75.57898453,3.79,1503.730,23.861,6.830,278,22,32,,
T,2023-03-08 00:52:48,6.27598559,-75.57905527,3.79,1503.964,23.862,7.330,277,23,31,,
T,2023-03-08 00:52:49,6.27599165,-75.57913312,3.79,1505.264,23.862,8.390,274,22,31,,
T,2023-03-08 00:52:50,6.27600461,-75.57921186,3.79,1506.924,23.862,8.450,276,22,30,,
T,2023-03-08 00:52:51,6.27601556,-75.57929858,3.79,1507.629,23.863,9.280,277,22,30,,
T,2023-03-08 00:52:52,6.27602136,-75.57939501,3.79,1508.890,23.863,10.160,276,20,31,,
T,2023-03-08 00:52:53,6.27602190,-75.57948671,3.79,1509.577,23.864,10.140,278,20,31,,
T,2023-03-08 00:52:54,6.27603159,-75.57959099,3.96,1510.274,23.864,11.090,277,21,31,,
T,2023-03-08 00:52:55,6.27603401,-75.57969543,4.05,1510.991,23.865,11.330,276,19,31,,
T,2023-03-08 00:52:56,6.27604242,-75.57980180,4.08,1511.734,23.865,11.560,276,19,30,,
T,2023-03-08 00:52:57,6.27605343,-75.57991059,4.21,1512.621,23.866,12.070,279,19,30,,
T,2023-03-08 00:52:58,6.27607181,-75.58001711,4.66,1513.162,23.866,11.950,282,18,31,,
T,2023-03-08 00:52:59,6.27611064,-75.58015271,4.46,1513.705,23.867,13.960,291,20,31,,
T,2023-03-08 00:53:00,6.27615144,-75.58027518,4.15,1514.079,23.867,12.620,297,19,31,,
T,2023-03-08 00:53:01,6.27620265,-75.58036100,4.04,1515.021,23.868,10.990,302,19,31,,
T,2023-03-08 00:53:02,6.27626008,-75.58044530,5.07,1514.680,23.868,10.900,305,19,32,,
T,2023-03-08 00:53:03,6.27632395,-75.58051227,4.93,1515.794,23.868,10.450,310,18,32,,
T,2023-03-08 00:53:04,6.27638156,-75.58056425,5.17,1517.502,23.868,9.700,311,19,32,,
T,2023-03-08 00:53:05,6.27643442,-75.58062121,4.79,1518.518,23.869,8.260,308,18,30,,
T,2023-03-08 00:53:06,6.27648600,-75.58066681,4.68,1517.917,23.869,6.920,312,19,30,,
T,2023-03-08 00:53:07,6.27653060,-75.58070937,4.35,1518.229,23.869,6.700,310,19,31,,
T,2023-03-08 00:53:08,6.27657554,-75.58075218,4.33,1518.124,23.869,6.270,310,19,31,,
T,2023-03-08 00:53:09,6.27662068,-75.58079335,4.20,1518.193,23.869,6.720,312,19,31,,
T,2023-03-08 00:53:10,6.27667799,-75.58085008,4.11,1519.417,23.869,7.770,313,18,30,,
T,2023-03-08 00:53:11,6.27672558,-75.58090539,4.57,1520.000,23.869,7.510,313,18,30,,
T,2023-03-08 00:53:12,6.27678276,-75.58096394,4.51,1520.771,23.870,8.070,314,18,29,,
T,2023-03-08 00:53:13,6.27682336,-75.58101115,4.79,1521.695,23.870,7.470,313,18,29,,
T,2023-03-08 00:53:14,6.27686314,-75.58105439,4.52,1522.072,23.870,6.900,313,19,29,,
T,2023-03-08 00:53:15,6.27691160,-75.58110149,5.13,1520.851,23.870,6.610,311,20,29,,
T,2023-03-08 00:53:16,6.27696145,-75.58115298,4.44,1520.986,23.870,6.820,313,20,29,,
T,2023-03-08 00:53:17,6.27701044,-75.58119171,4.14,1522.037,23.870,6.640,317,19,28,,
T,2023-03-08 00:53:18,6.27704861,-75.58122470,3.92,1522.397,23.870,5.640,324,18,28,,
T,2023-03-08 00:53:19,6.27708498,-75.58124453,3.94,1523.279,23.870,4.650,331,20,29,,
T,2023-03-08 00:53:20,6.27712329,-75.58125126,3.79,1523.570,23.870,4.300,339,20,29,,
T,2023-03-08 00:53:21,6.27715791,-75.58124879,3.79,1523.527,23.870,3.770,351,18,28,,
T,2023-03-08 00:53:22,6.27719228,-75.58123228,3.79,1523.690,23.870,3.980,4,19,29,,
T,2023-03-08 00:53:23,6.27724181,-75.58122073,3.79,1523.549,23.870,4.870,18,21,30,,
T,2023-03-08 00:53:24,6.27730207,-75.58119905,3.79,1524.046,23.870,5.860,27,22,30,,
T,2023-03-08 00:53:25,6.27736665,-75.58116968,3.79,1523.997,23.869,6.960,30,22,29,,
T,2023-03-08 00:53:26,6.27743354,-75.58112444,3.79,1524.243,23.869,8.120,37,22,29,,
T,2023-03-08 00:53:27,6.27750529,-75.58107888,3.79,1524.624,23.869,8.610,46,21,29,,
T,2023-03-08 00:53:28,6.27757429,-75.58102431,3.79,1524.580,23.868,9.140,41,20,29,,
T,2023-03-08 00:53:29,6.27764457,-75.58097644,3.79,1524.051,23.868,9.520,39,21,28,,
T,2023-03-08 00:53:30,6.27771961,-75.58092092,3.79,1524.390,23.867,9.970,37,21,30,,
T,2023-03-08 00:53:31,6.27779814,-75.58086735,3.79,1524.273,23.867,10.210,37,20,30,,
T,2023-03-08 00:53:32,6.27787645,-75.58080869,3.79,1524.221,23.866,10.590,38,21,31,,
T,2023-03-08 00:53:33,6.27795058,-75.58074272,3.79,1524.740,23.866,10.700,40,20,31,,
T,2023-03-08 00:53:34,6.27802679,-75.58068006,3.79,1524.888,23.865,10.830,39,19,29,,
T,2023-03-08 00:53:35,6.27810135,-75.58061344,3.79,1525.079,23.865,10.610,37,19,28,,
T,2023-03-08 00:53:36,6.27817438,-75.58055639,3.79,1524.881,23.864,10.000,36,20,28,,
T,2023-03-08 00:53:37,6.27824288,-75.58050215,3.79,1525.025,23.864,9.410,33,20,29,,
T,2023-03-08 00:53:38,6.27830161,-75.58045555,3.79,1525.347,23.863,8.270,33,21,29,,
T,2023-03-08 00:53:39,6.27836134,-75.58041054,3.79,1525.585,23.863,8.260,35,20,29,,
T,2023-03-08 00:53:40,6.27842024,-75.58036059,3.79,1525.802,23.863,8.450,38,20,29,,
T,2023-03-08 00:53:41,6.27847892,-75.58031714,3.79,1526.123,23.862,8.230,36,21,31,,
T,2023-03-08 00:53:42,6.27853663,-75.58027445,3.79,1526.217,23.862,8.100,34,22,31,,
T,2023-03-08 00:53:43,6.27860020,-75.58023076,3.79,1526.535,23.862,8.460,32,22,31,,
T,2023-03-08 00:53:44,6.27867535,-75.58018599,3.79,1526.875,23.861,9.440,32,22,31,,
T,2023-03-08 00:53:45,6.27875208,-75.58013264,3.79,1527.503,23.861,9.820,34,20,30,,
T,2023-03-08 00:53:46,6.27882665,-75.58007926,3.79,1527.607,23.860,10.060,35,21,30,,
T,2023-03-08 00:53:47,6.27890668,-75.58002486,3.79,1528.827,23.860,10.420,36,21,31,,
T,2023-03-08 00:53:48,6.27898218,-75.57995803,3.79,1528.854,23.859,10.460,37,22,31,,
T,2023-03-08 00:53:49,6.27906198,-75.57989629,3.79,1529.350,23.859,11.090,38,22,31,,
T,2023-03-08 00:53:50,6.27914573,-75.57983573,3.79,1529.403,23.858,11.160,36,23,32,,
T,2023-03-08 00:53:51,6.27921898,-75.57977926,3.79,1529.726,23.858,10.270,34,23,31,,
T,2023-03-08 00:53:52,6.27927994,-75.57972717,3.79,1529.368,23.857,9.120,34,22,31,,
T,2023-03-08 00:53:53,6.27934147,-75.57967103,3.79,1529.684,23.857,8.930,33,20,29,,
T,2023-03-08 00:53:54,6.27940262,-75.57961315,3.79,1529.936,23.857,8.960,37,19,29,,
T,2023-03-08 00:53:55,6.27946691,-75.57956318,3.79,1530.047,23.856,8.890,40,19,28,,
T,2023-03-08 00:53:56,6.27953022,-75.57951114,3.79,1530.409,23.856,8.910,39,19,29,,
T,2023-03-08 00:53:57,6.27958969,-75.57946070,3.79,1530.684,23.855,8.440,37,21,29,,
T,2023-03-08 00:53:58,6.27964173,-75.57941612,3.79,1530.713,23.855,7.560,36,21,29,,
T,2023-03-08 00:53:59,6.27967688,-75.57938689,3.79,1530.610,23.855,6.420,33,21,29,,
T,2023-03-08 00:54:00,6.27971920,-75.57935704,3.79,1530.546,23.855,5.780,33,21,29,,
T,2023-03-08 00:54:01,6.27976095,-75.57933306,3.79,1530.816,23.854,5.390,34,21,29,,
T,2023-03-08 00:54:02,6.27979044,-75.57931176,3.79,1530.590,23.854,4.760,37,21,31,,
T,2023-03-08 00:54:03,6.27981659,-75.57929429,3.79,1530.423,23.854,4.330,38,20,31,,
T,2023-03-08 00:54:04,6.27984385,-75.57927756,3.79,1530.365,23.854,4.100,39,20,31,,
T,2023-03-08 00:54:05,6.27986563,-75.57926037,3.79,1530.170,23.854,4.020,35,21,30,,
T,2023-03-08 00:54:06,6.27988813,-75.57923895,3.79,1529.849,23.854,3.180,37,20,30,,
T,2023-03-08 00:54:07,6.27991175,-75.57922093,3.79,1530.025,23.853,3.350,36,21,32,,
T,2023-03-08 00:54:08,6.27993779,-75.57920362,3.79,1530.514,23.853,3.630,32,21,33,,
T,2023-03-08 00:54:09,6.27996697,-75.57918465,3.79,1530.953,23.853,3.930,34,22,33,,
T,2023-03-08 00:54:10,6.28000047,-75.57915907,3.79,1530.987,23.853,4.820,31,23,33,,
T,2023-03-08 00:54:11,6.28002648,-75.57914061,3.79,1531.678,23.853,3.480,30,23,33,,
T,2023-03-08 00:54:12,6.28003714,-75.57913134,3.79,1531.049,23.853,1.560,31,23,32,,
T,2023-03-08 00:54:13,6.28003960,-75.57912716,3.79,1530.593,23.853,0.540,31,24,32,,
T,2023-03-08 00:54:14,6.28004170,-75.57912473,3.79,1531.369,23.853,0.240,32,24,32,,
T,2023-03-08 00:54:15,6.28004970,-75.57912214,3.79,1532.148,23.853,0.700,34,23,32,,
T,2023-03-08 00:54:16,6.28005900,-75.57911694,3.79,1532.754,23.852,0.730,33,21,32,,
T,2023-03-08 00:54:17,6.28006731,-75.57911738,3.79,1532.996,23.852,0.000,,21,31,,
T,2023-03-08 00:54:18,6.28007387,-75.57911534,3.79,1533.775,23.852,0.000,,21,32,,
T,2023-03-08 00:54:19,6.28007722,-75.57911457,3.79,1533.815,23.852,0.000,,20,32,,
T,2023-03-08 00:54:20,6.28008204,-75.57911105,3.79,1533.872,23.852,0.540,29,20,31,,
T,2023-03-08 00:54:21,6.28008402,-75.57910866,3.79,1533.602,23.852,0.000,,20,31,,
T,2023-03-08 00:54:22,6.28008877,-75.57911041,3.79,1534.335,23.852,0.000,,19,32,,
T,2023-03-08 00:54:23,6.28009070,-75.57911031,3.79,1534.660,23.852,0.000,,20,32,,
T,2023-03-08 00:54:24,6.28009444,-75.57910749,3.79,1534.521,23.852,0.480,35,20,32,,
T,2023-03-08 00:54:25,6.28009699,-75.57910464,3.79,1534.449,23.852,0.350,52,21,32,,
T,2023-03-08 00:54:26,6.28009748,-75.57910544,3.79,1534.956,23.852,0.000,,21,32,,
T,2023-03-08 00:54:27,6.28009745,-75.57910623,3.79,1535.084,23.852,0.000,,21,31,,
T,2023-03-08 00:54:28,6.28009847,-75.57910695,3.79,1535.343,23.852,0.000,,22,31,,
T,2023-03-08 00:54:29,6.28010030,-75.57910328,3.79,1536.026,23.852,0.000,,23,31,,
T,2023-03-08 00:54:30,6.28010084,-75.57910097,3.79,1536.081,23.852,0.000,,23,32,,
T,2023-03-08 00:54:31,6.28010135,-75.57909876,3.79,1536.306,23.852,0.000,,23,32,,
T,2023-03-08 00:54:32,6.28010691,-75.57909173,3.79,1536.654,23.852,0.930,49,25,32,,
T,2023-03-08 00:54:33,6.28012918,-75.57907544,3.79,1536.426,23.852,3.130,36,25,32,,
T,2023-03-08 00:54:34,6.28017392,-75.57904247,3.79,1536.217,23.852,5.950,36,25,32,,
T,2023-03-08 00:54:35,6.28021734,-75.57902758,3.79,1536.727,23.852,5.250,23,24,31,,
T,2023-03-08 00:54:36,6.28025825,-75.57903452,3.79,1537.536,23.852,5.200,344,21,30,,
T,2023-03-08 00:54:37,6.28029600,-75.57906229,3.79,1538.500,23.852,6.310,316,22,31,,
T,2023-03-08 00:54:38,6.28033383,-75.57909806,3.79,1539.126,23.852,6.200,316,21,30,,
T,2023-03-08 00:54:39,6.28037916,-75.57915652,3.79,1539.636,23.852,7.750,312,21,31,,
T,2023-03-08 00:54:40,6.28043106,-75.57922563,3.79,1540.254,23.852,9.090,310,21,31,,
T,2023-03-08 00:54:41,6.28049065,-75.57930074,3.79,1540.235,23.852,10.590,311,21,32,,
T,2023-03-08 00:54:42,6.28055615,-75.57938148,3.79,1540.518,23.853,11.310,310,22,32,,
T,2023-03-08 00:54:43,6.28062552,-75.57946095,3.79,1541.415,23.853,11.610,310,22,32,,
T,2023-03-08 00:54:44,6.28069941,-75.57955444,3.79,1541.655,23.853,12.440,310,22,32,,
T,2023-03-08 00:54:45,6.28077011,-75.57965026,3.79,1542.355,23.854,13.080,309,22,32,,
T,2023-03-08 00:54:46,6.28084247,-75.57974008,3.79,1542.703,23.854,13.000,308,20,32,,
T,2023-03-08 00:54:47,6.28090776,-75.57983029,3.79,1543.983,23.854,12.550,308,18,31,,
T,2023-03-08 00:54:48,6.28097886,-75.57993452,3.79,1544.312,23.855,12.940,307,21,31,,
T,2023-03-08 00:54:49,6.28104366,-75.58002535,3.79,1544.781,23.855,12.690,306,23,32,,
T,2023-03-08 00:54:50,6.28110948,-75.58011129,3.79,1546.118,23.855,12.370,306,22,31,,
T,2023-03-08 00:54:51,6.28118368,-75.58020031,3.79,1549.679,23.856,12.680,306,23,31,,
T,2023-03-08 00:54:52,6.28126166,-75.58029995,3.79,1551.955,23.856,12.690,306,23,31,,
T,2023-03-08 00:54:53,6.28132822,-75.58039422,3.79,1552.142,23.856,12.580,306,23,31,,
T,2023-03-08 00:54:54,6.28140192,-75.58048698,3.79,1553.322,23.857,12.990,307,20,30,,
T,2023-03-08 00:54:55,6.28147455,-75.58057862,3.79,1554.631,23.857,13.090,307,19,32,,
T,2023-03-08 00:54:56,6.28154078,-75.58066048,3.79,1555.689,23.857,11.840,307,23,32,,
T,2023-03-08 00:54:57,6.28161936,-75.58075887,3.83,1556.390,23.857,13.310,307,23,32,,
T,2023-03-08 00:54:58,6.28169425,-75.58085562,3.82,1557.370,23.858,13.170,307,21,31,,
T,2023-03-08 00:54:59,6.28177350,-75.58095044,3.79,1559.389,23.858,13.290,308,22,32,,
T,2023-03-08 00:55:00,6.28184750,-75.58104732,3.79,1560.063,23.858,13.400,306,20,32,,
T,2023-03-08 00:55:01,6.28192518,-75.58113729,3.79,1562.080,23.859,13.470,307,19,31,,
T,2023-03-08 00:55:02,6.28199495,-75.58122770,3.79,1564.158,23.859,12.770,307,21,31,,
T,2023-03-08 00:55:03,6.28207115,-75.58130760,3.79,1566.555,23.859,12.280,308,23,32,,
T,2023-03-08 00:55:04,6.28214112,-75.58139529,3.79,1567.826,23.860,12.020,307,23,32,,
T,2023-03-08 00:55:05,6.28221908,-75.58148458,3.79,1568.147,23.860,12.550,308,23,32,,
T,2023-03-08 00:55:06,6.28229170,-75.58157966,3.79,1569.240,23.860,13.280,308,23,32,,
T,2023-03-08 00:55:07,6.28236464,-75.58167319,4.14,1569.886,23.860,13.120,307,23,32,,
T,2023-03-08 00:55:08,6.28243382,-75.58176707,4.30,1570.222,23.861,12.960,306,19,31,,
T,2023-03-08 00:55:09,6.28250427,-75.58185395,4.12,1571.777,23.861,12.540,306,18,31,,
T,2023-03-08 00:55:10,6.28257530,-75.58193461,3.89,1572.534,23.861,12.500,306,22,32,,
T,2023-03-08 00:55:11,6.28263777,-75.58202019,3.79,1573.117,23.862,11.920,307,22,33,,
T,2023-03-08 00:55:12,6.28270071,-75.58210277,3.79,1574.053,23.862,11.370,306,22,31,,
T,2023-03-08 00:55:13,6.28276550,-75.58218156,3.82,1575.296,23.862,11.110,306,22,31,,
T,2023-03-08 00:55:14,6.28279962,-75.58223971,3.81,1576.317,23.862,8.080,305,22,31,,
T,2023-03-08 00:55:15,6.28285134,-75.58230588,3.79,1576.508,23.863,8.920,305,21,30,,
T,2023-03-08 00:55:16,6.28291332,-75.58238749,3.79,1579.015,23.863,9.360,305,19,30,,
T,2023-03-08 00:55:17,6.28296453,-75.58246025,3.79,1579.121,23.863,9.640,305,18,30,,
T,2023-03-08 00:55:18,6.28301681,-75.58252875,3.79,1579.821,23.863,8.940,306,18,30,,
T,2023-03-08 00:55:19,6.28306203,-75.58259241,3.79,1582.157,23.864,8.640,305,18,30,,
T,2023-03-08 00:55:20,6.28309940,-75.58265089,3.91,1584.021,23.864,7.450,302,19,30,,
T,2023-03-08 00:55:21,6.28313182,-75.58270681,3.79,1585.754,23.864,7.130,304,19,30,,
T,2023-03-08 00:55:22,6.28318232,-75.58277411,3.87,1586.343,23.864,8.630,307,20,29,,
T,2023-03-08 00:55:23,6.28324669,-75.58283992,3.96,1586.714,23.865,8.750,308,20,30,,
T,2023-03-08 00:55:24,6.28330517,-75.58290815,3.90,1587.304,23.865,9.400,306,20,30,,
T,2023-03-08 00:55:25,6.28336590,-75.58298242,3.80,1587.273,23.865,9.980,305,19,31,,
T,2023-03-08 00:55:26,6.28342473,-75.58304755,3.79,1587.770,23.865,9.800,308,19,30,,
T,2023-03-08 00:55:27,6.28347824,-75.58312003,3.79,1589.222,23.865,10.210,308,20,30,,
T,2023-03-08 00:55:28,6.28353315,-75.58319023,3.79,1589.742,23.866,10.060,308,20,30,,
T,2023-03-08 00:55:29,6.28359210,-75.58325674,3.79,1589.151,23.866,9.840,309,20,31,,
T,2023-03-08 00:55:30,6.28365906,-75.58333651,3.79,1591.435,23.866,10.310,310,21,30,,
T,2023-03-08 00:55:31,6.28371527,-75.58340589,3.79,1592.436,23.866,9.950,310,21,30,,
T,2023-03-08 00:55:32,6.28377106,-75.58347042,3.79,1592.684,23.867,9.510,309,21,30,,
T,2023-03-08 00:55:33,6.28382008,-75.58352585,3.79,1593.112,23.867,8.380,308,21,30,,
T,2023-03-08 00:55:34,6.28385846,-75.58357125,3.79,1593.326,23.867,6.950,308,19,31,,
T,2023-03-08 00:55:35,6.28389020,-75.58360965,3.79,1593.855,23.867,5.670,307,21,32,,
T,2023-03-08 00:55:36,6.28392050,-75.58364575,3.79,1594.861,23.867,4.260,307,21,31,,
T,2023-03-08 00:55:37,6.28393924,-75.58366922,3.79,1596.217,23.867,2.910,305,21,32,,
T,2023-03-08 00:55:38,6.28395725,-75.58368716,3.79,1596.740,23.867,2.030,298,21,32,,
T,2023-03-08 00:55:39,6.28395987,-75.58369405,3.79,1597.137,23.867,0.710,298,21,32,,
T,2023-03-08 00:55:40,6.28396257,-75.58369596,3.79,1597.417,23.867,0.410,295,21,32,,
T,2023-03-08 00:55:41,6.28396137,-75.58370016,3.79,1597.226,23.867,0.000,,20,31,,
T,2023-03-08 00:55:42,6.28396340,-75.58370279,3.79,1597.445,23.867,0.000,,18,31,,
T,2023-03-08 00:55:43,6.28396702,-75.58370969,3.79,1597.583,23.867,0.000,,19,30,,
T,2023-03-08 00:55:44,6.28396996,-75.58371478,3.79,1597.592,23.867,0.000,,19,30,,
T,2023-03-08 00:55:45,6.28397004,-75.58371702,3.79,1597.558,23.867,0.000,,19,30,,
T,2023-03-08 00:55:46,6.28396888,-75.58371908,3.79,1597.479,23.867,0.000,,19,31,,
T,2023-03-08 00:55:47,6.28396751,-75.58372025,3.79,1597.635,23.867,0.000,,19,31,,
T,2023-03-08 00:55:48,6.28397047,-75.58372449,3.79,1598.250,23.867,0.500,295,20,31,,
T,2023-03-08 00:55:49,6.28397543,-75.58373105,3.79,1598.539,23.867,0.550,297,20,31,,
T,2023-03-08 00:55:50,6.28398153,-75.58373838,3.79,1598.828,23.868,0.720,313,20,31,,
T,2023-03-08 00:55:51,6.28399188,-75.58374850,3.79,1598.553,23.868,1.360,317,20,31,,
T,2023-03-08 00:55:52,6.28400220,-75.58375777,3.79,1598.404,23.868,1.260,321,21,31,,
T,2023-03-08 00:55:53,6.28400841,-75.58376558,3.79,1597.655,23.868,0.870,322,21,31,,
T,2023-03-08 00:55:54,6.28401684,-75.58377371,3.79,1597.580,23.868,1.220,331,19,31,,
T,2023-03-08 00:55:55,6.28402761,-75.58378568,3.79,1598.515,23.868,1.770,312,19,32,,
T,2023-03-08 00:55:56,6.28403789,-75.58379949,3.79,1598.776,23.868,1.710,308,19,32,,
T,2023-03-08 00:55:57,6.28404884,-75.58380870,3.79,1597.224,23.868,1.520,308,21,32,,
T,2023-03-08 00:55:58,6.28405938,-75.58381761,3.79,1596.331,23.868,1.680,309,21,33,,
T,2023-03-08 00:55:59,6.28407081,-75.58382562,3.79,1596.812,23.868,1.580,317,22,33,,
T,2023-03-08 00:56:00,6.28408140,-75.58383303,3.79,1597.237,23.868,1.330,310,22,32,,
T,2023-03-08 00:56:01,6.28408801,-75.58383860,3.79,1597.383,23.868,0.990,308,22,32,,
T,2023-03-08 00:56:02,6.28409406,-75.58384263,3.79,1597.707,23.868,0.590,317,21,32,,
T,2023-03-08 00:56:03,6.28409990,-75.58384432,3.79,1598.167,23.868,0.360,315,21,33,,
T,2023-03-08 00:56:04,6.28410658,-75.58384739,3.79,1599.075,23.868,0.440,318,20,31,,
T,2023-03-08 00:56:05,6.28411342,-75.58384911,3.79,1599.619,23.868,0.000,,19,30,,
T,2023-03-08 00:56:06,6.28411702,-75.58385117,3.79,1600.239,23.868,0.000,,19,31,,
T,2023-03-08 00:56:07,6.28411921,-75.58385236,3.79,1600.727,23.868,0.000,,21,31,,
T,2023-03-08 00:56:08,6.28412026,-75.58385368,3.79,1601.240,23.868,0.220,312,21,32,,
T,2023-03-08 00:56:09,6.28412486,-75.58385746,3.79,1601.902,23.868,0.510,308,21,32,,
T,2023-03-08 00:56:10,6.28413199,-75.58386188,3.79,1602.079,23.868,0.490,306,21,31,,
T,2023-03-08 00:56:11,6.28413920,-75.58386662,3.79,1602.256,23.868,0.690,303,21,32,,
T,2023-03-08 00:56:12,6.28414675,-75.58387394,3.79,1602.467,23.868,1.020,300,21,32,,
T,2023-03-08 00:56:13,6.28415689,-75.58388565,3.79,1603.214,23.868,1.590,299,21,32,,
T,2023-03-08 00:56:14,6.28416564,-75.58389475,3.79,1603.522,23.868,1.200,302,19,31,,
T,2023-03-08 00:56:15,6.28417503,-75.58390738,3.79,1604.063,23.868,1.740,297,19,31,,
T,2023-03-08 00:56:16,6.28418211,-75.58391842,3.79,1604.204,23.868,1.470,296,19,31,,
T,2023-03-08 00:56:17,6.28418626,-75.58392360,3.79,1604.573,23.868,0.710,299,19,31,,
T,2023-03-08 00:56:18,6.28418724,-75.58392472,3.79,1605.577,23.868,0.310,297,19,31,,
T,2023-03-08 00:56:19,6.28418374,-75.58392213,3.79,1605.685,23.868,0.000,,18,31,,
T,2023-03-08 00:56:20,6.28418631,-75.58392637,3.79,1606.319,23.868,0.700,294,18,32,,
T,2023-03-08 00:56:21,6.28418926,-75.58392864,3.79,1606.958,23.868,0.300,293,18,31,,
T,2023-03-08 00:56:22,6.28419200,-75.58393351,3.79,1607.346,23.868,0.620,289,20,32,,
T,2023-03-08 00:56:23,6.28419638,-75.58394073,3.79,1608.377,23.868,1.210,298,19,32,,
T,2023-03-08 00:56:24,6.28420124,-75.58394826,3.79,1608.622,23.868,0.940,298,18,31,,
T,2023-03-08 00:56:25,6.28420255,-75.58395352,3.79,1608.929,23.868,0.820,297,19,32,,
T,2023-03-08 00:56:26,6.28420626,-75.58396514,3.79,1611.036,23.868,1.920,304,22,33,,
T,2023-03-08 00:56:27,6.28423065,-75.58399396,3.79,1611.673,23.868,5.030,312,22,32,,
T,2023-03-08 00:56:28,6.28426441,-75.58403453,3.79,1613.513,23.868,6.630,309,22,33,,
T,2023-03-08 00:56:29,6.28430160,-75.58407480,4.26,1614.216,23.869,6.400,313,22,32,,
T,2023-03-08 00:56:30,6.28432450,-75.58410296,5.10,1614.544,23.869,4.440,311,22,32,,
T,2023-03-08 00:56:31,6.28431666,-75.58408859,4.66,1615.200,23.869,0.320,317,21,31,,
T,2023-03-08 00:56:32,6.28431492,-75.58408892,4.76,1615.296,23.869,0.000,,22,30,,
T,2023-03-08 00:56:33,6.28431436,-75.58409000,4.48,1614.929,23.869,0.000,,21,30,,
T,2023-03-08 00:56:34,6.28431798,-75.58409048,4.43,1614.465,23.869,0.000,,21,31,,
T,2023-03-08 00:56:35,6.28431818,-75.58409285,4.35,1613.662,23.869,0.000,,21,32,,
T,2023-03-08 00:56:36,6.28432061,-75.58409374,4.28,1613.535,23.869,0.000,,21,31,,
T,2023-03-08 00:56:37,6.28431897,-75.58409586,4.21,1613.571,23.869,0.000,,21,31,,
T,2023-03-08 00:56:38,6.28431698,-75.58409718,4.05,1613.638,23.869,0.000,,21,33,,
T,2023-03-08 00:56:39,6.28431525,-75.58409831,3.94,1613.593,23.869,0.000,,21,33,,
T,2023-03-08 00:56:40,6.28431763,-75.58410088,3.84,1613.146,23.869,0.000,,20,33,,
T,2023-03-08 00:56:41,6.28431829,-75.58410276,3.79,1612.847,23.869,0.000,,20,32,,
T,2023-03-08 00:56:42,6.28432028,-75.58410314,3.79,1612.862,23.869,0.000,,21,32,,
T,2023-03-08 00:56:43,6.28432102,-75.58410288,3.79,1612.934,23.869,0.000,,20,30,,
T,2023-03-08 00:56:44,6.28432124,-75.58410291,3.79,1612.912,23.869,0.000,,21,30,,
T,2023-03-08 00:56:45,6.28432140,-75.58410291,3.79,1612.915,23.869,0.000,,22,31,,
T,2023-03-08 00:56:46,6.28432146,-75.58410294,3.79,1612.908,23.869,0.000,,22,31,,
T,2023-03-08 00:56:47,6.28432148,-75.58410295,3.79,1612.908,23.869,0.000,,22,31,,
T,2023-03-08 00:56:48,6.28432151,-75.58410302,3.79,1612.906,23.869,0.000,,22,31,,
T,2023-03-08 00:56:49,6.28432155,-75.58410302,3.79,1612.909,23.869,0.000,,22,31,,
T,2023-03-08 00:56:50,6.28432153,-75.58410298,3.79,1612.910,23.869,0.000,,22,30,,
T,2023-03-08 00:56:51,6.28432153,-75.58410300,3.79,1612.906,23.869,0.000,,22,30,,
T,2023-03-08 00:56:52,6.28432155,-75.58410302,3.79,1612.902,23.869,0.000,,21,30,,
T,2023-03-08 00:56:53,6.28432156,-75.58410306,3.79,1612.896,23.869,0.000,,21,30,,
T,2023-03-08 00:56:54,6.28432158,-75.58410309,3.79,1612.897,23.869,0.000,,21,30,,
T,2023-03-08 00:56:55,6.28432309,-75.58410786,3.79,1612.999,23.869,0.230,319,21,30,,
T,2023-03-08 00:56:56,6.28433006,-75.58411254,3.91,1613.353,23.869,0.650,322,21,32,,
T,2023-03-08 00:56:57,6.28434377,-75.58412590,3.79,1612.824,23.869,1.600,326,22,32,,
T,2023-03-08 00:56:58,6.28435993,-75.58413917,3.79,1612.843,23.869,2.220,323,23,32,,
T,2023-03-08 00:56:59,6.28437755,-75.58415381,3.79,1612.218,23.869,2.590,317,22,33,,
T,2023-03-08 00:57:00,6.28440168,-75.58417451,3.79,1611.856,23.869,3.670,320,22,33,,
T,2023-03-08 00:57:01,6.28442702,-75.58419621,3.79,1611.530,23.869,3.720,315,21,30,,
T,2023-03-08 00:57:02,6.28444410,-75.58421245,3.86,1611.497,23.869,2.590,315,23,32,,
T,2023-03-08 00:57:03,6.28447125,-75.58424390,3.79,1611.769,23.869,4.530,311,22,32,,
T,2023-03-08 00:57:04,6.28451550,-75.58428680,3.79,1612.557,23.869,5.360,308,21,31,,
T,2023-03-08 00:57:05,6.28454165,-75.58432127,4.21,1612.389,23.869,4.950,308,23,31,,
T,2023-03-08 00:57:06,6.28457468,-75.58436001,4.75,1612.482,23.869,5.050,309,23,31,,
T,2023-03-08 00:57:07,6.28460486,-75.58440401,5.18,1612.677,23.870,5.650,305,22,30,,
T,2023-03-08 00:57:08,6.28464469,-75.58445375,4.84,1614.147,23.870,6.160,305,23,32,,
T,2023-03-08 00:57:09,6.28468095,-75.58449834,4.75,1614.776,23.870,5.740,304,23,32,,
T,2023-03-08 00:57:10,6.28470589,-75.58454071,4.45,1615.975,23.870,5.720,306,22,31,,
T,2023-03-08 00:57:11,6.28473211,-75.58458165,4.36,1617.172,23.870,5.780,306,22,31,,
T,2023-03-08 00:57:12,6.28476148,-75.58462369,4.02,1618.717,23.870,5.930,307,22,31,,
T,2023-03-08 00:57:13,6.28479248,-75.58466612,3.89,1619.662,23.870,5.810,308,21,31,,
T,2023-03-08 00:57:14,6.28482429,-75.58470852,3.88,1621.466,23.871,6.100,304,19,30,,
T,2023-03-08 00:57:15,6.28486246,-75.58475968,4.25,1622.665,23.871,6.560,304,15,31,,
T,2023-03-08 00:57:16,6.28489408,-75.58480834,4.45,1623.217,23.871,6.180,305,15,31,,
T,2023-03-08 00:57:17,6.28492823,-75.58485765,4.44,1624.653,23.871,6.030,305,16,31,,
T,2023-03-08 00:57:18,6.28496097,-75.58490373,4.74,1626.099,23.871,6.670,307,16,31,,
T,2023-03-08 00:57:19,6.28498396,-75.58494432,4.32,1628.747,23.871,5.780,303,15,30,,
T,2023-03-08 00:57:20,6.28501388,-75.58498499,4.61,1630.251,23.872,5.510,306,17,31,,
T,2023-03-08 00:57:21,6.28503114,-75.58502474,4.36,1632.244,23.872,4.950,306,18,31,,
T,2023-03-08 00:57:22,6.28506111,-75.58507786,3.79,1635.846,23.872,5.600,306,20,32,,
T,2023-03-08 00:57:23,6.28508999,-75.58511645,3.79,1635.915,23.872,5.140,312,22,32,,
T,2023-03-08 00:57:24,6.28511561,-75.58513508,3.79,1636.562,23.872,3.610,346,22,33,,
T,2023-03-08 00:57:25,6.28514054,-75.58510756,3.79,1637.050,23.872,2.580,19,22,33,,
T,2023-03-08 00:57:26,6.28517982,-75.58507997,3.79,1635.687,23.872,3.850,42,23,32,,
T,2023-03-08 00:57:27,6.28521017,-75.58505372,3.79,1633.710,23.872,3.750,43,22,32,,
T,2023-03-08 00:57:28,6.28523346,-75.58503997,3.79,1632.775,23.871,2.680,37,22,31,,
T,2023-03-08 00:57:29,6.28525239,-75.58502942,3.79,1630.361,23.871,1.990,33,23,31,,
T,2023-03-08 00:57:30,6.28526894,-75.58502199,3.79,1629.587,23.871,1.880,19,22,31,,
T,2023-03-08 00:57:31,6.28528842,-75.58501020,3.79,1628.545,23.871,2.430,39,21,30,,
T,2023-03-08 00:57:32,6.28531138,-75.58499214,3.79,1627.626,23.871,3.050,29,21,30,,
T,2023-03-08 00:57:33,6.28534051,-75.58497426,3.91,1626.940,23.871,3.470,29,20,29,,
T,2023-03-08 00:57:34,6.28537141,-75.58495148,3.94,1626.166,23.871,3.810,31,21,29,,
T,2023-03-08 00:57:35,6.28540320,-75.58492558,3.87,1625.055,23.870,4.280,33,19,30,,
T,2023-03-08 00:57:36,6.28543296,-75.58490114,3.79,1624.587,23.870,4.180,28,15,28,,
T,2023-03-08 00:57:37,6.28546696,-75.58488165,3.79,1624.819,23.870,4.300,18,16,27,,
T,2023-03-08 00:57:38,6.28549904,-75.58487445,3.79,1624.952,23.870,3.490,1,19,29,,
T,2023-03-08 00:57:39,6.28552727,-75.58487636,3.79,1625.450,23.870,2.990,338,20,29,,
T,2023-03-08 00:57:40,6.28554942,-75.58488779,3.79,1626.081,23.870,2.710,321,20,29,,
T,2023-03-08 00:57:41,6.28556712,-75.58491178,3.79,1626.881,23.870,3.560,311,21,29,,
T,2023-03-08 00:57:42,6.28558521,-75.58494323,3.79,1627.717,23.870,4.000,302,22,29,,
T,2023-03-08 00:57:43,6.28559470,-75.58497024,3.79,1629.085,23.870,3.000,300,22,29,,
T,2023-03-08 00:57:44,6.28561492,-75.58500206,3.79,1631.480,23.870,4.120,306,21,28,,
T,2023-03-08 00:57:45,6.28563880,-75.58503674,3.79,1631.875,23.870,4.820,306,22,28,,
T,2023-03-08 00:57:46,6.28566294,-75.58507456,3.79,1633.499,23.871,4.810,302,21,28,,
T,2023-03-08 00:57:47,6.28568416,-75.58511084,3.79,1634.838,23.871,4.440,298,23,29,,
T,2023-03-08 00:57:48,6.28570203,-75.58514114,3.79,1635.622,23.871,3.660,304,20,27,,
T,2023-03-08 00:57:49,6.28572028,-75.58516623,3.79,1636.569,23.871,3.720,310,20,27,,
T,2023-03-08 00:57:50,6.28574191,-75.58518862,3.79,1637.906,23.871,3.590,318,20,26,,
T,2023-03-08 00:57:51,6.28576225,-75.58521187,3.79,1638.804,23.871,3.470,317,19,26,,
T,2023-03-08 00:57:52,6.28578181,-75.58523521,3.79,1639.298,23.871,3.240,315,20,27,,
T,2023-03-08 00:57:53,6.28579952,-75.58525965,3.79,1640.075,23.871,3.160,303,20,27,,
T,2023-03-08 00:57:54,6.28581281,-75.58527544,3.79,1641.237,23.871,1.950,312,19,28,,
T,2023-03-08 00:57:55,6.28582307,-75.58528538,3.87,1641.981,23.871,1.480,317,20,28,,
T,2023-03-08 00:57:56,6.28582839,-75.58529059,3.87,1642.275,23.871,0.790,318,20,29,,
T,2023-03-08 00:57:57,6.28582601,-75.58528309,3.85,1641.869,23.871,0.000,,20,29,,
T,2023-03-08 00:57:58,6.28582535,-75.58528331,3.90,1642.581,23.871,0.000,,19,27,,
T,2023-03-08 00:57:59,6.28582311,-75.58528612,3.85,1643.188,23.871,0.000,,17,28,,
T,2023-03-08 00:58:00,6.28582153,-75.58529106,3.79,1643.983,23.871,0.000,,17,29,,
T,2023-03-08 00:58:01,6.28581967,-75.58529494,3.79,1644.491,23.871,0.000,,19,29,,
T,2023-03-08 00:58:02,6.28581800,-75.58529729,3.79,1644.641,23.871,0.000,,21,29,,
T,2023-03-08 00:58:03,6.28581495,-75.58529927,3.79,1645.059,23.871,0.000,,21,29,,
T,2023-03-08 00:58:04,6.28581334,-75.58530347,9.94,1645.011,23.871,0.000,,22,29,,
T,2023-03-08 00:58:05,6.28581328,-75.58530632,9.94,1645.584,23.871,0.000,,21,28,,
T,2023-03-08 00:58:06,6.28581368,-75.58530862,9.94,1646.259,23.871,0.000,,21,28,,
T,2023-03-08 00:58:07,6.28581385,-75.58530971,9.94,1646.830,23.871,0.000,,20,28,,
T,2023-03-08 00:58:08,6.28581410,-75.58531022,9.94,1647.112,23.871,0.000,,20,28,,
T,2023-03-08 00:58:09,6.28581361,-75.58531203,9.94,1647.442,23.871,0.000,,20,28,,
T,2023-03-08 00:58:10,6.28581344,-75.58531253,9.94,1647.457,23.871,0.000,,21,28,,
T,2023-03-08 00:58:11,6.28581314,-75.58531304,9.94,1647.508,23.871,0.000,,20,28,,
T,2023-03-08 00:58:12,6.28581300,-75.58531344,9.94,1647.512,23.871,0.000,,18,28,,
T,2023-03-08 00:58:13,6.28581298,-75.58531354,9.94,1647.515,23.871,0.000,,17,27,,
T,2023-03-08 00:58:14,6.28581300,-75.58531359,9.94,1647.520,23.871,0.000,,17,27,,
T,2023-03-08 00:58:15,6.28581297,-75.58531365,9.94,1647.515,23.871,0.000,,17,28,,
T,2023-03-08 00:58:16,6.28581344,-75.58531340,9.94,1647.657,23.871,0.000,,16,29,,
T,2023-03-08 00:58:17,6.28581358,-75.58531335,9.94,1647.666,23.871,0.000,,18,28,,
T,2023-03-08 00:58:18,6.28581362,-75.58531336,9.94,1647.667,23.871,0.000,,18,28,,
T,2023-03-08 00:58:19,6.28581338,-75.58531351,9.94,1647.593,23.871,0.000,,18,28,,
T,2023-03-08 00:58:20,6.28581400,-75.58531321,9.94,1647.795,23.871,0.000,,17,28,,
T,2023-03-08 00:58:21,6.28581418,-75.58531314,9.94,1647.802,23.871,0.000,,18,28,,
T,2023-03-08 00:58:22,6.28581427,-75.58531313,9.94,1647.815,23.871,0.000,,18,28,,
T,2023-03-08 00:58:23,6.28581435,-75.58531312,9.94,1647.835,23.871,0.000,,18,28,,
T,2023-03-08 00:58:24,6.28581440,-75.58531312,9.94,1647.842,23.871,0.000,,19,28,,
T,2023-03-08 00:58:25,6.28581535,-75.58531424,9.94,1648.848,23.871,0.430,330,19,27,,
T,2023-03-08 00:58:26,6.28581384,-75.58531348,9.94,1649.228,23.871,0.000,,21,29,,
T,2023-03-08 00:58:27,6.28581367,-75.58531386,9.94,1649.030,23.871,0.000,,21,29,,
T,2023-03-08 00:58:28,6.28581310,-75.58531939,9.94,1648.722,23.872,0.000,,21,29,,
T,2023-03-08 00:58:29,6.28581303,-75.58533472,9.94,1649.324,23.872,0.940,282,20,29,,
T,2023-03-08 00:58:30,6.28581324,-75.58535442,9.94,1649.964,23.872,2.150,273,20,29,,
T,2023-03-08 00:58:31,6.28581486,-75.58536286,9.94,1649.293,23.872,0.830,270,20,29,,
T,2023-03-08 00:58:32,6.28581645,-75.58536289,9.94,1648.742,23.872,0.240,258,20,29,,
T,2023-03-08 00:58:33,6.28581556,-75.58536393,10.17,1648.358,23.872,0.240,230,21,29,,
T,2023-03-08 00:58:34,6.28581732,-75.58536364,10.33,1648.649,23.872,0.000,,21,29,,
T,2023-03-08 00:58:35,6.28581608,-75.58536598,10.32,1648.585,23.872,0.000,,21,29,,
T,2023-03-08 00:58:36,6.28581557,-75.58536941,10.31,1649.097,23.872,0.000,,20,29,,
T,2023-03-08 00:58:37,6.28581506,-75.58537007,10.65,1649.131,23.872,0.000,,19,29,,
T,2023-03-08 00:58:38,6.28581629,-75.58536753,10.24,1649.288,23.872,0.000,,19,29,,
T,2023-03-08 00:58:39,6.28582276,-75.58535933,9.94,1649.274,23.872,0.000,,19,29,,
T,2023-03-08 00:58:40,6.28582616,-75.58535493,9.94,1649.501,23.872,0.000,,21,30,,
T,2023-03-08 00:58:41,6.28582586,-75.58535654,9.94,1649.924,23.872,0.000,,22,30,,
T,2023-03-08 00:58:42,6.28582733,-75.58535565,9.94,1650.004,23.872,0.000,,22,30,,
T,2023-03-08 00:58:43,6.28582712,-75.58535692,9.94,1649.855,23.872,0.000,,22,30,,
T,2023-03-08 00:58:44,6.28582809,-75.58535653,9.94,1649.928,23.872,0.000,,22,29,,
T,2023-03-08 00:58:45,6.28582769,-75.58535535,9.94,1649.796,23.872,0.000,,20,30,,
T,2023-03-08 00:58:46,6.28582691,-75.58535484,9.94,1649.745,23.872,0.000,,21,30,,
T,2023-03-08 00:58:47,6.28582704,-75.58535434,9.94,1649.718,23.872,0.000,,21,30,,
T,2023-03-08 00:58:48,6.28582706,-75.58535417,9.94,1649.717,23.872,0.000,,22,30,,
T,2023-03-08 00:58:49,6.28582711,-75.58535412,9.94,1649.713,23.872,0.000,,22,30,,
T,2023-03-08 00:58:50,6.28582713,-75.58535408,9.94,1649.712,23.872,0.000,,22,30,,
T,2023-03-08 00:58:51,6.28582712,-75.58535410,9.94,1649.710,23.872,0.000,,22,30,,
T,2023-03-08 00:58:52,6.28582739,-75.58535390,9.94,1649.805,23.872,0.000,,16,30,,
T,2023-03-08 00:58:53,6.28582748,-75.58535383,9.94,1649.806,23.872,0.000,,15,30,,
T,2023-03-08 00:58:54,6.28582750,-75.58535381,9.94,1649.805,23.872,0.000,,15,30,,
T,2023-03-08 00:58:55,6.28582751,-75.58535376,9.94,1649.804,23.872,0.000,,14,30,,
T,2023-03-08 00:58:56,6.28582754,-75.58535373,9.94,1649.780,23.872,0.000,,14,30,,
T,2023-03-08 00:58:57,6.28582783,-75.58535295,9.94,1649.847,23.872,0.000,,15,30,,
T,2023-03-08 00:58:58,6.28582767,-75.58535285,9.94,1649.756,23.872,0.000,,22,30,,
T,2023-03-08 00:58:59,6.28582760,-75.58535245,9.94,1649.855,23.872,0.000,,23,30,,
T,2023-03-08 00:59:00,6.28582759,-75.58535234,9.94,1649.860,23.872,0.000,,23,30,,
T,2023-03-08 00:59:01,6.28582744,-75.58535243,9.94,1649.736,23.872,0.000,,23,30,,
T,2023-03-08 00:59:02,6.28582755,-75.58535261,9.94,1649.631,23.872,0.000,,23,30,,
T,2023-03-08 00:59:03,6.28582751,-75.58535227,9.94,1649.664,23.872,0.000,,23,30,,
T,2023-03-08 00:59:04,6.28582353,-75.58534972,9.94,1649.694,23.872,0.540,127,23,30,,
T,2023-03-08 00:59:05,6.28582133,-75.58534401,9.94,1648.536,23.872,0.520,127,23,30,,
T,2023-03-08 00:59:06,6.28581849,-75.58533861,9.94,1648.634,23.872,0.590,127,22,30,,
T,2023-03-08 00:59:07,6.28581564,-75.58533225,9.94,1648.841,23.872,0.630,127,23,30,,
T,2023-03-08 00:59:08,6.28581300,-75.58532842,9.94,1649.233,23.872,0.310,135,23,30,,
T,2023-03-08 00:59:09,6.28581254,-75.58532781,9.94,1650.672,23.872,0.000,,23,30,,
T,2023-03-08 00:59:10,6.28581251,-75.58532841,9.94,1651.398,23.872,0.000,,23,30,,
T,2023-03-08 00:59:11,6.28581295,-75.58532960,9.94,1651.971,23.872,0.000,,23,30,,
T,2023-03-08 00:59:12,6.28581267,-75.58533115,9.94,1652.611,23.872,0.000,,23,30,,
T,2023-03-08 00:59:13,6.28581160,-75.58533187,9.94,1652.912,23.872,0.000,,22,30,,
T,2023-03-08 00:59:14,6.28581193,-75.58533265,9.94,1653.201,23.872,0.000,,22,30,,
T,2023-03-08 00:59:15,6.28581208,-75.58533357,9.94,1653.721,23.872,0.000,,22,30,,
T,2023-03-08 00:59:16,6.28581421,-75.58533478,9.94,1654.339,23.872,0.000,,22,30,,
T,2023-03-08 00:59:17,6.28581498,-75.58533553,9.94,1654.433,23.872,0.000,,21,29,,
T,2023-03-08 00:59:18,6.28581538,-75.58533594,9.94,1654.669,23.872,0.000,,19,29,,
T,2023-03-08 00:59:19,6.28581548,-75.58533614,9.94,1654.733,23.872,0.000,,19,29,,
T,2023-03-08 00:59:20,6.28581541,-75.58533632,9.94,1654.764,23.872,0.000,,17,29,,
T,2023-03-08 00:59:21,6.28581526,-75.58533666,9.94,1654.778,23.872,0.000,,17,29,,
T,2023-03-08 00:59:22,6.28581521,-75.58533678,9.94,1654.787,23.872,0.000,,19,29,,
T,2023-03-08 00:59:23,6.28581518,-75.58533682,9.94,1654.793,23.872,0.000,,19,29,,
T,2023-03-08 00:59:24,6.28581499,-75.58533682,9.94,1654.825,23.872,0.000,,19,30,,
T,2023-03-08 00:59:25,6.28581526,-75.58533672,9.94,1654.743,23.872,0.000,,20,30,,
T,2023-03-08 00:59:26,6.28581540,-75.58533665,9.94,1654.732,23.872,0.000,,19,30,,
T,2023-03-08 00:59:27,6.28581536,-75.58533667,9.94,1654.754,23.872,0.000,,20,30,,
T,2023-03-08 00:59:28,6.28581534,-75.58533667,9.94,1654.754,23.872,0.000,,21,30,,
T,2023-03-08 00:59:29,6.28581532,-75.58533667,9.94,1654.754,23.872,0.000,,21,30,,
T,2023-03-08 00:59:30,6.28581531,-75.58533667,10.78,1654.754,23.872,0.000,,21,30,,
T,2023-03-08 00:59:31,6.28581530,-75.58533666,10.87,1654.754,23.872,0.000,,19,30,,
T,2023-03-08 00:59:32,6.28581529,-75.58533666,11.83,1654.754,23.872,0.000,,19,30,,
T,2023-03-08 00:59:33,6.28581529,-75.58533666,12.74,1654.754,23.872,0.000,,12,30,,
T,2023-03-08 00:59:34,6.28581528,-75.58533665,13.95,1654.754,23.872,0.000,,4,30,,
T,2023-03-08 00:59:35,6.28581527,-75.58533665,15.62,1654.753,23.872,0.000,,4,30,,
T,2023-03-08 00:59:36,6.28581525,-75.58533667,16.34,1654.759,23.872,0.000,,3,30,,
T,2023-03-08 00:59:37,6.28581524,-75.58533667,19.07,1654.759,23.872,0.000,,5,30,,
T,2023-03-08 00:59:38,6.28581524,-75.58533663,18.86,1654.767,23.872,0.000,,5,30,,
T,2023-03-08 00:59:39,6.28581524,-75.58533662,18.15,1654.765,23.872,0.000,,10,30,,
T,2023-03-08 00:59:40,6.28581527,-75.58533674,16.39,1654.782,23.872,0.000,,14,30,,
T,2023-03-08 00:59:41,6.28581527,-75.58533676,16.12,1654.782,23.872,0.000,,15,30,,
T,2023-03-08 00:59:42,6.28581526,-75.58533677,16.40,1654.782,23.872,0.000,,15,30,,
T,2023-03-08 00:59:43,6.28581526,-75.58533677,16.74,1654.782,23.872,0.000,,14,30,,
T,2023-03-08 00:59:44,6.28581525,-75.58533677,17.19,1654.782,23.872,0.000,,15,29,,
T,2023-03-08 00:59:45,6.28581525,-75.58533676,18.18,1654.782,23.872,0.000,,10,29,,
T,2023-03-08 00:59:46,6.28581524,-75.58533676,17.84,1654.783,23.872,0.000,,6,28,,
T,2023-03-08 00:59:47,6.28581523,-75.58533676,18.27,1654.782,23.872,0.000,,5,28,,
T,2023-03-08 00:59:48,6.28581523,-75.58533676,20.39,1654.783,23.872,0.000,,6,23,,
T,2023-03-08 00:59:49,6.28581522,-75.58533676,22.10,1654.782,23.872,0.000,,6,23,,
T,2023-03-08 00:59:50,6.28581521,-75.58533675,21.69,1654.782,23.872,0.000,,6,23,,
T,2023-03-08 00:59:51,6.28581521,-75.58533675,19.21,1654.782,23.872,0.000,,8,21,,
T,2023-03-08 00:59:52,6.28581521,-75.58533679,18.02,1654.788,23.872,0.000,,11,20,,
T,2023-03-08 00:59:53,6.28581521,-75.58533680,19.28,1654.788,23.872,0.000,,11,20,,
T,2023-03-08 00:59:54,6.28581521,-75.58533680,20.47,1654.788,23.872,0.000,,11,20,,
T,2023-03-08 00:59:55,6.28581521,-75.58533679,22.83,1654.789,23.872,0.000,,11,19,,
T,2023-03-08 00:59:56,6.28581520,-75.58533679,23.29,1654.788,23.872,0.000,,11,19,,
T,2023-03-08 00:59:57,6.28581520,-75.58533679,24.94,1654.788,23.872,0.000,,9,17,,
T,2023-03-08 00:59:58,6.28581519,-75.58533679,24.99,1654.787,23.872,0.000,,7,17,,
T,2023-03-08 00:59:59,6.28581519,-75.58533679,27.26,1654.787,23.872,0.000,,6,16,,
T,2023-03-08 01:00:00,6.28581518,-75.58533679,24.84,1654.788,23.872,0.000,,7,16,,
T,2023-03-08 01:00:01,6.28581518,-75.58533679,23.77,1654.787,23.872,0.000,,7,16,,
T,2023-03-08 01:00:02,6.28581517,-75.58533679,24.34,1654.787,23.872,0.000,,7,16,,
T,2023-03-08 01:00:03,6.28581517,-75.58533679,25.36,1654.787,23.872,0.000,,8,16,,
T,2023-03-08 01:00:04,6.28581517,-75.58533680,24.31,1654.790,23.872,0.000,,6,16,,
T,2023-03-08 01:00:05,6.28581517,-75.58533681,26.53,1654.790,23.872,0.000,,6,16,,
T,2023-03-08 01:00:06,6.28581516,-75.58533681,30.54,1654.790,23.872,0.000,,5,16,,
T,2023-03-08 01:00:07,6.28581516,-75.58533681,35.06,1654.790,23.872,0.000,,5,16,,
T,2023-03-08 01:00:08,6.28581516,-75.58533680,45.61,1654.790,23.872,0.000,,4,16,,
T,2023-03-08 01:00:09,6.28581515,-75.58533680,48.85,1654.790,23.872,0.000,,3,14,,
T,2023-03-08 01:00:10,6.28581515,-75.58533680,41.23,1654.789,23.872,0.000,,5,12,,
T,2023-03-08 01:00:11,6.28581515,-75.58533680,41.84,1654.789,23.872,0.000,,5,12,,
T,2023-03-08 01:00:12,6.28581514,-75.58533680,46.41,1654.789,23.872,0.000,,5,12,,
T,2023-03-08 01:00:13,6.28581514,-75.58533680,51.34,1654.789,23.872,0.000,,5,12,,
T,2023-03-08 01:00:14,6.28581514,-75.58533680,56.61,1654.789,23.872,0.000,,5,12,,
T,2023-03-08 01:00:15,6.28581513,-75.58533679,62.22,1654.789,23.872,0.000,,5,12,,
T,2023-03-08 01:00:16,6.28596575,-75.58561385,84.28,1653.707,23.873,0.800,306,3,12,,
T,2023-03-08 01:00:17,6.28592569,-75.58563496,106.31,1653.675,23.873,0.820,277,3,12,,
T,2023-03-08 01:04:20,6.28585608,-75.58528426,120.11,1648.156,23.871,,,6,9,,
T,2023-03-08 01:04:21,6.28586902,-75.58528047,111.46,1648.161,23.871,,,6,9,,
T,2023-03-08 01:04:22,6.28588125,-75.58527808,106.10,1648.164,23.871,,,6,9,,
