type,date time,latitude,longitude,accuracy(m),altitude(m),geoid_height(m),speed(m/s),bearing(deg),sat_used,sat_inview,name,desc
T,2023-04-27 12:59:00.481,6.24635667,-75.61639333,2.30,1607.278,24.122,0.041,264,21,40,20230427-075900,GPS Logger: 20230427-075900 - Recorrido 4
T,2023-04-27 12:59:01.483,6.24635333,-75.61639667,2.00,1606.578,24.122,0.020,255,23,40,,
T,2023-04-27 12:59:02.495,6.24639833,-75.61638667,1.80,1606.678,24.122,0.079,101,24,40,,
T,2023-04-27 12:59:04,6.24639500,-75.61639000,1.70,1606.378,24.122,0.102,44,25,40,,
T,2023-04-27 12:59:05,6.24639667,-75.61640000,1.60,1606.278,24.122,0.102,341,26,40,,
T,2023-04-27 12:59:06,6.24639667,-75.61640333,1.70,1606.078,24.122,0.000,,24,40,,
T,2023-04-27 12:59:07,6.24639667,-75.61640500,1.80,1605.778,24.122,0.000,,21,40,,
T,2023-04-27 12:59:08,6.24639833,-75.61640667,1.90,1605.578,24.122,0.000,,19,40,,
T,2023-04-27 12:59:09,6.24640167,-75.61640833,2.10,1605.378,24.122,0.000,,20,40,,
T,2023-04-27 12:59:10,6.24640333,-75.61641167,2.40,1605.178,24.122,0.000,,18,40,,
T,2023-04-27 12:59:11,6.24640667,-75.61642167,2.50,1605.078,24.122,0.000,,18,40,,
T,2023-04-27 12:59:12,6.24640667,-75.61642167,2.50,1604.878,24.122,0.000,,18,40,,
T,2023-04-27 12:59:13,6.24641000,-75.61641667,2.50,1604.678,24.122,0.000,,17,40,,
T,2023-04-27 12:59:14,6.24641667,-75.61642333,2.50,1604.678,24.122,0.000,,17,40,,
T,2023-04-27 12:59:15,6.24642167,-75.61642667,2.50,1604.478,24.122,0.000,,17,40,,
T,2023-04-27 12:59:16,6.24643000,-75.61643000,2.50,1604.378,24.122,0.000,,16,40,,
T,2023-04-27 12:59:17,6.24643333,-75.61643167,2.50,1604.278,24.122,0.000,,15,40,,
T,2023-04-27 12:59:18,6.24643500,-75.61643333,2.60,1604.178,24.122,0.000,,15,40,,
T,2023-04-27 12:59:19,6.24644167,-75.61642667,2.70,1604.178,24.122,0.000,,15,40,,
T,2023-04-27 12:59:20,6.24644833,-75.61643000,2.80,1604.178,24.122,0.000,,15,40,,
T,2023-04-27 12:59:21,6.24645667,-75.61644000,2.90,1604.178,24.122,0.000,,16,40,,
T,2023-04-27 12:59:22,6.24646000,-75.61644667,2.90,1604.178,24.122,0.000,,16,40,,
T,2023-04-27 12:59:23,6.24646167,-75.61645000,2.90,1604.078,24.122,0.000,,16,40,,
T,2023-04-27 12:59:24,6.24646667,-75.61645000,2.90,1604.078,24.122,0.000,,16,40,,
T,2023-04-27 12:59:25,6.24647000,-75.61644667,2.90,1604.078,24.122,0.000,,16,40,,
T,2023-04-27 12:59:26,6.24646667,-75.61644667,2.80,1604.078,24.122,0.000,,17,40,,
T,2023-04-27 12:59:27,6.24647000,-75.61644333,2.90,1604.078,24.122,0.000,,16,40,,
T,2023-04-27 12:59:28,6.24647333,-75.61643833,2.90,1604.178,24.122,0.000,,16,40,,
T,2023-04-27 12:59:29,6.24648833,-75.61640667,3.00,1604.278,24.122,0.000,,17,40,,
T,2023-04-27 12:59:30,6.24652333,-75.61637000,3.10,1604.878,24.122,0.000,,15,40,,
T,2023-04-27 12:59:31,6.24656333,-75.61634333,3.20,1605.678,24.122,6.086,41,16,40,,
T,2023-04-27 12:59:32,6.24659833,-75.61630500,3.20,1606.279,24.121,5.012,43,16,40,,
T,2023-04-27 12:59:33,6.24663000,-75.61626333,3.30,1606.579,24.121,4.729,43,14,39,,
T,2023-04-27 12:59:34,6.24665500,-75.61624167,3.40,1606.879,24.121,3.571,43,14,40,,
T,2023-04-27 12:59:35,6.24666667,-75.61622833,3.40,1607.179,24.121,1.778,54,15,40,,
T,2023-04-27 12:59:36,6.24667333,-75.61620500,3.40,1607.479,24.121,1.458,52,16,40,,
T,2023-04-27 12:59:37,6.24669167,-75.61618333,3.30,1607.779,24.121,2.578,31,16,40,,
T,2023-04-27 12:59:38,6.24672333,-75.61614667,3.30,1608.080,24.120,4.421,31,16,40,,
T,2023-04-27 12:59:39,6.24675500,-75.61610500,3.30,1608.180,24.120,4.070,34,16,40,,
T,2023-04-27 12:59:40,6.24679167,-75.61608000,3.20,1608.380,24.120,5.866,27,15,40,,
T,2023-04-27 12:59:41,6.24685000,-75.61602167,3.40,1608.281,24.119,9.261,45,14,40,,
T,2023-04-27 12:59:42,6.24693167,-75.61593333,3.40,1608.181,24.119,11.272,44,12,40,,
T,2023-04-27 12:59:43,6.24701667,-75.61583833,3.60,1608.082,24.118,12.335,46,12,40,,
T,2023-04-27 12:59:44,6.24709833,-75.61575500,3.70,1608.082,24.118,12.369,45,12,40,,
T,2023-04-27 12:59:45,6.24718333,-75.61565000,3.80,1607.583,24.117,12.756,49,11,40,,
T,2023-04-27 12:59:46,6.24725833,-75.61556500,4.00,1607.384,24.116,12.365,50,11,40,,
T,2023-04-27 12:59:47,6.24733167,-75.61547333,3.90,1606.584,24.116,11.785,51,10,40,,
T,2023-04-27 12:59:48,6.24739333,-75.61538667,3.90,1606.185,24.115,11.243,52,10,40,,
T,2023-04-27 12:59:49,6.24745667,-75.61530333,3.80,1605.385,24.115,10.604,53,10,40,,
T,2023-04-27 12:59:50,6.24751000,-75.61523667,3.70,1605.086,24.114,9.645,51,11,40,,
T,2023-04-27 12:59:51,6.24755667,-75.61516833,3.60,1604.586,24.114,9.346,53,12,40,,
T,2023-04-27 12:59:52,6.24760167,-75.61511000,3.70,1604.387,24.113,8.804,53,11,39,,
T,2023-04-27 12:59:53,6.24764333,-75.61505167,3.80,1604.387,24.113,8.080,52,10,39,,
T,2023-04-27 12:59:54,6.24768000,-75.61499167,3.80,1604.388,24.112,8.166,53,10,39,,
T,2023-04-27 12:59:55,6.24771667,-75.61495333,3.80,1604.288,24.112,7.722,52,11,39,,
T,2023-04-27 12:59:56,6.24775000,-75.61490833,3.80,1604.288,24.112,7.556,54,11,39,,
T,2023-04-27 12:59:57,6.24778333,-75.61485833,3.90,1604.288,24.112,8.017,55,11,39,,
T,2023-04-27 12:59:58,6.24783000,-75.61481667,3.90,1604.289,24.111,8.763,51,11,39,,
T,2023-04-27 12:59:59,6.24787167,-75.61477333,3.90,1604.189,24.111,8.623,50,10,39,,
T,2023-04-27 13:00:00,6.24792167,-75.61471333,3.70,1604.289,24.111,8.861,50,10,40,,
T,2023-04-27 13:00:01,6.24798167,-75.61467333,3.90,1604.090,24.110,7.732,36,9,40,,
T,2023-04-27 13:00:02,6.24804500,-75.61463500,4.10,1603.890,24.110,7.938,34,7,40,,
T,2023-04-27 13:00:03,6.24810333,-75.61458333,4.30,1603.490,24.110,7.942,37,7,40,,
T,2023-04-27 13:00:04,6.24816167,-75.61453167,4.50,1602.991,24.109,8.038,39,7,40,,
T,2023-04-27 13:00:05,6.24821000,-75.61445667,4.50,1602.391,24.109,8.166,43,7,40,,
T,2023-04-27 13:00:06,6.24826000,-75.61440167,4.60,1602.292,24.108,8.029,44,7,40,,
T,2023-04-27 13:00:07,6.24831667,-75.61431833,4.60,1601.592,24.108,8.044,47,7,40,,
T,2023-04-27 13:00:08,6.24836333,-75.61421500,4.60,1601.093,24.107,8.470,53,7,40,,
T,2023-04-27 13:00:09,6.24843500,-75.61407667,4.50,1600.394,24.106,9.946,52,9,39,,
T,2023-04-27 13:00:10,6.24850667,-75.61401167,4.60,1599.994,24.106,10.370,49,7,39,,
T,2023-04-27 13:00:11,6.24859333,-75.61392000,4.60,1598.995,24.105,11.279,47,8,39,,
T,2023-04-27 13:00:12,6.24870833,-75.61381167,4.40,1598.896,24.104,12.611,45,10,39,,
T,2023-04-27 13:00:13,6.24880167,-75.61371667,4.20,1597.796,24.104,12.933,45,11,39,,
T,2023-04-27 13:00:14,6.24889500,-75.61362000,4.10,1597.197,24.103,12.923,47,10,40,,
T,2023-04-27 13:00:15,6.24898333,-75.61352667,4.10,1596.098,24.102,13.072,48,9,40,,
T,2023-04-27 13:00:16,6.24908333,-75.61345500,4.10,1594.198,24.102,13.313,48,10,40,,
T,2023-04-27 13:00:17,6.24919000,-75.61338667,4.00,1592.799,24.101,13.550,44,10,40,,
T,2023-04-27 13:00:18,6.24927500,-75.61333000,3.90,1591.799,24.101,12.718,43,11,40,,
T,2023-04-27 13:00:19,6.24934333,-75.61324500,3.90,1591.600,24.100,12.303,47,9,40,,
T,2023-04-27 13:00:20,6.24940167,-75.61317667,3.80,1591.100,24.100,11.566,48,9,40,,
T,2023-04-27 13:00:21,6.24947500,-75.61310833,3.90,1590.201,24.099,11.770,48,9,40,,
T,2023-04-27 13:00:22,6.24954667,-75.61303000,3.90,1590.101,24.099,11.140,48,9,40,,
T,2023-04-27 13:00:23,6.24959833,-75.61296167,4.20,1589.802,24.098,9.543,54,10,39,,
T,2023-04-27 13:00:24,6.24962333,-75.61291333,4.30,1589.802,24.098,8.289,53,8,39,,
T,2023-04-27 13:00:25,6.24966500,-75.61287667,4.20,1589.602,24.098,7.510,50,8,39,,
T,2023-04-27 13:00:26,6.24968000,-75.61284333,4.20,1589.303,24.097,6.620,54,8,39,,
T,2023-04-27 13:00:27,6.24968333,-75.61279833,4.20,1588.903,24.097,5.831,58,8,39,,
T,2023-04-27 13:00:28,6.24969333,-75.61276833,4.20,1588.703,24.097,5.101,60,8,39,,
T,2023-04-27 13:00:29,6.24971667,-75.61276833,4.10,1587.903,24.097,4.333,51,9,39,,
T,2023-04-27 13:00:30,6.24974167,-75.61273667,4.20,1587.903,24.097,4.725,48,9,39,,
T,2023-04-27 13:00:31,6.24977667,-75.61270500,4.10,1586.803,24.097,6.014,55,9,40,,
T,2023-04-27 13:00:32,6.24980833,-75.61266167,4.70,1586.804,24.096,6.317,54,8,40,,
T,2023-04-27 13:00:33,6.24984833,-75.61262667,4.40,1586.304,24.096,6.008,53,8,40,,
T,2023-04-27 13:00:34,6.24988833,-75.61258833,4.30,1585.904,24.096,6.001,50,9,40,,
T,2023-04-27 13:00:35,6.24994167,-75.61255667,4.30,1585.205,24.095,5.662,49,9,40,,
T,2023-04-27 13:00:36,6.24998333,-75.61253500,4.30,1583.005,24.095,5.336,45,9,40,,
T,2023-04-27 13:00:37,6.25000833,-75.61252500,4.40,1581.805,24.095,4.657,39,8,40,,
T,2023-04-27 13:00:38,6.25004167,-75.61249833,4.30,1581.705,24.095,4.472,39,7,40,,
T,2023-04-27 13:00:39,6.25006833,-75.61247833,4.60,1581.705,24.095,4.076,33,5,40,,
T,2023-04-27 13:00:40,6.25008500,-75.61246333,5.00,1581.605,24.095,3.483,34,5,39,,
T,2023-04-27 13:00:41,6.25011333,-75.61246833,5.60,1581.505,24.095,3.513,18,4,39,,
T,2023-04-27 13:00:42,6.25014167,-75.61245000,38.20,1581.506,24.094,3.487,23,3,39,,
T,2023-04-27 13:00:43,6.25015667,-75.61242000,45.70,1581.506,24.094,3.146,37,3,39,,
T,2023-04-27 13:00:44,6.25017833,-75.61241000,53.50,1581.506,24.094,3.151,35,3,39,,
T,2023-04-27 13:00:45,6.25019833,-75.61239333,62.10,1581.506,24.094,3.136,37,3,39,,
T,2023-04-27 13:00:46,6.25022833,-75.61237167,7.90,1581.506,24.094,3.521,36,4,39,,
T,2023-04-27 13:00:47,6.25024167,-75.61237667,8.10,1581.506,24.094,3.144,35,4,39,,
T,2023-04-27 13:00:48,6.25027667,-75.61235500,70.90,1581.506,24.094,3.679,34,3,39,,
T,2023-04-27 13:00:49,6.25031667,-75.61232500,76.90,1581.507,24.093,4.087,32,3,39,,
T,2023-04-27 13:00:50,6.25034833,-75.61230500,83.60,1581.507,24.093,4.102,32,3,39,,
T,2023-04-27 13:00:51,6.25040333,-75.61223000,8.50,1581.607,24.093,4.932,36,4,39,,
T,2023-04-27 13:00:52,6.25045833,-75.61218333,8.30,1581.708,24.092,5.501,34,4,39,,
T,2023-04-27 13:00:53,6.25051500,-75.61213667,8.40,1581.808,24.092,6.073,35,5,39,,
T,2023-04-27 13:00:54,6.25054167,-75.61213667,8.50,1581.708,24.092,5.421,37,4,39,,
T,2023-04-27 13:00:55,6.25058500,-75.61212000,8.50,1581.808,24.092,5.644,35,4,39,,
T,2023-04-27 13:00:56,6.25062667,-75.61210167,76.30,1581.809,24.091,5.641,34,3,39,,
T,2023-04-27 13:01:01,6.25085667,-75.61192333,76.50,1581.910,24.090,7.109,42,3,39,,
T,2023-04-27 13:01:02,6.25093500,-75.61184333,8.40,1582.011,24.089,8.054,41,4,40,,
T,2023-04-27 13:01:03,6.25099667,-75.61174333,8.20,1582.111,24.089,8.385,45,4,40,,
T,2023-04-27 13:01:04,6.25104167,-75.61165667,8.00,1582.212,24.088,7.667,55,4,40,,
T,2023-04-27 13:01:05,6.25109833,-75.61154000,7.80,1582.413,24.087,8.047,59,4,40,,
T,2023-04-27 13:01:06,6.25115667,-75.61141333,7.70,1582.513,24.087,9.021,64,4,40,,
T,2023-04-27 13:01:07,6.25120167,-75.61131167,59.10,1582.814,24.086,9.255,65,3,40,,
T,2023-04-27 13:01:08,6.25124167,-75.61122167,56.70,1582.915,24.085,9.466,66,3,40,,
T,2023-04-27 13:01:09,6.25126833,-75.61113333,55.70,1583.015,24.085,9.479,68,3,40,,
T,2023-04-27 13:01:10,6.25129167,-75.61105333,55.90,1583.115,24.085,9.389,68,3,40,,
T,2023-04-27 13:01:11,6.25132000,-75.61096500,7.60,1583.216,24.084,9.365,68,5,39,,
T,2023-04-27 13:01:12,6.25134500,-75.61087500,7.70,1583.317,24.083,9.363,69,4,39,,
T,2023-04-27 13:01:13,6.25135500,-75.61081000,7.60,1583.417,24.083,8.696,71,4,39,,
T,2023-04-27 13:01:14,6.25137500,-75.61072667,7.60,1583.517,24.083,8.558,72,4,39,,
T,2023-04-27 13:01:15,6.25142167,-75.61065500,7.50,1583.618,24.082,8.568,69,5,39,,
T,2023-04-27 13:01:16,6.25146167,-75.61058500,7.70,1583.718,24.082,8.575,67,4,39,,
T,2023-04-27 13:01:17,6.25152000,-75.61051167,7.90,1583.819,24.081,8.787,65,4,39,,
T,2023-04-27 13:01:18,6.25162333,-75.61042333,8.00,1583.920,24.080,9.621,62,5,39,,
T,2023-04-27 13:01:19,6.25176000,-75.61037000,7.70,1584.020,24.080,10.327,55,4,39,,
T,2023-04-27 13:01:20,6.25184500,-75.61031000,7.40,1584.121,24.079,10.312,54,4,39,,
T,2023-04-27 13:01:21,6.25192500,-75.61023667,7.40,1584.321,24.079,10.406,52,5,40,,
T,2023-04-27 13:01:22,6.25207500,-75.61019167,5.80,1584.322,24.078,10.367,47,7,40,,
T,2023-04-27 13:01:23,6.25213833,-75.61012333,5.50,1584.422,24.078,9.952,47,7,40,,
T,2023-04-27 13:01:24,6.25220667,-75.61006833,5.10,1583.923,24.077,8.547,50,9,40,,
T,2023-04-27 13:01:25,6.25225500,-75.61001500,4.80,1580.923,24.077,7.213,40,9,40,,
T,2023-04-27 13:01:26,6.25229833,-75.60996500,4.80,1580.923,24.077,7.719,40,9,40,,
T,2023-04-27 13:01:27,6.25235167,-75.60992000,4.70,1580.924,24.076,7.824,40,8,39,,
T,2023-04-27 13:01:28,6.25242500,-75.60985667,4.50,1579.224,24.076,8.830,44,9,39,,
T,2023-04-27 13:01:29,6.25248500,-75.60979167,4.40,1578.925,24.075,9.981,48,9,39,,
T,2023-04-27 13:01:30,6.25254667,-75.60971500,4.30,1578.225,24.075,10.313,48,9,39,,
T,2023-04-27 13:01:31,6.25261333,-75.60964000,4.30,1577.926,24.074,10.339,49,9,39,,
T,2023-04-27 13:01:32,6.25267500,-75.60958167,4.30,1577.426,24.074,9.991,46,9,40,,
T,2023-04-27 13:01:33,6.25273667,-75.60952333,4.50,1576.827,24.073,9.546,44,8,40,,
T,2023-04-27 13:01:34,6.25279833,-75.60945833,4.60,1576.127,24.073,9.573,43,6,40,,
T,2023-04-27 13:01:35,6.25286333,-75.60939667,4.70,1575.428,24.072,9.576,43,6,40,,
T,2023-04-27 13:01:36,6.25292833,-75.60936167,4.90,1575.228,24.072,9.415,38,5,40,,
T,2023-04-27 13:01:37,6.25299833,-75.60930167,5.10,1575.229,24.071,9.554,39,4,40,,
T,2023-04-27 13:01:38,6.25305667,-75.60930500,4.70,1574.329,24.071,8.620,34,6,39,,
T,2023-04-27 13:01:39,6.25311667,-75.60929500,4.60,1573.329,24.071,8.053,31,6,39,,
T,2023-04-27 13:01:40,6.25317833,-75.60927500,4.50,1571.829,24.071,7.230,28,7,39,,
T,2023-04-27 13:01:41,6.25324167,-75.60925167,4.50,1570.629,24.071,6.769,26,6,40,,
T,2023-04-27 13:01:42,6.25330667,-75.60923167,4.70,1570.630,24.070,7.036,22,5,40,,
T,2023-04-27 13:01:43,6.25334333,-75.60920500,4.60,1569.330,24.070,6.310,23,7,40,,
T,2023-04-27 13:01:44,6.25335667,-75.60910667,4.30,1565.430,24.070,5.358,33,9,40,,
T,2023-04-27 13:01:45,6.25338500,-75.60907333,4.30,1564.631,24.069,4.842,34,9,40,,
T,2023-04-27 13:01:46,6.25340667,-75.60904833,4.40,1563.431,24.069,4.013,34,8,40,,
T,2023-04-27 13:01:47,6.25338333,-75.60903167,4.50,1562.231,24.069,2.737,46,9,40,,
T,2023-04-27 13:01:48,6.25336500,-75.60899833,4.50,1561.631,24.069,2.905,69,10,40,,
T,2023-04-27 13:01:49,6.25336500,-75.60897667,4.80,1561.431,24.069,2.880,74,9,40,,
T,2023-04-27 13:01:50,6.25337167,-75.60895333,4.30,1561.331,24.069,2.767,85,8,40,,
T,2023-04-27 13:01:51,6.25337500,-75.60892833,4.80,1561.331,24.069,2.804,96,6,40,,
T,2023-04-27 13:01:52,6.25337167,-75.60890167,5.20,1561.331,24.069,3.049,107,5,40,,
T,2023-04-27 13:01:53,6.25336333,-75.60887500,5.50,1561.432,24.068,3.358,113,5,40,,
T,2023-04-27 13:01:54,6.25334667,-75.60883667,5.70,1561.232,24.068,4.050,113,5,40,,
T,2023-04-27 13:01:55,6.25332500,-75.60877833,6.10,1561.032,24.068,4.961,109,5,39,,
T,2023-04-27 13:01:56,6.25328167,-75.60868833,6.10,1560.932,24.068,7.103,112,4,39,,
T,2023-04-27 13:01:57,6.25324000,-75.60860500,6.20,1560.733,24.067,7.813,113,5,40,,
T,2023-04-27 13:01:58,6.25319500,-75.60852667,6.40,1560.633,24.067,8.417,116,4,40,,
T,2023-04-27 13:01:59,6.25315500,-75.60844500,6.40,1560.333,24.067,8.514,116,4,40,,
T,2023-04-27 13:02:00,6.25312167,-75.60837500,6.40,1559.934,24.066,8.159,116,5,40,,
T,2023-04-27 13:02:01,6.25309167,-75.60829333,6.50,1559.434,24.066,7.678,113,5,40,,
T,2023-04-27 13:02:02,6.25306500,-75.60823667,6.70,1558.934,24.066,6.769,113,5,40,,
T,2023-04-27 13:02:03,6.25303833,-75.60816667,6.90,1558.535,24.065,6.496,111,5,40,,
T,2023-04-27 13:02:04,6.25290667,-75.60800000,6.60,1557.235,24.065,6.749,112,6,40,,
T,2023-04-27 13:02:05,6.25282500,-75.60787500,6.40,1556.336,24.064,6.183,112,6,40,,
T,2023-04-27 13:02:06,6.25280500,-75.60776500,6.20,1554.136,24.064,6.441,109,6,40,,
T,2023-04-27 13:02:07,6.25278500,-75.60771000,6.40,1554.136,24.064,6.232,107,6,40,,
T,2023-04-27 13:02:08,6.25277167,-75.60763500,5.80,1551.637,24.063,5.216,101,6,40,,
T,2023-04-27 13:02:09,6.25270333,-75.60761500,5.50,1550.437,24.063,1.838,137,6,40,,
T,2023-04-27 13:02:10,6.25264667,-75.60757167,5.20,1551.337,24.063,3.086,136,6,39,,
T,2023-04-27 13:02:11,6.25261833,-75.60755667,5.20,1551.037,24.063,2.503,140,5,39,,
T,2023-04-27 13:02:12,6.25257500,-75.60756000,5.10,1549.837,24.063,1.677,160,6,39,,
T,2023-04-27 13:02:13,6.25250667,-75.60769000,4.30,1540.136,24.064,1.289,160,9,40,,
T,2023-04-27 13:02:14,6.25249833,-75.60770833,4.20,1538.936,24.064,1.199,160,9,40,,
T,2023-04-27 13:02:15,6.25247833,-75.60773667,4.00,1535.335,24.065,1.170,160,9,40,,
T,2023-04-27 13:02:16,6.25245500,-75.60775167,3.90,1532.335,24.065,1.270,160,9,40,,
T,2023-04-27 13:02:17,6.25244000,-75.60773167,3.60,1530.935,24.065,0.000,,10,40,,
T,2023-04-27 13:02:18,6.25243167,-75.60773167,3.60,1530.635,24.065,0.000,,9,40,,
T,2023-04-27 13:02:19,6.25243167,-75.60772833,3.60,1530.435,24.065,0.000,,9,40,,
T,2023-04-27 13:02:20,6.25243167,-75.60772833,3.70,1530.435,24.065,0.000,,9,40,,
T,2023-04-27 13:02:21,6.25243167,-75.60772833,3.70,1530.435,24.065,0.000,,9,40,,
T,2023-04-27 13:02:22,6.25243167,-75.60772833,3.80,1530.435,24.065,0.000,,9,39,,
T,2023-04-27 13:02:23,6.25243167,-75.60772833,3.80,1530.435,24.065,0.000,,10,40,,
T,2023-04-27 13:02:24,6.25243167,-75.60772833,3.80,1530.435,24.065,0.000,,10,40,,
T,2023-04-27 13:02:25,6.25243167,-75.60772833,3.80,1530.435,24.065,0.000,,10,40,,
T,2023-04-27 13:02:26,6.25243167,-75.60772833,3.80,1530.435,24.065,0.000,,9,40,,
T,2023-04-27 13:02:27,6.25240833,-75.60766000,3.70,1533.236,24.064,0.121,160,9,40,,
T,2023-04-27 13:02:28,6.25241167,-75.60763833,3.70,1534.236,24.064,0.150,160,9,40,,
T,2023-04-27 13:02:29,6.25241500,-75.60762167,3.70,1535.236,24.064,1.287,160,9,40,,
T,2023-04-27 13:02:30,6.25242000,-75.60761500,3.70,1535.636,24.064,1.301,160,9,40,,
T,2023-04-27 13:02:31,6.25242000,-75.60760500,3.70,1536.036,24.064,0.000,,8,40,,
T,2023-04-27 13:02:32,6.25241667,-75.60758833,3.70,1536.636,24.064,0.000,,8,39,,
T,2023-04-27 13:02:33,6.25241167,-75.60759167,3.60,1537.136,24.064,1.158,160,8,39,,
T,2023-04-27 13:02:34,6.25241500,-75.60758333,3.60,1537.636,24.064,1.572,117,9,40,,
T,2023-04-27 13:02:35,6.25242000,-75.60758333,3.50,1537.736,24.064,1.169,117,9,40,,
T,2023-04-27 13:02:36,6.25243000,-75.60757333,3.50,1537.936,24.064,1.317,117,9,40,,
T,2023-04-27 13:02:37,6.25243167,-75.60757000,3.40,1538.536,24.064,1.067,117,9,40,,
T,2023-04-27 13:02:38,6.25243500,-75.60757167,3.40,1538.936,24.064,0.000,,10,40,,
T,2023-04-27 13:02:39,6.25243500,-75.60756833,3.50,1539.236,24.064,0.000,,9,40,,
T,2023-04-27 13:02:40,6.25243500,-75.60757333,3.50,1539.336,24.064,0.000,,9,40,,
T,2023-04-27 13:02:41,6.25243500,-75.60757333,3.70,1539.336,24.064,0.000,,9,40,,
T,2023-04-27 13:02:42,6.25243500,-75.60757333,3.80,1539.336,24.064,0.000,,10,40,,
T,2023-04-27 13:02:43,6.25243500,-75.60757333,3.70,1539.336,24.064,0.000,,10,40,,
T,2023-04-27 13:02:44,6.25243500,-75.60757333,3.90,1539.336,24.064,0.000,,11,40,,
T,2023-04-27 13:02:45,6.25240833,-75.60759833,3.90,1539.936,24.064,0.109,117,10,40,,
T,2023-04-27 13:02:46,6.25239833,-75.60758500,3.90,1539.836,24.064,0.106,117,8,40,,
T,2023-04-27 13:02:47,6.25237833,-75.60755333,4.00,1540.036,24.064,0.166,117,8,40,,
T,2023-04-27 13:02:48,6.25234333,-75.60751167,4.10,1540.336,24.064,2.641,143,8,40,,
T,2023-04-27 13:02:49,6.25231000,-75.60744167,4.20,1540.537,24.063,3.728,126,7,40,,
T,2023-04-27 13:02:50,6.25225167,-75.60737167,4.30,1540.637,24.063,4.974,132,8,40,,
T,2023-04-27 13:02:51,6.25218333,-75.60727167,4.40,1540.437,24.063,6.595,130,8,40,,
T,2023-04-27 13:02:52,6.25213000,-75.60718333,4.40,1540.238,24.062,7.146,124,8,39,,
T,2023-04-27 13:02:53,6.25207000,-75.60708833,4.40,1539.938,24.062,7.759,123,8,39,,
T,2023-04-27 13:02:54,6.25199333,-75.60698000,4.40,1539.538,24.062,9.280,125,7,40,,
T,2023-04-27 13:02:55,6.25192667,-75.60686833,4.40,1539.439,24.061,10.164,123,7,40,,
T,2023-04-27 13:02:56,6.25185167,-75.60675167,4.30,1539.539,24.061,10.672,123,7,40,,
T,2023-04-27 13:02:57,6.25178500,-75.60667500,4.40,1539.639,24.061,11.098,125,5,40,,
T,2023-04-27 13:02:58,6.25171333,-75.60661333,4.60,1539.740,24.060,11.236,129,5,40,,
T,2023-04-27 13:02:59,6.25163667,-75.60655167,4.60,1539.840,24.060,11.212,133,5,40,,
T,2023-04-27 13:03:00,6.25158000,-75.60648833,4.50,1539.940,24.060,10.509,132,5,40,,
T,2023-04-27 13:03:01,6.25151333,-75.60644333,4.60,1540.040,24.060,9.884,133,5,40,,
T,2023-04-27 13:03:02,6.25147500,-75.60639167,4.60,1540.140,24.060,9.053,130,5,40,,
T,2023-04-27 13:03:03,6.25142500,-75.60632833,4.60,1539.540,24.060,9.018,128,6,40,,
T,2023-04-27 13:03:04,6.25137333,-75.60626500,5.20,1539.541,24.059,8.997,128,6,39,,
T,2023-04-27 13:03:05,6.25132833,-75.60620667,5.50,1539.641,24.059,8.319,126,5,40,,
T,2023-04-27 13:03:06,6.25129000,-75.60618333,5.80,1539.041,24.059,6.756,131,6,40,,
T,2023-04-27 13:03:07,6.25125667,-75.60622500,5.40,1537.041,24.059,4.486,140,6,40,,
T,2023-04-27 13:03:08,6.25124000,-75.60626667,4.90,1535.840,24.060,3.108,158,7,40,,
T,2023-04-27 13:03:09,6.25127333,-75.60634833,4.70,1535.540,24.060,2.092,195,6,40,,
T,2023-04-27 13:03:10,6.25123333,-75.60636333,4.70,1534.940,24.060,2.976,198,7,40,,
T,2023-04-27 13:03:11,6.25117500,-75.60635833,4.70,1533.440,24.060,3.949,193,6,40,,
T,2023-04-27 13:03:12,6.25115167,-75.60638333,4.60,1532.039,24.061,4.129,199,6,39,,
T,2023-04-27 13:03:13,6.25110667,-75.60639000,4.60,1530.739,24.061,4.428,199,6,39,,
T,2023-04-27 13:03:14,6.25107333,-75.60641000,4.50,1530.439,24.061,4.214,201,6,39,,
T,2023-04-27 13:03:15,6.25104667,-75.60643667,4.40,1528.639,24.061,3.605,198,6,39,,
T,2023-04-27 13:03:16,6.25101667,-75.60644333,4.40,1528.039,24.061,3.235,197,5,39,,
T,2023-04-27 13:03:17,6.25099167,-75.60644833,4.50,1527.439,24.061,2.868,195,5,39,,
T,2023-04-27 13:03:18,6.25096000,-75.60645667,4.50,1527.139,24.061,2.902,197,6,39,,
T,2023-04-27 13:03:19,6.25093333,-75.60646333,4.70,1527.139,24.061,2.941,194,4,39,,
T,2023-04-27 13:03:20,6.25092000,-75.60648667,4.80,1527.038,24.062,2.518,205,5,39,,
T,2023-04-27 13:03:21,6.25086500,-75.60646333,4.50,1529.238,24.062,2.111,201,8,39,,
T,2023-04-27 13:03:22,6.25083167,-75.60643500,4.40,1530.238,24.062,1.714,187,7,39,,
T,2023-04-27 13:03:23,6.25079500,-75.60642500,4.40,1531.638,24.062,1.560,191,8,39,,
T,2023-04-27 13:03:24,6.25079167,-75.60641000,4.40,1531.638,24.062,0.000,,8,39,,
T,2023-04-27 13:03:25,6.25079333,-75.60639833,4.40,1532.139,24.061,0.000,,9,40,,
T,2023-04-27 13:03:26,6.25079333,-75.60638500,4.30,1532.339,24.061,0.000,,9,40,,
T,2023-04-27 13:03:27,6.25079333,-75.60638500,4.30,1532.339,24.061,0.000,,10,40,,
T,2023-04-27 13:03:28,6.25079333,-75.60638500,4.30,1532.339,24.061,0.000,,10,40,,
T,2023-04-27 13:03:29,6.25079333,-75.60638500,4.30,1532.339,24.061,0.000,,11,40,,
T,2023-04-27 13:03:30,6.25079333,-75.60638500,4.10,1532.339,24.061,0.000,,11,40,,
T,2023-04-27 13:03:31,6.25079333,-75.60638500,4.00,1532.339,24.061,0.000,,11,40,,
T,2023-04-27 13:03:32,6.25079333,-75.60638500,4.00,1532.339,24.061,0.000,,12,40,,
T,2023-04-27 13:03:33,6.25079333,-75.60638500,4.00,1532.339,24.061,0.000,,10,40,,
T,2023-04-27 13:03:34,6.25079333,-75.60638500,4.00,1532.339,24.061,0.000,,8,40,,
T,2023-04-27 13:03:35,6.25079333,-75.60638500,4.20,1532.339,24.061,0.000,,7,40,,
T,2023-04-27 13:03:36,6.25079333,-75.60638500,4.30,1532.339,24.061,0.000,,7,40,,
T,2023-04-27 13:03:37,6.25079333,-75.60638500,4.60,1532.339,24.061,0.000,,5,40,,
T,2023-04-27 13:03:38,6.25079333,-75.60638500,4.90,1532.339,24.061,0.000,,4,39,,
T,2023-04-27 13:03:39,6.25079333,-75.60638500,5.20,1532.339,24.061,0.000,,4,39,,
T,2023-04-27 13:03:40,6.25079333,-75.60638500,5.50,1532.339,24.061,0.000,,4,40,,
T,2023-04-27 13:03:41,6.25083833,-75.60630000,5.80,1534.939,24.061,0.816,191,4,40,,
T,2023-04-27 13:03:42,6.25082500,-75.60629500,6.20,1534.739,24.061,0.000,,4,40,,
T,2023-04-27 13:03:43,6.25082667,-75.60628667,6.40,1534.739,24.061,0.000,,4,40,,
T,2023-04-27 13:03:44,6.25081667,-75.60629500,6.60,1534.739,24.061,0.000,,4,40,,
T,2023-04-27 13:03:45,6.25081667,-75.60629500,6.70,1534.739,24.061,0.000,,4,40,,
T,2023-04-27 13:03:46,6.25081667,-75.60629500,6.90,1534.739,24.061,0.000,,4,40,,
T,2023-04-27 13:03:47,6.25081667,-75.60629500,7.20,1534.739,24.061,0.000,,4,40,,
T,2023-04-27 13:03:48,6.25083000,-75.60638500,51.70,1534.039,24.061,0.101,191,3,40,,
T,2023-04-27 13:03:49,6.25082833,-75.60642667,54.10,1534.038,24.062,0.157,191,3,40,,
T,2023-04-27 13:03:50,6.25080000,-75.60647833,7.30,1533.738,24.062,0.171,191,4,40,,
T,2023-04-27 13:03:51,6.25076000,-75.60654500,7.30,1533.338,24.062,1.938,273,4,40,,
T,2023-04-27 13:03:52,6.25073333,-75.60656500,7.30,1533.138,24.062,2.036,267,4,39,,
T,2023-04-27 13:03:53,6.25063667,-75.60665833,6.90,1532.737,24.063,2.720,242,4,40,,
T,2023-04-27 13:03:54,6.25060000,-75.60668833,6.70,1532.337,24.063,2.515,246,4,40,,
T,2023-04-27 13:03:55,6.25060000,-75.60670167,45.60,1532.337,24.063,2.285,254,3,40,,
T,2023-04-27 13:03:56,6.25059333,-75.60672333,47.70,1532.336,24.064,2.275,255,3,40,,
T,2023-04-27 13:04:16,6.25066000,-75.60623000,6.60,1528.139,24.061,0.000,,7,40,,
T,2023-04-27 13:04:17,6.25067167,-75.60620833,6.10,1528.539,24.061,0.000,,8,40,,
T,2023-04-27 13:04:18,6.25067167,-75.60620833,5.90,1528.539,24.061,0.000,,7,40,,
T,2023-04-27 13:04:19,6.25067167,-75.60620833,5.70,1528.539,24.061,0.000,,7,40,,
T,2023-04-27 13:04:20,6.25067167,-75.60620833,5.40,1528.539,24.061,0.000,,8,40,,
T,2023-04-27 13:04:21,6.25067167,-75.60620833,4.90,1528.539,24.061,0.000,,9,40,,
T,2023-04-27 13:04:22,6.25067167,-75.60620833,4.50,1528.539,24.061,0.000,,9,40,,
T,2023-04-27 13:04:23,6.25067167,-75.60620833,4.40,1528.539,24.061,0.000,,10,40,,
T,2023-04-27 13:04:24,6.25067167,-75.60620833,4.20,1528.539,24.061,0.000,,10,39,,
T,2023-04-27 13:04:25,6.25067167,-75.60620833,1.20,1528.539,24.061,0.000,,10,40,,
T,2023-04-27 13:04:26,6.25066667,-75.60623000,1.80,1522.939,24.061,1.732,260,10,40,,
T,2023-04-27 13:04:27,6.25066167,-75.60624000,2.20,1522.839,24.061,1.297,248,9,40,,
T,2023-04-27 13:04:28,6.25066167,-75.60623833,2.50,1522.739,24.061,0.000,,9,40,,
T,2023-04-27 13:04:29,6.25066000,-75.60624000,2.60,1522.839,24.061,0.000,,11,40,,
T,2023-04-27 13:04:30,6.25066333,-75.60623833,2.80,1522.739,24.061,0.000,,12,40,,
T,2023-04-27 13:04:31,6.25066333,-75.60623833,2.90,1522.739,24.061,0.000,,13,39,,
T,2023-04-27 13:04:32,6.25066333,-75.60623833,3.00,1522.739,24.061,0.000,,13,39,,
T,2023-04-27 13:04:33,6.25066333,-75.60623833,1.20,1522.739,24.061,0.000,,13,40,,
T,2023-04-27 13:04:34,6.25066333,-75.60623833,1.10,1522.739,24.061,0.000,,11,40,,
T,2023-04-27 13:04:35,6.25066333,-75.60623833,1.60,1522.739,24.061,0.000,,12,40,,
T,2023-04-27 13:04:36,6.25066333,-75.60623833,1.90,1522.739,24.061,0.000,,12,40,,
T,2023-04-27 13:04:37,6.25066333,-75.60623833,2.10,1522.739,24.061,0.000,,14,40,,
T,2023-04-27 13:04:38,6.25066333,-75.60623833,2.20,1522.739,24.061,0.000,,13,40,,
T,2023-04-27 13:04:39,6.25066333,-75.60623833,2.30,1522.739,24.061,0.000,,14,40,,
T,2023-04-27 13:04:40,6.25066333,-75.60623833,2.40,1522.739,24.061,0.000,,14,40,,
T,2023-04-27 13:04:41,6.25066333,-75.60623833,2.40,1522.739,24.061,0.000,,16,40,,
T,2023-04-27 13:04:42,6.25066333,-75.60623833,2.50,1522.739,24.061,0.000,,16,40,,
T,2023-04-27 13:04:43,6.25066333,-75.60623833,1.20,1522.739,24.061,0.000,,15,40,,
T,2023-04-27 13:04:44,6.25066333,-75.60623833,1.10,1522.739,24.061,0.000,,15,40,,
T,2023-04-27 13:04:45,6.25066333,-75.60623833,1.10,1522.739,24.061,0.000,,14,40,,
T,2023-04-27 13:04:46,6.25066333,-75.60623833,1.10,1522.739,24.061,0.000,,13,40,,
T,2023-04-27 13:04:47,6.25066333,-75.60623833,1.10,1522.739,24.061,0.000,,13,40,,
T,2023-04-27 13:04:48,6.25066333,-75.60623833,1.50,1522.739,24.061,0.000,,12,40,,
T,2023-04-27 13:04:49,6.25066333,-75.60623833,1.90,1522.739,24.061,0.000,,12,40,,
T,2023-04-27 13:04:50,6.25066333,-75.60623833,2.10,1522.739,24.061,0.000,,12,40,,
T,2023-04-27 13:04:51,6.25066333,-75.60623833,2.30,1522.739,24.061,0.000,,13,40,,
T,2023-04-27 13:04:52,6.25066333,-75.60623833,2.40,1522.739,24.061,0.000,,14,40,,
T,2023-04-27 13:04:53,6.25066333,-75.60623833,2.50,1522.739,24.061,0.000,,15,40,,
T,2023-04-27 13:04:54,6.25066333,-75.60623833,2.60,1522.739,24.061,0.000,,14,40,,
T,2023-04-27 13:04:55,6.25066333,-75.60623833,2.60,1522.739,24.061,0.000,,13,40,,
T,2023-04-27 13:04:56,6.25066333,-75.60623833,2.70,1522.739,24.061,0.000,,14,40,,
T,2023-04-27 13:04:57,6.25066333,-75.60623833,2.70,1522.739,24.061,0.000,,15,40,,
T,2023-04-27 13:04:58,6.25066333,-75.60623833,2.60,1522.739,24.061,0.000,,14,40,,
T,2023-04-27 13:04:59,6.25066333,-75.60623833,2.60,1522.739,24.061,0.000,,14,40,,
T,2023-04-27 13:05:00,6.25075333,-75.60626667,2.60,1525.539,24.061,0.374,358,13,40,,
T,2023-04-27 13:05:01,6.25076500,-75.60626500,2.60,1525.639,24.061,0.000,,13,40,,
T,2023-04-27 13:05:02,6.25076333,-75.60626167,2.60,1525.739,24.061,0.000,,14,40,,
T,2023-04-27 13:05:03,6.25076333,-75.60625833,2.60,1525.539,24.061,0.000,,14,40,,
T,2023-04-27 13:05:04,6.25076333,-75.60625833,2.70,1525.539,24.061,0.000,,14,40,,
T,2023-04-27 13:05:05,6.25076333,-75.60625833,1.20,1525.539,24.061,0.000,,14,40,,
T,2023-04-27 13:05:06,6.25076333,-75.60625833,1.10,1525.539,24.061,0.000,,13,40,,
T,2023-04-27 13:05:07,6.25076333,-75.60625833,1.10,1525.539,24.061,0.000,,13,40,,
T,2023-04-27 13:05:08,6.25076333,-75.60625833,1.10,1525.539,24.061,0.000,,13,40,,
T,2023-04-27 13:05:09,6.25076333,-75.60625833,1.40,1525.539,24.061,0.000,,15,40,,
T,2023-04-27 13:05:10,6.25076333,-75.60625833,1.60,1525.539,24.061,0.000,,15,40,,
T,2023-04-27 13:05:11,6.25076333,-75.60625833,1.80,1525.539,24.061,0.000,,15,40,,
T,2023-04-27 13:05:12,6.25076333,-75.60625833,1.90,1525.539,24.061,0.000,,14,40,,
T,2023-04-27 13:05:13,6.25076333,-75.60625833,1.20,1525.539,24.061,0.000,,11,40,,
T,2023-04-27 13:05:14,6.25076333,-75.60625833,1.60,1525.539,24.061,0.000,,9,40,,
T,2023-04-27 13:05:15,6.25076333,-75.60625833,2.00,1525.539,24.061,0.000,,10,40,,
T,2023-04-27 13:05:16,6.25076333,-75.60625833,2.40,1525.539,24.061,0.000,,12,40,,
T,2023-04-27 13:05:17,6.25076333,-75.60625833,2.70,1525.539,24.061,0.000,,12,40,,
T,2023-04-27 13:05:18,6.25076333,-75.60625833,2.90,1525.539,24.061,0.000,,12,40,,
T,2023-04-27 13:05:19,6.25076333,-75.60625833,3.10,1525.539,24.061,0.000,,10,40,,
T,2023-04-27 13:05:20,6.25076333,-75.60625833,3.30,1525.539,24.061,0.000,,9,40,,
T,2023-04-27 13:05:21,6.25076333,-75.60625833,3.50,1525.539,24.061,0.000,,9,40,,
T,2023-04-27 13:05:22,6.25076333,-75.60625833,3.40,1525.539,24.061,0.000,,8,40,,
T,2023-04-27 13:05:23,6.25076333,-75.60625833,3.50,1525.539,24.061,0.000,,8,40,,
T,2023-04-27 13:05:24,6.25076333,-75.60625833,3.50,1525.539,24.061,0.000,,9,40,,
T,2023-04-27 13:05:25,6.25076333,-75.60625833,3.50,1525.539,24.061,0.000,,9,40,,
T,2023-04-27 13:05:26,6.25076333,-75.60625833,3.50,1525.539,24.061,0.000,,11,40,,
T,2023-04-27 13:05:27,6.25076333,-75.60625833,3.30,1525.539,24.061,0.000,,11,40,,
T,2023-04-27 13:05:28,6.25076333,-75.60625833,3.30,1525.539,24.061,0.000,,12,40,,
T,2023-04-27 13:05:29,6.25076333,-75.60625833,3.20,1525.539,24.061,0.000,,14,40,,
T,2023-04-27 13:05:30,6.25076333,-75.60625833,3.10,1525.539,24.061,0.000,,15,40,,
T,2023-04-27 13:05:31,6.25076333,-75.60625833,1.20,1525.539,24.061,0.000,,15,40,,
T,2023-04-27 13:05:32,6.25076333,-75.60625833,1.10,1525.539,24.061,0.000,,15,40,,
T,2023-04-27 13:05:33,6.25076333,-75.60625833,1.10,1525.539,24.061,0.000,,15,40,,
T,2023-04-27 13:05:34,6.25076333,-75.60625833,1.10,1525.539,24.061,0.000,,15,40,,
T,2023-04-27 13:05:35,6.25076333,-75.60625833,1.10,1525.539,24.061,0.000,,15,40,,
T,2023-04-27 13:05:36,6.25076333,-75.60625833,1.60,1525.539,24.061,0.000,,12,40,,
T,2023-04-27 13:05:37,6.25076333,-75.60625833,1.90,1525.539,24.061,0.000,,12,40,,
T,2023-04-27 13:05:38,6.25076333,-75.60625833,2.20,1525.539,24.061,0.000,,11,40,,
T,2023-04-27 13:05:39,6.25076333,-75.60625833,2.60,1525.539,24.061,0.000,,11,40,,
T,2023-04-27 13:05:40,6.25085333,-75.60627167,2.80,1524.439,24.061,0.443,33,11,40,,
T,2023-04-27 13:05:41,6.25085333,-75.60627833,3.00,1524.539,24.061,0.000,,11,40,,
T,2023-04-27 13:05:42,6.25086000,-75.60626500,3.00,1524.639,24.061,0.000,,11,39,,
T,2023-04-27 13:05:43,6.25085667,-75.60628000,1.20,1524.539,24.061,0.000,,10,38,,
T,2023-04-27 13:05:44,6.25085667,-75.60628000,1.70,1524.539,24.061,0.000,,10,39,,
T,2023-04-27 13:05:45,6.25085667,-75.60628000,2.10,1524.539,24.061,0.000,,10,39,,
T,2023-04-27 13:05:46,6.25085667,-75.60628000,2.40,1524.539,24.061,0.000,,10,39,,
T,2023-04-27 13:05:47,6.25085667,-75.60628000,2.50,1524.539,24.061,0.000,,10,39,,
T,2023-04-27 13:05:48,6.25085667,-75.60628000,2.60,1524.539,24.061,0.000,,11,39,,
T,2023-04-27 13:05:49,6.25085667,-75.60628000,2.70,1524.539,24.061,0.000,,12,39,,
T,2023-04-27 13:05:50,6.25085667,-75.60628000,2.70,1524.539,24.061,0.000,,13,39,,
T,2023-04-27 13:05:51,6.25085667,-75.60628000,2.70,1524.539,24.061,0.000,,13,39,,
T,2023-04-27 13:05:52,6.25085667,-75.60628000,2.80,1524.539,24.061,0.000,,11,39,,
T,2023-04-27 13:05:53,6.25085667,-75.60628000,2.80,1524.539,24.061,0.000,,11,39,,
T,2023-04-27 13:05:54,6.25085667,-75.60628000,2.80,1524.539,24.061,0.000,,9,39,,
T,2023-04-27 13:05:55,6.25085667,-75.60628000,2.90,1524.539,24.061,0.000,,9,39,,
T,2023-04-27 13:05:56,6.25085667,-75.60628000,2.90,1524.539,24.061,0.000,,10,39,,
T,2023-04-27 13:05:57,6.25085667,-75.60628000,3.00,1524.539,24.061,0.000,,10,39,,
T,2023-04-27 13:05:58,6.25085667,-75.60628000,3.20,1524.539,24.061,0.000,,10,39,,
T,2023-04-27 13:05:59,6.25087833,-75.60618167,3.30,1524.340,24.060,1.394,84,10,39,,
T,2023-04-27 13:06:00,6.25088000,-75.60616333,3.40,1524.440,24.060,1.376,87,10,39,,
T,2023-04-27 13:06:01,6.25088167,-75.60614333,3.50,1524.440,24.060,1.399,93,10,39,,
T,2023-04-27 13:06:02,6.25088167,-75.60612500,3.60,1524.540,24.060,1.391,103,9,38,,
T,2023-04-27 13:06:03,6.25087667,-75.60611500,3.60,1524.640,24.060,1.201,107,7,38,,
T,2023-04-27 13:06:04,6.25087667,-75.60610667,3.60,1524.740,24.060,0.000,,7,38,,
T,2023-04-27 13:06:05,6.25088500,-75.60610000,3.80,1524.840,24.060,0.000,,6,38,,
T,2023-04-27 13:06:06,6.25089333,-75.60609000,3.80,1524.840,24.060,1.281,44,6,38,,
T,2023-04-27 13:06:07,6.25090000,-75.60606333,3.90,1524.941,24.059,1.553,68,6,38,,
T,2023-04-27 13:06:08,6.25091333,-75.60604500,4.00,1524.941,24.059,1.673,61,6,38,,
T,2023-04-27 13:06:09,6.25093167,-75.60601167,4.00,1524.941,24.059,2.397,67,6,38,,
T,2023-04-27 13:06:10,6.25094500,-75.60596667,4.00,1524.941,24.059,2.965,75,7,38,,
T,2023-04-27 13:06:11,6.25097000,-75.60592167,4.00,1524.941,24.059,3.597,66,6,38,,
T,2023-04-27 13:06:12,6.25100000,-75.60587833,4.00,1524.942,24.058,4.116,63,6,38,,
T,2023-04-27 13:06:13,6.25102500,-75.60584833,4.10,1524.942,24.058,4.011,62,6,38,,
T,2023-04-27 13:06:14,6.25104167,-75.60581500,18.60,1524.942,24.058,4.040,63,3,39,,
T,2023-04-27 13:06:24,6.25096167,-75.60531500,6.10,1525.145,24.055,7.787,105,4,38,,
T,2023-04-27 13:06:25,6.25087167,-75.60520500,5.50,1524.845,24.055,8.294,111,6,38,,
T,2023-04-27 13:06:26,6.25082500,-75.60510500,5.20,1524.645,24.055,7.799,110,6,38,,
T,2023-04-27 13:06:27,6.25080333,-75.60502833,4.90,1524.446,24.054,7.300,106,6,38,,
T,2023-04-27 13:06:28,6.25077833,-75.60496000,4.80,1524.346,24.054,6.827,106,6,38,,
T,2023-04-27 13:06:29,6.25077333,-75.60488667,4.90,1524.346,24.054,6.519,102,6,39,,
T,2023-04-27 13:06:30,6.25077667,-75.60481167,4.70,1524.247,24.053,5.682,102,7,39,,
T,2023-04-27 13:06:31,6.25077000,-75.60476500,4.70,1524.247,24.053,5.117,104,7,39,,
T,2023-04-27 13:06:32,6.25075833,-75.60475000,4.70,1524.047,24.053,4.185,99,7,39,,
T,2023-04-27 13:06:33,6.25074833,-75.60473667,4.40,1524.047,24.053,2.888,101,9,39,,
T,2023-04-27 13:06:34,6.25074000,-75.60472167,4.30,1523.947,24.053,2.445,112,7,39,,
T,2023-04-27 13:06:35,6.25073167,-75.60470000,4.30,1523.947,24.053,2.615,120,7,39,,
T,2023-04-27 13:06:36,6.25072500,-75.60467500,4.30,1524.047,24.053,2.856,121,8,39,,
T,2023-04-27 13:06:37,6.25072167,-75.60465167,4.30,1524.047,24.053,3.001,119,8,39,,
T,2023-04-27 13:06:38,6.25073000,-75.60465333,3.90,1524.047,24.053,2.452,105,9,39,,
T,2023-04-27 13:06:39,6.25071667,-75.60466167,3.60,1523.747,24.053,1.371,105,10,39,,
T,2023-04-27 13:06:40,6.25070500,-75.60466833,3.40,1523.847,24.053,0.000,,11,39,,
T,2023-04-27 13:06:41,6.25070667,-75.60468333,3.30,1524.047,24.053,0.000,,10,39,,
T,2023-04-27 13:06:42,6.25070667,-75.60468500,3.30,1523.947,24.053,0.000,,12,39,,
T,2023-04-27 13:06:43,6.25070667,-75.60468500,3.20,1523.947,24.053,0.000,,12,39,,
T,2023-04-27 13:06:44,6.25070667,-75.60468500,3.00,1523.947,24.053,0.000,,12,39,,
T,2023-04-27 13:06:45,6.25070667,-75.60468500,3.00,1523.947,24.053,0.000,,12,39,,
T,2023-04-27 13:06:46,6.25070667,-75.60468500,2.90,1523.947,24.053,0.000,,12,39,,
T,2023-04-27 13:06:47,6.25070667,-75.60468500,2.90,1523.947,24.053,0.000,,12,39,,
T,2023-04-27 13:06:48,6.25073000,-75.60470500,2.90,1521.347,24.053,0.106,105,11,39,,
T,2023-04-27 13:06:49,6.25073000,-75.60469167,2.80,1521.447,24.053,0.130,105,12,39,,
T,2023-04-27 13:06:50,6.25072667,-75.60468500,2.80,1521.347,24.053,0.000,,10,39,,
T,2023-04-27 13:06:51,6.25072833,-75.60468333,2.90,1521.347,24.053,0.000,,9,39,,
T,2023-04-27 13:06:52,6.25073333,-75.60469333,3.00,1521.547,24.053,0.000,,10,39,,
T,2023-04-27 13:06:53,6.25073333,-75.60469333,3.00,1521.547,24.053,0.000,,11,39,,
T,2023-04-27 13:06:54,6.25073333,-75.60469333,3.00,1521.547,24.053,0.000,,13,39,,
T,2023-04-27 13:06:55,6.25073333,-75.60469333,3.10,1521.547,24.053,0.000,,12,39,,
T,2023-04-27 13:06:56,6.25073333,-75.60469333,1.20,1521.547,24.053,0.000,,10,39,,
T,2023-04-27 13:06:57,6.25073333,-75.60469333,1.10,1521.547,24.053,0.000,,10,39,,
T,2023-04-27 13:06:58,6.25073333,-75.60469333,1.10,1521.547,24.053,0.000,,10,39,,
T,2023-04-27 13:06:59,6.25073333,-75.60469333,1.70,1521.547,24.053,0.000,,9,39,,
T,2023-04-27 13:07:00,6.25073333,-75.60469333,2.10,1521.547,24.053,0.000,,8,39,,
T,2023-04-27 13:07:01,6.25073333,-75.60469333,2.30,1521.547,24.053,0.000,,8,39,,
T,2023-04-27 13:07:02,6.25070833,-75.60466333,2.50,1522.047,24.053,1.465,125,8,39,,
T,2023-04-27 13:07:03,6.25070500,-75.60467000,2.60,1522.047,24.053,0.000,,8,39,,
T,2023-04-27 13:07:04,6.25070667,-75.60467167,2.70,1522.047,24.053,0.000,,8,39,,
T,2023-04-27 13:07:05,6.25070833,-75.60467500,2.80,1522.047,24.053,0.000,,8,39,,
T,2023-04-27 13:07:06,6.25070833,-75.60467500,2.90,1522.047,24.053,0.000,,8,39,,
T,2023-04-27 13:07:07,6.25070833,-75.60467500,3.00,1522.047,24.053,0.000,,8,39,,
T,2023-04-27 13:07:08,6.25070833,-75.60467500,3.00,1522.047,24.053,0.000,,8,39,,
T,2023-04-27 13:07:09,6.25070833,-75.60467500,3.10,1522.047,24.053,0.000,,8,39,,
T,2023-04-27 13:07:10,6.25070833,-75.60467500,3.10,1522.047,24.053,0.000,,8,39,,
T,2023-04-27 13:07:11,6.25070833,-75.60467500,3.20,1522.047,24.053,0.000,,7,39,,
T,2023-04-27 13:07:12,6.25070833,-75.60467500,3.30,1522.047,24.053,0.000,,8,39,,
T,2023-04-27 13:07:13,6.25070833,-75.60467500,3.30,1522.047,24.053,0.000,,8,39,,
T,2023-04-27 13:07:14,6.25070833,-75.60467500,3.40,1522.047,24.053,0.000,,8,39,,
T,2023-04-27 13:07:15,6.25070833,-75.60467500,3.50,1522.047,24.053,0.000,,6,39,,
T,2023-04-27 13:07:16,6.25070833,-75.60467500,3.60,1522.047,24.053,0.000,,6,39,,
T,2023-04-27 13:07:17,6.25070833,-75.60467500,3.70,1522.047,24.053,0.000,,10,39,,
T,2023-04-27 13:07:18,6.25068833,-75.60462000,3.80,1522.548,24.052,1.898,105,10,39,,
T,2023-04-27 13:07:19,6.25068333,-75.60460333,4.00,1522.548,24.052,2.206,106,10,39,,
T,2023-04-27 13:07:20,6.25070667,-75.60456500,4.30,1522.948,24.052,3.490,61,7,39,,
T,2023-04-27 13:07:21,6.25071500,-75.60449833,4.50,1523.048,24.052,5.245,71,6,39,,
T,2023-04-27 13:07:22,6.25070000,-75.60438500,4.70,1523.149,24.051,7.643,84,6,38,,
T,2023-04-27 13:07:23,6.25069333,-75.60431333,4.80,1523.049,24.051,7.235,88,7,38,,
T,2023-04-27 13:07:24,6.25068333,-75.60416833,4.70,1523.250,24.050,9.201,89,7,38,,
T,2023-04-27 13:07:25,6.25068000,-75.60403000,4.60,1523.151,24.049,10.434,92,7,38,,
T,2023-04-27 13:07:26,6.25067000,-75.60390000,4.70,1523.051,24.049,10.898,96,6,38,,
T,2023-04-27 13:07:27,6.25065833,-75.60377000,4.80,1522.952,24.048,11.536,96,5,38,,
T,2023-04-27 13:07:28,6.25063167,-75.60362333,4.70,1522.653,24.047,12.374,98,7,38,,
T,2023-04-27 13:07:29,6.25059667,-75.60347000,4.40,1522.453,24.047,13.302,95,8,39,,
T,2023-04-27 13:07:30,6.25058500,-75.60335167,4.20,1522.354,24.046,13.291,96,7,39,,
T,2023-04-27 13:07:31,6.25056500,-75.60321500,4.10,1522.255,24.045,13.273,97,7,39,,
T,2023-04-27 13:07:32,6.25055667,-75.60308333,4.10,1522.155,24.045,13.236,94,7,39,,
T,2023-04-27 13:07:33,6.25054833,-75.60295167,4.00,1522.156,24.044,13.485,93,6,39,,
T,2023-04-27 13:07:34,6.25053833,-75.60281833,4.00,1522.057,24.043,13.588,94,6,39,,
T,2023-04-27 13:07:35,6.25054000,-75.60269667,4.00,1521.857,24.043,13.116,93,6,39,,
T,2023-04-27 13:07:36,6.25053333,-75.60258167,4.30,1521.958,24.042,12.942,93,4,38,,
T,2023-04-27 13:07:37,6.25053000,-75.60246667,4.50,1521.958,24.042,12.841,93,4,38,,
T,2023-04-27 13:07:38,6.25052333,-75.60236500,4.70,1521.659,24.041,12.748,93,5,39,,
T,2023-04-27 13:07:39,6.25051333,-75.60226667,4.90,1521.359,24.041,12.871,95,6,39,,
T,2023-04-27 13:07:40,6.25048833,-75.60218333,5.10,1521.260,24.040,12.421,98,6,39,,
T,2023-04-27 13:07:41,6.25047667,-75.60208333,5.10,1521.160,24.040,12.434,99,7,39,,
T,2023-04-27 13:07:42,6.25046667,-75.60199167,5.20,1520.661,24.039,12.120,99,7,39,,
T,2023-04-27 13:07:43,6.25041500,-75.60192167,5.00,1520.261,24.039,11.714,102,7,39,,
T,2023-04-27 13:07:44,6.25039667,-75.60186333,5.00,1520.061,24.039,10.725,103,5,38,,
T,2023-04-27 13:07:45,6.25038167,-75.60182667,4.80,1519.961,24.039,9.314,103,6,38,,
T,2023-04-27 13:07:46,6.25037833,-75.60179500,4.90,1519.862,24.038,8.123,101,6,38,,
T,2023-04-27 13:07:47,6.25037500,-75.60178500,4.90,1520.062,24.038,6.844,99,7,39,,
T,2023-04-27 13:07:48,6.25037333,-75.60173833,5.20,1520.062,24.038,6.474,99,6,39,,
T,2023-04-27 13:07:49,6.25039167,-75.60168500,5.50,1520.162,24.038,6.300,93,6,39,,
T,2023-04-27 13:07:50,6.25042333,-75.60169500,5.00,1520.262,24.038,4.980,96,9,39,,
T,2023-04-27 13:07:51,6.25049000,-75.60179500,4.70,1519.362,24.038,2.331,93,9,39,,
T,2023-04-27 13:07:52,6.25049667,-75.60184000,4.40,1519.262,24.038,0.000,,7,39,,
T,2023-04-27 13:07:53,6.25049833,-75.60184000,4.30,1519.462,24.038,0.000,,9,39,,
T,2023-04-27 13:07:54,6.25049833,-75.60184500,4.10,1519.762,24.038,0.000,,10,39,,
T,2023-04-27 13:07:55,6.25049833,-75.60184500,3.80,1519.762,24.038,0.000,,9,39,,
T,2023-04-27 13:07:56,6.25049833,-75.60184500,3.80,1519.762,24.038,0.000,,10,39,,
T,2023-04-27 13:07:57,6.25049833,-75.60184500,3.80,1519.762,24.038,0.000,,11,39,,
T,2023-04-27 13:07:58,6.25049833,-75.60184500,3.80,1519.762,24.038,0.000,,11,39,,
T,2023-04-27 13:07:59,6.25049833,-75.60184500,3.80,1519.762,24.038,0.000,,10,39,,
T,2023-04-27 13:08:00,6.25049833,-75.60184500,3.70,1519.762,24.038,0.000,,10,39,,
T,2023-04-27 13:08:01,6.25053500,-75.60193167,3.60,1520.661,24.039,0.037,93,11,39,,
T,2023-04-27 13:08:02,6.25054167,-75.60193333,3.60,1520.661,24.039,0.000,,11,39,,
T,2023-04-27 13:08:03,6.25055500,-75.60193167,3.60,1520.661,24.039,0.000,,11,39,,
T,2023-04-27 13:08:04,6.25055667,-75.60193667,3.60,1520.661,24.039,0.000,,10,39,,
T,2023-04-27 13:08:05,6.25055667,-75.60193667,3.70,1520.661,24.039,0.000,,9,39,,
T,2023-04-27 13:08:06,6.25055667,-75.60193667,1.20,1520.661,24.039,0.000,,9,38,,
T,2023-04-27 13:08:07,6.25055667,-75.60193667,1.60,1520.661,24.039,0.000,,9,38,,
T,2023-04-27 13:08:08,6.25055667,-75.60193667,2.10,1520.661,24.039,0.000,,10,39,,
T,2023-04-27 13:08:09,6.25058333,-75.60194500,2.30,1520.561,24.039,1.379,3,11,39,,
T,2023-04-27 13:08:10,6.25060000,-75.60195333,2.60,1520.461,24.039,1.971,339,11,39,,
T,2023-04-27 13:08:11,6.25061667,-75.60196000,2.80,1520.361,24.039,1.582,349,11,39,,
T,2023-04-27 13:08:12,6.25061667,-75.60196667,2.80,1520.261,24.039,0.000,,11,39,,
T,2023-04-27 13:08:13,6.25062667,-75.60197000,2.80,1520.261,24.039,0.000,,11,39,,
T,2023-04-27 13:08:14,6.25063167,-75.60198000,2.80,1520.061,24.039,1.025,309,11,39,,
T,2023-04-27 13:08:15,6.25063167,-75.60198167,2.80,1519.961,24.039,0.000,,11,39,,
T,2023-04-27 13:08:16,6.25063833,-75.60197500,2.90,1519.961,24.039,0.000,,11,39,,
T,2023-04-27 13:08:17,6.25064000,-75.60196833,3.00,1519.861,24.039,0.000,,11,39,,
T,2023-04-27 13:08:18,6.25064000,-75.60196833,3.10,1519.861,24.039,0.000,,11,38,,
T,2023-04-27 13:08:19,6.25064000,-75.60196833,3.20,1519.861,24.039,0.000,,9,38,,
T,2023-04-27 13:08:20,6.25064000,-75.60196833,3.30,1519.861,24.039,0.000,,9,38,,
T,2023-04-27 13:08:21,6.25064000,-75.60196833,3.30,1519.861,24.039,0.000,,9,38,,
T,2023-04-27 13:08:22,6.25064000,-75.60196833,3.40,1519.861,24.039,0.000,,9,39,,
T,2023-04-27 13:08:23,6.25064000,-75.60196833,3.50,1519.861,24.039,0.000,,9,39,,
T,2023-04-27 13:08:24,6.25068500,-75.60195667,3.50,1519.561,24.039,1.440,7,9,39,,
T,2023-04-27 13:08:25,6.25069167,-75.60195000,3.50,1519.461,24.039,1.255,29,9,39,,
T,2023-04-27 13:08:26,6.25069500,-75.60194833,3.50,1519.161,24.039,0.000,,10,39,,
T,2023-04-27 13:08:27,6.25069333,-75.60194667,3.60,1518.961,24.039,0.000,,10,39,,
T,2023-04-27 13:08:28,6.25069833,-75.60193833,3.70,1518.762,24.038,0.000,,10,39,,
T,2023-04-27 13:08:29,6.25069833,-75.60193833,3.70,1518.762,24.038,0.000,,10,39,,
T,2023-04-27 13:08:30,6.25069833,-75.60193833,3.70,1518.762,24.038,0.000,,10,39,,
T,2023-04-27 13:08:31,6.25069833,-75.60193833,3.70,1518.762,24.038,0.000,,10,38,,
T,2023-04-27 13:08:32,6.25069833,-75.60193833,3.80,1518.762,24.038,0.000,,9,39,,
T,2023-04-27 13:08:33,6.25069833,-75.60193833,3.80,1518.762,24.038,0.000,,9,39,,
T,2023-04-27 13:08:34,6.25069833,-75.60193833,3.90,1518.762,24.038,0.000,,9,39,,
T,2023-04-27 13:08:35,6.25069833,-75.60193833,3.90,1518.762,24.038,0.000,,9,39,,
T,2023-04-27 13:08:36,6.25069833,-75.60193833,3.90,1518.762,24.038,0.000,,9,39,,
T,2023-04-27 13:08:37,6.25069833,-75.60193833,3.90,1518.762,24.038,0.000,,9,39,,
T,2023-04-27 13:08:38,6.25069833,-75.60193833,1.20,1518.762,24.038,0.000,,9,39,,
T,2023-04-27 13:08:39,6.25069833,-75.60193833,1.10,1518.762,24.038,0.000,,10,39,,
T,2023-04-27 13:08:40,6.25069833,-75.60193833,1.60,1518.762,24.038,0.000,,10,39,,
T,2023-04-27 13:08:41,6.25069833,-75.60193833,2.00,1518.762,24.038,0.000,,9,39,,
T,2023-04-27 13:08:42,6.25069833,-75.60193833,2.30,1518.762,24.038,0.000,,9,38,,
T,2023-04-27 13:08:43,6.25069833,-75.60193833,2.50,1518.762,24.038,0.000,,9,38,,
T,2023-04-27 13:08:44,6.25069833,-75.60193833,2.70,1518.762,24.038,0.000,,9,38,,
T,2023-04-27 13:08:45,6.25069167,-75.60196667,2.90,1517.761,24.039,1.105,358,10,39,,
T,2023-04-27 13:08:46,6.25070000,-75.60195667,2.90,1517.861,24.039,1.579,41,10,39,,
T,2023-04-27 13:08:47,6.25071000,-75.60195167,3.00,1517.861,24.039,1.542,43,10,39,,
T,2023-04-27 13:08:48,6.25071667,-75.60194667,3.00,1517.962,24.038,0.000,,10,39,,
T,2023-04-27 13:08:49,6.25071833,-75.60195000,3.10,1517.962,24.038,0.000,,10,39,,
T,2023-04-27 13:08:50,6.25072167,-75.60194500,3.10,1517.962,24.038,0.000,,10,39,,
T,2023-04-27 13:08:51,6.25072167,-75.60194500,3.10,1517.962,24.038,0.000,,10,38,,
T,2023-04-27 13:08:52,6.25072167,-75.60194500,3.10,1517.962,24.038,0.000,,9,38,,
T,2023-04-27 13:08:53,6.25072167,-75.60194500,3.20,1517.962,24.038,0.000,,9,38,,
T,2023-04-27 13:08:54,6.25072167,-75.60194500,3.30,1517.962,24.038,0.000,,11,38,,
T,2023-04-27 13:08:55,6.25072333,-75.60191833,3.40,1518.262,24.038,1.763,46,10,38,,
T,2023-04-27 13:08:56,6.25075167,-75.60191000,3.60,1518.262,24.038,2.179,31,8,39,,
T,2023-04-27 13:08:57,6.25078333,-75.60190833,3.90,1518.362,24.038,2.048,11,8,39,,
T,2023-04-27 13:08:58,6.25081500,-75.60192167,4.10,1518.362,24.038,2.596,359,8,39,,
T,2023-04-27 13:08:59,6.25083833,-75.60192167,4.50,1518.362,24.038,2.688,358,5,39,,
T,2023-04-27 13:09:00,6.25088667,-75.60194167,4.70,1518.262,24.038,5.599,340,5,39,,
T,2023-04-27 13:09:01,6.25093333,-75.60197000,5.20,1518.162,24.038,5.515,332,5,39,,
T,2023-04-27 13:09:02,6.25097500,-75.60199167,5.80,1517.962,24.038,4.906,331,6,39,,
T,2023-04-27 13:09:03,6.25104167,-75.60200167,5.90,1516.962,24.038,4.903,333,7,39,,
T,2023-04-27 13:09:04,6.25113500,-75.60197000,6.10,1515.362,24.038,5.033,354,7,39,,
T,2023-04-27 13:09:05,6.25120500,-75.60194167,5.90,1514.763,24.037,5.519,8,7,39,,
T,2023-04-27 13:09:06,6.25130333,-75.60190500,5.70,1514.463,24.037,6.432,12,7,39,,
T,2023-04-27 13:09:07,6.25135000,-75.60191167,5.80,1513.863,24.037,6.936,9,7,39,,
T,2023-04-27 13:09:08,6.25141500,-75.60189167,6.00,1513.863,24.037,6.705,14,6,39,,
T,2023-04-27 13:09:09,6.25148500,-75.60186833,6.20,1513.864,24.036,7.314,16,6,39,,
T,2023-04-27 13:09:10,6.25157667,-75.60185500,5.50,1513.564,24.036,6.928,15,6,38,,
T,2023-04-27 13:09:11,6.25165333,-75.60183833,5.40,1513.264,24.036,7.291,11,5,37,,
T,2023-04-27 13:09:12,6.25173333,-75.60181500,5.30,1513.265,24.035,7.525,11,5,37,,
T,2023-04-27 13:09:13,6.25180333,-75.60179000,5.30,1513.265,24.035,8.313,12,5,37,,
T,2023-04-27 13:09:14,6.25185500,-75.60175667,5.30,1512.965,24.035,8.277,20,5,38,,
T,2023-04-27 13:09:15,6.25192167,-75.60172833,5.50,1512.965,24.035,8.163,22,4,38,,
T,2023-04-27 13:09:16,6.25198333,-75.60170333,5.60,1512.866,24.034,7.593,21,4,38,,
T,2023-04-27 13:09:17,6.25205167,-75.60169167,5.80,1512.966,24.034,7.339,16,4,38,,
T,2023-04-27 13:09:18,6.25210000,-75.60166333,5.90,1512.866,24.034,6.905,21,4,38,,
T,2023-04-27 13:09:19,6.25217000,-75.60164000,6.10,1512.866,24.034,6.988,21,4,38,,
T,2023-04-27 13:09:20,6.25222833,-75.60160500,6.20,1512.867,24.033,7.749,24,4,37,,
T,2023-04-27 13:09:21,6.25229167,-75.60156833,6.40,1512.767,24.033,7.558,28,5,37,,
T,2023-04-27 13:09:22,6.25235167,-75.60153167,6.60,1512.767,24.033,7.446,31,5,37,,
T,2023-04-27 13:09:23,6.25240667,-75.60148833,6.80,1512.768,24.032,7.796,33,5,37,,
T,2023-04-27 13:09:24,6.25246500,-75.60143833,6.90,1512.768,24.032,8.123,35,5,37,,
T,2023-04-27 13:09:25,6.25253167,-75.60137000,7.00,1512.869,24.031,9.032,37,6,37,,
T,2023-04-27 13:09:26,6.25260000,-75.60130000,7.10,1512.869,24.031,9.874,38,7,37,,
T,2023-04-27 13:09:27,6.25267000,-75.60124167,7.30,1512.870,24.030,10.031,38,7,37,,
T,2023-04-27 13:09:28,6.25276500,-75.60115667,7.40,1512.870,24.030,11.020,37,7,37,,
T,2023-04-27 13:09:29,6.25284500,-75.60109500,8.60,1512.771,24.029,11.210,39,8,37,,
T,2023-04-27 13:09:30,6.25291167,-75.60084167,7.60,1514.072,24.028,12.059,44,7,37,,
T,2023-04-27 13:09:31,6.25305500,-75.60067000,7.20,1514.374,24.026,13.923,47,7,37,,
T,2023-04-27 13:09:32,6.25314167,-75.60057833,8.20,1514.374,24.026,14.047,47,6,37,,
T,2023-04-27 13:09:33,6.25328333,-75.60039667,7.50,1514.375,24.025,15.983,45,6,37,,
T,2023-04-27 13:09:34,6.25340500,-75.60029833,7.50,1514.276,24.024,16.461,42,4,38,,
T,2023-04-27 13:09:39,6.25393167,-75.59980167,70.90,1514.380,24.020,15.231,48,3,38,,
T,2023-04-27 13:09:40,6.25401667,-75.59969167,8.50,1514.381,24.019,16.508,48,4,38,,
T,2023-04-27 13:09:41,6.25411000,-75.59958333,8.70,1514.382,24.018,16.500,47,4,38,,
T,2023-04-27 13:09:42,6.25418833,-75.59944500,8.70,1514.383,24.017,15.580,50,5,38,,
T,2023-04-27 13:09:43,6.25428833,-75.59931000,8.60,1514.683,24.017,14.556,50,6,38,,
T,2023-04-27 13:09:44,6.25440167,-75.59926000,8.40,1512.184,24.016,12.858,46,6,38,,
T,2023-04-27 13:09:45,6.25448167,-75.59917500,9.50,1512.085,24.015,12.734,46,6,37,,
T,2023-04-27 13:09:46,6.25455333,-75.59910000,9.20,1511.785,24.015,11.172,40,7,38,,
T,2023-04-27 13:09:47,6.25464333,-75.59905833,8.90,1511.286,24.014,11.690,35,7,38,,
T,2023-04-27 13:09:48,6.25470833,-75.59901500,8.90,1510.986,24.014,10.410,35,7,38,,
T,2023-04-27 13:09:49,6.25476333,-75.59898500,8.80,1510.886,24.014,9.036,31,7,38,,
T,2023-04-27 13:09:50,6.25480333,-75.59895167,8.80,1510.986,24.014,8.249,33,7,38,,
T,2023-04-27 13:09:51,6.25485500,-75.59891333,8.80,1510.487,24.013,7.494,34,7,38,,
T,2023-04-27 13:09:52,6.25482833,-75.59896833,8.50,1507.586,24.014,6.677,35,8,38,,
T,2023-04-27 13:09:53,6.25466833,-75.59903833,7.80,1501.986,24.014,5.727,37,8,38,,
T,2023-04-27 13:09:54,6.25461667,-75.59904333,7.50,1499.786,24.014,5.307,38,7,38,,
T,2023-04-27 13:09:55,6.25443833,-75.59904000,5.80,1495.685,24.015,3.794,36,9,38,,
T,2023-04-27 13:09:56,6.25437000,-75.59897000,5.10,1497.385,24.015,3.793,51,10,38,,
T,2023-04-27 13:09:57,6.25431333,-75.59894833,4.80,1497.085,24.015,1.965,58,9,38,,
T,2023-04-27 13:09:58,6.25426833,-75.59895667,4.50,1494.485,24.015,1.043,58,10,38,,
T,2023-04-27 13:09:59,6.25423833,-75.59896500,4.30,1491.685,24.015,0.000,,10,38,,
T,2023-04-27 13:10:00,6.25423000,-75.59896167,4.20,1490.885,24.015,0.000,,10,38,,
T,2023-04-27 13:10:01,6.25422333,-75.59895667,4.00,1489.885,24.015,0.000,,11,38,,
T,2023-04-27 13:10:02,6.25422333,-75.59895667,3.90,1489.885,24.015,0.000,,11,38,,
T,2023-04-27 13:10:03,6.25422333,-75.59895667,3.80,1489.885,24.015,0.000,,10,38,,
T,2023-04-27 13:10:04,6.25422333,-75.59895667,3.80,1489.885,24.015,0.000,,10,38,,
T,2023-04-27 13:10:05,6.25422333,-75.59895667,3.70,1489.885,24.015,0.000,,10,38,,
T,2023-04-27 13:10:06,6.25422333,-75.59895667,3.70,1489.885,24.015,0.000,,10,38,,
T,2023-04-27 13:10:07,6.25422333,-75.59895667,3.50,1489.885,24.015,0.000,,11,38,,
T,2023-04-27 13:10:08,6.25422333,-75.59895667,3.50,1489.885,24.015,0.000,,11,38,,
T,2023-04-27 13:10:09,6.25422333,-75.59895667,3.50,1489.885,24.015,0.000,,11,38,,
T,2023-04-27 13:10:10,6.25422333,-75.59895667,3.40,1489.885,24.015,0.000,,12,38,,
T,2023-04-27 13:10:11,6.25422333,-75.59895667,3.40,1489.885,24.015,0.000,,12,38,,
T,2023-04-27 13:10:12,6.25415167,-75.59892000,3.20,1482.485,24.015,0.134,58,13,38,,
T,2023-04-27 13:10:13,6.25415833,-75.59891167,3.10,1483.485,24.015,0.107,58,13,38,,
T,2023-04-27 13:10:14,6.25416667,-75.59890667,3.10,1483.885,24.015,0.000,,13,38,,
T,2023-04-27 13:10:15,6.25417167,-75.59890833,3.00,1484.485,24.015,0.000,,13,38,,
T,2023-04-27 13:10:16,6.25417333,-75.59891000,3.00,1485.085,24.015,0.000,,13,38,,
T,2023-04-27 13:10:17,6.25417333,-75.59891000,3.00,1485.085,24.015,0.000,,12,38,,
T,2023-04-27 13:10:18,6.25417333,-75.59891000,3.00,1485.085,24.015,0.000,,11,38,,
T,2023-04-27 13:10:19,6.25417333,-75.59891000,3.10,1485.085,24.015,0.000,,11,38,,
T,2023-04-27 13:10:20,6.25418000,-75.59889667,3.10,1486.085,24.015,0.162,58,10,38,,
T,2023-04-27 13:10:21,6.25420667,-75.59888333,3.60,1486.085,24.015,3.313,37,10,38,,
T,2023-04-27 13:10:22,6.25427000,-75.59885167,3.50,1485.786,24.014,5.820,34,10,38,,
T,2023-04-27 13:10:23,6.25431333,-75.59882167,3.90,1485.686,24.014,6.162,34,10,38,,
T,2023-04-27 13:10:24,6.25439000,-75.59878500,3.90,1484.486,24.014,8.291,34,10,38,,
T,2023-04-27 13:10:25,6.25448500,-75.59874500,4.00,1483.387,24.013,9.201,27,10,37,,
T,2023-04-27 13:10:26,6.25458500,-75.59871333,4.10,1482.487,24.013,9.498,22,9,37,,
T,2023-04-27 13:10:27,6.25467333,-75.59868833,4.20,1481.588,24.012,8.694,21,8,37,,
T,2023-04-27 13:10:28,6.25476333,-75.59866667,4.30,1481.288,24.012,8.688,20,7,38,,
T,2023-04-27 13:10:29,6.25486333,-75.59863833,4.30,1481.188,24.012,9.158,19,8,38,,
T,2023-04-27 13:10:30,6.25496000,-75.59861833,4.40,1481.089,24.011,9.344,16,8,38,,
T,2023-04-27 13:10:31,6.25508000,-75.59858833,4.50,1481.289,24.011,10.457,14,7,38,,
T,2023-04-27 13:10:32,6.25517167,-75.59855167,4.70,1481.189,24.011,10.257,17,5,38,,
T,2023-04-27 13:10:33,6.25526667,-75.59850500,4.90,1481.090,24.010,10.719,21,5,38,,
T,2023-04-27 13:10:34,6.25536500,-75.59846667,5.20,1481.190,24.010,11.186,20,4,37,,
T,2023-04-27 13:10:35,6.25545667,-75.59841667,29.80,1481.191,24.009,11.226,23,3,37,,
T,2023-04-27 13:10:40,6.25599833,-75.59823833,42.20,1481.293,24.007,12.547,15,3,37,,
T,2023-04-27 13:10:41,6.25610500,-75.59818500,44.40,1481.293,24.007,12.241,18,3,37,,
T,2023-04-27 13:10:42,6.25618500,-75.59813833,6.60,1481.194,24.006,11.509,23,4,38,,
T,2023-04-27 13:10:43,6.25628500,-75.59809167,45.50,1481.194,24.006,10.884,23,3,38,,
T,2023-04-27 13:10:44,6.25637500,-75.59805167,47.10,1481.195,24.005,10.871,23,3,38,,
T,2023-04-27 13:10:46,6.25652167,-75.59796500,50.80,1481.096,24.004,8.826,33,3,37,,
T,2023-04-27 13:10:47,6.25660167,-75.59796667,54.60,1481.096,24.004,8.067,20,3,37,,
T,2023-04-27 13:10:48,6.25664833,-75.59795333,54.10,1480.896,24.004,7.159,21,3,38,,
T,2023-04-27 13:10:49,6.25674000,-75.59790833,6.80,1481.196,24.004,8.709,26,4,38,,
T,2023-04-27 13:10:50,6.25679167,-75.59794000,6.10,1479.996,24.004,8.273,23,5,38,,
T,2023-04-27 13:10:51,6.25684833,-75.59796333,5.70,1480.896,24.004,7.940,19,5,38,,
T,2023-04-27 13:10:52,6.25689167,-75.59797833,5.40,1478.396,24.004,6.685,13,6,38,,
T,2023-04-27 13:10:53,6.25694000,-75.59796500,5.30,1478.497,24.003,6.022,16,5,38,,
T,2023-04-27 13:10:54,6.25698667,-75.59795333,5.20,1478.397,24.003,5.717,19,5,38,,
T,2023-04-27 13:10:55,6.25702667,-75.59794333,5.10,1478.497,24.003,5.274,22,5,38,,
T,2023-04-27 13:10:56,6.25707667,-75.59794333,5.10,1478.797,24.003,5.746,14,5,38,,
T,2023-04-27 13:10:57,6.25712333,-75.59794167,5.00,1479.297,24.003,5.614,16,5,38,,
T,2023-04-27 13:10:58,6.25718167,-75.59794000,5.00,1479.397,24.003,6.433,13,5,38,,
T,2023-04-27 13:10:59,6.25723667,-75.59793167,4.90,1479.597,24.003,6.464,16,6,38,,
T,2023-04-27 13:11:00,6.25729833,-75.59791500,4.70,1480.998,24.002,7.148,16,7,38,,
T,2023-04-27 13:11:01,6.25737167,-75.59790500,4.70,1481.198,24.002,7.815,14,7,38,,
T,2023-04-27 13:11:02,6.25744667,-75.59791333,4.60,1482.298,24.002,7.267,14,9,38,,
T,2023-04-27 13:11:03,6.25750500,-75.59791167,4.50,1482.798,24.002,6.690,17,9,38,,
T,2023-04-27 13:11:04,6.25756167,-75.59789333,4.50,1483.698,24.002,6.321,21,7,38,,
T,2023-04-27 13:11:05,6.25761167,-75.59787333,4.50,1483.099,24.001,5.943,22,6,38,,
T,2023-04-27 13:11:06,6.25766167,-75.59786167,4.50,1482.499,24.001,6.179,20,7,38,,
T,2023-04-27 13:11:07,6.25770167,-75.59786167,4.40,1481.099,24.001,5.387,20,8,37,,
T,2023-04-27 13:11:08,6.25775500,-75.59784500,4.30,1480.399,24.001,6.296,19,8,37,,
T,2023-04-27 13:11:09,6.25781500,-75.59782667,4.30,1479.699,24.001,6.923,19,8,37,,
T,2023-04-27 13:11:10,6.25786667,-75.59781000,4.30,1478.999,24.001,6.349,21,7,38,,
T,2023-04-27 13:11:11,6.25791167,-75.59779833,4.20,1478.600,24.000,5.285,24,8,38,,
T,2023-04-27 13:11:12,6.25795000,-75.59780167,4.20,1477.700,24.000,4.654,24,9,38,,
T,2023-04-27 13:11:13,6.25799167,-75.59779333,4.10,1477.400,24.000,4.622,28,8,38,,
T,2023-04-27 13:11:14,6.25802833,-75.59778667,4.10,1477.000,24.000,4.503,23,6,38,,
T,2023-04-27 13:11:15,6.25807500,-75.59778333,4.10,1477.200,24.000,5.007,13,7,38,,
T,2023-04-27 13:11:16,6.25812167,-75.59778333,4.10,1477.300,24.000,4.862,7,6,38,,
T,2023-04-27 13:11:17,6.25816000,-75.59777167,4.10,1478.800,24.000,3.968,11,6,38,,
T,2023-04-27 13:11:18,6.25818333,-75.59777500,4.30,1478.700,24.000,3.056,9,7,38,,
T,2023-04-27 13:11:19,6.25820500,-75.59777667,4.40,1478.000,24.000,2.573,12,7,38,,
T,2023-04-27 13:11:20,6.25822833,-75.59777167,4.50,1478.100,24.000,2.369,9,8,37,,
T,2023-04-27 13:11:21,6.25824000,-75.59776333,4.20,1479.401,23.999,0.000,,10,37,,
T,2023-04-27 13:11:22,6.25824500,-75.59775333,4.20,1479.401,23.999,0.000,,9,37,,
T,2023-04-27 13:11:23,6.25824500,-75.59775333,4.20,1479.301,23.999,0.000,,9,37,,
T,2023-04-27 13:11:24,6.25824500,-75.59775333,4.20,1479.301,23.999,0.000,,10,37,,
T,2023-04-27 13:11:25,6.25824500,-75.59775333,4.20,1479.301,23.999,0.000,,10,37,,
T,2023-04-27 13:11:26,6.25824500,-75.59775333,4.20,1479.301,23.999,0.000,,12,37,,
T,2023-04-27 13:11:27,6.25824500,-75.59775333,4.10,1479.301,23.999,0.000,,11,37,,
T,2023-04-27 13:11:28,6.25824500,-75.59775333,4.00,1479.301,23.999,0.000,,12,38,,
T,2023-04-27 13:11:29,6.25824500,-75.59775333,3.90,1479.301,23.999,0.000,,11,38,,
T,2023-04-27 13:11:30,6.25824500,-75.59775333,3.90,1479.301,23.999,0.000,,9,38,,
T,2023-04-27 13:11:31,6.25824500,-75.59775333,4.00,1479.301,23.999,0.000,,9,38,,
T,2023-04-27 13:11:32,6.25824500,-75.59775333,4.00,1479.301,23.999,0.000,,9,38,,
T,2023-04-27 13:11:33,6.25824500,-75.59775333,4.00,1479.301,23.999,0.000,,9,38,,
T,2023-04-27 13:11:34,6.25824500,-75.59775333,4.00,1479.301,23.999,0.000,,10,38,,
T,2023-04-27 13:11:35,6.25824500,-75.59775333,4.00,1479.301,23.999,0.000,,10,38,,
T,2023-04-27 13:11:36,6.25824500,-75.59775333,4.00,1479.301,23.999,0.000,,10,38,,
T,2023-04-27 13:11:37,6.25824500,-75.59775333,4.00,1479.301,23.999,0.000,,9,37,,
T,2023-04-27 13:11:38,6.25824167,-75.59777667,3.90,1485.500,24.000,0.164,9,9,37,,
T,2023-04-27 13:11:39,6.25825833,-75.59779000,3.90,1487.000,24.000,0.000,,9,37,,
T,2023-04-27 13:11:40,6.25826167,-75.59779833,3.90,1487.300,24.000,0.000,,10,38,,
T,2023-04-27 13:11:41,6.25827500,-75.59782333,3.80,1488.700,24.000,0.000,,10,38,,
T,2023-04-27 13:11:42,6.25827500,-75.59782333,3.80,1488.700,24.000,0.000,,10,38,,
T,2023-04-27 13:11:43,6.25827500,-75.59782333,3.70,1488.700,24.000,0.000,,10,38,,
T,2023-04-27 13:11:44,6.25827500,-75.59782333,3.70,1488.700,24.000,0.000,,10,38,,
T,2023-04-27 13:11:45,6.25827500,-75.59782333,3.70,1488.700,24.000,0.000,,10,38,,
T,2023-04-27 13:11:46,6.25827500,-75.59782333,3.70,1488.700,24.000,0.000,,10,38,,
T,2023-04-27 13:11:47,6.25827500,-75.59782333,3.70,1488.700,24.000,0.000,,11,38,,
T,2023-04-27 13:11:48,6.25827500,-75.59782333,3.70,1488.700,24.000,0.000,,11,38,,
T,2023-04-27 13:11:49,6.25827500,-75.59782333,3.80,1488.700,24.000,0.000,,9,37,,
T,2023-04-27 13:11:50,6.25827500,-75.59782333,3.80,1488.700,24.000,0.000,,9,37,,
T,2023-04-27 13:11:51,6.25827500,-75.59782333,3.90,1488.700,24.000,0.000,,9,37,,
T,2023-04-27 13:11:52,6.25827500,-75.59782333,1.20,1488.700,24.000,0.000,,9,37,,
T,2023-04-27 13:11:53,6.25827500,-75.59782333,1.70,1488.700,24.000,0.000,,9,37,,
T,2023-04-27 13:11:54,6.25827500,-75.59782333,2.20,1488.700,24.000,0.000,,9,37,,
T,2023-04-27 13:11:55,6.25827500,-75.59782333,2.60,1488.700,24.000,0.000,,9,38,,
T,2023-04-27 13:11:56,6.25827500,-75.59782333,2.90,1488.700,24.000,0.000,,9,38,,
T,2023-04-27 13:11:57,6.25827500,-75.59782333,1.20,1488.700,24.000,0.000,,9,38,,
T,2023-04-27 13:11:58,6.25832000,-75.59782500,1.70,1489.900,24.000,1.042,30,10,38,,
T,2023-04-27 13:11:59,6.25833333,-75.59782500,2.20,1489.600,24.000,1.720,7,10,38,,
T,2023-04-27 13:12:00,6.25833833,-75.59781667,2.50,1489.300,24.000,1.086,33,10,38,,
T,2023-04-27 13:12:01,6.25834667,-75.59781000,2.70,1489.001,23.999,1.312,34,9,38,,
T,2023-04-27 13:12:02,6.25834500,-75.59780500,2.90,1488.701,23.999,0.000,,9,38,,
T,2023-04-27 13:12:03,6.25835833,-75.59780667,3.00,1488.401,23.999,0.000,,9,38,,
T,2023-04-27 13:12:04,6.25837333,-75.59781167,3.10,1488.101,23.999,0.000,,9,38,,
T,2023-04-27 13:12:05,6.25837333,-75.59781167,3.20,1488.101,23.999,0.000,,8,37,,
T,2023-04-27 13:12:06,6.25839833,-75.59781500,3.30,1487.501,23.999,1.764,10,8,37,,
T,2023-04-27 13:12:07,6.25840500,-75.59781000,3.40,1487.201,23.999,1.325,19,8,37,,
T,2023-04-27 13:12:08,6.25841667,-75.59781167,3.50,1486.901,23.999,0.000,,9,37,,
T,2023-04-27 13:12:09,6.25842500,-75.59780667,3.60,1486.601,23.999,0.000,,10,37,,
T,2023-04-27 13:12:10,6.25843667,-75.59780333,3.80,1486.301,23.999,0.000,,9,37,,
T,2023-04-27 13:12:11,6.25844833,-75.59780500,3.90,1486.101,23.999,1.044,9,9,37,,
T,2023-04-27 13:12:12,6.25845000,-75.59779667,4.20,1485.801,23.999,0.000,,7,38,,
T,2023-04-27 13:12:13,6.25845833,-75.59779333,4.40,1485.601,23.999,0.000,,7,38,,
T,2023-04-27 13:12:14,6.25847500,-75.59779333,4.80,1485.401,23.999,0.000,,7,38,,
T,2023-04-27 13:12:15,6.25848333,-75.59778167,5.20,1485.201,23.999,1.024,22,6,38,,
T,2023-04-27 13:12:16,6.25850000,-75.59777167,5.70,1484.901,23.999,1.357,21,4,38,,
T,2023-04-27 13:12:17,6.25852667,-75.59776167,6.10,1484.701,23.999,1.777,19,4,38,,
T,2023-04-27 13:12:18,6.25854000,-75.59775833,44.00,1484.401,23.999,1.759,19,3,38,,
T,2023-04-27 13:12:23,6.25864667,-75.59768167,65.30,1483.202,23.998,3.262,35,3,38,,
T,2023-04-27 13:12:26,6.25877167,-75.59766667,79.40,1482.402,23.998,3.823,20,3,37,,
T,2023-04-27 13:12:27,6.25889000,-75.59766167,9.10,1482.103,23.997,4.794,15,4,37,,
T,2023-04-27 13:12:28,6.25908333,-75.59764500,8.90,1481.903,23.997,6.659,12,4,37,,
T,2023-04-27 13:12:29,6.25932833,-75.59764667,8.50,1481.604,23.996,8.870,8,5,38,,
T,2023-04-27 13:12:30,6.25942500,-75.59756667,8.40,1481.404,23.996,9.034,16,5,38,,
T,2023-04-27 13:12:31,6.25981333,-75.59743167,7.60,1481.206,23.994,9.686,19,6,38,,
T,2023-04-27 13:12:32,6.25990667,-75.59744000,7.30,1481.006,23.994,10.191,10,4,38,,
T,2023-04-27 13:12:33,6.26000500,-75.59742000,7.10,1480.706,23.994,10.290,9,4,38,,
T,2023-04-27 13:12:34,6.26010833,-75.59740667,7.10,1480.507,23.993,10.550,7,4,38,,
T,2023-04-27 13:12:35,6.26021167,-75.59738833,7.00,1480.307,23.993,10.225,6,5,38,,
T,2023-04-27 13:12:36,6.26035500,-75.59737500,6.80,1480.007,23.993,10.070,7,6,38,,
T,2023-04-27 13:12:37,6.26046500,-75.59737500,6.80,1479.808,23.992,9.606,5,6,38,,
T,2023-04-27 13:12:38,6.26054500,-75.59737000,6.60,1479.508,23.992,9.149,5,6,37,,
T,2023-04-27 13:12:39,6.26062667,-75.59736333,6.80,1479.308,23.992,9.118,5,4,37,,
T,2023-04-27 13:12:40,6.26070500,-75.59735167,6.70,1479.308,23.992,8.592,10,4,38,,
T,2023-04-27 13:12:41,6.26076500,-75.59732000,6.90,1479.209,23.991,7.978,21,4,38,,
T,2023-04-27 13:12:42,6.26081500,-75.59733500,6.90,1479.209,23.991,6.621,11,6,38,,
T,2023-04-27 13:12:43,6.26084500,-75.59732333,7.10,1479.209,23.991,5.938,17,6,38,,
T,2023-04-27 13:12:44,6.26090333,-75.59731833,6.80,1479.309,23.991,6.289,10,8,38,,
T,2023-04-27 13:12:45,6.26099833,-75.59730167,6.30,1477.109,23.991,6.268,5,8,38,,
T,2023-04-27 13:12:46,6.26111333,-75.59726500,5.90,1477.410,23.990,7.133,14,8,38,,
T,2023-04-27 13:12:47,6.26127333,-75.59721000,5.20,1474.710,23.990,8.021,17,8,38,,
T,2023-04-27 13:12:48,6.26138333,-75.59714833,4.70,1470.011,23.989,8.285,21,9,38,,
T,2023-04-27 13:12:49,6.26146500,-75.59712000,4.50,1468.111,23.989,8.694,23,8,38,,
T,2023-04-27 13:12:50,6.26153833,-75.59708500,4.30,1467.512,23.988,9.148,24,7,37,,
T,2023-04-27 13:12:51,6.26161000,-75.59706333,4.20,1467.012,23.988,8.539,21,7,37,,
T,2023-04-27 13:12:52,6.26168333,-75.59703333,4.20,1467.312,23.988,8.568,24,7,37,,
T,2023-04-27 13:12:53,6.26175667,-75.59699667,4.10,1469.713,23.987,8.532,24,8,37,,
T,2023-04-27 13:12:54,6.26182667,-75.59696500,4.00,1469.813,23.987,8.066,23,8,37,,
T,2023-04-27 13:12:55,6.26187667,-75.59695333,4.10,1470.013,23.987,6.477,15,6,38,,
T,2023-04-27 13:12:56,6.26191833,-75.59695833,4.30,1470.213,23.987,5.299,5,5,38,,
T,2023-04-27 13:12:57,6.26195333,-75.59695500,4.40,1470.313,23.987,4.539,6,5,38,,
T,2023-04-27 13:12:58,6.26197333,-75.59694000,4.30,1470.413,23.987,3.571,14,7,38,,
T,2023-04-27 13:12:59,6.26199667,-75.59691500,4.40,1470.414,23.986,3.832,25,8,38,,
T,2023-04-27 13:13:00,6.26203000,-75.59689833,4.30,1470.314,23.986,4.218,21,8,38,,
T,2023-04-27 13:13:01,6.26206167,-75.59689667,4.30,1470.214,23.986,3.786,22,8,38,,
T,2023-04-27 13:13:02,6.26209167,-75.59687833,4.30,1470.214,23.986,4.146,21,6,38,,
T,2023-04-27 13:13:03,6.26212500,-75.59685500,4.30,1470.114,23.986,4.389,23,5,38,,
T,2023-04-27 13:13:04,6.26216333,-75.59683500,4.40,1469.914,23.986,4.426,25,5,38,,
T,2023-04-27 13:13:05,6.26220833,-75.59680667,4.40,1469.715,23.985,5.044,28,6,38,,
T,2023-04-27 13:13:06,6.26224333,-75.59678000,4.60,1469.715,23.985,5.146,33,6,38,,
T,2023-04-27 13:13:07,6.26228167,-75.59675833,4.80,1469.715,23.985,4.964,32,5,38,,
T,2023-04-27 13:13:08,6.26232500,-75.59675000,5.00,1469.715,23.985,4.532,26,4,38,,
T,2023-04-27 13:13:09,6.26236833,-75.59674833,5.20,1469.715,23.985,4.068,18,4,37,,
T,2023-04-27 13:13:10,6.26240333,-75.59674667,5.40,1469.715,23.985,3.660,13,4,37,,
T,2023-04-27 13:13:11,6.26243667,-75.59675000,5.60,1469.715,23.985,3.668,7,4,37,,
T,2023-04-27 13:13:12,6.26247000,-75.59675333,5.70,1469.716,23.984,3.685,4,5,38,,
T,2023-04-27 13:13:13,6.26250833,-75.59674833,5.80,1469.716,23.984,4.197,7,5,38,,
T,2023-04-27 13:13:14,6.26253667,-75.59673667,5.70,1469.816,23.984,4.088,16,7,38,,
T,2023-04-27 13:13:15,6.26256667,-75.59673667,5.60,1469.716,23.984,4.279,12,7,38,,
T,2023-04-27 13:13:16,6.26265000,-75.59672000,5.20,1469.516,23.984,4.491,8,7,38,,
T,2023-04-27 13:13:17,6.26273000,-75.59670167,4.80,1469.916,23.984,4.515,13,7,38,,
T,2023-04-27 13:13:18,6.26278167,-75.59668333,4.60,1470.117,23.983,4.774,14,7,38,,
T,2023-04-27 13:13:19,6.26282333,-75.59665333,4.50,1470.317,23.983,4.490,15,7,38,,
T,2023-04-27 13:13:20,6.26285833,-75.59664333,4.40,1470.217,23.983,3.653,14,7,38,,
T,2023-04-27 13:13:21,6.26289333,-75.59664500,4.50,1470.517,23.983,3.454,9,7,38,,
T,2023-04-27 13:13:22,6.26292667,-75.59664500,4.40,1470.817,23.983,3.002,5,7,38,,
T,2023-04-27 13:13:23,6.26296500,-75.59665500,4.30,1471.117,23.983,3.434,8,7,38,,
T,2023-04-27 13:13:24,6.26300833,-75.59666500,4.20,1470.817,23.983,3.980,6,9,37,,
T,2023-04-27 13:13:25,6.26305667,-75.59666333,4.10,1470.917,23.983,4.828,11,8,38,,
T,2023-04-27 13:13:26,6.26309667,-75.59664500,4.10,1471.118,23.982,4.828,23,8,38,,
T,2023-04-27 13:13:27,6.26313833,-75.59662667,4.00,1471.018,23.982,4.612,27,8,38,,
T,2023-04-27 13:13:28,6.26318000,-75.59662500,3.90,1471.118,23.982,4.412,27,8,38,,
T,2023-04-27 13:13:29,6.26321833,-75.59660333,3.70,1470.918,23.982,5.003,36,9,38,,
T,2023-04-27 13:13:30,6.26325833,-75.59658667,3.70,1470.818,23.982,5.237,39,8,38,,
T,2023-04-27 13:13:31,6.26328833,-75.59655500,3.70,1470.618,23.982,5.591,42,8,37,,
T,2023-04-27 13:13:32,6.26332667,-75.59652167,3.70,1470.319,23.981,5.908,42,7,38,,
T,2023-04-27 13:13:33,6.26336500,-75.59647833,3.70,1469.719,23.981,5.765,45,8,38,,
T,2023-04-27 13:13:34,6.26339833,-75.59643667,3.80,1469.719,23.981,6.008,45,7,38,,
T,2023-04-27 13:13:35,6.26343667,-75.59638833,3.90,1470.020,23.980,6.641,44,8,38,,
T,2023-04-27 13:13:36,6.26348833,-75.59637333,4.00,1470.420,23.980,5.972,36,7,38,,
T,2023-04-27 13:13:37,6.26353500,-75.59640667,4.00,1470.620,23.980,5.470,23,9,38,,
T,2023-04-27 13:13:38,6.26358833,-75.59640000,4.00,1470.820,23.980,5.474,16,8,37,,
T,2023-04-27 13:13:39,6.26364167,-75.59638667,4.10,1471.120,23.980,5.195,11,6,37,,
T,2023-04-27 13:13:40,6.26371000,-75.59637000,4.10,1471.420,23.980,6.058,9,6,37,,
T,2023-04-27 13:13:41,6.26378500,-75.59636167,4.10,1471.721,23.979,6.256,6,6,38,,
T,2023-04-27 13:13:42,6.26385333,-75.59637000,4.10,1471.821,23.979,6.633,357,7,38,,
T,2023-04-27 13:13:43,6.26391833,-75.59636500,4.10,1471.821,23.979,7.010,358,7,38,,
T,2023-04-27 13:13:44,6.26400000,-75.59635833,4.10,1472.121,23.979,7.740,1,6,38,,
T,2023-04-27 13:13:45,6.26406333,-75.59635333,4.00,1472.121,23.979,7.872,3,7,38,,
T,2023-04-27 13:13:46,6.26414833,-75.59635167,4.00,1472.021,23.979,8.559,4,7,38,,
T,2023-04-27 13:13:47,6.26425000,-75.59635833,4.00,1472.322,23.978,8.837,4,8,38,,
T,2023-04-27 13:13:48,6.26433333,-75.59636500,3.90,1472.322,23.978,8.350,4,7,38,,
T,2023-04-27 13:13:49,6.26440833,-75.59638000,3.90,1472.922,23.978,7.637,2,8,38,,
T,2023-04-27 13:13:50,6.26447833,-75.59639000,3.90,1473.122,23.978,7.797,0,9,38,,
T,2023-04-27 13:13:51,6.26454500,-75.59639167,3.90,1473.522,23.978,7.650,4,9,38,,
T,2023-04-27 13:13:52,6.26460167,-75.59638167,3.90,1473.622,23.978,7.226,4,8,38,,
T,2023-04-27 13:13:53,6.26467333,-75.59638000,3.80,1473.923,23.977,7.328,359,9,38,,
T,2023-04-27 13:13:54,6.26472667,-75.59637000,3.80,1473.823,23.977,6.536,1,10,38,,
T,2023-04-27 13:13:55,6.26477000,-75.59634500,3.70,1473.423,23.977,6.243,10,10,38,,
T,2023-04-27 13:13:56,6.26482333,-75.59633167,3.70,1473.423,23.977,6.518,11,8,38,,
T,2023-04-27 13:13:57,6.26487833,-75.59631333,3.80,1473.223,23.977,6.541,12,8,38,,
T,2023-04-27 13:13:58,6.26493833,-75.59627333,3.80,1473.624,23.976,7.437,18,9,38,,
T,2023-04-27 13:13:59,6.26500167,-75.59624500,3.90,1473.624,23.976,7.403,20,8,38,,
T,2023-04-27 13:14:00,6.26505333,-75.59621667,3.90,1473.224,23.976,7.152,23,7,38,,
T,2023-04-27 13:14:01,6.26511000,-75.59618833,4.00,1473.025,23.975,7.422,21,6,38,,
T,2023-04-27 13:14:02,6.26517667,-75.59615333,4.10,1473.025,23.975,8.025,23,5,38,,
T,2023-04-27 13:14:03,6.26523500,-75.59610500,4.20,1472.625,23.975,7.913,27,6,38,,
T,2023-04-27 13:14:04,6.26529333,-75.59606500,4.20,1472.326,23.974,8.116,29,6,38,,
T,2023-04-27 13:14:05,6.26536833,-75.59603167,4.30,1472.226,23.974,9.039,27,5,38,,
T,2023-04-27 13:14:06,6.26544667,-75.59599667,4.40,1471.926,23.974,9.673,26,5,38,,
T,2023-04-27 13:14:07,6.26553000,-75.59597000,4.50,1471.627,23.973,9.948,23,5,38,,
T,2023-04-27 13:14:08,6.26561833,-75.59593167,4.60,1471.727,23.973,10.436,24,5,38,,
T,2023-04-27 13:14:09,6.26571167,-75.59591833,4.80,1471.727,23.973,10.413,20,4,38,,
T,2023-04-27 13:14:10,6.26580167,-75.59589000,4.90,1471.828,23.972,10.651,20,5,37,,
T,2023-04-27 13:14:11,6.26589333,-75.59586833,5.00,1471.928,23.972,10.911,19,5,37,,
T,2023-04-27 13:14:12,6.26597167,-75.59583500,5.00,1471.028,23.972,10.135,18,6,37,,
T,2023-04-27 13:14:13,6.26603833,-75.59578833,4.90,1470.129,23.971,9.675,22,6,38,,
T,2023-04-27 13:14:14,6.26610667,-75.59575167,4.90,1469.229,23.971,8.992,24,6,38,,
T,2023-04-27 13:14:15,6.26618833,-75.59573833,4.90,1469.029,23.971,9.026,20,5,38,,
T,2023-04-27 13:14:16,6.26628000,-75.59573167,4.90,1468.430,23.970,9.350,17,5,38,,
T,2023-04-27 13:14:17,6.26636333,-75.59568833,4.90,1467.830,23.970,9.900,18,6,38,,
T,2023-04-27 13:14:18,6.26645333,-75.59567167,4.90,1467.130,23.970,9.938,16,7,38,,
T,2023-04-27 13:14:19,6.26655167,-75.59564833,4.90,1466.731,23.969,10.654,16,6,38,,
T,2023-04-27 13:14:20,6.26665167,-75.59561167,4.90,1466.331,23.969,11.350,17,6,38,,
T,2023-04-27 13:14:21,6.26675333,-75.59556833,5.00,1465.931,23.969,12.010,19,5,38,,
T,2023-04-27 13:14:22,6.26685500,-75.59551333,5.10,1465.832,23.968,12.228,22,4,38,,
T,2023-04-27 13:14:23,6.26697000,-75.59548167,5.20,1465.632,23.968,12.486,19,4,38,,
T,2023-04-27 13:14:24,6.26707667,-75.59544333,5.40,1465.533,23.967,12.454,19,4,38,,
T,2023-04-27 13:14:25,6.26718167,-75.59540667,32.30,1465.433,23.967,12.345,20,3,38,,
T,2023-04-27 13:14:26,6.26727000,-75.59536667,5.90,1465.334,23.966,11.755,21,4,38,,
T,2023-04-27 13:14:27,6.26735667,-75.59532167,6.20,1465.134,23.966,11.307,22,4,38,,
T,2023-04-27 13:14:28,6.26745167,-75.59528333,5.10,1465.135,23.965,11.043,22,4,38,,
T,2023-04-27 13:14:29,6.26754167,-75.59524333,5.30,1465.035,23.965,10.931,25,4,38,,
T,2023-04-27 13:14:30,6.26760667,-75.59524333,5.40,1465.035,23.965,8.853,15,4,38,,
T,2023-04-27 13:14:31,6.26767500,-75.59522500,5.70,1465.135,23.965,8.310,15,4,38,,
T,2023-04-27 13:14:32,6.26775000,-75.59521000,5.90,1465.436,23.964,8.456,14,5,37,,
T,2023-04-27 13:14:33,6.26781000,-75.59519500,6.10,1465.736,23.964,7.979,14,5,37,,
T,2023-04-27 13:14:34,6.26787667,-75.59518167,6.40,1466.136,23.964,8.015,14,5,37,,
T,2023-04-27 13:14:35,6.26796667,-75.59521333,6.10,1466.336,23.964,8.555,6,5,37,,
T,2023-04-27 13:14:36,6.26803167,-75.59517333,6.30,1466.236,23.964,8.236,12,5,37,,
T,2023-04-27 13:14:37,6.26811333,-75.59517500,6.30,1466.437,23.963,8.633,11,5,37,,
T,2023-04-27 13:14:38,6.26819000,-75.59516000,6.40,1466.437,23.963,8.514,11,4,37,,
T,2023-04-27 13:14:39,6.26826833,-75.59516333,6.50,1466.437,23.963,8.101,7,4,37,,
T,2023-04-27 13:14:40,6.26833667,-75.59515167,6.60,1466.437,23.963,7.723,7,4,37,,
T,2023-04-27 13:14:41,6.26841000,-75.59512500,6.70,1466.438,23.962,7.559,11,5,37,,
T,2023-04-27 13:14:42,6.26847167,-75.59509500,6.90,1466.338,23.962,7.243,15,4,37,,
T,2023-04-27 13:14:43,6.26852833,-75.59507000,50.10,1466.338,23.962,6.915,18,3,37,,
T,2023-04-27 13:14:44,6.26857833,-75.59505500,7.30,1466.338,23.962,6.680,18,4,38,,
T,2023-04-27 13:14:45,6.26860833,-75.59508000,7.30,1466.338,23.962,5.679,12,4,38,,
T,2023-04-27 13:14:46,6.26864500,-75.59509000,7.50,1466.338,23.962,5.363,9,4,38,,
T,2023-04-27 13:14:47,6.26849500,-75.59518833,7.00,1466.637,23.963,3.445,8,7,38,,
T,2023-04-27 13:14:48,6.26849833,-75.59520333,6.90,1466.637,23.963,3.133,10,6,38,,
T,2023-04-27 13:14:49,6.26851833,-75.59522000,7.00,1466.637,23.963,2.672,5,6,38,,
T,2023-04-27 13:14:50,6.26852167,-75.59524167,6.90,1466.537,23.963,1.731,358,6,37,,
T,2023-04-27 13:14:51,6.26854000,-75.59524833,6.90,1466.537,23.963,1.862,11,6,37,,
T,2023-04-27 13:14:52,6.26856167,-75.59525167,7.00,1466.537,23.963,2.543,22,5,37,,
T,2023-04-27 13:14:53,6.26860333,-75.59524500,7.00,1466.637,23.963,3.312,24,5,37,,
T,2023-04-27 13:14:54,6.26863167,-75.59523333,7.00,1466.738,23.962,3.894,29,6,37,,
T,2023-04-27 13:14:55,6.26866333,-75.59521667,7.90,1466.738,23.962,3.923,29,7,37,,
T,2023-04-27 13:14:56,6.26861833,-75.59524167,7.20,1472.837,23.963,4.607,53,8,37,,
T,2023-04-27 13:14:57,6.26860167,-75.59530000,6.20,1474.437,23.963,5.534,32,8,37,,
T,2023-04-27 13:14:58,6.26866333,-75.59530833,5.90,1474.337,23.963,6.314,26,8,37,,
T,2023-04-27 13:14:59,6.26867500,-75.59538667,5.60,1477.037,23.963,7.182,27,8,37,,
T,2023-04-27 13:15:00,6.26875000,-75.59537167,5.40,1476.537,23.963,7.594,28,7,37,,
T,2023-04-27 13:15:01,6.26884667,-75.59533833,5.30,1475.637,23.963,8.394,25,6,38,,
T,2023-04-27 13:15:02,6.26891833,-75.59531833,5.40,1475.738,23.962,8.137,19,5,38,,
T,2023-04-27 13:15:03,6.26899667,-75.59529333,5.40,1475.638,23.962,8.983,18,4,38,,
T,2023-04-27 13:15:04,6.26907333,-75.59527000,5.40,1475.338,23.962,8.888,16,5,38,,
T,2023-04-27 13:15:05,6.26915500,-75.59524667,5.40,1475.239,23.961,9.425,16,5,38,,
T,2023-04-27 13:15:06,6.26924333,-75.59522500,5.50,1475.639,23.961,9.642,15,6,38,,
T,2023-04-27 13:15:07,6.26935167,-75.59521667,5.40,1479.339,23.961,10.445,15,6,37,,
T,2023-04-27 13:15:08,6.26945667,-75.59519000,5.50,1479.140,23.960,11.276,16,6,38,,
T,2023-04-27 13:15:09,6.26956667,-75.59517000,5.50,1483.240,23.960,10.742,15,6,38,,
T,2023-04-27 13:15:10,6.26966833,-75.59515000,5.50,1484.340,23.960,10.178,15,5,38,,
T,2023-04-27 13:15:11,6.26979000,-75.59514667,5.30,1487.141,23.959,10.282,13,6,38,,
T,2023-04-27 13:15:12,6.26990833,-75.59514000,5.10,1489.141,23.959,10.266,10,6,38,,
T,2023-04-27 13:15:13,6.27004667,-75.59512833,4.90,1492.641,23.959,10.635,12,6,38,,
T,2023-04-27 13:15:14,6.27020667,-75.59509833,4.60,1493.042,23.958,12.003,13,7,37,,
T,2023-04-27 13:15:15,6.27034333,-75.59507500,4.40,1493.242,23.958,12.127,12,6,38,,
T,2023-04-27 13:15:16,6.27046000,-75.59505167,4.40,1492.743,23.957,12.505,14,5,38,,
T,2023-04-27 13:15:17,6.27058000,-75.59502833,4.40,1491.743,23.957,12.511,14,6,38,,
T,2023-04-27 13:15:18,6.27068833,-75.59500000,4.40,1489.743,23.957,12.688,15,8,38,,
T,2023-04-27 13:15:19,6.27079167,-75.59497500,4.50,1487.844,23.956,12.299,16,8,38,,
T,2023-04-27 13:15:20,6.27088167,-75.59494833,4.60,1487.444,23.956,12.113,17,7,38,,
T,2023-04-27 13:15:21,6.27098333,-75.59490333,4.60,1486.145,23.955,11.601,18,7,38,,
T,2023-04-27 13:15:22,6.27110167,-75.59486833,4.70,1486.445,23.955,11.585,20,8,38,,
T,2023-04-27 13:15:23,6.27119500,-75.59482000,4.80,1485.546,23.954,11.152,21,7,38,,
T,2023-04-27 13:15:24,6.27127500,-75.59475667,5.00,1485.546,23.954,11.120,27,5,38,,
T,2023-04-27 13:15:25,6.27137500,-75.59467333,5.10,1485.447,23.953,11.926,33,5,38,,
T,2023-04-27 13:15:26,6.27143667,-75.59459833,5.20,1485.547,23.953,11.732,38,5,38,,
T,2023-04-27 13:15:27,6.27150667,-75.59451000,5.20,1485.748,23.952,11.719,43,7,37,,
T,2023-04-27 13:15:28,6.27158167,-75.59442167,5.00,1485.949,23.951,12.305,45,8,37,,
T,2023-04-27 13:15:29,6.27167667,-75.59430833,5.00,1486.749,23.951,13.032,46,8,38,,
T,2023-04-27 13:15:30,6.27175667,-75.59419333,4.90,1487.150,23.950,13.208,48,7,38,,
T,2023-04-27 13:15:31,6.27184667,-75.59406500,4.80,1488.051,23.949,13.707,50,7,38,,
T,2023-04-27 13:15:32,6.27195167,-75.59397500,4.90,1488.952,23.948,13.741,46,7,38,,
T,2023-04-27 13:15:33,6.27204833,-75.59389167,4.90,1489.352,23.948,13.874,44,7,38,,
T,2023-04-27 13:15:34,6.27213833,-75.59380667,5.00,1489.753,23.947,13.148,43,6,38,,
T,2023-04-27 13:15:35,6.27224667,-75.59367333,4.90,1489.854,23.946,14.126,43,6,38,,
T,2023-04-27 13:15:36,6.27235333,-75.59355167,4.80,1489.955,23.945,14.483,43,5,38,,
T,2023-04-27 13:15:37,6.27246833,-75.59343000,4.80,1489.056,23.944,15.017,43,6,38,,
T,2023-04-27 13:15:38,6.27260000,-75.59332667,4.70,1489.057,23.943,15.592,41,7,38,,
T,2023-04-27 13:15:39,6.27270667,-75.59322333,4.70,1488.857,23.943,15.911,41,7,38,,
T,2023-04-27 13:15:40,6.27282667,-75.59314167,4.80,1488.958,23.942,16.259,39,5,38,,
T,2023-04-27 13:15:41,6.27297333,-75.59305167,4.40,1491.059,23.941,15.920,36,9,38,,
T,2023-04-27 13:15:42,6.27310333,-75.59297500,4.30,1492.360,23.940,15.059,33,9,37,,
T,2023-04-27 13:15:43,6.27322667,-75.59290500,4.30,1492.260,23.940,14.649,32,9,38,,
T,2023-04-27 13:15:44,6.27334333,-75.59283167,4.20,1492.761,23.939,14.610,31,10,38,,
T,2023-04-27 13:15:45,6.27343667,-75.59275333,4.20,1494.061,23.939,13.854,32,10,38,,
T,2023-04-27 13:15:46,6.27354000,-75.59270333,4.20,1493.062,23.938,13.004,32,10,38,,
T,2023-04-27 13:15:47,6.27363167,-75.59265667,4.10,1492.162,23.938,12.525,35,11,38,,
T,2023-04-27 13:15:48,6.27372667,-75.59262333,3.90,1492.763,23.937,11.995,36,11,38,,
T,2023-04-27 13:15:49,6.27381333,-75.59257333,3.90,1493.363,23.937,11.794,36,11,38,,
T,2023-04-27 13:15:50,6.27388333,-75.59250833,3.90,1493.464,23.936,11.354,38,11,38,,
T,2023-04-27 13:15:51,6.27394000,-75.59243667,4.10,1493.964,23.936,11.111,40,10,38,,
T,2023-04-27 13:15:52,6.27397833,-75.59234833,4.20,1494.865,23.935,10.576,45,9,38,,
T,2023-04-27 13:15:53,6.27402000,-75.59225833,4.50,1496.165,23.935,10.885,49,9,38,,
T,2023-04-27 13:15:54,6.27401500,-75.59208667,4.60,1498.966,23.934,11.436,60,6,38,,
T,2023-04-27 13:15:55,6.27397833,-75.59187500,4.60,1500.867,23.933,12.769,73,7,38,,
T,2023-04-27 13:15:56,6.27396667,-75.59173167,4.60,1500.668,23.932,12.979,77,7,38,,
T,2023-04-27 13:15:57,6.27393500,-75.59157333,4.60,1500.569,23.931,13.553,85,6,38,,
T,2023-04-27 13:15:58,6.27392667,-75.59144333,4.60,1500.669,23.931,13.410,86,6,38,,
T,2023-04-27 13:15:59,6.27393167,-75.59132667,4.70,1500.970,23.930,13.116,86,7,38,,
T,2023-04-27 13:16:00,6.27394167,-75.59120500,4.70,1501.271,23.929,13.100,84,7,38,,
T,2023-04-27 13:16:01,6.27396000,-75.59108667,4.80,1502.271,23.929,13.206,82,8,38,,
T,2023-04-27 13:16:02,6.27397167,-75.59096167,4.90,1502.472,23.928,13.559,81,7,38,,
T,2023-04-27 13:16:03,6.27397667,-75.59083500,4.90,1502.973,23.927,13.814,79,7,38,,
T,2023-04-27 13:16:04,6.27398500,-75.59070333,5.10,1503.073,23.927,13.822,80,7,38,,
T,2023-04-27 13:16:05,6.27400667,-75.59058167,5.20,1502.974,23.926,14.011,78,8,38,,
T,2023-04-27 13:16:06,6.27405500,-75.59047167,5.10,1502.675,23.925,13.695,76,8,38,,
T,2023-04-27 13:16:07,6.27412333,-75.59038833,5.20,1502.575,23.925,13.255,71,8,37,,
T,2023-04-27 13:16:08,6.27421167,-75.59033000,5.10,1503.576,23.924,12.932,65,8,37,,
T,2023-04-27 13:16:09,6.27430500,-75.59027833,5.10,1504.476,23.924,12.442,61,7,37,,
T,2023-04-27 13:16:10,6.27440833,-75.59022667,5.10,1505.277,23.923,12.087,55,7,38,,
T,2023-04-27 13:16:11,6.27449833,-75.59017833,5.20,1505.177,23.923,11.750,52,6,38,,
T,2023-04-27 13:16:12,6.27458000,-75.59016333,5.40,1505.478,23.922,10.428,46,6,38,,
T,2023-04-27 13:16:13,6.27466333,-75.59017833,5.30,1505.978,23.922,9.957,37,6,38,,
T,2023-04-27 13:16:14,6.27475000,-75.59018500,5.30,1506.878,23.922,9.332,30,6,38,,
T,2023-04-27 13:16:15,6.27484500,-75.59014833,5.10,1508.078,23.922,8.890,26,6,38,,
T,2023-04-27 13:16:16,6.27491667,-75.59012500,5.30,1508.179,23.921,8.665,26,5,38,,
T,2023-04-27 13:16:17,6.27499833,-75.59011833,5.20,1508.679,23.921,8.377,23,6,38,,
T,2023-04-27 13:16:18,6.27507667,-75.59016667,5.00,1507.479,23.921,6.936,18,7,38,,
T,2023-04-27 13:16:19,6.27515500,-75.59016500,4.70,1505.979,23.921,5.260,11,8,38,,
T,2023-04-27 13:16:20,6.27521000,-75.59015833,4.50,1507.079,23.921,3.919,16,9,38,,
T,2023-04-27 13:16:21,6.27529000,-75.59015167,4.40,1508.879,23.921,4.179,19,9,38,,
T,2023-04-27 13:16:22,6.27535000,-75.59015333,4.10,1510.779,23.921,3.665,358,11,38,,
T,2023-04-27 13:16:23,6.27540833,-75.59017667,4.00,1512.579,23.921,3.658,349,10,38,,
T,2023-04-27 13:16:24,6.27544500,-75.59019833,3.90,1513.779,23.921,3.464,346,10,38,,
T,2023-04-27 13:16:25,6.27546667,-75.59021167,3.90,1514.779,23.921,2.803,346,11,38,,
T,2023-04-27 13:16:26,6.27548000,-75.59022333,3.80,1515.179,23.921,1.829,341,11,38,,
T,2023-04-27 13:16:27,6.27550500,-75.59024333,3.70,1515.879,23.921,2.370,338,11,38,,
T,2023-04-27 13:16:28,6.27551500,-75.59025333,3.60,1516.179,23.921,1.661,328,12,38,,
T,2023-04-27 13:16:29,6.27551667,-75.59025333,3.50,1516.679,23.921,1.198,328,12,38,,
T,2023-04-27 13:16:30,6.27551833,-75.59026167,3.40,1517.279,23.921,0.000,,12,38,,
T,2023-04-27 13:16:31,6.27551833,-75.59026500,3.50,1517.479,23.921,0.000,,11,38,,
T,2023-04-27 13:16:32,6.27552167,-75.59027000,3.40,1517.779,23.921,0.000,,11,38,,
T,2023-04-27 13:16:33,6.27552167,-75.59027000,3.40,1517.779,23.921,0.000,,11,38,,
T,2023-04-27 13:16:34,6.27552167,-75.59027000,3.40,1517.779,23.921,0.000,,12,38,,
T,2023-04-27 13:16:35,6.27552167,-75.59027000,3.30,1517.779,23.921,0.000,,12,38,,
T,2023-04-27 13:16:36,6.27552167,-75.59027000,3.20,1517.779,23.921,0.000,,12,38,,
T,2023-04-27 13:16:37,6.27552167,-75.59027000,3.20,1517.779,23.921,0.000,,11,38,,
T,2023-04-27 13:16:38,6.27552167,-75.59027000,3.20,1517.779,23.921,0.000,,11,38,,
T,2023-04-27 13:16:39,6.27552167,-75.59027000,3.20,1517.779,23.921,0.000,,10,38,,
T,2023-04-27 13:16:40,6.27552167,-75.59027000,1.20,1517.779,23.921,0.000,,10,38,,
T,2023-04-27 13:16:41,6.27552167,-75.59027000,1.10,1517.779,23.921,0.000,,10,38,,
T,2023-04-27 13:16:42,6.27552167,-75.59027000,1.60,1517.779,23.921,0.000,,10,38,,
T,2023-04-27 13:16:43,6.27552167,-75.59027000,1.90,1517.779,23.921,0.000,,11,38,,
T,2023-04-27 13:16:44,6.27552167,-75.59027000,2.10,1517.779,23.921,0.000,,11,38,,
T,2023-04-27 13:16:45,6.27552167,-75.59027000,2.20,1517.779,23.921,0.000,,11,38,,
T,2023-04-27 13:16:46,6.27552167,-75.59027000,2.40,1517.779,23.921,0.000,,11,38,,
T,2023-04-27 13:16:47,6.27552167,-75.59027000,2.50,1517.779,23.921,0.000,,11,38,,
T,2023-04-27 13:16:48,6.27552167,-75.59027000,2.60,1517.779,23.921,0.000,,11,37,,
T,2023-04-27 13:16:49,6.27552167,-75.59027000,2.60,1517.779,23.921,0.000,,10,37,,
T,2023-04-27 13:16:50,6.27552167,-75.59027000,2.70,1517.779,23.921,0.000,,10,38,,
T,2023-04-27 13:16:51,6.27552167,-75.59027000,2.80,1517.779,23.921,0.000,,10,38,,
T,2023-04-27 13:16:52,6.27552167,-75.59027000,2.80,1517.779,23.921,0.000,,10,38,,
T,2023-04-27 13:16:53,6.27552167,-75.59027000,1.20,1517.779,23.921,0.000,,10,38,,
T,2023-04-27 13:16:54,6.27553667,-75.59026833,2.00,1520.579,23.921,1.734,59,12,38,,
T,2023-04-27 13:16:55,6.27555333,-75.59025333,2.30,1520.579,23.921,2.795,49,12,38,,
T,2023-04-27 13:16:56,6.27557833,-75.59024000,2.40,1520.579,23.921,2.961,35,12,38,,
T,2023-04-27 13:16:57,6.27561167,-75.59023000,2.50,1520.680,23.920,3.273,26,13,38,,
T,2023-04-27 13:16:58,6.27564333,-75.59022167,2.50,1520.680,23.920,3.535,22,13,38,,
T,2023-04-27 13:16:59,6.27567667,-75.59021333,2.60,1520.580,23.920,3.694,17,13,38,,
T,2023-04-27 13:17:00,6.27572000,-75.59020167,2.70,1520.580,23.920,4.281,23,13,37,,
T,2023-04-27 13:17:01,6.27577333,-75.59019500,2.80,1520.680,23.920,4.896,15,14,37,,
T,2023-04-27 13:17:02,6.27583167,-75.59017500,3.00,1520.880,23.920,6.188,20,14,37,,
T,2023-04-27 13:17:03,6.27589500,-75.59015000,3.00,1521.181,23.919,6.160,23,14,38,,
T,2023-04-27 13:17:04,6.27594500,-75.59012667,3.10,1521.781,23.919,5.471,24,12,38,,
T,2023-04-27 13:17:05,6.27598833,-75.59010000,3.30,1521.781,23.919,5.757,30,12,38,,
T,2023-04-27 13:17:06,6.27602833,-75.59007000,3.40,1521.981,23.919,5.750,33,11,38,,
T,2023-04-27 13:17:07,6.27605500,-75.59003167,3.60,1521.882,23.918,4.967,40,11,38,,
T,2023-04-27 13:17:08,6.27607667,-75.58999333,3.80,1522.182,23.918,4.624,44,10,38,,
T,2023-04-27 13:17:09,6.27609500,-75.58994500,4.00,1522.482,23.918,4.638,51,9,38,,
T,2023-04-27 13:17:10,6.27610833,-75.58988500,4.20,1523.283,23.917,4.922,57,9,38,,
T,2023-04-27 13:17:11,6.27612667,-75.58983333,4.30,1523.483,23.917,5.313,59,7,38,,
T,2023-04-27 13:17:12,6.27614833,-75.58978000,4.40,1523.683,23.917,5.543,62,7,37,,
T,2023-04-27 13:17:13,6.27617833,-75.58971333,4.60,1523.784,23.916,6.093,63,7,37,,
T,2023-04-27 13:17:14,6.27620667,-75.58965167,4.90,1523.984,23.916,6.702,66,6,37,,
T,2023-04-27 13:17:15,6.27623000,-75.58956667,5.20,1524.084,23.916,7.183,68,6,37,,
T,2023-04-27 13:17:16,6.27625667,-75.58947000,5.40,1524.085,23.915,7.808,69,5,37,,
T,2023-04-27 13:17:17,6.27629000,-75.58939667,5.70,1524.185,23.915,8.120,67,4,37,,
T,2023-04-27 13:17:18,6.27632833,-75.58933000,5.90,1524.286,23.914,8.107,65,4,37,,
T,2023-04-27 13:17:19,6.27635667,-75.58926833,6.10,1524.386,23.914,7.686,66,4,37,,
T,2023-04-27 13:17:20,6.27639000,-75.58918500,6.40,1524.387,23.913,7.922,66,5,37,,
T,2023-04-27 13:17:21,6.27642667,-75.58910500,6.70,1524.587,23.913,8.171,65,5,38,,
T,2023-04-27 13:17:22,6.27646000,-75.58903333,7.10,1524.688,23.912,8.065,65,5,38,,
T,2023-04-27 13:17:23,6.27645000,-75.58886333,7.00,1524.689,23.911,9.190,73,4,38,,
T,2023-04-27 13:17:24,6.27644667,-75.58874667,6.90,1524.889,23.911,9.207,76,4,38,,
T,2023-04-27 13:17:25,6.27644833,-75.58865333,7.00,1524.990,23.910,9.203,80,4,38,,
T,2023-04-27 13:17:26,6.27645667,-75.58858333,7.00,1525.190,23.910,8.918,82,4,38,,
T,2023-04-27 13:17:27,6.27646500,-75.58847833,7.20,1525.391,23.909,9.197,82,4,38,,
T,2023-04-27 13:17:28,6.27648833,-75.58842333,7.10,1525.491,23.909,8.536,81,5,38,,
T,2023-04-27 13:17:29,6.27649833,-75.58833667,7.10,1525.591,23.909,8.567,82,5,38,,
T,2023-04-27 13:17:30,6.27650833,-75.58826833,7.20,1525.592,23.908,8.450,85,5,37,,
T,2023-04-27 13:17:31,6.27651667,-75.58819667,55.40,1525.692,23.908,8.436,84,3,37,,
T,2023-04-27 13:17:32,6.27653833,-75.58812833,59.50,1525.793,23.907,8.471,80,3,37,,
T,2023-04-27 13:17:33,6.27653833,-75.58807167,63.10,1525.893,23.907,7.972,84,3,37,,
T,2023-04-27 13:17:34,6.27656000,-75.58802500,7.70,1526.093,23.907,7.256,82,5,37,,
T,2023-04-27 13:17:35,6.27655333,-75.58793667,7.60,1526.294,23.906,7.242,87,5,37,,
T,2023-04-27 13:17:36,6.27656833,-75.58787500,60.60,1526.394,23.906,7.074,84,3,37,,
T,2023-04-27 13:17:39,6.27655333,-75.58770000,65.00,1526.595,23.905,6.955,93,3,37,,
T,2023-04-27 13:18:06,6.27622667,-75.58654667,4.90,1537.900,23.900,0.000,,12,38,,
T,2023-04-27 13:18:07,6.27622667,-75.58654667,4.60,1537.900,23.900,0.000,,12,38,,
T,2023-04-27 13:18:08,6.27622667,-75.58654667,4.30,1537.900,23.900,0.000,,14,38,,
T,2023-04-27 13:18:09,6.27622667,-75.58654667,1.20,1537.900,23.900,0.000,,15,38,,
T,2023-04-27 13:18:10,6.27622667,-75.58654667,1.10,1537.900,23.900,0.000,,15,38,,
T,2023-04-27 13:18:11,6.27622667,-75.58654667,1.10,1537.900,23.900,0.000,,15,38,,
T,2023-04-27 13:18:12,6.27622667,-75.58654667,1.10,1537.900,23.900,0.000,,16,38,,
T,2023-04-27 13:18:13,6.27622667,-75.58654667,1.10,1537.900,23.900,0.000,,16,38,,
T,2023-04-27 13:18:14,6.27623167,-75.58656500,1.70,1538.300,23.900,1.509,190,13,38,,
T,2023-04-27 13:18:15,6.27621500,-75.58656667,2.00,1538.200,23.900,2.048,180,12,38,,
T,2023-04-27 13:18:16,6.27619667,-75.58656500,2.30,1538.000,23.900,1.677,162,14,38,,
T,2023-04-27 13:18:17,6.27618167,-75.58656000,2.50,1537.900,23.900,1.688,149,14,38,,
T,2023-04-27 13:18:18,6.27616500,-75.58655833,2.70,1537.600,23.900,1.784,165,13,38,,
T,2023-04-27 13:18:19,6.27615833,-75.58656000,2.80,1537.300,23.900,0.000,,14,38,,
T,2023-04-27 13:18:20,6.27614833,-75.58656167,2.90,1537.200,23.900,0.000,,14,38,,
T,2023-04-27 13:18:21,6.27614500,-75.58656667,2.90,1537.000,23.900,0.000,,14,38,,
T,2023-04-27 13:18:22,6.27614500,-75.58656667,2.90,1537.000,23.900,0.000,,14,38,,
T,2023-04-27 13:18:23,6.27614500,-75.58656667,2.90,1537.000,23.900,0.000,,14,38,,
T,2023-04-27 13:18:24,6.27614500,-75.58656667,3.00,1537.000,23.900,0.000,,13,38,,
T,2023-04-27 13:18:25,6.27614500,-75.58656667,3.00,1537.000,23.900,0.000,,13,38,,
T,2023-04-27 13:18:26,6.27614500,-75.58656667,3.00,1537.000,23.900,0.000,,15,38,,
T,2023-04-27 13:18:27,6.27614500,-75.58656667,3.10,1537.000,23.900,0.000,,16,38,,
T,2023-04-27 13:18:28,6.27614500,-75.58656667,3.10,1537.000,23.900,0.000,,16,38,,
T,2023-04-27 13:18:29,6.27614500,-75.58656667,3.10,1537.000,23.900,0.000,,16,38,,
T,2023-04-27 13:18:30,6.27614500,-75.58656667,3.10,1537.000,23.900,0.000,,16,38,,
T,2023-04-27 13:18:31,6.27614500,-75.58656667,3.20,1537.000,23.900,0.000,,14,38,,
T,2023-04-27 13:18:32,6.27609167,-75.58665167,3.10,1534.999,23.901,2.274,213,15,38,,
T,2023-04-27 13:18:33,6.27607667,-75.58666667,3.10,1534.699,23.901,1.753,202,14,38,,
T,2023-04-27 13:18:34,6.27606333,-75.58667167,3.10,1534.599,23.901,1.721,194,14,38,,
T,2023-04-27 13:18:35,6.27604500,-75.58666333,3.00,1534.499,23.901,1.699,173,12,38,,
T,2023-04-27 13:18:36,6.27603833,-75.58665500,3.10,1534.599,23.901,1.077,152,12,38,,
T,2023-04-27 13:18:37,6.27603333,-75.58665333,3.10,1534.399,23.901,0.000,,13,38,,
T,2023-04-27 13:18:38,6.27602833,-75.58663667,3.00,1534.199,23.901,0.000,,12,38,,
T,2023-04-27 13:18:39,6.27602167,-75.58663500,2.90,1533.899,23.901,0.000,,11,38,,
T,2023-04-27 13:18:40,6.27602167,-75.58663500,2.90,1533.899,23.901,0.000,,10,38,,
T,2023-04-27 13:18:41,6.27602167,-75.58663500,3.00,1533.899,23.901,0.000,,11,38,,
T,2023-04-27 13:18:42,6.27602167,-75.58663500,3.00,1533.899,23.901,0.000,,11,38,,
T,2023-04-27 13:18:43,6.27602167,-75.58663500,3.00,1533.899,23.901,0.000,,11,38,,
T,2023-04-27 13:18:44,6.27602167,-75.58663500,3.10,1533.899,23.901,0.000,,10,38,,
T,2023-04-27 13:18:45,6.27602167,-75.58663500,3.10,1533.899,23.901,0.000,,10,38,,
T,2023-04-27 13:18:46,6.27602167,-75.58663500,3.20,1533.899,23.901,0.000,,11,38,,
T,2023-04-27 13:18:47,6.27602167,-75.58663500,3.10,1533.899,23.901,0.000,,12,38,,
T,2023-04-27 13:18:48,6.27602167,-75.58663500,3.10,1533.899,23.901,0.000,,12,38,,
T,2023-04-27 13:18:49,6.27602167,-75.58663500,3.00,1533.899,23.901,0.000,,11,38,,
T,2023-04-27 13:18:50,6.27602167,-75.58663500,2.90,1533.899,23.901,0.000,,11,38,,
T,2023-04-27 13:18:51,6.27602167,-75.58663500,2.90,1533.899,23.901,0.000,,11,38,,
T,2023-04-27 13:18:52,6.27602167,-75.58663500,3.00,1533.899,23.901,0.000,,11,38,,
T,2023-04-27 13:18:53,6.27602167,-75.58663500,2.80,1533.899,23.901,0.000,,11,38,,
T,2023-04-27 13:18:54,6.27602167,-75.58663500,2.90,1533.899,23.901,0.000,,12,37,,
T,2023-04-27 13:18:55,6.27602167,-75.58663500,2.90,1533.899,23.901,0.000,,12,38,,
T,2023-04-27 13:18:56,6.27602167,-75.58663500,2.90,1533.899,23.901,0.000,,11,38,,
T,2023-04-27 13:18:57,6.27602167,-75.58663500,2.90,1533.899,23.901,0.000,,11,38,,
T,2023-04-27 13:18:58,6.27602167,-75.58663500,2.90,1533.899,23.901,0.000,,12,38,,
T,2023-04-27 13:18:59,6.27602167,-75.58663500,2.90,1533.899,23.901,0.000,,12,38,,
T,2023-04-27 13:19:00,6.27602167,-75.58663500,2.80,1533.899,23.901,0.000,,12,38,,
T,2023-04-27 13:19:01,6.27602167,-75.58663500,2.80,1533.899,23.901,0.000,,12,38,,
T,2023-04-27 13:19:02,6.27593000,-75.58664000,2.80,1530.299,23.901,0.582,231,14,37,,
T,2023-04-27 13:19:03,6.27593000,-75.58664000,2.80,1529.999,23.901,0.000,,14,38,,
T,2023-04-27 13:19:04,6.27593500,-75.58664333,2.80,1529.999,23.901,0.000,,13,38,,
T,2023-04-27 13:19:05,6.27593667,-75.58664333,2.90,1529.899,23.901,0.000,,13,38,,
T,2023-04-27 13:19:06,6.27593667,-75.58664333,2.90,1529.899,23.901,0.000,,14,38,,
T,2023-04-27 13:19:07,6.27593667,-75.58664333,2.90,1529.899,23.901,0.000,,13,38,,
T,2023-04-27 13:19:08,6.27593667,-75.58664333,2.90,1529.899,23.901,0.000,,13,38,,
T,2023-04-27 13:19:09,6.27593667,-75.58664333,3.00,1529.899,23.901,0.000,,14,38,,
T,2023-04-27 13:19:10,6.27593667,-75.58664333,3.00,1529.899,23.901,0.000,,15,38,,
T,2023-04-27 13:19:11,6.27593667,-75.58664333,3.00,1529.899,23.901,0.000,,15,38,,
T,2023-04-27 13:19:12,6.27593667,-75.58664333,3.00,1529.899,23.901,0.000,,14,38,,
T,2023-04-27 13:19:13,6.27593667,-75.58664333,3.00,1529.899,23.901,0.000,,13,38,,
T,2023-04-27 13:19:14,6.27593667,-75.58664333,3.00,1529.899,23.901,0.000,,13,38,,
T,2023-04-27 13:19:15,6.27593667,-75.58664333,3.00,1529.899,23.901,0.000,,13,38,,
T,2023-04-27 13:19:16,6.27593667,-75.58664333,1.20,1529.899,23.901,0.000,,15,38,,
T,2023-04-27 13:19:17,6.27593667,-75.58664333,1.10,1529.899,23.901,0.000,,15,38,,
T,2023-04-27 13:19:18,6.27593667,-75.58664333,1.10,1529.899,23.901,0.000,,14,38,,
T,2023-04-27 13:19:19,6.27593667,-75.58664333,1.10,1529.899,23.901,0.000,,14,38,,
T,2023-04-27 13:19:20,6.27593667,-75.58664333,1.50,1529.899,23.901,0.000,,14,38,,
T,2023-04-27 13:19:21,6.27593667,-75.58664333,1.70,1529.899,23.901,0.000,,14,38,,
T,2023-04-27 13:19:22,6.27593667,-75.58664333,1.90,1529.899,23.901,0.000,,14,38,,
T,2023-04-27 13:19:23,6.27593667,-75.58664333,2.00,1529.899,23.901,0.000,,14,38,,
T,2023-04-27 13:19:24,6.27593667,-75.58664333,1.20,1529.899,23.901,0.000,,13,38,,
T,2023-04-27 13:19:25,6.27593667,-75.58664333,1.10,1529.899,23.901,0.000,,12,38,,
T,2023-04-27 13:19:26,6.27593667,-75.58664333,1.50,1529.899,23.901,0.000,,14,38,,
T,2023-04-27 13:19:27,6.27593667,-75.58664333,1.70,1529.899,23.901,0.000,,14,38,,
T,2023-04-27 13:19:28,6.27593667,-75.58664333,1.90,1529.899,23.901,0.000,,14,38,,
T,2023-04-27 13:19:29,6.27593667,-75.58664333,2.00,1529.899,23.901,0.000,,15,38,,
T,2023-04-27 13:19:30,6.27593667,-75.58664333,2.10,1529.899,23.901,0.000,,15,38,,
T,2023-04-27 13:19:31,6.27593667,-75.58664333,2.30,1529.899,23.901,0.000,,15,38,,
T,2023-04-27 13:19:32,6.27593667,-75.58664333,2.30,1529.899,23.901,0.000,,16,38,,
T,2023-04-27 13:19:33,6.27593667,-75.58664333,2.40,1529.899,23.901,0.000,,16,38,,
T,2023-04-27 13:19:34,6.27593667,-75.58664333,2.50,1529.899,23.901,0.000,,15,38,,
T,2023-04-27 13:19:35,6.27593667,-75.58664333,2.40,1529.899,23.901,0.000,,17,38,,
T,2023-04-27 13:19:36,6.27593667,-75.58664333,2.10,1529.899,23.901,0.000,,17,38,,
T,2023-04-27 13:19:37,6.27593667,-75.58664333,2.10,1529.899,23.901,0.000,,18,38,,
T,2023-04-27 13:19:38,6.27599167,-75.58672667,2.10,1529.599,23.901,0.718,272,19,38,,
T,2023-04-27 13:19:39,6.27599500,-75.58673167,2.10,1529.699,23.901,0.000,,20,38,,
T,2023-04-27 13:19:40,6.27599667,-75.58673500,2.10,1529.899,23.901,0.000,,20,38,,
