type,date time,latitude,longitude,accuracy(m),altitude(m),geoid_height(m),speed(m/s),bearing(deg),sat_used,sat_inview,name,desc
T,2023-04-13 22:13:30,6.24193009,-75.58322978,3.79,1487.739,23.959,0.000,,17,35,20230413-171330,GPS Logger: 20230413-171330 - Kymco_Agility_Ruta2
T,2023-04-13 22:13:31,6.24193210,-75.58323165,3.79,1488.090,23.959,0.000,,17,35,,
T,2023-04-13 22:13:32,6.24193211,-75.58323365,3.79,1488.735,23.959,0.000,,17,35,,
T,2023-04-13 22:13:33,6.24193026,-75.58323681,3.79,1488.563,23.959,0.000,,17,35,,
T,2023-04-13 22:13:34,6.24192642,-75.58323168,3.79,1487.227,23.959,0.000,,17,35,,
T,2023-04-13 22:13:35,6.24192734,-75.58323172,3.79,1486.328,23.959,0.000,,17,35,,
T,2023-04-13 22:13:36,6.24191181,-75.58320844,3.79,1484.648,23.958,0.690,171,17,35,,
T,2023-04-13 22:13:37,6.24190568,-75.58320233,3.79,1483.345,23.958,0.000,,17,35,,
T,2023-04-13 22:13:38,6.24190486,-75.58319902,3.79,1482.662,23.958,0.000,,17,35,,
T,2023-04-13 22:13:39,6.24190228,-75.58319323,3.79,1481.129,23.958,0.000,,17,35,,
T,2023-04-13 22:13:40,6.24190378,-75.58318969,3.79,1480.737,23.958,0.000,,17,35,,
T,2023-04-13 22:13:41,6.24190361,-75.58318723,3.79,1480.629,23.958,0.000,,17,35,,
T,2023-04-13 22:13:42,6.24190439,-75.58318578,3.79,1480.891,23.958,0.000,,18,35,,
T,2023-04-13 22:13:43,6.24190337,-75.58318518,3.79,1481.016,23.958,0.000,,19,36,,
T,2023-04-13 22:13:44,6.24190519,-75.58318210,3.79,1480.313,23.958,0.000,,18,35,,
T,2023-04-13 22:13:45,6.24190599,-75.58317868,3.79,1479.706,23.958,0.000,,17,35,,
T,2023-04-13 22:13:46,6.24190569,-75.58317761,3.79,1479.806,23.958,0.000,,18,35,,
T,2023-04-13 22:13:47,6.24190581,-75.58317707,3.79,1479.766,23.958,0.000,,18,35,,
T,2023-04-13 22:13:48,6.24190597,-75.58317691,3.79,1479.734,23.958,0.000,,18,35,,
T,2023-04-13 22:13:49,6.24190561,-75.58317704,3.79,1479.774,23.958,0.000,,18,35,,
T,2023-04-13 22:13:50,6.24190564,-75.58317691,3.79,1479.778,23.958,0.000,,19,36,,
T,2023-04-13 22:13:51,6.24190568,-75.58317682,3.79,1479.775,23.958,0.000,,19,36,,
T,2023-04-13 22:13:52,6.24190569,-75.58317676,3.79,1479.772,23.958,0.000,,19,36,,
T,2023-04-13 22:13:53,6.24190562,-75.58317672,3.79,1479.787,23.958,0.000,,19,36,,
T,2023-04-13 22:13:54,6.24190560,-75.58317667,3.79,1479.785,23.958,0.000,,19,36,,
T,2023-04-13 22:13:55,6.24190559,-75.58317669,3.79,1479.779,23.958,0.000,,18,36,,
T,2023-04-13 22:13:56,6.24190558,-75.58317665,3.79,1479.775,23.958,0.000,,17,33,,
T,2023-04-13 22:13:57,6.24190557,-75.58317665,3.79,1479.769,23.958,0.000,,19,36,,
T,2023-04-13 22:13:58,6.24190556,-75.58317664,3.79,1479.765,23.958,0.000,,19,35,,
T,2023-04-13 22:13:59,6.24190555,-75.58317666,3.79,1479.764,23.958,0.000,,20,36,,
T,2023-04-13 22:14:00,6.24190554,-75.58317668,3.79,1479.759,23.958,0.000,,19,35,,
T,2023-04-13 22:14:01,6.24190551,-75.58317668,3.79,1479.749,23.958,0.000,,19,35,,
T,2023-04-13 22:14:02,6.24190860,-75.58317579,3.79,1480.234,23.958,0.660,345,18,36,,
T,2023-04-13 22:14:03,6.24196998,-75.58318285,3.79,1480.750,23.958,7.520,353,18,36,,
T,2023-04-13 22:14:04,6.24203926,-75.58318616,3.79,1480.565,23.958,9.020,354,17,35,,
T,2023-04-13 22:14:05,6.24213183,-75.58319420,3.79,1480.611,23.958,10.950,355,15,33,,
T,2023-04-13 22:14:06,6.24222298,-75.58320273,3.79,1480.480,23.958,9.960,356,16,34,,
T,2023-04-13 22:14:07,6.24229299,-75.58321256,3.79,1480.154,23.958,6.850,352,19,36,,
T,2023-04-13 22:14:08,6.24234144,-75.58321537,3.79,1480.000,23.958,4.240,2,20,36,,
T,2023-04-13 22:14:09,6.24239271,-75.58322452,3.79,1479.911,23.958,5.620,351,20,35,,
T,2023-04-13 22:14:10,6.24245922,-75.58322736,3.79,1480.194,23.957,8.380,356,21,35,,
T,2023-04-13 22:14:11,6.24254108,-75.58322688,3.79,1479.627,23.957,9.660,1,21,35,,
T,2023-04-13 22:14:12,6.24264133,-75.58322531,3.79,1479.234,23.957,11.870,358,20,31,,
T,2023-04-13 22:14:13,6.24275336,-75.58322683,3.79,1479.332,23.957,12.930,359,20,32,,
T,2023-04-13 22:14:14,6.24287823,-75.58323374,3.79,1478.272,23.957,14.440,357,22,33,,
T,2023-04-13 22:14:15,6.24300779,-75.58324083,3.79,1478.028,23.956,14.720,357,19,30,,
T,2023-04-13 22:14:16,6.24314782,-75.58323914,3.79,1477.922,23.956,15.560,2,20,33,,
T,2023-04-13 22:14:17,6.24327478,-75.58324898,3.79,1478.201,23.956,13.650,354,22,34,,
T,2023-04-13 22:14:18,6.24340005,-75.58326048,3.79,1478.343,23.956,13.720,355,22,35,,
T,2023-04-13 22:14:19,6.24352544,-75.58327440,3.79,1477.222,23.956,13.260,354,23,36,,
T,2023-04-13 22:14:20,6.24364678,-75.58328993,3.79,1477.310,23.955,13.230,354,22,35,,
T,2023-04-13 22:14:21,6.24375570,-75.58330374,3.79,1477.884,23.955,12.500,354,22,34,,
T,2023-04-13 22:14:22,6.24385958,-75.58330485,3.79,1477.971,23.955,11.260,355,19,33,,
T,2023-04-13 22:14:23,6.24386367,-75.58338631,3.86,1479.289,23.956,7.310,308,20,34,,
T,2023-04-13 22:14:24,6.24391510,-75.58340954,4.14,1479.616,23.956,6.440,326,20,33,,
T,2023-04-13 22:14:25,6.24397519,-75.58340231,5.06,1479.801,23.955,6.150,343,18,31,,
T,2023-04-13 22:14:26,6.24403447,-75.58338122,4.51,1482.079,23.955,5.690,2,20,33,,
T,2023-04-13 22:14:27,6.24410292,-75.58338921,3.96,1481.210,23.955,6.490,0,19,32,,
T,2023-04-13 22:14:28,6.24417210,-75.58338197,3.79,1481.489,23.955,6.750,357,22,36,,
T,2023-04-13 22:14:29,6.24423561,-75.58338409,3.79,1481.719,23.955,5.750,355,21,34,,
T,2023-04-13 22:14:30,6.24428735,-75.58339452,3.79,1481.246,23.955,4.530,348,23,36,,
T,2023-04-13 22:14:31,6.24432888,-75.58338315,3.79,1480.297,23.955,3.960,3,22,35,,
T,2023-04-13 22:14:32,6.24436983,-75.58337653,3.79,1481.437,23.955,4.150,358,23,35,,
T,2023-04-13 22:14:33,6.24441138,-75.58337306,3.79,1480.677,23.954,3.500,359,23,35,,
T,2023-04-13 22:14:34,6.24444691,-75.58336458,3.79,1481.466,23.954,3.200,5,23,35,,
T,2023-04-13 22:14:35,6.24449685,-75.58336840,3.79,1481.160,23.954,4.520,354,22,33,,
T,2023-04-13 22:14:36,6.24452797,-75.58337383,3.79,1483.080,23.954,3.090,351,23,34,,
T,2023-04-13 22:14:37,6.24459916,-75.58338731,3.79,1481.461,23.954,8.270,344,23,33,,
T,2023-04-13 22:14:38,6.24467144,-75.58340762,3.79,1479.684,23.954,6.020,345,22,33,,
T,2023-04-13 22:14:39,6.24471641,-75.58341983,3.79,1481.033,23.954,4.580,339,21,32,,
T,2023-04-13 22:14:40,6.24478205,-75.58345565,3.79,1480.717,23.954,7.440,336,21,34,,
T,2023-04-13 22:14:41,6.24484222,-75.58348212,3.79,1480.246,23.954,7.130,332,21,33,,
T,2023-04-13 22:14:42,6.24490189,-75.58350377,3.79,1479.614,23.954,5.890,334,20,32,,
T,2023-04-13 22:14:43,6.24493837,-75.58352316,3.79,1480.741,23.954,3.500,329,22,34,,
T,2023-04-13 22:14:44,6.24499545,-75.58354578,3.79,1482.085,23.954,6.190,337,20,32,,
T,2023-04-13 22:14:45,6.24503758,-75.58356317,3.79,1480.572,23.954,3.910,335,22,34,,
T,2023-04-13 22:14:46,6.24507722,-75.58358367,3.79,1479.825,23.954,3.910,331,21,33,,
T,2023-04-13 22:14:47,6.24510958,-75.58360350,3.79,1478.487,23.954,3.040,329,19,30,,
T,2023-04-13 22:14:48,6.24513171,-75.58362150,3.79,1477.844,23.954,2.060,322,22,33,,
T,2023-04-13 22:14:49,6.24515560,-75.58362682,3.79,1477.375,23.954,2.130,348,22,33,,
T,2023-04-13 22:14:50,6.24517410,-75.58363938,3.79,1476.519,23.954,1.310,348,23,33,,
T,2023-04-13 22:14:51,6.24519265,-75.58364869,3.79,1475.705,23.954,1.890,324,21,30,,
T,2023-04-13 22:14:52,6.24521650,-75.58365453,3.79,1474.374,23.954,2.390,331,24,33,,
T,2023-04-13 22:14:53,6.24523943,-75.58366288,3.79,1474.085,23.954,2.460,338,21,30,,
T,2023-04-13 22:14:54,6.24525868,-75.58366815,3.79,1474.043,23.954,1.250,327,24,33,,
T,2023-04-13 22:14:55,6.24526525,-75.58367144,3.79,1473.987,23.954,0.380,336,22,31,,
T,2023-04-13 22:14:56,6.24526665,-75.58367053,3.79,1473.904,23.954,0.000,,24,33,,
T,2023-04-13 22:14:57,6.24526702,-75.58366672,3.79,1473.612,23.954,0.000,,21,31,,
T,2023-04-13 22:14:58,6.24526685,-75.58366395,3.79,1473.994,23.954,0.000,,22,33,,
T,2023-04-13 22:14:59,6.24526699,-75.58366141,3.79,1473.691,23.954,0.000,,21,32,,
T,2023-04-13 22:15:00,6.24526766,-75.58365911,3.79,1473.899,23.954,0.000,,22,33,,
T,2023-04-13 22:15:01,6.24526808,-75.58365916,3.79,1473.937,23.954,0.000,,20,33,,
T,2023-04-13 22:15:02,6.24526897,-75.58365969,3.79,1474.113,23.954,0.000,,19,32,,
T,2023-04-13 22:15:03,6.24527041,-75.58366082,3.79,1474.110,23.954,0.000,,20,33,,
T,2023-04-13 22:15:04,6.24527158,-75.58366286,3.79,1474.170,23.954,0.000,,20,33,,
T,2023-04-13 22:15:05,6.24527185,-75.58366469,3.79,1474.142,23.954,0.000,,19,34,,
T,2023-04-13 22:15:06,6.24527222,-75.58366605,3.79,1474.107,23.954,0.000,,17,32,,
T,2023-04-13 22:15:07,6.24527237,-75.58366676,3.79,1473.986,23.954,0.000,,16,31,,
T,2023-04-13 22:15:08,6.24527215,-75.58366732,3.79,1474.052,23.954,0.000,,18,33,,
T,2023-04-13 22:15:09,6.24527205,-75.58366763,3.79,1474.013,23.954,0.000,,18,32,,
T,2023-04-13 22:15:10,6.24527200,-75.58366778,3.79,1473.992,23.954,0.000,,17,32,,
T,2023-04-13 22:15:11,6.24527199,-75.58366786,3.79,1473.982,23.954,0.000,,18,33,,
T,2023-04-13 22:15:12,6.24527199,-75.58366790,3.79,1473.969,23.954,0.000,,18,33,,
T,2023-04-13 22:15:13,6.24527199,-75.58366792,3.79,1473.969,23.954,0.000,,18,33,,
T,2023-04-13 22:15:14,6.24527199,-75.58366793,3.79,1473.968,23.954,0.000,,17,31,,
T,2023-04-13 22:15:15,6.24527199,-75.58366792,3.79,1473.965,23.954,0.000,,19,34,,
T,2023-04-13 22:15:16,6.24527200,-75.58366792,3.79,1473.960,23.954,0.000,,18,33,,
T,2023-04-13 22:15:17,6.24527203,-75.58366790,3.79,1473.952,23.954,0.000,,19,34,,
T,2023-04-13 22:15:18,6.24527205,-75.58366789,3.79,1473.946,23.954,0.000,,19,34,,
T,2023-04-13 22:15:19,6.24527207,-75.58366788,3.79,1473.931,23.954,0.000,,19,33,,
T,2023-04-13 22:15:20,6.24527211,-75.58366786,3.79,1473.926,23.954,0.000,,18,34,,
T,2023-04-13 22:15:21,6.24527215,-75.58366784,3.79,1473.917,23.954,0.000,,18,33,,
T,2023-04-13 22:15:22,6.24527218,-75.58366782,3.79,1473.908,23.954,0.000,,18,32,,
T,2023-04-13 22:15:23,6.24527220,-75.58366779,3.79,1473.896,23.954,0.000,,18,32,,
T,2023-04-13 22:15:24,6.24527223,-75.58366777,3.79,1473.889,23.954,0.000,,18,32,,
T,2023-04-13 22:15:25,6.24527225,-75.58366776,3.79,1473.879,23.954,0.000,,18,32,,
T,2023-04-13 22:15:26,6.24527226,-75.58366774,3.79,1473.879,23.954,0.000,,20,34,,
T,2023-04-13 22:15:27,6.24527226,-75.58366772,3.79,1473.878,23.954,0.000,,19,33,,
T,2023-04-13 22:15:28,6.24527225,-75.58366772,3.79,1473.880,23.954,0.000,,19,32,,
T,2023-04-13 22:15:29,6.24527224,-75.58366771,3.79,1473.877,23.954,0.000,,20,34,,
T,2023-04-13 22:15:30,6.24527223,-75.58366770,3.79,1473.884,23.954,0.000,,19,33,,
T,2023-04-13 22:15:31,6.24527222,-75.58366771,3.79,1473.889,23.954,0.000,,19,33,,
T,2023-04-13 22:15:32,6.24527221,-75.58366770,3.79,1473.891,23.954,0.000,,19,33,,
T,2023-04-13 22:15:33,6.24527221,-75.58366768,3.79,1473.890,23.954,0.000,,19,33,,
T,2023-04-13 22:15:34,6.24527221,-75.58366767,3.79,1473.886,23.954,0.000,,18,32,,
T,2023-04-13 22:15:35,6.24527220,-75.58366766,3.79,1473.888,23.954,0.000,,19,33,,
T,2023-04-13 22:15:36,6.24527219,-75.58366765,3.79,1473.890,23.954,0.000,,19,32,,
T,2023-04-13 22:15:37,6.24527218,-75.58366765,3.79,1473.889,23.954,0.000,,19,33,,
T,2023-04-13 22:15:38,6.24527218,-75.58366764,3.79,1473.886,23.954,0.000,,19,32,,
T,2023-04-13 22:15:39,6.24527217,-75.58366762,3.79,1473.890,23.954,0.000,,20,33,,
T,2023-04-13 22:15:40,6.24527215,-75.58366761,3.79,1473.890,23.954,0.000,,19,31,,
T,2023-04-13 22:15:41,6.24527214,-75.58366760,3.79,1473.896,23.954,0.000,,21,33,,
T,2023-04-13 22:15:42,6.24527213,-75.58366759,3.79,1473.907,23.954,0.000,,20,30,,
T,2023-04-13 22:15:43,6.24527212,-75.58366757,3.79,1473.916,23.954,0.000,,22,33,,
T,2023-04-13 22:15:44,6.24527211,-75.58366755,3.79,1473.918,23.954,0.000,,20,31,,
T,2023-04-13 22:15:45,6.24527210,-75.58366755,3.79,1473.925,23.954,0.000,,21,32,,
T,2023-04-13 22:15:46,6.24527210,-75.58366754,3.79,1473.924,23.954,0.000,,21,33,,
T,2023-04-13 22:15:47,6.24527209,-75.58366754,3.79,1473.928,23.954,0.000,,21,33,,
T,2023-04-13 22:15:48,6.24527209,-75.58366753,3.79,1473.925,23.954,0.000,,21,34,,
T,2023-04-13 22:15:49,6.24527208,-75.58366753,3.79,1473.931,23.954,0.000,,21,33,,
T,2023-04-13 22:15:50,6.24527207,-75.58366754,3.79,1473.937,23.954,0.000,,21,32,,
T,2023-04-13 22:15:51,6.24527206,-75.58366755,3.79,1473.942,23.954,0.000,,19,30,,
T,2023-04-13 22:15:52,6.24527207,-75.58366757,3.79,1473.944,23.954,0.000,,22,33,,
T,2023-04-13 22:15:53,6.24527207,-75.58366759,3.79,1473.945,23.954,0.000,,22,34,,
T,2023-04-13 22:15:54,6.24527209,-75.58366761,3.79,1473.948,23.954,0.000,,22,34,,
T,2023-04-13 22:15:55,6.24527211,-75.58366762,3.79,1473.948,23.954,0.000,,21,34,,
T,2023-04-13 22:15:56,6.24527213,-75.58366762,3.79,1473.947,23.954,0.000,,20,34,,
T,2023-04-13 22:15:57,6.24527214,-75.58366763,3.79,1473.941,23.954,0.000,,18,33,,
T,2023-04-13 22:15:58,6.24527217,-75.58366763,3.79,1473.932,23.954,0.000,,17,32,,
T,2023-04-13 22:15:59,6.24527221,-75.58366762,3.79,1473.926,23.954,0.000,,19,33,,
T,2023-04-13 22:16:00,6.24527225,-75.58366762,3.79,1473.919,23.954,0.000,,21,36,,
T,2023-04-13 22:16:01,6.24527228,-75.58366761,3.79,1473.916,23.954,0.000,,22,36,,
T,2023-04-13 22:16:02,6.24527230,-75.58366761,3.79,1473.914,23.954,0.000,,22,36,,
T,2023-04-13 22:16:03,6.24527233,-75.58366760,3.79,1473.911,23.954,0.000,,22,36,,
T,2023-04-13 22:16:04,6.24527235,-75.58366760,3.79,1473.912,23.954,0.000,,22,36,,
T,2023-04-13 22:16:05,6.24527237,-75.58366759,3.79,1473.916,23.954,0.000,,23,36,,
T,2023-04-13 22:16:06,6.24527965,-75.58367101,3.79,1474.246,23.954,1.540,333,23,36,,
T,2023-04-13 22:16:07,6.24532326,-75.58369868,3.79,1474.268,23.954,6.650,324,23,36,,
T,2023-04-13 22:16:08,6.24538545,-75.58373046,3.79,1473.260,23.954,9.010,331,23,36,,
T,2023-04-13 22:16:09,6.24545560,-75.58376669,3.79,1473.246,23.954,8.930,332,25,36,,
T,2023-04-13 22:16:10,6.24553100,-75.58380345,3.79,1472.647,23.954,9.270,334,25,36,,
T,2023-04-13 22:16:11,6.24561473,-75.58383899,3.79,1472.712,23.955,10.130,337,25,36,,
T,2023-04-13 22:16:12,6.24569908,-75.58386688,3.79,1472.715,23.954,9.850,343,25,36,,
T,2023-04-13 22:16:13,6.24579180,-75.58388502,3.79,1472.749,23.954,10.490,351,25,36,,
T,2023-04-13 22:16:14,6.24588386,-75.58389083,3.79,1472.715,23.954,10.180,0,25,36,,
T,2023-04-13 22:16:15,6.24597800,-75.58388705,3.79,1472.745,23.954,10.370,5,26,36,,
T,2023-04-13 22:16:16,6.24606753,-75.58388142,3.79,1472.538,23.954,9.710,5,26,36,,
T,2023-04-13 22:16:17,6.24614651,-75.58386885,3.79,1472.127,23.954,8.510,11,26,36,,
T,2023-04-13 22:16:18,6.24621242,-75.58385327,3.79,1472.373,23.953,6.950,15,26,36,,
T,2023-04-13 22:16:19,6.24626815,-75.58384197,3.79,1472.636,23.953,5.770,17,21,28,,
T,2023-04-13 22:16:20,6.24631276,-75.58383164,3.79,1472.688,23.953,3.920,14,24,36,,
T,2023-04-13 22:16:21,6.24634737,-75.58382312,3.79,1472.734,23.953,3.610,10,22,34,,
T,2023-04-13 22:16:22,6.24637160,-75.58381528,3.79,1473.240,23.953,2.400,15,22,35,,
T,2023-04-13 22:16:23,6.24640319,-75.58380735,3.79,1473.372,23.953,3.490,15,20,31,,
T,2023-04-13 22:16:24,6.24643653,-75.58380239,3.79,1473.609,23.953,3.630,8,23,36,,
T,2023-04-13 22:16:25,6.24646552,-75.58379551,3.79,1473.409,23.953,3.440,15,20,33,,
T,2023-04-13 22:16:26,6.24648794,-75.58378785,3.79,1474.609,23.953,2.200,13,23,36,,
T,2023-04-13 22:16:27,6.24652178,-75.58378353,3.79,1475.256,23.952,3.660,3,20,32,,
T,2023-04-13 22:16:28,6.24655552,-75.58377377,3.79,1475.654,23.952,4.020,16,23,35,,
T,2023-04-13 22:16:29,6.24658922,-75.58376668,3.79,1476.136,23.952,3.580,8,18,31,,
T,2023-04-13 22:16:30,6.24662229,-75.58375846,3.79,1476.541,23.952,3.830,18,19,33,,
T,2023-04-13 22:16:31,6.24665345,-75.58374856,3.79,1476.982,23.952,3.280,16,19,32,,
T,2023-04-13 22:16:32,6.24667992,-75.58374164,3.79,1476.892,23.952,2.750,14,20,33,,
T,2023-04-13 22:16:33,6.24670352,-75.58373609,3.79,1477.080,23.952,2.630,15,20,33,,
T,2023-04-13 22:16:34,6.24673000,-75.58372996,3.79,1477.229,23.952,3.380,12,21,34,,
T,2023-04-13 22:16:35,6.24676147,-75.58372230,3.79,1477.016,23.952,3.790,14,19,32,,
T,2023-04-13 22:16:36,6.24679243,-75.58371468,3.79,1476.857,23.952,3.230,13,21,34,,
T,2023-04-13 22:16:37,6.24681697,-75.58370964,3.79,1476.862,23.951,2.340,10,20,32,,
T,2023-04-13 22:16:38,6.24683417,-75.58370676,3.79,1477.242,23.951,1.620,8,23,34,,
T,2023-04-13 22:16:39,6.24685089,-75.58370386,3.79,1475.943,23.951,2.000,14,23,34,,
T,2023-04-13 22:16:40,6.24686386,-75.58370191,3.79,1476.242,23.951,0.880,13,21,34,,
T,2023-04-13 22:16:41,6.24687014,-75.58370137,3.79,1476.784,23.951,0.730,13,20,34,,
T,2023-04-13 22:16:42,6.24687643,-75.58370109,3.79,1476.976,23.951,0.810,13,20,33,,
T,2023-04-13 22:16:43,6.24688911,-75.58369890,3.79,1476.843,23.951,2.000,20,20,33,,
T,2023-04-13 22:16:44,6.24690061,-75.58369573,3.79,1476.676,23.951,0.630,20,20,32,,
T,2023-04-13 22:16:45,6.24690908,-75.58369361,3.79,1476.669,23.951,1.230,20,21,34,,
T,2023-04-13 22:16:46,6.24692238,-75.58369114,3.79,1476.190,23.951,1.630,20,19,32,,
T,2023-04-13 22:16:47,6.24694721,-75.58368313,3.79,1476.670,23.951,3.490,17,20,32,,
T,2023-04-13 22:16:48,6.24697588,-75.58367518,3.79,1476.812,23.951,2.490,13,18,30,,
T,2023-04-13 22:16:49,6.24700513,-75.58366778,3.79,1477.077,23.951,3.540,15,22,34,,
T,2023-04-13 22:16:50,6.24703372,-75.58366033,3.79,1477.069,23.951,2.590,12,22,35,,
T,2023-04-13 22:16:51,6.24705582,-75.58365266,3.79,1477.173,23.951,2.270,21,22,34,,
T,2023-04-13 22:16:52,6.24707841,-75.58364298,3.79,1477.231,23.951,2.530,24,22,33,,
T,2023-04-13 22:16:53,6.24709645,-75.58363935,3.79,1477.101,23.951,1.390,17,24,34,,
T,2023-04-13 22:16:54,6.24711222,-75.58363974,3.79,1476.534,23.951,1.540,5,24,34,,
T,2023-04-13 22:16:55,6.24712660,-75.58364328,3.79,1475.770,23.951,0.950,348,24,34,,
T,2023-04-13 22:16:56,6.24713801,-75.58364706,3.79,1475.166,23.951,0.740,350,24,33,,
T,2023-04-13 22:16:57,6.24715051,-75.58365041,3.79,1474.901,23.951,0.000,,20,30,,
T,2023-04-13 22:16:58,6.24715671,-75.58365058,3.79,1474.563,23.951,0.000,,23,32,,
T,2023-04-13 22:16:59,6.24716077,-75.58365160,3.79,1474.079,23.951,0.000,,24,33,,
T,2023-04-13 22:17:00,6.24716407,-75.58365164,3.79,1473.903,23.951,0.000,,22,30,,
T,2023-04-13 22:17:01,6.24717293,-75.58365515,3.79,1474.328,23.951,1.400,331,24,32,,
T,2023-04-13 22:17:02,6.24719351,-75.58365780,3.79,1473.421,23.950,2.610,349,25,35,,
T,2023-04-13 22:17:03,6.24721847,-75.58365679,3.79,1472.824,23.950,2.350,15,24,34,,
T,2023-04-13 22:17:04,6.24724241,-75.58365028,3.79,1473.935,23.950,2.220,14,26,36,,
T,2023-04-13 22:17:05,6.24727104,-75.58363869,3.79,1474.079,23.950,3.050,17,25,34,,
T,2023-04-13 22:17:06,6.24731028,-75.58362527,3.79,1474.170,23.950,4.210,10,21,31,,
T,2023-04-13 22:17:07,6.24734514,-75.58361372,3.79,1476.031,23.950,2.500,14,25,36,,
T,2023-04-13 22:17:08,6.24737177,-75.58360529,3.79,1476.932,23.950,2.530,15,24,36,,
T,2023-04-13 22:17:09,6.24739458,-75.58359921,3.79,1474.579,23.950,1.850,7,25,36,,
T,2023-04-13 22:17:10,6.24741563,-75.58359389,3.79,1473.702,23.950,1.810,11,23,34,,
T,2023-04-13 22:17:11,6.24743452,-75.58358896,3.79,1473.674,23.950,1.190,7,24,35,,
T,2023-04-13 22:17:12,6.24745197,-75.58358499,3.79,1474.413,23.950,1.450,7,25,36,,
T,2023-04-13 22:17:13,6.24746997,-75.58358083,3.79,1474.226,23.950,1.300,10,23,33,,
T,2023-04-13 22:17:14,6.24748965,-75.58357652,3.79,1473.305,23.949,1.630,8,23,33,,
T,2023-04-13 22:17:15,6.24751174,-75.58357174,3.79,1473.460,23.949,1.900,10,24,34,,
T,2023-04-13 22:17:16,6.24754176,-75.58356449,3.79,1473.303,23.949,3.160,10,25,35,,
T,2023-04-13 22:17:17,6.24757492,-75.58355521,3.79,1472.582,23.949,2.790,12,24,34,,
T,2023-04-13 22:17:18,6.24759959,-75.58354615,3.79,1472.786,23.949,1.690,15,26,36,,
T,2023-04-13 22:17:19,6.24762184,-75.58353773,3.79,1473.923,23.949,2.100,14,26,36,,
T,2023-04-13 22:17:20,6.24764728,-75.58352977,3.79,1474.432,23.949,2.440,13,24,35,,
T,2023-04-13 22:17:21,6.24767687,-75.58352256,3.79,1474.617,23.949,3.080,9,24,34,,
T,2023-04-13 22:17:22,6.24771330,-75.58351448,3.79,1474.299,23.949,4.070,11,22,32,,
T,2023-04-13 22:17:23,6.24775271,-75.58350400,3.79,1475.528,23.949,3.970,18,26,36,,
T,2023-04-13 22:17:24,6.24779067,-75.58349166,3.79,1476.624,23.948,3.880,16,25,35,,
T,2023-04-13 22:17:25,6.24785816,-75.58346639,3.79,1475.659,23.948,5.410,12,25,35,,
T,2023-04-13 22:17:26,6.24790793,-75.58345431,3.79,1475.311,23.948,5.080,12,25,35,,
T,2023-04-13 22:17:27,6.24796314,-75.58344670,3.79,1475.377,23.948,6.110,9,22,32,,
T,2023-04-13 22:17:28,6.24801958,-75.58343472,3.79,1475.496,23.948,6.300,14,22,34,,
T,2023-04-13 22:17:29,6.24807513,-75.58341355,3.79,1475.221,23.947,6.440,15,22,33,,
T,2023-04-13 22:17:30,6.24814024,-75.58339715,3.79,1474.916,23.947,7.400,14,24,35,,
T,2023-04-13 22:17:31,6.24819293,-75.58338048,3.79,1474.356,23.947,5.620,21,23,34,,
T,2023-04-13 22:17:32,6.24825543,-75.58336399,3.79,1475.609,23.947,7.150,15,23,35,,
T,2023-04-13 22:17:33,6.24831896,-75.58335271,3.79,1473.654,23.947,6.840,12,21,32,,
T,2023-04-13 22:17:34,6.24839027,-75.58333428,3.79,1472.444,23.946,7.210,11,25,35,,
T,2023-04-13 22:17:35,6.24845064,-75.58331701,3.79,1472.574,23.946,6.510,17,25,35,,
T,2023-04-13 22:17:36,6.24851939,-75.58330932,3.79,1472.008,23.946,7.470,10,25,34,,
T,2023-04-13 22:17:37,6.24861669,-75.58330040,3.79,1472.518,23.946,9.640,8,26,35,,
T,2023-04-13 22:17:38,6.24873457,-75.58329651,3.79,1470.878,23.946,11.410,5,26,35,,
T,2023-04-13 22:17:39,6.24884511,-75.58328753,3.79,1471.749,23.945,11.530,4,24,34,,
T,2023-04-13 22:17:40,6.24894798,-75.58328037,3.79,1472.476,23.945,11.310,5,23,33,,
T,2023-04-13 22:17:41,6.24905414,-75.58327801,3.79,1472.172,23.945,11.940,359,23,32,,
T,2023-04-13 22:17:42,6.24915060,-75.58327318,3.79,1471.790,23.945,10.260,4,23,33,,
T,2023-04-13 22:17:43,6.24924253,-75.58326800,3.79,1471.615,23.944,9.910,3,25,34,,
T,2023-04-13 22:17:44,6.24933665,-75.58326657,3.79,1471.555,23.944,9.730,2,24,32,,
T,2023-04-13 22:17:45,6.24942766,-75.58325833,3.79,1471.851,23.944,10.080,3,23,32,,
T,2023-04-13 22:17:46,6.24952428,-75.58324620,3.79,1471.818,23.944,10.220,4,23,34,,
T,2023-04-13 22:17:47,6.24962410,-75.58323739,3.79,1472.406,23.944,11.450,7,23,34,,
T,2023-04-13 22:17:48,6.24972699,-75.58322349,3.79,1472.666,23.943,11.300,6,23,35,,
T,2023-04-13 22:17:49,6.24983328,-75.58321161,3.79,1473.094,23.943,12.240,4,23,35,,
T,2023-04-13 22:17:50,6.24995694,-75.58320690,3.79,1473.174,23.943,14.050,2,22,35,,
T,2023-04-13 22:17:51,6.25010065,-75.58320673,3.79,1472.038,23.942,14.570,359,22,36,,
T,2023-04-13 22:17:52,6.25023662,-75.58321127,3.79,1471.727,23.942,15.130,359,20,31,,
T,2023-04-13 22:17:53,6.25037712,-75.58321485,3.79,1471.547,23.942,15.530,359,24,36,,
T,2023-04-13 22:17:54,6.25051640,-75.58321205,3.79,1470.982,23.942,15.620,0,22,33,,
T,2023-04-13 22:17:55,6.25066219,-75.58321017,3.79,1470.653,23.941,15.960,1,22,33,,
T,2023-04-13 22:17:56,6.25080707,-75.58320402,3.79,1470.213,23.941,16.060,4,22,33,,
T,2023-04-13 22:17:57,6.25095575,-75.58318964,3.79,1470.336,23.940,15.960,5,24,33,,
T,2023-04-13 22:17:58,6.25109831,-75.58317463,3.79,1470.011,23.940,15.780,8,25,35,,
T,2023-04-13 22:17:59,6.25124076,-75.58315211,3.79,1470.158,23.940,15.630,8,25,35,,
T,2023-04-13 22:18:00,6.25137318,-75.58311502,3.79,1470.297,23.939,15.200,16,25,35,,
T,2023-04-13 22:18:01,6.25150634,-75.58307745,3.79,1470.697,23.939,14.900,16,24,35,,
T,2023-04-13 22:18:02,6.25162110,-75.58303744,3.79,1470.704,23.938,13.720,19,27,36,,
T,2023-04-13 22:18:03,6.25172616,-75.58298364,3.79,1469.658,23.938,12.580,27,25,34,,
T,2023-04-13 22:18:04,6.25182443,-75.58293498,3.79,1468.974,23.937,11.210,27,25,35,,
T,2023-04-13 22:18:05,6.25189416,-75.58289546,3.79,1472.695,23.937,9.250,27,24,35,,
T,2023-04-13 22:18:06,6.25194894,-75.58288374,3.79,1471.750,23.937,6.380,15,24,35,,
T,2023-04-13 22:18:07,6.25201587,-75.58285067,3.84,1471.474,23.936,7.550,25,23,34,,
T,2023-04-13 22:18:08,6.25208689,-75.58282099,3.79,1470.266,23.936,7.900,21,22,34,,
T,2023-04-13 22:18:09,6.25215081,-75.58279079,3.79,1469.528,23.936,6.960,25,24,35,,
T,2023-04-13 22:18:10,6.25221159,-75.58276528,3.79,1469.417,23.935,6.320,26,24,34,,
T,2023-04-13 22:18:11,6.25226929,-75.58273591,3.79,1468.445,23.935,5.190,27,25,35,,
T,2023-04-13 22:18:12,6.25230913,-75.58271641,3.79,1467.814,23.935,4.880,24,24,35,,
T,2023-04-13 22:18:13,6.25235025,-75.58269689,3.79,1467.437,23.935,4.250,27,22,33,,
T,2023-04-13 22:18:14,6.25237645,-75.58268818,3.79,1468.144,23.935,3.350,25,25,36,,
T,2023-04-13 22:18:15,6.25240454,-75.58267821,3.79,1468.353,23.934,3.110,26,25,35,,
T,2023-04-13 22:18:16,6.25243193,-75.58266886,3.79,1468.152,23.934,2.590,20,24,36,,
T,2023-04-13 22:18:17,6.25245303,-75.58265385,3.79,1469.130,23.934,2.390,31,25,35,,
T,2023-04-13 22:18:18,6.25246143,-75.58265130,3.79,1470.231,23.934,0.960,28,24,35,,
T,2023-04-13 22:18:19,6.25247856,-75.58263785,3.79,1470.614,23.934,2.010,27,22,34,,
T,2023-04-13 22:18:20,6.25248924,-75.58263679,3.79,1470.959,23.934,0.940,26,22,34,,
T,2023-04-13 22:18:21,6.25249753,-75.58263532,3.79,1470.494,23.934,0.950,26,23,35,,
T,2023-04-13 22:18:22,6.25250412,-75.58263364,3.79,1470.709,23.934,0.630,16,23,35,,
T,2023-04-13 22:18:23,6.25250676,-75.58263382,3.79,1469.890,23.934,0.000,,22,34,,
T,2023-04-13 22:18:24,6.25250977,-75.58263293,3.79,1470.216,23.934,0.450,15,23,35,,
T,2023-04-13 22:18:25,6.25251429,-75.58263006,3.79,1470.120,23.934,0.390,15,20,32,,
T,2023-04-13 22:18:26,6.25252289,-75.58262577,3.79,1470.161,23.934,1.450,25,23,35,,
T,2023-04-13 22:18:27,6.25253349,-75.58262092,3.79,1470.300,23.934,0.910,16,22,35,,
T,2023-04-13 22:18:28,6.25254269,-75.58261657,3.79,1470.018,23.934,0.890,16,22,35,,
T,2023-04-13 22:18:29,6.25254821,-75.58261532,3.79,1470.758,23.934,0.000,,20,33,,
T,2023-04-13 22:18:30,6.25255065,-75.58261529,3.79,1471.029,23.934,0.000,,23,36,,
T,2023-04-13 22:18:31,6.25255476,-75.58261551,3.79,1470.883,23.934,0.000,,23,36,,
T,2023-04-13 22:18:32,6.25255756,-75.58261681,3.79,1470.567,23.934,0.000,,22,34,,
T,2023-04-13 22:18:33,6.25256033,-75.58261864,3.79,1470.569,23.934,0.000,,22,35,,
T,2023-04-13 22:18:34,6.25256185,-75.58262034,3.79,1471.107,23.934,0.000,,20,33,,
T,2023-04-13 22:18:35,6.25256345,-75.58262118,3.79,1470.960,23.934,0.000,,22,36,,
T,2023-04-13 22:18:36,6.25256543,-75.58262203,3.79,1470.670,23.934,0.000,,22,36,,
T,2023-04-13 22:18:37,6.25256714,-75.58262256,3.79,1470.698,23.934,0.000,,22,36,,
T,2023-04-13 22:18:38,6.25256856,-75.58262313,3.79,1470.485,23.934,0.000,,19,32,,
T,2023-04-13 22:18:39,6.25256981,-75.58262314,3.79,1470.412,23.934,0.000,,21,35,,
T,2023-04-13 22:18:40,6.25257057,-75.58262313,3.79,1470.429,23.934,0.000,,19,33,,
T,2023-04-13 22:18:41,6.25257079,-75.58262313,3.79,1470.383,23.934,0.000,,22,36,,
T,2023-04-13 22:18:42,6.25257073,-75.58262312,3.79,1470.362,23.934,0.000,,22,36,,
T,2023-04-13 22:18:43,6.25257070,-75.58262311,3.79,1470.353,23.934,0.000,,22,36,,
T,2023-04-13 22:18:44,6.25257069,-75.58262310,3.79,1470.347,23.934,0.000,,20,34,,
T,2023-04-13 22:18:45,6.25257068,-75.58262309,3.79,1470.345,23.934,0.000,,21,35,,
T,2023-04-13 22:18:46,6.25257065,-75.58262309,3.79,1470.337,23.934,0.000,,21,36,,
T,2023-04-13 22:18:47,6.25257063,-75.58262309,3.79,1470.332,23.934,0.000,,20,35,,
T,2023-04-13 22:18:48,6.25257061,-75.58262309,3.79,1470.333,23.934,0.000,,21,36,,
T,2023-04-13 22:18:49,6.25257060,-75.58262309,3.79,1470.328,23.934,0.000,,19,34,,
T,2023-04-13 22:18:50,6.25257059,-75.58262309,3.79,1470.327,23.934,0.000,,21,35,,
T,2023-04-13 22:18:51,6.25257058,-75.58262309,3.79,1470.328,23.934,0.000,,21,35,,
T,2023-04-13 22:18:52,6.25257057,-75.58262309,3.79,1470.329,23.934,0.000,,22,36,,
T,2023-04-13 22:18:53,6.25257055,-75.58262308,3.79,1470.328,23.934,0.000,,21,35,,
T,2023-04-13 22:18:54,6.25257054,-75.58262308,3.79,1470.329,23.934,0.000,,20,35,,
T,2023-04-13 22:18:55,6.25257053,-75.58262307,3.79,1470.329,23.934,0.000,,21,36,,
T,2023-04-13 22:18:56,6.25257052,-75.58262307,3.79,1470.328,23.934,0.000,,20,35,,
T,2023-04-13 22:18:57,6.25257051,-75.58262306,3.79,1470.330,23.934,0.000,,21,35,,
T,2023-04-13 22:18:58,6.25257049,-75.58262306,3.79,1470.332,23.934,0.000,,22,36,,
T,2023-04-13 22:18:59,6.25257047,-75.58262305,3.79,1470.332,23.934,0.000,,20,34,,
T,2023-04-13 22:19:00,6.25257046,-75.58262304,3.79,1470.335,23.934,0.000,,21,35,,
T,2023-04-13 22:19:01,6.25257045,-75.58262304,3.79,1470.335,23.934,0.000,,23,36,,
T,2023-04-13 22:19:02,6.25257043,-75.58262304,3.79,1470.334,23.934,0.000,,23,36,,
T,2023-04-13 22:19:03,6.25257042,-75.58262304,3.79,1470.334,23.934,0.000,,23,35,,
T,2023-04-13 22:19:04,6.25257041,-75.58262304,3.79,1470.334,23.934,0.000,,22,34,,
T,2023-04-13 22:19:05,6.25257040,-75.58262305,3.79,1470.338,23.934,0.000,,22,35,,
T,2023-04-13 22:19:06,6.25257039,-75.58262306,3.79,1470.336,23.934,0.000,,21,35,,
T,2023-04-13 22:19:07,6.25257038,-75.58262306,3.79,1470.333,23.934,0.000,,22,35,,
T,2023-04-13 22:19:08,6.25257038,-75.58262306,3.79,1470.330,23.934,0.000,,22,35,,
T,2023-04-13 22:19:09,6.25258042,-75.58261773,3.79,1470.852,23.934,2.020,22,22,35,,
T,2023-04-13 22:19:10,6.25260484,-75.58260796,3.79,1471.443,23.934,3.630,21,23,36,,
T,2023-04-13 22:19:11,6.25263459,-75.58259728,3.79,1471.401,23.933,3.480,20,22,35,,
T,2023-04-13 22:19:12,6.25266522,-75.58258687,3.79,1471.651,23.933,3.770,19,22,35,,
T,2023-04-13 22:19:13,6.25270108,-75.58257153,3.79,1471.249,23.933,4.010,21,23,36,,
T,2023-04-13 22:19:14,6.25273187,-75.58255737,3.79,1471.415,23.933,2.820,22,24,36,,
T,2023-04-13 22:19:15,6.25275575,-75.58254500,3.79,1471.793,23.933,2.480,24,24,36,,
T,2023-04-13 22:19:16,6.25277653,-75.58253426,3.79,1471.553,23.933,2.090,22,24,36,,
T,2023-04-13 22:19:17,6.25279123,-75.58252631,3.79,1472.017,23.933,1.160,21,24,36,,
T,2023-04-13 22:19:18,6.25280534,-75.58251871,3.79,1471.748,23.933,1.830,23,24,36,,
T,2023-04-13 22:19:19,6.25282139,-75.58251010,3.79,1472.059,23.933,1.800,26,24,36,,
T,2023-04-13 22:19:20,6.25283935,-75.58250101,3.79,1472.347,23.932,2.250,23,23,36,,
T,2023-04-13 22:19:21,6.25286385,-75.58249081,3.79,1472.405,23.932,3.190,20,23,36,,
T,2023-04-13 22:19:22,6.25289288,-75.58247883,3.79,1474.324,23.932,3.400,20,23,36,,
T,2023-04-13 22:19:23,6.25292232,-75.58246719,3.79,1474.167,23.932,3.260,20,24,36,,
T,2023-04-13 22:19:24,6.25295582,-75.58245318,3.79,1473.301,23.932,4.160,22,23,36,,
T,2023-04-13 22:19:25,6.25300618,-75.58242244,3.79,1473.429,23.932,5.570,29,23,36,,
T,2023-04-13 22:19:26,6.25304978,-75.58239913,3.79,1473.395,23.931,5.740,28,23,36,,
T,2023-04-13 22:19:27,6.25309288,-75.58237839,3.79,1472.869,23.931,5.410,23,23,36,,
T,2023-04-13 22:19:28,6.25313655,-75.58237471,3.79,1473.306,23.931,4.800,359,24,36,,
T,2023-04-13 22:19:29,6.25317694,-75.58238743,3.79,1472.298,23.931,4.890,331,24,36,,
T,2023-04-13 22:19:30,6.25320631,-75.58241217,3.79,1472.828,23.931,4.520,306,24,36,,
T,2023-04-13 22:19:31,6.25322854,-75.58244676,3.79,1472.792,23.931,5.060,289,24,36,,
T,2023-04-13 22:19:32,6.25324104,-75.58248954,3.79,1472.552,23.932,5.280,280,23,36,,
T,2023-04-13 22:19:33,6.25324384,-75.58253667,3.79,1472.397,23.932,5.440,271,23,36,,
T,2023-04-13 22:19:34,6.25325613,-75.58258655,3.79,1472.542,23.932,5.760,281,23,36,,
T,2023-04-13 22:19:35,6.25327609,-75.58265704,3.79,1472.906,23.932,7.770,283,23,36,,
T,2023-04-13 22:19:36,6.25330833,-75.58272915,3.79,1470.784,23.933,8.580,292,23,36,,
T,2023-04-13 22:19:37,6.25332672,-75.58280024,3.79,1471.680,23.933,8.240,282,23,36,,
T,2023-04-13 22:19:38,6.25334783,-75.58289365,3.79,1471.653,23.933,11.080,282,23,36,,
T,2023-04-13 22:19:39,6.25337081,-75.58297641,3.79,1470.606,23.934,9.510,282,23,36,,
T,2023-04-13 22:19:40,6.25338966,-75.58306868,3.79,1471.500,23.934,10.170,282,22,36,,
T,2023-04-13 22:19:41,6.25339065,-75.58313736,3.79,1471.486,23.935,7.750,275,23,36,,
T,2023-04-13 22:19:42,6.25341207,-75.58320956,3.79,1471.824,23.935,7.310,279,23,35,,
T,2023-04-13 22:19:43,6.25341713,-75.58326050,3.79,1472.490,23.935,5.410,280,23,35,,
T,2023-04-13 22:19:44,6.25342461,-75.58331189,3.79,1474.511,23.935,4.240,272,24,35,,
T,2023-04-13 22:19:45,6.25346494,-75.58333702,3.91,1474.798,23.935,4.180,332,24,35,,
T,2023-04-13 22:19:46,6.25351309,-75.58335271,4.07,1475.070,23.935,5.180,353,24,35,,
T,2023-04-13 22:19:47,6.25355890,-75.58335542,4.29,1474.377,23.935,5.230,6,24,35,,
T,2023-04-13 22:19:48,6.25361487,-75.58335017,4.60,1474.863,23.935,6.420,11,24,35,,
T,2023-04-13 22:19:49,6.25368933,-75.58333046,4.57,1474.888,23.935,8.660,17,24,35,,
T,2023-04-13 22:19:50,6.25375236,-75.58331571,5.03,1474.357,23.935,7.080,16,24,35,,
T,2023-04-13 22:19:51,6.25381836,-75.58329878,4.31,1474.576,23.934,7.210,15,23,35,,
T,2023-04-13 22:19:52,6.25388284,-75.58326949,4.00,1475.247,23.934,7.020,22,23,35,,
T,2023-04-13 22:19:53,6.25393827,-75.58324554,4.01,1475.716,23.934,6.200,26,23,35,,
T,2023-04-13 22:19:54,6.25399283,-75.58322763,3.79,1475.549,23.934,5.910,17,23,35,,
T,2023-04-13 22:19:55,6.25405195,-75.58320808,3.79,1475.535,23.933,6.570,17,22,35,,
T,2023-04-13 22:19:56,6.25411759,-75.58318660,3.81,1475.336,23.933,6.650,17,22,35,,
T,2023-04-13 22:19:57,6.25420198,-75.58316879,3.79,1472.745,23.933,8.230,19,24,36,,
T,2023-04-13 22:19:58,6.25425888,-75.58314284,3.79,1472.507,23.933,6.650,20,23,35,,
T,2023-04-13 22:19:59,6.25430231,-75.58311477,3.79,1473.520,23.932,5.550,37,23,35,,
T,2023-04-13 22:20:00,6.25436290,-75.58309012,3.79,1473.262,23.932,6.870,24,21,32,,
T,2023-04-13 22:20:01,6.25442189,-75.58306804,3.79,1473.361,23.932,6.840,17,24,35,,
T,2023-04-13 22:20:02,6.25447234,-75.58305487,3.79,1474.012,23.932,5.600,18,23,33,,
T,2023-04-13 22:20:03,6.25451202,-75.58303466,3.79,1474.868,23.931,5.260,23,23,34,,
T,2023-04-13 22:20:04,6.25456273,-75.58301641,3.79,1473.625,23.931,5.520,28,23,34,,
T,2023-04-13 22:20:05,6.25460432,-75.58298924,3.79,1473.875,23.931,5.330,33,27,35,,
T,2023-04-13 22:20:06,6.25464978,-75.58296354,3.79,1473.600,23.931,5.020,25,26,35,,
T,2023-04-13 22:20:07,6.25469747,-75.58294762,3.79,1473.094,23.931,5.780,18,22,31,,
T,2023-04-13 22:20:08,6.25474575,-75.58293268,3.79,1473.462,23.930,5.360,19,27,36,,
T,2023-04-13 22:20:09,6.25481506,-75.58290419,3.79,1473.549,23.930,8.780,20,22,31,,
T,2023-04-13 22:20:10,6.25488987,-75.58287762,3.79,1475.234,23.930,8.880,20,26,33,,
T,2023-04-13 22:20:11,6.25496795,-75.58286361,3.79,1476.539,23.929,8.460,10,24,32,,
T,2023-04-13 22:20:12,6.25506855,-75.58280297,3.79,1476.323,23.929,11.990,26,25,35,,
T,2023-04-13 22:20:13,6.25514746,-75.58277181,3.79,1475.732,23.929,9.110,24,21,34,,
T,2023-04-13 22:20:14,6.25521741,-75.58274173,3.79,1475.355,23.928,7.950,24,21,34,,
T,2023-04-13 22:20:15,6.25528102,-75.58270956,3.79,1475.697,23.928,8.070,25,20,35,,
T,2023-04-13 22:20:16,6.25534657,-75.58267165,4.05,1476.068,23.928,7.460,29,19,34,,
T,2023-04-13 22:20:17,6.25537947,-75.58264166,3.79,1475.764,23.927,4.830,32,20,35,,
T,2023-04-13 22:20:18,6.25541903,-75.58261679,3.79,1475.803,23.927,2.620,27,20,33,,
T,2023-04-13 22:20:19,6.25547952,-75.58259064,3.79,1475.063,23.927,3.920,19,19,34,,
T,2023-04-13 22:20:20,6.25552277,-75.58256719,3.79,1473.904,23.927,4.070,38,21,36,,
T,2023-04-13 22:20:21,6.25556578,-75.58254709,3.79,1473.705,23.926,4.300,26,21,36,,
T,2023-04-13 22:20:22,6.25562277,-75.58252060,3.79,1473.114,23.926,7.250,21,17,32,,
T,2023-04-13 22:20:23,6.25567758,-75.58249384,3.79,1473.029,23.926,6.970,24,20,34,,
T,2023-04-13 22:20:24,6.25575058,-75.58245881,3.79,1474.214,23.926,7.030,16,21,34,,
T,2023-04-13 22:20:25,6.25581410,-75.58243047,3.79,1473.644,23.925,7.890,29,19,31,,
T,2023-04-13 22:20:26,6.25586951,-75.58240161,3.79,1473.828,23.925,6.640,32,22,35,,
T,2023-04-13 22:20:27,6.25592271,-75.58236935,3.79,1473.634,23.925,5.620,29,23,35,,
T,2023-04-13 22:20:28,6.25596856,-75.58235162,3.79,1474.331,23.925,4.580,22,21,34,,
T,2023-04-13 22:20:29,6.25601755,-75.58232199,3.79,1475.507,23.924,6.270,30,21,32,,
T,2023-04-13 22:20:30,6.25607041,-75.58229635,3.79,1475.822,23.924,6.660,25,21,32,,
T,2023-04-13 22:20:31,6.25612718,-75.58227221,3.79,1476.326,23.924,6.800,22,22,33,,
T,2023-04-13 22:20:32,6.25619104,-75.58223667,3.79,1476.935,23.923,7.230,23,24,35,,
T,2023-04-13 22:20:33,6.25624892,-75.58220844,3.79,1477.566,23.923,7.450,25,25,36,,
T,2023-04-13 22:20:34,6.25630957,-75.58217807,3.79,1478.203,23.923,6.410,26,22,33,,
T,2023-04-13 22:20:35,6.25635715,-75.58215763,3.79,1478.294,23.923,5.800,27,24,35,,
T,2023-04-13 22:20:36,6.25640279,-75.58213631,3.79,1478.392,23.922,5.270,27,24,35,,
T,2023-04-13 22:20:37,6.25645760,-75.58212154,3.79,1476.224,23.922,5.210,17,23,33,,
T,2023-04-13 22:20:38,6.25651086,-75.58211161,3.79,1473.754,23.922,5.110,17,25,35,,
T,2023-04-13 22:20:39,6.25655523,-75.58210229,3.79,1473.090,23.922,4.450,7,23,33,,
T,2023-04-13 22:20:40,6.25659749,-75.58210786,3.79,1473.220,23.922,4.520,342,24,34,,
T,2023-04-13 22:20:41,6.25662973,-75.58213039,3.79,1473.181,23.922,4.640,309,24,33,,
T,2023-04-13 22:20:42,6.25666842,-75.58217229,3.79,1473.878,23.922,6.410,302,23,32,,
T,2023-04-13 22:20:43,6.25668962,-75.58221451,3.79,1475.336,23.922,4.980,289,27,36,,
T,2023-04-13 22:20:44,6.25672282,-75.58226844,3.79,1474.911,23.922,7.250,300,25,34,,
T,2023-04-13 22:20:45,6.25676941,-75.58236154,3.79,1475.299,23.923,9.910,295,24,33,,
T,2023-04-13 22:20:46,6.25681046,-75.58243263,3.79,1477.239,23.923,8.980,295,25,35,,
T,2023-04-13 22:20:47,6.25685106,-75.58251206,3.79,1478.709,23.923,9.000,296,22,32,,
T,2023-04-13 22:20:48,6.25688875,-75.58257951,3.79,1478.863,23.924,8.820,300,23,35,,
T,2023-04-13 22:20:49,6.25693397,-75.58264778,3.79,1478.890,23.924,8.610,306,22,33,,
T,2023-04-13 22:20:50,6.25698684,-75.58270864,3.79,1478.798,23.924,8.360,308,21,32,,
T,2023-04-13 22:20:51,6.25703824,-75.58276933,3.79,1478.300,23.924,8.170,312,23,34,,
T,2023-04-13 22:20:52,6.25709414,-75.58281948,3.79,1478.695,23.924,7.690,318,25,36,,
T,2023-04-13 22:20:53,6.25714649,-75.58286415,3.79,1478.534,23.925,6.900,322,22,34,,
T,2023-04-13 22:20:54,6.25719890,-75.58289923,3.79,1478.251,23.925,6.550,322,24,36,,
T,2023-04-13 22:20:55,6.25721430,-75.58290731,3.79,1477.492,23.925,3.100,328,24,36,,
T,2023-04-13 22:20:56,6.25723999,-75.58292463,3.79,1477.664,23.925,2.830,325,21,35,,
T,2023-04-13 22:20:57,6.25726465,-75.58293676,3.79,1478.267,23.925,2.960,327,19,33,,
T,2023-04-13 22:20:58,6.25728551,-75.58295524,3.79,1477.416,23.925,2.440,321,22,35,,
T,2023-04-13 22:20:59,6.25730771,-75.58296715,3.79,1477.717,23.925,2.540,329,21,35,,
T,2023-04-13 22:21:00,6.25733480,-75.58298713,3.79,1478.268,23.925,3.730,324,18,31,,
T,2023-04-13 22:21:01,6.25735885,-75.58300361,3.79,1478.414,23.925,2.590,330,21,33,,
T,2023-04-13 22:21:02,6.25737661,-75.58301101,3.79,1479.201,23.925,1.860,329,21,32,,
T,2023-04-13 22:21:03,6.25738965,-75.58302229,3.79,1478.542,23.925,1.460,313,22,33,,
T,2023-04-13 22:21:04,6.25739371,-75.58302896,3.79,1479.159,23.925,0.380,328,20,33,,
T,2023-04-13 22:21:05,6.25739444,-75.58303110,3.79,1479.256,23.925,0.000,,20,33,,
T,2023-04-13 22:21:06,6.25739490,-75.58303168,3.79,1479.402,23.925,0.000,,23,35,,
T,2023-04-13 22:21:07,6.25739600,-75.58303167,3.79,1479.208,23.925,0.000,,21,32,,
T,2023-04-13 22:21:08,6.25739717,-75.58303412,3.79,1479.205,23.925,0.400,328,25,35,,
T,2023-04-13 22:21:09,6.25740587,-75.58304252,3.79,1480.975,23.925,1.880,316,23,34,,
T,2023-04-13 22:21:10,6.25742421,-75.58305961,3.79,1481.587,23.925,3.250,315,24,35,,
T,2023-04-13 22:21:11,6.25744747,-75.58308066,3.79,1481.873,23.925,3.240,316,23,35,,
T,2023-04-13 22:21:12,6.25746553,-75.58309729,3.79,1482.506,23.925,2.170,316,23,34,,
T,2023-04-13 22:21:13,6.25748835,-75.58311709,3.79,1483.216,23.925,4.080,318,24,35,,
T,2023-04-13 22:21:14,6.25751999,-75.58314411,3.79,1482.229,23.925,4.590,319,24,34,,
T,2023-04-13 22:21:15,6.25756816,-75.58318011,3.79,1481.926,23.925,5.300,322,25,36,,
T,2023-04-13 22:21:16,6.25760081,-75.58320489,3.79,1481.575,23.925,4.020,328,22,32,,
T,2023-04-13 22:21:17,6.25765406,-75.58325155,3.79,1480.238,23.925,6.540,320,23,33,,
T,2023-04-13 22:21:18,6.25770366,-75.58327925,3.79,1479.799,23.925,5.600,330,25,35,,
T,2023-04-13 22:21:19,6.25774890,-75.58331645,3.79,1478.883,23.925,5.330,322,27,36,,
T,2023-04-13 22:21:20,6.25779243,-75.58335110,3.79,1478.570,23.926,5.590,323,23,32,,
T,2023-04-13 22:21:21,6.25785426,-75.58339448,3.79,1478.993,23.926,7.850,325,24,33,,
T,2023-04-13 22:21:22,6.25791014,-75.58343670,3.79,1480.597,23.926,7.740,325,25,35,,
T,2023-04-13 22:21:23,6.25796427,-75.58346684,3.79,1480.623,23.926,8.120,328,21,30,,
T,2023-04-13 22:21:24,6.25802920,-75.58350819,3.79,1481.938,23.926,8.920,324,23,34,,
T,2023-04-13 22:21:25,6.25810307,-75.58356072,3.79,1481.385,23.926,9.850,322,24,34,,
T,2023-04-13 22:21:26,6.25816472,-75.58360938,3.79,1480.809,23.926,8.490,320,21,33,,
T,2023-04-13 22:21:27,6.25823114,-75.58366251,3.79,1479.853,23.926,9.200,320,20,34,,
T,2023-04-13 22:21:28,6.25830432,-75.58371845,3.79,1478.553,23.926,9.710,321,18,32,,
T,2023-04-13 22:21:29,6.25836794,-75.58378600,4.00,1477.829,23.926,9.610,315,20,35,,
T,2023-04-13 22:21:30,6.25845452,-75.58382431,3.79,1476.890,23.926,9.640,321,19,35,,
T,2023-04-13 22:21:31,6.25851882,-75.58387804,3.79,1477.957,23.927,8.710,320,19,34,,
T,2023-04-13 22:21:32,6.25857994,-75.58394324,3.79,1478.749,23.927,8.570,317,19,33,,
T,2023-04-13 22:21:33,6.25864606,-75.58399427,3.79,1479.321,23.927,9.580,321,20,34,,
T,2023-04-13 22:21:34,6.25871752,-75.58405066,3.79,1482.682,23.927,10.100,321,20,34,,
T,2023-04-13 22:21:35,6.25880166,-75.58411220,3.79,1483.498,23.927,10.900,322,22,36,,
T,2023-04-13 22:21:36,6.25890858,-75.58417708,3.79,1483.196,23.927,12.730,323,22,35,,
T,2023-04-13 22:21:37,6.25899450,-75.58425378,3.79,1483.244,23.927,11.900,320,23,35,,
T,2023-04-13 22:21:38,6.25910489,-75.58433197,3.79,1482.064,23.928,13.780,325,21,35,,
T,2023-04-13 22:21:39,6.25920166,-75.58441324,3.79,1481.973,23.928,13.770,325,22,36,,
T,2023-04-13 22:21:40,6.25930949,-75.58448518,3.79,1481.966,23.928,14.580,328,22,33,,
T,2023-04-13 22:21:41,6.25941757,-75.58455785,3.79,1482.529,23.928,13.930,324,23,34,,
T,2023-04-13 22:21:42,6.25951256,-75.58462846,3.79,1483.149,23.928,12.450,323,25,34,,
T,2023-04-13 22:21:43,6.25960034,-75.58468956,3.79,1483.107,23.928,11.240,324,23,33,,
T,2023-04-13 22:21:44,6.25968333,-75.58475075,3.79,1482.942,23.928,10.760,326,23,34,,
T,2023-04-13 22:21:45,6.25976357,-75.58480327,3.79,1483.314,23.929,10.230,327,23,34,,
T,2023-04-13 22:21:46,6.25983890,-75.58484308,3.79,1482.611,23.929,9.340,332,20,32,,
T,2023-04-13 22:21:47,6.25990901,-75.58488056,3.79,1482.827,23.929,8.670,333,23,34,,
T,2023-04-13 22:21:48,6.25997100,-75.58489755,3.79,1483.004,23.929,6.850,346,23,33,,
T,2023-04-13 22:21:49,6.26002454,-75.58491421,3.79,1482.811,23.929,5.920,345,21,33,,
T,2023-04-13 22:21:50,6.26006536,-75.58493240,3.79,1481.750,23.929,3.780,346,21,33,,
T,2023-04-13 22:21:51,6.26010108,-75.58494199,3.79,1481.550,23.929,3.610,350,22,35,,
T,2023-04-13 22:21:52,6.26012760,-75.58494486,3.79,1480.966,23.928,3.050,354,20,33,,
T,2023-04-13 22:21:53,6.26016151,-75.58494734,3.79,1481.105,23.928,3.990,359,21,33,,
T,2023-04-13 22:21:54,6.26018597,-75.58494842,3.79,1481.093,23.928,2.640,6,23,36,,
T,2023-04-13 22:21:55,6.26021049,-75.58494525,3.79,1481.258,23.928,2.450,2,23,36,,
T,2023-04-13 22:21:56,6.26022589,-75.58494849,3.79,1482.017,23.928,1.510,1,22,35,,
T,2023-04-13 22:21:57,6.26025292,-75.58495136,3.79,1481.039,23.928,2.410,356,23,36,,
T,2023-04-13 22:21:58,6.26026094,-75.58494784,3.79,1482.016,23.928,0.860,1,22,35,,
T,2023-04-13 22:21:59,6.26027642,-75.58494670,3.79,1482.208,23.928,1.570,22,21,35,,
T,2023-04-13 22:22:00,6.26027973,-75.58494409,3.79,1482.134,23.928,0.000,,21,34,,
T,2023-04-13 22:22:01,6.26028099,-75.58494226,3.79,1482.295,23.928,0.000,,20,34,,
T,2023-04-13 22:22:02,6.26028171,-75.58494160,3.79,1482.462,23.928,0.000,,21,35,,
T,2023-04-13 22:22:03,6.26028299,-75.58494233,3.79,1482.495,23.928,0.000,,22,35,,
T,2023-04-13 22:22:04,6.26028387,-75.58494147,3.79,1481.758,23.928,0.000,,22,35,,
T,2023-04-13 22:22:05,6.26029345,-75.58494024,3.79,1481.488,23.928,1.680,7,20,34,,
T,2023-04-13 22:22:06,6.26030756,-75.58493758,3.79,1481.352,23.928,1.250,7,21,34,,
T,2023-04-13 22:22:07,6.26031949,-75.58493534,3.79,1481.810,23.928,1.310,7,21,35,,
T,2023-04-13 22:22:08,6.26033194,-75.58493581,3.79,1481.663,23.928,1.230,2,21,35,,
T,2023-04-13 22:22:09,6.26035535,-75.58493479,3.79,1481.360,23.928,3.600,6,20,34,,
T,2023-04-13 22:22:10,6.26041071,-75.58493023,3.79,1481.893,23.928,6.200,12,22,35,,
T,2023-04-13 22:22:11,6.26046363,-75.58492052,3.79,1482.972,23.928,6.240,14,22,36,,
T,2023-04-13 22:22:12,6.26051081,-75.58492171,3.79,1482.650,23.927,4.650,355,22,35,,
T,2023-04-13 22:22:13,6.26063235,-75.58485454,3.79,1482.950,23.927,13.020,23,23,36,,
T,2023-04-13 22:22:14,6.26073211,-75.58481152,3.79,1482.768,23.926,11.490,26,20,32,,
T,2023-04-13 22:22:15,6.26082845,-75.58476554,3.79,1483.609,23.926,11.190,26,21,32,,
T,2023-04-13 22:22:16,6.26092178,-75.58472248,3.79,1483.907,23.926,10.610,24,23,35,,
T,2023-04-13 22:22:17,6.26101512,-75.58468469,3.79,1483.710,23.925,10.760,22,23,35,,
T,2023-04-13 22:22:18,6.26110117,-75.58464522,3.79,1483.798,23.925,10.130,24,21,33,,
T,2023-04-13 22:22:19,6.26119107,-75.58460841,3.79,1483.557,23.924,10.590,20,21,33,,
T,2023-04-13 22:22:20,6.26128327,-75.58457197,3.79,1483.899,23.924,10.450,22,23,35,,
T,2023-04-13 22:22:21,6.26136750,-75.58454225,3.79,1484.237,23.924,9.560,24,23,34,,
T,2023-04-13 22:22:22,6.26145269,-75.58449913,3.79,1484.165,23.923,9.730,26,22,33,,
T,2023-04-13 22:22:23,6.26153474,-75.58446482,3.79,1483.763,23.923,9.650,26,23,33,,
T,2023-04-13 22:22:24,6.26161414,-75.58442949,3.79,1483.687,23.922,9.240,24,22,33,,
T,2023-04-13 22:22:25,6.26168349,-75.58440010,3.79,1483.426,23.922,7.930,25,24,35,,
T,2023-04-13 22:22:26,6.26174194,-75.58437908,3.79,1482.139,23.922,6.170,23,24,35,,
T,2023-04-13 22:22:27,6.26178865,-75.58435882,3.79,1482.684,23.922,5.020,24,23,33,,
T,2023-04-13 22:22:28,6.26182885,-75.58434060,3.79,1482.916,23.921,4.210,22,22,34,,
T,2023-04-13 22:22:29,6.26186594,-75.58432394,3.79,1483.134,23.921,4.290,25,22,33,,
T,2023-04-13 22:22:30,6.26189782,-75.58430978,3.79,1483.696,23.921,3.390,24,21,33,,
T,2023-04-13 22:22:31,6.26192416,-75.58429756,3.79,1484.048,23.921,3.150,22,23,35,,
T,2023-04-13 22:22:32,6.26196294,-75.58427835,3.79,1483.809,23.921,4.540,26,23,35,,
T,2023-04-13 22:22:33,6.26201042,-75.58425673,3.79,1483.713,23.921,5.540,22,22,34,,
T,2023-04-13 22:22:34,6.26207779,-75.58424704,3.79,1483.416,23.920,8.200,9,20,33,,
T,2023-04-13 22:22:35,6.26213934,-75.58423606,3.79,1483.519,23.920,6.870,7,22,35,,
T,2023-04-13 22:22:36,6.26220428,-75.58423650,3.79,1483.379,23.920,7.700,356,19,30,,
T,2023-04-13 22:22:37,6.26227276,-75.58424698,3.79,1483.333,23.920,8.180,347,21,34,,
T,2023-04-13 22:22:38,6.26234103,-75.58426749,3.79,1483.570,23.920,7.690,337,21,35,,
T,2023-04-13 22:22:39,6.26240572,-75.58430509,3.79,1483.452,23.920,8.300,324,21,35,,
T,2023-04-13 22:22:40,6.26246668,-75.58435275,3.79,1483.937,23.920,9.030,320,20,34,,
T,2023-04-13 22:22:41,6.26253152,-75.58440996,3.79,1485.452,23.920,9.950,317,20,34,,
T,2023-04-13 22:22:42,6.26260451,-75.58447787,3.79,1485.919,23.920,11.510,316,16,31,,
T,2023-04-13 22:22:43,6.26267470,-75.58454889,3.79,1485.724,23.921,11.320,315,18,33,,
T,2023-04-13 22:22:44,6.26274568,-75.58462468,3.79,1485.483,23.921,11.270,314,19,33,,
T,2023-04-13 22:22:45,6.26281338,-75.58468990,3.79,1485.818,23.921,10.160,316,19,33,,
T,2023-04-13 22:22:46,6.26286239,-75.58474754,3.79,1485.990,23.921,7.960,314,21,35,,
T,2023-04-13 22:22:47,6.26291788,-75.58480260,3.79,1485.960,23.921,8.800,316,19,33,,
T,2023-04-13 22:22:48,6.26298364,-75.58485857,3.79,1485.385,23.921,10.420,318,19,33,,
T,2023-04-13 22:22:49,6.26306049,-75.58492563,3.79,1485.834,23.922,11.690,317,20,34,,
T,2023-04-13 22:22:50,6.26314526,-75.58500220,3.79,1485.617,23.922,13.210,318,19,32,,
T,2023-04-13 22:22:51,6.26323403,-75.58508061,3.79,1485.657,23.922,13.590,317,18,32,,
T,2023-04-13 22:22:52,6.26332904,-75.58516969,3.79,1485.805,23.922,14.680,316,19,33,,
T,2023-04-13 22:22:53,6.26342142,-75.58526690,3.79,1485.973,23.923,14.760,314,18,32,,
T,2023-04-13 22:22:54,6.26351290,-75.58535535,3.79,1485.120,23.923,13.930,315,20,35,,
T,2023-04-13 22:22:55,6.26360806,-75.58543941,3.79,1484.793,23.923,14.070,318,20,34,,
T,2023-04-13 22:22:56,6.26369926,-75.58552881,3.79,1485.492,23.923,13.990,317,19,34,,
T,2023-04-13 22:22:57,6.26379365,-75.58561352,3.79,1485.875,23.924,13.910,318,19,34,,
T,2023-04-13 22:22:58,6.26388667,-75.58570097,3.79,1486.314,23.924,13.780,315,17,32,,
T,2023-04-13 22:22:59,6.26397885,-75.58578714,3.79,1486.129,23.924,13.570,318,19,32,,
T,2023-04-13 22:23:00,6.26408243,-75.58586790,3.79,1486.069,23.924,14.250,321,20,35,,
T,2023-04-13 22:23:01,6.26418985,-75.58595006,3.79,1486.005,23.924,15.120,323,19,34,,
T,2023-04-13 22:23:02,6.26430194,-75.58602954,3.79,1485.683,23.925,14.970,323,19,34,,
T,2023-04-13 22:23:03,6.26441301,-75.58611030,3.79,1486.055,23.925,14.920,324,18,34,,
T,2023-04-13 22:23:04,6.26451569,-75.58618094,3.79,1486.567,23.925,13.420,327,18,34,,
T,2023-04-13 22:23:05,6.26461449,-75.58624319,3.79,1486.501,23.925,12.600,329,17,33,,
T,2023-04-13 22:23:06,6.26471910,-75.58630139,3.79,1486.689,23.925,13.210,332,17,34,,
T,2023-04-13 22:23:07,6.26482091,-75.58635760,3.79,1487.271,23.925,12.300,332,17,34,,
T,2023-04-13 22:23:08,6.26492028,-75.58641703,3.79,1487.131,23.925,12.250,331,16,31,,
T,2023-04-13 22:23:09,6.26500881,-75.58648086,3.79,1487.408,23.925,11.850,324,19,34,,
T,2023-04-13 22:23:10,6.26510778,-75.58652941,3.79,1487.159,23.925,12.210,331,18,33,,
T,2023-04-13 22:23:11,6.26520988,-75.58657794,3.90,1487.249,23.925,12.600,335,19,34,,
T,2023-04-13 22:23:12,6.26530613,-75.58662446,4.56,1487.469,23.925,11.740,335,19,33,,
T,2023-04-13 22:23:13,6.26538611,-75.58664822,4.72,1487.810,23.925,9.830,338,20,34,,
T,2023-04-13 22:23:14,6.26546406,-75.58667845,5.13,1487.761,23.925,9.420,339,19,35,,
T,2023-04-13 22:23:15,6.26554498,-75.58670721,5.48,1487.785,23.925,9.740,340,18,34,,
T,2023-04-13 22:23:16,6.26562335,-75.58674059,5.13,1487.686,23.925,9.520,335,18,35,,
T,2023-04-13 22:23:17,6.26570457,-75.58676496,5.03,1487.874,23.925,8.300,344,18,35,,
T,2023-04-13 22:23:18,6.26580479,-75.58679435,4.76,1488.205,23.925,11.270,344,17,34,,
T,2023-04-13 22:23:19,6.26590071,-75.58682279,4.68,1488.286,23.925,11.110,344,16,34,,
T,2023-04-13 22:23:20,6.26598799,-75.58684668,4.84,1489.641,23.925,9.450,344,17,33,,
T,2023-04-13 22:23:21,6.26607164,-75.58685891,4.56,1488.054,23.925,8.290,346,19,34,,
T,2023-04-13 22:23:22,6.26615836,-75.58687859,4.29,1487.368,23.925,9.360,347,19,34,,
T,2023-04-13 22:23:23,6.26625584,-75.58688634,4.24,1488.736,23.925,10.270,353,22,35,,
T,2023-04-13 22:23:24,6.26635591,-75.58689276,4.09,1489.997,23.924,10.800,354,19,32,,
T,2023-04-13 22:23:25,6.26645131,-75.58691134,4.32,1490.436,23.924,10.680,349,21,34,,
T,2023-04-13 22:23:26,6.26654496,-75.58691808,4.20,1490.540,23.924,9.980,352,22,35,,
T,2023-04-13 22:23:27,6.26662246,-75.58693105,3.89,1490.958,23.924,7.950,352,19,30,,
T,2023-04-13 22:23:28,6.26668088,-75.58693279,3.79,1491.104,23.924,5.570,348,21,33,,
T,2023-04-13 22:23:29,6.26673575,-75.58694369,3.79,1492.036,23.924,6.090,347,21,32,,
T,2023-04-13 22:23:30,6.26679425,-75.58695524,3.79,1492.575,23.924,6.250,349,23,35,,
T,2023-04-13 22:23:31,6.26683727,-75.58696115,3.79,1493.478,23.924,5.420,359,22,34,,
T,2023-04-13 22:23:32,6.26690991,-75.58697034,3.79,1492.615,23.923,8.260,349,22,33,,
T,2023-04-13 22:23:33,6.26698294,-75.58697587,3.79,1493.215,23.923,8.190,351,23,34,,
T,2023-04-13 22:23:34,6.26703995,-75.58697630,3.79,1494.312,23.923,5.910,358,24,35,,
T,2023-04-13 22:23:35,6.26710725,-75.58698027,3.79,1494.528,23.923,6.990,355,22,34,,
T,2023-04-13 22:23:36,6.26718337,-75.58699136,3.79,1494.249,23.923,8.780,351,21,32,,
T,2023-04-13 22:23:37,6.26726342,-75.58700361,3.79,1494.744,23.923,8.780,352,22,33,,
T,2023-04-13 22:23:38,6.26734204,-75.58702193,3.79,1495.049,23.923,8.690,351,22,35,,
T,2023-04-13 22:23:39,6.26742166,-75.58702644,3.79,1494.883,23.923,8.960,359,20,33,,
T,2023-04-13 22:23:40,6.26749921,-75.58703951,3.79,1495.296,23.922,7.990,350,20,33,,
T,2023-04-13 22:23:41,6.26757323,-75.58705220,3.79,1495.172,23.922,8.140,350,20,34,,
T,2023-04-13 22:23:42,6.26764447,-75.58706345,3.79,1494.797,23.922,7.700,351,21,35,,
T,2023-04-13 22:23:43,6.26771754,-75.58707330,3.79,1494.760,23.922,7.510,354,19,34,,
T,2023-04-13 22:23:44,6.26777698,-75.58708627,3.79,1493.922,23.922,6.280,353,19,34,,
T,2023-04-13 22:23:45,6.26783194,-75.58709332,3.79,1494.288,23.922,5.380,354,19,34,,
T,2023-04-13 22:23:46,6.26787585,-75.58710838,3.79,1494.773,23.922,4.190,341,20,34,,
T,2023-04-13 22:23:47,6.26792034,-75.58711100,3.79,1495.681,23.922,4.760,2,21,35,,
T,2023-04-13 22:23:48,6.26796179,-75.58711264,3.79,1496.205,23.922,3.830,348,22,34,,
T,2023-04-13 22:23:49,6.26799066,-75.58711511,3.79,1495.875,23.922,2.560,347,21,33,,
T,2023-04-13 22:23:50,6.26801694,-75.58712418,3.79,1495.681,23.922,2.620,343,22,34,,
T,2023-04-13 22:23:51,6.26805984,-75.58712615,3.79,1495.977,23.922,4.410,357,21,33,,
T,2023-04-13 22:23:52,6.26810477,-75.58712838,3.79,1495.625,23.922,4.560,351,22,34,,
T,2023-04-13 22:23:53,6.26815147,-75.58713217,3.79,1495.883,23.921,5.000,353,22,34,,
T,2023-04-13 22:23:54,6.26821053,-75.58713907,3.79,1496.457,23.921,6.770,353,19,31,,
T,2023-04-13 22:23:55,6.26828287,-75.58714627,3.79,1496.320,23.921,8.150,352,23,35,,
T,2023-04-13 22:23:56,6.26835796,-75.58716210,3.79,1496.770,23.921,9.290,348,23,35,,
T,2023-04-13 22:23:57,6.26844643,-75.58717468,3.79,1496.747,23.921,10.030,350,20,31,,
T,2023-04-13 22:23:58,6.26853122,-75.58719107,3.79,1497.701,23.921,9.880,352,23,34,,
T,2023-04-13 22:23:59,6.26862994,-75.58721078,3.79,1498.397,23.921,10.790,351,18,30,,
T,2023-04-13 22:24:00,6.26872126,-75.58721496,3.79,1497.342,23.921,10.130,354,22,34,,
T,2023-04-13 22:24:01,6.26880866,-75.58722256,3.79,1497.812,23.920,9.100,356,21,33,,
T,2023-04-13 22:24:02,6.26888961,-75.58723189,3.79,1497.920,23.920,8.730,353,23,35,,
T,2023-04-13 22:24:03,6.26896628,-75.58724269,3.79,1497.981,23.920,7.990,353,23,35,,
T,2023-04-13 22:24:04,6.26903544,-75.58725661,3.79,1498.838,23.920,7.800,352,23,35,,
T,2023-04-13 22:24:05,6.26910950,-75.58726496,3.79,1498.315,23.920,8.370,356,19,34,,
T,2023-04-13 22:24:06,6.26918460,-75.58727644,3.79,1498.514,23.920,8.630,349,18,34,,
T,2023-04-13 22:24:07,6.26926654,-75.58728763,3.79,1498.422,23.920,9.120,352,19,34,,
T,2023-04-13 22:24:08,6.26934507,-75.58729273,3.79,1498.356,23.920,8.120,354,18,33,,
T,2023-04-13 22:24:09,6.26941341,-75.58730169,3.79,1498.904,23.919,6.430,353,19,34,,
T,2023-04-13 22:24:10,6.26948011,-75.58730840,3.79,1498.234,23.919,7.200,352,18,33,,
T,2023-04-13 22:24:11,6.26954537,-75.58732044,3.79,1498.785,23.919,7.580,349,19,35,,
T,2023-04-13 22:24:12,6.26961174,-75.58733620,3.79,1499.654,23.919,7.530,344,19,35,,
T,2023-04-13 22:24:13,6.26967723,-75.58733987,3.79,1498.739,23.919,6.950,350,16,34,,
T,2023-04-13 22:24:14,6.26973956,-75.58735553,3.79,1498.854,23.919,6.380,341,17,35,,
T,2023-04-13 22:24:15,6.26978297,-75.58737625,3.79,1498.990,23.919,4.600,337,17,34,,
T,2023-04-13 22:24:16,6.26981739,-75.58738216,3.79,1498.927,23.919,3.310,349,17,35,,
T,2023-04-13 22:24:17,6.26984296,-75.58739490,3.79,1498.196,23.919,2.250,321,17,34,,
T,2023-04-13 22:24:18,6.26986715,-75.58739856,3.79,1498.719,23.919,2.320,359,19,35,,
T,2023-04-13 22:24:19,6.26989478,-75.58740261,3.79,1497.707,23.919,3.270,340,18,34,,
T,2023-04-13 22:24:20,6.26994019,-75.58741467,3.79,1498.408,23.919,5.360,339,19,34,,
T,2023-04-13 22:24:21,6.26999374,-75.58743602,3.79,1498.714,23.919,6.630,335,19,34,,
T,2023-04-13 22:24:22,6.27004424,-75.58746766,3.79,1499.028,23.919,6.520,319,20,35,,
T,2023-04-13 22:24:23,6.27009407,-75.58749996,3.79,1500.065,23.919,6.610,325,20,35,,
T,2023-04-13 22:24:24,6.27013245,-75.58753216,3.79,1500.287,23.919,5.160,319,19,34,,
T,2023-04-13 22:24:25,6.27017320,-75.58755720,3.79,1500.825,23.919,5.150,322,21,35,,
T,2023-04-13 22:24:26,6.27019934,-75.58757519,3.79,1501.384,23.919,3.360,329,20,34,,
T,2023-04-13 22:24:27,6.27022140,-75.58759985,3.79,1503.508,23.919,2.400,319,20,34,,
T,2023-04-13 22:24:28,6.27024711,-75.58761101,3.79,1504.237,23.919,3.830,329,22,34,,
T,2023-04-13 22:24:29,6.27030509,-75.58764876,3.79,1503.954,23.919,8.370,321,23,32,,
T,2023-04-13 22:24:30,6.27036715,-75.58768948,3.79,1504.131,23.919,8.660,320,21,31,,
T,2023-04-13 22:24:31,6.27043330,-75.58774681,3.79,1504.313,23.919,9.970,317,21,31,,
T,2023-04-13 22:24:32,6.27050970,-75.58780530,3.79,1504.298,23.920,11.030,324,22,33,,
T,2023-04-13 22:24:33,6.27059031,-75.58786696,3.79,1504.811,23.920,11.880,323,20,32,,
T,2023-04-13 22:24:34,6.27066932,-75.58792291,3.79,1505.002,23.920,10.850,323,20,29,,
T,2023-04-13 22:24:35,6.27075950,-75.58801383,3.79,1507.135,23.920,13.890,316,23,33,,
T,2023-04-13 22:24:36,6.27084015,-75.58810167,3.79,1507.813,23.920,13.840,308,22,32,,
T,2023-04-13 22:24:37,6.27091311,-75.58819568,3.79,1508.514,23.921,14.290,302,22,32,,
T,2023-04-13 22:24:38,6.27098017,-75.58830809,3.79,1508.982,23.921,14.570,299,22,33,,
T,2023-04-13 22:24:39,6.27105195,-75.58842464,3.79,1509.608,23.922,15.460,301,19,31,,
T,2023-04-13 22:24:40,6.27112650,-75.58854843,3.79,1509.469,23.922,16.270,301,21,31,,
T,2023-04-13 22:24:41,6.27120031,-75.58867336,3.79,1510.460,23.922,16.240,299,19,30,,
T,2023-04-13 22:24:42,6.27127274,-75.58880080,3.79,1510.605,23.923,16.280,299,19,30,,
T,2023-04-13 22:24:43,6.27134952,-75.58892143,3.79,1512.051,23.923,16.280,303,19,29,,
T,2023-04-13 22:24:44,6.27141687,-75.58903789,3.79,1512.760,23.924,14.760,299,21,33,,
T,2023-04-13 22:24:45,6.27147830,-75.58915187,3.79,1518.989,23.924,13.770,298,22,35,,
T,2023-04-13 22:24:46,6.27153465,-75.58926558,3.79,1516.243,23.925,13.590,297,18,32,,
T,2023-04-13 22:24:47,6.27158759,-75.58936618,3.79,1514.420,23.925,12.990,297,20,33,,
T,2023-04-13 22:24:48,6.27164456,-75.58947078,3.79,1513.378,23.926,12.340,302,21,35,,
T,2023-04-13 22:24:49,6.27169600,-75.58957015,3.79,1512.520,23.926,11.770,299,18,33,,
T,2023-04-13 22:24:50,6.27173940,-75.58964809,3.79,1512.342,23.926,9.780,299,20,35,,
T,2023-04-13 22:24:51,6.27178301,-75.58972740,3.79,1511.129,23.927,10.070,301,18,33,,
T,2023-04-13 22:24:52,6.27182298,-75.58981226,3.79,1511.449,23.927,9.820,296,20,35,,
T,2023-04-13 22:24:53,6.27186782,-75.58989802,3.79,1512.055,23.927,10.440,296,16,31,,
T,2023-04-13 22:24:54,6.27191165,-75.58997962,3.79,1510.344,23.928,10.250,297,21,34,,
T,2023-04-13 22:24:55,6.27195139,-75.59005991,3.79,1510.526,23.928,9.830,296,19,31,,
T,2023-04-13 22:24:56,6.27198836,-75.59012455,3.79,1509.493,23.928,8.260,300,22,34,,
T,2023-04-13 22:24:57,6.27201549,-75.59017416,3.79,1509.195,23.928,6.440,296,22,34,,
T,2023-04-13 22:24:58,6.27204683,-75.59023255,3.79,1508.865,23.929,6.970,297,23,35,,
T,2023-04-13 22:24:59,6.27206769,-75.59027609,3.79,1520.479,23.929,4.860,297,21,34,,
T,2023-04-13 22:25:00,6.27208516,-75.59031167,3.79,1516.997,23.929,4.490,293,21,34,,
T,2023-04-13 22:25:01,6.27210954,-75.59035619,3.79,1514.871,23.929,4.330,299,19,34,,
T,2023-04-13 22:25:02,6.27213261,-75.59038991,3.79,1513.865,23.929,4.360,303,19,34,,
T,2023-04-13 22:25:03,6.27215316,-75.59041702,3.79,1513.936,23.929,3.770,313,20,34,,
T,2023-04-13 22:25:04,6.27220465,-75.59045316,3.79,1513.722,23.929,7.960,330,22,35,,
T,2023-04-13 22:25:05,6.27225087,-75.59046983,3.79,1514.978,23.929,5.490,349,23,35,,
T,2023-04-13 22:25:06,6.27230131,-75.59046819,3.79,1515.507,23.929,5.010,16,21,33,,
T,2023-04-13 22:25:07,6.27233724,-75.59045490,3.79,1516.716,23.929,4.230,34,22,34,,
T,2023-04-13 22:25:08,6.27236919,-75.59043097,3.79,1517.399,23.929,4.320,52,19,31,,
T,2023-04-13 22:25:09,6.27240282,-75.59040441,3.79,1517.258,23.929,4.170,55,22,34,,
T,2023-04-13 22:25:10,6.27242828,-75.59037005,3.79,1517.751,23.928,5.460,58,22,34,,
T,2023-04-13 22:25:11,6.27245237,-75.59033100,3.79,1518.421,23.928,5.780,68,20,30,,
T,2023-04-13 22:25:12,6.27247622,-75.59028048,3.79,1518.281,23.928,6.210,66,24,35,,
T,2023-04-13 22:25:13,6.27249703,-75.59024450,3.79,1519.895,23.928,4.700,65,22,34,,
T,2023-04-13 22:25:14,6.27251115,-75.59021154,3.79,1520.338,23.927,3.670,74,22,33,,
T,2023-04-13 22:25:15,6.27252441,-75.59018161,3.79,1519.981,23.927,2.960,68,24,35,,
T,2023-04-13 22:25:16,6.27253836,-75.59015215,3.79,1520.567,23.927,3.720,63,22,33,,
T,2023-04-13 22:25:17,6.27255299,-75.59011903,3.79,1520.691,23.927,4.230,70,23,34,,
T,2023-04-13 22:25:18,6.27257048,-75.59007336,3.79,1520.738,23.927,5.870,70,23,34,,
T,2023-04-13 22:25:19,6.27259214,-75.59002992,3.79,1519.968,23.926,5.140,61,22,33,,
T,2023-04-13 22:25:20,6.27261758,-75.58998963,3.79,1519.534,23.926,5.440,62,22,34,,
T,2023-04-13 22:25:21,6.27264804,-75.58991511,3.79,1519.105,23.926,8.860,66,24,35,,
T,2023-04-13 22:25:22,6.27267278,-75.58984291,3.79,1517.987,23.925,8.570,70,21,32,,
T,2023-04-13 22:25:23,6.27269982,-75.58976758,3.79,1516.672,23.925,8.470,69,22,33,,
T,2023-04-13 22:25:24,6.27272616,-75.58969627,3.79,1516.299,23.924,8.250,69,21,32,,
T,2023-04-13 22:25:25,6.27275174,-75.58961645,3.79,1515.736,23.924,9.370,73,23,35,,
T,2023-04-13 22:25:26,6.27277749,-75.58954111,3.79,1515.276,23.923,8.160,71,23,35,,
T,2023-04-13 22:25:27,6.27280771,-75.58946844,3.79,1515.326,23.923,7.440,70,22,33,,
T,2023-04-13 22:25:28,6.27282935,-75.58941423,3.79,1515.423,23.923,5.660,69,22,34,,
T,2023-04-13 22:25:29,6.27284915,-75.58936542,3.79,1515.664,23.922,5.040,68,22,33,,
T,2023-04-13 22:25:30,6.27286702,-75.58932078,3.79,1515.314,23.922,4.370,73,22,34,,
T,2023-04-13 22:25:31,6.27287925,-75.58928724,3.79,1515.488,23.922,3.610,72,21,33,,
T,2023-04-13 22:25:32,6.27289155,-75.58925892,3.79,1515.334,23.922,3.050,74,22,33,,
T,2023-04-13 22:25:33,6.27289559,-75.58923316,3.79,1515.512,23.921,3.510,82,22,35,,
T,2023-04-13 22:25:34,6.27290636,-75.58920001,3.79,1515.044,23.921,3.260,72,20,33,,
T,2023-04-13 22:25:35,6.27290998,-75.58917007,3.79,1515.625,23.921,3.240,76,22,35,,
T,2023-04-13 22:25:36,6.27291859,-75.58913975,3.79,1514.538,23.921,4.030,68,22,34,,
T,2023-04-13 22:25:37,6.27293141,-75.58910803,3.79,1514.161,23.921,3.210,70,21,34,,
T,2023-04-13 22:25:38,6.27295081,-75.58905433,3.79,1514.653,23.920,6.300,73,22,35,,
T,2023-04-13 22:25:39,6.27296732,-75.58899910,3.79,1514.889,23.920,6.450,73,21,34,,
T,2023-04-13 22:25:40,6.27299294,-75.58894132,3.79,1513.229,23.920,7.240,70,22,35,,
T,2023-04-13 22:25:41,6.27301355,-75.58887734,3.79,1513.270,23.919,7.380,70,20,33,,
T,2023-04-13 22:25:42,6.27303015,-75.58880038,3.79,1513.516,23.919,8.420,75,22,35,,
T,2023-04-13 22:25:43,6.27305059,-75.58872814,3.79,1512.658,23.919,7.790,76,21,33,,
T,2023-04-13 22:25:44,6.27306771,-75.58865670,3.79,1512.763,23.918,7.820,78,22,34,,
T,2023-04-13 22:25:45,6.27308364,-75.58858778,3.79,1512.588,23.918,7.580,80,22,33,,
T,2023-04-13 22:25:46,6.27310118,-75.58851860,3.79,1511.401,23.917,8.210,77,24,35,,
T,2023-04-13 22:25:47,6.27311425,-75.58844736,3.79,1511.521,23.917,7.820,78,21,32,,
T,2023-04-13 22:25:48,6.27312299,-75.58839473,3.95,1512.322,23.917,5.920,83,23,33,,
T,2023-04-13 22:25:49,6.27314263,-75.58832017,3.91,1512.614,23.916,8.120,79,22,33,,
T,2023-04-13 22:25:50,6.27316050,-75.58824595,3.79,1512.094,23.916,8.160,83,20,31,,
T,2023-04-13 22:25:51,6.27316746,-75.58817979,3.87,1512.553,23.915,6.080,86,22,33,,
T,2023-04-13 22:25:52,6.27317395,-75.58812230,3.86,1512.478,23.915,6.600,85,24,33,,
T,2023-04-13 22:25:53,6.27317439,-75.58806009,3.89,1511.866,23.915,5.570,93,22,32,,
T,2023-04-13 22:25:54,6.27316982,-75.58799786,3.80,1511.859,23.914,7.490,93,24,34,,
T,2023-04-13 22:25:55,6.27316888,-75.58792728,3.79,1511.384,23.914,8.060,92,21,31,,
T,2023-04-13 22:25:56,6.27316358,-75.58785295,3.79,1511.340,23.914,8.360,92,23,35,,
T,2023-04-13 22:25:57,6.27316252,-75.58777181,3.79,1510.596,23.913,8.550,94,22,33,,
T,2023-04-13 22:25:58,6.27314715,-75.58768965,3.79,1511.416,23.913,9.060,102,21,34,,
T,2023-04-13 22:25:59,6.27312786,-75.58761276,3.79,1511.179,23.913,8.980,106,20,33,,
T,2023-04-13 22:26:00,6.27310477,-75.58753245,3.79,1511.258,23.912,9.210,110,22,35,,
T,2023-04-13 22:26:01,6.27307732,-75.58745642,3.79,1510.700,23.912,8.900,113,21,33,,
T,2023-04-13 22:26:02,6.27305201,-75.58738487,3.79,1510.329,23.912,8.410,112,21,33,,
T,2023-04-13 22:26:03,6.27302099,-75.58731159,3.79,1509.394,23.911,8.760,113,22,34,,
T,2023-04-13 22:26:04,6.27298287,-75.58724403,3.79,1509.707,23.911,8.510,116,21,33,,
T,2023-04-13 22:26:05,6.27295305,-75.58717743,3.79,1510.783,23.911,7.560,117,21,33,,
T,2023-04-13 22:26:06,6.27293283,-75.58713006,3.79,1511.656,23.910,4.680,113,22,33,,
T,2023-04-13 22:26:07,6.27292298,-75.58708733,3.79,1512.343,23.910,3.550,114,23,34,,
T,2023-04-13 22:26:08,6.27291060,-75.58705457,3.79,1512.559,23.910,3.800,111,24,35,,
T,2023-04-13 22:26:09,6.27289795,-75.58701242,3.79,1512.703,23.910,5.720,107,24,35,,
T,2023-04-13 22:26:10,6.27287686,-75.58695711,3.79,1512.404,23.910,7.350,113,21,32,,
T,2023-04-13 22:26:11,6.27284821,-75.58689279,3.79,1511.928,23.909,8.130,117,22,33,,
T,2023-04-13 22:26:12,6.27281435,-75.58682458,3.79,1511.188,23.909,8.640,116,22,33,,
T,2023-04-13 22:26:13,6.27278185,-75.58675577,3.79,1510.677,23.909,8.640,113,23,34,,
T,2023-04-13 22:26:14,6.27275336,-75.58668962,3.79,1510.079,23.909,7.990,114,24,35,,
T,2023-04-13 22:26:15,6.27272034,-75.58662270,3.79,1509.559,23.908,8.100,115,23,34,,
T,2023-04-13 22:26:16,6.27268968,-75.58655498,3.79,1509.288,23.908,7.940,115,22,34,,
T,2023-04-13 22:26:17,6.27266323,-75.58649291,3.79,1509.537,23.908,7.270,114,21,34,,
T,2023-04-13 22:26:18,6.27265030,-75.58643273,3.79,1509.925,23.907,6.450,106,21,34,,
T,2023-04-13 22:26:19,6.27263383,-75.58638229,3.79,1510.301,23.907,5.550,107,21,34,,
T,2023-04-13 22:26:20,6.27261853,-75.58633780,3.79,1518.842,23.907,4.750,106,21,33,,
T,2023-04-13 22:26:21,6.27260644,-75.58629906,3.79,1516.245,23.907,4.300,101,21,33,,
T,2023-04-13 22:26:22,6.27259983,-75.58626362,3.79,1514.073,23.907,3.970,99,22,34,,
T,2023-04-13 22:26:23,6.27259059,-75.58622463,3.79,1512.730,23.907,4.540,95,21,32,,
T,2023-04-13 22:26:24,6.27258870,-75.58619550,3.79,1512.296,23.906,3.140,94,22,32,,
T,2023-04-13 22:26:25,6.27258672,-75.58616958,3.79,1512.253,23.906,2.540,90,22,34,,
T,2023-04-13 22:26:26,6.27258902,-75.58614896,3.79,1511.549,23.906,2.440,82,21,34,,
T,2023-04-13 22:26:27,6.27258976,-75.58613257,3.79,1511.481,23.906,1.510,84,23,34,,
T,2023-04-13 22:26:28,6.27259025,-75.58612086,3.79,1510.862,23.906,1.250,84,21,33,,
T,2023-04-13 22:26:29,6.27258657,-75.58611446,3.79,1510.639,23.906,0.820,84,22,35,,
T,2023-04-13 22:26:30,6.27258376,-75.58610870,3.79,1510.584,23.906,0.530,84,20,33,,
T,2023-04-13 22:26:31,6.27258242,-75.58610549,3.79,1510.487,23.906,0.480,74,22,35,,
T,2023-04-13 22:26:32,6.27258016,-75.58610532,3.79,1509.997,23.906,0.000,,22,33,,
T,2023-04-13 22:26:33,6.27257798,-75.58610640,3.79,1509.947,23.906,0.000,,23,34,,
T,2023-04-13 22:26:34,6.27257683,-75.58610631,3.79,1509.989,23.906,0.000,,22,34,,
T,2023-04-13 22:26:35,6.27257618,-75.58610791,3.79,1509.729,23.906,0.000,,22,35,,
T,2023-04-13 22:26:36,6.27257632,-75.58610898,3.79,1509.647,23.906,0.000,,21,32,,
T,2023-04-13 22:26:37,6.27257757,-75.58610933,3.79,1509.217,23.906,0.000,,22,33,,
T,2023-04-13 22:26:38,6.27257815,-75.58610967,3.79,1509.115,23.906,0.000,,20,33,,
T,2023-04-13 22:26:39,6.27257856,-75.58610937,3.79,1508.860,23.906,0.000,,20,34,,
T,2023-04-13 22:26:40,6.27257921,-75.58610822,3.79,1508.508,23.906,0.000,,21,35,,
T,2023-04-13 22:26:41,6.27258033,-75.58610688,3.79,1508.106,23.906,0.000,,21,34,,
T,2023-04-13 22:26:42,6.27258102,-75.58610572,3.79,1508.003,23.906,0.000,,20,34,,
T,2023-04-13 22:26:43,6.27258419,-75.58609815,3.79,1507.543,23.906,1.570,61,21,35,,
T,2023-04-13 22:26:44,6.27261046,-75.58607348,3.79,1507.996,23.906,5.080,39,21,35,,
T,2023-04-13 22:26:45,6.27266176,-75.58603067,3.79,1508.275,23.905,8.280,39,20,34,,
T,2023-04-13 22:26:46,6.27271760,-75.58597736,3.79,1508.917,23.905,8.900,44,20,34,,
T,2023-04-13 22:26:47,6.27277689,-75.58591856,3.79,1509.714,23.905,9.410,44,19,33,,
T,2023-04-13 22:26:48,6.27283260,-75.58585941,3.79,1510.413,23.904,8.920,49,19,33,,
T,2023-04-13 22:26:49,6.27286792,-75.58581132,3.79,1511.130,23.904,5.910,51,20,34,,
T,2023-04-13 22:26:50,6.27288786,-75.58579786,3.79,1512.130,23.904,1.760,42,17,31,,
T,2023-04-13 22:26:51,6.27291612,-75.58577665,3.79,1512.590,23.903,4.000,32,17,32,,
T,2023-04-13 22:26:52,6.27293311,-75.58575552,3.79,1513.402,23.903,2.830,50,20,35,,
T,2023-04-13 22:26:53,6.27295026,-75.58574840,3.79,1513.925,23.903,1.900,19,18,33,,
T,2023-04-13 22:26:54,6.27295761,-75.58575012,3.79,1514.094,23.903,0.670,44,21,34,,
T,2023-04-13 22:26:55,6.27296101,-75.58575221,3.79,1513.908,23.903,0.000,,19,33,,
T,2023-04-13 22:26:56,6.27295881,-75.58574699,3.79,1513.598,23.903,0.000,,18,34,,
T,2023-04-13 22:26:57,6.27295876,-75.58574446,3.79,1513.554,23.903,0.000,,18,33,,
T,2023-04-13 22:26:58,6.27296222,-75.58574033,3.79,1513.225,23.903,0.000,,19,32,,
T,2023-04-13 22:26:59,6.27296160,-75.58574047,3.79,1513.298,23.903,0.000,,20,33,,
T,2023-04-13 22:27:00,6.27297043,-75.58574054,3.79,1513.548,23.903,1.540,10,20,31,,
T,2023-04-13 22:27:01,6.27300258,-75.58572573,3.79,1514.058,23.903,4.570,20,20,34,,
T,2023-04-13 22:27:02,6.27303685,-75.58571283,3.79,1514.157,23.903,4.330,13,21,35,,
T,2023-04-13 22:27:03,6.27310262,-75.58571365,3.79,1514.903,23.903,7.150,360,17,32,,
T,2023-04-13 22:27:04,6.27317246,-75.58571033,3.79,1515.018,23.903,7.530,357,20,35,,
T,2023-04-13 22:27:05,6.27324004,-75.58572032,3.79,1515.179,23.902,7.550,348,18,33,,
T,2023-04-13 22:27:06,6.27330503,-75.58574258,3.79,1514.956,23.902,7.510,335,17,32,,
T,2023-04-13 22:27:07,6.27337830,-75.58575660,3.79,1515.213,23.902,7.610,333,19,35,,
T,2023-04-13 22:27:08,6.27344908,-75.58577518,3.79,1515.436,23.902,7.750,335,18,34,,
T,2023-04-13 22:27:09,6.27351383,-75.58581152,3.79,1516.039,23.902,8.590,324,17,32,,
T,2023-04-13 22:27:10,6.27357305,-75.58586176,3.79,1516.298,23.902,8.840,318,17,33,,
T,2023-04-13 22:27:11,6.27360001,-75.58591050,3.79,1517.255,23.903,6.790,301,19,34,,
T,2023-04-13 22:27:12,6.27362130,-75.58594739,3.79,1516.302,23.903,5.670,296,16,32,,
T,2023-04-13 22:27:13,6.27362615,-75.58596268,3.79,1510.794,23.903,2.260,285,18,34,,
T,2023-04-13 22:27:14,6.27363816,-75.58597681,3.79,1513.504,23.903,0.990,285,17,32,,
T,2023-04-13 22:27:15,6.27364586,-75.58598916,3.79,1514.465,23.903,1.700,285,20,34,,
T,2023-04-13 22:27:16,6.27365897,-75.58600773,3.79,1515.819,23.903,2.360,299,20,34,,
T,2023-04-13 22:27:17,6.27367833,-75.58602527,4.27,1517.012,23.903,2.930,305,20,34,,
T,2023-04-13 22:27:18,6.27370444,-75.58610872,3.79,1518.165,23.903,7.020,292,21,35,,
T,2023-04-13 22:27:19,6.27372603,-75.58615626,3.79,1518.012,23.904,6.160,291,20,33,,
T,2023-04-13 22:27:20,6.27373499,-75.58620571,3.79,1519.092,23.904,4.680,287,18,32,,
T,2023-04-13 22:27:21,6.27374177,-75.58624201,3.79,1519.215,23.904,3.500,278,20,34,,
T,2023-04-13 22:27:22,6.27374801,-75.58626867,3.79,1520.230,23.904,2.500,278,20,35,,
T,2023-04-13 22:27:23,6.27375578,-75.58628816,3.79,1520.834,23.904,1.880,277,17,29,,
T,2023-04-13 22:27:24,6.27375831,-75.58630681,3.79,1520.986,23.904,2.120,283,21,32,,
T,2023-04-13 22:27:25,6.27376160,-75.58631757,3.79,1521.762,23.904,1.210,283,20,31,,
T,2023-04-13 22:27:26,6.27376597,-75.58633556,3.79,1522.270,23.904,1.720,283,21,32,,
T,2023-04-13 22:27:27,6.27377266,-75.58636378,3.79,1521.547,23.905,2.750,291,19,31,,
T,2023-04-13 22:27:28,6.27379730,-75.58642511,3.79,1520.131,23.905,5.940,289,20,33,,
T,2023-04-13 22:27:29,6.27381968,-75.58648287,3.79,1519.668,23.905,6.850,286,22,34,,
T,2023-04-13 22:27:30,6.27384315,-75.58652865,3.79,1520.936,23.905,5.940,291,21,31,,
T,2023-04-13 22:27:31,6.27387772,-75.58660995,4.03,1523.738,23.906,6.480,294,21,33,,
T,2023-04-13 22:27:32,6.27391182,-75.58666652,4.09,1525.284,23.906,6.460,300,22,34,,
T,2023-04-13 22:27:33,6.27394989,-75.58672449,3.98,1526.334,23.906,6.350,303,20,32,,
T,2023-04-13 22:27:34,6.27397822,-75.58675238,3.79,1526.735,23.906,4.110,311,21,33,,
T,2023-04-13 22:27:35,6.27400146,-75.58678603,3.79,1527.165,23.906,3.620,313,22,32,,
T,2023-04-13 22:27:36,6.27401703,-75.58680150,3.79,1526.814,23.906,2.580,318,20,32,,
T,2023-04-13 22:27:37,6.27402791,-75.58681928,3.79,1527.214,23.906,1.100,316,22,33,,
T,2023-04-13 22:27:38,6.27404096,-75.58682796,3.79,1527.883,23.906,1.510,336,22,34,,
T,2023-04-13 22:27:39,6.27406411,-75.58684819,3.79,1528.492,23.906,2.980,331,18,30,,
T,2023-04-13 22:27:40,6.27408837,-75.58686575,3.79,1527.967,23.906,3.570,337,20,33,,
T,2023-04-13 22:27:41,6.27411925,-75.58687886,3.79,1527.223,23.906,2.880,345,21,34,,
T,2023-04-13 22:27:42,6.27414625,-75.58689403,3.79,1527.241,23.906,3.000,338,21,34,,
T,2023-04-13 22:27:43,6.27417166,-75.58690994,3.79,1525.757,23.906,2.740,327,21,33,,
T,2023-04-13 22:27:44,6.27418906,-75.58691970,3.79,1525.651,23.906,2.120,333,22,35,,
T,2023-04-13 22:27:45,6.27420331,-75.58693075,3.79,1524.646,23.907,1.520,325,19,33,,
T,2023-04-13 22:27:46,6.27421313,-75.58693962,3.79,1523.342,23.907,1.010,324,21,33,,
T,2023-04-13 22:27:47,6.27421796,-75.58694306,3.79,1522.906,23.907,0.220,325,20,33,,
T,2023-04-13 22:27:48,6.27421882,-75.58694707,3.79,1522.935,23.907,0.500,325,23,34,,
T,2023-04-13 22:27:49,6.27421858,-75.58694977,3.79,1521.393,23.907,0.450,325,21,31,,
T,2023-04-13 22:27:50,6.27421860,-75.58695615,3.79,1522.819,23.907,1.160,291,21,33,,
T,2023-04-13 22:27:51,6.27422160,-75.58696386,3.79,1523.437,23.907,0.750,291,22,33,,
T,2023-04-13 22:27:52,6.27422501,-75.58697054,3.79,1523.591,23.907,0.790,291,22,34,,
T,2023-04-13 22:27:53,6.27422844,-75.58698162,3.79,1524.046,23.907,1.460,291,23,34,,
T,2023-04-13 22:27:54,6.27422940,-75.58699704,3.79,1523.262,23.907,1.800,259,22,34,,
T,2023-04-13 22:27:55,6.27422953,-75.58701441,3.79,1523.430,23.907,1.690,260,22,34,,
T,2023-04-13 22:27:56,6.27422842,-75.58703811,3.79,1523.040,23.907,2.990,265,21,33,,
T,2023-04-13 22:27:57,6.27422927,-75.58706431,3.79,1523.686,23.907,2.280,272,21,32,,
T,2023-04-13 22:27:58,6.27422918,-75.58708433,3.79,1523.954,23.907,1.840,265,21,33,,
T,2023-04-13 22:27:59,6.27423139,-75.58710978,3.79,1523.293,23.907,3.290,273,21,33,,
T,2023-04-13 22:28:00,6.27423377,-75.58713670,3.79,1522.798,23.908,2.430,272,23,35,,
T,2023-04-13 22:28:01,6.27423852,-75.58716228,3.79,1522.189,23.908,2.820,281,23,35,,
T,2023-04-13 22:28:02,6.27424439,-75.58718806,3.79,1521.983,23.908,2.470,281,22,34,,
T,2023-04-13 22:28:03,6.27424647,-75.58721006,3.79,1523.800,23.908,1.810,270,21,34,,
T,2023-04-13 22:28:04,6.27424334,-75.58722611,3.79,1522.104,23.908,1.350,254,20,34,,
T,2023-04-13 22:28:05,6.27423667,-75.58723797,3.79,1521.728,23.908,1.230,280,18,32,,
T,2023-04-13 22:28:06,6.27423302,-75.58724931,3.79,1521.547,23.908,0.980,242,20,34,,
T,2023-04-13 22:28:07,6.27423280,-75.58726102,3.79,1522.248,23.908,0.950,254,19,33,,
T,2023-04-13 22:28:08,6.27423300,-75.58727605,4.07,1522.924,23.908,1.630,264,18,33,,
T,2023-04-13 22:28:09,6.27423424,-75.58729894,4.09,1522.728,23.908,2.450,268,19,34,,
T,2023-04-13 22:28:10,6.27423623,-75.58732767,3.86,1522.402,23.909,3.090,271,18,33,,
T,2023-04-13 22:28:11,6.27423888,-75.58734883,3.79,1521.895,23.909,1.060,274,20,35,,
T,2023-04-13 22:28:12,6.27424169,-75.58736167,3.79,1519.815,23.909,1.090,274,19,34,,
T,2023-04-13 22:28:13,6.27424618,-75.58737280,3.79,1519.305,23.909,0.580,275,21,35,,
T,2023-04-13 22:28:14,6.27424531,-75.58738483,3.79,1519.647,23.909,1.540,233,20,33,,
T,2023-04-13 22:28:15,6.27424143,-75.58739612,3.79,1520.538,23.909,0.780,275,20,33,,
T,2023-04-13 22:28:16,6.27423995,-75.58740289,3.79,1518.689,23.909,0.680,275,20,32,,
T,2023-04-13 22:28:17,6.27423560,-75.58740804,3.79,1518.868,23.909,0.960,275,22,34,,
T,2023-04-13 22:28:18,6.27423057,-75.58741174,3.79,1518.908,23.909,0.750,275,22,32,,
T,2023-04-13 22:28:19,6.27422667,-75.58741271,3.79,1519.113,23.909,0.760,275,21,32,,
T,2023-04-13 22:28:20,6.27422528,-75.58741186,3.79,1520.291,23.909,0.580,275,20,30,,
T,2023-04-13 22:28:21,6.27422420,-75.58741176,3.79,1521.071,23.909,0.450,275,21,33,,
T,2023-04-13 22:28:22,6.27422364,-75.58741323,3.79,1521.602,23.909,0.310,275,16,28,,
T,2023-04-13 22:28:23,6.27422351,-75.58741494,3.79,1522.095,23.909,0.500,276,21,33,,
T,2023-04-13 22:28:24,6.27422755,-75.58742620,3.79,1522.958,23.909,0.000,,20,33,,
T,2023-04-13 22:28:25,6.27423048,-75.58743487,3.79,1522.887,23.909,0.000,,16,29,,
T,2023-04-13 22:28:26,6.27423209,-75.58744013,3.79,1522.952,23.909,0.000,,21,33,,
T,2023-04-13 22:28:27,6.27423339,-75.58744476,3.79,1523.394,23.909,0.000,,18,30,,
T,2023-04-13 22:28:28,6.27423426,-75.58744706,3.79,1523.345,23.909,0.000,,21,33,,
T,2023-04-13 22:28:29,6.27423387,-75.58744864,3.79,1523.238,23.909,0.000,,20,32,,
T,2023-04-13 22:28:30,6.27423300,-75.58744992,3.79,1522.891,23.909,0.000,,21,34,,
T,2023-04-13 22:28:31,6.27423357,-75.58745133,3.79,1523.212,23.909,0.280,276,23,34,,
T,2023-04-13 22:28:32,6.27423566,-75.58745431,3.79,1524.048,23.909,0.000,,23,34,,
T,2023-04-13 22:28:33,6.27423803,-75.58745664,3.79,1524.795,23.909,0.000,,23,34,,
T,2023-04-13 22:28:34,6.27423899,-75.58745684,3.79,1524.831,23.909,0.000,,23,34,,
T,2023-04-13 22:28:35,6.27424023,-75.58745736,3.79,1524.922,23.909,0.000,,23,34,,
T,2023-04-13 22:28:36,6.27424224,-75.58745957,3.79,1525.067,23.909,0.200,276,23,34,,
T,2023-04-13 22:28:37,6.27424414,-75.58746145,3.79,1524.614,23.909,0.260,276,22,35,,
T,2023-04-13 22:28:38,6.27424621,-75.58745871,3.79,1523.156,23.909,0.840,79,23,35,,
T,2023-04-13 22:28:39,6.27424793,-75.58745524,3.79,1523.405,23.909,0.250,79,23,35,,
T,2023-04-13 22:28:40,6.27424659,-75.58745307,3.79,1524.280,23.909,0.600,80,23,35,,
T,2023-04-13 22:28:41,6.27424456,-75.58745414,3.79,1524.337,23.909,0.000,,23,35,,
T,2023-04-13 22:28:42,6.27424419,-75.58745558,3.79,1524.649,23.909,0.000,,23,35,,
T,2023-04-13 22:28:43,6.27424212,-75.58745669,3.79,1525.007,23.909,0.260,79,23,35,,
T,2023-04-13 22:28:44,6.27423979,-75.58745765,3.79,1525.301,23.909,0.000,,22,35,,
T,2023-04-13 22:28:45,6.27424020,-75.58745602,3.79,1525.787,23.909,0.600,79,22,35,,
T,2023-04-13 22:28:46,6.27424611,-75.58745161,3.79,1525.337,23.909,1.280,79,23,35,,
T,2023-04-13 22:28:47,6.27425593,-75.58744696,3.79,1524.749,23.909,1.000,79,23,35,,
T,2023-04-13 22:28:48,6.27426372,-75.58744229,3.79,1524.948,23.909,0.920,79,24,35,,
T,2023-04-13 22:28:49,6.27427050,-75.58743592,3.79,1523.956,23.909,1.110,79,24,35,,
T,2023-04-13 22:28:50,6.27427712,-75.58742435,3.79,1524.179,23.909,1.760,64,24,35,,
T,2023-04-13 22:28:51,6.27428094,-75.58741043,3.79,1524.607,23.909,1.530,79,21,32,,
T,2023-04-13 22:28:52,6.27428184,-75.58739716,3.79,1524.372,23.909,1.470,88,23,35,,
T,2023-04-13 22:28:53,6.27428071,-75.58738343,3.79,1524.915,23.909,1.620,101,22,34,,
T,2023-04-13 22:28:54,6.27427902,-75.58737013,3.79,1524.159,23.909,1.460,100,21,33,,
T,2023-04-13 22:28:55,6.27427794,-75.58735717,3.79,1524.270,23.909,1.510,98,21,34,,
T,2023-04-13 22:28:56,6.27427702,-75.58734408,3.79,1524.021,23.908,1.520,97,17,33,,
T,2023-04-13 22:28:57,6.27427623,-75.58733244,3.79,1524.198,23.908,1.400,97,19,35,,
T,2023-04-13 22:28:58,6.27427579,-75.58732148,3.79,1524.232,23.908,1.390,97,16,33,,
T,2023-04-13 22:28:59,6.27427497,-75.58731185,3.79,1524.707,23.908,1.290,96,18,34,,
T,2023-04-13 22:29:00,6.27427430,-75.58730646,3.79,1524.595,23.908,0.450,79,16,31,,
T,2023-04-13 22:29:01,6.27427332,-75.58730082,3.79,1523.247,23.908,1.120,99,17,31,,
T,2023-04-13 22:29:02,6.27427237,-75.58729079,3.79,1522.790,23.908,0.960,101,19,33,,
T,2023-04-13 22:29:03,6.27427415,-75.58727972,3.79,1523.245,23.908,1.560,82,20,32,,
T,2023-04-13 22:29:04,6.27427402,-75.58726978,3.79,1523.865,23.908,0.750,85,18,32,,
T,2023-04-13 22:29:05,6.27427050,-75.58726178,3.79,1523.639,23.908,1.110,98,18,30,,
T,2023-04-13 22:29:06,6.27426715,-75.58725226,3.79,1523.104,23.908,0.560,119,18,33,,
T,2023-04-13 22:29:07,6.27426331,-75.58724576,3.79,1522.331,23.908,0.600,120,20,34,,
T,2023-04-13 22:29:08,6.27426095,-75.58723607,3.79,1521.434,23.908,1.030,99,20,33,,
T,2023-04-13 22:29:09,6.27425984,-75.58722286,3.79,1520.664,23.908,1.140,95,18,31,,
T,2023-04-13 22:29:10,6.27426088,-75.58720880,3.79,1521.507,23.908,1.380,85,22,35,,
T,2023-04-13 22:29:11,6.27426134,-75.58719639,3.79,1521.876,23.908,0.970,92,19,30,,
T,2023-04-13 22:29:12,6.27426091,-75.58718652,3.79,1522.611,23.908,0.760,98,18,30,,
T,2023-04-13 22:29:13,6.27425962,-75.58717889,3.79,1522.084,23.908,0.610,106,19,32,,
