type,date time,latitude,longitude,accuracy(m),altitude(m),geoid_height(m),speed(m/s),bearing(deg),sat_used,sat_inview,name,desc
T,2023-03-27 22:07:28.278,6.21884167,-75.56132833,9.30,1757.611,23.889,0.000,,9,42,20230327-170728,GPS Logger: 20230327-170728 - Nmax_viaje_19
T,2023-03-27 22:07:29.283,6.21885167,-75.56131667,9.00,1751.011,23.889,0.000,,10,42,,
T,2023-03-27 22:07:30.277,6.21890833,-75.56132167,8.50,1736.011,23.889,0.000,,10,42,,
T,2023-03-27 22:07:31.277,6.21893667,-75.56130833,8.10,1731.111,23.889,0.000,,10,42,,
T,2023-03-27 22:07:32.277,6.21894167,-75.56130167,8.10,1730.111,23.889,0.000,,10,42,,
T,2023-03-27 22:07:33.280,6.21895833,-75.56130167,7.70,1727.411,23.889,0.000,,11,42,,
T,2023-03-27 22:07:34.298,6.21905167,-75.56120333,9.50,1727.412,23.888,0.000,,11,42,,
T,2023-03-27 22:07:36,6.21899667,-75.56134000,7.10,1727.411,23.889,0.171,60,13,42,,
T,2023-03-27 22:07:37,6.21899667,-75.56134000,6.20,1727.411,23.889,0.029,130,14,42,,
T,2023-03-27 22:07:38,6.21919667,-75.56126833,5.70,1692.512,23.888,0.034,317,13,42,,
T,2023-03-27 22:07:39,6.21920000,-75.56127667,5.40,1691.012,23.888,0.048,321,13,42,,
T,2023-03-27 22:07:40,6.21919667,-75.56129000,5.20,1691.012,23.888,0.143,282,14,42,,
T,2023-03-27 22:07:41,6.21919333,-75.56130333,5.10,1690.611,23.889,0.410,273,15,42,,
T,2023-03-27 22:07:42,6.21919000,-75.56131667,4.90,1690.711,23.889,0.427,276,15,42,,
T,2023-03-27 22:07:43,6.21918833,-75.56132833,4.80,1689.911,23.889,0.163,266,16,42,,
T,2023-03-27 22:07:44,6.21919167,-75.56133833,4.60,1688.211,23.889,0.184,40,16,42,,
T,2023-03-27 22:07:45,6.21919500,-75.56134167,4.60,1687.411,23.889,0.209,284,16,42,,
T,2023-03-27 22:07:46,6.21919833,-75.56134833,4.50,1686.811,23.889,0.253,231,15,42,,
T,2023-03-27 22:07:47,6.21919667,-75.56135000,4.50,1686.611,23.889,0.305,241,15,42,,
T,2023-03-27 22:07:48,6.21920000,-75.56136167,4.50,1685.211,23.889,0.311,95,16,42,,
T,2023-03-27 22:07:49,6.21920333,-75.56137667,4.50,1683.611,23.889,0.000,,16,42,,
T,2023-03-27 22:07:50,6.21921000,-75.56138667,4.40,1682.411,23.889,0.000,,14,42,,
T,2023-03-27 22:07:51,6.21921333,-75.56139500,4.40,1682.011,23.889,0.447,17,14,42,,
T,2023-03-27 22:07:52,6.21921500,-75.56140000,4.40,1681.511,23.889,0.000,,14,42,,
T,2023-03-27 22:07:53,6.21922000,-75.56140167,4.40,1680.711,23.889,0.000,,15,42,,
T,2023-03-27 22:07:54,6.21921833,-75.56140333,4.30,1681.011,23.889,0.578,77,15,42,,
T,2023-03-27 22:07:55,6.21921667,-75.56140833,4.30,1680.911,23.889,0.553,92,14,42,,
T,2023-03-27 22:07:56,6.21921833,-75.56141000,4.30,1681.211,23.889,0.539,200,13,42,,
T,2023-03-27 22:07:57,6.21921667,-75.56141167,4.30,1681.711,23.889,0.580,223,13,42,,
T,2023-03-27 22:07:58,6.21921333,-75.56139833,4.30,1682.711,23.889,0.000,,14,42,,
T,2023-03-27 22:07:59,6.21921000,-75.56139000,4.30,1683.311,23.889,0.000,,14,42,,
T,2023-03-27 22:08:00,6.21920500,-75.56138000,4.30,1684.111,23.889,0.573,124,14,42,,
T,2023-03-27 22:08:01,6.21920667,-75.56136833,4.30,1685.011,23.889,0.567,57,14,42,,
T,2023-03-27 22:08:02,6.21920667,-75.56135500,4.30,1685.611,23.889,0.611,66,13,42,,
T,2023-03-27 22:08:03,6.21920333,-75.56134500,4.30,1686.211,23.889,0.000,,13,42,,
T,2023-03-27 22:08:04,6.21920333,-75.56133667,4.30,1686.811,23.889,0.000,,12,42,,
T,2023-03-27 22:08:05,6.21920500,-75.56132833,4.30,1687.211,23.889,0.617,62,13,42,,
T,2023-03-27 22:08:06,6.21920500,-75.56131667,4.30,1687.411,23.889,0.000,,13,42,,
T,2023-03-27 22:08:07,6.21920833,-75.56130500,4.30,1687.411,23.889,0.000,,13,42,,
T,2023-03-27 22:08:08,6.21920667,-75.56130167,4.40,1687.512,23.888,0.700,65,13,42,,
T,2023-03-27 22:08:09,6.21920333,-75.56128833,4.40,1687.412,23.888,0.000,,12,42,,
T,2023-03-27 22:08:10,6.21919667,-75.56126667,4.40,1687.312,23.888,0.000,,12,42,,
T,2023-03-27 22:08:11,6.21919333,-75.56124667,4.10,1687.312,23.888,0.000,,12,42,,
T,2023-03-27 22:08:12,6.21920167,-75.56120500,4.20,1687.212,23.888,0.000,,12,42,,
T,2023-03-27 22:08:13,6.21921000,-75.56116500,4.50,1687.112,23.888,0.000,,11,42,,
T,2023-03-27 22:08:14,6.21922833,-75.56111333,4.90,1687.113,23.887,0.000,,9,42,,
T,2023-03-27 22:08:15,6.21924667,-75.56106667,5.40,1687.013,23.887,0.000,,7,41,,
T,2023-03-27 22:08:16,6.21926167,-75.56101833,6.00,1686.913,23.887,0.000,,5,41,,
T,2023-03-27 22:08:43,6.21921667,-75.56109000,9.10,1680.713,23.887,0.000,,6,41,,
T,2023-03-27 22:09:15,6.21960500,-75.56024500,3.30,1720.218,23.882,1.503,37,18,42,,
T,2023-03-27 22:09:16,6.21961667,-75.56020833,3.00,1722.618,23.882,1.516,55,18,42,,
T,2023-03-27 22:09:17,6.21962000,-75.56016667,2.60,1720.918,23.882,1.709,95,19,42,,
T,2023-03-27 22:09:18,6.21959333,-75.56010667,2.50,1718.518,23.882,2.055,127,19,42,,
T,2023-03-27 22:09:19,6.21955333,-75.56006333,2.50,1717.819,23.881,6.204,139,18,42,,
T,2023-03-27 22:09:20,6.21950667,-75.56002167,2.40,1717.519,23.881,6.421,146,18,42,,
T,2023-03-27 22:09:21,6.21945667,-75.55998000,2.40,1716.819,23.881,6.295,149,20,42,,
T,2023-03-27 22:09:22,6.21940833,-75.55994000,2.40,1716.519,23.881,6.116,145,20,42,,
T,2023-03-27 22:09:23,6.21936333,-75.55990500,2.30,1717.219,23.881,5.651,156,21,42,,
T,2023-03-27 22:09:24,6.21932000,-75.55988000,2.20,1717.319,23.881,5.109,157,23,42,,
T,2023-03-27 22:09:25,6.21928000,-75.55985167,2.20,1717.319,23.881,4.220,154,24,42,,
T,2023-03-27 22:09:26,6.21924500,-75.55982833,2.20,1716.819,23.881,4.058,153,24,42,,
T,2023-03-27 22:09:27,6.21921333,-75.55980667,2.10,1716.319,23.881,3.662,159,23,42,,
T,2023-03-27 22:09:28,6.21918833,-75.55978333,2.10,1715.119,23.881,3.271,157,22,42,,
T,2023-03-27 22:09:29,6.21915833,-75.55974167,2.20,1712.220,23.880,4.865,157,22,42,,
T,2023-03-27 22:09:30,6.21912167,-75.55970667,2.10,1710.620,23.880,4.677,151,23,42,,
T,2023-03-27 22:09:31,6.21908167,-75.55967667,2.00,1709.720,23.880,4.500,156,23,42,,
T,2023-03-27 22:09:32,6.21904000,-75.55965667,1.90,1709.420,23.880,4.285,155,23,42,,
T,2023-03-27 22:09:33,6.21900000,-75.55963333,2.00,1708.220,23.880,4.128,158,23,42,,
T,2023-03-27 22:09:34,6.21895833,-75.55961167,1.90,1707.320,23.880,4.058,156,22,42,,
T,2023-03-27 22:09:35,6.21892167,-75.55959333,1.80,1707.020,23.880,3.997,154,22,42,,
T,2023-03-27 22:09:36,6.21889500,-75.55957667,1.80,1706.520,23.880,3.888,152,23,42,,
T,2023-03-27 22:09:37,6.21887167,-75.55956167,1.70,1706.120,23.880,3.810,160,22,42,,
T,2023-03-27 22:09:38,6.21884500,-75.55954667,1.70,1705.820,23.880,3.884,162,22,42,,
T,2023-03-27 22:09:39,6.21880333,-75.55953167,1.80,1705.820,23.880,3.998,165,23,42,,
T,2023-03-27 22:09:40,6.21874667,-75.55950167,1.80,1705.620,23.880,7.328,157,22,42,,
T,2023-03-27 22:09:41,6.21868333,-75.55947333,1.80,1705.220,23.880,7.172,154,21,42,,
T,2023-03-27 22:09:42,6.21862500,-75.55944667,1.80,1705.420,23.880,6.770,151,21,42,,
T,2023-03-27 22:09:43,6.21858167,-75.55941167,1.90,1705.620,23.880,5.740,143,20,42,,
T,2023-03-27 22:09:44,6.21855000,-75.55937667,1.90,1705.720,23.880,5.151,131,20,42,,
T,2023-03-27 22:09:45,6.21852167,-75.55934000,2.20,1705.820,23.880,4.910,128,20,42,,
T,2023-03-27 22:09:46,6.21850000,-75.55930833,2.20,1706.621,23.879,4.309,120,22,42,,
T,2023-03-27 22:09:47,6.21847500,-75.55927000,2.30,1707.821,23.879,5.001,122,22,42,,
T,2023-03-27 22:09:48,6.21844000,-75.55922167,2.20,1708.721,23.879,6.241,132,23,42,,
T,2023-03-27 22:09:49,6.21839333,-75.55916833,2.10,1709.321,23.879,7.396,138,24,42,,
T,2023-03-27 22:09:50,6.21833000,-75.55911333,2.00,1709.621,23.879,8.522,142,24,42,,
T,2023-03-27 22:09:51,6.21825500,-75.55905833,2.00,1709.721,23.879,9.959,144,25,42,,
T,2023-03-27 22:09:52,6.21816833,-75.55899833,2.00,1709.821,23.879,10.664,146,26,42,,
T,2023-03-27 22:09:53,6.21806500,-75.55893667,2.00,1709.622,23.878,12.105,150,27,42,,
T,2023-03-27 22:09:54,6.21794667,-75.55887167,2.00,1709.522,23.878,13.517,153,27,42,,
T,2023-03-27 22:09:55,6.21782333,-75.55881333,2.00,1709.222,23.878,14.305,157,25,42,,
T,2023-03-27 22:09:56,6.21769000,-75.55875333,2.00,1708.622,23.878,15.128,155,23,42,,
T,2023-03-27 22:09:57,6.21755500,-75.55869833,1.90,1708.322,23.878,15.755,155,26,42,,
T,2023-03-27 22:09:58,6.21741667,-75.55863333,2.10,1708.622,23.878,15.482,154,23,42,,
T,2023-03-27 22:09:59,6.21728500,-75.55857167,1.90,1708.222,23.878,14.907,153,22,42,,
T,2023-03-27 22:10:00,6.21714500,-75.55851333,2.00,1700.522,23.878,14.697,155,23,42,,
T,2023-03-27 22:10:01,6.21701833,-75.55845167,2.10,1698.422,23.878,14.855,154,23,42,,
T,2023-03-27 22:10:02,6.21688167,-75.55839000,2.00,1697.022,23.878,15.390,154,24,42,,
T,2023-03-27 22:10:03,6.21675167,-75.55832833,2.10,1694.522,23.878,15.694,152,24,42,,
T,2023-03-27 22:10:04,6.21662833,-75.55825667,2.20,1692.522,23.878,15.669,149,24,42,,
T,2023-03-27 22:10:05,6.21650500,-75.55819000,2.20,1692.022,23.878,15.517,149,25,42,,
T,2023-03-27 22:10:06,6.21638500,-75.55812167,2.20,1687.623,23.877,15.286,149,25,42,,
T,2023-03-27 22:10:07,6.21626500,-75.55805000,2.30,1686.323,23.877,15.298,149,25,42,,
T,2023-03-27 22:10:08,6.21614833,-75.55797667,2.10,1685.523,23.877,14.600,147,25,42,,
T,2023-03-27 22:10:09,6.21603833,-75.55790833,2.30,1684.323,23.877,13.228,148,24,42,,
T,2023-03-27 22:10:10,6.21594833,-75.55785167,2.20,1683.523,23.877,11.845,148,24,42,,
T,2023-03-27 22:10:11,6.21586667,-75.55779167,2.10,1682.323,23.877,10.971,145,24,42,,
T,2023-03-27 22:10:12,6.21579000,-75.55774000,1.90,1680.223,23.877,10.408,146,25,42,,
T,2023-03-27 22:10:13,6.21571500,-75.55769167,2.00,1679.024,23.876,9.593,146,25,42,,
T,2023-03-27 22:10:14,6.21564500,-75.55763833,2.10,1677.124,23.876,9.069,148,25,42,,
T,2023-03-27 22:10:15,6.21557333,-75.55760000,2.00,1677.224,23.876,9.169,150,26,42,,
T,2023-03-27 22:10:16,6.21550833,-75.55755500,1.90,1676.924,23.876,9.029,148,26,42,,
T,2023-03-27 22:10:17,6.21543667,-75.55751167,1.80,1675.924,23.876,9.610,148,26,42,,
T,2023-03-27 22:10:18,6.21536333,-75.55746833,1.70,1676.224,23.876,10.483,152,26,42,,
T,2023-03-27 22:10:19,6.21527000,-75.55744500,1.90,1675.824,23.876,11.434,165,26,42,,
T,2023-03-27 22:10:20,6.21516167,-75.55743500,1.80,1675.124,23.876,11.866,177,26,42,,
T,2023-03-27 22:10:21,6.21504333,-75.55745000,2.10,1674.824,23.876,11.866,188,25,42,,
T,2023-03-27 22:10:22,6.21492500,-75.55749167,2.30,1674.623,23.877,12.191,200,25,42,,
T,2023-03-27 22:10:23,6.21482167,-75.55754167,2.20,1675.323,23.877,12.200,207,25,42,,
T,2023-03-27 22:10:24,6.21473333,-75.55760333,2.10,1675.322,23.878,11.886,213,25,42,,
T,2023-03-27 22:10:25,6.21466167,-75.55767833,2.10,1675.922,23.878,11.182,226,25,42,,
T,2023-03-27 22:10:26,6.21461667,-75.55778000,2.30,1676.621,23.879,10.420,240,25,42,,
T,2023-03-27 22:10:27,6.21459500,-75.55787667,2.10,1676.720,23.880,10.223,256,25,42,,
T,2023-03-27 22:10:28,6.21459667,-75.55798167,2.00,1676.620,23.880,10.387,266,23,42,,
T,2023-03-27 22:10:29,6.21461000,-75.55807667,2.00,1676.219,23.881,10.129,274,23,42,,
T,2023-03-27 22:10:30,6.21462667,-75.55816667,1.90,1675.819,23.881,9.756,279,24,42,,
T,2023-03-27 22:10:31,6.21465500,-75.55825333,1.90,1675.719,23.881,8.945,283,24,42,,
T,2023-03-27 22:10:32,6.21468167,-75.55833500,1.90,1674.718,23.882,8.518,284,24,42,,
T,2023-03-27 22:10:33,6.21471000,-75.55841500,1.90,1673.018,23.882,8.984,284,27,42,,
T,2023-03-27 22:10:34,6.21472833,-75.55850667,1.90,1671.417,23.883,9.067,283,27,42,,
T,2023-03-27 22:10:35,6.21474167,-75.55858000,1.90,1670.317,23.883,8.107,281,27,42,,
T,2023-03-27 22:10:36,6.21475667,-75.55865833,1.90,1669.517,23.883,7.992,282,27,42,,
T,2023-03-27 22:10:37,6.21476833,-75.55872333,1.90,1669.616,23.884,8.386,283,27,42,,
T,2023-03-27 22:10:38,6.21478500,-75.55879000,1.90,1670.416,23.884,7.691,281,25,42,,
T,2023-03-27 22:10:39,6.21480500,-75.55885333,1.90,1670.516,23.884,6.661,284,25,42,,
T,2023-03-27 22:10:40,6.21481833,-75.55891000,1.90,1670.115,23.885,5.895,285,25,42,,
T,2023-03-27 22:10:41,6.21482833,-75.55896167,2.00,1669.715,23.885,6.788,286,24,42,,
T,2023-03-27 22:10:42,6.21484333,-75.55902333,1.90,1669.215,23.885,7.286,285,24,42,,
T,2023-03-27 22:10:43,6.21486167,-75.55908667,1.80,1669.015,23.885,7.501,285,26,42,,
T,2023-03-27 22:10:44,6.21488000,-75.55915833,1.60,1668.114,23.886,8.557,282,26,42,,
T,2023-03-27 22:10:45,6.21489833,-75.55923667,1.60,1667.614,23.886,9.140,282,26,42,,
T,2023-03-27 22:10:46,6.21491500,-75.55931500,1.50,1667.114,23.886,8.508,282,26,42,,
T,2023-03-27 22:10:47,6.21493000,-75.55938667,1.50,1666.813,23.887,7.904,280,27,42,,
T,2023-03-27 22:10:48,6.21494333,-75.55944667,1.60,1666.813,23.887,6.071,278,27,42,,
T,2023-03-27 22:10:49,6.21495333,-75.55948167,1.80,1667.613,23.887,5.604,281,27,42,,
T,2023-03-27 22:10:50,6.21496167,-75.55953000,1.70,1668.213,23.887,6.217,281,27,42,,
T,2023-03-27 22:10:51,6.21497000,-75.55958500,1.90,1669.312,23.888,6.623,279,28,42,,
T,2023-03-27 22:10:52,6.21497333,-75.55963667,1.70,1670.112,23.888,5.512,279,27,42,,
T,2023-03-27 22:10:53,6.21498000,-75.55968833,1.70,1670.112,23.888,5.675,279,27,42,,
T,2023-03-27 22:10:54,6.21499167,-75.55974500,1.60,1669.911,23.889,7.048,280,28,42,,
T,2023-03-27 22:10:55,6.21500167,-75.55981000,1.60,1669.711,23.889,7.211,278,28,42,,
T,2023-03-27 22:10:56,6.21501167,-75.55987333,1.60,1669.311,23.889,6.519,279,28,42,,
T,2023-03-27 22:10:57,6.21502000,-75.55993167,1.50,1668.511,23.889,5.876,280,27,42,,
T,2023-03-27 22:10:58,6.21502667,-75.55998167,1.50,1667.910,23.890,4.913,279,28,42,,
T,2023-03-27 22:10:59,6.21503333,-75.56002833,1.60,1667.610,23.890,5.451,280,28,42,,
T,2023-03-27 22:11:00,6.21504167,-75.56007833,1.60,1667.410,23.890,5.690,278,28,42,,
T,2023-03-27 22:11:01,6.21505500,-75.56013333,1.60,1666.910,23.890,6.347,282,28,42,,
T,2023-03-27 22:11:02,6.21506667,-75.56019667,1.60,1666.109,23.891,7.781,278,27,42,,
T,2023-03-27 22:11:03,6.21508000,-75.56027000,1.60,1665.509,23.891,8.054,281,27,42,,
T,2023-03-27 22:11:04,6.21509667,-75.56034000,1.50,1664.909,23.891,7.426,281,25,42,,
T,2023-03-27 22:11:05,6.21510833,-75.56040667,1.50,1664.308,23.892,7.000,279,24,42,,
T,2023-03-27 22:11:06,6.21512333,-75.56047000,1.50,1663.508,23.892,6.907,283,25,42,,
T,2023-03-27 22:11:07,6.21513667,-75.56052833,1.50,1663.008,23.892,6.239,283,26,42,,
T,2023-03-27 22:11:08,6.21514667,-75.56058000,1.80,1662.907,23.893,5.872,282,26,42,,
T,2023-03-27 22:11:09,6.21516000,-75.56063333,1.70,1662.907,23.893,6.393,282,26,42,,
T,2023-03-27 22:11:10,6.21517167,-75.56068667,1.80,1663.307,23.893,5.473,282,26,42,,
T,2023-03-27 22:11:11,6.21518667,-75.56073500,1.80,1662.507,23.893,5.439,285,27,42,,
T,2023-03-27 22:11:12,6.21520333,-75.56078333,1.80,1661.806,23.894,4.857,283,26,42,,
T,2023-03-27 22:11:13,6.21521667,-75.56083000,1.90,1660.706,23.894,4.860,280,26,42,,
T,2023-03-27 22:11:14,6.21522333,-75.56087333,1.80,1660.306,23.894,4.868,281,27,42,,
T,2023-03-27 22:11:15,6.21523167,-75.56091500,1.80,1659.506,23.894,4.533,282,27,42,,
T,2023-03-27 22:11:16,6.21524167,-75.56095333,1.80,1658.406,23.894,4.089,281,27,42,,
T,2023-03-27 22:11:17,6.21525333,-75.56099333,1.60,1656.505,23.895,3.919,282,27,42,,
T,2023-03-27 22:11:18,6.21526000,-75.56102833,1.70,1654.705,23.895,3.935,282,27,42,,
T,2023-03-27 22:11:19,6.21527000,-75.56106500,1.60,1653.805,23.895,4.207,281,27,42,,
T,2023-03-27 22:11:20,6.21527667,-75.56110500,1.50,1653.205,23.895,4.565,282,27,42,,
T,2023-03-27 22:11:21,6.21528333,-75.56114667,1.40,1653.005,23.895,4.914,284,27,42,,
T,2023-03-27 22:11:22,6.21529333,-75.56119000,1.70,1653.104,23.896,5.222,282,27,42,,
T,2023-03-27 22:11:23,6.21530500,-75.56124167,1.80,1653.504,23.896,5.568,281,27,42,,
T,2023-03-27 22:11:24,6.21531333,-75.56129833,1.80,1654.104,23.896,6.323,278,27,42,,
T,2023-03-27 22:11:25,6.21532000,-75.56135500,1.80,1654.104,23.896,6.046,282,28,42,,
T,2023-03-27 22:11:26,6.21533000,-75.56140167,1.90,1654.603,23.897,4.894,285,28,42,,
T,2023-03-27 22:11:27,6.21533667,-75.56143000,1.80,1654.203,23.897,3.068,287,28,42,,
T,2023-03-27 22:11:28,6.21534167,-75.56144667,1.80,1654.703,23.897,2.604,285,28,42,,
T,2023-03-27 22:11:29,6.21535167,-75.56146667,1.70,1654.903,23.897,2.495,279,28,42,,
T,2023-03-27 22:11:30,6.21535500,-75.56149500,1.70,1655.203,23.897,3.772,279,28,42,,
T,2023-03-27 22:11:31,6.21536167,-75.56154167,1.70,1654.603,23.897,5.310,276,28,42,,
T,2023-03-27 22:11:32,6.21536833,-75.56159500,1.80,1654.003,23.897,6.277,279,27,42,,
T,2023-03-27 22:11:33,6.21538667,-75.56166333,1.80,1653.602,23.898,7.526,283,27,42,,
T,2023-03-27 22:11:34,6.21540667,-75.56172833,1.80,1653.102,23.898,7.296,284,27,42,,
T,2023-03-27 22:11:35,6.21542167,-75.56179500,1.80,1652.702,23.898,7.539,283,27,42,,
T,2023-03-27 22:11:36,6.21543833,-75.56186667,1.90,1652.001,23.899,7.958,282,27,42,,
T,2023-03-27 22:11:37,6.21544667,-75.56193167,1.90,1651.701,23.899,7.126,281,27,42,,
T,2023-03-27 22:11:38,6.21545667,-75.56198667,1.90,1652.001,23.899,6.442,282,27,42,,
T,2023-03-27 22:11:39,6.21546833,-75.56203000,1.90,1651.500,23.900,6.134,283,26,42,,
T,2023-03-27 22:11:40,6.21548000,-75.56209167,1.90,1651.300,23.900,7.043,282,26,42,,
T,2023-03-27 22:11:41,6.21549500,-75.56215833,2.00,1651.500,23.900,7.660,285,25,42,,
T,2023-03-27 22:11:42,6.21551167,-75.56222333,2.00,1652.100,23.900,7.395,284,25,42,,
T,2023-03-27 22:11:43,6.21552667,-75.56229500,2.10,1652.099,23.901,7.145,283,25,42,,
T,2023-03-27 22:11:44,6.21554167,-75.56235667,2.10,1652.599,23.901,6.237,285,25,42,,
T,2023-03-27 22:11:45,6.21555167,-75.56240833,2.10,1652.599,23.901,5.362,286,25,42,,
T,2023-03-27 22:11:46,6.21556333,-75.56244500,2.10,1652.998,23.902,4.188,286,26,42,,
T,2023-03-27 22:11:47,6.21557667,-75.56246833,2.00,1652.798,23.902,2.880,287,26,42,,
T,2023-03-27 22:11:48,6.21558667,-75.56249333,1.90,1652.698,23.902,2.262,287,26,42,,
T,2023-03-27 22:11:49,6.21559000,-75.56251000,1.90,1652.498,23.902,2.477,283,26,42,,
T,2023-03-27 22:11:50,6.21559667,-75.56253667,1.90,1653.398,23.902,3.563,286,26,42,,
T,2023-03-27 22:11:51,6.21560667,-75.56257500,1.90,1652.998,23.902,4.302,287,26,42,,
T,2023-03-27 22:11:52,6.21562333,-75.56264000,2.00,1652.798,23.902,6.379,289,26,42,,
T,2023-03-27 22:11:53,6.21564833,-75.56271500,2.10,1651.997,23.903,7.136,292,25,42,,
T,2023-03-27 22:11:54,6.21567500,-75.56279500,2.00,1651.697,23.903,8.462,290,23,42,,
T,2023-03-27 22:11:55,6.21570167,-75.56287167,1.80,1651.197,23.903,8.682,289,26,42,,
T,2023-03-27 22:11:56,6.21572667,-75.56294667,1.70,1650.996,23.904,7.865,289,25,42,,
T,2023-03-27 22:11:57,6.21575000,-75.56301333,1.90,1650.396,23.904,7.868,287,26,42,,
T,2023-03-27 22:11:58,6.21577333,-75.56309000,1.90,1649.396,23.904,8.314,289,25,42,,
T,2023-03-27 22:11:59,6.21580333,-75.56316333,1.90,1648.195,23.905,7.627,292,25,42,,
T,2023-03-27 22:12:00,6.21582667,-75.56322333,1.90,1647.095,23.905,6.784,290,26,42,,
T,2023-03-27 22:12:01,6.21585333,-75.56328500,1.90,1646.095,23.905,6.816,292,28,42,,
T,2023-03-27 22:12:02,6.21588167,-75.56334500,1.90,1645.294,23.906,6.431,297,28,42,,
T,2023-03-27 22:12:03,6.21591333,-75.56339333,1.70,1645.294,23.906,6.347,299,26,42,,
T,2023-03-27 22:12:04,6.21594667,-75.56345000,1.60,1644.394,23.906,7.144,300,28,42,,
T,2023-03-27 22:12:05,6.21598167,-75.56350667,1.90,1643.594,23.906,7.902,303,28,42,,
T,2023-03-27 22:12:06,6.21602000,-75.56356667,2.00,1642.794,23.906,7.903,304,28,42,,
T,2023-03-27 22:12:07,6.21606000,-75.56363000,2.10,1641.893,23.907,8.169,309,28,42,,
T,2023-03-27 22:12:08,6.21610333,-75.56367667,2.10,1641.193,23.907,7.581,310,28,42,,
T,2023-03-27 22:12:09,6.21614833,-75.56372500,2.00,1641.293,23.907,7.602,312,28,42,,
T,2023-03-27 22:12:10,6.21619833,-75.56377667,1.80,1640.393,23.907,7.452,312,28,42,,
T,2023-03-27 22:12:11,6.21625167,-75.56383833,2.10,1639.493,23.907,7.875,310,28,42,,
T,2023-03-27 22:12:12,6.21630333,-75.56389667,2.10,1638.692,23.908,8.113,311,27,42,,
T,2023-03-27 22:12:13,6.21635500,-75.56395500,2.10,1638.092,23.908,8.533,313,27,42,,
T,2023-03-27 22:12:14,6.21641000,-75.56401000,2.20,1637.092,23.908,8.755,314,27,42,,
T,2023-03-27 22:12:15,6.21645833,-75.56406333,2.30,1635.592,23.908,8.313,313,27,42,,
T,2023-03-27 22:12:16,6.21651000,-75.56411000,2.30,1634.292,23.908,7.804,317,27,42,,
T,2023-03-27 22:12:17,6.21655667,-75.56415167,2.20,1632.992,23.908,6.955,319,27,42,,
T,2023-03-27 22:12:18,6.21660667,-75.56418333,2.20,1631.891,23.909,7.138,324,27,42,,
T,2023-03-27 22:12:19,6.21666000,-75.56422833,2.20,1630.291,23.909,7.808,326,25,42,,
T,2023-03-27 22:12:20,6.21672500,-75.56426667,2.20,1629.391,23.909,8.274,330,25,42,,
T,2023-03-27 22:12:21,6.21679333,-75.56429000,2.20,1628.791,23.909,8.503,339,25,42,,
T,2023-03-27 22:12:22,6.21688500,-75.56430167,2.10,1628.091,23.909,9.071,346,26,42,,
T,2023-03-27 22:12:23,6.21697833,-75.56431500,2.10,1627.491,23.909,9.314,350,27,42,,
T,2023-03-27 22:12:24,6.21707333,-75.56432500,2.10,1626.992,23.908,9.339,354,27,42,,
T,2023-03-27 22:12:25,6.21715667,-75.56433333,2.10,1625.692,23.908,9.503,359,27,42,,
T,2023-03-27 22:12:26,6.21723833,-75.56432167,2.10,1623.892,23.908,9.469,6,27,42,,
T,2023-03-27 22:12:27,6.21732333,-75.56431500,2.10,1623.092,23.908,8.974,8,26,42,,
T,2023-03-27 22:12:28,6.21741167,-75.56430333,2.00,1623.292,23.908,8.470,11,27,42,,
T,2023-03-27 22:12:29,6.21748500,-75.56428167,1.90,1622.293,23.907,7.810,12,26,42,,
T,2023-03-27 22:12:30,6.21755167,-75.56426333,1.90,1621.293,23.907,7.296,12,26,42,,
T,2023-03-27 22:12:31,6.21760333,-75.56425667,2.10,1621.093,23.907,6.520,12,26,42,,
T,2023-03-27 22:12:32,6.21765000,-75.56423833,2.10,1619.893,23.907,5.862,12,26,42,,
T,2023-03-27 22:12:33,6.21769000,-75.56423167,2.00,1618.693,23.907,4.712,13,26,42,,
T,2023-03-27 22:12:34,6.21772500,-75.56423000,2.00,1618.493,23.907,3.781,12,26,42,,
T,2023-03-27 22:12:35,6.21775500,-75.56422667,1.90,1618.293,23.907,3.376,10,26,42,,
T,2023-03-27 22:12:36,6.21778500,-75.56422167,1.80,1617.694,23.906,3.244,1,26,42,,
T,2023-03-27 22:12:37,6.21781667,-75.56422167,1.80,1617.294,23.906,2.904,354,25,42,,
T,2023-03-27 22:12:38,6.21784500,-75.56422333,1.80,1616.694,23.906,2.696,351,25,42,,
T,2023-03-27 22:12:39,6.21787500,-75.56423667,1.80,1616.394,23.906,3.166,333,24,42,,
T,2023-03-27 22:12:40,6.21790667,-75.56426167,1.90,1616.294,23.906,3.881,321,26,42,,
T,2023-03-27 22:12:41,6.21793167,-75.56428833,1.90,1616.393,23.907,3.748,302,26,42,,
T,2023-03-27 22:12:42,6.21794667,-75.56431667,1.90,1617.093,23.907,3.503,293,26,42,,
T,2023-03-27 22:12:43,6.21794500,-75.56435833,1.90,1617.593,23.907,4.070,270,26,42,,
T,2023-03-27 22:12:44,6.21793000,-75.56439667,1.90,1617.693,23.907,4.359,250,25,42,,
T,2023-03-27 22:12:45,6.21790333,-75.56442333,1.90,1617.393,23.907,4.250,232,26,42,,
T,2023-03-27 22:12:46,6.21786667,-75.56443833,2.00,1617.793,23.907,4.591,202,26,42,,
T,2023-03-27 22:12:47,6.21782667,-75.56444500,2.00,1619.192,23.908,4.156,188,25,42,,
T,2023-03-27 22:12:48,6.21779000,-75.56444500,1.80,1620.292,23.908,4.369,179,26,42,,
T,2023-03-27 22:12:49,6.21774833,-75.56444000,1.90,1621.292,23.908,4.512,168,26,42,,
T,2023-03-27 22:12:50,6.21771167,-75.56442667,1.90,1621.692,23.908,4.261,163,26,42,,
T,2023-03-27 22:12:51,6.21767833,-75.56441667,2.00,1622.292,23.908,3.317,162,26,42,,
T,2023-03-27 22:12:52,6.21765667,-75.56440833,1.90,1622.092,23.908,1.795,156,26,42,,
T,2023-03-27 22:12:53,6.21764833,-75.56441333,1.90,1622.292,23.908,0.000,,26,42,,
T,2023-03-27 22:12:54,6.21764500,-75.56441500,1.90,1622.392,23.908,0.000,,26,42,,
T,2023-03-27 22:12:55,6.21764333,-75.56442500,1.80,1621.692,23.908,0.000,,26,42,,
T,2023-03-27 22:12:56,6.21764333,-75.56442500,1.80,1621.692,23.908,0.000,,26,42,,
T,2023-03-27 22:12:57,6.21764333,-75.56442500,1.80,1621.692,23.908,0.000,,26,42,,
T,2023-03-27 22:12:58,6.21764333,-75.56442500,1.80,1621.692,23.908,0.000,,26,42,,
T,2023-03-27 22:12:59,6.21764333,-75.56442500,1.80,1621.692,23.908,0.000,,25,42,,
T,2023-03-27 22:13:00,6.21764333,-75.56442500,1.90,1621.692,23.908,0.000,,24,42,,
T,2023-03-27 22:13:01,6.21764333,-75.56442500,1.90,1621.692,23.908,0.000,,23,42,,
T,2023-03-27 22:13:02,6.21764333,-75.56442500,1.90,1621.692,23.908,0.000,,25,42,,
T,2023-03-27 22:13:03,6.21764333,-75.56442500,2.00,1621.692,23.908,0.000,,25,42,,
T,2023-03-27 22:13:04,6.21758333,-75.56443000,1.90,1619.692,23.908,1.868,192,24,42,,
T,2023-03-27 22:13:05,6.21756667,-75.56443333,1.90,1619.192,23.908,1.886,193,23,42,,
T,2023-03-27 22:13:06,6.21754833,-75.56443833,1.90,1619.292,23.908,2.309,192,24,42,,
T,2023-03-27 22:13:07,6.21752333,-75.56444167,1.90,1619.792,23.908,3.078,187,25,42,,
T,2023-03-27 22:13:08,6.21749667,-75.56444333,1.90,1620.292,23.908,3.382,186,26,42,,
T,2023-03-27 22:13:09,6.21746167,-75.56444500,1.80,1620.692,23.908,3.224,186,26,42,,
T,2023-03-27 22:13:10,6.21743000,-75.56445333,1.80,1621.192,23.908,3.549,184,25,42,,
T,2023-03-27 22:13:11,6.21739167,-75.56445667,1.70,1621.392,23.908,3.561,181,25,42,,
T,2023-03-27 22:13:12,6.21735667,-75.56445833,1.80,1621.691,23.909,3.676,184,24,42,,
T,2023-03-27 22:13:13,6.21731333,-75.56446833,1.90,1621.791,23.909,4.836,186,24,42,,
T,2023-03-27 22:13:14,6.21725167,-75.56447500,1.90,1621.491,23.909,6.374,184,25,42,,
T,2023-03-27 22:13:15,6.21718333,-75.56448000,1.80,1621.191,23.909,7.589,183,25,42,,
T,2023-03-27 22:13:16,6.21711000,-75.56447500,1.80,1620.891,23.909,7.760,176,25,42,,
T,2023-03-27 22:13:17,6.21703667,-75.56446500,1.90,1620.791,23.909,7.574,176,25,42,,
T,2023-03-27 22:13:18,6.21696000,-75.56445667,1.90,1621.091,23.909,7.542,171,25,42,,
T,2023-03-27 22:13:19,6.21688500,-75.56444500,1.90,1621.791,23.909,7.232,167,26,42,,
T,2023-03-27 22:13:20,6.21682000,-75.56443167,1.90,1622.491,23.909,6.797,163,26,42,,
T,2023-03-27 22:13:21,6.21675667,-75.56441500,1.80,1623.591,23.909,6.886,159,27,42,,
T,2023-03-27 22:13:22,6.21669667,-75.56439833,1.90,1623.290,23.910,6.861,156,27,42,,
T,2023-03-27 22:13:23,6.21663833,-75.56437167,1.80,1624.091,23.909,7.219,152,27,42,,
T,2023-03-27 22:13:24,6.21658000,-75.56433500,1.80,1624.791,23.909,7.646,146,27,42,,
T,2023-03-27 22:13:25,6.21652167,-75.56429333,1.80,1625.091,23.909,7.935,143,27,42,,
T,2023-03-27 22:13:26,6.21646500,-75.56424333,2.10,1625.391,23.909,8.170,138,27,42,,
T,2023-03-27 22:13:27,6.21641333,-75.56418667,2.10,1625.791,23.909,8.418,137,27,42,,
T,2023-03-27 22:13:28,6.21636167,-75.56412667,1.90,1625.991,23.909,8.546,133,27,42,,
T,2023-03-27 22:13:29,6.21630167,-75.56406167,2.10,1626.791,23.909,9.412,134,27,42,,
T,2023-03-27 22:13:30,6.21623833,-75.56399333,2.00,1627.292,23.908,9.852,135,27,42,,
T,2023-03-27 22:13:31,6.21617167,-75.56392500,2.10,1628.892,23.908,9.669,133,26,42,,
T,2023-03-27 22:13:32,6.21610667,-75.56384833,1.90,1629.592,23.908,10.487,132,27,42,,
T,2023-03-27 22:13:33,6.21603667,-75.56377333,1.80,1630.492,23.908,11.094,135,26,42,,
T,2023-03-27 22:13:34,6.21597333,-75.56370667,2.00,1632.893,23.907,10.356,139,24,42,,
T,2023-03-27 22:13:35,6.21590333,-75.56364500,1.80,1633.693,23.907,10.036,143,24,42,,
T,2023-03-27 22:13:36,6.21583167,-75.56359333,2.00,1633.793,23.907,9.423,143,26,42,,
T,2023-03-27 22:13:37,6.21576500,-75.56354167,2.00,1633.293,23.907,9.322,145,26,42,,
T,2023-03-27 22:13:38,6.21569167,-75.56349833,2.00,1632.493,23.907,9.336,149,27,42,,
T,2023-03-27 22:13:39,6.21561333,-75.56345667,2.00,1632.293,23.907,9.724,151,27,42,,
T,2023-03-27 22:13:40,6.21553333,-75.56342000,2.20,1632.593,23.907,9.849,155,27,42,,
T,2023-03-27 22:13:41,6.21543833,-75.56338167,2.20,1631.493,23.907,10.113,159,26,42,,
T,2023-03-27 22:13:42,6.21534833,-75.56334667,2.30,1629.193,23.907,9.846,158,26,42,,
T,2023-03-27 22:13:43,6.21525833,-75.56331333,2.30,1626.993,23.907,10.318,160,27,42,,
T,2023-03-27 22:13:44,6.21516000,-75.56327833,1.90,1624.493,23.907,11.298,165,27,42,,
T,2023-03-27 22:13:45,6.21505667,-75.56326333,1.80,1623.193,23.907,11.306,173,25,42,,
T,2023-03-27 22:13:46,6.21495000,-75.56326833,1.80,1622.593,23.907,11.586,185,24,42,,
T,2023-03-27 22:13:47,6.21484333,-75.56329500,1.70,1620.793,23.907,11.421,190,25,42,,
T,2023-03-27 22:13:48,6.21474167,-75.56332500,1.70,1619.192,23.908,11.412,195,26,42,,
T,2023-03-27 22:13:49,6.21464500,-75.56336000,1.70,1617.992,23.908,10.944,198,26,42,,
T,2023-03-27 22:13:50,6.21455167,-75.56340500,1.80,1617.092,23.908,11.210,204,25,42,,
T,2023-03-27 22:13:51,6.21446333,-75.56346667,1.80,1615.891,23.909,11.658,211,25,42,,
T,2023-03-27 22:13:52,6.21437667,-75.56354333,2.20,1614.590,23.910,11.921,220,23,42,,
T,2023-03-27 22:13:53,6.21429333,-75.56362500,2.30,1613.590,23.910,12.116,225,24,42,,
T,2023-03-27 22:13:54,6.21420833,-75.56371167,2.10,1611.689,23.911,12.247,226,24,42,,
T,2023-03-27 22:13:55,6.21413167,-75.56379333,1.90,1609.989,23.911,11.214,228,25,42,,
T,2023-03-27 22:13:56,6.21406167,-75.56386833,1.90,1609.088,23.912,10.138,227,25,42,,
T,2023-03-27 22:13:57,6.21400000,-75.56393500,2.10,1607.088,23.912,9.297,224,24,42,,
T,2023-03-27 22:13:58,6.21393833,-75.56400333,2.10,1605.887,23.913,8.788,224,24,42,,
T,2023-03-27 22:13:59,6.21388667,-75.56405667,2.10,1605.187,23.913,8.038,227,23,42,,
T,2023-03-27 22:14:00,6.21384333,-75.56411667,2.00,1604.986,23.914,7.731,228,24,42,,
T,2023-03-27 22:14:01,6.21380333,-75.56416667,2.00,1603.886,23.914,6.930,234,25,42,,
T,2023-03-27 22:14:02,6.21377167,-75.56421000,2.00,1604.586,23.914,6.107,239,25,42,,
T,2023-03-27 22:14:03,6.21374667,-75.56425667,2.00,1604.486,23.914,6.112,246,25,42,,
T,2023-03-27 22:14:04,6.21373500,-75.56430500,2.00,1604.085,23.915,5.711,253,25,42,,
T,2023-03-27 22:14:05,6.21372500,-75.56435667,2.10,1605.085,23.915,6.093,257,24,42,,
T,2023-03-27 22:14:06,6.21371500,-75.56441167,2.00,1605.485,23.915,6.077,266,23,42,,
T,2023-03-27 22:14:07,6.21371500,-75.56446500,2.10,1605.284,23.916,5.667,271,23,42,,
T,2023-03-27 22:14:08,6.21371833,-75.56451333,2.00,1605.584,23.916,4.729,266,24,42,,
T,2023-03-27 22:14:09,6.21371667,-75.56455333,1.90,1606.284,23.916,4.507,263,23,42,,
T,2023-03-27 22:14:10,6.21371500,-75.56459000,1.80,1606.784,23.916,3.714,263,21,42,,
T,2023-03-27 22:14:11,6.21371333,-75.56461833,1.80,1607.184,23.916,3.399,267,20,42,,
T,2023-03-27 22:14:12,6.21371333,-75.56464167,1.70,1607.083,23.917,3.008,269,21,42,,
T,2023-03-27 22:14:13,6.21371167,-75.56466833,1.70,1607.583,23.917,3.627,270,22,42,,
T,2023-03-27 22:14:14,6.21371000,-75.56470500,1.70,1608.283,23.917,4.827,267,22,42,,
T,2023-03-27 22:14:15,6.21370833,-75.56474833,1.70,1608.883,23.917,5.887,266,22,42,,
T,2023-03-27 22:14:16,6.21370667,-75.56480333,2.00,1609.683,23.917,6.402,268,21,42,,
T,2023-03-27 22:14:17,6.21369333,-75.56485833,1.90,1609.882,23.918,5.974,266,22,42,,
T,2023-03-27 22:14:18,6.21368667,-75.56491333,1.90,1610.082,23.918,6.503,265,22,42,,
T,2023-03-27 22:14:19,6.21367667,-75.56498000,1.90,1609.282,23.918,7.229,269,25,42,,
T,2023-03-27 22:14:20,6.21368000,-75.56505500,1.80,1608.181,23.919,7.241,268,24,42,,
T,2023-03-27 22:14:21,6.21368167,-75.56512167,1.80,1607.781,23.919,7.232,269,24,42,,
T,2023-03-27 22:14:22,6.21368167,-75.56518333,1.80,1607.981,23.919,6.703,269,25,42,,
T,2023-03-27 22:14:23,6.21367667,-75.56524167,1.80,1607.880,23.920,6.211,265,24,42,,
T,2023-03-27 22:14:24,6.21367333,-75.56529667,1.90,1607.680,23.920,5.846,266,24,42,,
T,2023-03-27 22:14:25,6.21366833,-75.56534500,1.90,1607.280,23.920,5.023,267,24,42,,
T,2023-03-27 22:14:26,6.21366500,-75.56538167,2.00,1607.079,23.921,4.114,262,24,42,,
T,2023-03-27 22:14:27,6.21366833,-75.56542000,2.10,1606.479,23.921,3.948,265,23,42,,
T,2023-03-27 22:14:28,6.21367833,-75.56545167,2.00,1606.079,23.921,3.959,270,23,42,,
T,2023-03-27 22:14:29,6.21368000,-75.56549333,2.00,1605.579,23.921,3.996,267,24,42,,
T,2023-03-27 22:14:30,6.21368000,-75.56553167,2.00,1605.179,23.921,4.218,272,25,42,,
T,2023-03-27 22:14:31,6.21367833,-75.56557333,2.00,1605.079,23.921,4.760,267,25,42,,
T,2023-03-27 22:14:32,6.21367833,-75.56562333,1.90,1604.578,23.922,5.224,267,23,42,,
T,2023-03-27 22:14:33,6.21367500,-75.56568000,1.90,1603.878,23.922,6.126,270,23,42,,
T,2023-03-27 22:14:34,6.21367167,-75.56574667,1.90,1603.378,23.922,6.667,274,22,42,,
T,2023-03-27 22:14:35,6.21367167,-75.56581333,2.00,1603.177,23.923,6.922,270,22,42,,
T,2023-03-27 22:14:36,6.21367667,-75.56588000,2.10,1602.977,23.923,6.896,273,23,42,,
T,2023-03-27 22:14:37,6.21368667,-75.56595333,2.10,1602.877,23.923,6.900,276,23,42,,
T,2023-03-27 22:14:38,6.21370667,-75.56603833,2.30,1602.776,23.924,7.156,280,23,42,,
T,2023-03-27 22:14:39,6.21374500,-75.56614167,2.30,1601.176,23.924,8.249,285,23,42,,
T,2023-03-27 22:14:40,6.21378167,-75.56623333,2.30,1599.375,23.925,8.277,287,24,42,,
T,2023-03-27 22:14:41,6.21381000,-75.56632333,2.30,1596.675,23.925,7.851,290,26,42,,
T,2023-03-27 22:14:42,6.21383000,-75.56640333,2.20,1593.574,23.926,7.060,294,26,42,,
T,2023-03-27 22:14:43,6.21385000,-75.56646667,2.20,1591.174,23.926,6.459,295,26,42,,
T,2023-03-27 22:14:44,6.21386667,-75.56652167,2.20,1589.174,23.926,6.079,297,26,42,,
T,2023-03-27 22:14:45,6.21389333,-75.56658167,2.20,1586.574,23.926,6.057,297,26,42,,
T,2023-03-27 22:14:46,6.21392167,-75.56662500,2.10,1584.474,23.926,5.937,299,25,42,,
T,2023-03-27 22:14:47,6.21394667,-75.56667000,2.20,1582.173,23.927,6.203,298,25,42,,
T,2023-03-27 22:14:48,6.21397167,-75.56671500,2.10,1579.873,23.927,5.949,298,26,42,,
T,2023-03-27 22:14:49,6.21400167,-75.56676167,2.10,1578.273,23.927,5.627,299,26,42,,
T,2023-03-27 22:14:50,6.21402000,-75.56680333,2.10,1576.273,23.927,5.134,292,26,42,,
T,2023-03-27 22:14:51,6.21404667,-75.56684500,2.00,1574.573,23.927,5.248,294,26,42,,
T,2023-03-27 22:14:52,6.21406833,-75.56689167,1.80,1573.972,23.928,6.210,295,26,42,,
T,2023-03-27 22:14:53,6.21409500,-75.56694500,1.80,1573.572,23.928,6.717,294,24,42,,
T,2023-03-27 22:14:54,6.21411833,-75.56699833,2.00,1572.472,23.928,6.733,291,25,42,,
T,2023-03-27 22:14:55,6.21412833,-75.56705500,1.90,1570.672,23.928,6.382,285,25,42,,
T,2023-03-27 22:14:56,6.21414500,-75.56711667,2.10,1568.171,23.929,6.611,286,24,42,,
T,2023-03-27 22:14:57,6.21416167,-75.56717500,2.00,1567.071,23.929,6.231,284,25,42,,
T,2023-03-27 22:14:58,6.21417167,-75.56722833,2.10,1566.571,23.929,5.496,285,25,42,,
T,2023-03-27 22:14:59,6.21418333,-75.56727833,2.00,1566.171,23.929,5.351,282,26,42,,
T,2023-03-27 22:15:00,6.21419333,-75.56732167,1.90,1565.870,23.930,5.130,278,27,42,,
T,2023-03-27 22:15:01,6.21420167,-75.56737500,1.80,1565.970,23.930,6.234,280,26,42,,
T,2023-03-27 22:15:02,6.21421167,-75.56744167,1.80,1566.170,23.930,7.755,280,24,42,,
T,2023-03-27 22:15:03,6.21422333,-75.56752167,1.80,1565.769,23.931,8.926,280,23,42,,
T,2023-03-27 22:15:04,6.21423667,-75.56760167,1.80,1566.369,23.931,9.046,280,25,42,,
T,2023-03-27 22:15:05,6.21425667,-75.56769167,2.10,1566.269,23.931,9.523,282,25,42,,
T,2023-03-27 22:15:06,6.21428000,-75.56778167,2.20,1566.868,23.932,9.660,285,25,42,,
T,2023-03-27 22:15:07,6.21431333,-75.56786167,2.20,1567.868,23.932,9.244,281,25,42,,
T,2023-03-27 22:15:08,6.21432167,-75.56794500,2.00,1568.867,23.933,8.930,280,25,42,,
T,2023-03-27 22:15:09,6.21433833,-75.56802833,1.90,1569.367,23.933,8.620,278,26,42,,
T,2023-03-27 22:15:10,6.21434667,-75.56810833,1.90,1569.567,23.933,8.608,273,23,42,,
T,2023-03-27 22:15:11,6.21434833,-75.56819000,2.10,1569.466,23.934,8.602,269,22,42,,
T,2023-03-27 22:15:12,6.21435000,-75.56827333,2.20,1568.566,23.934,8.267,273,22,42,,
T,2023-03-27 22:15:13,6.21436167,-75.56835500,2.00,1566.365,23.935,7.352,275,23,42,,
T,2023-03-27 22:15:14,6.21437333,-75.56842000,1.90,1565.865,23.935,7.350,281,23,42,,
T,2023-03-27 22:15:15,6.21437667,-75.56846833,2.10,1565.165,23.935,5.861,282,24,42,,
T,2023-03-27 22:15:16,6.21437500,-75.56849833,2.10,1564.865,23.935,3.810,283,25,42,,
T,2023-03-27 22:15:17,6.21437833,-75.56852000,2.00,1564.365,23.935,2.574,278,26,42,,
T,2023-03-27 22:15:18,6.21437667,-75.56853500,2.00,1564.364,23.936,2.143,272,26,42,,
T,2023-03-27 22:15:19,6.21437833,-75.56854333,2.00,1565.064,23.936,1.612,273,26,42,,
T,2023-03-27 22:15:20,6.21437667,-75.56855500,1.90,1565.364,23.936,0.000,,26,42,,
T,2023-03-27 22:15:21,6.21438000,-75.56855667,1.90,1566.664,23.936,0.000,,27,42,,
T,2023-03-27 22:15:22,6.21438167,-75.56855667,1.90,1567.864,23.936,0.000,,27,42,,
T,2023-03-27 22:15:23,6.21438167,-75.56855667,1.80,1567.864,23.936,0.000,,26,42,,
T,2023-03-27 22:15:24,6.21438167,-75.56855667,1.80,1567.864,23.936,0.000,,25,42,,
T,2023-03-27 22:15:25,6.21438167,-75.56855667,1.80,1567.864,23.936,0.000,,25,42,,
T,2023-03-27 22:15:26,6.21438167,-75.56855667,1.80,1567.864,23.936,0.000,,25,42,,
T,2023-03-27 22:15:27,6.21438167,-75.56855667,1.70,1567.864,23.936,0.000,,25,42,,
T,2023-03-27 22:15:28,6.21438167,-75.56855667,1.70,1567.864,23.936,0.000,,25,42,,
T,2023-03-27 22:15:29,6.21438167,-75.56855667,1.70,1567.864,23.936,0.000,,25,42,,
T,2023-03-27 22:15:30,6.21438167,-75.56855667,1.70,1567.864,23.936,0.000,,23,42,,
T,2023-03-27 22:15:31,6.21438167,-75.56855667,1.70,1567.864,23.936,0.000,,23,42,,
T,2023-03-27 22:15:32,6.21438167,-75.56855667,1.70,1567.864,23.936,0.000,,23,42,,
T,2023-03-27 22:15:33,6.21438167,-75.56855667,1.70,1567.864,23.936,0.000,,23,42,,
T,2023-03-27 22:15:34,6.21438167,-75.56855667,1.70,1567.864,23.936,0.000,,23,42,,
T,2023-03-27 22:15:35,6.21438167,-75.56855667,1.70,1567.864,23.936,0.000,,23,42,,
T,2023-03-27 22:15:36,6.21438167,-75.56855667,1.70,1567.864,23.936,0.000,,23,42,,
T,2023-03-27 22:15:37,6.21438167,-75.56855667,1.70,1567.864,23.936,0.000,,23,42,,
T,2023-03-27 22:15:38,6.21438167,-75.56855667,1.70,1567.864,23.936,0.000,,23,42,,
T,2023-03-27 22:15:39,6.21438167,-75.56855667,1.70,1567.864,23.936,0.000,,24,42,,
T,2023-03-27 22:15:40,6.21438167,-75.56855667,1.70,1567.864,23.936,0.000,,24,42,,
T,2023-03-27 22:15:41,6.21438167,-75.56855667,1.70,1567.864,23.936,0.000,,24,42,,
T,2023-03-27 22:15:42,6.21438167,-75.56855667,1.80,1567.864,23.936,0.000,,25,42,,
T,2023-03-27 22:15:43,6.21438167,-75.56855667,1.80,1567.864,23.936,0.000,,26,42,,
T,2023-03-27 22:15:44,6.21442667,-75.56865333,1.90,1572.064,23.936,2.323,281,25,42,,
T,2023-03-27 22:15:45,6.21444167,-75.56869500,2.00,1572.164,23.936,3.989,277,23,42,,
T,2023-03-27 22:15:46,6.21446000,-75.56875333,2.00,1572.263,23.937,5.099,278,24,42,,
T,2023-03-27 22:15:47,6.21447333,-75.56882667,2.00,1572.463,23.937,6.183,274,24,42,,
T,2023-03-27 22:15:48,6.21448667,-75.56889667,1.90,1572.363,23.937,5.941,273,25,42,,
T,2023-03-27 22:15:49,6.21449333,-75.56896333,1.90,1572.462,23.938,5.358,270,24,42,,
T,2023-03-27 22:15:50,6.21449333,-75.56902167,1.90,1572.462,23.938,5.501,271,24,42,,
T,2023-03-27 22:15:51,6.21449833,-75.56908667,1.90,1572.362,23.938,6.397,277,24,42,,
T,2023-03-27 22:15:52,6.21451167,-75.56916333,1.90,1572.261,23.939,7.509,281,24,42,,
T,2023-03-27 22:15:53,6.21452667,-75.56924000,1.90,1571.961,23.939,7.509,283,24,42,,
T,2023-03-27 22:15:54,6.21455167,-75.56931000,1.90,1570.461,23.939,6.739,282,23,42,,
T,2023-03-27 22:15:55,6.21456500,-75.56935833,1.90,1569.661,23.939,5.050,283,23,42,,
T,2023-03-27 22:15:56,6.21457833,-75.56940000,2.00,1568.960,23.940,4.349,292,25,42,,
T,2023-03-27 22:15:57,6.21459667,-75.56944000,1.90,1568.060,23.940,4.064,299,26,42,,
T,2023-03-27 22:15:58,6.21461667,-75.56948333,1.80,1567.060,23.940,4.734,303,26,42,,
T,2023-03-27 22:15:59,6.21463667,-75.56951500,1.80,1566.660,23.940,4.064,298,26,42,,
T,2023-03-27 22:16:00,6.21465167,-75.56954667,1.90,1566.260,23.940,3.612,296,25,42,,
T,2023-03-27 22:16:01,6.21466667,-75.56957833,1.90,1566.260,23.940,4.018,296,25,42,,
T,2023-03-27 22:16:02,6.21468167,-75.56960667,1.80,1566.159,23.941,3.751,297,25,42,,
T,2023-03-27 22:16:03,6.21469000,-75.56963833,1.70,1565.859,23.941,3.620,291,25,42,,
T,2023-03-27 22:16:04,6.21469333,-75.56966833,1.70,1565.259,23.941,3.052,285,25,42,,
T,2023-03-27 22:16:05,6.21470000,-75.56969167,1.60,1564.959,23.941,2.092,290,24,42,,
T,2023-03-27 22:16:06,6.21470167,-75.56970833,1.80,1564.959,23.941,1.654,295,23,42,,
T,2023-03-27 22:16:07,6.21470500,-75.56972000,1.80,1564.659,23.941,1.005,295,23,42,,
T,2023-03-27 22:16:08,6.21470667,-75.56972667,1.80,1564.159,23.941,0.000,,21,42,,
T,2023-03-27 22:16:09,6.21470667,-75.56972833,1.80,1564.259,23.941,0.000,,23,42,,
T,2023-03-27 22:16:10,6.21470167,-75.56973167,1.70,1563.459,23.941,0.000,,26,42,,
T,2023-03-27 22:16:11,6.21470167,-75.56973167,1.70,1563.459,23.941,0.000,,26,42,,
T,2023-03-27 22:16:12,6.21470167,-75.56973167,1.60,1563.459,23.941,0.000,,26,42,,
T,2023-03-27 22:16:13,6.21470167,-75.56973167,1.60,1563.459,23.941,0.000,,26,42,,
T,2023-03-27 22:16:14,6.21470167,-75.56973167,1.60,1563.459,23.941,0.000,,26,42,,
T,2023-03-27 22:16:15,6.21470167,-75.56973167,1.60,1563.459,23.941,0.000,,26,42,,
T,2023-03-27 22:16:16,6.21470167,-75.56973167,1.60,1563.459,23.941,0.000,,26,42,,
T,2023-03-27 22:16:17,6.21470167,-75.56973167,1.60,1563.459,23.941,0.000,,26,42,,
T,2023-03-27 22:16:18,6.21470167,-75.56973167,1.60,1563.459,23.941,0.000,,26,42,,
T,2023-03-27 22:16:19,6.21470167,-75.56973167,1.50,1563.459,23.941,0.000,,26,42,,
T,2023-03-27 22:16:20,6.21470167,-75.56973167,1.50,1563.459,23.941,0.000,,26,42,,
T,2023-03-27 22:16:21,6.21470167,-75.56973167,1.50,1563.459,23.941,0.000,,26,42,,
T,2023-03-27 22:16:22,6.21470167,-75.56973167,1.50,1563.459,23.941,0.000,,25,42,,
T,2023-03-27 22:16:23,6.21470167,-75.56973167,1.50,1563.459,23.941,0.000,,25,42,,
T,2023-03-27 22:16:24,6.21470167,-75.56973167,1.50,1563.459,23.941,0.000,,26,42,,
T,2023-03-27 22:16:25,6.21470167,-75.56973167,1.50,1563.459,23.941,0.000,,26,42,,
T,2023-03-27 22:16:26,6.21470167,-75.56973167,1.50,1563.459,23.941,0.000,,26,42,,
T,2023-03-27 22:16:27,6.21470167,-75.56973167,1.50,1563.459,23.941,0.000,,26,42,,
T,2023-03-27 22:16:28,6.21470167,-75.56973167,1.50,1563.459,23.941,0.000,,26,42,,
T,2023-03-27 22:16:29,6.21470167,-75.56973167,1.50,1563.459,23.941,0.000,,26,42,,
T,2023-03-27 22:16:30,6.21470167,-75.56973167,1.50,1563.459,23.941,0.000,,26,42,,
T,2023-03-27 22:16:31,6.21470167,-75.56973167,1.50,1563.459,23.941,0.000,,26,42,,
T,2023-03-27 22:16:32,6.21470167,-75.56973167,1.50,1563.459,23.941,0.000,,26,42,,
T,2023-03-27 22:16:33,6.21470167,-75.56973167,1.50,1563.459,23.941,0.000,,26,42,,
T,2023-03-27 22:16:34,6.21470167,-75.56973167,1.50,1563.459,23.941,0.000,,26,42,,
T,2023-03-27 22:16:35,6.21470167,-75.56973167,1.50,1563.459,23.941,0.000,,26,42,,
T,2023-03-27 22:16:36,6.21470167,-75.56973167,1.50,1563.459,23.941,0.000,,26,42,,
T,2023-03-27 22:16:37,6.21470167,-75.56973167,1.50,1563.459,23.941,0.000,,25,42,,
T,2023-03-27 22:16:38,6.21470167,-75.56973167,1.50,1563.459,23.941,0.000,,25,42,,
T,2023-03-27 22:16:39,6.21470167,-75.56973167,1.50,1563.459,23.941,0.000,,25,42,,
T,2023-03-27 22:16:40,6.21470167,-75.56973167,1.50,1563.459,23.941,0.000,,25,42,,
T,2023-03-27 22:16:41,6.21470167,-75.56973167,1.50,1563.459,23.941,0.000,,25,42,,
T,2023-03-27 22:16:42,6.21470167,-75.56973167,1.50,1563.459,23.941,0.000,,26,42,,
T,2023-03-27 22:16:43,6.21470167,-75.56973167,1.50,1563.459,23.941,0.000,,25,42,,
T,2023-03-27 22:16:44,6.21470167,-75.56973167,1.50,1563.459,23.941,0.000,,25,42,,
T,2023-03-27 22:16:45,6.21470167,-75.56973167,1.50,1563.459,23.941,0.000,,24,42,,
T,2023-03-27 22:16:46,6.21470167,-75.56973167,1.50,1563.459,23.941,0.000,,23,42,,
T,2023-03-27 22:16:47,6.21470167,-75.56973167,1.50,1563.459,23.941,0.000,,23,42,,
T,2023-03-27 22:16:48,6.21470167,-75.56973167,1.50,1563.459,23.941,0.000,,23,42,,
T,2023-03-27 22:16:49,6.21470167,-75.56973167,1.50,1563.459,23.941,0.000,,23,42,,
T,2023-03-27 22:16:50,6.21470167,-75.56973167,1.50,1563.459,23.941,0.000,,23,42,,
T,2023-03-27 22:16:51,6.21470167,-75.56973167,1.50,1563.459,23.941,0.000,,23,42,,
T,2023-03-27 22:16:52,6.21470167,-75.56973167,1.50,1563.459,23.941,0.000,,23,42,,
T,2023-03-27 22:16:53,6.21470167,-75.56973167,1.60,1563.459,23.941,0.000,,23,42,,
T,2023-03-27 22:16:54,6.21470167,-75.56973167,1.60,1563.459,23.941,0.000,,23,42,,
T,2023-03-27 22:16:55,6.21470167,-75.56973167,1.50,1563.459,23.941,0.000,,23,42,,
T,2023-03-27 22:16:56,6.21470167,-75.56973167,1.50,1563.459,23.941,0.000,,23,42,,
T,2023-03-27 22:16:57,6.21470167,-75.56973167,1.50,1563.459,23.941,0.000,,23,42,,
T,2023-03-27 22:16:58,6.21470167,-75.56973167,1.50,1563.459,23.941,0.000,,24,42,,
T,2023-03-27 22:16:59,6.21470167,-75.56973167,1.50,1563.459,23.941,0.000,,24,42,,
T,2023-03-27 22:17:00,6.21470167,-75.56973167,1.50,1563.459,23.941,0.000,,25,42,,
T,2023-03-27 22:17:01,6.21470167,-75.56973167,1.50,1563.459,23.941,0.000,,26,42,,
T,2023-03-27 22:17:02,6.21470167,-75.56973167,1.50,1563.459,23.941,0.000,,25,42,,
T,2023-03-27 22:17:03,6.21470167,-75.56973167,1.50,1563.459,23.941,0.000,,26,42,,
T,2023-03-27 22:17:04,6.21470167,-75.56973167,1.50,1563.459,23.941,0.000,,26,42,,
T,2023-03-27 22:17:05,6.21470167,-75.56973167,1.50,1563.459,23.941,0.000,,26,42,,
T,2023-03-27 22:17:06,6.21470167,-75.56973167,1.50,1563.459,23.941,0.000,,26,42,,
T,2023-03-27 22:17:07,6.21470167,-75.56973167,1.50,1563.459,23.941,0.000,,26,42,,
T,2023-03-27 22:17:08,6.21470167,-75.56973167,1.50,1563.459,23.941,0.000,,25,42,,
T,2023-03-27 22:17:09,6.21470167,-75.56973167,1.50,1563.459,23.941,0.000,,25,42,,
T,2023-03-27 22:17:10,6.21470167,-75.56973167,1.50,1563.459,23.941,0.000,,23,42,,
T,2023-03-27 22:17:11,6.21470167,-75.56973167,1.50,1563.459,23.941,0.000,,24,42,,
T,2023-03-27 22:17:12,6.21470167,-75.56973167,1.50,1563.459,23.941,0.000,,25,42,,
T,2023-03-27 22:17:13,6.21470167,-75.56973167,1.60,1563.459,23.941,0.000,,26,42,,
T,2023-03-27 22:17:14,6.21469000,-75.56983667,1.60,1549.758,23.942,2.806,261,25,42,,
T,2023-03-27 22:17:15,6.21467833,-75.56988167,1.60,1549.758,23.942,4.151,249,26,42,,
T,2023-03-27 22:17:16,6.21466000,-75.56993333,1.80,1549.558,23.942,4.939,229,24,42,,
T,2023-03-27 22:17:17,6.21462167,-75.56997667,1.80,1548.757,23.943,5.689,213,23,42,,
T,2023-03-27 22:17:18,6.21456833,-75.57000000,1.70,1548.157,23.943,6.455,200,24,42,,
T,2023-03-27 22:17:19,6.21449333,-75.57001000,1.70,1547.757,23.943,8.011,189,24,42,,
T,2023-03-27 22:17:20,6.21440167,-75.57001167,1.70,1547.357,23.943,9.641,185,25,42,,
T,2023-03-27 22:17:21,6.21429833,-75.57001500,1.70,1546.457,23.943,11.350,182,26,42,,
T,2023-03-27 22:17:22,6.21419000,-75.57001667,1.70,1545.856,23.944,11.576,180,25,42,,
T,2023-03-27 22:17:23,6.21409000,-75.57002000,1.60,1544.856,23.944,10.872,181,25,42,,
T,2023-03-27 22:17:24,6.21399000,-75.57003000,1.90,1541.456,23.944,11.121,180,25,42,,
T,2023-03-27 22:17:25,6.21388000,-75.57003167,2.00,1539.356,23.944,11.488,181,25,42,,
T,2023-03-27 22:17:26,6.21377500,-75.57003167,2.00,1538.155,23.945,11.095,180,26,42,,
T,2023-03-27 22:17:27,6.21367167,-75.57003000,2.10,1536.355,23.945,10.690,180,25,42,,
T,2023-03-27 22:17:28,6.21357833,-75.57003500,2.10,1534.755,23.945,9.951,183,25,42,,
T,2023-03-27 22:17:29,6.21349167,-75.57004167,1.90,1533.855,23.945,8.891,182,25,42,,
T,2023-03-27 22:17:30,6.21342000,-75.57004667,2.10,1533.755,23.945,8.175,180,25,42,,
T,2023-03-27 22:17:31,6.21335000,-75.57004500,1.90,1533.355,23.945,7.242,179,26,42,,
T,2023-03-27 22:17:32,6.21328833,-75.57004667,1.90,1532.354,23.946,6.494,183,26,42,,
T,2023-03-27 22:17:33,6.21323167,-75.57005333,2.10,1531.754,23.946,6.051,183,25,42,,
T,2023-03-27 22:17:34,6.21318167,-75.57005833,2.20,1531.754,23.946,5.271,186,24,42,,
T,2023-03-27 22:17:35,6.21314000,-75.57006167,2.10,1531.954,23.946,3.948,183,26,42,,
T,2023-03-27 22:17:36,6.21311667,-75.57006500,2.10,1532.654,23.946,2.586,193,26,42,,
T,2023-03-27 22:17:37,6.21311000,-75.57006500,2.00,1532.354,23.946,1.003,193,26,42,,
T,2023-03-27 22:17:38,6.21311167,-75.57007000,1.80,1532.354,23.946,0.000,,27,42,,
T,2023-03-27 22:17:39,6.21311167,-75.57007167,1.90,1532.554,23.946,0.000,,27,42,,
T,2023-03-27 22:17:40,6.21311333,-75.57007333,1.90,1532.654,23.946,0.000,,27,42,,
T,2023-03-27 22:17:41,6.21311333,-75.57007333,1.90,1532.654,23.946,0.000,,27,42,,
T,2023-03-27 22:17:42,6.21311333,-75.57007333,1.80,1532.654,23.946,0.000,,27,42,,
T,2023-03-27 22:17:43,6.21311333,-75.57007333,1.70,1532.654,23.946,0.000,,27,42,,
T,2023-03-27 22:17:44,6.21311333,-75.57007333,1.70,1532.654,23.946,0.000,,27,42,,
T,2023-03-27 22:17:45,6.21311333,-75.57007333,1.60,1532.654,23.946,0.000,,27,42,,
T,2023-03-27 22:17:46,6.21311333,-75.57007333,1.60,1532.654,23.946,0.000,,27,42,,
T,2023-03-27 22:17:47,6.21311333,-75.57007333,1.60,1532.654,23.946,0.000,,27,42,,
T,2023-03-27 22:17:48,6.21311333,-75.57007333,1.60,1532.654,23.946,0.000,,27,42,,
T,2023-03-27 22:17:49,6.21311333,-75.57007333,1.50,1532.654,23.946,0.000,,27,42,,
T,2023-03-27 22:17:50,6.21311333,-75.57007333,1.50,1532.654,23.946,0.000,,27,42,,
T,2023-03-27 22:17:51,6.21311333,-75.57007333,1.50,1532.654,23.946,0.000,,27,42,,
T,2023-03-27 22:17:52,6.21311333,-75.57007333,1.50,1532.654,23.946,0.000,,26,42,,
T,2023-03-27 22:17:53,6.21311333,-75.57007333,1.50,1532.654,23.946,0.000,,26,42,,
T,2023-03-27 22:17:54,6.21311333,-75.57007333,1.50,1532.654,23.946,0.000,,26,42,,
T,2023-03-27 22:17:55,6.21311333,-75.57007333,1.50,1532.654,23.946,0.000,,27,42,,
T,2023-03-27 22:17:56,6.21311333,-75.57007333,1.50,1532.654,23.946,0.000,,27,42,,
T,2023-03-27 22:17:57,6.21311333,-75.57007333,1.50,1532.654,23.946,0.000,,27,42,,
T,2023-03-27 22:17:58,6.21311333,-75.57007333,1.50,1532.654,23.946,0.000,,27,42,,
T,2023-03-27 22:17:59,6.21311333,-75.57007333,1.50,1532.654,23.946,0.000,,27,42,,
T,2023-03-27 22:18:00,6.21311333,-75.57007333,1.50,1532.654,23.946,0.000,,27,42,,
T,2023-03-27 22:18:01,6.21311333,-75.57007333,1.50,1532.654,23.946,0.000,,27,42,,
T,2023-03-27 22:18:02,6.21311333,-75.57007333,1.50,1532.654,23.946,0.000,,26,42,,
T,2023-03-27 22:18:03,6.21311333,-75.57007333,1.50,1532.654,23.946,0.000,,25,42,,
T,2023-03-27 22:18:04,6.21311333,-75.57007333,1.50,1532.654,23.946,0.000,,25,42,,
T,2023-03-27 22:18:05,6.21311333,-75.57007333,1.60,1532.654,23.946,0.000,,26,42,,
T,2023-03-27 22:18:06,6.21311333,-75.57007333,1.60,1532.654,23.946,0.000,,26,42,,
T,2023-03-27 22:18:07,6.21311333,-75.57007333,1.70,1532.654,23.946,0.000,,26,42,,
T,2023-03-27 22:18:08,6.21311333,-75.57007333,1.80,1532.654,23.946,0.000,,26,42,,
T,2023-03-27 22:18:09,6.21303833,-75.57007333,1.90,1534.554,23.946,3.355,187,26,42,,
T,2023-03-27 22:18:10,6.21298000,-75.57007333,2.00,1534.754,23.946,4.614,180,26,42,,
T,2023-03-27 22:18:11,6.21291000,-75.57007333,2.00,1534.754,23.946,6.163,180,26,42,,
T,2023-03-27 22:18:12,6.21283167,-75.57006667,2.10,1534.853,23.947,6.859,181,27,42,,
T,2023-03-27 22:18:13,6.21274833,-75.57006333,2.00,1534.753,23.947,7.317,178,27,42,,
T,2023-03-27 22:18:14,6.21266333,-75.57006000,1.90,1534.653,23.947,8.281,179,27,42,,
T,2023-03-27 22:18:15,6.21257167,-75.57005833,2.00,1534.453,23.947,8.947,179,25,42,,
T,2023-03-27 22:18:16,6.21247167,-75.57006333,1.90,1533.553,23.947,9.574,179,26,42,,
T,2023-03-27 22:18:17,6.21237000,-75.57006833,2.10,1533.653,23.947,10.982,180,25,42,,
T,2023-03-27 22:18:18,6.21225333,-75.57007333,2.30,1534.152,23.948,12.314,184,23,42,,
T,2023-03-27 22:18:19,6.21211833,-75.57009333,2.20,1533.952,23.948,12.883,187,24,42,,
T,2023-03-27 22:18:20,6.21200167,-75.57011333,2.20,1533.052,23.948,12.082,187,24,42,,
T,2023-03-27 22:18:21,6.21189000,-75.57013000,2.20,1533.651,23.949,11.554,187,25,42,,
T,2023-03-27 22:18:22,6.21178333,-75.57015667,2.10,1533.551,23.949,10.762,189,25,42,,
T,2023-03-27 22:18:23,6.21168667,-75.57018000,2.10,1531.051,23.949,10.381,190,24,42,,
T,2023-03-27 22:18:24,6.21159333,-75.57020167,1.90,1530.150,23.950,10.897,193,25,42,,
T,2023-03-27 22:18:25,6.21149333,-75.57022500,1.90,1530.550,23.950,10.816,196,26,42,,
T,2023-03-27 22:18:26,6.21139833,-75.57025667,1.80,1530.350,23.950,10.072,198,26,42,,
T,2023-03-27 22:18:27,6.21131500,-75.57028833,1.80,1530.249,23.951,9.091,200,27,42,,
T,2023-03-27 22:18:28,6.21124833,-75.57031333,1.80,1529.749,23.951,7.929,202,27,42,,
T,2023-03-27 22:18:29,6.21119333,-75.57034000,1.80,1528.849,23.951,6.620,202,27,42,,
T,2023-03-27 22:18:30,6.21114667,-75.57036667,1.80,1528.349,23.951,5.528,202,27,42,,
T,2023-03-27 22:18:31,6.21110333,-75.57038667,1.80,1527.948,23.952,4.291,199,27,42,,
T,2023-03-27 22:18:32,6.21107333,-75.57040167,1.80,1527.848,23.952,3.004,197,27,42,,
T,2023-03-27 22:18:33,6.21104833,-75.57040667,1.80,1527.748,23.952,2.463,192,27,42,,
T,2023-03-27 22:18:34,6.21103500,-75.57041667,1.70,1528.048,23.952,1.930,211,27,42,,
T,2023-03-27 22:18:35,6.21102833,-75.57041667,1.70,1528.348,23.952,0.000,,27,42,,
T,2023-03-27 22:18:36,6.21102833,-75.57042000,1.80,1528.548,23.952,0.000,,26,42,,
T,2023-03-27 22:18:37,6.21103000,-75.57042167,1.80,1528.748,23.952,0.000,,26,42,,
T,2023-03-27 22:18:38,6.21103000,-75.57042167,1.70,1528.748,23.952,0.000,,26,42,,
T,2023-03-27 22:18:39,6.21103000,-75.57042167,1.60,1528.748,23.952,0.000,,26,42,,
T,2023-03-27 22:18:40,6.21103000,-75.57042167,1.50,1528.748,23.952,0.000,,26,42,,
T,2023-03-27 22:18:41,6.21103000,-75.57042167,1.50,1528.748,23.952,0.000,,27,42,,
T,2023-03-27 22:18:42,6.21103000,-75.57042167,1.50,1528.748,23.952,0.000,,27,42,,
T,2023-03-27 22:18:43,6.21103000,-75.57042167,1.40,1528.748,23.952,0.000,,26,42,,
T,2023-03-27 22:18:44,6.21103000,-75.57042167,1.40,1528.748,23.952,0.000,,26,42,,
T,2023-03-27 22:18:45,6.21103000,-75.57042167,1.40,1528.748,23.952,0.000,,25,42,,
T,2023-03-27 22:18:46,6.21103000,-75.57042167,1.40,1528.748,23.952,0.000,,26,42,,
T,2023-03-27 22:18:47,6.21103000,-75.57042167,1.40,1528.748,23.952,0.000,,26,42,,
T,2023-03-27 22:18:48,6.21103000,-75.57042167,1.40,1528.748,23.952,0.000,,26,42,,
T,2023-03-27 22:18:49,6.21103000,-75.57042167,1.30,1528.748,23.952,0.000,,26,42,,
T,2023-03-27 22:18:50,6.21103000,-75.57042167,1.30,1528.748,23.952,0.000,,26,42,,
T,2023-03-27 22:18:51,6.21103000,-75.57042167,1.40,1528.748,23.952,0.000,,24,42,,
T,2023-03-27 22:18:52,6.21103000,-75.57042167,1.40,1528.748,23.952,0.000,,23,42,,
T,2023-03-27 22:18:53,6.21103000,-75.57042167,1.40,1528.748,23.952,0.000,,24,42,,
T,2023-03-27 22:18:54,6.21103000,-75.57042167,1.40,1528.748,23.952,0.000,,25,42,,
T,2023-03-27 22:18:55,6.21103000,-75.57042167,1.40,1528.748,23.952,0.000,,24,42,,
T,2023-03-27 22:18:56,6.21103000,-75.57042167,1.40,1528.748,23.952,0.000,,24,42,,
T,2023-03-27 22:18:57,6.21103000,-75.57042167,1.40,1528.748,23.952,0.000,,25,42,,
T,2023-03-27 22:18:58,6.21103000,-75.57042167,1.40,1528.748,23.952,0.000,,25,42,,
T,2023-03-27 22:18:59,6.21103000,-75.57042167,1.40,1528.748,23.952,0.000,,26,42,,
T,2023-03-27 22:19:00,6.21103000,-75.57042167,1.30,1528.748,23.952,0.000,,26,42,,
T,2023-03-27 22:19:01,6.21103000,-75.57042167,1.30,1528.748,23.952,0.000,,24,42,,
T,2023-03-27 22:19:02,6.21103000,-75.57042167,1.30,1528.748,23.952,0.000,,23,42,,
T,2023-03-27 22:19:03,6.21103000,-75.57042167,1.30,1528.748,23.952,0.000,,22,42,,
T,2023-03-27 22:19:04,6.21103000,-75.57042167,1.30,1528.748,23.952,0.000,,22,42,,
T,2023-03-27 22:19:05,6.21103000,-75.57042167,1.30,1528.748,23.952,0.000,,22,42,,
T,2023-03-27 22:19:06,6.21103000,-75.57042167,1.30,1528.748,23.952,0.000,,21,42,,
T,2023-03-27 22:19:07,6.21103000,-75.57042167,1.30,1528.748,23.952,0.000,,23,42,,
T,2023-03-27 22:19:08,6.21103000,-75.57042167,1.30,1528.748,23.952,0.000,,24,42,,
T,2023-03-27 22:19:09,6.21103000,-75.57042167,1.30,1528.748,23.952,0.000,,26,42,,
T,2023-03-27 22:19:10,6.21103000,-75.57042167,1.30,1528.748,23.952,0.000,,26,42,,
T,2023-03-27 22:19:11,6.21103000,-75.57042167,1.30,1528.748,23.952,0.000,,26,42,,
T,2023-03-27 22:19:12,6.21103000,-75.57042167,1.30,1528.748,23.952,0.000,,26,42,,
T,2023-03-27 22:19:13,6.21103000,-75.57042167,1.30,1528.748,23.952,0.000,,26,42,,
T,2023-03-27 22:19:14,6.21103000,-75.57042167,1.30,1528.748,23.952,0.000,,26,42,,
T,2023-03-27 22:19:15,6.21103000,-75.57042167,1.40,1528.748,23.952,0.000,,25,42,,
T,2023-03-27 22:19:16,6.21103000,-75.57042167,1.40,1528.748,23.952,0.000,,25,42,,
T,2023-03-27 22:19:17,6.21103000,-75.57042167,1.40,1528.748,23.952,0.000,,24,42,,
T,2023-03-27 22:19:18,6.21103000,-75.57042167,1.40,1528.748,23.952,0.000,,25,42,,
T,2023-03-27 22:19:19,6.21103000,-75.57042167,1.40,1528.748,23.952,0.000,,26,42,,
T,2023-03-27 22:19:20,6.21103000,-75.57042167,1.40,1528.748,23.952,0.000,,27,42,,
T,2023-03-27 22:19:21,6.21103000,-75.57042167,1.40,1528.748,23.952,0.000,,27,42,,
T,2023-03-27 22:19:22,6.21103000,-75.57042167,1.40,1528.748,23.952,0.000,,27,42,,
T,2023-03-27 22:19:23,6.21103000,-75.57042167,1.40,1528.748,23.952,0.000,,27,42,,
T,2023-03-27 22:19:24,6.21103000,-75.57042167,1.40,1528.748,23.952,0.000,,27,42,,
T,2023-03-27 22:19:25,6.21103000,-75.57042167,1.40,1528.748,23.952,0.000,,27,42,,
T,2023-03-27 22:19:26,6.21103000,-75.57042167,1.40,1528.748,23.952,0.000,,27,42,,
T,2023-03-27 22:19:27,6.21103000,-75.57042167,1.40,1528.748,23.952,0.000,,27,42,,
T,2023-03-27 22:19:28,6.21103000,-75.57042167,1.40,1528.748,23.952,0.000,,27,42,,
T,2023-03-27 22:19:29,6.21103000,-75.57042167,1.40,1528.748,23.952,0.000,,27,42,,
T,2023-03-27 22:19:30,6.21103000,-75.57042167,1.40,1528.748,23.952,0.000,,27,42,,
T,2023-03-27 22:19:31,6.21103000,-75.57042167,1.40,1528.748,23.952,0.000,,28,42,,
T,2023-03-27 22:19:32,6.21103000,-75.57042167,1.40,1528.748,23.952,0.000,,28,42,,
T,2023-03-27 22:19:33,6.21103000,-75.57042167,1.40,1528.748,23.952,0.000,,27,42,,
T,2023-03-27 22:19:34,6.21103000,-75.57042167,1.40,1528.748,23.952,0.000,,27,42,,
T,2023-03-27 22:19:35,6.21103000,-75.57042167,1.40,1528.748,23.952,0.000,,27,42,,
T,2023-03-27 22:19:36,6.21098500,-75.57045667,1.40,1529.548,23.952,2.409,194,27,42,,
T,2023-03-27 22:19:37,6.21096333,-75.57046333,1.40,1529.448,23.952,2.632,205,28,42,,
T,2023-03-27 22:19:38,6.21093833,-75.57047667,1.40,1529.648,23.952,3.331,209,28,42,,
T,2023-03-27 22:19:39,6.21090833,-75.57049000,1.40,1530.048,23.952,4.073,205,28,42,,
T,2023-03-27 22:19:40,6.21087167,-75.57050333,1.40,1530.547,23.953,4.522,208,29,42,,
T,2023-03-27 22:19:41,6.21083333,-75.57051833,1.40,1530.847,23.953,4.827,199,28,42,,
T,2023-03-27 22:19:42,6.21078667,-75.57053167,1.40,1530.947,23.953,5.568,199,28,42,,
T,2023-03-27 22:19:43,6.21073667,-75.57054333,1.40,1531.247,23.953,5.854,197,28,42,,
T,2023-03-27 22:19:44,6.21068167,-75.57056000,1.50,1531.547,23.953,6.633,198,29,42,,
T,2023-03-27 22:19:45,6.21062167,-75.57058000,1.50,1532.146,23.954,7.419,201,28,42,,
T,2023-03-27 22:19:46,6.21056167,-75.57060333,1.50,1532.546,23.954,7.047,199,28,42,,
T,2023-03-27 22:19:47,6.21050167,-75.57061833,1.90,1534.846,23.954,6.054,205,28,42,,
T,2023-03-27 22:19:48,6.21045333,-75.57063833,1.70,1535.546,23.954,5.388,203,28,42,,
T,2023-03-27 22:19:49,6.21041000,-75.57065500,1.70,1535.546,23.954,4.911,205,28,42,,
T,2023-03-27 22:19:50,6.21037167,-75.57067000,1.70,1536.646,23.954,4.830,194,28,42,,
T,2023-03-27 22:19:51,6.21032667,-75.57068167,1.70,1537.445,23.955,5.626,198,27,42,,
T,2023-03-27 22:19:52,6.21027333,-75.57070167,1.70,1537.745,23.955,6.753,199,27,42,,
T,2023-03-27 22:19:53,6.21020833,-75.57072167,1.70,1538.245,23.955,7.454,195,27,42,,
T,2023-03-27 22:19:54,6.21013833,-75.57074500,1.70,1538.445,23.955,7.920,198,28,42,,
T,2023-03-27 22:19:55,6.21006833,-75.57077000,1.70,1538.644,23.956,8.040,201,28,42,,
T,2023-03-27 22:19:56,6.20999500,-75.57079667,1.60,1538.644,23.956,8.777,200,27,42,,
T,2023-03-27 22:19:57,6.20991667,-75.57082833,1.70,1538.444,23.956,9.343,199,26,42,,
T,2023-03-27 22:19:58,6.20983333,-75.57085833,1.60,1538.044,23.956,9.812,202,26,42,,
T,2023-03-27 22:19:59,6.20974333,-75.57089667,2.00,1537.743,23.957,9.893,202,27,42,,
T,2023-03-27 22:20:00,6.20966000,-75.57092667,1.90,1537.443,23.957,9.692,201,26,42,,
T,2023-03-27 22:20:01,6.20958333,-75.57095833,2.10,1537.842,23.958,9.703,200,26,42,,
T,2023-03-27 22:20:02,6.20949500,-75.57099000,2.20,1537.842,23.958,9.819,200,26,42,,
T,2023-03-27 22:20:03,6.20941833,-75.57102333,2.20,1537.642,23.958,9.278,202,26,42,,
T,2023-03-27 22:20:04,6.20933833,-75.57105667,2.20,1537.142,23.958,8.656,201,27,42,,
T,2023-03-27 22:20:05,6.20926167,-75.57107833,2.20,1536.841,23.959,8.332,199,27,42,,
T,2023-03-27 22:20:06,6.20919500,-75.57109333,2.20,1537.241,23.959,8.064,198,27,42,,
T,2023-03-27 22:20:07,6.20912500,-75.57111833,1.90,1536.541,23.959,8.209,199,25,42,,
T,2023-03-27 22:20:08,6.20906833,-75.57114167,1.90,1535.741,23.959,6.371,198,25,42,,
T,2023-03-27 22:20:09,6.20902833,-75.57116333,1.80,1534.940,23.960,5.034,197,25,42,,
T,2023-03-27 22:20:10,6.20899833,-75.57118500,1.80,1534.540,23.960,4.269,206,26,42,,
T,2023-03-27 22:20:11,6.20897833,-75.57120333,1.80,1534.540,23.960,2.917,215,26,42,,
T,2023-03-27 22:20:12,6.20896667,-75.57122000,1.90,1535.240,23.960,1.881,214,26,42,,
T,2023-03-27 22:20:13,6.20896000,-75.57123167,1.90,1536.140,23.960,1.495,214,26,42,,
T,2023-03-27 22:20:14,6.20895000,-75.57124000,1.80,1536.640,23.960,1.709,204,25,42,,
T,2023-03-27 22:20:15,6.20893500,-75.57124667,1.70,1536.740,23.960,2.043,196,25,42,,
T,2023-03-27 22:20:16,6.20891667,-75.57125333,1.70,1537.240,23.960,1.922,188,25,42,,
T,2023-03-27 22:20:17,6.20889833,-75.57125833,1.60,1537.840,23.960,1.896,192,25,42,,
T,2023-03-27 22:20:18,6.20888167,-75.57126167,1.60,1537.840,23.960,2.009,183,25,42,,
T,2023-03-27 22:20:19,6.20886500,-75.57126667,1.80,1538.439,23.961,1.591,184,25,42,,
T,2023-03-27 22:20:20,6.20885167,-75.57127333,1.70,1538.639,23.961,1.671,204,25,42,,
T,2023-03-27 22:20:21,6.20883333,-75.57127833,1.70,1538.839,23.961,2.055,193,25,42,,
T,2023-03-27 22:20:22,6.20881333,-75.57128333,1.80,1538.939,23.961,2.091,199,25,42,,
T,2023-03-27 22:20:23,6.20879167,-75.57128833,1.80,1538.739,23.961,2.091,196,25,42,,
T,2023-03-27 22:20:24,6.20876667,-75.57130167,1.70,1538.039,23.961,2.551,204,24,42,,
T,2023-03-27 22:20:25,6.20873667,-75.57132167,1.80,1538.039,23.961,3.110,205,24,42,,
T,2023-03-27 22:20:26,6.20870667,-75.57133333,1.80,1537.939,23.961,3.332,204,23,42,,
T,2023-03-27 22:20:27,6.20867000,-75.57134167,1.80,1537.939,23.961,3.714,199,24,42,,
T,2023-03-27 22:20:28,6.20863333,-75.57135000,1.80,1537.839,23.961,3.695,195,24,42,,
T,2023-03-27 22:20:29,6.20859833,-75.57135500,1.80,1537.839,23.961,3.537,198,26,42,,
T,2023-03-27 22:20:30,6.20856500,-75.57136000,1.80,1537.438,23.962,3.277,198,26,42,,
T,2023-03-27 22:20:31,6.20853000,-75.57136167,1.80,1537.038,23.962,2.947,195,27,42,,
T,2023-03-27 22:20:32,6.20850167,-75.57136500,1.80,1536.838,23.962,2.200,196,27,42,,
T,2023-03-27 22:20:33,6.20848167,-75.57136667,1.80,1537.038,23.962,1.519,202,27,42,,
T,2023-03-27 22:20:34,6.20845833,-75.57136500,1.80,1537.438,23.962,1.803,191,27,42,,
T,2023-03-27 22:20:35,6.20843333,-75.57136333,1.80,1537.738,23.962,2.687,197,27,42,,
T,2023-03-27 22:20:36,6.20840167,-75.57136667,1.80,1538.138,23.962,3.612,193,26,42,,
T,2023-03-27 22:20:37,6.20836000,-75.57137167,1.80,1538.238,23.962,4.234,193,26,42,,
T,2023-03-27 22:20:38,6.20831167,-75.57137167,1.80,1537.938,23.962,4.744,187,27,42,,
T,2023-03-27 22:20:39,6.20826000,-75.57137833,1.80,1538.238,23.962,5.417,189,27,42,,
T,2023-03-27 22:20:40,6.20820500,-75.57138167,1.80,1538.238,23.962,5.682,187,27,42,,
T,2023-03-27 22:20:41,6.20815000,-75.57139167,1.90,1537.937,23.963,5.802,192,27,42,,
T,2023-03-27 22:20:42,6.20809500,-75.57140000,1.90,1537.837,23.963,5.653,191,28,42,,
T,2023-03-27 22:20:43,6.20804000,-75.57140500,1.90,1537.537,23.963,5.838,188,28,42,,
T,2023-03-27 22:20:44,6.20797667,-75.57140667,1.90,1537.037,23.963,6.208,182,28,42,,
T,2023-03-27 22:20:45,6.20791167,-75.57140833,1.90,1536.537,23.963,6.477,183,28,42,,
T,2023-03-27 22:20:46,6.20785000,-75.57141000,1.80,1536.237,23.963,5.696,184,27,42,,
T,2023-03-27 22:20:47,6.20778833,-75.57142000,1.90,1535.537,23.963,6.079,184,28,42,,
T,2023-03-27 22:20:48,6.20772833,-75.57142833,1.80,1535.136,23.964,6.167,188,26,42,,
T,2023-03-27 22:20:49,6.20767000,-75.57143667,1.80,1534.636,23.964,5.424,188,26,42,,
T,2023-03-27 22:20:50,6.20761833,-75.57144500,1.80,1533.736,23.964,5.068,184,27,42,,
T,2023-03-27 22:20:51,6.20757333,-75.57145333,1.80,1533.236,23.964,4.267,189,25,42,,
T,2023-03-27 22:20:52,6.20752667,-75.57145833,1.80,1532.936,23.964,4.587,187,25,42,,
T,2023-03-27 22:20:53,6.20747167,-75.57147000,1.80,1532.336,23.964,5.437,189,26,42,,
T,2023-03-27 22:20:54,6.20740833,-75.57147833,1.80,1531.936,23.964,6.210,188,26,42,,
T,2023-03-27 22:20:55,6.20734167,-75.57149000,1.80,1531.235,23.965,6.559,189,26,42,,
T,2023-03-27 22:20:56,6.20727500,-75.57150333,1.80,1530.435,23.965,6.899,192,25,42,,
T,2023-03-27 22:20:57,6.20721333,-75.57152000,1.80,1529.735,23.965,5.829,195,26,42,,
T,2023-03-27 22:20:58,6.20716500,-75.57154167,1.90,1529.135,23.965,4.531,204,26,42,,
T,2023-03-27 22:20:59,6.20712667,-75.57155833,1.90,1528.435,23.965,3.916,203,26,42,,
T,2023-03-27 22:21:00,6.20709167,-75.57157500,1.90,1528.134,23.966,4.204,201,25,42,,
T,2023-03-27 22:21:01,6.20705000,-75.57159000,1.90,1528.134,23.966,5.158,199,25,42,,
T,2023-03-27 22:21:02,6.20699667,-75.57160500,1.90,1528.234,23.966,5.899,196,25,42,,
T,2023-03-27 22:21:03,6.20694333,-75.57162167,1.90,1528.134,23.966,5.906,196,25,42,,
T,2023-03-27 22:21:04,6.20689500,-75.57164167,1.90,1528.334,23.966,4.695,199,26,42,,
T,2023-03-27 22:21:05,6.20685500,-75.57165833,1.90,1528.634,23.966,4.097,194,25,42,,
T,2023-03-27 22:21:06,6.20681500,-75.57166667,1.90,1528.833,23.967,4.345,191,26,42,,
T,2023-03-27 22:21:07,6.20677333,-75.57167333,1.90,1529.033,23.967,4.627,188,25,42,,
T,2023-03-27 22:21:08,6.20673000,-75.57168000,2.00,1529.133,23.967,4.214,181,25,42,,
T,2023-03-27 22:21:09,6.20669500,-75.57168833,2.00,1529.033,23.967,3.111,185,25,42,,
T,2023-03-27 22:21:10,6.20667833,-75.57169500,2.00,1529.033,23.967,1.554,168,25,42,,
T,2023-03-27 22:21:11,6.20667333,-75.57169667,2.00,1529.433,23.967,0.000,,26,42,,
T,2023-03-27 22:21:12,6.20667333,-75.57169500,1.90,1529.733,23.967,0.000,,26,42,,
T,2023-03-27 22:21:13,6.20667167,-75.57169167,1.90,1529.733,23.967,0.000,,26,42,,
T,2023-03-27 22:21:14,6.20667167,-75.57169167,1.80,1529.733,23.967,0.000,,26,42,,
T,2023-03-27 22:21:15,6.20667167,-75.57169167,1.80,1529.733,23.967,0.000,,25,42,,
T,2023-03-27 22:21:16,6.20667167,-75.57169167,1.80,1529.733,23.967,0.000,,25,42,,
T,2023-03-27 22:21:17,6.20667167,-75.57169167,1.70,1529.733,23.967,0.000,,24,42,,
T,2023-03-27 22:21:18,6.20667167,-75.57169167,1.70,1529.733,23.967,0.000,,25,42,,
T,2023-03-27 22:21:19,6.20667167,-75.57169167,1.70,1529.733,23.967,0.000,,25,42,,
T,2023-03-27 22:21:20,6.20662667,-75.57168333,1.70,1528.433,23.967,0.129,168,25,42,,
T,2023-03-27 22:21:21,6.20661500,-75.57167833,1.70,1527.833,23.967,0.000,,26,42,,
T,2023-03-27 22:21:22,6.20660833,-75.57167667,1.70,1527.333,23.967,0.000,,26,42,,
T,2023-03-27 22:21:23,6.20660333,-75.57167667,1.70,1526.933,23.967,0.000,,26,42,,
T,2023-03-27 22:21:24,6.20660333,-75.57167667,1.60,1526.933,23.967,0.000,,24,42,,
T,2023-03-27 22:21:25,6.20660333,-75.57167667,1.60,1526.933,23.967,0.000,,24,42,,
T,2023-03-27 22:21:26,6.20660333,-75.57167667,1.60,1526.933,23.967,0.000,,24,42,,
T,2023-03-27 22:21:27,6.20660333,-75.57167667,1.60,1526.933,23.967,0.000,,26,42,,
T,2023-03-27 22:21:28,6.20660333,-75.57167667,1.60,1526.933,23.967,0.000,,26,42,,
T,2023-03-27 22:21:29,6.20660333,-75.57167667,1.50,1526.933,23.967,0.000,,26,42,,
T,2023-03-27 22:21:30,6.20660333,-75.57167667,1.50,1526.933,23.967,0.000,,26,42,,
T,2023-03-27 22:21:31,6.20660333,-75.57167667,1.50,1526.933,23.967,0.000,,26,42,,
T,2023-03-27 22:21:32,6.20660333,-75.57167667,1.50,1526.933,23.967,0.000,,26,42,,
T,2023-03-27 22:21:33,6.20660333,-75.57167667,1.50,1526.933,23.967,0.000,,27,42,,
T,2023-03-27 22:21:34,6.20660333,-75.57167667,1.50,1526.933,23.967,0.000,,28,42,,
T,2023-03-27 22:21:35,6.20660333,-75.57167667,1.50,1526.933,23.967,0.000,,28,42,,
T,2023-03-27 22:21:36,6.20660333,-75.57167667,1.60,1526.933,23.967,0.000,,28,42,,
T,2023-03-27 22:21:37,6.20660333,-75.57167667,1.50,1526.933,23.967,0.000,,27,42,,
T,2023-03-27 22:21:38,6.20660333,-75.57167667,1.50,1526.933,23.967,0.000,,27,42,,
T,2023-03-27 22:21:39,6.20660333,-75.57167667,1.50,1526.933,23.967,0.000,,27,42,,
T,2023-03-27 22:21:40,6.20660333,-75.57167667,1.50,1526.933,23.967,0.000,,27,42,,
T,2023-03-27 22:21:41,6.20660333,-75.57167667,1.50,1526.933,23.967,0.000,,27,42,,
T,2023-03-27 22:21:42,6.20660333,-75.57167667,1.50,1526.933,23.967,0.000,,26,42,,
T,2023-03-27 22:21:43,6.20660333,-75.57167667,1.50,1526.933,23.967,0.000,,27,42,,
T,2023-03-27 22:21:44,6.20660333,-75.57167667,1.50,1526.933,23.967,0.000,,27,42,,
T,2023-03-27 22:21:45,6.20660333,-75.57167667,1.50,1526.933,23.967,0.000,,27,42,,
T,2023-03-27 22:21:46,6.20660333,-75.57167667,1.50,1526.933,23.967,0.000,,27,42,,
T,2023-03-27 22:21:47,6.20660333,-75.57167667,1.50,1526.933,23.967,0.000,,24,42,,
T,2023-03-27 22:21:48,6.20660333,-75.57167667,1.50,1526.933,23.967,0.000,,24,42,,
T,2023-03-27 22:21:49,6.20660333,-75.57167667,1.50,1526.933,23.967,0.000,,25,42,,
T,2023-03-27 22:21:50,6.20660333,-75.57167667,1.50,1526.933,23.967,0.000,,24,42,,
T,2023-03-27 22:21:51,6.20660333,-75.57167667,1.50,1526.933,23.967,0.000,,25,42,,
T,2023-03-27 22:21:52,6.20660333,-75.57167667,1.50,1526.933,23.967,0.000,,25,42,,
T,2023-03-27 22:21:53,6.20660333,-75.57167667,1.60,1526.933,23.967,0.000,,26,42,,
T,2023-03-27 22:21:54,6.20653833,-75.57167333,1.70,1521.933,23.967,2.625,186,27,42,,
T,2023-03-27 22:21:55,6.20649500,-75.57167167,1.80,1522.033,23.967,4.374,183,26,42,,
T,2023-03-27 22:21:56,6.20644833,-75.57167000,1.80,1522.033,23.967,4.463,180,26,42,,
T,2023-03-27 22:21:57,6.20639833,-75.57166667,1.80,1522.133,23.967,4.991,177,26,42,,
T,2023-03-27 22:21:58,6.20634333,-75.57166167,1.70,1522.333,23.967,5.127,175,26,42,,
T,2023-03-27 22:21:59,6.20629167,-75.57165500,1.70,1522.532,23.968,4.865,171,25,42,,
T,2023-03-27 22:22:00,6.20624500,-75.57164500,1.70,1523.032,23.968,4.226,175,26,42,,
T,2023-03-27 22:22:01,6.20620000,-75.57163333,1.70,1523.432,23.968,4.311,172,26,42,,
T,2023-03-27 22:22:02,6.20615333,-75.57162667,1.70,1523.832,23.968,5.032,171,26,42,,
T,2023-03-27 22:22:03,6.20610333,-75.57161833,1.70,1524.332,23.968,5.995,170,25,42,,
T,2023-03-27 22:22:04,6.20604833,-75.57160500,1.80,1524.232,23.968,6.321,164,25,42,,
T,2023-03-27 22:22:05,6.20599000,-75.57158833,1.80,1524.232,23.968,6.348,167,26,42,,
T,2023-03-27 22:22:06,6.20593333,-75.57157500,1.90,1524.432,23.968,5.519,168,26,42,,
T,2023-03-27 22:22:07,6.20588333,-75.57156333,1.90,1524.432,23.968,5.101,169,26,42,,
T,2023-03-27 22:22:08,6.20583833,-75.57156000,1.90,1524.832,23.968,4.432,169,26,42,,
T,2023-03-27 22:22:09,6.20580500,-75.57155333,2.00,1524.932,23.968,3.077,171,26,42,,
T,2023-03-27 22:22:10,6.20579000,-75.57154667,1.90,1525.132,23.968,1.728,163,25,42,,
T,2023-03-27 22:22:11,6.20577333,-75.57154500,1.90,1525.532,23.968,2.062,180,25,42,,
T,2023-03-27 22:22:12,6.20574833,-75.57154500,1.80,1525.932,23.968,2.562,177,25,42,,
T,2023-03-27 22:22:13,6.20572167,-75.57154500,1.80,1526.232,23.968,2.466,176,24,42,,
T,2023-03-27 22:22:14,6.20570000,-75.57154833,1.80,1526.432,23.968,1.763,170,25,42,,
T,2023-03-27 22:22:15,6.20568167,-75.57154500,1.80,1526.532,23.968,1.788,154,25,42,,
T,2023-03-27 22:22:16,6.20566167,-75.57153500,1.80,1526.832,23.968,2.391,155,26,42,,
T,2023-03-27 22:22:17,6.20563667,-75.57152500,1.80,1527.332,23.968,2.399,157,26,42,,
T,2023-03-27 22:22:18,6.20560667,-75.57151833,1.80,1527.932,23.968,3.108,168,26,42,,
T,2023-03-27 22:22:19,6.20557500,-75.57151167,1.80,1528.732,23.968,3.332,167,26,42,,
T,2023-03-27 22:22:20,6.20553833,-75.57150000,1.80,1529.532,23.968,4.007,165,26,42,,
T,2023-03-27 22:22:21,6.20550167,-75.57149333,1.80,1530.232,23.968,3.600,171,26,42,,
T,2023-03-27 22:22:22,6.20546500,-75.57149167,1.70,1530.632,23.968,3.860,174,26,42,,
T,2023-03-27 22:22:23,6.20542667,-75.57148667,1.70,1531.032,23.968,4.334,167,25,42,,
T,2023-03-27 22:22:24,6.20538333,-75.57148000,1.80,1531.332,23.968,4.945,170,25,42,,
T,2023-03-27 22:22:25,6.20532833,-75.57147667,1.80,1531.532,23.968,5.578,175,25,42,,
T,2023-03-27 22:22:26,6.20527833,-75.57147333,1.90,1531.931,23.969,5.110,177,25,42,,
T,2023-03-27 22:22:27,6.20523000,-75.57147167,1.90,1532.331,23.969,4.601,181,25,42,,
T,2023-03-27 22:22:28,6.20518333,-75.57147167,1.90,1532.731,23.969,4.351,185,25,42,,
T,2023-03-27 22:22:29,6.20513333,-75.57147500,1.90,1532.731,23.969,4.495,183,27,42,,
T,2023-03-27 22:22:30,6.20508333,-75.57147500,1.90,1532.631,23.969,4.637,179,27,42,,
T,2023-03-27 22:22:31,6.20503500,-75.57147833,1.90,1532.331,23.969,4.301,183,27,42,,
T,2023-03-27 22:22:32,6.20498000,-75.57149000,1.90,1531.331,23.969,4.491,188,27,42,,
T,2023-03-27 22:22:33,6.20493167,-75.57149500,1.90,1531.331,23.969,4.777,190,26,42,,
T,2023-03-27 22:22:34,6.20487833,-75.57150500,1.90,1530.831,23.969,5.133,192,26,42,,
T,2023-03-27 22:22:35,6.20483000,-75.57151333,1.80,1530.830,23.970,4.223,187,26,42,,
T,2023-03-27 22:22:36,6.20478500,-75.57152667,1.80,1530.030,23.970,3.536,188,27,42,,
T,2023-03-27 22:22:37,6.20474333,-75.57153333,1.80,1529.430,23.970,3.568,188,27,42,,
T,2023-03-27 22:22:38,6.20470833,-75.57154000,1.90,1529.430,23.970,3.104,193,27,42,,
T,2023-03-27 22:22:39,6.20467167,-75.57155333,1.90,1528.930,23.970,3.420,199,27,42,,
T,2023-03-27 22:22:40,6.20463333,-75.57156500,1.90,1529.130,23.970,3.624,191,27,42,,
T,2023-03-27 22:22:41,6.20458833,-75.57157333,1.90,1528.030,23.970,3.593,183,27,42,,
T,2023-03-27 22:22:42,6.20455167,-75.57158167,1.80,1527.529,23.971,3.728,190,27,42,,
T,2023-03-27 22:22:43,6.20451167,-75.57159000,1.80,1527.229,23.971,3.744,189,27,42,,
T,2023-03-27 22:22:44,6.20447833,-75.57159833,1.80,1527.429,23.971,3.388,192,27,42,,
T,2023-03-27 22:22:45,6.20444833,-75.57160667,1.70,1527.529,23.971,2.130,192,27,42,,
T,2023-03-27 22:22:46,6.20443500,-75.57161667,1.80,1527.529,23.971,0.000,,27,42,,
T,2023-03-27 22:22:47,6.20442500,-75.57162000,1.80,1527.429,23.971,0.000,,27,42,,
T,2023-03-27 22:22:48,6.20441167,-75.57162167,1.80,1527.429,23.971,0.000,,27,42,,
T,2023-03-27 22:22:49,6.20441167,-75.57162167,1.80,1527.429,23.971,0.000,,27,42,,
T,2023-03-27 22:22:50,6.20438000,-75.57162000,1.80,1527.329,23.971,1.922,188,27,42,,
T,2023-03-27 22:22:51,6.20435000,-75.57162000,1.80,1527.029,23.971,2.854,194,27,42,,
T,2023-03-27 22:22:52,6.20431000,-75.57162000,1.70,1527.229,23.971,4.063,186,27,42,,
T,2023-03-27 22:22:53,6.20425833,-75.57162833,1.70,1526.929,23.971,5.539,192,27,42,,
T,2023-03-27 22:22:54,6.20419833,-75.57164333,1.60,1526.828,23.972,6.666,191,27,42,,
T,2023-03-27 22:22:55,6.20413000,-75.57166000,1.60,1526.428,23.972,7.373,191,27,42,,
T,2023-03-27 22:22:56,6.20405833,-75.57167500,1.60,1526.328,23.972,7.812,191,27,42,,
T,2023-03-27 22:22:57,6.20398500,-75.57169000,1.60,1526.028,23.972,7.441,194,27,42,,
T,2023-03-27 22:22:58,6.20391833,-75.57170500,1.60,1525.828,23.972,6.735,193,27,42,,
T,2023-03-27 22:22:59,6.20385667,-75.57172000,1.60,1525.827,23.973,6.508,193,27,42,,
T,2023-03-27 22:23:00,6.20379667,-75.57173167,1.60,1525.927,23.973,5.825,193,27,42,,
T,2023-03-27 22:23:01,6.20374667,-75.57174500,1.60,1526.127,23.973,5.233,196,26,42,,
T,2023-03-27 22:23:02,6.20370000,-75.57176000,1.60,1526.227,23.973,4.955,196,25,42,,
T,2023-03-27 22:23:03,6.20365333,-75.57177167,1.60,1526.927,23.973,4.865,201,25,42,,
T,2023-03-27 22:23:04,6.20361167,-75.57179000,1.60,1526.727,23.973,5.336,203,25,42,,
T,2023-03-27 22:23:05,6.20356167,-75.57180833,1.50,1526.826,23.974,6.144,201,24,42,,
T,2023-03-27 22:23:06,6.20351333,-75.57182833,1.50,1527.326,23.974,5.471,204,24,42,,
T,2023-03-27 22:23:07,6.20347000,-75.57185000,1.50,1527.426,23.974,4.951,205,24,42,,
T,2023-03-27 22:23:08,6.20343000,-75.57186833,1.50,1527.726,23.974,4.572,205,24,42,,
T,2023-03-27 22:23:09,6.20339500,-75.57188500,1.50,1528.226,23.974,4.113,203,24,42,,
T,2023-03-27 22:23:10,6.20336167,-75.57190000,1.60,1528.526,23.974,4.091,202,24,42,,
T,2023-03-27 22:23:11,6.20332833,-75.57191333,1.60,1528.825,23.975,3.897,203,25,42,,
T,2023-03-27 22:23:12,6.20329833,-75.57192500,1.60,1529.225,23.975,3.120,199,25,42,,
T,2023-03-27 22:23:13,6.20327667,-75.57193667,1.60,1529.525,23.975,2.218,207,25,42,,
T,2023-03-27 22:23:14,6.20326500,-75.57194667,1.60,1530.025,23.975,1.839,222,26,42,,
T,2023-03-27 22:23:15,6.20325500,-75.57195167,1.60,1530.425,23.975,0.000,,26,42,,
T,2023-03-27 22:23:16,6.20325333,-75.57195333,1.70,1531.025,23.975,0.000,,26,42,,
T,2023-03-27 22:23:17,6.20325333,-75.57195333,1.70,1531.325,23.975,0.000,,26,42,,
T,2023-03-27 22:23:18,6.20325333,-75.57195333,1.70,1531.325,23.975,0.000,,26,42,,
T,2023-03-27 22:23:19,6.20325333,-75.57195333,1.60,1531.325,23.975,0.000,,26,42,,
T,2023-03-27 22:23:20,6.20325333,-75.57195333,1.60,1531.325,23.975,0.000,,26,42,,
T,2023-03-27 22:23:21,6.20325333,-75.57195333,1.60,1531.325,23.975,0.000,,26,42,,
T,2023-03-27 22:23:22,6.20325333,-75.57195333,1.60,1531.325,23.975,0.000,,26,42,,
T,2023-03-27 22:23:23,6.20325333,-75.57195333,1.60,1531.325,23.975,0.000,,26,42,,
T,2023-03-27 22:23:24,6.20325333,-75.57195333,1.70,1531.325,23.975,0.000,,26,42,,
T,2023-03-27 22:23:25,6.20325333,-75.57195333,1.70,1531.325,23.975,0.000,,25,42,,
T,2023-03-27 22:23:26,6.20325333,-75.57195333,1.70,1531.325,23.975,0.000,,25,42,,
T,2023-03-27 22:23:27,6.20325333,-75.57195333,1.70,1531.325,23.975,0.000,,25,42,,
T,2023-03-27 22:23:28,6.20325333,-75.57195333,1.10,1531.325,23.975,0.000,,25,42,,
