type,date time,latitude,longitude,accuracy(m),altitude(m),geoid_height(m),speed(m/s),bearing(deg),sat_used,sat_inview,name,desc
T,2023-03-24 12:13:05,6.16390000,-75.58376667,2.10,1615.887,24.113,0.166,261,17,42,20230324-071305,GPS Logger: 20230324-071305 - Victory_Bomber150_Viaje_10
T,2023-03-24 12:13:06,6.16389667,-75.58376667,2.10,1615.487,24.113,0.522,357,18,42,,
T,2023-03-24 12:13:07,6.16389833,-75.58377167,2.10,1615.087,24.113,0.778,322,17,42,,
T,2023-03-24 12:13:08,6.16390500,-75.58377167,2.20,1615.087,24.113,0.000,,16,42,,
T,2023-03-24 12:13:09,6.16390000,-75.58376667,2.30,1615.287,24.113,2.019,161,16,42,,
T,2023-03-24 12:13:10,6.16389167,-75.58376000,2.50,1615.587,24.113,1.300,166,15,42,,
T,2023-03-24 12:13:11,6.16388333,-75.58375500,2.50,1615.287,24.113,0.920,168,15,42,,
T,2023-03-24 12:13:12,6.16388667,-75.58375167,2.50,1614.887,24.113,0.635,29,15,42,,
T,2023-03-24 12:13:13,6.16389167,-75.58374667,2.50,1614.587,24.113,0.368,26,16,42,,
T,2023-03-24 12:13:14,6.16389667,-75.58374667,2.50,1614.287,24.113,0.136,15,15,42,,
T,2023-03-24 12:13:15,6.16390000,-75.58374500,2.50,1613.887,24.113,0.374,215,15,42,,
T,2023-03-24 12:13:16,6.16390333,-75.58374833,2.40,1613.787,24.113,0.838,212,15,42,,
T,2023-03-24 12:13:17,6.16390500,-75.58375333,2.40,1613.787,24.113,0.785,137,15,42,,
T,2023-03-24 12:13:18,6.16390167,-75.58376000,2.40,1612.587,24.113,0.746,230,15,42,,
T,2023-03-24 12:13:19,6.16389833,-75.58376000,2.40,1612.487,24.113,0.576,156,15,42,,
T,2023-03-24 12:13:20,6.16389833,-75.58376000,2.40,1612.687,24.113,0.483,169,15,42,,
T,2023-03-24 12:13:21,6.16390167,-75.58376000,2.40,1612.787,24.113,0.412,28,15,42,,
T,2023-03-24 12:13:22,6.16390167,-75.58376500,2.40,1612.187,24.113,0.393,24,16,42,,
T,2023-03-24 12:13:23,6.16390167,-75.58376667,2.40,1611.987,24.113,0.410,347,16,42,,
T,2023-03-24 12:13:24,6.16390500,-75.58377167,2.40,1611.887,24.113,0.458,335,17,42,,
T,2023-03-24 12:13:25,6.16390833,-75.58377000,2.40,1612.087,24.113,0.485,8,17,42,,
T,2023-03-24 12:13:26,6.16391000,-75.58376833,2.40,1612.087,24.113,0.482,44,17,42,,
T,2023-03-24 12:13:27,6.16391500,-75.58376333,2.40,1612.387,24.113,0.583,40,17,42,,
T,2023-03-24 12:13:28,6.16391000,-75.58376167,2.40,1612.587,24.113,0.547,18,17,42,,
T,2023-03-24 12:13:29,6.16390667,-75.58376333,2.30,1612.787,24.113,0.536,39,17,42,,
T,2023-03-24 12:13:30,6.16390167,-75.58376333,2.30,1612.487,24.113,0.515,276,17,42,,
T,2023-03-24 12:13:31,6.16389333,-75.58376667,2.80,1611.687,24.113,0.523,70,17,42,,
T,2023-03-24 12:13:32,6.16389667,-75.58377000,2.60,1610.887,24.113,0.505,138,16,42,,
T,2023-03-24 12:13:33,6.16389500,-75.58377167,2.50,1610.787,24.113,0.460,64,16,42,,
T,2023-03-24 12:13:34,6.16389500,-75.58377167,2.40,1610.487,24.113,0.415,49,16,42,,
T,2023-03-24 12:13:35,6.16389667,-75.58377333,2.40,1610.087,24.113,0.000,,16,42,,
T,2023-03-24 12:13:36,6.16389333,-75.58377500,2.30,1609.987,24.113,0.000,,16,42,,
T,2023-03-24 12:13:37,6.16388833,-75.58378000,2.30,1609.587,24.113,0.000,,16,42,,
T,2023-03-24 12:13:38,6.16389167,-75.58378167,2.20,1609.587,24.113,0.336,17,17,42,,
T,2023-03-24 12:13:39,6.16388667,-75.58378500,2.60,1610.687,24.113,0.391,29,17,42,,
T,2023-03-24 12:13:40,6.16387833,-75.58378500,2.70,1611.387,24.113,0.000,,17,42,,
T,2023-03-24 12:13:41,6.16387167,-75.58378167,2.50,1611.687,24.113,0.000,,17,42,,
T,2023-03-24 12:13:42,6.16386667,-75.58378167,2.30,1611.487,24.113,0.449,135,19,42,,
T,2023-03-24 12:13:43,6.16386000,-75.58378667,2.20,1610.587,24.113,0.485,186,18,42,,
T,2023-03-24 12:13:44,6.16385833,-75.58378500,2.20,1610.487,24.113,0.490,167,18,42,,
T,2023-03-24 12:13:45,6.16385667,-75.58378500,2.50,1610.387,24.113,0.491,217,18,42,,
T,2023-03-24 12:13:46,6.16385333,-75.58378667,2.40,1609.987,24.113,0.489,48,19,42,,
T,2023-03-24 12:13:47,6.16385333,-75.58378833,2.20,1609.487,24.113,0.421,314,20,42,,
T,2023-03-24 12:13:48,6.16385500,-75.58379000,2.20,1608.987,24.113,0.000,,19,42,,
T,2023-03-24 12:13:49,6.16385833,-75.58379000,2.10,1608.487,24.113,0.000,,20,42,,
T,2023-03-24 12:13:50,6.16386167,-75.58378667,2.10,1608.187,24.113,0.000,,20,42,,
T,2023-03-24 12:13:51,6.16386167,-75.58378667,2.10,1608.187,24.113,0.000,,20,42,,
T,2023-03-24 12:13:52,6.16386167,-75.58378667,2.00,1608.187,24.113,0.000,,20,42,,
T,2023-03-24 12:13:53,6.16386167,-75.58378667,2.00,1608.187,24.113,0.000,,20,42,,
T,2023-03-24 12:13:54,6.16386167,-75.58378667,2.00,1608.187,24.113,0.000,,20,42,,
T,2023-03-24 12:13:55,6.16386167,-75.58378667,2.70,1608.187,24.113,0.000,,20,42,,
T,2023-03-24 12:13:56,6.16386167,-75.58378667,2.40,1608.187,24.113,0.000,,20,42,,
T,2023-03-24 12:13:57,6.16386167,-75.58378667,2.30,1608.187,24.113,0.000,,20,42,,
T,2023-03-24 12:13:58,6.16386167,-75.58378667,2.20,1608.187,24.113,0.000,,20,42,,
T,2023-03-24 12:13:59,6.16386167,-75.58378667,2.20,1608.187,24.113,0.000,,19,42,,
T,2023-03-24 12:14:00,6.16386167,-75.58378667,2.10,1608.187,24.113,0.000,,20,42,,
T,2023-03-24 12:14:01,6.16386167,-75.58378667,2.10,1608.187,24.113,0.000,,20,42,,
T,2023-03-24 12:14:02,6.16386167,-75.58378667,2.10,1608.187,24.113,0.000,,19,42,,
T,2023-03-24 12:14:03,6.16386167,-75.58378667,2.10,1608.187,24.113,0.000,,19,42,,
T,2023-03-24 12:14:04,6.16386167,-75.58378667,2.10,1608.187,24.113,0.000,,19,42,,
T,2023-03-24 12:14:05,6.16386167,-75.58378667,2.10,1608.187,24.113,0.000,,19,42,,
T,2023-03-24 12:14:06,6.16386167,-75.58378667,2.10,1608.187,24.113,0.000,,19,42,,
T,2023-03-24 12:14:07,6.16386167,-75.58378667,2.10,1608.187,24.113,0.000,,17,42,,
T,2023-03-24 12:14:08,6.16386167,-75.58378667,2.20,1608.187,24.113,0.000,,17,42,,
T,2023-03-24 12:14:09,6.16386167,-75.58378667,2.20,1608.187,24.113,0.000,,17,42,,
T,2023-03-24 12:14:10,6.16386167,-75.58378667,2.20,1608.187,24.113,0.000,,18,42,,
T,2023-03-24 12:14:11,6.16386167,-75.58378667,2.30,1608.187,24.113,0.000,,18,42,,
T,2023-03-24 12:14:12,6.16386167,-75.58378667,2.30,1608.187,24.113,0.000,,17,42,,
T,2023-03-24 12:14:13,6.16386167,-75.58378667,2.30,1608.187,24.113,0.000,,17,42,,
T,2023-03-24 12:14:14,6.16386167,-75.58378667,2.30,1608.187,24.113,0.000,,16,42,,
T,2023-03-24 12:14:15,6.16386167,-75.58378667,2.30,1608.187,24.113,0.000,,16,42,,
T,2023-03-24 12:14:16,6.16386167,-75.58378667,2.30,1608.187,24.113,0.000,,16,42,,
T,2023-03-24 12:14:17,6.16386167,-75.58378667,2.30,1608.187,24.113,0.000,,15,42,,
T,2023-03-24 12:14:18,6.16385500,-75.58379667,2.30,1597.387,24.113,0.286,142,15,42,,
T,2023-03-24 12:14:19,6.16385000,-75.58378833,2.40,1597.387,24.113,0.000,,15,42,,
T,2023-03-24 12:14:20,6.16384833,-75.58379167,2.30,1597.587,24.113,0.000,,15,42,,
T,2023-03-24 12:14:21,6.16384500,-75.58378833,2.30,1597.887,24.113,0.336,203,16,42,,
T,2023-03-24 12:14:22,6.16384500,-75.58378167,2.30,1598.487,24.113,0.000,,17,42,,
T,2023-03-24 12:14:23,6.16384500,-75.58377667,2.30,1598.987,24.113,0.000,,17,42,,
T,2023-03-24 12:14:24,6.16384167,-75.58377500,2.20,1599.287,24.113,0.000,,17,42,,
T,2023-03-24 12:14:25,6.16384167,-75.58377500,2.20,1599.287,24.113,0.000,,17,42,,
T,2023-03-24 12:14:26,6.16384167,-75.58377500,2.20,1599.287,24.113,0.000,,16,42,,
T,2023-03-24 12:14:27,6.16384167,-75.58377500,2.20,1599.287,24.113,0.000,,16,42,,
T,2023-03-24 12:14:28,6.16384167,-75.58377500,2.20,1599.287,24.113,0.000,,16,42,,
T,2023-03-24 12:14:29,6.16384167,-75.58377500,2.10,1599.287,24.113,0.000,,16,42,,
T,2023-03-24 12:14:30,6.16384500,-75.58376000,2.10,1601.887,24.113,0.304,6,16,42,,
T,2023-03-24 12:14:31,6.16384833,-75.58375667,2.10,1602.287,24.113,0.000,,16,42,,
T,2023-03-24 12:14:32,6.16384833,-75.58375667,2.10,1602.587,24.113,0.000,,16,42,,
T,2023-03-24 12:14:33,6.16385000,-75.58375833,2.10,1602.887,24.113,0.000,,16,42,,
T,2023-03-24 12:14:34,6.16385000,-75.58375833,2.10,1602.887,24.113,0.000,,15,42,,
T,2023-03-24 12:14:35,6.16385000,-75.58375833,2.10,1602.887,24.113,0.000,,16,42,,
T,2023-03-24 12:14:36,6.16385000,-75.58375833,2.10,1602.887,24.113,0.000,,15,42,,
T,2023-03-24 12:14:37,6.16385000,-75.58375833,2.10,1602.887,24.113,0.000,,14,42,,
T,2023-03-24 12:14:38,6.16385000,-75.58375833,2.10,1602.887,24.113,0.000,,15,42,,
T,2023-03-24 12:14:39,6.16385000,-75.58375833,2.10,1602.887,24.113,0.000,,15,42,,
T,2023-03-24 12:14:40,6.16385000,-75.58375833,2.20,1602.887,24.113,0.000,,14,42,,
T,2023-03-24 12:14:41,6.16385000,-75.58375833,2.20,1602.887,24.113,0.000,,14,42,,
T,2023-03-24 12:14:42,6.16385000,-75.58375833,2.20,1602.887,24.113,0.000,,14,42,,
T,2023-03-24 12:14:43,6.16385000,-75.58375833,2.20,1602.887,24.113,0.000,,15,42,,
T,2023-03-24 12:14:44,6.16385000,-75.58375833,2.30,1602.887,24.113,0.000,,15,42,,
T,2023-03-24 12:14:45,6.16385000,-75.58375833,2.30,1602.887,24.113,0.000,,15,42,,
T,2023-03-24 12:14:46,6.16384167,-75.58376500,2.30,1604.587,24.113,0.219,279,15,42,,
T,2023-03-24 12:14:47,6.16384167,-75.58377000,2.30,1604.887,24.113,0.242,265,14,42,,
T,2023-03-24 12:14:48,6.16384333,-75.58377167,2.30,1605.087,24.113,0.000,,15,42,,
T,2023-03-24 12:14:49,6.16384667,-75.58377000,2.20,1605.387,24.113,0.000,,15,42,,
T,2023-03-24 12:14:50,6.16385000,-75.58376833,2.20,1605.587,24.113,0.000,,15,42,,
T,2023-03-24 12:14:51,6.16385000,-75.58376833,2.20,1605.587,24.113,0.000,,15,42,,
T,2023-03-24 12:14:52,6.16385000,-75.58376833,2.20,1605.587,24.113,0.000,,14,42,,
T,2023-03-24 12:14:53,6.16385000,-75.58376833,2.20,1605.587,24.113,0.000,,15,42,,
T,2023-03-24 12:14:54,6.16385000,-75.58376833,2.20,1605.587,24.113,0.000,,15,42,,
T,2023-03-24 12:14:55,6.16385000,-75.58376833,2.20,1605.587,24.113,0.000,,15,42,,
T,2023-03-24 12:14:56,6.16385000,-75.58376833,2.20,1605.587,24.113,0.000,,15,42,,
T,2023-03-24 12:14:57,6.16385000,-75.58376833,2.20,1605.587,24.113,0.000,,15,42,,
T,2023-03-24 12:14:58,6.16385000,-75.58376833,2.30,1605.587,24.113,0.000,,15,42,,
T,2023-03-24 12:14:59,6.16387333,-75.58375333,2.30,1606.187,24.113,0.194,18,14,42,,
T,2023-03-24 12:15:00,6.16387833,-75.58375500,2.30,1606.287,24.113,0.000,,14,42,,
T,2023-03-24 12:15:01,6.16388167,-75.58375167,2.30,1606.387,24.113,0.000,,14,42,,
T,2023-03-24 12:15:02,6.16388500,-75.58375333,2.30,1606.487,24.113,0.000,,14,42,,
T,2023-03-24 12:15:03,6.16388500,-75.58375333,2.30,1606.487,24.113,0.000,,14,42,,
T,2023-03-24 12:15:04,6.16388500,-75.58375333,2.40,1606.487,24.113,0.000,,14,42,,
T,2023-03-24 12:15:05,6.16388500,-75.58375333,2.40,1606.487,24.113,0.000,,13,42,,
T,2023-03-24 12:15:06,6.16388500,-75.58375333,2.40,1606.487,24.113,0.000,,15,42,,
T,2023-03-24 12:15:07,6.16388500,-75.58375333,2.40,1606.487,24.113,0.000,,15,42,,
T,2023-03-24 12:15:08,6.16388500,-75.58375333,2.40,1606.487,24.113,0.000,,15,42,,
T,2023-03-24 12:15:09,6.16388500,-75.58375333,2.40,1606.487,24.113,0.000,,15,42,,
T,2023-03-24 12:15:10,6.16388500,-75.58375333,2.40,1606.487,24.113,0.000,,15,42,,
T,2023-03-24 12:15:11,6.16388500,-75.58375333,2.40,1606.487,24.113,0.000,,15,42,,
T,2023-03-24 12:15:12,6.16389667,-75.58374667,2.50,1605.887,24.113,0.312,7,15,42,,
T,2023-03-24 12:15:13,6.16390167,-75.58374667,2.50,1605.887,24.113,0.333,355,16,42,,
T,2023-03-24 12:15:14,6.16390333,-75.58374833,2.50,1605.887,24.113,0.000,,15,42,,
T,2023-03-24 12:15:15,6.16390000,-75.58375167,2.50,1605.887,24.113,0.000,,15,42,,
T,2023-03-24 12:15:16,6.16389333,-75.58375500,2.50,1605.987,24.113,0.000,,15,42,,
T,2023-03-24 12:15:17,6.16388667,-75.58375333,2.40,1605.987,24.113,0.410,207,15,42,,
T,2023-03-24 12:15:18,6.16388500,-75.58375333,2.40,1605.687,24.113,0.458,203,16,42,,
T,2023-03-24 12:15:19,6.16387333,-75.58375000,2.30,1605.787,24.113,0.502,194,15,42,,
T,2023-03-24 12:15:20,6.16386833,-75.58375167,2.30,1605.787,24.113,0.527,190,14,42,,
T,2023-03-24 12:15:21,6.16386333,-75.58375333,2.30,1605.687,24.113,0.484,201,17,42,,
T,2023-03-24 12:15:22,6.16385333,-75.58375667,2.20,1605.487,24.113,0.424,211,17,42,,
T,2023-03-24 12:15:23,6.16385167,-75.58375500,2.10,1605.587,24.113,0.000,,18,42,,
T,2023-03-24 12:15:24,6.16385000,-75.58375500,2.10,1605.787,24.113,0.000,,18,42,,
T,2023-03-24 12:15:25,6.16384667,-75.58375667,2.10,1605.887,24.113,0.000,,17,42,,
T,2023-03-24 12:15:26,6.16384667,-75.58375667,2.10,1605.887,24.113,0.000,,17,42,,
T,2023-03-24 12:15:27,6.16384667,-75.58375667,2.10,1605.887,24.113,0.000,,18,42,,
T,2023-03-24 12:15:28,6.16384667,-75.58375667,2.10,1605.887,24.113,0.000,,19,42,,
T,2023-03-24 12:15:29,6.16384667,-75.58375667,2.10,1605.887,24.113,0.000,,19,42,,
T,2023-03-24 12:15:30,6.16384667,-75.58375667,2.10,1605.887,24.113,0.000,,19,42,,
T,2023-03-24 12:15:31,6.16384667,-75.58375667,2.10,1605.887,24.113,0.000,,19,42,,
T,2023-03-24 12:15:32,6.16384667,-75.58375667,2.10,1605.887,24.113,0.000,,19,42,,
T,2023-03-24 12:15:33,6.16384667,-75.58375667,2.00,1605.887,24.113,0.000,,20,42,,
T,2023-03-24 12:15:34,6.16384667,-75.58375667,2.00,1605.887,24.113,0.000,,20,42,,
T,2023-03-24 12:15:35,6.16384667,-75.58375667,2.00,1605.887,24.113,0.000,,20,42,,
T,2023-03-24 12:15:36,6.16384667,-75.58375667,2.00,1605.887,24.113,0.000,,20,42,,
T,2023-03-24 12:15:37,6.16384667,-75.58375667,2.00,1605.887,24.113,0.000,,20,42,,
T,2023-03-24 12:15:38,6.16384667,-75.58375667,1.90,1605.887,24.113,0.000,,20,42,,
T,2023-03-24 12:15:39,6.16384667,-75.58375667,1.90,1605.887,24.113,0.000,,18,42,,
T,2023-03-24 12:15:40,6.16384667,-75.58375667,1.90,1605.887,24.113,0.000,,17,42,,
T,2023-03-24 12:15:41,6.16384667,-75.58375667,2.00,1605.887,24.113,0.000,,17,42,,
T,2023-03-24 12:15:42,6.16384667,-75.58375667,2.00,1605.887,24.113,0.000,,17,42,,
T,2023-03-24 12:15:43,6.16384667,-75.58375667,2.00,1605.887,24.113,0.000,,17,42,,
T,2023-03-24 12:15:44,6.16386333,-75.58374000,2.20,1604.187,24.113,0.527,35,19,42,,
T,2023-03-24 12:15:45,6.16388333,-75.58372333,2.30,1604.087,24.113,0.756,45,18,42,,
T,2023-03-24 12:15:46,6.16390667,-75.58369667,2.40,1604.087,24.113,1.036,49,17,42,,
T,2023-03-24 12:15:47,6.16392667,-75.58367333,2.50,1603.687,24.113,0.000,,17,42,,
T,2023-03-24 12:15:48,6.16394667,-75.58364500,2.60,1603.388,24.112,0.000,,19,42,,
T,2023-03-24 12:15:49,6.16397000,-75.58362000,2.80,1603.488,24.112,0.000,,19,42,,
T,2023-03-24 12:15:50,6.16399500,-75.58359500,2.90,1603.388,24.112,0.000,,18,42,,
T,2023-03-24 12:15:51,6.16400667,-75.58357167,2.90,1603.588,24.112,2.748,63,19,42,,
T,2023-03-24 12:15:52,6.16401833,-75.58353833,3.00,1603.688,24.112,3.064,67,19,42,,
T,2023-03-24 12:15:53,6.16401167,-75.58352500,2.90,1603.788,24.112,3.177,85,18,42,,
T,2023-03-24 12:15:54,6.16400500,-75.58349167,2.70,1602.988,24.112,3.276,103,18,42,,
T,2023-03-24 12:15:55,6.16398667,-75.58346167,2.70,1602.889,24.111,3.357,110,17,42,,
T,2023-03-24 12:15:56,6.16396833,-75.58343667,2.80,1602.689,24.111,3.378,119,18,42,,
T,2023-03-24 12:15:57,6.16394500,-75.58341667,2.80,1602.489,24.111,3.402,125,17,42,,
T,2023-03-24 12:15:58,6.16392333,-75.58339667,2.90,1601.689,24.111,3.342,122,17,42,,
T,2023-03-24 12:15:59,6.16389333,-75.58338000,2.90,1601.089,24.111,3.360,137,16,42,,
T,2023-03-24 12:16:00,6.16386667,-75.58335833,3.00,1601.089,24.111,3.357,138,17,41,,
T,2023-03-24 12:16:01,6.16384167,-75.58332333,3.00,1600.789,24.111,3.372,131,17,41,,
T,2023-03-24 12:16:02,6.16381167,-75.58331167,2.90,1600.189,24.111,3.464,138,17,41,,
T,2023-03-24 12:16:03,6.16378333,-75.58328333,3.00,1600.189,24.111,3.509,152,17,41,,
T,2023-03-24 12:16:04,6.16374500,-75.58325500,2.90,1599.789,24.111,3.674,130,17,41,,
T,2023-03-24 12:16:05,6.16371333,-75.58321333,2.80,1600.189,24.111,3.803,125,16,41,,
T,2023-03-24 12:16:06,6.16369333,-75.58317333,2.70,1599.889,24.111,3.937,146,16,41,,
T,2023-03-24 12:16:07,6.16365667,-75.58315000,2.60,1599.690,24.110,3.931,156,16,41,,
T,2023-03-24 12:16:08,6.16362000,-75.58313500,2.60,1598.790,24.110,3.989,155,17,41,,
T,2023-03-24 12:16:09,6.16357667,-75.58311500,2.60,1597.990,24.110,4.039,149,16,41,,
T,2023-03-24 12:16:10,6.16353667,-75.58309000,2.60,1596.990,24.110,4.070,141,17,41,,
T,2023-03-24 12:16:11,6.16350833,-75.58306833,2.60,1595.990,24.110,4.111,139,17,41,,
T,2023-03-24 12:16:12,6.16346000,-75.58304333,2.70,1594.790,24.110,4.109,142,18,41,,
T,2023-03-24 12:16:13,6.16341500,-75.58301667,2.70,1594.190,24.110,4.239,149,17,41,,
T,2023-03-24 12:16:14,6.16335167,-75.58300000,2.70,1592.790,24.110,4.238,148,18,41,,
T,2023-03-24 12:16:15,6.16330833,-75.58297000,2.90,1592.190,24.110,4.260,145,17,41,,
T,2023-03-24 12:16:16,6.16326833,-75.58293833,3.00,1591.290,24.110,4.359,142,17,41,,
T,2023-03-24 12:16:17,6.16322667,-75.58291000,3.10,1590.590,24.110,4.528,144,17,41,,
T,2023-03-24 12:16:18,6.16319500,-75.58288000,3.20,1590.090,24.110,4.608,141,16,41,,
T,2023-03-24 12:16:19,6.16316667,-75.58285333,3.00,1589.490,24.110,4.521,142,15,41,,
T,2023-03-24 12:16:20,6.16315333,-75.58281667,3.10,1589.590,24.110,4.428,132,14,41,,
T,2023-03-24 12:16:21,6.16315333,-75.58278500,3.10,1589.290,24.110,4.221,99,15,41,,
T,2023-03-24 12:16:22,6.16316667,-75.58273667,2.80,1588.891,24.109,4.094,69,16,41,,
T,2023-03-24 12:16:23,6.16318500,-75.58270667,2.70,1588.391,24.109,4.039,51,15,41,,
T,2023-03-24 12:16:24,6.16320667,-75.58268667,2.80,1587.891,24.109,3.941,40,17,41,,
T,2023-03-24 12:16:25,6.16323667,-75.58266833,2.70,1587.991,24.109,3.865,30,15,41,,
T,2023-03-24 12:16:26,6.16326500,-75.58264833,2.70,1587.591,24.109,3.738,32,16,41,,
T,2023-03-24 12:16:27,6.16329833,-75.58262500,2.60,1586.692,24.108,3.668,29,15,41,,
T,2023-03-24 12:16:28,6.16333000,-75.58260167,2.70,1585.592,24.108,3.613,31,14,41,,
T,2023-03-24 12:16:29,6.16335667,-75.58257667,2.60,1584.892,24.108,3.680,29,14,41,,
T,2023-03-24 12:16:30,6.16338500,-75.58255833,2.60,1584.092,24.108,3.733,24,13,41,,
T,2023-03-24 12:16:31,6.16340667,-75.58254500,2.80,1583.392,24.108,3.794,31,14,41,,
T,2023-03-24 12:16:32,6.16341833,-75.58253000,2.90,1582.892,24.108,3.704,43,15,41,,
T,2023-03-24 12:16:33,6.16342333,-75.58251167,2.70,1582.792,24.108,3.487,48,14,41,,
T,2023-03-24 12:16:34,6.16341500,-75.58250000,2.60,1582.092,24.108,3.190,3,14,41,,
T,2023-03-24 12:16:35,6.16342500,-75.58250000,2.50,1582.792,24.108,2.856,355,18,41,,
T,2023-03-24 12:16:36,6.16343333,-75.58249667,2.40,1582.993,24.107,2.509,7,18,41,,
T,2023-03-24 12:16:37,6.16344333,-75.58249500,2.30,1583.793,24.107,2.145,45,17,41,,
T,2023-03-24 12:16:38,6.16346000,-75.58248833,2.30,1584.893,24.107,1.873,61,19,41,,
T,2023-03-24 12:16:39,6.16347667,-75.58248167,2.30,1586.293,24.107,1.580,75,20,41,,
T,2023-03-24 12:16:40,6.16348500,-75.58247167,2.30,1586.793,24.107,1.323,104,20,41,,
T,2023-03-24 12:16:41,6.16349667,-75.58246167,2.30,1586.193,24.107,1.176,66,19,41,,
T,2023-03-24 12:16:42,6.16350667,-75.58244333,2.30,1585.693,24.107,1.198,51,19,41,,
T,2023-03-24 12:16:43,6.16353167,-75.58242333,2.30,1585.093,24.107,1.430,33,17,41,,
T,2023-03-24 12:16:44,6.16357000,-75.58240667,2.30,1584.493,24.107,1.866,25,18,41,,
T,2023-03-24 12:16:45,6.16361833,-75.58238333,2.40,1584.393,24.107,5.783,32,17,41,,
T,2023-03-24 12:16:46,6.16366500,-75.58235333,2.60,1583.794,24.106,5.574,36,17,41,,
T,2023-03-24 12:16:47,6.16371000,-75.58232500,2.80,1582.994,24.106,5.685,35,16,41,,
T,2023-03-24 12:16:48,6.16375167,-75.58229667,2.90,1582.294,24.106,5.692,35,16,41,,
T,2023-03-24 12:16:49,6.16379500,-75.58227000,3.10,1581.294,24.106,5.864,36,16,41,,
T,2023-03-24 12:16:50,6.16384167,-75.58224333,3.10,1580.295,24.105,6.405,31,17,41,,
T,2023-03-24 12:16:51,6.16390167,-75.58222667,3.00,1580.495,24.105,6.123,25,17,41,,
T,2023-03-24 12:16:52,6.16395000,-75.58220833,3.10,1580.395,24.105,5.601,23,17,41,,
T,2023-03-24 12:16:53,6.16399667,-75.58219167,3.20,1580.695,24.105,5.401,29,17,41,,
T,2023-03-24 12:16:54,6.16403000,-75.58217167,3.00,1582.095,24.105,4.336,44,16,41,,
T,2023-03-24 12:16:55,6.16406167,-75.58214333,3.10,1582.096,24.104,5.504,48,16,41,,
T,2023-03-24 12:16:56,6.16408667,-75.58210833,3.10,1582.096,24.104,5.378,47,17,41,,
T,2023-03-24 12:16:57,6.16412167,-75.58208167,3.10,1581.796,24.104,5.208,44,17,41,,
T,2023-03-24 12:16:58,6.16415167,-75.58205667,3.10,1581.596,24.104,5.020,46,18,41,,
T,2023-03-24 12:16:59,6.16419333,-75.58202167,2.80,1582.896,24.104,4.791,38,17,41,,
T,2023-03-24 12:17:00,6.16422333,-75.58199667,2.80,1582.897,24.103,4.533,43,17,41,,
T,2023-03-24 12:17:01,6.16426833,-75.58196667,2.70,1584.697,24.103,4.389,36,17,41,,
T,2023-03-24 12:17:02,6.16431167,-75.58194000,2.60,1585.397,24.103,4.381,32,16,41,,
T,2023-03-24 12:17:03,6.16436500,-75.58191500,2.70,1586.097,24.103,4.408,30,16,41,,
T,2023-03-24 12:17:04,6.16441500,-75.58188333,2.70,1586.498,24.102,4.639,31,17,41,,
T,2023-03-24 12:17:05,6.16447667,-75.58184667,2.80,1586.698,24.102,4.888,33,17,41,,
T,2023-03-24 12:17:06,6.16453667,-75.58181167,2.80,1586.798,24.102,5.090,38,17,41,,
T,2023-03-24 12:17:07,6.16458833,-75.58178333,2.70,1586.499,24.101,5.245,30,16,41,,
T,2023-03-24 12:17:08,6.16463333,-75.58175500,2.90,1586.199,24.101,5.412,33,16,41,,
T,2023-03-24 12:17:09,6.16467333,-75.58172833,2.90,1585.899,24.101,5.536,34,18,41,,
T,2023-03-24 12:17:10,6.16471333,-75.58170000,2.80,1585.599,24.101,5.567,39,18,41,,
T,2023-03-24 12:17:11,6.16474667,-75.58168167,2.70,1585.299,24.101,5.523,36,18,41,,
T,2023-03-24 12:17:12,6.16477667,-75.58166333,2.60,1584.899,24.101,5.415,33,18,41,,
T,2023-03-24 12:17:13,6.16480333,-75.58164833,2.70,1584.400,24.100,5.221,32,18,41,,
T,2023-03-24 12:17:14,6.16482500,-75.58163333,2.70,1584.100,24.100,4.893,31,18,41,,
T,2023-03-24 12:17:15,6.16485500,-75.58161167,2.80,1584.100,24.100,4.607,31,18,41,,
T,2023-03-24 12:17:16,6.16488333,-75.58158667,2.70,1585.200,24.100,4.387,33,18,41,,
T,2023-03-24 12:17:17,6.16491500,-75.58157000,2.50,1585.200,24.100,4.215,34,18,41,,
T,2023-03-24 12:17:18,6.16495000,-75.58155167,2.40,1585.400,24.100,4.073,36,18,41,,
T,2023-03-24 12:17:19,6.16497833,-75.58153000,2.30,1584.801,24.099,4.025,33,19,41,,
T,2023-03-24 12:17:20,6.16501500,-75.58150833,2.20,1584.501,24.099,4.093,32,19,41,,
T,2023-03-24 12:17:21,6.16505833,-75.58148167,2.20,1584.101,24.099,4.211,29,18,41,,
T,2023-03-24 12:17:22,6.16509667,-75.58145667,2.30,1583.401,24.099,4.288,28,15,41,,
T,2023-03-24 12:17:23,6.16513500,-75.58142667,2.30,1582.801,24.099,4.438,35,15,41,,
T,2023-03-24 12:17:24,6.16517667,-75.58140000,2.40,1582.602,24.098,4.672,28,17,41,,
T,2023-03-24 12:17:25,6.16522000,-75.58137667,2.40,1582.502,24.098,4.805,28,17,41,,
T,2023-03-24 12:17:26,6.16526500,-75.58136167,2.50,1582.702,24.098,4.863,31,17,41,,
T,2023-03-24 12:17:27,6.16530000,-75.58134333,2.50,1582.502,24.098,4.896,30,17,41,,
T,2023-03-24 12:17:28,6.16533333,-75.58133000,2.50,1582.402,24.098,4.847,31,16,41,,
T,2023-03-24 12:17:29,6.16535833,-75.58131500,2.60,1582.102,24.098,4.729,29,16,41,,
T,2023-03-24 12:17:30,6.16538000,-75.58130833,2.80,1581.803,24.097,4.529,23,15,41,,
T,2023-03-24 12:17:31,6.16539833,-75.58129833,2.80,1581.403,24.097,4.231,21,16,41,,
T,2023-03-24 12:17:32,6.16540667,-75.58128167,2.60,1581.203,24.097,3.870,26,17,41,,
T,2023-03-24 12:17:33,6.16541167,-75.58126500,2.30,1581.203,24.097,3.399,21,16,41,,
T,2023-03-24 12:17:34,6.16540833,-75.58126000,2.10,1581.303,24.097,2.858,7,17,41,,
T,2023-03-24 12:17:35,6.16541167,-75.58125667,2.10,1581.803,24.097,2.360,26,17,41,,
T,2023-03-24 12:17:36,6.16541333,-75.58125500,2.20,1582.103,24.097,1.928,52,18,41,,
T,2023-03-24 12:17:37,6.16541500,-75.58125333,2.20,1582.603,24.097,1.531,70,18,41,,
T,2023-03-24 12:17:38,6.16541833,-75.58125000,2.20,1583.103,24.097,1.227,179,18,41,,
T,2023-03-24 12:17:39,6.16541000,-75.58125000,2.20,1583.003,24.097,0.966,183,18,41,,
T,2023-03-24 12:17:40,6.16540667,-75.58125167,2.20,1582.803,24.097,0.722,195,17,41,,
T,2023-03-24 12:17:41,6.16539833,-75.58125000,2.20,1582.603,24.097,0.521,188,17,41,,
T,2023-03-24 12:17:42,6.16539000,-75.58124667,2.30,1582.203,24.097,0.000,,18,41,,
T,2023-03-24 12:17:43,6.16538833,-75.58124333,2.30,1582.103,24.097,0.000,,18,41,,
T,2023-03-24 12:17:44,6.16538500,-75.58124333,2.20,1582.103,24.097,0.000,,18,41,,
T,2023-03-24 12:17:45,6.16538500,-75.58124333,2.20,1582.103,24.097,0.000,,17,41,,
T,2023-03-24 12:17:46,6.16538500,-75.58124333,2.20,1582.103,24.097,0.000,,16,41,,
T,2023-03-24 12:17:47,6.16538500,-75.58124333,2.10,1582.103,24.097,0.000,,16,41,,
T,2023-03-24 12:17:48,6.16538500,-75.58124333,2.00,1582.103,24.097,0.000,,17,41,,
T,2023-03-24 12:17:49,6.16538500,-75.58124333,2.10,1582.103,24.097,0.000,,18,41,,
T,2023-03-24 12:17:50,6.16538500,-75.58124333,2.10,1582.103,24.097,0.000,,19,41,,
T,2023-03-24 12:17:51,6.16538500,-75.58124333,2.10,1582.103,24.097,0.000,,18,41,,
T,2023-03-24 12:17:52,6.16538500,-75.58124333,2.20,1582.103,24.097,0.000,,18,41,,
T,2023-03-24 12:17:53,6.16538500,-75.58124333,2.20,1582.103,24.097,0.000,,16,41,,
T,2023-03-24 12:17:54,6.16538500,-75.58124333,2.30,1582.103,24.097,0.000,,17,41,,
T,2023-03-24 12:17:55,6.16538500,-75.58124333,2.20,1582.103,24.097,0.000,,17,41,,
T,2023-03-24 12:17:56,6.16538500,-75.58124333,2.20,1582.103,24.097,0.000,,18,41,,
T,2023-03-24 12:17:57,6.16538500,-75.58124333,2.20,1582.103,24.097,0.000,,18,41,,
T,2023-03-24 12:17:58,6.16538500,-75.58124333,2.20,1582.103,24.097,0.000,,18,41,,
T,2023-03-24 12:17:59,6.16538500,-75.58124333,2.20,1582.103,24.097,0.000,,17,41,,
T,2023-03-24 12:18:00,6.16538500,-75.58124333,2.20,1582.103,24.097,0.000,,17,41,,
T,2023-03-24 12:18:01,6.16538500,-75.58124333,2.20,1582.103,24.097,0.000,,17,41,,
T,2023-03-24 12:18:02,6.16538500,-75.58124333,2.20,1582.103,24.097,0.000,,17,41,,
T,2023-03-24 12:18:03,6.16538500,-75.58124333,2.20,1582.103,24.097,0.000,,17,41,,
T,2023-03-24 12:18:04,6.16538500,-75.58124333,2.20,1582.103,24.097,0.000,,17,41,,
T,2023-03-24 12:18:05,6.16538500,-75.58124333,2.20,1582.103,24.097,0.000,,16,41,,
T,2023-03-24 12:18:06,6.16538500,-75.58124333,2.20,1582.103,24.097,0.000,,16,41,,
T,2023-03-24 12:18:07,6.16541500,-75.58126500,2.20,1581.503,24.097,0.344,42,16,41,,
T,2023-03-24 12:18:08,6.16543000,-75.58125833,2.10,1582.103,24.097,0.458,25,19,41,,
T,2023-03-24 12:18:09,6.16544000,-75.58124833,2.10,1582.603,24.097,0.606,48,20,41,,
T,2023-03-24 12:18:10,6.16544000,-75.58122167,2.10,1583.103,24.097,0.897,106,21,41,,
T,2023-03-24 12:18:11,6.16541833,-75.58118667,2.20,1582.803,24.097,1.228,114,21,41,,
T,2023-03-24 12:18:12,6.16539667,-75.58115667,2.40,1582.703,24.097,1.607,125,21,41,,
T,2023-03-24 12:18:13,6.16536833,-75.58112667,2.60,1582.103,24.097,2.012,130,21,41,,
T,2023-03-24 12:18:14,6.16533500,-75.58109667,2.70,1581.804,24.096,2.474,134,20,41,,
T,2023-03-24 12:18:15,6.16531000,-75.58107333,2.80,1581.004,24.096,2.962,137,20,41,,
T,2023-03-24 12:18:16,6.16525333,-75.58103167,2.70,1579.704,24.096,3.407,138,20,41,,
T,2023-03-24 12:18:17,6.16521167,-75.58101000,2.80,1579.404,24.096,3.801,150,20,41,,
T,2023-03-24 12:18:18,6.16517000,-75.58099167,2.90,1579.104,24.096,4.095,152,20,41,,
T,2023-03-24 12:18:19,6.16514333,-75.58098500,2.80,1578.504,24.096,4.216,151,19,41,,
T,2023-03-24 12:18:20,6.16512167,-75.58097000,2.70,1577.104,24.096,4.148,151,19,41,,
T,2023-03-24 12:18:21,6.16510500,-75.58095667,2.60,1576.204,24.096,3.975,137,19,41,,
T,2023-03-24 12:18:22,6.16509167,-75.58094000,2.50,1575.804,24.096,3.765,145,20,41,,
T,2023-03-24 12:18:23,6.16507500,-75.58093000,2.40,1575.004,24.096,3.471,149,20,41,,
T,2023-03-24 12:18:24,6.16506333,-75.58092167,2.40,1574.904,24.096,3.025,163,20,41,,
T,2023-03-24 12:18:25,6.16505833,-75.58091500,2.30,1576.104,24.096,2.541,140,21,41,,
T,2023-03-24 12:18:26,6.16505167,-75.58091500,2.20,1576.404,24.096,2.025,86,21,41,,
T,2023-03-24 12:18:27,6.16505000,-75.58091167,2.20,1576.704,24.096,1.550,102,21,41,,
T,2023-03-24 12:18:28,6.16505000,-75.58091000,2.20,1576.904,24.096,1.123,95,21,41,,
T,2023-03-24 12:18:29,6.16504667,-75.58090833,2.20,1577.204,24.096,0.828,274,21,41,,
T,2023-03-24 12:18:30,6.16504833,-75.58090667,2.20,1577.304,24.096,0.574,262,20,41,,
T,2023-03-24 12:18:31,6.16504667,-75.58090833,2.20,1577.404,24.096,0.411,236,20,41,,
T,2023-03-24 12:18:32,6.16504833,-75.58090333,2.20,1577.504,24.096,0.000,,19,41,,
T,2023-03-24 12:18:33,6.16504500,-75.58090333,2.30,1577.904,24.096,0.000,,18,41,,
T,2023-03-24 12:18:34,6.16504333,-75.58090333,2.30,1578.204,24.096,0.000,,18,41,,
T,2023-03-24 12:18:35,6.16504333,-75.58090333,2.30,1578.204,24.096,0.000,,19,41,,
T,2023-03-24 12:18:36,6.16504333,-75.58090333,2.30,1578.204,24.096,0.000,,19,41,,
T,2023-03-24 12:18:37,6.16504333,-75.58090333,2.20,1578.204,24.096,0.000,,20,41,,
T,2023-03-24 12:18:38,6.16504333,-75.58090333,2.10,1578.204,24.096,0.000,,20,41,,
T,2023-03-24 12:18:39,6.16504333,-75.58090333,2.00,1578.204,24.096,0.000,,20,41,,
T,2023-03-24 12:18:40,6.16504333,-75.58090333,2.00,1578.204,24.096,0.000,,21,41,,
T,2023-03-24 12:18:41,6.16504333,-75.58090333,2.10,1578.204,24.096,0.000,,21,41,,
T,2023-03-24 12:18:42,6.16504333,-75.58090333,2.10,1578.204,24.096,0.000,,20,41,,
T,2023-03-24 12:18:43,6.16504333,-75.58090333,2.10,1578.204,24.096,0.000,,20,41,,
T,2023-03-24 12:18:44,6.16504333,-75.58090333,2.10,1578.204,24.096,0.000,,20,41,,
T,2023-03-24 12:18:45,6.16504333,-75.58090333,2.10,1578.204,24.096,0.000,,20,41,,
T,2023-03-24 12:18:46,6.16505667,-75.58087000,2.10,1578.004,24.096,0.206,129,20,41,,
T,2023-03-24 12:18:47,6.16506000,-75.58086833,2.10,1578.204,24.096,0.000,,19,41,,
T,2023-03-24 12:18:48,6.16505833,-75.58086667,2.20,1578.304,24.096,0.000,,19,41,,
T,2023-03-24 12:18:49,6.16505667,-75.58087167,2.20,1578.704,24.096,0.000,,19,41,,
T,2023-03-24 12:18:50,6.16505667,-75.58087167,2.20,1578.704,24.096,0.000,,19,41,,
T,2023-03-24 12:18:51,6.16505667,-75.58087167,2.20,1578.704,24.096,0.000,,19,41,,
T,2023-03-24 12:18:52,6.16505667,-75.58087167,2.10,1578.704,24.096,0.000,,20,41,,
T,2023-03-24 12:18:53,6.16503333,-75.58087333,2.20,1579.604,24.096,0.599,124,20,41,,
T,2023-03-24 12:18:54,6.16501667,-75.58084667,2.10,1580.204,24.096,0.984,129,21,41,,
T,2023-03-24 12:18:55,6.16499833,-75.58081000,2.10,1580.604,24.096,1.368,123,21,41,,
T,2023-03-24 12:18:56,6.16496500,-75.58076500,2.30,1581.205,24.095,5.514,120,21,41,,
T,2023-03-24 12:18:57,6.16493167,-75.58071833,2.50,1581.505,24.095,5.906,121,22,41,,
T,2023-03-24 12:18:58,6.16489500,-75.58066667,2.40,1581.805,24.095,6.445,122,22,41,,
T,2023-03-24 12:18:59,6.16486333,-75.58061667,2.40,1582.305,24.095,6.268,122,21,41,,
T,2023-03-24 12:19:00,6.16484500,-75.58056667,2.60,1582.505,24.095,5.062,110,21,41,,
T,2023-03-24 12:19:01,6.16484167,-75.58051667,2.70,1582.206,24.094,5.049,104,22,41,,
T,2023-03-24 12:19:02,6.16483500,-75.58046833,2.70,1581.806,24.094,5.172,101,22,41,,
T,2023-03-24 12:19:03,6.16484667,-75.58042833,2.70,1581.606,24.094,4.117,85,22,41,,
T,2023-03-24 12:19:04,6.16488333,-75.58038333,2.70,1581.606,24.094,5.052,72,19,41,,
T,2023-03-24 12:19:05,6.16491000,-75.58033500,2.90,1582.007,24.093,5.551,68,17,41,,
T,2023-03-24 12:19:06,6.16497333,-75.58028333,3.10,1582.307,24.093,5.628,47,18,41,,
T,2023-03-24 12:19:07,6.16503833,-75.58024333,3.10,1583.207,24.093,7.703,43,16,41,,
T,2023-03-24 12:19:08,6.16510167,-75.58022667,3.20,1583.808,24.092,7.522,33,16,41,,
T,2023-03-24 12:19:09,6.16517000,-75.58021667,3.30,1584.508,24.092,7.275,27,17,41,,
T,2023-03-24 12:19:10,6.16527167,-75.58021833,3.30,1585.608,24.092,8.222,14,17,41,,
T,2023-03-24 12:19:11,6.16535167,-75.58022833,3.00,1586.808,24.092,7.958,5,17,41,,
T,2023-03-24 12:19:12,6.16543333,-75.58022500,2.80,1587.608,24.092,7.121,3,17,41,,
T,2023-03-24 12:19:13,6.16552000,-75.58022667,2.60,1587.908,24.092,6.502,359,18,41,,
T,2023-03-24 12:19:14,6.16558833,-75.58023167,2.50,1588.409,24.091,6.053,354,18,41,,
T,2023-03-24 12:19:15,6.16565500,-75.58024500,2.50,1589.009,24.091,5.101,354,19,41,,
T,2023-03-24 12:19:16,6.16569833,-75.58025167,2.40,1588.609,24.091,3.752,358,19,41,,
T,2023-03-24 12:19:17,6.16573500,-75.58025167,2.40,1588.509,24.091,3.295,6,20,41,,
T,2023-03-24 12:19:18,6.16576833,-75.58025167,2.30,1587.909,24.091,2.591,10,20,41,,
T,2023-03-24 12:19:19,6.16578833,-75.58026000,2.20,1587.409,24.091,0.000,,21,41,,
T,2023-03-24 12:19:20,6.16578833,-75.58026833,2.10,1586.509,24.091,0.000,,20,41,,
T,2023-03-24 12:19:21,6.16578833,-75.58026833,2.00,1585.609,24.091,0.000,,19,41,,
T,2023-03-24 12:19:22,6.16578833,-75.58026833,2.00,1585.609,24.091,0.000,,19,41,,
T,2023-03-24 12:19:23,6.16578833,-75.58026833,2.00,1585.609,24.091,0.000,,21,41,,
T,2023-03-24 12:19:24,6.16578833,-75.58026833,1.90,1585.609,24.091,0.000,,21,41,,
T,2023-03-24 12:19:25,6.16578833,-75.58026833,1.80,1585.609,24.091,0.000,,21,41,,
T,2023-03-24 12:19:26,6.16578833,-75.58026833,1.80,1585.609,24.091,0.000,,21,41,,
T,2023-03-24 12:19:27,6.16578833,-75.58026833,1.70,1585.609,24.091,0.000,,21,41,,
T,2023-03-24 12:19:28,6.16578833,-75.58026833,1.70,1585.609,24.091,0.000,,21,41,,
T,2023-03-24 12:19:29,6.16578833,-75.58026833,1.80,1585.609,24.091,0.000,,21,41,,
T,2023-03-24 12:19:30,6.16578833,-75.58026833,1.80,1585.609,24.091,0.000,,20,41,,
T,2023-03-24 12:19:31,6.16578833,-75.58026833,1.90,1585.609,24.091,0.000,,20,41,,
T,2023-03-24 12:19:32,6.16578833,-75.58026833,1.90,1585.609,24.091,0.000,,20,41,,
T,2023-03-24 12:19:33,6.16578833,-75.58026833,2.00,1585.609,24.091,0.000,,21,41,,
T,2023-03-24 12:19:34,6.16578833,-75.58026833,2.00,1585.609,24.091,0.000,,20,41,,
T,2023-03-24 12:19:35,6.16578833,-75.58026833,2.10,1585.609,24.091,0.000,,21,41,,
T,2023-03-24 12:19:36,6.16578833,-75.58026833,2.10,1585.609,24.091,0.000,,21,41,,
T,2023-03-24 12:19:37,6.16578833,-75.58026833,2.20,1585.609,24.091,0.000,,21,41,,
T,2023-03-24 12:19:38,6.16578833,-75.58026833,2.10,1585.609,24.091,0.000,,20,41,,
T,2023-03-24 12:19:39,6.16578833,-75.58026833,2.20,1585.609,24.091,0.000,,20,41,,
T,2023-03-24 12:19:40,6.16578833,-75.58026833,2.30,1585.609,24.091,0.000,,20,41,,
T,2023-03-24 12:19:41,6.16578833,-75.58026833,2.30,1585.609,24.091,0.000,,20,41,,
T,2023-03-24 12:19:42,6.16578833,-75.58026833,2.40,1585.609,24.091,0.000,,20,41,,
T,2023-03-24 12:19:43,6.16578833,-75.58026833,2.40,1585.609,24.091,0.000,,21,41,,
T,2023-03-24 12:19:44,6.16578833,-75.58026833,2.30,1585.609,24.091,0.000,,19,41,,
T,2023-03-24 12:19:45,6.16578833,-75.58026833,2.40,1585.609,24.091,0.000,,20,41,,
T,2023-03-24 12:19:46,6.16578833,-75.58026833,2.40,1585.609,24.091,0.000,,20,41,,
T,2023-03-24 12:19:47,6.16578833,-75.58026833,2.40,1585.609,24.091,0.000,,19,41,,
T,2023-03-24 12:19:48,6.16578833,-75.58026833,2.40,1585.609,24.091,0.000,,19,41,,
T,2023-03-24 12:19:49,6.16578833,-75.58026833,2.40,1585.609,24.091,0.000,,19,41,,
T,2023-03-24 12:19:50,6.16578833,-75.58026833,2.40,1585.609,24.091,0.000,,20,41,,
T,2023-03-24 12:19:51,6.16578833,-75.58026833,2.40,1585.609,24.091,0.000,,20,41,,
T,2023-03-24 12:19:52,6.16578833,-75.58026833,2.40,1585.609,24.091,0.000,,21,41,,
T,2023-03-24 12:19:53,6.16578833,-75.58026833,2.20,1585.609,24.091,0.000,,21,41,,
T,2023-03-24 12:19:54,6.16578833,-75.58026833,2.20,1585.609,24.091,0.000,,21,41,,
T,2023-03-24 12:19:55,6.16578833,-75.58026833,2.10,1585.609,24.091,0.000,,21,41,,
T,2023-03-24 12:19:56,6.16578833,-75.58026833,2.10,1585.609,24.091,0.000,,19,41,,
T,2023-03-24 12:19:57,6.16578833,-75.58026833,2.10,1585.609,24.091,0.000,,20,41,,
T,2023-03-24 12:19:58,6.16578833,-75.58026833,2.10,1585.609,24.091,0.000,,20,41,,
T,2023-03-24 12:19:59,6.16578833,-75.58026833,2.00,1585.609,24.091,0.000,,20,41,,
T,2023-03-24 12:20:00,6.16578833,-75.58026833,2.00,1585.609,24.091,0.000,,20,41,,
T,2023-03-24 12:20:01,6.16578833,-75.58026833,1.90,1585.609,24.091,0.000,,20,41,,
T,2023-03-24 12:20:02,6.16578833,-75.58026833,1.90,1585.609,24.091,0.000,,21,41,,
T,2023-03-24 12:20:03,6.16578833,-75.58026833,1.80,1585.609,24.091,0.000,,21,41,,
T,2023-03-24 12:20:04,6.16578833,-75.58026833,1.70,1585.609,24.091,0.000,,20,41,,
T,2023-03-24 12:20:05,6.16578833,-75.58026833,1.70,1585.609,24.091,0.000,,21,41,,
T,2023-03-24 12:20:06,6.16578833,-75.58026833,1.80,1585.609,24.091,0.000,,22,41,,
T,2023-03-24 12:20:07,6.16578833,-75.58026833,1.80,1585.609,24.091,0.000,,21,41,,
T,2023-03-24 12:20:08,6.16578833,-75.58026833,1.90,1585.609,24.091,0.000,,20,41,,
T,2023-03-24 12:20:09,6.16578833,-75.58026833,1.80,1585.609,24.091,0.000,,21,41,,
T,2023-03-24 12:20:10,6.16578833,-75.58026833,1.80,1585.609,24.091,0.000,,21,41,,
T,2023-03-24 12:20:11,6.16578833,-75.58026833,1.90,1585.609,24.091,0.000,,21,41,,
T,2023-03-24 12:20:12,6.16578833,-75.58026833,1.90,1585.609,24.091,0.000,,21,41,,
T,2023-03-24 12:20:13,6.16578833,-75.58026833,1.80,1585.609,24.091,0.000,,22,41,,
T,2023-03-24 12:20:14,6.16578833,-75.58026833,1.80,1585.609,24.091,0.000,,21,41,,
T,2023-03-24 12:20:15,6.16578833,-75.58026833,1.90,1585.609,24.091,0.000,,21,41,,
T,2023-03-24 12:20:16,6.16578833,-75.58026833,1.90,1585.609,24.091,0.000,,21,41,,
T,2023-03-24 12:20:17,6.16578833,-75.58026833,1.90,1585.609,24.091,0.000,,21,41,,
T,2023-03-24 12:20:18,6.16578833,-75.58026833,2.00,1585.609,24.091,0.000,,21,41,,
T,2023-03-24 12:20:19,6.16578833,-75.58026833,2.00,1585.609,24.091,0.000,,21,41,,
T,2023-03-24 12:20:20,6.16578833,-75.58026833,2.10,1585.609,24.091,0.000,,21,41,,
T,2023-03-24 12:20:21,6.16586667,-75.58031000,2.20,1584.809,24.091,3.617,327,21,41,,
T,2023-03-24 12:20:22,6.16592667,-75.58032833,2.20,1584.809,24.091,5.515,338,22,41,,
T,2023-03-24 12:20:23,6.16600500,-75.58034167,2.20,1584.509,24.091,7.488,347,22,41,,
T,2023-03-24 12:20:24,6.16608833,-75.58035333,2.10,1584.209,24.091,8.171,351,22,41,,
T,2023-03-24 12:20:25,6.16616833,-75.58036333,2.00,1583.709,24.091,7.367,350,22,41,,
T,2023-03-24 12:20:26,6.16623833,-75.58037333,2.20,1583.109,24.091,6.706,351,22,41,,
T,2023-03-24 12:20:27,6.16631333,-75.58037667,2.40,1582.209,24.091,6.983,357,22,41,,
T,2023-03-24 12:20:28,6.16638833,-75.58038333,2.50,1581.209,24.091,7.179,355,22,41,,
T,2023-03-24 12:20:29,6.16646333,-75.58039500,2.50,1579.609,24.091,7.435,350,22,41,,
T,2023-03-24 12:20:30,6.16653667,-75.58041833,2.50,1578.509,24.091,6.717,345,22,41,,
T,2023-03-24 12:20:31,6.16659667,-75.58043667,2.60,1578.709,24.091,5.521,343,22,41,,
T,2023-03-24 12:20:32,6.16663833,-75.58044000,2.40,1578.310,24.090,4.047,348,22,41,,
T,2023-03-24 12:20:33,6.16667667,-75.58044500,2.40,1577.410,24.090,4.590,347,20,41,,
T,2023-03-24 12:20:34,6.16672667,-75.58046333,2.30,1577.110,24.090,5.923,343,20,41,,
T,2023-03-24 12:20:35,6.16678167,-75.58048667,2.40,1576.010,24.090,7.196,338,20,41,,
T,2023-03-24 12:20:36,6.16685000,-75.58051167,2.50,1575.510,24.090,8.440,340,18,41,,
T,2023-03-24 12:20:37,6.16692833,-75.58053500,2.60,1575.210,24.090,9.183,347,18,41,,
T,2023-03-24 12:20:38,6.16701500,-75.58054500,2.60,1575.010,24.090,10.024,350,18,41,,
T,2023-03-24 12:20:39,6.16711167,-75.58054000,2.70,1575.010,24.090,11.007,355,18,41,,
T,2023-03-24 12:20:40,6.16720667,-75.58054333,2.80,1576.010,24.090,10.566,357,17,41,,
T,2023-03-24 12:20:41,6.16730167,-75.58054167,2.70,1575.910,24.090,10.547,14,17,41,,
T,2023-03-24 12:20:42,6.16737833,-75.58052000,2.60,1576.811,24.089,9.459,15,18,41,,
T,2023-03-24 12:20:43,6.16746000,-75.58049333,2.70,1577.311,24.089,10.016,14,16,41,,
T,2023-03-24 12:20:44,6.16755000,-75.58046667,2.80,1577.411,24.089,9.838,13,15,41,,
T,2023-03-24 12:20:45,6.16763333,-75.58044500,2.80,1577.511,24.089,9.506,14,15,41,,
T,2023-03-24 12:20:46,6.16770333,-75.58042667,2.70,1577.212,24.088,8.722,14,15,41,,
T,2023-03-24 12:20:47,6.16777500,-75.58040167,2.70,1576.112,24.088,8.710,13,17,41,,
T,2023-03-24 12:20:48,6.16784333,-75.58038500,2.70,1575.412,24.088,8.289,16,17,41,,
T,2023-03-24 12:20:49,6.16790833,-75.58037333,2.70,1573.912,24.088,7.483,16,18,41,,
T,2023-03-24 12:20:50,6.16797500,-75.58035500,2.70,1573.813,24.087,7.118,18,18,41,,
T,2023-03-24 12:20:51,6.16802500,-75.58033667,2.60,1573.113,24.087,5.641,25,19,41,,
T,2023-03-24 12:20:52,6.16805167,-75.58032833,2.50,1573.013,24.087,3.917,25,21,41,,
T,2023-03-24 12:20:53,6.16805667,-75.58033167,2.40,1572.113,24.087,2.159,13,20,41,,
T,2023-03-24 12:20:54,6.16806667,-75.58033333,2.40,1571.813,24.087,2.165,4,21,41,,
T,2023-03-24 12:20:55,6.16807833,-75.58033667,2.40,1571.613,24.087,2.385,2,21,42,,
T,2023-03-24 12:20:56,6.16809000,-75.58033667,2.40,1572.013,24.087,1.244,2,22,42,,
T,2023-03-24 12:20:57,6.16809500,-75.58033167,2.20,1572.413,24.087,0.000,,24,42,,
T,2023-03-24 12:20:58,6.16809833,-75.58032667,2.10,1573.113,24.087,0.000,,24,42,,
T,2023-03-24 12:20:59,6.16809500,-75.58032667,2.10,1573.313,24.087,0.000,,24,42,,
T,2023-03-24 12:21:00,6.16809500,-75.58032667,2.10,1573.313,24.087,0.000,,24,42,,
T,2023-03-24 12:21:01,6.16809500,-75.58032667,2.10,1573.313,24.087,0.000,,24,42,,
T,2023-03-24 12:21:02,6.16809500,-75.58032667,2.10,1573.313,24.087,0.000,,24,42,,
T,2023-03-24 12:21:03,6.16809500,-75.58032667,2.10,1573.313,24.087,0.000,,24,42,,
T,2023-03-24 12:21:04,6.16809500,-75.58032667,2.10,1573.313,24.087,0.000,,24,42,,
T,2023-03-24 12:21:05,6.16809500,-75.58032667,2.10,1573.313,24.087,0.000,,23,42,,
T,2023-03-24 12:21:06,6.16809500,-75.58032667,2.10,1573.313,24.087,0.000,,23,42,,
T,2023-03-24 12:21:07,6.16809500,-75.58032667,2.10,1573.313,24.087,0.000,,23,42,,
T,2023-03-24 12:21:08,6.16809500,-75.58032667,2.10,1573.313,24.087,0.000,,23,42,,
T,2023-03-24 12:21:09,6.16809500,-75.58032667,2.00,1573.313,24.087,0.000,,24,42,,
T,2023-03-24 12:21:10,6.16809500,-75.58032667,1.90,1573.313,24.087,0.000,,24,42,,
T,2023-03-24 12:21:11,6.16809500,-75.58032667,1.90,1573.313,24.087,0.000,,24,42,,
T,2023-03-24 12:21:12,6.16809500,-75.58032667,1.80,1573.313,24.087,0.000,,24,42,,
T,2023-03-24 12:21:13,6.16809500,-75.58032667,1.80,1573.313,24.087,0.000,,24,42,,
T,2023-03-24 12:21:14,6.16809500,-75.58032667,1.90,1573.313,24.087,0.000,,24,42,,
T,2023-03-24 12:21:15,6.16814167,-75.58031333,2.00,1574.913,24.087,3.796,20,24,42,,
T,2023-03-24 12:21:16,6.16818833,-75.58029333,2.10,1574.413,24.087,5.207,20,24,42,,
T,2023-03-24 12:21:17,6.16824667,-75.58027333,2.20,1574.214,24.086,6.370,16,24,42,,
T,2023-03-24 12:21:18,6.16831000,-75.58025667,2.20,1573.814,24.086,7.332,16,22,42,,
T,2023-03-24 12:21:19,6.16838000,-75.58024000,2.30,1573.314,24.086,7.885,15,22,42,,
T,2023-03-24 12:21:20,6.16845000,-75.58022000,2.40,1572.414,24.086,8.367,14,21,42,,
T,2023-03-24 12:21:21,6.16852167,-75.58019833,2.30,1572.414,24.086,8.470,17,22,42,,
T,2023-03-24 12:21:22,6.16859167,-75.58017500,2.40,1571.815,24.085,8.668,16,21,42,,
T,2023-03-24 12:21:23,6.16866833,-75.58016333,2.50,1571.415,24.085,8.575,13,20,42,,
T,2023-03-24 12:21:24,6.16875000,-75.58016167,2.50,1571.215,24.085,8.256,7,20,42,,
T,2023-03-24 12:21:25,6.16882500,-75.58017333,2.60,1571.115,24.085,8.682,358,20,42,,
T,2023-03-24 12:21:26,6.16889833,-75.58018833,2.50,1569.815,24.085,9.077,352,20,42,,
T,2023-03-24 12:21:27,6.16898000,-75.58021167,2.50,1568.815,24.085,9.334,349,20,42,,
T,2023-03-24 12:21:28,6.16905333,-75.58024667,2.50,1567.415,24.085,9.202,343,20,42,,
T,2023-03-24 12:21:29,6.16912167,-75.58029667,2.50,1566.115,24.085,9.521,332,20,42,,
T,2023-03-24 12:21:30,6.16919833,-75.58034667,2.60,1565.215,24.085,9.692,331,18,42,,
T,2023-03-24 12:21:31,6.16927167,-75.58040333,2.50,1564.915,24.085,9.426,329,19,42,,
T,2023-03-24 12:21:32,6.16934000,-75.58045167,2.60,1564.015,24.085,8.279,331,17,42,,
T,2023-03-24 12:21:33,6.16939833,-75.58048833,2.70,1563.115,24.085,6.758,334,17,42,,
T,2023-03-24 12:21:34,6.16944000,-75.58051833,2.70,1562.615,24.085,5.351,332,16,42,,
T,2023-03-24 12:21:35,6.16947167,-75.58054167,2.60,1561.714,24.086,4.496,330,14,42,,
T,2023-03-24 12:21:36,6.16950333,-75.58056167,2.50,1561.214,24.086,4.373,338,14,42,,
T,2023-03-24 12:21:37,6.16953500,-75.58057333,2.50,1560.314,24.086,4.774,339,15,42,,
T,2023-03-24 12:21:38,6.16958000,-75.58059000,2.60,1559.714,24.086,5.473,346,15,42,,
T,2023-03-24 12:21:39,6.16963167,-75.58060167,2.60,1558.914,24.086,5.901,345,16,42,,
T,2023-03-24 12:21:40,6.16968833,-75.58060667,2.70,1559.015,24.085,5.469,356,17,42,,
T,2023-03-24 12:21:41,6.16973667,-75.58061167,2.70,1559.115,24.085,5.231,352,16,42,,
T,2023-03-24 12:21:42,6.16978667,-75.58062000,2.70,1559.115,24.085,6.118,349,16,42,,
T,2023-03-24 12:21:43,6.16985000,-75.58063167,2.80,1559.115,24.085,7.170,349,16,42,,
T,2023-03-24 12:21:44,6.16992000,-75.58064500,2.70,1559.815,24.085,7.895,356,17,42,,
T,2023-03-24 12:21:45,6.17000500,-75.58062500,2.70,1559.115,24.085,7.878,5,16,42,,
T,2023-03-24 12:21:46,6.17007667,-75.58060667,2.70,1558.715,24.085,8.028,10,17,42,,
T,2023-03-24 12:21:47,6.17015667,-75.58056833,2.60,1558.416,24.084,8.624,19,17,42,,
T,2023-03-24 12:21:48,6.17025500,-75.58052667,2.60,1558.716,24.084,9.481,26,16,42,,
T,2023-03-24 12:21:49,6.17034333,-75.58047333,2.60,1559.117,24.083,10.449,30,15,42,,
T,2023-03-24 12:21:50,6.17042667,-75.58042000,2.70,1558.717,24.083,11.097,29,16,42,,
T,2023-03-24 12:21:51,6.17051833,-75.58036333,2.80,1559.417,24.083,11.866,28,17,42,,
T,2023-03-24 12:21:52,6.17061500,-75.58030833,2.80,1559.518,24.082,12.373,28,15,42,,
T,2023-03-24 12:21:53,6.17071667,-75.58026667,2.70,1559.418,24.082,12.503,22,15,42,,
T,2023-03-24 12:21:54,6.17082333,-75.58022167,2.80,1559.019,24.081,13.048,23,16,42,,
T,2023-03-24 12:21:55,6.17092333,-75.58017500,2.80,1558.719,24.081,12.146,25,17,42,,
T,2023-03-24 12:21:56,6.17100167,-75.58014000,2.90,1558.420,24.080,11.400,22,18,42,,
T,2023-03-24 12:21:57,6.17110500,-75.58012000,2.80,1558.120,24.080,10.662,19,19,42,,
T,2023-03-24 12:21:58,6.17121000,-75.58011167,2.70,1556.520,24.080,11.502,11,18,42,,
T,2023-03-24 12:21:59,6.17131500,-75.58010000,2.80,1555.220,24.080,12.803,7,19,42,,
T,2023-03-24 12:22:00,6.17143667,-75.58008833,2.80,1554.321,24.079,13.464,4,19,42,,
T,2023-03-24 12:22:01,6.17156000,-75.58009000,2.80,1553.621,24.079,13.948,2,20,42,,
T,2023-03-24 12:22:02,6.17168167,-75.58008000,2.60,1553.621,24.079,13.479,3,20,42,,
T,2023-03-24 12:22:03,6.17180333,-75.58007500,2.50,1553.721,24.079,12.319,2,20,42,,
T,2023-03-24 12:22:04,6.17191833,-75.58007500,2.60,1554.722,24.078,11.687,2,20,42,,
T,2023-03-24 12:22:05,6.17202500,-75.58008500,2.50,1554.322,24.078,11.777,359,20,42,,
T,2023-03-24 12:22:06,6.17214167,-75.58009000,2.70,1554.122,24.078,12.422,358,18,42,,
T,2023-03-24 12:22:07,6.17225333,-75.58010167,2.60,1553.922,24.078,11.982,355,17,42,,
T,2023-03-24 12:22:08,6.17236333,-75.58011167,2.80,1553.822,24.078,11.984,357,16,42,,
T,2023-03-24 12:22:09,6.17247167,-75.58011500,2.70,1553.623,24.077,11.852,356,17,42,,
T,2023-03-24 12:22:10,6.17258167,-75.58013000,2.80,1553.223,24.077,12.106,354,17,42,,
T,2023-03-24 12:22:11,6.17268667,-75.58013667,2.80,1552.423,24.077,12.456,355,17,42,,
T,2023-03-24 12:22:12,6.17278667,-75.58014333,2.70,1551.823,24.077,12.268,354,18,42,,
T,2023-03-24 12:22:13,6.17287333,-75.58014667,2.60,1551.223,24.077,10.856,356,18,42,,
T,2023-03-24 12:22:14,6.17296000,-75.58015167,2.60,1550.423,24.077,9.231,356,16,42,,
T,2023-03-24 12:22:15,6.17303667,-75.58015500,2.60,1549.623,24.077,8.098,359,17,42,,
T,2023-03-24 12:22:16,6.17310500,-75.58015833,2.50,1549.424,24.076,6.733,357,18,42,,
T,2023-03-24 12:22:17,6.17315667,-75.58016333,2.40,1548.624,24.076,6.124,346,19,42,,
T,2023-03-24 12:22:18,6.17321833,-75.58018000,2.50,1547.724,24.076,6.142,344,15,42,,
T,2023-03-24 12:22:19,6.17327667,-75.58019167,2.60,1547.224,24.076,6.126,349,16,42,,
T,2023-03-24 12:22:20,6.17333333,-75.58020333,2.60,1546.624,24.076,6.899,344,16,42,,
T,2023-03-24 12:22:21,6.17340000,-75.58022000,2.50,1546.324,24.076,7.012,343,17,42,,
T,2023-03-24 12:22:22,6.17346167,-75.58023833,2.60,1546.024,24.076,6.857,343,17,42,,
T,2023-03-24 12:22:23,6.17352333,-75.58025000,2.90,1546.024,24.076,6.218,354,14,42,,
T,2023-03-24 12:22:24,6.17357500,-75.58026167,3.00,1545.324,24.076,5.287,353,15,42,,
T,2023-03-24 12:22:25,6.17362000,-75.58026500,3.00,1544.424,24.076,4.924,356,15,42,,
T,2023-03-24 12:22:26,6.17366667,-75.58026667,3.00,1543.924,24.076,4.614,358,16,42,,
T,2023-03-24 12:22:27,6.17369667,-75.58028333,3.00,1543.724,24.076,4.303,335,17,42,,
T,2023-03-24 12:22:28,6.17373500,-75.58030667,2.90,1543.524,24.076,4.942,332,17,42,,
T,2023-03-24 12:22:29,6.17377500,-75.58032500,2.90,1543.524,24.076,5.265,336,18,42,,
T,2023-03-24 12:22:30,6.17382000,-75.58033667,2.80,1543.424,24.076,6.084,342,19,42,,
T,2023-03-24 12:22:31,6.17387833,-75.58034833,2.80,1543.724,24.076,6.768,351,19,42,,
T,2023-03-24 12:22:32,6.17394333,-75.58035333,2.70,1543.824,24.076,6.756,352,20,42,,
T,2023-03-24 12:22:33,6.17400667,-75.58036500,2.60,1543.924,24.076,6.622,352,20,42,,
T,2023-03-24 12:22:34,6.17407333,-75.58037500,2.50,1544.124,24.076,6.949,353,19,42,,
T,2023-03-24 12:22:35,6.17414333,-75.58038667,2.60,1545.224,24.076,6.942,353,18,42,,
T,2023-03-24 12:22:36,6.17421333,-75.58039833,2.70,1546.124,24.076,7.365,351,18,42,,
T,2023-03-24 12:22:37,6.17428833,-75.58041167,2.70,1548.025,24.075,7.088,352,19,42,,
T,2023-03-24 12:22:38,6.17436167,-75.58042000,2.60,1548.925,24.075,7.352,353,19,42,,
T,2023-03-24 12:22:39,6.17443833,-75.58043667,2.70,1550.525,24.075,8.049,351,19,42,,
T,2023-03-24 12:22:40,6.17451833,-75.58045333,2.70,1551.125,24.075,8.339,352,19,42,,
T,2023-03-24 12:22:41,6.17460000,-75.58046667,2.70,1551.325,24.075,8.607,353,18,42,,
T,2023-03-24 12:22:42,6.17468167,-75.58047500,2.70,1550.825,24.075,8.378,352,17,42,,
T,2023-03-24 12:22:43,6.17475833,-75.58048333,2.80,1551.125,24.075,8.412,354,17,42,,
T,2023-03-24 12:22:44,6.17483500,-75.58048833,2.70,1551.425,24.075,8.430,0,18,42,,
T,2023-03-24 12:22:45,6.17491667,-75.58048667,2.80,1552.025,24.075,8.769,359,18,42,,
T,2023-03-24 12:22:46,6.17500000,-75.58048500,2.70,1552.026,24.074,9.345,356,17,42,,
T,2023-03-24 12:22:47,6.17509333,-75.58049500,2.80,1552.026,24.074,10.015,358,18,42,,
T,2023-03-24 12:22:48,6.17518500,-75.58050333,2.90,1552.226,24.074,9.351,357,17,42,,
T,2023-03-24 12:22:49,6.17526333,-75.58051000,2.90,1552.626,24.074,8.599,357,18,42,,
T,2023-03-24 12:22:50,6.17534167,-75.58050667,3.00,1552.926,24.074,8.512,0,18,42,,
T,2023-03-24 12:22:51,6.17542333,-75.58049000,2.90,1552.926,24.074,8.655,5,17,42,,
T,2023-03-24 12:22:52,6.17549000,-75.58047333,3.00,1552.527,24.073,7.919,9,17,42,,
T,2023-03-24 12:22:53,6.17552500,-75.58045500,3.00,1553.027,24.073,6.541,13,16,42,,
T,2023-03-24 12:22:54,6.17556167,-75.58044333,2.90,1553.027,24.073,5.576,11,16,42,,
T,2023-03-24 12:22:55,6.17559500,-75.58043833,2.80,1552.527,24.073,5.010,12,19,42,,
T,2023-03-24 12:22:56,6.17562667,-75.58043000,2.80,1552.527,24.073,4.083,14,20,42,,
T,2023-03-24 12:22:57,6.17565667,-75.58042167,2.70,1552.227,24.073,3.688,17,20,42,,
T,2023-03-24 12:22:58,6.17568500,-75.58040833,2.70,1550.827,24.073,3.666,26,18,42,,
T,2023-03-24 12:22:59,6.17571833,-75.58039167,2.60,1550.827,24.073,3.775,25,19,42,,
T,2023-03-24 12:23:00,6.17574000,-75.58038333,2.60,1548.928,24.072,3.930,25,19,42,,
T,2023-03-24 12:23:01,6.17575833,-75.58036500,2.60,1547.928,24.072,4.248,27,19,42,,
T,2023-03-24 12:23:02,6.17578667,-75.58034833,2.60,1546.028,24.072,4.835,26,20,42,,
T,2023-03-24 12:23:03,6.17584167,-75.58032333,2.70,1545.628,24.072,5.747,26,17,42,,
T,2023-03-24 12:23:04,6.17588667,-75.58030333,2.70,1545.528,24.072,5.031,28,18,42,,
T,2023-03-24 12:23:05,6.17592333,-75.58028333,2.70,1545.228,24.072,4.198,26,18,42,,
T,2023-03-24 12:23:06,6.17596333,-75.58026333,2.70,1545.229,24.071,4.630,22,18,42,,
T,2023-03-24 12:23:07,6.17601333,-75.58024000,2.70,1545.129,24.071,5.277,27,18,42,,
T,2023-03-24 12:23:08,6.17606500,-75.58021667,2.70,1545.529,24.071,6.517,23,17,42,,
T,2023-03-24 12:23:09,6.17613000,-75.58018667,2.70,1545.529,24.071,7.621,20,17,42,,
T,2023-03-24 12:23:10,6.17620000,-75.58014167,2.70,1545.830,24.070,8.160,29,16,42,,
T,2023-03-24 12:23:11,6.17626000,-75.58008833,2.70,1545.530,24.070,8.035,36,16,42,,
T,2023-03-24 12:23:12,6.17632500,-75.58005167,2.70,1545.230,24.070,7.474,35,16,42,,
T,2023-03-24 12:23:13,6.17638167,-75.58002833,2.80,1545.031,24.069,6.378,31,16,42,,
T,2023-03-24 12:23:14,6.17644000,-75.58001833,2.80,1545.331,24.069,5.913,15,18,42,,
T,2023-03-24 12:23:15,6.17650667,-75.58001667,2.80,1545.031,24.069,6.836,10,18,42,,
T,2023-03-24 12:23:16,6.17657667,-75.58001500,2.70,1544.831,24.069,7.667,6,19,42,,
T,2023-03-24 12:23:17,6.17665167,-75.58003167,2.70,1544.731,24.069,7.685,357,18,42,,
T,2023-03-24 12:23:18,6.17672333,-75.58005000,2.70,1544.631,24.069,7.688,353,17,42,,
T,2023-03-24 12:23:19,6.17679667,-75.58007833,2.90,1544.631,24.069,8.037,346,16,42,,
T,2023-03-24 12:23:20,6.17686500,-75.58010667,2.90,1544.031,24.069,8.605,345,16,42,,
T,2023-03-24 12:23:21,6.17694500,-75.58013500,2.90,1543.631,24.069,9.065,345,18,42,,
T,2023-03-24 12:23:22,6.17702833,-75.58017333,3.00,1542.631,24.069,9.790,342,17,42,,
T,2023-03-24 12:23:23,6.17711000,-75.58022667,2.90,1541.931,24.069,10.084,336,17,42,,
T,2023-03-24 12:23:24,6.17718833,-75.58027000,2.80,1540.831,24.069,10.295,331,19,42,,
T,2023-03-24 12:23:25,6.17727500,-75.58032833,2.80,1539.431,24.069,10.777,330,19,42,,
T,2023-03-24 12:23:26,6.17736333,-75.58038667,2.80,1538.231,24.069,11.528,330,18,42,,
T,2023-03-24 12:23:27,6.17745333,-75.58045500,2.80,1539.130,24.070,11.882,326,17,42,,
T,2023-03-24 12:23:28,6.17754667,-75.58051333,2.90,1538.830,24.070,11.575,329,17,42,,
T,2023-03-24 12:23:29,6.17764333,-75.58056667,2.80,1538.530,24.070,11.568,335,17,42,,
T,2023-03-24 12:23:30,6.17774333,-75.58060833,2.90,1537.730,24.070,11.861,336,17,42,,
T,2023-03-24 12:23:31,6.17785167,-75.58064333,3.00,1538.130,24.070,11.845,342,16,42,,
T,2023-03-24 12:23:32,6.17796333,-75.58067667,3.00,1538.330,24.070,11.945,343,16,42,,
T,2023-03-24 12:23:33,6.17807667,-75.58070833,2.90,1538.430,24.070,12.211,343,16,42,,
T,2023-03-24 12:23:34,6.17818333,-75.58073667,3.00,1537.830,24.070,11.975,344,18,42,,
T,2023-03-24 12:23:35,6.17828500,-75.58076667,2.90,1537.330,24.070,11.980,344,18,42,,
T,2023-03-24 12:23:36,6.17838833,-75.58079833,2.80,1536.631,24.069,11.995,344,19,42,,
T,2023-03-24 12:23:37,6.17848500,-75.58082500,2.80,1536.131,24.069,11.278,347,18,42,,
T,2023-03-24 12:23:38,6.17859000,-75.58083500,2.80,1535.931,24.069,11.440,350,15,42,,
T,2023-03-24 12:23:39,6.17870167,-75.58084667,2.80,1536.031,24.069,11.593,352,17,42,,
T,2023-03-24 12:23:40,6.17881333,-75.58084833,2.70,1536.231,24.069,11.807,355,17,42,,
T,2023-03-24 12:23:41,6.17892167,-75.58084833,2.70,1536.931,24.069,11.579,354,17,42,,
T,2023-03-24 12:23:42,6.17903667,-75.58085000,2.60,1537.131,24.069,11.915,350,17,42,,
T,2023-03-24 12:23:43,6.17914333,-75.58087167,2.70,1535.932,24.068,12.386,346,16,42,,
T,2023-03-24 12:23:44,6.17925500,-75.58090000,2.70,1535.432,24.068,12.371,348,16,42,,
T,2023-03-24 12:23:45,6.17936333,-75.58092833,2.80,1534.932,24.068,12.746,347,16,42,,
T,2023-03-24 12:23:46,6.17948167,-75.58095333,2.70,1534.632,24.068,13.784,348,16,42,,
T,2023-03-24 12:23:47,6.17959333,-75.58096667,2.70,1534.632,24.068,12.511,353,16,42,,
T,2023-03-24 12:23:48,6.17971000,-75.58098333,2.90,1534.932,24.068,11.934,353,15,42,,
T,2023-03-24 12:23:49,6.17982167,-75.58099167,3.00,1535.032,24.068,11.229,356,15,42,,
T,2023-03-24 12:23:50,6.17992167,-75.58100333,3.10,1535.032,24.068,10.637,355,14,42,,
T,2023-03-24 12:23:51,6.18002667,-75.58101000,3.10,1534.833,24.067,11.678,353,14,42,,
T,2023-03-24 12:23:52,6.18013167,-75.58102000,3.20,1535.133,24.067,11.426,352,14,42,,
T,2023-03-24 12:23:53,6.18023667,-75.58102333,3.00,1534.733,24.067,10.353,357,16,42,,
T,2023-03-24 12:23:54,6.18032333,-75.58105000,2.90,1534.633,24.067,9.041,352,16,42,,
T,2023-03-24 12:23:55,6.18041333,-75.58107167,2.90,1534.033,24.067,8.507,352,17,42,,
T,2023-03-24 12:23:56,6.18048333,-75.58109000,2.90,1532.733,24.067,7.408,353,18,42,,
T,2023-03-24 12:23:57,6.18053500,-75.58110333,2.90,1531.533,24.067,6.531,354,19,42,,
T,2023-03-24 12:23:58,6.18058000,-75.58112167,2.90,1531.133,24.067,5.513,346,19,42,,
T,2023-03-24 12:23:59,6.18060667,-75.58113833,2.80,1530.033,24.067,5.637,348,20,42,,
T,2023-03-24 12:24:00,6.18064000,-75.58115500,2.80,1529.733,24.067,4.880,350,20,42,,
T,2023-03-24 12:24:01,6.18066667,-75.58117667,2.70,1529.533,24.067,4.102,341,20,42,,
T,2023-03-24 12:24:02,6.18069833,-75.58119333,2.60,1529.333,24.067,4.106,337,19,42,,
T,2023-03-24 12:24:03,6.18073500,-75.58121000,2.60,1529.233,24.067,4.076,339,20,42,,
T,2023-03-24 12:24:04,6.18078667,-75.58122833,2.70,1529.333,24.067,5.386,343,20,42,,
T,2023-03-24 12:24:05,6.18084833,-75.58124500,2.70,1529.133,24.067,6.094,344,19,42,,
T,2023-03-24 12:24:06,6.18091833,-75.58125833,2.80,1529.833,24.067,7.157,344,18,42,,
T,2023-03-24 12:24:07,6.18101500,-75.58125167,2.80,1529.133,24.067,7.996,355,19,42,,
T,2023-03-24 12:24:08,6.18109500,-75.58123667,2.70,1529.133,24.067,7.620,1,17,42,,
T,2023-03-24 12:24:09,6.18117667,-75.58122500,2.80,1528.534,24.066,6.794,9,20,42,,
T,2023-03-24 12:24:10,6.18122667,-75.58120000,2.60,1528.034,24.066,4.619,15,21,42,,
T,2023-03-24 12:24:11,6.18127333,-75.58117000,2.50,1528.234,24.066,4.360,29,22,42,,
T,2023-03-24 12:24:12,6.18132333,-75.58114167,2.40,1527.834,24.066,4.999,33,22,42,,
T,2023-03-24 12:24:13,6.18136833,-75.58110000,2.30,1527.735,24.065,5.186,42,22,42,,
T,2023-03-24 12:24:14,6.18140333,-75.58105833,2.30,1527.935,24.065,5.689,55,22,42,,
T,2023-03-24 12:24:15,6.18143167,-75.58100500,2.30,1528.135,24.065,6.677,61,22,42,,
T,2023-03-24 12:24:16,6.18145667,-75.58094333,2.30,1528.436,24.064,6.889,66,22,42,,
T,2023-03-24 12:24:17,6.18149833,-75.58087500,2.30,1529.036,24.064,7.677,64,19,42,,
T,2023-03-24 12:24:18,6.18155500,-75.58080333,2.30,1529.737,24.063,8.956,56,19,42,,
T,2023-03-24 12:24:19,6.18162167,-75.58073167,2.30,1530.237,24.063,9.778,51,17,42,,
T,2023-03-24 12:24:20,6.18169000,-75.58066500,2.40,1530.638,24.062,10.323,46,18,42,,
T,2023-03-24 12:24:21,6.18177167,-75.58060833,2.40,1531.138,24.062,10.972,41,18,42,,
T,2023-03-24 12:24:22,6.18186500,-75.58055833,2.40,1531.539,24.061,11.163,32,18,42,,
T,2023-03-24 12:24:23,6.18196833,-75.58051667,2.60,1532.339,24.061,10.394,27,19,42,,
T,2023-03-24 12:24:24,6.18206500,-75.58048000,2.60,1532.739,24.061,10.404,26,19,42,,
T,2023-03-24 12:24:25,6.18215333,-75.58044000,2.40,1533.240,24.060,10.302,24,18,42,,
T,2023-03-24 12:24:26,6.18224500,-75.58039833,2.30,1533.640,24.060,10.807,23,19,42,,
T,2023-03-24 12:24:27,6.18234000,-75.58035500,2.20,1533.941,24.059,10.819,23,20,42,,
T,2023-03-24 12:24:28,6.18243500,-75.58030500,2.40,1535.141,24.059,11.100,24,21,42,,
T,2023-03-24 12:24:29,6.18253833,-75.58026000,2.40,1535.641,24.059,11.407,25,21,42,,
T,2023-03-24 12:24:30,6.18263500,-75.58020833,2.20,1536.142,24.058,11.650,25,21,42,,
T,2023-03-24 12:24:31,6.18273333,-75.58016000,2.40,1536.442,24.058,11.617,25,20,42,,
T,2023-03-24 12:24:32,6.18282667,-75.58012167,2.40,1535.943,24.057,11.247,27,21,42,,
T,2023-03-24 12:24:33,6.18291000,-75.58007833,2.50,1535.643,24.057,10.387,24,21,42,,
T,2023-03-24 12:24:34,6.18299000,-75.58004000,2.40,1535.343,24.057,9.693,25,20,42,,
T,2023-03-24 12:24:35,6.18305667,-75.58000000,2.40,1535.244,24.056,8.645,27,19,42,,
T,2023-03-24 12:24:36,6.18311833,-75.57996500,2.50,1534.744,24.056,7.510,28,20,42,,
T,2023-03-24 12:24:37,6.18316833,-75.57993333,2.30,1534.944,24.056,6.086,33,22,42,,
T,2023-03-24 12:24:38,6.18320667,-75.57991000,2.30,1534.945,24.055,4.445,36,22,42,,
T,2023-03-24 12:24:39,6.18322833,-75.57989500,2.20,1534.945,24.055,2.929,38,23,42,,
T,2023-03-24 12:24:40,6.18324333,-75.57988333,2.10,1534.545,24.055,1.966,39,23,42,,
T,2023-03-24 12:24:41,6.18325333,-75.57988000,2.00,1534.845,24.055,0.000,,23,42,,
T,2023-03-24 12:24:42,6.18325500,-75.57988167,1.90,1535.145,24.055,0.000,,22,42,,
T,2023-03-24 12:24:43,6.18325667,-75.57988000,1.90,1535.545,24.055,0.000,,22,42,,
T,2023-03-24 12:24:44,6.18325667,-75.57988000,1.90,1535.545,24.055,0.000,,23,42,,
T,2023-03-24 12:24:45,6.18325667,-75.57988000,1.90,1535.545,24.055,0.000,,24,42,,
T,2023-03-24 12:24:46,6.18325667,-75.57988000,1.90,1535.545,24.055,0.000,,24,42,,
T,2023-03-24 12:24:47,6.18325667,-75.57988000,1.90,1535.545,24.055,0.000,,24,42,,
T,2023-03-24 12:24:48,6.18325667,-75.57988000,1.90,1535.545,24.055,0.000,,24,42,,
T,2023-03-24 12:24:49,6.18325667,-75.57988000,1.80,1535.545,24.055,0.000,,23,42,,
T,2023-03-24 12:24:50,6.18325667,-75.57988000,1.80,1535.545,24.055,0.000,,23,42,,
T,2023-03-24 12:24:51,6.18325667,-75.57988000,1.70,1535.545,24.055,0.000,,23,42,,
T,2023-03-24 12:24:52,6.18325667,-75.57988000,1.70,1535.545,24.055,0.000,,24,42,,
T,2023-03-24 12:24:53,6.18330667,-75.57982500,1.70,1537.145,24.055,3.582,39,24,42,,
T,2023-03-24 12:24:54,6.18333333,-75.57980000,1.90,1536.845,24.055,4.399,38,24,42,,
T,2023-03-24 12:24:55,6.18336833,-75.57977167,1.90,1536.946,24.054,5.001,36,24,41,,
T,2023-03-24 12:24:56,6.18340333,-75.57974167,2.20,1537.146,24.054,4.884,38,23,41,,
T,2023-03-24 12:24:57,6.18344167,-75.57970833,2.20,1537.446,24.054,4.915,41,23,42,,
T,2023-03-24 12:24:58,6.18347833,-75.57967833,2.30,1537.746,24.054,4.881,42,23,42,,
T,2023-03-24 12:24:59,6.18351667,-75.57964667,2.30,1538.046,24.054,4.852,40,24,42,,
T,2023-03-24 12:25:00,6.18355167,-75.57961500,2.30,1537.847,24.053,4.859,47,24,42,,
T,2023-03-24 12:25:01,6.18358667,-75.57958167,2.20,1537.447,24.053,5.010,47,24,42,,
T,2023-03-24 12:25:02,6.18362833,-75.57954500,2.30,1537.347,24.053,4.649,45,24,42,,
T,2023-03-24 12:25:03,6.18366500,-75.57951167,2.20,1537.147,24.053,4.649,42,24,42,,
T,2023-03-24 12:25:04,6.18369833,-75.57948333,2.20,1537.248,24.052,4.511,40,24,42,,
T,2023-03-24 12:25:05,6.18373167,-75.57946000,2.00,1537.048,24.052,4.387,41,24,42,,
T,2023-03-24 12:25:06,6.18376333,-75.57943833,1.90,1536.848,24.052,3.966,36,24,42,,
T,2023-03-24 12:25:07,6.18379500,-75.57941667,1.90,1536.948,24.052,4.486,36,24,42,,
T,2023-03-24 12:25:08,6.18382667,-75.57939500,2.10,1537.348,24.052,4.292,38,25,42,,
T,2023-03-24 12:25:09,6.18385667,-75.57937333,2.20,1536.949,24.051,4.532,35,24,41,,
T,2023-03-24 12:25:10,6.18388333,-75.57935500,2.20,1536.049,24.051,4.152,38,24,41,,
T,2023-03-24 12:25:11,6.18391167,-75.57933167,2.20,1535.849,24.051,3.547,40,24,41,,
T,2023-03-24 12:25:12,6.18393667,-75.57930833,2.20,1535.349,24.051,3.270,36,24,41,,
T,2023-03-24 12:25:13,6.18396167,-75.57928833,2.20,1534.549,24.051,3.540,33,23,41,,
T,2023-03-24 12:25:14,6.18399000,-75.57927000,2.30,1534.649,24.051,3.550,32,23,41,,
T,2023-03-24 12:25:15,6.18402167,-75.57924833,2.20,1535.250,24.050,3.111,33,23,41,,
T,2023-03-24 12:25:16,6.18404500,-75.57923167,2.20,1535.450,24.050,3.030,34,23,41,,
T,2023-03-24 12:25:17,6.18407000,-75.57921167,2.20,1535.950,24.050,2.804,36,23,41,,
T,2023-03-24 12:25:18,6.18409167,-75.57919667,2.20,1536.950,24.050,2.154,37,23,41,,
T,2023-03-24 12:25:19,6.18411333,-75.57918000,2.10,1537.750,24.050,2.411,38,24,41,,
T,2023-03-24 12:25:20,6.18413333,-75.57916500,2.10,1538.250,24.050,2.399,30,24,41,,
T,2023-03-24 12:25:21,6.18415167,-75.57915500,2.10,1538.850,24.050,1.845,34,24,41,,
T,2023-03-24 12:25:22,6.18416500,-75.57914667,2.10,1539.350,24.050,1.631,35,23,41,,
T,2023-03-24 12:25:23,6.18418667,-75.57914000,1.90,1539.650,24.050,1.832,20,23,41,,
T,2023-03-24 12:25:24,6.18420667,-75.57913500,2.00,1540.451,24.049,1.651,22,23,41,,
T,2023-03-24 12:25:25,6.18422333,-75.57912333,2.00,1540.751,24.049,1.281,22,23,41,,
T,2023-03-24 12:25:26,6.18423333,-75.57911667,2.00,1540.851,24.049,1.019,22,21,41,,
T,2023-03-24 12:25:27,6.18423833,-75.57911500,1.90,1540.151,24.049,1.048,22,22,41,,
T,2023-03-24 12:25:28,6.18424500,-75.57910833,1.90,1539.451,24.049,0.000,,23,41,,
T,2023-03-24 12:25:29,6.18424833,-75.57910667,1.90,1538.951,24.049,0.000,,23,41,,
T,2023-03-24 12:25:30,6.18424833,-75.57910500,1.90,1538.751,24.049,0.000,,23,41,,
T,2023-03-24 12:25:31,6.18424833,-75.57910500,1.80,1538.751,24.049,0.000,,24,41,,
T,2023-03-24 12:25:32,6.18424833,-75.57910500,1.80,1538.751,24.049,0.000,,24,41,,
T,2023-03-24 12:25:33,6.18424833,-75.57910500,1.80,1538.751,24.049,0.000,,23,41,,
T,2023-03-24 12:25:34,6.18424833,-75.57910500,1.80,1538.751,24.049,0.000,,24,41,,
T,2023-03-24 12:25:35,6.18424833,-75.57910500,1.80,1538.751,24.049,0.000,,24,41,,
T,2023-03-24 12:25:36,6.18428167,-75.57907333,1.80,1536.551,24.049,2.239,17,23,41,,
T,2023-03-24 12:25:37,6.18430500,-75.57906667,1.90,1536.151,24.049,2.938,18,23,41,,
T,2023-03-24 12:25:38,6.18433500,-75.57905667,1.90,1536.051,24.049,3.282,28,23,41,,
T,2023-03-24 12:25:39,6.18436667,-75.57904333,1.90,1535.951,24.049,3.065,28,23,41,,
T,2023-03-24 12:25:40,6.18438833,-75.57903833,1.90,1534.751,24.049,2.100,28,23,41,,
T,2023-03-24 12:25:41,6.18440500,-75.57903000,1.90,1534.051,24.049,2.207,23,23,41,,
T,2023-03-24 12:25:42,6.18442833,-75.57902000,1.90,1533.652,24.048,2.663,25,21,41,,
T,2023-03-24 12:25:43,6.18445500,-75.57901333,2.00,1533.052,24.048,2.786,21,21,41,,
T,2023-03-24 12:25:44,6.18449000,-75.57900167,2.00,1532.652,24.048,3.318,28,20,41,,
T,2023-03-24 12:25:45,6.18452833,-75.57899000,2.10,1532.452,24.048,3.503,26,20,41,,
T,2023-03-24 12:25:46,6.18457167,-75.57897667,2.20,1532.452,24.048,4.217,22,19,41,,
T,2023-03-24 12:25:47,6.18461833,-75.57896667,2.30,1532.252,24.048,4.233,18,20,41,,
T,2023-03-24 12:25:48,6.18467000,-75.57895000,2.20,1532.452,24.048,5.247,21,21,41,,
T,2023-03-24 12:25:49,6.18471833,-75.57893000,2.20,1532.853,24.047,4.786,21,21,41,,
T,2023-03-24 12:25:50,6.18476667,-75.57891167,2.20,1533.453,24.047,4.625,19,21,41,,
T,2023-03-24 12:25:51,6.18481500,-75.57889500,2.30,1533.953,24.047,4.450,25,21,41,,
T,2023-03-24 12:25:52,6.18486500,-75.57887667,2.30,1534.153,24.047,5.108,24,21,41,,
T,2023-03-24 12:25:53,6.18490833,-75.57885500,2.20,1534.153,24.047,4.980,25,21,41,,
T,2023-03-24 12:25:54,6.18495667,-75.57883667,2.20,1535.054,24.046,4.961,26,21,41,,
T,2023-03-24 12:25:55,6.18500500,-75.57881833,2.30,1535.254,24.046,5.115,20,21,41,,
T,2023-03-24 12:25:56,6.18505333,-75.57880000,2.30,1535.854,24.046,5.397,24,21,41,,
T,2023-03-24 12:25:57,6.18509833,-75.57878667,2.30,1535.954,24.046,4.823,21,20,41,,
T,2023-03-24 12:25:58,6.18513833,-75.57877500,2.30,1535.854,24.046,4.072,20,20,41,,
T,2023-03-24 12:25:59,6.18517000,-75.57875833,2.20,1535.954,24.046,3.235,24,20,41,,
T,2023-03-24 12:26:00,6.18519667,-75.57874167,2.10,1536.354,24.046,2.680,25,20,41,,
T,2023-03-24 12:26:01,6.18521667,-75.57873667,2.20,1537.055,24.045,2.359,20,20,41,,
T,2023-03-24 12:26:02,6.18523667,-75.57872833,2.20,1536.955,24.045,2.618,20,20,41,,
T,2023-03-24 12:26:03,6.18526000,-75.57872167,2.20,1537.155,24.045,2.655,16,20,41,,
T,2023-03-24 12:26:04,6.18528667,-75.57870500,2.10,1537.755,24.045,2.618,27,20,41,,
T,2023-03-24 12:26:05,6.18531000,-75.57869833,2.10,1538.455,24.045,2.136,26,21,41,,
T,2023-03-24 12:26:06,6.18532500,-75.57869167,2.20,1538.655,24.045,1.736,34,21,41,,
T,2023-03-24 12:26:07,6.18534333,-75.57868500,2.20,1539.255,24.045,2.023,21,21,41,,
T,2023-03-24 12:26:08,6.18536167,-75.57867500,2.10,1539.955,24.045,1.724,26,21,41,,
T,2023-03-24 12:26:09,6.18538000,-75.57866500,2.10,1539.755,24.045,1.893,33,22,41,,
T,2023-03-24 12:26:10,6.18540333,-75.57865167,2.10,1539.955,24.045,2.595,28,22,41,,
T,2023-03-24 12:26:11,6.18543333,-75.57864667,2.20,1540.355,24.045,3.154,13,22,41,,
T,2023-03-24 12:26:12,6.18547000,-75.57864167,2.20,1540.756,24.044,3.785,10,22,41,,
T,2023-03-24 12:26:13,6.18551833,-75.57862333,2.30,1540.256,24.044,4.618,14,22,41,,
T,2023-03-24 12:26:14,6.18556667,-75.57860333,2.30,1539.356,24.044,5.599,22,22,41,,
T,2023-03-24 12:26:15,6.18562000,-75.57858000,2.40,1538.856,24.044,5.744,20,21,41,,
T,2023-03-24 12:26:16,6.18567833,-75.57856333,2.40,1538.456,24.044,6.517,18,20,41,,
T,2023-03-24 12:26:17,6.18574333,-75.57853667,2.50,1538.157,24.043,6.544,19,20,41,,
T,2023-03-24 12:26:18,6.18580500,-75.57851000,2.50,1537.857,24.043,6.554,21,20,41,,
T,2023-03-24 12:26:19,6.18586500,-75.57848500,2.50,1537.857,24.043,7.081,20,20,41,,
T,2023-03-24 12:26:20,6.18593167,-75.57845000,2.50,1537.457,24.043,7.299,25,19,41,,
T,2023-03-24 12:26:21,6.18599667,-75.57842000,2.60,1537.358,24.042,7.049,25,19,41,,
T,2023-03-24 12:26:22,6.18606000,-75.57839667,2.60,1537.058,24.042,6.832,21,18,41,,
T,2023-03-24 12:26:23,6.18613167,-75.57839000,2.50,1536.158,24.042,6.866,20,18,41,,
T,2023-03-24 12:26:24,6.18619000,-75.57836833,2.50,1535.358,24.042,6.723,24,18,41,,
T,2023-03-24 12:26:25,6.18625333,-75.57834167,2.50,1535.859,24.041,6.944,23,18,41,,
T,2023-03-24 12:26:26,6.18630667,-75.57831167,2.60,1536.159,24.041,6.798,25,18,41,,
T,2023-03-24 12:26:27,6.18636167,-75.57828500,2.70,1535.859,24.041,6.825,23,18,41,,
T,2023-03-24 12:26:28,6.18640833,-75.57825000,2.60,1535.259,24.041,7.112,22,17,41,,
T,2023-03-24 12:26:29,6.18646833,-75.57822167,2.50,1534.660,24.040,7.239,25,17,41,,
T,2023-03-24 12:26:30,6.18652667,-75.57819333,2.50,1534.460,24.040,7.001,23,18,41,,
T,2023-03-24 12:26:31,6.18658333,-75.57816000,2.60,1534.160,24.040,7.033,29,19,41,,
T,2023-03-24 12:26:32,6.18663667,-75.57813000,2.60,1533.660,24.040,6.798,26,17,41,,
T,2023-03-24 12:26:33,6.18669667,-75.57809667,2.50,1533.261,24.039,6.834,28,15,41,,
T,2023-03-24 12:26:34,6.18675667,-75.57808167,2.50,1532.161,24.039,6.217,23,17,41,,
T,2023-03-24 12:26:35,6.18681667,-75.57806833,2.50,1531.461,24.039,5.842,22,17,41,,
T,2023-03-24 12:26:36,6.18687167,-75.57804500,2.40,1531.161,24.039,6.669,20,18,41,,
T,2023-03-24 12:26:37,6.18692500,-75.57802167,2.40,1530.562,24.038,6.330,22,19,41,,
T,2023-03-24 12:26:38,6.18697333,-75.57800000,2.40,1529.962,24.038,5.431,25,19,41,,
T,2023-03-24 12:26:39,6.18701667,-75.57796833,2.30,1529.862,24.038,4.752,29,19,41,,
T,2023-03-24 12:26:40,6.18705000,-75.57795000,2.30,1529.562,24.038,4.075,28,19,41,,
T,2023-03-24 12:26:41,6.18708333,-75.57793333,2.30,1529.462,24.038,3.423,32,18,41,,
T,2023-03-24 12:26:42,6.18711333,-75.57791667,2.30,1529.663,24.037,3.191,32,19,41,,
T,2023-03-24 12:26:43,6.18714167,-75.57789833,2.20,1529.963,24.037,2.772,35,19,41,,
T,2023-03-24 12:26:44,6.18716500,-75.57788333,2.20,1530.163,24.037,2.460,37,19,41,,
T,2023-03-24 12:26:45,6.18718500,-75.57787000,2.10,1530.563,24.037,1.922,36,19,41,,
T,2023-03-24 12:26:46,6.18720167,-75.57785833,2.10,1531.363,24.037,1.788,27,19,41,,
T,2023-03-24 12:26:47,6.18722000,-75.57785500,2.10,1531.763,24.037,1.637,8,19,41,,
T,2023-03-24 12:26:48,6.18723667,-75.57785333,2.10,1531.863,24.037,0.000,,19,41,,
T,2023-03-24 12:26:49,6.18724167,-75.57785500,2.00,1531.963,24.037,0.000,,20,41,,
T,2023-03-24 12:26:50,6.18724500,-75.57785667,2.00,1532.263,24.037,0.000,,20,41,,
T,2023-03-24 12:26:51,6.18724500,-75.57785667,2.00,1532.263,24.037,0.000,,20,41,,
T,2023-03-24 12:26:52,6.18724500,-75.57785667,2.00,1532.263,24.037,0.000,,20,41,,
T,2023-03-24 12:26:53,6.18724500,-75.57785667,2.00,1532.263,24.037,0.000,,20,41,,
T,2023-03-24 12:26:54,6.18724500,-75.57785667,2.00,1532.263,24.037,0.000,,19,41,,
T,2023-03-24 12:26:55,6.18724500,-75.57785667,1.90,1532.263,24.037,0.000,,20,41,,
T,2023-03-24 12:26:56,6.18724500,-75.57785667,1.90,1532.263,24.037,0.000,,20,41,,
T,2023-03-24 12:26:57,6.18724500,-75.57785667,1.90,1532.263,24.037,0.000,,19,41,,
T,2023-03-24 12:26:58,6.18724500,-75.57785667,1.90,1532.263,24.037,0.000,,19,41,,
T,2023-03-24 12:26:59,6.18724500,-75.57785667,1.80,1532.263,24.037,0.000,,19,41,,
T,2023-03-24 12:27:00,6.18724500,-75.57785667,1.90,1532.263,24.037,0.000,,20,41,,
T,2023-03-24 12:27:01,6.18724500,-75.57785667,1.90,1532.263,24.037,0.000,,21,41,,
T,2023-03-24 12:27:02,6.18724500,-75.57785667,1.90,1532.263,24.037,0.000,,21,41,,
T,2023-03-24 12:27:03,6.18724500,-75.57785667,1.90,1532.263,24.037,0.000,,21,41,,
T,2023-03-24 12:27:04,6.18724500,-75.57785667,1.90,1532.263,24.037,0.000,,21,41,,
T,2023-03-24 12:27:05,6.18724500,-75.57785667,1.90,1532.263,24.037,0.000,,20,41,,
T,2023-03-24 12:27:06,6.18724500,-75.57785667,1.90,1532.263,24.037,0.000,,20,41,,
T,2023-03-24 12:27:07,6.18724500,-75.57785667,1.80,1532.263,24.037,0.000,,20,41,,
T,2023-03-24 12:27:08,6.18724500,-75.57785667,1.80,1532.263,24.037,0.000,,22,41,,
T,2023-03-24 12:27:09,6.18724500,-75.57785667,1.80,1532.263,24.037,0.000,,21,41,,
T,2023-03-24 12:27:10,6.18724500,-75.57785667,1.70,1532.263,24.037,0.000,,21,41,,
T,2023-03-24 12:27:11,6.18724500,-75.57785667,1.70,1532.263,24.037,0.000,,22,41,,
T,2023-03-24 12:27:12,6.18724500,-75.57785667,1.70,1532.263,24.037,0.000,,22,41,,
T,2023-03-24 12:27:13,6.18724500,-75.57785667,1.80,1532.263,24.037,0.000,,17,41,,
T,2023-03-24 12:27:14,6.18724500,-75.57785667,1.80,1532.263,24.037,0.000,,17,41,,
T,2023-03-24 12:27:15,6.18733167,-75.57788667,1.80,1540.063,24.037,0.378,8,19,41,,
T,2023-03-24 12:27:16,6.18734500,-75.57787667,1.90,1540.263,24.037,0.000,,20,41,,
T,2023-03-24 12:27:17,6.18737167,-75.57786167,1.90,1540.363,24.037,3.522,31,20,41,,
T,2023-03-24 12:27:18,6.18742000,-75.57783667,2.00,1540.664,24.036,5.488,25,21,41,,
T,2023-03-24 12:27:19,6.18748167,-75.57781333,2.00,1540.964,24.036,6.644,21,21,41,,
T,2023-03-24 12:27:20,6.18754000,-75.57778833,2.10,1541.064,24.036,6.308,21,21,41,,
T,2023-03-24 12:27:21,6.18759833,-75.57776167,2.10,1541.464,24.036,6.514,22,21,41,,
T,2023-03-24 12:27:22,6.18765667,-75.57773667,2.10,1541.565,24.035,6.948,22,20,41,,
T,2023-03-24 12:27:23,6.18772167,-75.57771000,2.20,1541.565,24.035,7.902,20,19,41,,
T,2023-03-24 12:27:24,6.18779500,-75.57768500,2.30,1541.765,24.035,8.564,17,18,41,,
T,2023-03-24 12:27:25,6.18787833,-75.57766333,2.40,1541.865,24.035,9.432,14,18,41,,
T,2023-03-24 12:27:26,6.18795667,-75.57764000,2.50,1541.866,24.034,9.198,12,17,41,,
T,2023-03-24 12:27:27,6.18804000,-75.57762500,2.70,1541.866,24.034,9.232,9,16,41,,
T,2023-03-24 12:27:28,6.18812333,-75.57761167,2.70,1541.766,24.034,9.249,9,16,41,,
T,2023-03-24 12:27:29,6.18820833,-75.57757333,2.70,1541.966,24.034,10.099,17,17,41,,
T,2023-03-24 12:27:30,6.18828333,-75.57754667,2.70,1541.767,24.033,9.219,18,17,41,,
T,2023-03-24 12:27:31,6.18837000,-75.57752000,2.60,1541.867,24.033,8.922,15,17,41,,
T,2023-03-24 12:27:32,6.18846000,-75.57749333,2.60,1542.067,24.033,8.684,18,17,41,,
T,2023-03-24 12:27:33,6.18855667,-75.57747000,2.80,1541.968,24.032,8.314,18,17,41,,
T,2023-03-24 12:27:34,6.18865167,-75.57744667,2.80,1541.468,24.032,8.278,16,17,41,,
T,2023-03-24 12:27:35,6.18873333,-75.57743000,2.90,1541.168,24.032,8.247,15,18,41,,
T,2023-03-24 12:27:36,6.18882333,-75.57740833,2.70,1541.269,24.031,8.342,16,18,41,,
T,2023-03-24 12:27:37,6.18891333,-75.57738500,2.70,1541.569,24.031,8.537,15,18,41,,
T,2023-03-24 12:27:38,6.18901000,-75.57736000,2.70,1542.769,24.031,8.989,16,19,41,,
T,2023-03-24 12:27:39,6.18910000,-75.57733667,2.60,1544.769,24.031,8.973,18,20,41,,
T,2023-03-24 12:27:40,6.18917500,-75.57731500,2.50,1545.970,24.030,8.937,19,20,41,,
T,2023-03-24 12:27:41,6.18924333,-75.57728833,2.50,1547.370,24.030,8.941,21,20,41,,
T,2023-03-24 12:27:42,6.18931333,-75.57725667,2.40,1547.970,24.030,9.471,22,21,41,,
T,2023-03-24 12:27:43,6.18939833,-75.57722500,2.40,1547.971,24.029,9.494,22,21,41,,
T,2023-03-24 12:27:44,6.18947833,-75.57720000,2.50,1547.871,24.029,8.803,19,20,41,,
T,2023-03-24 12:27:45,6.18955167,-75.57717500,2.50,1547.871,24.029,8.789,18,18,41,,
T,2023-03-24 12:27:46,6.18962667,-75.57715500,2.50,1548.271,24.029,8.620,21,19,41,,
T,2023-03-24 12:27:47,6.18970000,-75.57713667,2.60,1548.372,24.028,8.631,17,19,41,,
T,2023-03-24 12:27:48,6.18977833,-75.57712167,2.50,1548.172,24.028,8.784,14,19,41,,
T,2023-03-24 12:27:49,6.18983667,-75.57709000,2.50,1547.372,24.028,8.577,14,21,41,,
T,2023-03-24 12:27:50,6.18992167,-75.57708000,2.40,1547.872,24.028,8.064,17,21,41,,
T,2023-03-24 12:27:51,6.18999833,-75.57706000,2.40,1548.473,24.027,7.799,16,22,41,,
T,2023-03-24 12:27:52,6.19007833,-75.57704500,2.30,1548.073,24.027,8.479,17,22,41,,
T,2023-03-24 12:27:53,6.19016333,-75.57702667,2.30,1548.973,24.027,9.124,16,22,41,,
T,2023-03-24 12:27:54,6.19025000,-75.57700500,2.40,1548.673,24.027,10.201,15,22,41,,
T,2023-03-24 12:27:55,6.19034500,-75.57699000,2.40,1546.874,24.026,11.289,17,23,41,,
T,2023-03-24 12:27:56,6.19045333,-75.57695000,2.40,1546.474,24.026,12.461,17,22,41,,
T,2023-03-24 12:27:57,6.19057167,-75.57690833,2.20,1546.675,24.025,13.556,16,23,41,,
T,2023-03-24 12:27:58,6.19068500,-75.57687167,2.10,1546.475,24.025,13.651,16,23,41,,
T,2023-03-24 12:27:59,6.19079667,-75.57684167,2.10,1545.975,24.025,13.414,16,21,41,,
T,2023-03-24 12:28:00,6.19091167,-75.57680667,2.10,1545.976,24.024,14.166,18,21,41,,
T,2023-03-24 12:28:01,6.19103667,-75.57677500,2.10,1546.376,24.024,14.214,15,22,41,,
T,2023-03-24 12:28:02,6.19115667,-75.57673833,2.10,1546.177,24.023,14.500,16,22,41,,
T,2023-03-24 12:28:03,6.19127667,-75.57669000,2.40,1545.577,24.023,15.289,18,22,41,,
T,2023-03-24 12:28:04,6.19142000,-75.57664000,2.20,1545.478,24.022,15.617,18,23,41,,
T,2023-03-24 12:28:05,6.19155333,-75.57658833,2.10,1544.978,24.022,15.593,20,22,41,,
T,2023-03-24 12:28:06,6.19168333,-75.57653667,2.10,1544.479,24.021,15.595,19,21,41,,
T,2023-03-24 12:28:07,6.19181000,-75.57648833,2.20,1544.679,24.021,15.600,17,20,41,,
T,2023-03-24 12:28:08,6.19194500,-75.57644667,2.40,1543.780,24.020,14.949,18,20,41,,
T,2023-03-24 12:28:09,6.19207500,-75.57640167,2.60,1543.080,24.020,15.309,19,21,41,,
T,2023-03-24 12:28:10,6.19221500,-75.57637333,2.50,1541.980,24.020,14.581,14,21,41,,
T,2023-03-24 12:28:11,6.19234833,-75.57634500,2.70,1540.781,24.019,15.220,12,21,41,,
T,2023-03-24 12:28:12,6.19248667,-75.57633167,2.80,1540.081,24.019,14.996,4,20,41,,
T,2023-03-24 12:28:13,6.19262167,-75.57632167,2.60,1539.582,24.018,15.685,6,21,41,,
T,2023-03-24 12:28:14,6.19277667,-75.57632000,2.60,1539.182,24.018,16.336,2,21,41,,
T,2023-03-24 12:28:15,6.19291000,-75.57633667,2.70,1537.182,24.018,16.019,359,22,41,,
T,2023-03-24 12:28:16,6.19306500,-75.57633667,2.60,1536.282,24.018,16.423,359,21,41,,
T,2023-03-24 12:28:17,6.19321167,-75.57635000,2.70,1535.983,24.017,16.246,355,20,41,,
T,2023-03-24 12:28:18,6.19335833,-75.57637167,2.70,1535.883,24.017,15.810,353,20,41,,
T,2023-03-24 12:28:19,6.19349333,-75.57639833,2.60,1535.283,24.017,15.078,352,21,41,,
T,2023-03-24 12:28:20,6.19362667,-75.57641333,2.40,1535.083,24.017,15.207,353,21,41,,
T,2023-03-24 12:28:21,6.19375500,-75.57643000,2.30,1534.483,24.017,14.438,353,21,41,,
T,2023-03-24 12:28:22,6.19388500,-75.57643500,2.50,1534.883,24.017,13.903,356,21,41,,
T,2023-03-24 12:28:23,6.19401167,-75.57643000,2.60,1534.184,24.016,13.672,360,20,41,,
T,2023-03-24 12:28:24,6.19413000,-75.57641167,2.70,1532.984,24.016,13.049,0,21,41,,
T,2023-03-24 12:28:25,6.19424333,-75.57640000,2.70,1532.784,24.016,12.533,6,19,41,,
T,2023-03-24 12:28:26,6.19436000,-75.57635000,2.60,1534.285,24.015,12.251,14,18,41,,
T,2023-03-24 12:28:27,6.19446167,-75.57631333,2.70,1534.885,24.015,11.687,17,19,41,,
T,2023-03-24 12:28:28,6.19455833,-75.57626833,2.80,1534.986,24.014,11.532,22,19,41,,
T,2023-03-24 12:28:29,6.19465333,-75.57620500,2.80,1535.086,24.014,11.748,26,18,41,,
T,2023-03-24 12:28:30,6.19473333,-75.57613667,2.90,1535.387,24.013,11.880,32,18,41,,
T,2023-03-24 12:28:31,6.19482000,-75.57606667,2.70,1534.087,24.013,11.209,38,17,41,,
T,2023-03-24 12:28:32,6.19489500,-75.57599500,2.70,1533.888,24.012,10.229,38,17,41,,
T,2023-03-24 12:28:33,6.19494333,-75.57593833,2.60,1534.188,24.012,9.114,42,17,41,,
T,2023-03-24 12:28:34,6.19499000,-75.57587500,2.50,1533.588,24.012,8.627,46,16,41,,
T,2023-03-24 12:28:35,6.19502833,-75.57582000,2.50,1534.189,24.011,7.840,46,16,41,,
T,2023-03-24 12:28:36,6.19507667,-75.57576500,2.50,1534.789,24.011,7.641,45,19,41,,
T,2023-03-24 12:28:37,6.19511667,-75.57570833,2.50,1534.490,24.010,7.816,47,19,41,,
T,2023-03-24 12:28:38,6.19517500,-75.57564667,2.40,1534.990,24.010,8.757,46,19,41,,
T,2023-03-24 12:28:39,6.19522333,-75.57559333,2.40,1534.690,24.010,9.468,48,18,41,,
T,2023-03-24 12:28:40,6.19527333,-75.57552833,2.40,1534.891,24.009,9.872,47,18,41,,
T,2023-03-24 12:28:41,6.19534000,-75.57546000,2.40,1535.191,24.009,9.910,45,20,41,,
T,2023-03-24 12:28:42,6.19540667,-75.57539000,2.40,1535.792,24.008,10.261,46,20,41,,
T,2023-03-24 12:28:43,6.19547833,-75.57531500,2.40,1536.292,24.008,10.855,46,20,41,,
T,2023-03-24 12:28:44,6.19555833,-75.57523333,2.40,1537.293,24.007,11.565,45,18,41,,
T,2023-03-24 12:28:45,6.19563667,-75.57515667,2.40,1537.794,24.006,11.540,42,17,41,,
T,2023-03-24 12:28:46,6.19572167,-75.57508333,2.30,1538.994,24.006,11.841,39,18,41,,
T,2023-03-24 12:28:47,6.19580833,-75.57501333,2.30,1540.095,24.005,12.284,36,18,41,,
T,2023-03-24 12:28:48,6.19591000,-75.57494667,2.30,1541.295,24.005,12.989,33,19,41,,
T,2023-03-24 12:28:49,6.19605167,-75.57487833,2.40,1546.996,24.004,13.663,27,18,41,,
T,2023-03-24 12:28:50,6.19616500,-75.57482333,2.30,1547.496,24.004,13.808,26,18,40,,
T,2023-03-24 12:28:51,6.19628000,-75.57477500,2.20,1547.697,24.003,13.727,23,18,40,,
T,2023-03-24 12:28:52,6.19640000,-75.57473833,2.40,1546.997,24.003,12.684,20,19,40,,
T,2023-03-24 12:28:53,6.19651000,-75.57470667,2.50,1545.698,24.002,11.681,17,20,40,,
T,2023-03-24 12:28:54,6.19660833,-75.57468667,2.40,1545.098,24.002,10.569,18,20,40,,
T,2023-03-24 12:28:55,6.19669833,-75.57467000,2.40,1543.298,24.002,9.211,14,19,40,,
T,2023-03-24 12:28:56,6.19677500,-75.57465667,2.50,1541.398,24.002,8.428,14,18,40,,
T,2023-03-24 12:28:57,6.19684333,-75.57464500,2.50,1540.199,24.001,8.071,11,19,40,,
T,2023-03-24 12:28:58,6.19690500,-75.57463833,2.50,1539.999,24.001,7.118,10,18,40,,
T,2023-03-24 12:28:59,6.19696000,-75.57463333,2.50,1539.399,24.001,6.703,7,19,40,,
T,2023-03-24 12:29:00,6.19701500,-75.57463167,2.40,1538.899,24.001,6.667,9,20,40,,
T,2023-03-24 12:29:01,6.19706667,-75.57462333,2.30,1537.999,24.001,6.470,11,21,40,,
T,2023-03-24 12:29:02,6.19712000,-75.57461167,2.30,1536.999,24.001,6.339,16,20,40,,
T,2023-03-24 12:29:03,6.19717167,-75.57459000,2.30,1536.499,24.001,6.092,16,19,40,,
T,2023-03-24 12:29:04,6.19723000,-75.57457167,2.30,1535.800,24.000,5.982,18,20,40,,
T,2023-03-24 12:29:05,6.19728667,-75.57455167,2.30,1535.000,24.000,6.006,18,20,40,,
T,2023-03-24 12:29:06,6.19734333,-75.57452667,2.30,1535.000,24.000,6.342,21,20,40,,
T,2023-03-24 12:29:07,6.19739833,-75.57450167,2.40,1535.000,24.000,5.981,23,20,40,,
T,2023-03-24 12:29:08,6.19744500,-75.57448000,2.40,1535.201,23.999,5.493,25,19,40,,
T,2023-03-24 12:29:09,6.19748500,-75.57445500,2.40,1534.801,23.999,4.558,27,19,40,,
T,2023-03-24 12:29:10,6.19751500,-75.57443333,2.40,1534.101,23.999,3.921,30,17,40,,
T,2023-03-24 12:29:11,6.19754000,-75.57441833,2.40,1533.801,23.999,2.913,32,18,40,,
T,2023-03-24 12:29:12,6.19756000,-75.57440333,2.20,1533.501,23.999,1.847,36,19,40,,
T,2023-03-24 12:29:13,6.19757833,-75.57439333,2.20,1533.301,23.999,1.650,38,19,40,,
T,2023-03-24 12:29:14,6.19759167,-75.57439000,2.20,1533.001,23.999,1.188,38,20,40,,
T,2023-03-24 12:29:15,6.19760333,-75.57438333,2.10,1532.801,23.999,1.050,38,22,40,,
T,2023-03-24 12:29:16,6.19761833,-75.57438000,2.10,1533.001,23.999,1.541,22,22,40,,
T,2023-03-24 12:29:17,6.19764000,-75.57437167,2.10,1533.301,23.999,2.288,35,22,40,,
T,2023-03-24 12:29:18,6.19767167,-75.57435833,2.20,1533.302,23.998,3.204,30,22,40,,
T,2023-03-24 12:29:19,6.19770000,-75.57434333,2.20,1532.802,23.998,3.121,28,22,40,,
T,2023-03-24 12:29:20,6.19772667,-75.57432667,2.20,1532.802,23.998,2.362,29,21,40,,
T,2023-03-24 12:29:21,6.19774500,-75.57431500,2.30,1532.702,23.998,2.235,41,22,40,,
T,2023-03-24 12:29:22,6.19775667,-75.57429833,2.20,1532.802,23.998,2.403,49,20,40,,
T,2023-03-24 12:29:23,6.19776667,-75.57428500,2.20,1532.602,23.998,1.774,50,21,40,,
T,2023-03-24 12:29:24,6.19778167,-75.57427333,2.30,1532.602,23.998,2.522,41,21,40,,
T,2023-03-24 12:29:25,6.19780333,-75.57426500,2.30,1531.602,23.998,2.983,23,20,40,,
T,2023-03-24 12:29:26,6.19783000,-75.57425667,2.30,1530.802,23.998,3.021,12,20,40,,
T,2023-03-24 12:29:27,6.19786167,-75.57424000,2.30,1530.403,23.997,3.327,25,19,40,,
T,2023-03-24 12:29:28,6.19790167,-75.57422167,2.40,1530.003,23.997,3.882,24,19,40,,
T,2023-03-24 12:29:29,6.19794333,-75.57419833,2.40,1529.303,23.997,4.657,26,20,40,,
T,2023-03-24 12:29:30,6.19799167,-75.57417833,2.40,1529.103,23.997,5.075,19,21,40,,
T,2023-03-24 12:29:31,6.19804167,-75.57416000,2.40,1528.903,23.997,5.302,20,23,40,,
T,2023-03-24 12:29:32,6.19808833,-75.57413833,2.40,1528.704,23.996,4.741,22,22,40,,
T,2023-03-24 12:29:33,6.19813167,-75.57411500,2.30,1528.704,23.996,4.304,23,21,40,,
T,2023-03-24 12:29:34,6.19817500,-75.57409167,2.40,1529.004,23.996,4.274,26,20,40,,
T,2023-03-24 12:29:35,6.19821833,-75.57406667,2.40,1529.704,23.996,4.645,31,20,40,,
T,2023-03-24 12:29:36,6.19826500,-75.57404000,2.40,1530.704,23.996,5.207,32,20,40,,
T,2023-03-24 12:29:37,6.19831333,-75.57400500,2.40,1531.805,23.995,5.783,34,20,40,,
T,2023-03-24 12:29:38,6.19836500,-75.57396667,2.40,1532.605,23.995,6.380,35,20,40,,
T,2023-03-24 12:29:39,6.19842333,-75.57393000,2.50,1533.005,23.995,6.818,31,20,40,,
T,2023-03-24 12:29:40,6.19847500,-75.57389500,2.50,1532.606,23.994,6.115,35,20,40,,
T,2023-03-24 12:29:41,6.19852333,-75.57387500,2.40,1532.606,23.994,5.970,28,20,40,,
T,2023-03-24 12:29:42,6.19858000,-75.57384833,2.40,1532.906,23.994,6.444,31,20,40,,
T,2023-03-24 12:29:43,6.19863500,-75.57382667,2.40,1532.406,23.994,6.545,30,20,40,,
T,2023-03-24 12:29:44,6.19870167,-75.57379167,2.40,1532.007,23.993,7.282,31,20,40,,
T,2023-03-24 12:29:45,6.19877500,-75.57375167,2.50,1531.607,23.993,8.252,29,19,40,,
T,2023-03-24 12:29:46,6.19884500,-75.57371333,2.50,1530.907,23.993,8.677,27,18,40,,
T,2023-03-24 12:29:47,6.19892333,-75.57367167,2.60,1530.508,23.992,9.018,27,18,40,,
T,2023-03-24 12:29:48,6.19899333,-75.57362833,2.70,1531.308,23.992,8.363,28,19,40,,
T,2023-03-24 12:29:49,6.19905667,-75.57359333,2.70,1531.508,23.992,7.682,27,18,40,,
T,2023-03-24 12:29:50,6.19912000,-75.57356000,2.70,1532.209,23.991,6.911,28,17,40,,
T,2023-03-24 12:29:51,6.19917667,-75.57353000,2.70,1532.509,23.991,6.712,29,17,40,,
T,2023-03-24 12:29:52,6.19922833,-75.57349833,2.80,1533.109,23.991,6.265,30,17,40,,
T,2023-03-24 12:29:53,6.19927667,-75.57347000,2.80,1533.309,23.991,5.782,34,17,40,,
T,2023-03-24 12:29:54,6.19931500,-75.57344167,2.70,1532.910,23.990,4.789,34,17,40,,
T,2023-03-24 12:29:55,6.19934333,-75.57342500,2.60,1532.810,23.990,3.602,31,18,40,,
T,2023-03-24 12:29:56,6.19936500,-75.57341500,2.50,1533.110,23.990,2.589,32,18,40,,
T,2023-03-24 12:29:57,6.19938000,-75.57342000,2.40,1533.310,23.990,2.132,34,19,40,,
T,2023-03-24 12:29:58,6.19939333,-75.57341167,2.40,1533.210,23.990,2.042,39,19,40,,
T,2023-03-24 12:29:59,6.19941333,-75.57341000,2.30,1533.310,23.990,1.756,28,20,40,,
T,2023-03-24 12:30:00,6.19942500,-75.57341000,2.30,1533.710,23.990,0.000,,19,40,,
T,2023-03-24 12:30:01,6.19943000,-75.57340667,2.30,1533.610,23.990,0.000,,19,40,,
T,2023-03-24 12:30:02,6.19943667,-75.57340333,2.10,1533.510,23.990,0.000,,18,40,,
T,2023-03-24 12:30:03,6.19943667,-75.57340333,2.00,1533.510,23.990,0.000,,18,40,,
T,2023-03-24 12:30:04,6.19943667,-75.57340333,2.00,1533.510,23.990,0.000,,18,40,,
T,2023-03-24 12:30:05,6.19943667,-75.57340333,2.00,1533.510,23.990,0.000,,19,40,,
T,2023-03-24 12:30:06,6.19943667,-75.57340333,2.00,1533.510,23.990,0.000,,19,40,,
T,2023-03-24 12:30:07,6.19943667,-75.57340333,2.00,1533.510,23.990,0.000,,20,40,,
T,2023-03-24 12:30:08,6.19943667,-75.57340333,1.90,1533.510,23.990,0.000,,18,40,,
T,2023-03-24 12:30:09,6.19943667,-75.57340333,1.90,1533.510,23.990,0.000,,19,40,,
T,2023-03-24 12:30:10,6.19943667,-75.57340333,1.80,1533.510,23.990,0.000,,21,40,,
T,2023-03-24 12:30:11,6.19943667,-75.57340333,1.80,1533.510,23.990,0.000,,22,40,,
T,2023-03-24 12:30:12,6.19943667,-75.57340333,1.80,1533.510,23.990,0.000,,22,40,,
T,2023-03-24 12:30:13,6.19943667,-75.57340333,1.80,1533.510,23.990,0.000,,22,40,,
T,2023-03-24 12:30:14,6.19943667,-75.57340333,1.90,1533.510,23.990,0.000,,22,40,,
T,2023-03-24 12:30:15,6.19943667,-75.57340333,1.90,1533.510,23.990,0.000,,21,40,,
T,2023-03-24 12:30:16,6.19943667,-75.57340333,1.90,1533.510,23.990,0.000,,21,40,,
T,2023-03-24 12:30:17,6.19943667,-75.57340333,2.00,1533.510,23.990,0.000,,20,40,,
T,2023-03-24 12:30:18,6.19943667,-75.57340333,2.00,1533.510,23.990,0.000,,20,40,,
T,2023-03-24 12:30:19,6.19943667,-75.57340333,2.10,1533.510,23.990,0.000,,20,40,,
T,2023-03-24 12:30:20,6.19943667,-75.57340333,2.10,1533.510,23.990,0.000,,20,40,,
T,2023-03-24 12:30:21,6.19943667,-75.57340333,2.20,1533.510,23.990,0.000,,20,40,,
T,2023-03-24 12:30:22,6.19943667,-75.57340333,2.20,1533.510,23.990,0.000,,20,40,,
T,2023-03-24 12:30:23,6.19943667,-75.57340333,2.20,1533.510,23.990,0.000,,20,40,,
T,2023-03-24 12:30:24,6.19943667,-75.57340333,2.30,1533.510,23.990,0.000,,21,40,,
T,2023-03-24 12:30:25,6.19943667,-75.57340333,2.30,1533.510,23.990,0.000,,20,40,,
T,2023-03-24 12:30:26,6.19943667,-75.57340333,2.30,1533.510,23.990,0.000,,20,40,,
T,2023-03-24 12:30:27,6.19943667,-75.57340333,2.30,1533.510,23.990,0.000,,20,40,,
T,2023-03-24 12:30:28,6.19943667,-75.57340333,2.40,1533.510,23.990,0.000,,19,40,,
T,2023-03-24 12:30:29,6.19943667,-75.57340333,2.40,1533.510,23.990,0.000,,19,40,,
T,2023-03-24 12:30:30,6.19943667,-75.57340333,2.40,1533.510,23.990,0.000,,19,40,,
T,2023-03-24 12:30:31,6.19943667,-75.57340333,2.40,1533.510,23.990,0.000,,19,40,,
T,2023-03-24 12:30:32,6.19943667,-75.57340333,2.40,1533.510,23.990,0.000,,19,40,,
T,2023-03-24 12:30:33,6.19943667,-75.57340333,2.50,1533.510,23.990,0.000,,20,40,,
T,2023-03-24 12:30:34,6.19943667,-75.57340333,2.40,1533.510,23.990,0.000,,19,40,,
T,2023-03-24 12:30:35,6.19943667,-75.57340333,2.50,1533.510,23.990,0.000,,19,40,,
T,2023-03-24 12:30:36,6.19943667,-75.57340333,2.50,1533.510,23.990,0.000,,19,40,,
T,2023-03-24 12:30:37,6.19943667,-75.57340333,3.60,1533.510,23.990,0.000,,18,40,,
T,2023-03-24 12:30:38,6.19943667,-75.57340333,3.90,1533.510,23.990,0.000,,19,40,,
T,2023-03-24 12:30:39,6.19943667,-75.57340333,3.70,1533.510,23.990,0.000,,17,40,,
T,2023-03-24 12:30:40,6.19943667,-75.57340333,3.30,1533.510,23.990,0.000,,19,40,,
T,2023-03-24 12:30:41,6.19943667,-75.57340333,3.00,1533.510,23.990,0.000,,19,40,,
T,2023-03-24 12:30:42,6.19943667,-75.57340333,2.80,1533.510,23.990,0.000,,18,40,,
T,2023-03-24 12:30:43,6.19943667,-75.57340333,2.70,1533.510,23.990,0.000,,18,40,,
T,2023-03-24 12:30:44,6.19943667,-75.57340333,2.60,1533.510,23.990,0.000,,18,40,,
T,2023-03-24 12:30:45,6.19943667,-75.57340333,2.50,1533.510,23.990,0.000,,21,40,,
T,2023-03-24 12:30:46,6.19943667,-75.57340333,2.40,1533.510,23.990,0.000,,19,40,,
T,2023-03-24 12:30:47,6.19954333,-75.57342667,2.40,1537.810,23.990,2.268,33,19,40,,
T,2023-03-24 12:30:48,6.19957833,-75.57340667,2.40,1537.710,23.990,3.473,32,19,40,,
T,2023-03-24 12:30:49,6.19963000,-75.57338000,2.50,1537.611,23.989,4.776,29,20,40,,
T,2023-03-24 12:30:50,6.19969833,-75.57334167,2.50,1538.111,23.989,6.027,29,21,40,,
T,2023-03-24 12:30:51,6.19977500,-75.57330333,2.50,1538.011,23.989,6.887,27,21,40,,
T,2023-03-24 12:30:52,6.19984833,-75.57326167,2.50,1537.912,23.988,7.980,29,21,40,,
T,2023-03-24 12:30:53,6.19992167,-75.57322000,2.60,1537.712,23.988,8.783,30,21,40,,
T,2023-03-24 12:30:54,6.19999500,-75.57317500,2.60,1537.412,23.988,8.910,28,21,40,,
T,2023-03-24 12:30:55,6.20006500,-75.57313333,2.70,1537.013,23.987,9.167,26,20,40,,
T,2023-03-24 12:30:56,6.20013500,-75.57308500,2.60,1536.513,23.987,8.830,29,21,40,,
T,2023-03-24 12:30:57,6.20020333,-75.57303833,2.70,1536.013,23.987,8.639,30,20,40,,
T,2023-03-24 12:30:58,6.20027000,-75.57299500,2.70,1535.914,23.986,8.494,29,19,40,,
T,2023-03-24 12:30:59,6.20033667,-75.57294667,2.80,1536.114,23.986,8.593,32,20,40,,
T,2023-03-24 12:31:00,6.20040333,-75.57289833,2.80,1534.615,23.985,8.109,31,19,40,,
T,2023-03-24 12:31:01,6.20047333,-75.57286667,2.90,1534.615,23.985,8.322,28,19,40,,
T,2023-03-24 12:31:02,6.20053333,-75.57284333,2.90,1534.015,23.985,7.901,25,18,40,,
T,2023-03-24 12:31:03,6.20058333,-75.57281500,3.00,1533.215,23.985,7.153,30,16,40,,
T,2023-03-24 12:31:04,6.20061667,-75.57278167,2.90,1532.916,23.984,6.906,35,17,40,,
T,2023-03-24 12:31:05,6.20065000,-75.57274500,2.80,1531.716,23.984,6.305,36,19,40,,
T,2023-03-24 12:31:06,6.20070500,-75.57270500,2.80,1530.416,23.984,6.407,35,20,40,,
T,2023-03-24 12:31:07,6.20075667,-75.57265667,2.70,1529.116,23.984,6.962,32,20,40,,
T,2023-03-24 12:31:08,6.20082000,-75.57261333,2.60,1527.117,23.983,7.402,32,21,40,,
T,2023-03-24 12:31:09,6.20088167,-75.57257833,2.50,1525.717,23.983,6.816,30,21,40,,
T,2023-03-24 12:31:10,6.20094167,-75.57254000,2.50,1524.217,23.983,6.656,33,21,40,,
T,2023-03-24 12:31:11,6.20100333,-75.57250500,2.50,1523.518,23.982,6.777,30,21,40,,
T,2023-03-24 12:31:12,6.20106500,-75.57246833,2.40,1521.918,23.982,7.215,27,20,40,,
T,2023-03-24 12:31:13,6.20112833,-75.57243167,2.30,1520.918,23.982,7.454,26,22,40,,
T,2023-03-24 12:31:14,6.20119167,-75.57240000,2.20,1519.619,23.981,6.973,27,20,40,,
T,2023-03-24 12:31:15,6.20125167,-75.57236833,2.20,1518.919,23.981,6.699,26,18,40,,
T,2023-03-24 12:31:16,6.20130833,-75.57234167,2.20,1518.519,23.981,6.280,24,18,40,,
T,2023-03-24 12:31:17,6.20136500,-75.57231667,2.20,1518.119,23.981,6.576,24,18,40,,
T,2023-03-24 12:31:18,6.20142667,-75.57229000,2.20,1517.520,23.980,7.228,22,18,40,,
T,2023-03-24 12:31:19,6.20149333,-75.57226333,2.20,1517.220,23.980,7.667,22,18,40,,
T,2023-03-24 12:31:20,6.20155833,-75.57223667,2.10,1516.520,23.980,6.973,26,18,40,,
T,2023-03-24 12:31:21,6.20161500,-75.57220833,2.10,1515.720,23.980,6.314,24,18,40,,
T,2023-03-24 12:31:22,6.20167167,-75.57218333,2.10,1514.921,23.979,6.431,22,18,40,,
T,2023-03-24 12:31:23,6.20172500,-75.57216167,2.10,1514.221,23.979,5.904,23,18,40,,
T,2023-03-24 12:31:24,6.20178000,-75.57214333,2.10,1513.821,23.979,5.936,21,18,40,,
T,2023-03-24 12:31:25,6.20182833,-75.57212667,2.10,1513.621,23.979,5.439,20,18,40,,
T,2023-03-24 12:31:26,6.20187333,-75.57211333,2.10,1513.221,23.979,5.570,14,18,40,,
T,2023-03-24 12:31:27,6.20191667,-75.57210000,2.20,1513.322,23.978,5.429,16,18,40,,
T,2023-03-24 12:31:28,6.20195333,-75.57208667,2.30,1513.122,23.978,4.337,18,18,40,,
T,2023-03-24 12:31:29,6.20199000,-75.57207000,2.40,1513.222,23.978,3.911,19,18,40,,
T,2023-03-24 12:31:30,6.20203000,-75.57205667,2.40,1513.722,23.978,4.083,22,18,40,,
T,2023-03-24 12:31:31,6.20207000,-75.57204167,2.40,1514.322,23.978,4.269,22,19,40,,
T,2023-03-24 12:31:32,6.20211000,-75.57202667,2.40,1515.122,23.978,4.368,19,18,40,,
T,2023-03-24 12:31:33,6.20215167,-75.57201833,2.40,1515.623,23.977,4.568,12,19,40,,
T,2023-03-24 12:31:34,6.20219333,-75.57201000,2.40,1515.923,23.977,4.753,15,19,40,,
T,2023-03-24 12:31:35,6.20222833,-75.57199333,2.30,1516.523,23.977,3.775,25,19,40,,
T,2023-03-24 12:31:36,6.20225000,-75.57196833,2.20,1517.323,23.977,2.960,53,20,40,,
T,2023-03-24 12:31:37,6.20226167,-75.57194000,2.20,1518.023,23.977,2.998,75,21,40,,
T,2023-03-24 12:31:38,6.20226833,-75.57191333,2.20,1518.923,23.977,3.488,93,22,40,,
T,2023-03-24 12:31:39,6.20227000,-75.57189167,2.20,1520.223,23.977,3.595,105,22,40,,
T,2023-03-24 12:31:40,6.20226667,-75.57186000,2.30,1521.024,23.976,3.679,105,21,40,,
T,2023-03-24 12:31:41,6.20226167,-75.57183167,2.40,1521.024,23.976,3.051,103,21,40,,
T,2023-03-24 12:31:42,6.20226167,-75.57180667,2.50,1521.324,23.976,2.536,102,19,40,,
T,2023-03-24 12:31:43,6.20226000,-75.57178000,2.60,1521.224,23.976,2.758,107,19,40,,
T,2023-03-24 12:31:44,6.20225167,-75.57175333,2.90,1521.224,23.976,3.167,110,13,40,,
T,2023-03-24 12:31:45,6.20224500,-75.57172167,3.40,1521.124,23.976,3.541,108,9,40,,
T,2023-03-24 12:31:46,6.20223500,-75.57169000,3.90,1521.124,23.976,3.558,109,7,40,,
T,2023-03-24 12:31:47,6.20222500,-75.57166167,4.40,1521.025,23.975,3.446,109,5,40,,
T,2023-03-24 12:31:48,6.20222500,-75.57164167,5.00,1520.925,23.975,2.888,103,4,40,,
T,2023-03-24 12:36:08,6.20192167,-75.57195833,5.00,1538.822,23.978,2.447,9,9,40,,
