type,date time,latitude,longitude,accuracy(m),altitude(m),geoid_height(m),speed(m/s),bearing(deg),sat_used,sat_inview,name,desc
T,2023-05-09 15:31:03,6.17626201,-75.59721425,6.34,1532.135,24.159,0.000,,17,37,20230509-103103,GPS Logger: 20230509-103103 - Viaje 14
T,2023-05-09 15:31:04,6.17624621,-75.59720531,4.43,1532.183,24.159,0.000,,18,37,,
T,2023-05-09 15:31:05,6.17624459,-75.59719210,3.81,1530.372,24.159,0.000,,22,37,,
T,2023-05-09 15:31:06,6.17624853,-75.59719586,3.79,1532.598,24.159,0.000,,25,37,,
T,2023-05-09 15:31:07,6.17625102,-75.59719420,3.79,1534.242,24.159,0.000,,26,37,,
T,2023-05-09 15:31:08,6.17625428,-75.59719344,3.79,1534.722,24.159,0.000,,27,37,,
T,2023-05-09 15:31:09,6.17625624,-75.59718932,3.79,1535.090,24.159,0.000,,27,37,,
T,2023-05-09 15:31:10,6.17625979,-75.59718713,3.79,1536.050,24.159,0.000,,27,37,,
T,2023-05-09 15:31:11,6.17625315,-75.59716683,3.79,1536.477,24.159,2.390,111,27,37,,
T,2023-05-09 15:31:12,6.17625574,-75.59711594,3.79,1536.878,24.159,6.270,92,27,37,,
T,2023-05-09 15:31:13,6.17623823,-75.59705368,3.79,1536.944,24.159,7.250,104,27,37,,
T,2023-05-09 15:31:14,6.17619668,-75.59698525,3.79,1537.671,24.158,8.610,119,27,37,,
T,2023-05-09 15:31:15,6.17615245,-75.59689871,3.79,1537.467,24.158,10.520,116,27,37,,
T,2023-05-09 15:31:16,6.17611056,-75.59679644,3.79,1538.940,24.157,11.680,114,27,37,,
T,2023-05-09 15:31:17,6.17605369,-75.59669103,3.79,1539.519,24.157,12.910,119,25,37,,
T,2023-05-09 15:31:18,6.17598612,-75.59658489,3.79,1539.763,24.157,13.620,122,25,37,,
T,2023-05-09 15:31:19,6.17591842,-75.59647774,3.79,1540.633,24.156,14.320,123,26,37,,
T,2023-05-09 15:31:20,6.17585021,-75.59636997,3.79,1541.466,24.156,14.110,122,26,37,,
T,2023-05-09 15:31:21,6.17578879,-75.59626899,3.79,1541.954,24.155,13.230,120,26,37,,
T,2023-05-09 15:31:22,6.17573061,-75.59617192,3.79,1542.362,24.155,12.670,120,26,37,,
T,2023-05-09 15:31:23,6.17567571,-75.59608083,3.79,1542.215,24.155,11.640,115,26,37,,
T,2023-05-09 15:31:24,6.17562260,-75.59599756,3.79,1542.326,24.154,10.830,113,26,37,,
T,2023-05-09 15:31:25,6.17557141,-75.59591585,3.79,1542.337,24.154,10.680,117,26,37,,
T,2023-05-09 15:31:26,6.17551486,-75.59582815,3.79,1542.609,24.154,11.270,118,26,37,,
T,2023-05-09 15:31:27,6.17546370,-75.59574470,3.79,1542.656,24.153,10.880,116,26,37,,
T,2023-05-09 15:31:28,6.17541367,-75.59566412,3.79,1542.672,24.153,10.420,118,26,37,,
T,2023-05-09 15:31:29,6.17537427,-75.59559795,3.79,1542.865,24.153,8.680,113,26,37,,
T,2023-05-09 15:31:30,6.17534307,-75.59553945,3.79,1542.754,24.152,7.670,110,26,37,,
T,2023-05-09 15:31:31,6.17530424,-75.59546818,3.79,1542.490,24.152,9.040,113,27,37,,
T,2023-05-09 15:31:32,6.17526097,-75.59539366,3.79,1542.245,24.152,9.610,119,27,37,,
T,2023-05-09 15:31:33,6.17522156,-75.59532651,3.79,1542.342,24.152,8.460,114,27,37,,
T,2023-05-09 15:31:34,6.17518585,-75.59526612,3.79,1542.426,24.151,7.780,120,27,37,,
T,2023-05-09 15:31:35,6.17515179,-75.59520570,3.79,1542.443,24.151,7.720,118,27,37,,
T,2023-05-09 15:31:36,6.17512249,-75.59515760,3.79,1542.278,24.151,6.290,119,27,37,,
T,2023-05-09 15:31:37,6.17508983,-75.59510645,3.79,1542.184,24.151,6.810,120,27,37,,
T,2023-05-09 15:31:38,6.17505171,-75.59504960,3.79,1541.951,24.150,7.370,126,27,37,,
T,2023-05-09 15:31:39,6.17500717,-75.59499739,3.79,1541.597,24.150,7.370,131,27,37,,
T,2023-05-09 15:31:40,6.17495531,-75.59495670,3.79,1541.123,24.150,7.320,147,27,37,,
T,2023-05-09 15:31:41,6.17489161,-75.59493338,3.79,1540.547,24.150,7.570,162,26,37,,
T,2023-05-09 15:31:42,6.17481846,-75.59492345,3.79,1540.475,24.150,8.230,179,27,37,,
T,2023-05-09 15:31:43,6.17474167,-75.59494797,3.79,1539.706,24.151,8.540,196,26,37,,
T,2023-05-09 15:31:44,6.17466812,-75.59498043,3.79,1539.471,24.151,8.140,214,26,37,,
T,2023-05-09 15:31:45,6.17460686,-75.59505467,3.79,1539.007,24.151,9.450,229,28,37,,
T,2023-05-09 15:31:46,6.17456123,-75.59513526,3.79,1538.290,24.152,9.720,246,27,37,,
T,2023-05-09 15:31:47,6.17452920,-75.59521750,3.79,1538.271,24.152,9.340,262,28,37,,
T,2023-05-09 15:31:48,6.17452959,-75.59531135,3.79,1538.156,24.153,9.930,285,27,37,,
T,2023-05-09 15:31:49,6.17456657,-75.59538302,4.25,1538.097,24.153,9.220,296,27,37,,
T,2023-05-09 15:31:50,6.17460085,-75.59543081,4.66,1537.965,24.153,7.790,301,27,37,,
T,2023-05-09 15:31:51,6.17464986,-75.59541968,3.86,1536.464,24.153,4.890,317,27,37,,
T,2023-05-09 15:31:52,6.17468943,-75.59545165,3.79,1536.123,24.153,5.650,325,28,37,,
T,2023-05-09 15:31:53,6.17476432,-75.59546646,3.79,1535.436,24.153,7.120,350,28,37,,
T,2023-05-09 15:31:54,6.17483913,-75.59546409,3.79,1535.201,24.153,8.010,5,27,37,,
T,2023-05-09 15:31:55,6.17490155,-75.59544908,3.79,1535.061,24.153,7.080,15,26,37,,
T,2023-05-09 15:31:56,6.17495992,-75.59542490,3.79,1534.492,24.153,6.710,23,28,37,,
T,2023-05-09 15:31:57,6.17501914,-75.59538179,3.79,1533.631,24.152,8.100,52,28,37,,
T,2023-05-09 15:31:58,6.17507255,-75.59531611,3.79,1534.049,24.152,9.290,55,27,37,,
T,2023-05-09 15:31:59,6.17512780,-75.59524869,3.79,1534.625,24.151,8.950,52,27,37,,
T,2023-05-09 15:32:00,6.17519519,-75.59516021,3.79,1535.117,24.151,11.220,57,28,37,,
T,2023-05-09 15:32:01,6.17526889,-75.59506216,3.79,1535.218,24.150,13.080,59,28,37,,
T,2023-05-09 15:32:02,6.17536472,-75.59495103,3.79,1535.901,24.149,15.070,56,28,37,,
T,2023-05-09 15:32:03,6.17545436,-75.59483494,3.79,1535.200,24.149,16.330,54,28,37,,
T,2023-05-09 15:32:04,6.17555482,-75.59470593,3.79,1535.050,24.148,17.170,54,28,37,,
T,2023-05-09 15:32:05,6.17565742,-75.59457516,3.79,1534.732,24.147,17.940,41,28,37,,
T,2023-05-09 15:32:06,6.17576439,-75.59443357,3.79,1534.963,24.146,18.830,57,25,37,,
T,2023-05-09 15:32:07,6.17587806,-75.59430008,3.79,1535.291,24.145,18.920,51,25,37,,
T,2023-05-09 15:32:08,6.17598778,-75.59416676,3.79,1534.885,24.144,19.440,52,26,37,,
T,2023-05-09 15:32:09,6.17610728,-75.59401912,3.79,1534.747,24.143,20.480,53,26,37,,
T,2023-05-09 15:32:10,6.17622826,-75.59386412,3.79,1534.415,24.142,21.540,54,26,36,,
T,2023-05-09 15:32:11,6.17635489,-75.59370335,3.79,1534.221,24.141,22.500,55,26,37,,
T,2023-05-09 15:32:12,6.17648501,-75.59354793,3.79,1533.968,24.140,22.270,53,25,37,,
T,2023-05-09 15:32:13,6.17661889,-75.59339488,3.79,1533.539,24.139,22.290,49,23,37,,
T,2023-05-09 15:32:14,6.17676543,-75.59325081,3.79,1533.104,24.138,22.900,47,23,37,,
T,2023-05-09 15:32:15,6.17692076,-75.59310434,3.79,1533.131,24.137,23.510,44,24,37,,
T,2023-05-09 15:32:16,6.17708367,-75.59295678,3.79,1532.866,24.136,24.140,44,25,37,,
T,2023-05-09 15:32:17,6.17723973,-75.59281856,3.79,1532.573,24.135,23.260,44,26,37,,
T,2023-05-09 15:32:18,6.17739225,-75.59267752,3.79,1532.028,24.133,22.910,43,25,37,,
T,2023-05-09 15:32:19,6.17754728,-75.59253400,3.79,1531.731,24.132,23.210,44,25,37,,
T,2023-05-09 15:32:20,6.17770162,-75.59239629,3.79,1531.310,24.131,22.880,42,25,37,,
T,2023-05-09 15:32:21,6.17786262,-75.59225518,3.79,1530.959,24.130,23.540,42,22,37,,
T,2023-05-09 15:32:22,6.17802248,-75.59212350,3.79,1530.645,24.129,22.860,39,21,37,,
T,2023-05-09 15:32:23,6.17819202,-75.59199231,3.79,1530.504,24.128,23.490,37,20,37,,
T,2023-05-09 15:32:24,6.17836927,-75.59186559,3.79,1530.427,24.127,23.910,36,19,37,,
T,2023-05-09 15:32:25,6.17854351,-75.59174488,3.79,1530.017,24.126,23.560,35,19,37,,
T,2023-05-09 15:32:26,6.17871835,-75.59162891,3.79,1529.269,24.125,23.280,34,22,37,,
T,2023-05-09 15:32:27,6.17889573,-75.59151292,3.79,1528.880,24.124,23.460,33,23,37,,
T,2023-05-09 15:32:28,6.17906268,-75.59139785,3.79,1528.669,24.124,23.080,31,23,37,,
T,2023-05-09 15:32:29,6.17923852,-75.59129145,3.79,1528.248,24.123,22.790,31,26,37,,
T,2023-05-09 15:32:30,6.17940687,-75.59118912,3.79,1528.227,24.122,21.990,32,26,37,,
T,2023-05-09 15:32:31,6.17956695,-75.59108951,3.79,1527.769,24.121,21.070,31,28,37,,
T,2023-05-09 15:32:32,6.17972707,-75.59098615,3.79,1527.428,24.120,20.850,32,28,37,,
T,2023-05-09 15:32:33,6.17987604,-75.59089427,3.79,1526.888,24.119,20.030,31,28,37,,
T,2023-05-09 15:32:34,6.18002661,-75.59079307,3.79,1527.136,24.119,19.960,35,28,37,,
T,2023-05-09 15:32:35,6.18017928,-75.59068350,3.79,1526.536,24.118,20.550,34,28,37,,
T,2023-05-09 15:32:36,6.18033087,-75.59058310,3.79,1526.131,24.117,20.090,31,28,37,,
T,2023-05-09 15:32:37,6.18047806,-75.59049030,3.79,1525.856,24.116,19.370,29,28,37,,
T,2023-05-09 15:32:38,6.18061864,-75.59040003,3.79,1526.297,24.115,18.710,29,27,37,,
T,2023-05-09 15:32:39,6.18076120,-75.59031749,3.79,1526.109,24.115,17.890,26,27,37,,
T,2023-05-09 15:32:40,6.18090404,-75.59023147,3.79,1525.786,24.114,18.120,28,26,37,,
T,2023-05-09 15:32:41,6.18104312,-75.59013995,3.79,1525.836,24.113,18.520,30,27,37,,
T,2023-05-09 15:32:42,6.18117775,-75.59005880,3.79,1525.830,24.112,17.210,26,27,37,,
T,2023-05-09 15:32:43,6.18132062,-75.58997352,3.79,1525.884,24.112,18.040,28,28,37,,
T,2023-05-09 15:32:44,6.18145688,-75.58989046,3.79,1525.636,24.111,18.160,28,28,37,,
T,2023-05-09 15:32:45,6.18158980,-75.58980899,3.79,1525.430,24.110,17.450,29,28,37,,
T,2023-05-09 15:32:46,6.18172536,-75.58972817,3.79,1524.992,24.110,17.230,28,28,37,,
T,2023-05-09 15:32:47,6.18185770,-75.58964567,3.79,1524.634,24.109,17.520,30,28,37,,
T,2023-05-09 15:32:48,6.18199071,-75.58956330,3.79,1524.255,24.108,17.180,29,28,37,,
T,2023-05-09 15:32:49,6.18212053,-75.58948149,3.79,1524.457,24.108,17.090,30,27,37,,
T,2023-05-09 15:32:50,6.18224638,-75.58940274,3.79,1524.368,24.107,16.720,31,28,37,,
T,2023-05-09 15:32:51,6.18237930,-75.58931656,3.79,1523.990,24.106,17.410,33,28,37,,
T,2023-05-09 15:32:52,6.18251238,-75.58922537,3.79,1523.690,24.105,17.780,35,27,37,,
T,2023-05-09 15:32:53,6.18263465,-75.58914375,3.79,1523.896,24.105,16.400,34,27,37,,
T,2023-05-09 15:32:54,6.18274946,-75.58906422,3.79,1523.849,24.104,15.360,35,27,37,,
T,2023-05-09 15:32:55,6.18286242,-75.58898069,3.79,1523.834,24.104,15.490,35,27,37,,
T,2023-05-09 15:32:56,6.18297861,-75.58889648,3.79,1523.796,24.103,16.360,34,26,37,,
T,2023-05-09 15:32:57,6.18310659,-75.58880946,3.79,1523.438,24.102,16.760,35,25,37,,
T,2023-05-09 15:32:58,6.18323770,-75.58871916,3.79,1523.213,24.101,17.350,36,25,37,,
T,2023-05-09 15:32:59,6.18337291,-75.58862274,3.79,1522.824,24.101,18.110,37,25,37,,
T,2023-05-09 15:33:00,6.18350752,-75.58852351,3.79,1522.750,24.100,17.950,38,25,37,,
T,2023-05-09 15:33:01,6.18363272,-75.58842614,3.79,1522.328,24.099,17.600,40,27,37,,
T,2023-05-09 15:33:02,6.18376072,-75.58832210,3.79,1522.096,24.098,18.080,44,27,37,,
T,2023-05-09 15:33:03,6.18388318,-75.58821911,3.79,1521.513,24.098,17.650,43,27,37,,
T,2023-05-09 15:33:04,6.18399876,-75.58812114,3.79,1521.014,24.097,17.060,43,26,38,,
T,2023-05-09 15:33:05,6.18411794,-75.58802065,3.79,1520.596,24.096,17.220,43,26,38,,
T,2023-05-09 15:33:06,6.18424279,-75.58791750,3.79,1520.224,24.095,17.610,41,27,38,,
T,2023-05-09 15:33:07,6.18436624,-75.58781656,3.79,1519.871,24.095,17.400,44,24,38,,
T,2023-05-09 15:33:08,6.18448763,-75.58771492,3.79,1519.908,24.094,17.460,45,23,38,,
T,2023-05-09 15:33:09,6.18460733,-75.58760538,3.79,1519.978,24.093,17.940,46,23,38,,
T,2023-05-09 15:33:10,6.18472817,-75.58749313,3.79,1519.772,24.092,18.130,46,23,38,,
T,2023-05-09 15:33:11,6.18484606,-75.58737863,3.79,1519.699,24.091,18.030,47,24,38,,
T,2023-05-09 15:33:12,6.18496274,-75.58726275,3.79,1519.707,24.090,18.090,51,25,38,,
T,2023-05-09 15:33:13,6.18507416,-75.58713441,3.79,1519.471,24.090,18.620,52,24,38,,
T,2023-05-09 15:33:14,6.18518033,-75.58701151,3.79,1518.640,24.089,18.720,52,24,38,,
T,2023-05-09 15:33:15,6.18528520,-75.58688542,3.79,1518.423,24.088,18.130,52,24,38,,
T,2023-05-09 15:33:16,6.18539201,-75.58675322,3.79,1518.430,24.087,18.670,52,24,38,,
T,2023-05-09 15:33:17,6.18549828,-75.58661653,3.79,1518.152,24.086,19.100,54,24,38,,
T,2023-05-09 15:33:18,6.18560406,-75.58647943,3.79,1518.153,24.085,19.110,54,24,38,,
T,2023-05-09 15:33:19,6.18570046,-75.58633772,3.79,1517.684,24.084,19.050,55,23,38,,
T,2023-05-09 15:33:20,6.18579790,-75.58620899,3.79,1517.596,24.083,18.190,55,25,38,,
T,2023-05-09 15:33:21,6.18589176,-75.58608183,3.79,1517.232,24.082,17.440,54,25,38,,
T,2023-05-09 15:33:22,6.18598826,-75.58595512,3.79,1517.084,24.082,17.420,55,26,38,,
T,2023-05-09 15:33:23,6.18608215,-75.58582483,3.79,1517.245,24.081,17.430,56,26,38,,
T,2023-05-09 15:33:24,6.18618367,-75.58569849,3.79,1517.812,24.080,17.700,54,26,38,,
T,2023-05-09 15:33:25,6.18627748,-75.58557047,3.79,1517.660,24.079,17.660,50,27,38,,
T,2023-05-09 15:33:26,6.18637685,-75.58544283,3.79,1517.959,24.078,17.450,50,27,38,,
T,2023-05-09 15:33:27,6.18646999,-75.58531586,3.79,1518.200,24.077,17.360,61,27,38,,
T,2023-05-09 15:33:28,6.18657367,-75.58518433,3.79,1518.654,24.076,17.760,54,27,38,,
T,2023-05-09 15:33:29,6.18667015,-75.58505957,3.79,1519.803,24.076,17.470,50,27,38,,
T,2023-05-09 15:33:30,6.18675960,-75.58493229,3.79,1519.862,24.075,17.120,51,27,38,,
T,2023-05-09 15:33:31,6.18685447,-75.58480756,3.79,1519.451,24.074,17.570,53,27,38,,
T,2023-05-09 15:33:32,6.18694697,-75.58468252,3.79,1518.851,24.073,17.420,53,27,38,,
T,2023-05-09 15:33:33,6.18703673,-75.58455729,3.79,1518.888,24.072,17.150,56,28,38,,
T,2023-05-09 15:33:34,6.18712463,-75.58443315,3.79,1519.319,24.071,17.270,54,28,38,,
T,2023-05-09 15:33:35,6.18721921,-75.58431228,3.79,1519.153,24.071,17.110,52,27,38,,
T,2023-05-09 15:33:36,6.18731924,-75.58418901,3.79,1518.619,24.070,17.560,50,25,38,,
T,2023-05-09 15:33:37,6.18741938,-75.58406743,3.79,1518.971,24.069,17.480,49,25,38,,
T,2023-05-09 15:33:38,6.18752594,-75.58394658,3.79,1518.993,24.068,17.600,47,25,38,,
T,2023-05-09 15:33:39,6.18763047,-75.58383317,3.79,1518.856,24.067,17.040,45,25,38,,
T,2023-05-09 15:33:40,6.18773881,-75.58373051,3.79,1518.351,24.067,16.310,41,25,38,,
T,2023-05-09 15:33:41,6.18784055,-75.58363816,3.79,1517.655,24.066,15.960,42,24,38,,
T,2023-05-09 15:33:42,6.18795953,-75.58354316,3.79,1517.395,24.065,16.640,38,28,38,,
T,2023-05-09 15:33:43,6.18808447,-75.58345135,3.79,1517.487,24.064,17.160,35,28,38,,
T,2023-05-09 15:33:44,6.18821132,-75.58336374,3.79,1518.033,24.064,17.030,34,28,38,,
T,2023-05-09 15:33:45,6.18833519,-75.58329013,3.79,1517.445,24.063,16.030,31,28,38,,
T,2023-05-09 15:33:46,6.18845332,-75.58321747,3.79,1517.506,24.063,15.440,29,28,38,,
T,2023-05-09 15:33:47,6.18857629,-75.58314991,3.79,1517.271,24.062,15.600,27,28,38,,
T,2023-05-09 15:33:48,6.18870879,-75.58308145,3.79,1517.034,24.061,16.350,26,28,38,,
T,2023-05-09 15:33:49,6.18884686,-75.58301657,3.79,1516.896,24.061,16.730,24,27,38,,
T,2023-05-09 15:33:50,6.18898317,-75.58295978,3.79,1516.811,24.060,16.250,21,26,38,,
T,2023-05-09 15:33:51,6.18911284,-75.58290927,3.79,1516.594,24.060,15.630,19,27,38,,
T,2023-05-09 15:33:52,6.18924742,-75.58286228,3.79,1516.639,24.059,15.620,17,25,38,,
T,2023-05-09 15:33:53,6.18937991,-75.58282411,3.79,1516.262,24.059,15.270,14,25,38,,
T,2023-05-09 15:33:54,6.18951473,-75.58278970,3.79,1516.135,24.058,15.380,11,25,38,,
T,2023-05-09 15:33:55,6.18965339,-75.58275782,3.79,1516.020,24.058,15.750,12,26,38,,
T,2023-05-09 15:33:56,6.18978691,-75.58272522,3.79,1515.358,24.057,15.440,13,25,38,,
T,2023-05-09 15:33:57,6.18991728,-75.58269456,3.79,1515.359,24.057,14.870,11,25,38,,
T,2023-05-09 15:33:58,6.19004707,-75.58266471,3.79,1515.239,24.057,14.730,10,25,38,,
T,2023-05-09 15:33:59,6.19017686,-75.58263754,3.79,1515.013,24.056,14.650,11,25,38,,
T,2023-05-09 15:34:00,6.19030552,-75.58260495,3.79,1514.769,24.056,14.620,12,26,38,,
T,2023-05-09 15:34:01,6.19043777,-75.58256646,3.79,1514.672,24.055,15.250,17,26,38,,
T,2023-05-09 15:34:02,6.19056738,-75.58252802,3.79,1514.220,24.055,14.950,15,26,38,,
T,2023-05-09 15:34:03,6.19069986,-75.58248820,3.79,1514.071,24.054,15.100,14,26,38,,
T,2023-05-09 15:34:04,6.19083424,-75.58245447,3.79,1513.827,24.054,15.010,13,26,38,,
T,2023-05-09 15:34:05,6.19097010,-75.58242598,3.79,1513.149,24.054,15.320,10,26,38,,
T,2023-05-09 15:34:06,6.19110863,-75.58239499,3.79,1513.460,24.053,15.120,14,22,38,,
T,2023-05-09 15:34:07,6.19124512,-75.58236346,3.79,1512.980,24.053,15.330,13,22,38,,
T,2023-05-09 15:34:08,6.19138496,-75.58232863,3.79,1512.591,24.052,15.780,12,22,38,,
T,2023-05-09 15:34:09,6.19153505,-75.58229367,3.79,1512.112,24.052,16.780,13,22,38,,
T,2023-05-09 15:34:10,6.19169266,-75.58225779,3.79,1512.142,24.051,17.500,13,22,38,,
T,2023-05-09 15:34:11,6.19185508,-75.58222077,3.79,1512.100,24.051,18.470,12,22,38,,
T,2023-05-09 15:34:12,6.19202466,-75.58218114,3.79,1511.929,24.050,19.400,14,23,38,,
T,2023-05-09 15:34:13,6.19220104,-75.58214093,3.79,1511.997,24.050,19.860,15,25,38,,
T,2023-05-09 15:34:14,6.19237862,-75.58210637,3.79,1511.963,24.049,20.110,14,25,38,,
T,2023-05-09 15:34:15,6.19256115,-75.58206398,3.79,1512.271,24.049,20.100,15,25,38,,
T,2023-05-09 15:34:16,6.19274279,-75.58201489,3.79,1511.794,24.048,20.900,18,26,38,,
T,2023-05-09 15:34:17,6.19293255,-75.58195278,3.79,1511.987,24.047,21.930,20,26,38,,
T,2023-05-09 15:34:18,6.19312497,-75.58188467,3.79,1511.986,24.046,22.490,21,25,38,,
T,2023-05-09 15:34:19,6.19331961,-75.58181521,3.79,1512.057,24.046,22.690,22,25,38,,
T,2023-05-09 15:34:20,6.19352078,-75.58174651,3.79,1511.900,24.045,23.500,21,25,38,,
T,2023-05-09 15:34:21,6.19372099,-75.58167426,3.79,1511.713,24.044,23.620,20,26,38,,
T,2023-05-09 15:34:22,6.19391708,-75.58160237,3.79,1510.851,24.043,23.630,20,26,38,,
T,2023-05-09 15:34:23,6.19411712,-75.58152744,3.79,1510.801,24.043,23.540,21,26,38,,
T,2023-05-09 15:34:24,6.19431358,-75.58145981,3.79,1511.122,24.042,22.770,20,26,38,,
T,2023-05-09 15:34:25,6.19450169,-75.58139762,3.79,1511.011,24.041,22.140,18,26,38,,
T,2023-05-09 15:34:26,6.19469094,-75.58133838,3.79,1511.177,24.041,22.110,19,26,38,,
T,2023-05-09 15:34:27,6.19487754,-75.58127847,3.79,1511.052,24.040,21.500,18,26,38,,
T,2023-05-09 15:34:28,6.19506418,-75.58121692,3.79,1510.976,24.039,21.700,21,26,38,,
T,2023-05-09 15:34:29,6.19524718,-75.58115654,3.79,1510.061,24.039,21.570,19,26,38,,
T,2023-05-09 15:34:30,6.19543073,-75.58108633,3.79,1509.670,24.038,21.730,19,26,38,,
T,2023-05-09 15:34:31,6.19563543,-75.58101680,3.79,1509.910,24.037,23.390,19,26,38,,
T,2023-05-09 15:34:32,6.19583340,-75.58095125,3.79,1509.855,24.036,22.860,19,26,38,,
T,2023-05-09 15:34:33,6.19602580,-75.58088660,3.79,1509.766,24.036,21.960,19,26,38,,
T,2023-05-09 15:34:34,6.19621185,-75.58082477,3.79,1508.858,24.035,21.510,19,25,38,,
T,2023-05-09 15:34:35,6.19639520,-75.58075909,3.79,1508.397,24.034,21.620,18,25,38,,
T,2023-05-09 15:34:36,6.19658429,-75.58068537,3.79,1507.810,24.034,22.190,21,25,38,,
T,2023-05-09 15:34:37,6.19677705,-75.58061159,3.79,1507.143,24.033,22.960,22,25,38,,
T,2023-05-09 15:34:38,6.19697327,-75.58053244,3.79,1506.741,24.032,23.400,21,26,38,,
T,2023-05-09 15:34:39,6.19717480,-75.58045496,3.79,1506.360,24.031,23.670,22,26,38,,
T,2023-05-09 15:34:40,6.19737934,-75.58038230,3.79,1506.018,24.030,23.890,20,26,38,,
T,2023-05-09 15:34:41,6.19758611,-75.58030953,3.79,1506.093,24.030,23.790,20,26,38,,
T,2023-05-09 15:34:42,6.19778606,-75.58024215,3.79,1505.934,24.029,23.400,19,26,38,,
T,2023-05-09 15:34:43,6.19798861,-75.58017571,3.79,1505.597,24.028,23.540,18,25,38,,
T,2023-05-09 15:34:44,6.19819458,-75.58011044,3.79,1505.346,24.027,23.840,18,26,38,,
T,2023-05-09 15:34:45,6.19840307,-75.58004000,3.79,1505.307,24.027,24.200,18,26,38,,
T,2023-05-09 15:34:46,6.19861688,-75.57997393,3.79,1504.802,24.026,24.700,17,25,38,,
T,2023-05-09 15:34:47,6.19883190,-75.57991052,3.79,1504.131,24.025,25.170,16,25,38,,
T,2023-05-09 15:34:48,6.19905560,-75.57984914,3.79,1504.023,24.024,25.420,15,25,38,,
T,2023-05-09 15:34:49,6.19928341,-75.57979323,3.79,1503.592,24.024,25.820,13,24,38,,
T,2023-05-09 15:34:50,6.19951442,-75.57974691,3.79,1503.406,24.023,26.390,11,23,38,,
T,2023-05-09 15:34:51,6.19975088,-75.57970522,3.79,1503.394,24.022,26.970,9,22,38,,
T,2023-05-09 15:34:52,6.19999006,-75.57966845,3.79,1502.512,24.022,27.630,8,23,38,,
T,2023-05-09 15:34:53,6.20024328,-75.57963311,3.79,1502.076,24.021,28.300,8,24,38,,
T,2023-05-09 15:34:54,6.20050254,-75.57959986,3.79,1502.017,24.020,28.730,7,24,38,,
T,2023-05-09 15:34:55,6.20076243,-75.57956227,3.79,1501.499,24.020,29.090,7,24,38,,
T,2023-05-09 15:34:56,6.20102583,-75.57952651,3.79,1501.145,24.019,29.450,7,24,38,,
T,2023-05-09 15:34:57,6.20129571,-75.57948536,3.79,1500.934,24.018,29.980,8,24,38,,
T,2023-05-09 15:34:58,6.20156699,-75.57944629,3.79,1500.960,24.017,30.360,7,24,38,,
T,2023-05-09 15:34:59,6.20184241,-75.57940577,3.79,1500.879,24.017,30.810,8,24,38,,
T,2023-05-09 15:35:00,6.20212102,-75.57936662,3.79,1500.495,24.016,30.970,11,25,38,,
T,2023-05-09 15:35:01,6.20238872,-75.57932904,3.79,1499.960,24.015,30.250,14,25,38,,
T,2023-05-09 15:35:02,6.20265560,-75.57929035,3.79,1499.624,24.014,29.890,14,25,38,,
T,2023-05-09 15:35:03,6.20291230,-75.57925356,3.79,1498.988,24.014,28.780,9,25,38,,
T,2023-05-09 15:35:04,6.20316815,-75.57921560,3.79,1498.540,24.013,28.620,15,26,38,,
T,2023-05-09 15:35:05,6.20341496,-75.57917762,3.79,1498.112,24.012,27.770,10,26,38,,
T,2023-05-09 15:35:06,6.20366503,-75.57913855,3.79,1497.881,24.012,28.030,10,26,38,,
T,2023-05-09 15:35:07,6.20391114,-75.57910558,3.79,1497.761,24.011,27.660,9,26,38,,
T,2023-05-09 15:35:08,6.20415935,-75.57906748,3.79,1497.438,24.010,27.790,9,25,38,,
T,2023-05-09 15:35:09,6.20439875,-75.57903451,3.79,1496.791,24.010,26.870,10,26,38,,
T,2023-05-09 15:35:10,6.20464403,-75.57900502,3.79,1496.859,24.009,26.860,8,26,38,,
T,2023-05-09 15:35:11,6.20487495,-75.57897497,3.79,1496.640,24.008,25.880,9,26,38,,
T,2023-05-09 15:35:12,6.20509807,-75.57894066,3.79,1496.544,24.008,24.970,8,26,38,,
T,2023-05-09 15:35:13,6.20531819,-75.57890809,3.79,1496.556,24.007,24.260,7,26,38,,
T,2023-05-09 15:35:14,6.20553807,-75.57887636,3.79,1496.397,24.007,24.520,7,25,38,,
T,2023-05-09 15:35:15,6.20575509,-75.57884380,3.79,1496.547,24.006,23.930,7,26,38,,
T,2023-05-09 15:35:16,6.20595939,-75.57881632,3.79,1496.130,24.006,22.890,6,26,38,,
T,2023-05-09 15:35:17,6.20616267,-75.57878679,3.79,1495.914,24.005,22.710,6,26,38,,
T,2023-05-09 15:35:18,6.20636198,-75.57876268,3.79,1495.680,24.004,22.230,4,26,38,,
T,2023-05-09 15:35:19,6.20655399,-75.57873580,3.79,1495.366,24.004,21.460,354,25,38,,
T,2023-05-09 15:35:20,6.20674877,-75.57871078,3.79,1495.752,24.003,21.430,350,26,38,,
T,2023-05-09 15:35:21,6.20694557,-75.57868212,3.79,1495.626,24.003,21.820,5,25,38,,
T,2023-05-09 15:35:22,6.20714439,-75.57865120,3.79,1495.460,24.002,22.310,9,24,38,,
T,2023-05-09 15:35:23,6.20735604,-75.57861656,3.79,1495.353,24.002,23.280,8,24,38,,
T,2023-05-09 15:35:24,6.20755428,-75.57858378,3.79,1494.474,24.001,23.870,10,24,38,,
T,2023-05-09 15:35:25,6.20776667,-75.57855635,3.79,1494.320,24.001,23.660,9,24,38,,
T,2023-05-09 15:35:26,6.20797977,-75.57852996,3.79,1494.267,24.000,23.750,6,24,38,,
T,2023-05-09 15:35:27,6.20818661,-75.57850656,3.79,1493.886,24.000,22.990,7,24,38,,
T,2023-05-09 15:35:28,6.20838703,-75.57847778,3.79,1493.472,23.999,22.750,7,26,38,,
T,2023-05-09 15:35:29,6.20859375,-75.57845312,3.79,1493.807,23.998,23.000,8,27,38,,
T,2023-05-09 15:35:30,6.20878810,-75.57842652,3.79,1493.621,23.998,21.830,9,27,38,,
T,2023-05-09 15:35:31,6.20897285,-75.57839724,3.79,1493.063,23.997,20.780,9,27,38,,
T,2023-05-09 15:35:32,6.20915722,-75.57836973,3.79,1492.809,23.997,20.620,9,27,38,,
T,2023-05-09 15:35:33,6.20933129,-75.57833657,3.79,1492.186,23.996,20.020,8,27,38,,
T,2023-05-09 15:35:34,6.20951056,-75.57831095,3.79,1492.046,23.996,20.040,8,27,38,,
T,2023-05-09 15:35:35,6.20969418,-75.57828502,3.79,1492.374,23.995,20.440,7,27,38,,
T,2023-05-09 15:35:36,6.20988105,-75.57825914,3.79,1492.274,23.995,20.700,7,27,38,,
T,2023-05-09 15:35:37,6.21007129,-75.57822777,3.79,1492.093,23.994,21.200,8,25,38,,
T,2023-05-09 15:35:38,6.21027234,-75.57819297,3.79,1491.907,23.994,22.140,8,25,38,,
T,2023-05-09 15:35:39,6.21047937,-75.57816091,3.79,1491.868,23.993,22.920,8,26,38,,
T,2023-05-09 15:35:40,6.21069246,-75.57812585,3.79,1491.974,23.993,23.740,8,26,38,,
T,2023-05-09 15:35:41,6.21091339,-75.57809070,3.79,1491.955,23.992,24.600,11,25,38,,
T,2023-05-09 15:35:42,6.21114391,-75.57806635,3.79,1491.913,23.992,25.270,10,25,38,,
T,2023-05-09 15:35:43,6.21138411,-75.57803497,3.79,1491.773,23.991,26.090,10,26,38,,
T,2023-05-09 15:35:44,6.21161800,-75.57799789,3.79,1491.555,23.990,26.230,10,28,38,,
T,2023-05-09 15:35:45,6.21185668,-75.57796170,3.79,1492.044,23.990,26.680,10,28,38,,
T,2023-05-09 15:35:46,6.21209350,-75.57793061,3.79,1491.954,23.989,26.370,9,28,38,,
T,2023-05-09 15:35:47,6.21232869,-75.57789633,3.79,1491.577,23.988,26.250,10,27,38,,
T,2023-05-09 15:35:48,6.21255633,-75.57786525,3.79,1491.263,23.988,25.650,10,27,38,,
T,2023-05-09 15:35:49,6.21277669,-75.57783861,3.79,1491.108,23.987,24.750,7,27,38,,
T,2023-05-09 15:35:50,6.21300070,-75.57781856,3.79,1490.893,23.987,24.880,5,27,38,,
T,2023-05-09 15:35:51,6.21322784,-75.57779839,3.79,1490.614,23.986,25.280,5,27,38,,
T,2023-05-09 15:35:52,6.21346063,-75.57776938,3.79,1490.448,23.985,25.600,8,26,38,,
T,2023-05-09 15:35:53,6.21369273,-75.57773764,3.79,1491.004,23.985,25.690,9,27,38,,
T,2023-05-09 15:35:54,6.21392442,-75.57769889,3.79,1490.600,23.984,25.810,10,28,38,,
T,2023-05-09 15:35:55,6.21415686,-75.57766191,3.79,1490.209,23.984,25.920,12,27,38,,
T,2023-05-09 15:35:56,6.21439676,-75.57762523,3.79,1489.919,23.983,26.670,10,27,38,,
T,2023-05-09 15:35:57,6.21462761,-75.57759091,3.79,1489.778,23.982,25.920,9,27,38,,
T,2023-05-09 15:35:58,6.21485501,-75.57755823,3.79,1489.492,23.982,25.140,9,27,38,,
T,2023-05-09 15:35:59,6.21507773,-75.57752839,3.79,1489.407,23.981,24.790,9,27,38,,
T,2023-05-09 15:36:00,6.21530866,-75.57750093,3.79,1488.897,23.980,25.530,8,26,38,,
T,2023-05-09 15:36:01,6.21554233,-75.57747208,3.79,1488.128,23.980,26.250,7,26,38,,
T,2023-05-09 15:36:02,6.21577947,-75.57744361,3.79,1488.110,23.979,26.560,7,26,38,,
T,2023-05-09 15:36:03,6.21602027,-75.57741636,3.79,1487.989,23.979,26.770,7,26,38,,
T,2023-05-09 15:36:04,6.21626632,-75.57738544,3.79,1487.741,23.978,27.550,7,27,38,,
T,2023-05-09 15:36:05,6.21651931,-75.57734039,3.79,1488.192,23.977,28.000,10,27,38,,
T,2023-05-09 15:36:06,6.21677123,-75.57729435,3.79,1487.838,23.977,28.150,11,27,38,,
T,2023-05-09 15:36:07,6.21702397,-75.57725149,3.79,1487.220,23.976,28.510,10,27,38,,
T,2023-05-09 15:36:08,6.21727847,-75.57721078,3.79,1487.225,23.975,28.350,8,27,38,,
T,2023-05-09 15:36:09,6.21752184,-75.57717251,3.79,1487.458,23.974,26.940,11,27,38,,
T,2023-05-09 15:36:10,6.21774981,-75.57714449,3.79,1487.090,23.974,25.490,7,27,38,,
T,2023-05-09 15:36:11,6.21796504,-75.57711890,3.79,1486.641,23.973,24.200,5,26,38,,
T,2023-05-09 15:36:12,6.21817667,-75.57709112,3.79,1486.820,23.973,23.840,5,26,38,,
T,2023-05-09 15:36:13,6.21838801,-75.57705786,3.79,1486.253,23.972,23.870,8,26,38,,
T,2023-05-09 15:36:14,6.21859105,-75.57701694,3.79,1486.261,23.972,23.100,15,26,38,,
T,2023-05-09 15:36:15,6.21880193,-75.57698174,3.79,1485.624,23.971,23.440,9,26,38,,
T,2023-05-09 15:36:16,6.21901496,-75.57695093,3.79,1485.203,23.970,23.980,9,26,38,,
T,2023-05-09 15:36:17,6.21922537,-75.57691604,3.79,1485.366,23.970,23.210,8,26,38,,
T,2023-05-09 15:36:18,6.21942280,-75.57688417,3.79,1484.957,23.969,21.950,7,26,38,,
T,2023-05-09 15:36:19,6.21960212,-75.57686427,3.79,1484.562,23.969,20.390,5,26,38,,
T,2023-05-09 15:36:20,6.21977926,-75.57684083,3.79,1484.566,23.968,19.600,5,26,38,,
T,2023-05-09 15:36:21,6.21995766,-75.57681584,3.79,1484.377,23.968,19.960,7,26,38,,
T,2023-05-09 15:36:22,6.22014404,-75.57678391,3.79,1484.300,23.967,20.870,7,25,38,,
T,2023-05-09 15:36:23,6.22033667,-75.57675960,3.79,1483.635,23.967,21.340,7,25,38,,
T,2023-05-09 15:36:24,6.22052938,-75.57672869,3.79,1483.359,23.966,21.470,7,25,38,,
T,2023-05-09 15:36:25,6.22071443,-75.57670141,3.79,1483.565,23.966,20.940,12,25,38,,
T,2023-05-09 15:36:26,6.22089710,-75.57667436,3.79,1483.408,23.965,20.440,7,25,38,,
T,2023-05-09 15:36:27,6.22108449,-75.57664834,3.79,1483.642,23.965,20.850,7,25,38,,
T,2023-05-09 15:36:28,6.22126103,-75.57662473,3.79,1483.449,23.964,19.850,6,24,38,,
T,2023-05-09 15:36:29,6.22143295,-75.57660158,3.79,1483.404,23.964,18.960,4,23,38,,
T,2023-05-09 15:36:30,6.22160119,-75.57657851,3.79,1482.961,23.963,18.490,4,23,38,,
T,2023-05-09 15:36:31,6.22176677,-75.57655243,3.79,1482.874,23.963,18.760,5,23,38,,
T,2023-05-09 15:36:32,6.22193920,-75.57652765,3.79,1482.842,23.963,19.360,7,24,38,,
T,2023-05-09 15:36:33,6.22210504,-75.57650355,3.79,1482.721,23.962,18.210,4,24,38,,
T,2023-05-09 15:36:34,6.22225757,-75.57648519,3.79,1482.391,23.962,17.230,9,24,38,,
T,2023-05-09 15:36:35,6.22241698,-75.57646583,3.79,1482.183,23.961,17.630,6,24,38,,
T,2023-05-09 15:36:36,6.22257828,-75.57644114,3.79,1481.970,23.961,17.970,7,26,38,,
T,2023-05-09 15:36:37,6.22274610,-75.57641754,3.79,1481.944,23.960,18.570,7,26,38,,
T,2023-05-09 15:36:38,6.22291426,-75.57639965,3.79,1481.898,23.960,19.390,5,28,38,,
T,2023-05-09 15:36:39,6.22309541,-75.57637037,3.79,1481.833,23.959,20.140,7,29,38,,
T,2023-05-09 15:36:40,6.22327942,-75.57633766,3.79,1482.020,23.959,20.750,8,29,38,,
T,2023-05-09 15:36:41,6.22347195,-75.57630868,3.79,1482.168,23.958,21.050,8,29,38,,
T,2023-05-09 15:36:42,6.22366228,-75.57628277,3.79,1482.095,23.958,21.060,8,27,38,,
T,2023-05-09 15:36:43,6.22385622,-75.57625538,3.79,1481.352,23.957,21.550,8,27,38,,
T,2023-05-09 15:36:44,6.22404925,-75.57622929,3.79,1481.188,23.957,21.720,8,28,38,,
T,2023-05-09 15:36:45,6.22424425,-75.57620590,3.79,1482.127,23.956,21.820,6,26,38,,
T,2023-05-09 15:36:46,6.22444205,-75.57618812,3.79,1482.020,23.956,22.290,6,27,38,,
T,2023-05-09 15:36:47,6.22464707,-75.57616516,3.79,1481.877,23.955,22.890,7,27,38,,
T,2023-05-09 15:36:48,6.22485548,-75.57614343,3.79,1481.802,23.955,23.040,7,27,38,,
T,2023-05-09 15:36:49,6.22505896,-75.57612177,3.79,1481.601,23.954,22.850,7,27,38,,
T,2023-05-09 15:36:50,6.22526459,-75.57609534,3.79,1481.334,23.954,22.900,8,27,38,,
T,2023-05-09 15:36:51,6.22546367,-75.57607129,3.79,1481.113,23.953,22.410,8,27,38,,
T,2023-05-09 15:36:52,6.22566614,-75.57604542,3.79,1480.585,23.953,22.780,8,25,38,,
T,2023-05-09 15:36:53,6.22586926,-75.57601976,3.79,1480.347,23.952,22.390,7,25,38,,
T,2023-05-09 15:36:54,6.22605932,-75.57599019,3.79,1479.956,23.952,21.650,8,25,38,,
T,2023-05-09 15:36:55,6.22624787,-75.57596038,3.79,1479.887,23.951,21.550,9,25,38,,
T,2023-05-09 15:36:56,6.22643536,-75.57593146,3.79,1479.238,23.951,21.200,8,26,38,,
T,2023-05-09 15:36:57,6.22661502,-75.57589976,3.79,1479.411,23.950,20.550,9,26,38,,
T,2023-05-09 15:36:58,6.22679076,-75.57586676,3.79,1479.426,23.950,19.850,8,26,38,,
T,2023-05-09 15:36:59,6.22695905,-75.57583468,3.79,1478.613,23.949,18.520,12,26,38,,
T,2023-05-09 15:37:00,6.22714307,-75.57580599,3.79,1478.144,23.949,20.190,10,25,38,,
T,2023-05-09 15:37:01,6.22732895,-75.57577679,3.79,1478.412,23.948,20.780,9,25,38,,
T,2023-05-09 15:37:02,6.22751392,-75.57575083,3.79,1478.028,23.948,20.620,8,25,38,,
T,2023-05-09 15:37:03,6.22769208,-75.57572469,3.79,1477.699,23.947,19.880,7,25,38,,
T,2023-05-09 15:37:04,6.22787072,-75.57569314,3.79,1478.062,23.947,19.770,8,27,38,,
T,2023-05-09 15:37:05,6.22804819,-75.57566545,3.79,1478.294,23.946,19.720,7,27,38,,
T,2023-05-09 15:37:06,6.22822060,-75.57564028,3.79,1478.771,23.946,19.160,7,26,38,,
T,2023-05-09 15:37:07,6.22838359,-75.57561908,3.79,1478.898,23.945,18.150,6,24,38,,
T,2023-05-09 15:37:08,6.22854101,-75.57560056,3.79,1478.997,23.945,17.720,11,25,38,,
T,2023-05-09 15:37:09,6.22870486,-75.57557886,3.79,1479.013,23.944,18.490,8,25,38,,
T,2023-05-09 15:37:10,6.22887932,-75.57554899,3.79,1478.908,23.944,19.290,10,26,38,,
T,2023-05-09 15:37:11,6.22905785,-75.57551223,3.79,1478.809,23.943,19.880,10,25,38,,
T,2023-05-09 15:37:12,6.22922874,-75.57548350,3.79,1479.092,23.943,19.410,9,25,38,,
T,2023-05-09 15:37:13,6.22940578,-75.57545605,3.79,1479.582,23.942,19.690,8,25,38,,
T,2023-05-09 15:37:14,6.22958486,-75.57543236,3.79,1480.270,23.942,19.870,7,25,38,,
T,2023-05-09 15:37:15,6.22975536,-75.57541043,3.79,1480.118,23.941,18.910,8,25,38,,
T,2023-05-09 15:37:16,6.22993097,-75.57538998,3.79,1479.799,23.941,19.480,8,24,38,,
T,2023-05-09 15:37:17,6.23011526,-75.57535929,3.79,1479.677,23.941,20.390,9,24,38,,
T,2023-05-09 15:37:18,6.23030678,-75.57533125,3.79,1479.317,23.940,21.110,9,24,38,,
T,2023-05-09 15:37:19,6.23048815,-75.57531220,3.79,1478.480,23.940,20.270,7,24,38,,
T,2023-05-09 15:37:20,6.23065894,-75.57529421,3.79,1478.478,23.939,19.390,7,24,38,,
T,2023-05-09 15:37:21,6.23083198,-75.57528160,3.79,1478.207,23.939,19.220,5,24,38,,
T,2023-05-09 15:37:22,6.23101263,-75.57526777,3.79,1477.993,23.938,19.850,6,26,38,,
T,2023-05-09 15:37:23,6.23120983,-75.57525236,3.79,1478.671,23.938,21.220,7,26,38,,
T,2023-05-09 15:37:24,6.23140098,-75.57522865,3.79,1478.457,23.937,21.270,9,27,38,,
T,2023-05-09 15:37:25,6.23161411,-75.57519755,3.79,1478.760,23.937,22.720,11,27,38,,
T,2023-05-09 15:37:26,6.23181675,-75.57517447,3.79,1478.675,23.936,22.550,16,28,38,,
T,2023-05-09 15:37:27,6.23201976,-75.57514841,3.79,1478.686,23.936,22.670,11,28,38,,
T,2023-05-09 15:37:28,6.23223110,-75.57512482,3.79,1478.728,23.935,22.980,10,28,38,,
T,2023-05-09 15:37:29,6.23243444,-75.57510092,3.79,1478.975,23.935,22.230,9,28,38,,
T,2023-05-09 15:37:30,6.23262469,-75.57507938,3.79,1478.993,23.934,20.800,8,26,38,,
T,2023-05-09 15:37:31,6.23280163,-75.57505694,3.79,1479.151,23.934,19.730,8,26,38,,
T,2023-05-09 15:37:32,6.23296466,-75.57503803,3.79,1479.087,23.933,18.230,7,26,38,,
T,2023-05-09 15:37:33,6.23312923,-75.57502300,3.79,1479.286,23.933,18.190,5,26,38,,
T,2023-05-09 15:37:34,6.23330159,-75.57501947,3.79,1479.184,23.933,18.780,0,27,38,,
T,2023-05-09 15:37:35,6.23347412,-75.57503609,3.79,1478.373,23.932,19.290,351,28,38,,
T,2023-05-09 15:37:36,6.23365502,-75.57507543,3.79,1478.356,23.932,20.330,349,29,38,,
T,2023-05-09 15:37:37,6.23383652,-75.57512284,3.79,1478.525,23.932,20.770,345,29,38,,
T,2023-05-09 15:37:38,6.23402598,-75.57517671,3.79,1478.742,23.932,21.740,348,29,38,,
T,2023-05-09 15:37:39,6.23421604,-75.57524384,3.79,1477.805,23.932,22.390,339,29,38,,
T,2023-05-09 15:37:40,6.23441032,-75.57531054,3.79,1476.980,23.932,23.060,342,29,38,,
T,2023-05-09 15:37:41,6.23461866,-75.57536917,3.79,1476.341,23.932,23.800,346,28,38,,
T,2023-05-09 15:37:42,6.23482339,-75.57542898,3.79,1475.997,23.932,23.830,344,29,38,,
T,2023-05-09 15:37:43,6.23502560,-75.57550573,3.79,1474.941,23.932,24.310,340,29,38,,
T,2023-05-09 15:37:44,6.23522612,-75.57557860,3.79,1474.760,23.932,24.080,339,29,38,,
T,2023-05-09 15:37:45,6.23543312,-75.57565597,3.79,1474.126,23.932,24.460,339,29,38,,
T,2023-05-09 15:37:46,6.23563753,-75.57572963,3.79,1474.446,23.932,23.640,341,29,38,,
T,2023-05-09 15:37:47,6.23582926,-75.57580145,3.79,1474.089,23.932,22.740,341,28,38,,
T,2023-05-09 15:37:48,6.23601013,-75.57586765,3.79,1473.649,23.932,21.830,340,28,38,,
T,2023-05-09 15:37:49,6.23619769,-75.57593395,3.79,1473.402,23.932,21.910,340,28,38,,
T,2023-05-09 15:37:50,6.23638286,-75.57599661,3.79,1473.161,23.932,21.200,341,29,38,,
T,2023-05-09 15:37:51,6.23655888,-75.57605213,3.79,1473.432,23.932,20.480,343,29,38,,
T,2023-05-09 15:37:52,6.23673256,-75.57609966,3.79,1473.330,23.932,19.970,349,29,38,,
T,2023-05-09 15:37:53,6.23691166,-75.57614784,3.79,1473.020,23.931,20.440,344,29,38,,
T,2023-05-09 15:37:54,6.23708174,-75.57620228,3.79,1472.882,23.931,19.680,341,29,38,,
T,2023-05-09 15:37:55,6.23726327,-75.57626780,3.79,1473.230,23.931,21.050,340,27,38,,
T,2023-05-09 15:37:56,6.23746623,-75.57634948,3.79,1473.255,23.931,22.980,339,27,38,,
T,2023-05-09 15:37:57,6.23766112,-75.57641969,3.79,1472.593,23.931,22.990,340,27,38,,
T,2023-05-09 15:37:58,6.23785278,-75.57648848,3.79,1472.436,23.931,22.610,342,27,38,,
T,2023-05-09 15:37:59,6.23804703,-75.57655818,3.79,1472.111,23.931,22.950,345,28,38,,
T,2023-05-09 15:38:00,6.23824443,-75.57662549,3.79,1471.513,23.931,22.830,341,28,38,,
T,2023-05-09 15:38:01,6.23844296,-75.57669508,3.79,1470.791,23.931,23.000,342,28,38,,
T,2023-05-09 15:38:02,6.23864437,-75.57676346,3.79,1470.547,23.931,23.480,340,28,38,,
T,2023-05-09 15:38:03,6.23884651,-75.57683552,3.79,1470.837,23.931,23.620,338,28,38,,
T,2023-05-09 15:38:04,6.23904064,-75.57690766,3.79,1470.339,23.931,22.860,338,28,38,,
T,2023-05-09 15:38:05,6.23923557,-75.57697773,3.79,1469.975,23.931,22.550,340,28,38,,
T,2023-05-09 15:38:06,6.23941983,-75.57704196,3.79,1469.542,23.931,21.720,340,28,38,,
T,2023-05-09 15:38:07,6.23960437,-75.57711057,3.79,1469.228,23.931,21.410,340,29,38,,
T,2023-05-09 15:38:08,6.23977081,-75.57716391,3.79,1470.246,23.931,19.460,339,29,38,,
T,2023-05-09 15:38:09,6.23994539,-75.57722580,3.79,1469.404,23.931,20.400,340,29,38,,
T,2023-05-09 15:38:10,6.24011419,-75.57727674,3.79,1469.475,23.931,19.650,341,29,38,,
T,2023-05-09 15:38:11,6.24028987,-75.57733588,3.79,1469.333,23.931,20.070,340,30,38,,
T,2023-05-09 15:38:12,6.24046892,-75.57739902,3.79,1469.005,23.931,20.740,340,30,38,,
T,2023-05-09 15:38:13,6.24064329,-75.57746484,3.79,1468.366,23.931,20.490,340,30,38,,
T,2023-05-09 15:38:14,6.24080982,-75.57752120,3.79,1467.795,23.931,19.590,340,30,38,,
T,2023-05-09 15:38:15,6.24095887,-75.57757251,3.79,1467.302,23.931,17.830,338,30,38,,
T,2023-05-09 15:38:16,6.24109184,-75.57761326,3.79,1466.780,23.931,15.480,336,30,38,,
T,2023-05-09 15:38:17,6.24120257,-75.57764976,3.79,1466.381,23.931,12.870,337,29,38,,
T,2023-05-09 15:38:18,6.24130534,-75.57767473,3.79,1466.595,23.931,11.750,337,29,38,,
T,2023-05-09 15:38:19,6.24138945,-75.57770814,3.79,1465.504,23.931,10.290,337,29,38,,
T,2023-05-09 15:38:20,6.24146669,-75.57773449,3.79,1465.317,23.931,9.000,334,29,38,,
T,2023-05-09 15:38:21,6.24153448,-75.57775852,3.79,1465.283,23.931,7.890,333,29,38,,
T,2023-05-09 15:38:22,6.24159655,-75.57778070,3.79,1464.771,23.931,7.490,336,29,38,,
T,2023-05-09 15:38:23,6.24164893,-75.57780232,3.79,1464.228,23.931,6.480,338,29,38,,
T,2023-05-09 15:38:24,6.24170171,-75.57781811,3.79,1464.333,23.931,5.910,336,29,38,,
T,2023-05-09 15:38:25,6.24174514,-75.57783631,3.79,1463.846,23.931,5.290,335,29,38,,
T,2023-05-09 15:38:26,6.24178451,-75.57784889,3.79,1463.935,23.931,4.450,337,29,38,,
T,2023-05-09 15:38:27,6.24180653,-75.57786495,3.79,1463.065,23.931,3.030,337,29,38,,
T,2023-05-09 15:38:28,6.24183541,-75.57788237,3.79,1463.261,23.931,3.000,331,29,38,,
T,2023-05-09 15:38:29,6.24184743,-75.57789246,3.79,1464.012,23.931,1.800,338,28,38,,
T,2023-05-09 15:38:30,6.24186194,-75.57789912,3.86,1464.341,23.931,1.610,340,28,38,,
T,2023-05-09 15:38:31,6.24187600,-75.57790336,4.91,1464.419,23.931,1.590,342,25,38,,
T,2023-05-09 15:38:32,6.24190093,-75.57791131,5.47,1464.663,23.931,2.580,340,23,38,,
T,2023-05-09 15:38:33,6.24192967,-75.57791999,6.79,1464.553,23.931,3.020,337,19,38,,
T,2023-05-09 15:38:34,6.24195990,-75.57793638,7.94,1464.589,23.931,3.420,327,16,38,,
T,2023-05-09 15:38:35,6.24200687,-75.57795916,9.62,1464.129,23.931,4.450,332,13,38,,
T,2023-05-09 15:38:36,6.24204564,-75.57797585,11.35,1464.325,23.931,4.030,327,13,38,,
T,2023-05-09 15:38:37,6.24208049,-75.57799339,14.08,1464.349,23.931,4.020,334,8,38,,
T,2023-05-09 15:38:38,6.24211468,-75.57800993,17.31,1464.354,23.931,3.990,327,8,38,,
T,2023-05-09 15:38:39,6.24214534,-75.57802490,19.49,1464.362,23.931,3.870,334,7,38,,
T,2023-05-09 15:38:40,6.24217646,-75.57803913,23.24,1464.365,23.931,3.870,333,8,38,,
T,2023-05-09 15:38:41,6.24220749,-75.57805435,27.54,1464.367,23.931,3.870,335,7,38,,
T,2023-05-09 15:39:06,6.24661384,-75.57952819,13.70,1463.967,23.930,22.260,343,17,35,,
T,2023-05-09 15:39:07,6.24678942,-75.57960103,9.95,1464.162,23.930,21.090,346,28,35,,
T,2023-05-09 15:39:08,6.24696015,-75.57966490,7.09,1462.891,23.930,19.990,343,29,35,,
T,2023-05-09 15:39:09,6.24712162,-75.57970297,5.85,1462.965,23.930,18.890,343,29,35,,
T,2023-05-09 15:39:10,6.24727557,-75.57974763,4.86,1462.445,23.930,17.850,343,29,35,,
T,2023-05-09 15:39:11,6.24741705,-75.57979683,4.84,1461.279,23.930,16.850,343,29,35,,
T,2023-05-09 15:39:12,6.24755993,-75.57983387,4.38,1461.095,23.930,16.290,347,29,35,,
T,2023-05-09 15:39:13,6.24771397,-75.57987940,3.79,1463.032,23.930,16.370,351,29,35,,
T,2023-05-09 15:39:14,6.24786635,-75.57989435,3.88,1463.535,23.930,16.480,357,28,35,,
T,2023-05-09 15:39:15,6.24802704,-75.57991105,3.79,1461.982,23.929,16.550,357,29,35,,
T,2023-05-09 15:39:16,6.24817926,-75.57991694,3.79,1462.724,23.929,16.720,0,30,35,,
T,2023-05-09 15:39:17,6.24832868,-75.57989640,3.79,1463.986,23.929,16.690,5,30,35,,
T,2023-05-09 15:39:18,6.24848748,-75.57987459,3.79,1464.202,23.928,17.740,8,30,35,,
T,2023-05-09 15:39:19,6.24865670,-75.57983774,3.79,1463.060,23.928,18.600,13,30,35,,
T,2023-05-09 15:39:20,6.24882845,-75.57979124,3.79,1462.593,23.927,19.190,20,30,35,,
T,2023-05-09 15:39:21,6.24899454,-75.57972314,3.79,1462.875,23.927,19.640,24,29,35,,
T,2023-05-09 15:39:22,6.24915242,-75.57963466,3.79,1462.726,23.926,19.520,30,29,35,,
T,2023-05-09 15:39:23,6.24930622,-75.57953893,3.79,1462.799,23.925,19.960,34,29,35,,
T,2023-05-09 15:39:24,6.24946159,-75.57943868,3.79,1462.412,23.924,20.700,35,29,35,,
T,2023-05-09 15:39:25,6.24962223,-75.57933835,3.79,1462.532,23.923,20.880,34,29,35,,
T,2023-05-09 15:39:26,6.24978056,-75.57924325,3.79,1462.352,23.922,20.300,32,28,35,,
T,2023-05-09 15:39:27,6.24993367,-75.57915331,3.79,1462.899,23.922,20.440,31,28,35,,
T,2023-05-09 15:39:28,6.25008497,-75.57906257,3.79,1462.833,23.921,19.590,32,29,35,,
T,2023-05-09 15:39:29,6.25023265,-75.57897557,3.79,1463.170,23.920,18.880,31,25,35,,
T,2023-05-09 15:39:30,6.25038069,-75.57889050,3.79,1464.052,23.919,18.760,30,26,35,,
T,2023-05-09 15:39:31,6.25052641,-75.57880597,3.79,1464.095,23.919,18.830,29,26,35,,
T,2023-05-09 15:39:32,6.25067374,-75.57872742,3.79,1464.176,23.918,18.490,23,30,35,,
T,2023-05-09 15:39:33,6.25079674,-75.57864819,3.91,1464.749,23.917,17.060,25,30,35,,
T,2023-05-09 15:39:34,6.25092684,-75.57856881,3.79,1464.658,23.916,16.620,28,30,35,,
T,2023-05-09 15:39:35,6.25106308,-75.57849621,3.79,1464.564,23.916,16.330,29,30,35,,
T,2023-05-09 15:39:36,6.25118855,-75.57842217,3.79,1464.751,23.915,16.020,30,30,35,,
T,2023-05-09 15:39:37,6.25132292,-75.57835633,3.79,1466.198,23.914,15.390,29,30,35,,
T,2023-05-09 15:39:38,6.25144137,-75.57828395,3.79,1467.115,23.914,15.060,29,27,35,,
T,2023-05-09 15:39:39,6.25156105,-75.57821214,3.79,1467.503,23.913,15.200,27,26,35,,
T,2023-05-09 15:39:40,6.25167953,-75.57815033,3.79,1467.938,23.913,14.900,27,26,35,,
T,2023-05-09 15:39:41,6.25179523,-75.57809160,3.79,1468.188,23.912,14.440,26,26,35,,
T,2023-05-09 15:39:42,6.25190787,-75.57802815,3.79,1469.072,23.911,14.110,26,26,35,,
T,2023-05-09 15:39:43,6.25201302,-75.57797094,3.79,1469.303,23.911,13.190,26,26,35,,
T,2023-05-09 15:39:44,6.25212167,-75.57791470,3.79,1468.928,23.910,13.490,25,24,35,,
T,2023-05-09 15:39:45,6.25223807,-75.57785771,3.79,1469.107,23.910,14.440,27,24,35,,
T,2023-05-09 15:39:46,6.25236232,-75.57779303,3.79,1469.245,23.909,15.450,27,25,35,,
T,2023-05-09 15:39:47,6.25249158,-75.57773253,3.79,1469.114,23.908,15.700,26,26,35,,
T,2023-05-09 15:39:48,6.25262972,-75.57767086,3.79,1469.373,23.908,16.520,25,27,35,,
T,2023-05-09 15:39:49,6.25276566,-75.57760065,3.79,1469.840,23.907,17.050,27,27,35,,
T,2023-05-09 15:39:50,6.25289125,-75.57753504,3.79,1468.664,23.907,17.110,28,27,35,,
T,2023-05-09 15:39:51,6.25303127,-75.57746909,3.79,1469.067,23.906,17.170,27,30,35,,
T,2023-05-09 15:39:52,6.25317561,-75.57738095,3.79,1469.876,23.905,18.170,31,30,35,,
T,2023-05-09 15:39:53,6.25331142,-75.57729748,3.79,1470.642,23.904,17.820,34,30,35,,
T,2023-05-09 15:39:54,6.25346076,-75.57720084,3.79,1470.929,23.904,19.040,33,30,35,,
T,2023-05-09 15:39:55,6.25361491,-75.57710606,3.79,1470.876,23.903,19.730,33,30,35,,
T,2023-05-09 15:39:56,6.25376821,-75.57702413,3.79,1470.643,23.902,19.350,30,30,35,,
T,2023-05-09 15:39:57,6.25391981,-75.57694086,3.79,1470.678,23.901,18.700,34,26,35,,
T,2023-05-09 15:39:58,6.25406520,-75.57685683,3.79,1471.066,23.900,18.390,33,22,35,,
T,2023-05-09 15:39:59,6.25421574,-75.57678811,3.79,1471.309,23.900,18.320,26,23,35,,
T,2023-05-09 15:40:00,6.25434811,-75.57671342,3.79,1470.443,23.899,18.150,32,24,35,,
T,2023-05-09 15:40:01,6.25451085,-75.57663492,3.79,1469.913,23.898,18.620,30,23,35,,
T,2023-05-09 15:40:02,6.25466151,-75.57655746,3.79,1468.549,23.897,18.180,30,26,35,,
T,2023-05-09 15:40:03,6.25481158,-75.57647173,3.79,1468.009,23.897,18.250,30,30,35,,
T,2023-05-09 15:40:04,6.25495776,-75.57638596,3.79,1468.027,23.896,18.660,32,30,35,,
T,2023-05-09 15:40:05,6.25509928,-75.57629760,3.79,1468.500,23.895,18.180,31,29,35,,
T,2023-05-09 15:40:06,6.25523751,-75.57621548,3.79,1468.520,23.894,17.490,31,29,35,,
T,2023-05-09 15:40:07,6.25537187,-75.57614208,3.79,1468.377,23.894,16.790,28,29,35,,
T,2023-05-09 15:40:08,6.25550254,-75.57606786,3.79,1468.106,23.893,16.240,28,29,35,,
T,2023-05-09 15:40:09,6.25562871,-75.57599881,3.79,1467.478,23.892,16.050,29,27,35,,
T,2023-05-09 15:40:10,6.25575505,-75.57593045,3.79,1467.434,23.892,16.040,28,26,35,,
T,2023-05-09 15:40:11,6.25587198,-75.57586045,3.79,1466.779,23.891,16.140,28,26,35,,
T,2023-05-09 15:40:12,6.25600401,-75.57579016,3.79,1467.212,23.890,16.120,28,26,35,,
T,2023-05-09 15:40:13,6.25613051,-75.57571790,3.79,1466.752,23.890,16.200,29,26,35,,
T,2023-05-09 15:40:14,6.25625524,-75.57564475,3.79,1466.176,23.889,15.730,29,25,35,,
T,2023-05-09 15:40:15,6.25638345,-75.57557461,3.79,1466.006,23.888,15.980,29,24,35,,
T,2023-05-09 15:40:16,6.25651403,-75.57549978,3.79,1465.816,23.888,16.380,29,24,35,,
T,2023-05-09 15:40:17,6.25665032,-75.57542137,3.79,1466.413,23.887,17.260,31,25,35,,
T,2023-05-09 15:40:18,6.25678495,-75.57534639,3.79,1465.912,23.886,17.260,32,25,35,,
T,2023-05-09 15:40:19,6.25692437,-75.57526255,3.79,1465.963,23.885,17.990,32,26,35,,
T,2023-05-09 15:40:20,6.25707615,-75.57517882,3.79,1465.812,23.885,18.840,32,26,35,,
T,2023-05-09 15:40:21,6.25723277,-75.57508927,3.79,1465.885,23.884,19.770,33,27,35,,
T,2023-05-09 15:40:22,6.25738794,-75.57500351,3.79,1465.546,23.883,19.450,32,28,35,,
T,2023-05-09 15:40:23,6.25754170,-75.57491975,3.79,1464.444,23.882,19.210,35,28,35,,
T,2023-05-09 15:40:24,6.25770567,-75.57482668,3.79,1464.755,23.881,20.720,33,28,35,,
T,2023-05-09 15:40:25,6.25786088,-75.57473587,3.79,1464.890,23.881,20.050,34,30,35,,
T,2023-05-09 15:40:26,6.25802319,-75.57463307,3.79,1464.701,23.880,20.770,42,30,35,,
T,2023-05-09 15:40:27,6.25818845,-75.57453053,3.79,1465.718,23.879,21.180,37,30,35,,
T,2023-05-09 15:40:28,6.25834839,-75.57443519,3.79,1463.567,23.878,20.810,35,29,35,,
T,2023-05-09 15:40:29,6.25851055,-75.57433896,3.79,1464.955,23.877,20.190,34,27,35,,
T,2023-05-09 15:40:30,6.25866110,-75.57424572,3.79,1465.413,23.876,19.170,33,29,35,,
T,2023-05-09 15:40:31,6.25880138,-75.57415952,3.79,1465.195,23.875,18.040,33,28,35,,
T,2023-05-09 15:40:32,6.25893559,-75.57407416,3.79,1465.142,23.875,17.820,37,29,35,,
T,2023-05-09 15:40:33,6.25907567,-75.57398806,3.79,1463.670,23.874,18.170,34,29,35,,
T,2023-05-09 15:40:34,6.25921647,-75.57390539,3.79,1463.762,23.873,18.290,31,29,35,,
T,2023-05-09 15:40:35,6.25935132,-75.57382467,3.79,1463.082,23.872,18.080,30,29,35,,
T,2023-05-09 15:40:36,6.25949528,-75.57373990,3.79,1463.328,23.872,18.420,30,28,35,,
T,2023-05-09 15:40:37,6.25963862,-75.57366482,3.79,1463.067,23.871,17.950,28,28,35,,
T,2023-05-09 15:40:38,6.25977713,-75.57359757,3.79,1462.481,23.870,17.100,24,29,35,,
T,2023-05-09 15:40:39,6.25991283,-75.57353478,3.79,1462.324,23.870,16.240,23,29,35,,
T,2023-05-09 15:40:40,6.26004761,-75.57347636,3.79,1462.816,23.869,16.220,21,29,35,,
T,2023-05-09 15:40:41,6.26018325,-75.57342045,3.79,1462.831,23.868,16.140,20,29,35,,
T,2023-05-09 15:40:42,6.26030284,-75.57337407,3.79,1462.564,23.868,14.350,18,29,35,,
T,2023-05-09 15:40:43,6.26043730,-75.57332434,3.79,1462.891,23.867,15.390,19,29,35,,
T,2023-05-09 15:40:44,6.26056736,-75.57328035,3.79,1463.223,23.867,15.290,19,29,35,,
T,2023-05-09 15:40:45,6.26070325,-75.57322867,3.79,1463.585,23.866,15.770,19,29,35,,
T,2023-05-09 15:40:46,6.26086180,-75.57317029,3.79,1463.999,23.866,17.200,19,27,35,,
T,2023-05-09 15:40:47,6.26099149,-75.57312317,3.79,1461.332,23.865,16.670,19,27,35,,
T,2023-05-09 15:40:48,6.26112152,-75.57307221,3.79,1461.230,23.864,15.970,20,29,35,,
T,2023-05-09 15:40:49,6.26125203,-75.57302113,3.79,1461.291,23.864,15.430,20,29,35,,
T,2023-05-09 15:40:50,6.26140766,-75.57296508,3.79,1461.024,23.863,15.710,20,28,35,,
T,2023-05-09 15:40:51,6.26155790,-75.57291292,3.79,1461.588,23.863,16.380,20,29,35,,
T,2023-05-09 15:40:52,6.26168936,-75.57286342,3.79,1460.523,23.862,15.810,19,29,35,,
T,2023-05-09 15:40:53,6.26182548,-75.57280865,3.79,1459.959,23.862,16.130,20,29,35,,
T,2023-05-09 15:40:54,6.26197661,-75.57274864,3.79,1460.649,23.861,17.160,21,29,35,,
T,2023-05-09 15:40:55,6.26212286,-75.57269611,3.79,1460.168,23.860,17.120,20,29,35,,
T,2023-05-09 15:40:56,6.26226937,-75.57264336,3.79,1459.849,23.860,16.820,17,29,35,,
T,2023-05-09 15:40:57,6.26240190,-75.57259167,3.79,1459.689,23.859,15.890,18,29,35,,
T,2023-05-09 15:40:58,6.26254908,-75.57253362,3.79,1459.478,23.858,17.250,20,26,35,,
T,2023-05-09 15:40:59,6.26269512,-75.57246823,3.79,1459.414,23.858,17.640,23,23,35,,
T,2023-05-09 15:41:00,6.26283797,-75.57240310,3.79,1459.267,23.857,17.320,21,22,35,,
T,2023-05-09 15:41:01,6.26298449,-75.57235082,3.79,1459.369,23.856,17.320,19,24,35,,
T,2023-05-09 15:41:02,6.26311772,-75.57230514,3.79,1459.696,23.856,15.900,16,25,35,,
T,2023-05-09 15:41:03,6.26323750,-75.57226650,3.79,1460.261,23.855,13.370,14,25,35,,
T,2023-05-09 15:41:04,6.26334402,-75.57224118,3.79,1460.185,23.855,12.020,10,25,35,,
T,2023-05-09 15:41:05,6.26344307,-75.57221638,3.79,1460.618,23.855,11.570,13,25,35,,
T,2023-05-09 15:41:06,6.26354407,-75.57218390,3.79,1461.055,23.854,11.680,15,26,35,,
T,2023-05-09 15:41:07,6.26363500,-75.57215067,3.79,1461.463,23.854,10.930,20,26,35,,
T,2023-05-09 15:41:08,6.26372262,-75.57211864,3.79,1461.701,23.854,10.390,16,26,35,,
T,2023-05-09 15:41:09,6.26380594,-75.57209331,3.79,1461.912,23.853,10.010,15,27,35,,
T,2023-05-09 15:41:10,6.26388712,-75.57206918,3.79,1462.238,23.853,9.330,14,28,35,,
T,2023-05-09 15:41:11,6.26395061,-75.57205217,3.79,1461.777,23.853,7.540,14,28,35,,
T,2023-05-09 15:41:12,6.26401077,-75.57203626,3.79,1461.587,23.852,7.030,13,28,35,,
T,2023-05-09 15:41:13,6.26406805,-75.57201694,3.79,1462.129,23.852,6.680,15,28,35,,
T,2023-05-09 15:41:14,6.26411606,-75.57200700,3.79,1460.764,23.852,6.030,11,28,35,,
T,2023-05-09 15:41:15,6.26419636,-75.57198276,3.79,1461.307,23.852,7.700,15,27,35,,
T,2023-05-09 15:41:16,6.26426824,-75.57196232,3.79,1460.037,23.852,8.210,16,28,35,,
T,2023-05-09 15:41:17,6.26436127,-75.57193980,3.79,1459.938,23.851,9.860,14,29,35,,
T,2023-05-09 15:41:18,6.26445181,-75.57191523,3.79,1459.377,23.851,10.340,14,29,35,,
T,2023-05-09 15:41:19,6.26454652,-75.57188971,3.79,1459.622,23.850,10.440,14,29,35,,
T,2023-05-09 15:41:20,6.26464525,-75.57187030,3.79,1459.583,23.850,9.930,14,29,35,,
T,2023-05-09 15:41:21,6.26473574,-75.57184466,3.79,1458.489,23.850,10.310,14,29,35,,
T,2023-05-09 15:41:22,6.26483755,-75.57181873,3.79,1458.110,23.849,11.330,13,29,35,,
T,2023-05-09 15:41:23,6.26492816,-75.57179434,3.79,1456.350,23.849,10.600,14,28,35,,
T,2023-05-09 15:41:24,6.26503084,-75.57176966,3.79,1455.329,23.849,11.580,13,28,35,,
T,2023-05-09 15:41:25,6.26513837,-75.57173182,3.79,1455.573,23.848,12.040,16,29,35,,
T,2023-05-09 15:41:26,6.26522486,-75.57168863,3.79,1456.157,23.848,11.410,19,27,35,,
T,2023-05-09 15:41:27,6.26536920,-75.57165472,3.79,1455.128,23.847,14.180,15,26,35,,
T,2023-05-09 15:41:28,6.26552986,-75.57161749,3.79,1455.698,23.847,16.280,17,26,35,,
T,2023-05-09 15:41:29,6.26567927,-75.57158183,3.79,1455.183,23.846,16.890,15,28,35,,
T,2023-05-09 15:41:30,6.26584453,-75.57154518,3.79,1454.585,23.846,18.350,13,28,35,,
T,2023-05-09 15:41:31,6.26602965,-75.57150615,3.79,1454.502,23.845,19.580,13,26,35,,
T,2023-05-09 15:41:32,6.26621308,-75.57145891,3.79,1455.194,23.844,20.410,16,26,35,,
T,2023-05-09 15:41:33,6.26640531,-75.57141520,3.79,1455.210,23.844,21.330,14,26,35,,
T,2023-05-09 15:41:34,6.26659998,-75.57137361,3.79,1454.746,23.843,21.510,15,26,35,,
T,2023-05-09 15:41:35,6.26680386,-75.57132838,3.79,1454.793,23.842,22.140,16,25,35,,
T,2023-05-09 15:41:36,6.26699886,-75.57127792,3.79,1455.019,23.842,22.210,22,26,35,,
T,2023-05-09 15:41:37,6.26719696,-75.57122723,3.79,1454.919,23.841,22.530,18,26,35,,
T,2023-05-09 15:41:38,6.26739505,-75.57117268,3.79,1454.908,23.840,22.550,17,25,35,,
T,2023-05-09 15:41:39,6.26760202,-75.57111685,3.79,1455.313,23.839,23.520,16,25,35,,
T,2023-05-09 15:41:40,6.26781401,-75.57106454,3.79,1455.292,23.839,24.060,15,25,35,,
T,2023-05-09 15:41:41,6.26802672,-75.57101285,9.94,1455.461,23.838,24.160,14,25,35,,
T,2023-05-09 15:41:42,6.26824372,-75.57096292,9.94,1455.202,23.837,24.450,14,24,35,,
T,2023-05-09 15:41:43,6.26845598,-75.57091261,9.94,1454.634,23.836,24.050,18,24,35,,
T,2023-05-09 15:41:44,6.26867563,-75.57086098,9.94,1454.928,23.836,24.680,16,24,35,,
T,2023-05-09 15:41:45,6.26889054,-75.57080754,9.94,1455.249,23.835,24.400,15,24,35,,
T,2023-05-09 15:41:46,6.26909777,-75.57075537,9.94,1455.814,23.834,23.870,15,24,35,,
T,2023-05-09 15:41:47,6.26930826,-75.57070656,9.94,1455.883,23.833,23.920,14,24,35,,
T,2023-05-09 15:41:48,6.26951581,-75.57066060,9.94,1455.400,23.833,23.470,14,24,35,,
T,2023-05-09 15:41:49,6.26971833,-75.57061195,9.94,1455.553,23.832,23.040,14,24,35,,
T,2023-05-09 15:41:50,6.26990892,-75.57056897,9.94,1455.253,23.831,21.720,3,25,35,,
T,2023-05-09 15:41:51,6.27010357,-75.57052322,9.94,1455.086,23.831,21.490,355,25,35,,
T,2023-05-09 15:41:52,6.27029860,-75.57047702,3.79,1455.000,23.830,21.770,13,25,35,,
T,2023-05-09 15:41:53,6.27049700,-75.57044049,3.79,1455.165,23.829,21.710,7,25,35,,
T,2023-05-09 15:41:54,6.27069722,-75.57040880,3.79,1454.789,23.829,22.180,6,25,35,,
T,2023-05-09 15:41:55,6.27090887,-75.57037460,3.79,1455.554,23.828,22.560,8,25,35,,
T,2023-05-09 15:41:56,6.27111039,-75.57033293,3.79,1455.320,23.827,22.720,10,25,35,,
T,2023-05-09 15:41:57,6.27132104,-75.57028016,3.79,1454.813,23.827,23.110,12,25,35,,
T,2023-05-09 15:41:58,6.27152759,-75.57023055,3.79,1454.691,23.826,23.500,12,25,35,,
T,2023-05-09 15:41:59,6.27172087,-75.57017756,3.79,1454.505,23.825,22.470,14,25,35,,
T,2023-05-09 15:42:00,6.27193142,-75.57012592,3.79,1455.337,23.824,23.450,14,25,35,,
T,2023-05-09 15:42:01,6.27213554,-75.57007515,3.79,1455.493,23.824,23.200,13,25,35,,
T,2023-05-09 15:42:02,6.27233793,-75.57002845,3.79,1455.025,23.823,22.960,11,25,35,,
T,2023-05-09 15:42:03,6.27253358,-75.56998555,3.79,1455.221,23.822,22.110,11,24,35,,
T,2023-05-09 15:42:04,6.27272895,-75.56994797,3.79,1455.243,23.822,21.920,11,24,35,,
T,2023-05-09 15:42:05,6.27292936,-75.56990240,3.79,1455.679,23.821,21.820,12,24,35,,
T,2023-05-09 15:42:06,6.27311618,-75.56985619,3.79,1455.966,23.820,21.350,14,24,35,,
T,2023-05-09 15:42:07,6.27329297,-75.56981048,3.79,1455.816,23.820,20.320,14,23,35,,
T,2023-05-09 15:42:08,6.27345836,-75.56976440,3.79,1455.863,23.819,19.200,13,24,35,,
T,2023-05-09 15:42:09,6.27361485,-75.56972754,3.79,1455.422,23.818,17.800,11,24,35,,
T,2023-05-09 15:42:10,6.27374857,-75.56970124,3.79,1455.652,23.818,15.460,8,24,35,,
T,2023-05-09 15:42:11,6.27386668,-75.56967085,3.79,1455.282,23.818,13.780,11,25,35,,
T,2023-05-09 15:42:12,6.27397989,-75.56963826,3.79,1455.155,23.817,13.030,10,25,35,,
T,2023-05-09 15:42:13,6.27409010,-75.56961359,3.79,1455.823,23.817,12.430,10,25,35,,
T,2023-05-09 15:42:14,6.27419132,-75.56958769,3.79,1455.749,23.816,11.650,12,25,35,,
T,2023-05-09 15:42:15,6.27428866,-75.56956140,3.79,1455.468,23.816,11.160,13,26,35,,
T,2023-05-09 15:42:16,6.27438614,-75.56953043,3.79,1455.204,23.816,11.470,17,27,35,,
T,2023-05-09 15:42:17,6.27448656,-75.56948550,3.79,1454.415,23.815,11.990,26,26,35,,
T,2023-05-09 15:42:18,6.27458943,-75.56943091,3.79,1454.097,23.815,12.820,27,26,35,,
T,2023-05-09 15:42:19,6.27469955,-75.56937705,3.79,1453.874,23.814,13.360,26,25,35,,
T,2023-05-09 15:42:20,6.27481524,-75.56933315,3.79,1453.177,23.814,14.290,25,25,35,,
T,2023-05-09 15:42:21,6.27493756,-75.56929025,3.79,1453.387,23.813,14.410,18,25,35,,
T,2023-05-09 15:42:22,6.27506924,-75.56925359,3.79,1452.878,23.813,14.930,14,27,35,,
T,2023-05-09 15:42:23,6.27520779,-75.56921973,3.79,1452.699,23.812,15.560,14,27,35,,
T,2023-05-09 15:42:24,6.27534617,-75.56919131,3.79,1452.370,23.812,15.660,12,28,35,,
T,2023-05-09 15:42:25,6.27549929,-75.56915906,3.79,1453.187,23.811,16.000,13,28,35,,
T,2023-05-09 15:42:26,6.27564049,-75.56913083,3.79,1454.085,23.811,14.520,14,29,35,,
T,2023-05-09 15:42:27,6.27576840,-75.56910199,3.79,1453.939,23.810,15.050,15,29,35,,
T,2023-05-09 15:42:28,6.27589114,-75.56907076,3.79,1453.562,23.810,14.080,14,29,35,,
T,2023-05-09 15:42:29,6.27600740,-75.56903152,3.79,1453.427,23.809,13.550,18,29,35,,
T,2023-05-09 15:42:30,6.27611642,-75.56899792,3.79,1453.054,23.809,12.640,19,29,35,,
T,2023-05-09 15:42:31,6.27620557,-75.56894405,3.79,1453.593,23.808,11.190,26,29,35,,
T,2023-05-09 15:42:32,6.27626071,-75.56888128,3.79,1451.634,23.808,10.140,56,29,35,,
T,2023-05-09 15:42:33,6.27629496,-75.56878504,3.79,1451.452,23.807,10.740,73,26,35,,
T,2023-05-09 15:42:34,6.27629898,-75.56868221,3.79,1452.045,23.807,11.220,94,27,35,,
T,2023-05-09 15:42:35,6.27625992,-75.56859681,3.79,1452.890,23.807,10.120,113,27,35,,
T,2023-05-09 15:42:36,6.27619480,-75.56853399,3.79,1453.361,23.806,10.340,139,28,35,,
T,2023-05-09 15:42:37,6.27609133,-75.56850236,3.79,1453.757,23.806,11.660,161,29,35,,
T,2023-05-09 15:42:38,6.27598614,-75.56852399,3.79,1453.954,23.807,11.270,181,29,35,,
T,2023-05-09 15:42:39,6.27588772,-75.56856936,3.79,1454.800,23.807,11.680,194,29,35,,
T,2023-05-09 15:42:40,6.27582699,-75.56862558,3.79,1455.233,23.808,9.860,211,29,35,,
T,2023-05-09 15:42:41,6.27577985,-75.56869411,3.79,1455.929,23.808,9.070,231,29,35,,
T,2023-05-09 15:42:42,6.27576780,-75.56878178,3.79,1456.580,23.809,9.390,251,29,35,,
T,2023-05-09 15:42:43,6.27577983,-75.56887100,3.79,1456.609,23.809,9.640,269,19,35,,
T,2023-05-09 15:42:44,6.27579797,-75.56896268,3.79,1457.236,23.810,10.370,271,28,35,,
T,2023-05-09 15:42:45,6.27581583,-75.56906092,3.79,1458.406,23.810,11.280,274,26,35,,
T,2023-05-09 15:42:46,6.27583817,-75.56917027,3.79,1459.094,23.810,12.210,274,26,35,,
T,2023-05-09 15:42:47,6.27586234,-75.56929046,3.79,1459.812,23.811,13.280,276,26,35,,
T,2023-05-09 15:42:48,6.27588937,-75.56942002,3.79,1460.472,23.812,14.360,281,27,35,,
T,2023-05-09 15:42:49,6.27591714,-75.56955477,3.79,1460.784,23.812,14.980,279,26,35,,
T,2023-05-09 15:42:50,6.27594870,-75.56969122,3.79,1461.191,23.813,15.400,280,26,35,,
T,2023-05-09 15:42:51,6.27597606,-75.56982259,3.79,1461.586,23.814,14.840,279,27,35,,
T,2023-05-09 15:42:52,6.27600514,-75.56995376,3.79,1461.719,23.814,14.830,282,28,35,,
T,2023-05-09 15:42:53,6.27603497,-75.57009863,3.79,1461.633,23.815,16.090,281,29,35,,
T,2023-05-09 15:42:54,6.27606590,-75.57025009,3.79,1461.589,23.816,16.860,285,29,35,,
T,2023-05-09 15:42:55,6.27610041,-75.57039870,3.79,1461.486,23.816,17.050,285,28,35,,
T,2023-05-09 15:42:56,6.27613571,-75.57054341,3.79,1461.346,23.817,16.360,284,28,35,,
T,2023-05-09 15:42:57,6.27616860,-75.57068187,3.79,1460.923,23.818,15.520,284,29,35,,
T,2023-05-09 15:42:58,6.27620224,-75.57081459,3.79,1461.273,23.818,14.700,284,29,35,,
T,2023-05-09 15:42:59,6.27623273,-75.57093724,3.79,1461.337,23.819,14.370,283,29,35,,
T,2023-05-09 15:43:00,6.27626849,-75.57106246,3.79,1460.969,23.819,15.060,285,29,35,,
T,2023-05-09 15:43:01,6.27629751,-75.57119362,3.79,1460.862,23.820,15.060,284,29,35,,
T,2023-05-09 15:43:02,6.27632586,-75.57131979,3.79,1461.235,23.821,14.140,283,29,35,,
T,2023-05-09 15:43:03,6.27635491,-75.57142896,3.79,1461.719,23.821,13.080,287,29,35,,
T,2023-05-09 15:43:04,6.27638368,-75.57152247,3.79,1461.619,23.821,10.700,291,29,35,,
T,2023-05-09 15:43:05,6.27641119,-75.57158979,3.79,1461.704,23.822,8.510,297,29,35,,
T,2023-05-09 15:43:06,6.27644347,-75.57165163,3.79,1461.886,23.822,7.730,301,29,35,,
T,2023-05-09 15:43:07,6.27646625,-75.57169636,3.79,1461.609,23.822,6.190,307,29,35,,
T,2023-05-09 15:43:08,6.27649156,-75.57173548,3.79,1461.996,23.822,4.570,308,29,35,,
T,2023-05-09 15:43:09,6.27650980,-75.57176204,3.79,1462.196,23.822,3.690,309,28,35,,
T,2023-05-09 15:43:10,6.27652340,-75.57177893,3.79,1462.424,23.822,2.750,316,28,35,,
T,2023-05-09 15:43:11,6.27653529,-75.57179590,3.79,1462.709,23.823,2.510,312,28,36,,
T,2023-05-09 15:43:12,6.27655407,-75.57181096,3.79,1461.860,23.823,2.660,315,27,36,,
T,2023-05-09 15:43:13,6.27657684,-75.57182635,3.79,1461.845,23.823,3.010,325,24,36,,
T,2023-05-09 15:43:14,6.27659672,-75.57184251,3.79,1461.971,23.823,2.810,324,24,36,,
T,2023-05-09 15:43:15,6.27661022,-75.57185225,3.79,1461.218,23.823,1.690,327,22,36,,
T,2023-05-09 15:43:16,6.27662885,-75.57186442,3.79,1461.669,23.823,2.490,330,22,36,,
T,2023-05-09 15:43:17,6.27664724,-75.57187558,3.79,1462.238,23.823,2.320,333,23,36,,
T,2023-05-09 15:43:18,6.27666179,-75.57188391,3.79,1462.236,23.823,1.790,335,24,36,,
T,2023-05-09 15:43:19,6.27666875,-75.57188761,3.79,1462.377,23.823,0.710,337,25,36,,
T,2023-05-09 15:43:20,6.27666893,-75.57188855,3.79,1462.289,23.823,0.150,333,24,36,,
T,2023-05-09 15:43:21,6.27666646,-75.57188855,3.79,1462.149,23.823,0.000,,24,36,,
T,2023-05-09 15:43:22,6.27666562,-75.57188953,3.79,1462.095,23.823,0.000,,24,36,,
T,2023-05-09 15:43:23,6.27666524,-75.57188829,3.79,1461.960,23.823,0.000,,24,36,,
T,2023-05-09 15:43:24,6.27666457,-75.57188792,3.79,1462.232,23.823,0.000,,23,36,,
T,2023-05-09 15:43:25,6.27666405,-75.57188680,3.79,1462.626,23.823,0.000,,23,36,,
T,2023-05-09 15:43:26,6.27666348,-75.57188657,3.79,1462.610,23.823,0.000,,22,36,,
T,2023-05-09 15:43:27,6.27666341,-75.57188579,3.79,1462.648,23.823,0.000,,21,36,,
T,2023-05-09 15:43:28,6.27666380,-75.57188498,3.79,1462.589,23.823,0.000,,21,36,,
T,2023-05-09 15:43:29,6.27666464,-75.57188348,3.79,1462.558,23.823,0.000,,21,36,,
T,2023-05-09 15:43:30,6.27666616,-75.57188241,3.79,1462.442,23.823,0.000,,22,36,,
T,2023-05-09 15:43:31,6.27666683,-75.57188237,3.79,1462.401,23.823,0.000,,21,35,,
T,2023-05-09 15:43:32,6.27666714,-75.57188246,3.79,1462.387,23.823,0.000,,22,36,,
T,2023-05-09 15:43:33,6.27666725,-75.57188241,3.79,1462.391,23.823,0.000,,22,36,,
T,2023-05-09 15:43:34,6.27666734,-75.57188236,3.79,1462.390,23.823,0.000,,22,36,,
T,2023-05-09 15:43:35,6.27666738,-75.57188233,3.79,1462.388,23.823,0.000,,22,36,,
T,2023-05-09 15:43:36,6.27666740,-75.57188231,3.79,1462.388,23.823,0.000,,23,36,,
T,2023-05-09 15:43:37,6.27666739,-75.57188231,3.79,1462.389,23.823,0.000,,23,36,,
T,2023-05-09 15:43:38,6.27667224,-75.57188383,3.79,1462.119,23.823,0.640,343,23,36,,
T,2023-05-09 15:43:39,6.27669412,-75.57189289,3.79,1461.730,23.823,2.640,337,23,36,,
T,2023-05-09 15:43:40,6.27673028,-75.57191218,3.79,1462.153,23.823,4.430,337,23,36,,
T,2023-05-09 15:43:41,6.27678380,-75.57194833,3.79,1462.230,23.823,5.990,341,23,36,,
T,2023-05-09 15:43:42,6.27685128,-75.57198053,3.79,1462.412,23.823,7.830,346,24,36,,
T,2023-05-09 15:43:43,6.27693069,-75.57200593,3.79,1462.173,23.823,9.150,351,24,36,,
T,2023-05-09 15:43:44,6.27702455,-75.57202316,3.79,1462.339,23.823,10.390,354,25,36,,
T,2023-05-09 15:43:45,6.27712962,-75.57204041,3.79,1462.340,23.822,11.730,355,25,36,,
T,2023-05-09 15:43:46,6.27724439,-75.57205111,3.79,1462.004,23.822,12.760,358,25,36,,
T,2023-05-09 15:43:47,6.27736869,-75.57204949,3.79,1462.348,23.822,13.800,3,25,36,,
T,2023-05-09 15:43:48,6.27750301,-75.57204393,3.79,1462.619,23.822,14.940,3,26,36,,
T,2023-05-09 15:43:49,6.27763704,-75.57204231,3.79,1462.975,23.821,15.090,5,24,36,,
T,2023-05-09 15:43:50,6.27777201,-75.57204768,3.79,1462.453,23.821,14.990,7,24,36,,
T,2023-05-09 15:43:51,6.27790664,-75.57204488,3.79,1462.650,23.821,15.110,3,25,36,,
T,2023-05-09 15:43:52,6.27803522,-75.57204779,3.79,1462.365,23.820,14.410,2,25,36,,
T,2023-05-09 15:43:53,6.27815816,-75.57204576,3.79,1462.540,23.820,13.500,2,26,36,,
T,2023-05-09 15:43:54,6.27827274,-75.57203999,3.79,1462.703,23.820,12.550,6,28,36,,
T,2023-05-09 15:43:55,6.27838246,-75.57202841,3.79,1462.546,23.820,12.190,5,28,36,,
T,2023-05-09 15:43:56,6.27848521,-75.57202444,3.79,1462.460,23.819,11.520,1,28,36,,
T,2023-05-09 15:43:57,6.27857454,-75.57202410,3.79,1462.184,23.819,10.270,3,28,36,,
T,2023-05-09 15:43:58,6.27867478,-75.57201134,3.79,1462.578,23.819,10.820,6,28,36,,
T,2023-05-09 15:43:59,6.27877324,-75.57200105,3.79,1462.682,23.818,10.930,4,28,36,,
T,2023-05-09 15:44:00,6.27886316,-75.57199449,3.79,1462.680,23.818,9.980,4,27,36,,
T,2023-05-09 15:44:01,6.27894877,-75.57198728,3.79,1462.424,23.818,9.450,3,28,36,,
T,2023-05-09 15:44:02,6.27903620,-75.57198830,3.79,1462.649,23.818,9.600,357,28,36,,
T,2023-05-09 15:44:03,6.27913550,-75.57199159,3.79,1462.389,23.818,10.720,357,27,36,,
T,2023-05-09 15:44:04,6.27924819,-75.57198712,3.79,1462.374,23.817,12.130,5,27,36,,
T,2023-05-09 15:44:05,6.27936996,-75.57197104,3.79,1462.348,23.817,13.340,11,27,36,,
T,2023-05-09 15:44:06,6.27948792,-75.57195656,3.79,1462.591,23.817,13.040,8,27,36,,
T,2023-05-09 15:44:07,6.27959964,-75.57194291,3.79,1463.110,23.816,12.460,9,27,36,,
T,2023-05-09 15:44:08,6.27971550,-75.57192642,3.79,1462.621,23.816,12.760,10,27,36,,
T,2023-05-09 15:44:09,6.27982364,-75.57190963,3.79,1462.280,23.816,12.060,8,26,36,,
T,2023-05-09 15:44:10,6.27993944,-75.57189512,3.79,1462.190,23.815,12.810,5,27,36,,
T,2023-05-09 15:44:11,6.28005428,-75.57188288,3.79,1462.229,23.815,12.610,5,27,36,,
T,2023-05-09 15:44:12,6.28014688,-75.57187583,3.79,1461.644,23.815,11.970,6,27,36,,
T,2023-05-09 15:44:13,6.28026481,-75.57186156,3.79,1461.756,23.814,12.570,7,28,36,,
T,2023-05-09 15:44:14,6.28038374,-75.57184673,3.79,1461.289,23.814,13.350,8,28,36,,
T,2023-05-09 15:44:15,6.28049365,-75.57183527,3.79,1460.818,23.814,12.640,6,28,36,,
T,2023-05-09 15:44:16,6.28061687,-75.57181753,3.79,1461.179,23.813,13.280,7,28,36,,
T,2023-05-09 15:44:17,6.28074474,-75.57179879,3.79,1461.200,23.813,14.000,8,28,36,,
T,2023-05-09 15:44:18,6.28086499,-75.57178419,3.79,1461.586,23.813,13.410,6,27,36,,
T,2023-05-09 15:44:19,6.28098774,-75.57176844,3.79,1462.295,23.812,14.200,6,26,36,,
T,2023-05-09 15:44:20,6.28111576,-75.57175806,3.79,1462.378,23.812,13.950,6,26,36,,
T,2023-05-09 15:44:21,6.28124485,-75.57174378,3.79,1462.707,23.811,14.390,8,26,36,,
T,2023-05-09 15:44:22,6.28137750,-75.57171708,3.79,1463.854,23.811,14.850,12,26,36,,
T,2023-05-09 15:44:23,6.28151104,-75.57168764,3.79,1464.531,23.811,14.770,12,26,36,,
T,2023-05-09 15:44:24,6.28163770,-75.57165793,3.79,1465.284,23.810,14.370,13,26,36,,
T,2023-05-09 15:44:25,6.28175470,-75.57162420,3.79,1465.628,23.810,13.440,16,27,36,,
T,2023-05-09 15:44:26,6.28188318,-75.57158880,3.79,1466.382,23.809,14.180,15,27,36,,
T,2023-05-09 15:44:27,6.28201379,-75.57154777,3.79,1467.427,23.809,15.000,18,26,37,,
T,2023-05-09 15:44:28,6.28214219,-75.57149930,3.79,1468.082,23.808,15.210,25,27,37,,
T,2023-05-09 15:44:29,6.28227536,-75.57144987,3.79,1468.799,23.808,15.480,21,27,37,,
T,2023-05-09 15:44:30,6.28241154,-75.57140026,3.79,1469.589,23.807,15.990,19,28,37,,
T,2023-05-09 15:44:31,6.28255151,-75.57135278,3.79,1470.510,23.806,16.150,17,27,37,,
T,2023-05-09 15:44:32,6.28269160,-75.57130688,3.79,1471.234,23.806,16.410,18,27,37,,
T,2023-05-09 15:44:33,6.28282737,-75.57126528,3.79,1471.781,23.805,15.610,18,26,37,,
T,2023-05-09 15:44:34,6.28296437,-75.57122109,3.79,1472.632,23.805,15.980,18,26,37,,
T,2023-05-09 15:44:35,6.28309815,-75.57118332,3.79,1473.555,23.804,15.400,15,26,37,,
T,2023-05-09 15:44:36,6.28323671,-75.57114443,3.79,1473.942,23.804,15.700,15,27,37,,
T,2023-05-09 15:44:37,6.28336962,-75.57110793,3.79,1474.585,23.803,15.570,16,27,37,,
T,2023-05-09 15:44:38,6.28350430,-75.57106453,3.79,1475.322,23.803,15.710,23,27,37,,
T,2023-05-09 15:44:39,6.28364622,-75.57101950,3.79,1475.631,23.802,16.240,23,26,37,,
T,2023-05-09 15:44:40,6.28379278,-75.57097777,3.79,1475.842,23.802,16.590,19,26,37,,
T,2023-05-09 15:44:41,6.28393356,-75.57094118,3.79,1476.148,23.801,16.150,18,26,37,,
T,2023-05-09 15:44:42,6.28406325,-75.57090083,3.79,1476.712,23.801,15.160,20,27,37,,
T,2023-05-09 15:44:43,6.28419083,-75.57086168,3.79,1476.777,23.800,14.770,20,27,37,,
T,2023-05-09 15:44:44,6.28431909,-75.57081855,3.79,1476.483,23.800,15.270,17,27,37,,
T,2023-05-09 15:44:45,6.28445374,-75.57078188,3.79,1476.120,23.799,15.300,19,27,37,,
T,2023-05-09 15:44:46,6.28459579,-75.57073825,3.79,1476.451,23.799,16.310,19,27,37,,
T,2023-05-09 15:44:47,6.28473432,-75.57068949,3.79,1476.827,23.798,16.210,18,27,38,,
T,2023-05-09 15:44:48,6.28487811,-75.57063997,3.79,1476.922,23.797,16.690,19,27,38,,
T,2023-05-09 15:44:49,6.28502355,-75.57058522,3.79,1476.979,23.797,16.960,21,27,38,,
T,2023-05-09 15:44:50,6.28517345,-75.57053038,3.79,1477.450,23.796,17.690,19,27,38,,
T,2023-05-09 15:44:51,6.28533332,-75.57047757,3.79,1477.224,23.796,18.360,21,26,38,,
T,2023-05-09 15:44:52,6.28550063,-75.57042183,3.79,1477.071,23.795,19.280,19,26,38,,
T,2023-05-09 15:44:53,6.28567698,-75.57036090,3.79,1477.182,23.794,20.290,23,26,38,,
T,2023-05-09 15:44:54,6.28585822,-75.57030047,3.79,1477.341,23.793,21.100,18,26,38,,
T,2023-05-09 15:44:55,6.28604355,-75.57024039,3.79,1477.813,23.793,21.420,18,26,38,,
T,2023-05-09 15:44:56,6.28623199,-75.57018063,3.79,1478.220,23.792,21.540,17,26,38,,
T,2023-05-09 15:44:57,6.28642259,-75.57011870,3.79,1479.452,23.791,21.970,18,25,38,,
T,2023-05-09 15:44:58,6.28661284,-75.57005791,3.79,1480.463,23.790,21.940,17,25,38,,
T,2023-05-09 15:44:59,6.28679983,-75.56999742,3.79,1481.387,23.790,21.770,20,25,38,,
T,2023-05-09 15:45:00,6.28698268,-75.56993672,3.79,1482.115,23.789,21.290,20,26,38,,
T,2023-05-09 15:45:01,6.28714247,-75.56988682,3.79,1482.479,23.788,20.030,14,26,38,,
T,2023-05-09 15:45:02,6.28731048,-75.56983645,3.79,1483.816,23.788,19.260,16,26,38,,
T,2023-05-09 15:45:03,6.28745592,-75.56979401,3.79,1484.724,23.787,16.960,16,26,38,,
T,2023-05-09 15:45:04,6.28758890,-75.56975179,3.79,1485.170,23.787,15.440,15,28,38,,
T,2023-05-09 15:45:05,6.28772368,-75.56971324,3.79,1485.840,23.786,15.500,14,28,38,,
T,2023-05-09 15:45:06,6.28785677,-75.56967548,3.79,1487.017,23.786,15.140,12,28,38,,
T,2023-05-09 15:45:07,6.28798866,-75.56963628,3.79,1487.918,23.785,14.970,13,29,38,,
T,2023-05-09 15:45:08,6.28812354,-75.56959776,3.79,1489.390,23.785,14.920,15,29,38,,
T,2023-05-09 15:45:09,6.28825397,-75.56956209,3.79,1490.049,23.784,14.860,14,29,38,,
T,2023-05-09 15:45:10,6.28839055,-75.56951854,3.79,1490.333,23.784,15.630,15,29,38,,
T,2023-05-09 15:45:11,6.28852089,-75.56947139,3.79,1491.722,23.783,15.790,19,29,38,,
T,2023-05-09 15:45:12,6.28866017,-75.56941798,3.79,1492.191,23.782,16.340,22,28,38,,
T,2023-05-09 15:45:13,6.28880597,-75.56936357,3.79,1493.168,23.782,16.760,20,29,38,,
T,2023-05-09 15:45:14,6.28895572,-75.56931111,3.79,1494.369,23.781,17.610,20,29,38,,
T,2023-05-09 15:45:15,6.28911008,-75.56926019,3.79,1495.327,23.781,18.140,19,27,38,,
T,2023-05-09 15:45:16,6.28927388,-75.56921311,3.79,1496.279,23.780,18.800,17,27,38,,
T,2023-05-09 15:45:17,6.28944210,-75.56916150,3.79,1497.327,23.779,19.380,16,27,38,,
T,2023-05-09 15:45:18,6.28961528,-75.56910625,3.79,1498.386,23.779,19.930,19,27,38,,
T,2023-05-09 15:45:19,6.28979443,-75.56904710,3.79,1499.729,23.778,20.540,18,27,38,,
T,2023-05-09 15:45:20,6.28996904,-75.56899269,3.79,1500.888,23.777,20.190,17,27,38,,
T,2023-05-09 15:45:21,6.29013825,-75.56893577,3.79,1501.982,23.777,19.810,18,27,38,,
T,2023-05-09 15:45:22,6.29030500,-75.56887643,3.79,1503.014,23.776,19.590,20,26,38,,
T,2023-05-09 15:45:23,6.29047262,-75.56881580,3.79,1503.938,23.775,19.690,20,26,38,,
T,2023-05-09 15:45:24,6.29064168,-75.56876254,3.79,1504.159,23.774,19.690,17,26,38,,
T,2023-05-09 15:45:25,6.29081689,-75.56870854,3.79,1504.577,23.774,20.120,19,26,38,,
T,2023-05-09 15:45:26,6.29099214,-75.56865450,3.79,1505.164,23.773,20.220,17,26,38,,
T,2023-05-09 15:45:27,6.29116531,-75.56860318,3.79,1505.618,23.772,19.960,18,25,38,,
T,2023-05-09 15:45:28,6.29134459,-75.56854581,3.79,1506.406,23.772,20.640,19,25,38,,
T,2023-05-09 15:45:29,6.29151228,-75.56848493,3.79,1506.582,23.771,20.050,17,26,38,,
T,2023-05-09 15:45:30,6.29167345,-75.56843715,3.79,1507.504,23.770,18.720,15,26,38,,
T,2023-05-09 15:45:31,6.29183495,-75.56838771,3.79,1508.731,23.770,18.600,17,27,38,,
T,2023-05-09 15:45:32,6.29200082,-75.56833702,3.79,1509.806,23.769,19.060,16,27,38,,
T,2023-05-09 15:45:33,6.29216155,-75.56828283,3.79,1510.688,23.768,18.690,18,27,38,,
T,2023-05-09 15:45:34,6.29232750,-75.56821698,3.79,1511.289,23.768,19.380,20,28,38,,
T,2023-05-09 15:45:35,6.29250726,-75.56814743,3.79,1512.538,23.767,20.700,22,28,38,,
T,2023-05-09 15:45:36,6.29268764,-75.56808042,3.79,1513.443,23.766,21.110,20,28,38,,
T,2023-05-09 15:45:37,6.29287723,-75.56801538,3.79,1514.892,23.765,21.870,19,28,38,,
T,2023-05-09 15:45:38,6.29306975,-75.56795406,3.79,1515.721,23.765,22.200,18,28,38,,
T,2023-05-09 15:45:39,6.29325072,-75.56789924,3.79,1515.225,23.764,22.720,20,27,38,,
T,2023-05-09 15:45:40,6.29345288,-75.56783971,3.79,1516.491,23.763,23.190,18,25,38,,
T,2023-05-09 15:45:41,6.29364731,-75.56778437,3.79,1517.021,23.762,21.960,23,24,38,,
T,2023-05-09 15:45:42,6.29383801,-75.56772837,3.79,1517.925,23.762,21.450,18,25,38,,
T,2023-05-09 15:45:43,6.29402842,-75.56767373,3.79,1518.624,23.761,21.770,18,25,38,,
T,2023-05-09 15:45:44,6.29421257,-75.56762061,3.79,1519.685,23.760,20.980,19,26,38,,
T,2023-05-09 15:45:45,6.29438853,-75.56756890,3.79,1520.972,23.760,19.530,17,26,38,,
T,2023-05-09 15:45:46,6.29454239,-75.56752778,3.79,1522.211,23.759,17.430,17,26,38,,
T,2023-05-09 15:45:47,6.29468008,-75.56748800,3.79,1522.802,23.759,15.740,16,27,38,,
T,2023-05-09 15:45:48,6.29480440,-75.56745413,3.79,1523.631,23.758,14.430,15,27,38,,
T,2023-05-09 15:45:49,6.29492425,-75.56741556,3.79,1524.606,23.758,13.900,15,27,38,,
T,2023-05-09 15:45:50,6.29503109,-75.56738887,3.79,1525.992,23.757,11.710,13,28,38,,
T,2023-05-09 15:45:51,6.29512096,-75.56736211,3.79,1526.787,23.757,10.760,15,29,38,,
T,2023-05-09 15:45:52,6.29520332,-75.56733753,3.79,1527.119,23.757,9.870,14,29,38,,
T,2023-05-09 15:45:53,6.29526913,-75.56731816,3.79,1527.782,23.756,8.040,13,29,38,,
T,2023-05-09 15:45:54,6.29532876,-75.56729922,3.79,1528.102,23.756,6.690,14,29,38,,
T,2023-05-09 15:45:55,6.29538155,-75.56728124,3.79,1528.555,23.756,6.070,16,29,38,,
T,2023-05-09 15:45:56,6.29542922,-75.56726136,3.79,1529.009,23.756,5.390,17,29,38,,
T,2023-05-09 15:45:57,6.29546122,-75.56724988,3.79,1528.345,23.756,4.730,17,26,38,,
T,2023-05-09 15:45:58,6.29550038,-75.56723589,3.79,1528.841,23.755,4.740,13,25,38,,
T,2023-05-09 15:45:59,6.29553804,-75.56722842,3.79,1528.546,23.755,4.760,15,26,38,,
T,2023-05-09 15:46:00,6.29557729,-75.56721689,3.79,1528.512,23.755,4.520,16,26,38,,
T,2023-05-09 15:46:01,6.29562499,-75.56720255,3.79,1528.793,23.755,5.300,15,27,38,,
T,2023-05-09 15:46:02,6.29567165,-75.56718749,3.79,1528.910,23.755,5.150,18,27,38,,
T,2023-05-09 15:46:03,6.29571844,-75.56717372,3.79,1528.948,23.755,5.370,12,27,38,,
T,2023-05-09 15:46:04,6.29576833,-75.56715822,3.79,1528.965,23.754,5.630,11,27,38,,
T,2023-05-09 15:46:05,6.29581809,-75.56714512,3.79,1529.120,23.754,5.400,12,27,38,,
T,2023-05-09 15:46:06,6.29586860,-75.56712829,3.79,1529.207,23.754,5.490,16,27,38,,
T,2023-05-09 15:46:07,6.29591981,-75.56711513,3.79,1529.294,23.754,5.740,14,27,38,,
T,2023-05-09 15:46:08,6.29596569,-75.56710173,3.79,1529.226,23.754,5.290,14,28,38,,
T,2023-05-09 15:46:09,6.29600390,-75.56708931,3.79,1529.350,23.753,4.420,19,29,38,,
T,2023-05-09 15:46:10,6.29604958,-75.56707672,3.79,1529.312,23.753,5.220,14,29,38,,
T,2023-05-09 15:46:11,6.29610088,-75.56706045,3.79,1529.204,23.753,5.910,19,29,38,,
T,2023-05-09 15:46:12,6.29615711,-75.56704090,3.79,1529.026,23.753,6.170,19,29,38,,
T,2023-05-09 15:46:13,6.29622253,-75.56701901,3.79,1529.558,23.753,7.130,17,29,38,,
T,2023-05-09 15:46:14,6.29628970,-75.56700030,3.79,1529.308,23.752,7.890,15,28,38,,
T,2023-05-09 15:46:15,6.29636887,-75.56697583,3.79,1529.042,23.752,8.790,17,28,38,,
T,2023-05-09 15:46:16,6.29644715,-75.56695386,3.79,1528.694,23.752,8.950,18,27,38,,
T,2023-05-09 15:46:17,6.29652278,-75.56692839,3.79,1528.378,23.751,8.630,17,28,38,,
T,2023-05-09 15:46:18,6.29659451,-75.56690334,3.79,1528.038,23.751,8.220,20,27,38,,
T,2023-05-09 15:46:19,6.29666398,-75.56688002,3.79,1528.059,23.751,8.170,18,27,38,,
T,2023-05-09 15:46:20,6.29673428,-75.56685179,3.79,1528.068,23.751,9.070,21,29,38,,
T,2023-05-09 15:46:21,6.29682296,-75.56681884,3.79,1527.999,23.750,10.230,20,29,38,,
T,2023-05-09 15:46:22,6.29691422,-75.56678931,3.79,1528.143,23.750,10.470,19,29,38,,
T,2023-05-09 15:46:23,6.29700824,-75.56675684,3.79,1528.714,23.749,10.910,18,29,38,,
T,2023-05-09 15:46:24,6.29709494,-75.56672810,3.79,1528.386,23.749,10.330,18,29,38,,
T,2023-05-09 15:46:25,6.29718474,-75.56670450,3.79,1528.487,23.749,10.350,16,28,38,,
T,2023-05-09 15:46:26,6.29727684,-75.56667780,3.79,1528.589,23.748,10.600,19,28,38,,
T,2023-05-09 15:46:27,6.29737198,-75.56664477,3.79,1528.749,23.748,11.020,19,28,38,,
T,2023-05-09 15:46:28,6.29747641,-75.56660772,3.79,1528.616,23.748,12.020,21,28,38,,
T,2023-05-09 15:46:29,6.29758991,-75.56656695,3.79,1528.521,23.747,13.060,23,25,38,,
T,2023-05-09 15:46:30,6.29771327,-75.56652598,3.79,1528.486,23.747,14.300,20,25,38,,
T,2023-05-09 15:46:31,6.29783683,-75.56648524,3.79,1528.266,23.746,14.200,19,26,38,,
T,2023-05-09 15:46:32,6.29796551,-75.56644186,3.79,1528.176,23.746,14.850,21,26,38,,
T,2023-05-09 15:46:33,6.29810073,-75.56639212,3.79,1528.055,23.745,15.740,21,26,38,,
T,2023-05-09 15:46:34,6.29822758,-75.56634469,3.79,1527.786,23.745,15.100,22,26,38,,
T,2023-05-09 15:46:35,6.29834890,-75.56629513,3.79,1527.599,23.744,14.470,25,26,38,,
T,2023-05-09 15:46:36,6.29846954,-75.56623743,3.79,1527.695,23.743,14.950,27,26,38,,
T,2023-05-09 15:46:37,6.29858777,-75.56617259,3.79,1527.598,23.743,14.930,31,26,38,,
T,2023-05-09 15:46:38,6.29869966,-75.56609960,3.79,1527.445,23.742,14.620,40,26,38,,
T,2023-05-09 15:46:39,6.29881513,-75.56602134,3.79,1527.731,23.741,14.980,36,25,38,,
T,2023-05-09 15:46:40,6.29892831,-75.56595016,3.79,1528.782,23.741,14.010,37,26,38,,
T,2023-05-09 15:46:41,6.29902465,-75.56587827,3.79,1528.373,23.740,13.260,38,27,38,,
T,2023-05-09 15:46:42,6.29912019,-75.56580728,3.79,1529.129,23.740,12.800,39,27,38,,
T,2023-05-09 15:46:43,6.29921412,-75.56573230,3.79,1529.304,23.739,13.280,40,27,38,,
T,2023-05-09 15:46:44,6.29929880,-75.56564717,3.79,1529.598,23.738,13.410,45,27,38,,
T,2023-05-09 15:46:45,6.29939211,-75.56555400,3.79,1529.012,23.738,14.320,46,27,38,,
T,2023-05-09 15:46:46,6.29948582,-75.56545594,3.79,1529.141,23.737,14.880,47,27,38,,
T,2023-05-09 15:46:47,6.29959774,-75.56534954,3.79,1529.517,23.736,16.490,46,26,38,,
T,2023-05-09 15:46:48,6.29971472,-75.56523999,3.79,1529.488,23.735,17.470,46,27,38,,
T,2023-05-09 15:46:49,6.29983253,-75.56512280,3.79,1528.898,23.735,18.180,47,27,38,,
T,2023-05-09 15:46:50,6.29994991,-75.56501014,3.79,1528.395,23.734,17.820,51,27,38,,
T,2023-05-09 15:46:51,6.30006158,-75.56489568,3.79,1528.204,23.733,17.530,48,26,38,,
T,2023-05-09 15:46:52,6.30017418,-75.56478017,3.79,1528.135,23.732,17.860,48,26,38,,
T,2023-05-09 15:46:53,6.30029574,-75.56466454,3.79,1527.498,23.731,18.050,48,27,38,,
T,2023-05-09 15:46:54,6.30042146,-75.56455017,3.79,1527.738,23.730,18.600,46,25,38,,
T,2023-05-09 15:46:55,6.30055237,-75.56443597,3.79,1527.398,23.729,18.850,44,25,38,,
T,2023-05-09 15:46:56,6.30067806,-75.56432649,3.79,1526.059,23.728,18.760,44,26,38,,
T,2023-05-09 15:46:57,6.30080068,-75.56421349,3.79,1525.583,23.728,18.420,43,26,38,,
T,2023-05-09 15:46:58,6.30092273,-75.56410962,3.79,1524.812,23.727,17.640,40,27,38,,
T,2023-05-09 15:46:59,6.30104257,-75.56401375,3.79,1524.905,23.726,17.140,37,26,38,,
T,2023-05-09 15:47:00,6.30116466,-75.56392787,3.79,1524.259,23.725,16.510,33,24,38,,
T,2023-05-09 15:47:01,6.30127919,-75.56385624,3.79,1523.596,23.725,15.180,30,24,38,,
T,2023-05-09 15:47:02,6.30138888,-75.56379673,3.79,1522.710,23.724,13.970,27,24,38,,
T,2023-05-09 15:47:03,6.30148481,-75.56374088,3.79,1522.765,23.724,12.550,29,25,38,,
T,2023-05-09 15:47:04,6.30156936,-75.56368444,3.79,1522.702,23.723,11.490,33,25,38,,
T,2023-05-09 15:47:05,6.30164396,-75.56362659,3.79,1522.179,23.723,10.090,42,25,38,,
T,2023-05-09 15:47:06,6.30170437,-75.56355999,3.79,1521.636,23.722,9.670,49,25,38,,
T,2023-05-09 15:47:07,6.30175681,-75.56347989,3.79,1520.782,23.722,10.060,58,25,38,,
T,2023-05-09 15:47:08,6.30180226,-75.56339553,3.79,1520.186,23.721,10.430,61,23,38,,
T,2023-05-09 15:47:09,6.30184453,-75.56331545,3.79,1518.690,23.721,10.310,67,22,38,,
T,2023-05-09 15:47:10,6.30187648,-75.56323393,3.79,1518.004,23.720,9.730,70,26,38,,
T,2023-05-09 15:47:11,6.30189607,-75.56315118,3.79,1517.765,23.720,9.370,78,26,38,,
T,2023-05-09 15:47:12,6.30191425,-75.56306636,3.79,1516.869,23.719,9.030,86,26,38,,
T,2023-05-09 15:47:13,6.30190704,-75.56298553,3.79,1517.228,23.719,8.620,95,27,38,,
T,2023-05-09 15:47:14,6.30188770,-75.56292385,3.79,1515.845,23.718,7.570,102,28,38,,
T,2023-05-09 15:47:15,6.30186833,-75.56286317,3.79,1514.897,23.718,6.900,112,28,38,,
T,2023-05-09 15:47:16,6.30184340,-75.56281963,3.79,1514.087,23.718,5.660,116,28,38,,
T,2023-05-09 15:47:17,6.30182279,-75.56279000,3.79,1512.680,23.718,4.190,111,28,38,,
T,2023-05-09 15:47:18,6.30181040,-75.56276202,3.79,1511.780,23.718,3.230,96,29,38,,
T,2023-05-09 15:47:19,6.30181043,-75.56273551,3.79,1511.627,23.718,3.010,71,28,38,,
T,2023-05-09 15:47:20,6.30182663,-75.56270238,3.79,1510.114,23.717,3.670,56,28,38,,
T,2023-05-09 15:47:21,6.30185992,-75.56267850,3.79,1510.205,23.717,3.740,22,28,38,,
T,2023-05-09 15:47:22,6.30191257,-75.56267288,3.79,1507.969,23.717,5.390,3,29,38,,
T,2023-05-09 15:47:23,6.30197750,-75.56266710,3.79,1507.543,23.717,6.670,2,27,38,,
T,2023-05-09 15:47:24,6.30205879,-75.56264821,4.00,1506.475,23.717,7.850,6,28,38,,
T,2023-05-09 15:47:25,6.30216859,-75.56264462,3.99,1505.823,23.716,10.270,8,28,38,,
T,2023-05-09 15:47:26,6.30227227,-75.56263642,4.15,1504.872,23.716,10.750,8,29,38,,
T,2023-05-09 15:47:27,6.30237753,-75.56262664,4.20,1505.183,23.716,11.030,5,29,38,,
T,2023-05-09 15:47:28,6.30245734,-75.56261764,4.05,1502.838,23.715,10.160,13,25,38,,
T,2023-05-09 15:47:29,6.30254310,-75.56258861,3.96,1501.653,23.715,10.030,23,25,38,,
T,2023-05-09 15:47:30,6.30261929,-75.56254689,3.85,1500.652,23.715,9.380,37,25,38,,
T,2023-05-09 15:47:31,6.30267695,-75.56248664,3.79,1500.643,23.714,9.010,58,25,38,,
T,2023-05-09 15:47:32,6.30272096,-75.56240702,3.79,1499.403,23.714,9.890,66,25,38,,
T,2023-05-09 15:47:33,6.30276944,-75.56231847,9.94,1499.889,23.713,11.280,65,27,38,,
T,2023-05-09 15:47:34,6.30281420,-75.56222030,9.94,1499.770,23.713,11.660,67,27,38,,
T,2023-05-09 15:47:35,6.30285950,-75.56212822,9.94,1499.902,23.712,11.050,67,27,38,,
T,2023-05-09 15:47:36,6.30288911,-75.56203362,9.94,1498.800,23.711,10.100,71,28,38,,
T,2023-05-09 15:47:37,6.30290032,-75.56194864,9.94,1499.392,23.711,9.370,85,29,38,,
T,2023-05-09 15:47:38,6.30290493,-75.56186587,9.94,1499.500,23.711,9.150,88,29,38,,
T,2023-05-09 15:47:39,6.30290837,-75.56178616,10.07,1499.301,23.710,8.840,89,29,38,,
T,2023-05-09 15:47:40,6.30290945,-75.56170314,10.46,1498.818,23.710,8.980,91,29,37,,
T,2023-05-09 15:47:41,6.30291880,-75.56162079,10.58,1498.692,23.709,8.780,83,29,38,,
T,2023-05-09 15:47:42,6.30292617,-75.56155169,10.74,1498.427,23.709,7.850,84,28,38,,
T,2023-05-09 15:47:43,6.30294899,-75.56148935,10.18,1496.545,23.708,6.990,84,28,38,,
T,2023-05-09 15:47:44,6.30295469,-75.56144028,9.94,1495.848,23.708,5.820,86,29,38,,
T,2023-05-09 15:47:45,6.30296629,-75.56139601,9.99,1495.280,23.708,4.220,78,29,38,,
T,2023-05-09 15:47:46,6.30297245,-75.56136716,9.94,1495.685,23.708,2.800,71,29,38,,
T,2023-05-09 15:47:47,6.30297303,-75.56134980,9.94,1495.841,23.708,1.560,62,29,38,,
T,2023-05-09 15:47:48,6.30297857,-75.56133601,9.94,1495.880,23.708,1.500,42,29,38,,
T,2023-05-09 15:47:49,6.30299360,-75.56132775,9.94,1497.311,23.708,1.190,34,29,38,,
T,2023-05-09 15:47:50,6.30301350,-75.56131652,9.94,1496.839,23.707,2.510,25,29,38,,
T,2023-05-09 15:47:51,6.30304590,-75.56131129,9.94,1496.198,23.707,3.650,5,29,38,,
T,2023-05-09 15:47:52,6.30310656,-75.56131451,9.94,1495.820,23.707,5.640,351,29,38,,
T,2023-05-09 15:47:53,6.30318343,-75.56134042,9.94,1495.153,23.707,7.700,340,29,38,,
T,2023-05-09 15:47:54,6.30325995,-75.56137227,9.94,1493.603,23.707,9.090,333,29,38,,
T,2023-05-09 15:47:55,6.30335357,-75.56141418,10.40,1493.659,23.707,10.230,333,29,38,,
T,2023-05-09 15:47:56,6.30345145,-75.56144454,10.63,1492.482,23.707,11.020,341,28,38,,
T,2023-05-09 15:47:57,6.30354351,-75.56148262,10.62,1492.718,23.707,10.940,340,23,38,,
T,2023-05-09 15:47:58,6.30365767,-75.56152665,10.58,1492.354,23.707,12.100,339,22,38,,
T,2023-05-09 15:47:59,6.30377893,-75.56157382,10.65,1492.813,23.707,13.570,339,21,38,,
T,2023-05-09 15:48:00,6.30388501,-75.56161616,10.79,1492.737,23.707,12.750,337,20,38,,
T,2023-05-09 15:48:01,6.30398390,-75.56166128,10.92,1492.768,23.707,12.460,332,19,38,,
T,2023-05-09 15:48:02,6.30407012,-75.56172118,10.94,1492.806,23.707,11.250,323,19,38,,
T,2023-05-09 15:48:03,6.30414592,-75.56178932,10.76,1493.250,23.707,10.800,310,19,38,,
T,2023-05-09 15:48:04,6.30423613,-75.56189748,10.20,1494.845,23.708,11.420,294,20,38,,
T,2023-05-09 15:48:05,6.30425660,-75.56202605,10.29,1493.561,23.708,11.350,285,25,38,,
T,2023-05-09 15:48:06,6.30428163,-75.56213331,10.49,1496.328,23.709,11.320,273,27,38,,
T,2023-05-09 15:48:07,6.30427860,-75.56227345,10.27,1497.948,23.710,13.080,262,27,38,,
T,2023-05-09 15:48:08,6.30422977,-75.56237961,10.15,1499.001,23.710,12.630,249,28,38,,
T,2023-05-09 15:48:09,6.30417309,-75.56248339,9.98,1500.951,23.711,12.700,234,28,38,,
T,2023-05-09 15:48:10,6.30409996,-75.56256981,9.96,1501.125,23.711,12.200,227,28,38,,
T,2023-05-09 15:48:11,6.30403588,-75.56264227,9.94,1501.710,23.712,10.390,220,26,38,,
T,2023-05-09 15:48:12,6.30397822,-75.56268752,9.94,1502.239,23.712,8.220,209,25,38,,
T,2023-05-09 15:48:13,6.30390917,-75.56272483,9.94,1502.818,23.713,8.560,202,25,38,,
T,2023-05-09 15:48:14,6.30383621,-75.56276743,9.94,1503.452,23.713,9.160,204,24,38,,
T,2023-05-09 15:48:15,6.30375190,-75.56281080,9.94,1504.034,23.714,10.070,198,23,38,,
T,2023-05-09 15:48:16,6.30365179,-75.56285837,9.94,1505.576,23.714,11.580,181,21,38,,
T,2023-05-09 15:48:17,6.30352868,-75.56290516,9.94,1506.538,23.715,13.620,183,27,38,,
T,2023-05-09 15:48:18,6.30340533,-75.56295083,9.94,1506.073,23.715,14.320,193,27,38,,
T,2023-05-09 15:48:19,6.30326624,-75.56300225,9.94,1507.463,23.716,15.630,193,27,38,,
T,2023-05-09 15:48:20,6.30311978,-75.56305135,9.94,1509.100,23.716,16.900,195,26,38,,
T,2023-05-09 15:48:21,6.30297208,-75.56310492,9.94,1510.099,23.717,17.050,197,26,38,,
T,2023-05-09 15:48:22,6.30284217,-75.56315799,9.94,1510.998,23.717,15.870,201,26,38,,
T,2023-05-09 15:48:23,6.30272360,-75.56320071,9.94,1511.194,23.718,14.370,196,24,38,,
T,2023-05-09 15:48:24,6.30262004,-75.56325490,9.94,1512.192,23.718,14.150,207,23,38,,
T,2023-05-09 15:48:25,6.30250278,-75.56331389,9.94,1512.580,23.719,14.650,204,24,38,,
T,2023-05-09 15:48:26,6.30237906,-75.56337480,9.94,1513.125,23.720,15.080,208,23,38,,
T,2023-05-09 15:48:27,6.30225342,-75.56344149,9.94,1514.066,23.720,15.670,207,23,38,,
T,2023-05-09 15:48:28,6.30211260,-75.56351289,9.94,1515.215,23.721,16.160,210,24,38,,
T,2023-05-09 15:48:29,6.30198372,-75.56358507,3.79,1516.236,23.722,16.100,209,23,38,,
T,2023-05-09 15:48:30,6.30186237,-75.56365307,3.79,1516.763,23.722,15.260,209,23,38,,
T,2023-05-09 15:48:31,6.30174321,-75.56371428,3.79,1517.323,23.723,14.750,206,23,38,,
T,2023-05-09 15:48:32,6.30163438,-75.56377272,3.79,1517.694,23.723,13.630,209,23,38,,
T,2023-05-09 15:48:33,6.30154790,-75.56382476,3.79,1518.140,23.724,11.500,215,23,38,,
T,2023-05-09 15:48:34,6.30149737,-75.56389219,3.79,1518.198,23.724,9.050,233,26,38,,
T,2023-05-09 15:48:35,6.30147935,-75.56394853,3.79,1518.869,23.725,6.770,253,27,38,,
T,2023-05-09 15:48:36,6.30149049,-75.56401113,3.79,1519.753,23.725,6.990,286,27,38,,
T,2023-05-09 15:48:37,6.30152095,-75.56406942,3.79,1520.242,23.725,7.090,296,27,38,,
T,2023-05-09 15:48:38,6.30154615,-75.56411735,3.79,1521.054,23.725,6.110,294,27,38,,
T,2023-05-09 15:48:39,6.30158012,-75.56417913,3.79,1521.461,23.726,7.290,289,27,38,,
T,2023-05-09 15:48:40,6.30161959,-75.56426221,3.79,1521.939,23.726,9.500,291,27,38,,
T,2023-05-09 15:48:41,6.30166008,-75.56434836,3.79,1522.600,23.726,10.390,289,27,38,,
T,2023-05-09 15:48:42,6.30170875,-75.56444521,3.79,1523.272,23.727,11.680,292,27,38,,
T,2023-05-09 15:48:43,6.30176368,-75.56453940,3.79,1523.975,23.727,12.110,295,26,38,,
T,2023-05-09 15:48:44,6.30180701,-75.56464326,3.79,1524.837,23.727,12.060,294,26,38,,
T,2023-05-09 15:48:45,6.30185442,-75.56474846,3.79,1526.673,23.728,12.540,293,25,38,,
T,2023-05-09 15:48:46,6.30188696,-75.56484568,3.79,1527.987,23.728,11.380,287,27,38,,
T,2023-05-09 15:48:47,6.30190733,-75.56495730,3.79,1528.847,23.729,11.900,280,27,38,,
T,2023-05-09 15:48:48,6.30191571,-75.56506470,3.79,1529.524,23.729,12.090,274,28,37,,
T,2023-05-09 15:48:49,6.30192019,-75.56516194,3.80,1530.472,23.730,11.180,271,28,38,,
T,2023-05-09 15:48:50,6.30191804,-75.56525366,3.79,1530.432,23.730,10.480,269,28,38,,
T,2023-05-09 15:48:51,6.30192998,-75.56530580,3.79,1532.964,23.731,7.350,283,27,38,,
T,2023-05-09 15:48:52,6.30196309,-75.56535173,3.79,1532.749,23.731,6.400,315,28,38,,
T,2023-05-09 15:48:53,6.30203066,-75.56538231,3.79,1534.056,23.731,7.600,335,28,38,,
T,2023-05-09 15:48:54,6.30210351,-75.56541351,3.79,1535.212,23.731,8.500,336,26,38,,
T,2023-05-09 15:48:55,6.30218029,-75.56544399,3.79,1536.602,23.731,9.150,337,27,38,,
T,2023-05-09 15:48:56,6.30224660,-75.56546839,3.79,1537.353,23.731,7.850,344,27,38,,
T,2023-05-09 15:48:57,6.30231299,-75.56547507,3.79,1537.935,23.731,7.390,360,28,38,,
T,2023-05-09 15:48:58,6.30237211,-75.56547265,3.79,1537.682,23.731,6.770,7,28,38,,
T,2023-05-09 15:48:59,6.30242039,-75.56544454,3.79,1536.276,23.730,5.980,35,29,37,,
T,2023-05-09 15:49:00,6.30247362,-75.56539779,3.79,1534.553,23.730,7.700,45,28,38,,
T,2023-05-09 15:49:01,6.30254198,-75.56533515,3.79,1533.756,23.729,9.680,48,26,38,,
T,2023-05-09 15:49:02,6.30261181,-75.56527409,3.79,1533.366,23.729,10.270,45,26,38,,
T,2023-05-09 15:49:03,6.30269304,-75.56521333,3.79,1533.683,23.728,10.360,44,25,38,,
T,2023-05-09 15:49:04,6.30277220,-75.56515258,3.79,1533.074,23.728,10.870,38,26,38,,
T,2023-05-09 15:49:05,6.30286817,-75.56509674,3.79,1532.652,23.727,11.750,34,26,38,,
T,2023-05-09 15:49:06,6.30297016,-75.56504660,3.79,1533.217,23.727,12.430,29,26,38,,
T,2023-05-09 15:49:07,6.30307349,-75.56500050,3.79,1533.605,23.726,11.990,27,27,38,,
T,2023-05-09 15:49:08,6.30316567,-75.56495979,3.79,1533.997,23.726,11.330,26,27,38,,
T,2023-05-09 15:49:09,6.30326585,-75.56492593,3.79,1534.172,23.726,11.190,24,27,38,,
T,2023-05-09 15:49:10,6.30335718,-75.56488955,3.79,1534.136,23.725,10.580,22,28,38,,
T,2023-05-09 15:49:11,6.30343118,-75.56486219,3.79,1534.014,23.725,9.020,23,28,38,,
T,2023-05-09 15:49:12,6.30349132,-75.56484491,3.79,1534.139,23.725,6.930,18,28,38,,
T,2023-05-09 15:49:13,6.30352705,-75.56483974,3.79,1533.981,23.725,4.780,9,27,38,,
T,2023-05-09 15:49:14,6.30357190,-75.56483359,3.79,1534.470,23.724,3.270,24,27,38,,
T,2023-05-09 15:49:15,6.30358095,-75.56482641,3.79,1535.132,23.724,1.010,29,29,38,,
T,2023-05-09 15:49:16,6.30358718,-75.56482356,3.79,1536.261,23.724,0.000,,29,38,,
T,2023-05-09 15:49:17,6.30358438,-75.56483373,3.79,1536.125,23.724,0.000,,29,39,,
T,2023-05-09 15:49:18,6.30358218,-75.56483454,3.79,1536.282,23.724,0.000,,29,39,,
T,2023-05-09 15:49:19,6.30358384,-75.56483260,3.79,1536.079,23.724,0.000,,29,39,,
T,2023-05-09 15:49:20,6.30358437,-75.56483033,3.79,1535.591,23.724,0.000,,29,39,,
T,2023-05-09 15:49:21,6.30358664,-75.56483043,3.79,1535.528,23.724,0.000,,28,39,,
T,2023-05-09 15:49:22,6.30358770,-75.56483128,3.79,1535.624,23.724,0.000,,28,39,,
T,2023-05-09 15:49:23,6.30359130,-75.56483029,3.79,1535.349,23.724,0.000,,28,39,,
T,2023-05-09 15:49:24,6.30359041,-75.56483087,3.79,1535.274,23.724,0.000,,27,39,,
T,2023-05-09 15:49:25,6.30358930,-75.56483257,3.79,1535.412,23.724,0.000,,27,39,,
T,2023-05-09 15:49:26,6.30358800,-75.56483249,3.79,1535.142,23.724,0.000,,27,39,,
T,2023-05-09 15:49:27,6.30357904,-75.56482326,3.79,1535.033,23.724,0.750,120,26,39,,
T,2023-05-09 15:49:28,6.30357000,-75.56481554,3.79,1534.627,23.724,1.160,123,26,39,,
T,2023-05-09 15:49:29,6.30356416,-75.56480942,3.79,1534.482,23.724,0.880,116,27,39,,
T,2023-05-09 15:49:30,6.30355795,-75.56480091,3.79,1534.253,23.724,1.090,110,27,39,,
T,2023-05-09 15:49:31,6.30355157,-75.56479126,3.79,1534.298,23.724,1.130,118,27,39,,
T,2023-05-09 15:49:32,6.30354241,-75.56478385,3.79,1534.510,23.724,1.160,125,27,39,,
T,2023-05-09 15:49:33,6.30353532,-75.56477568,3.79,1534.290,23.724,0.830,125,27,39,,
T,2023-05-09 15:49:34,6.30353057,-75.56476805,3.79,1533.932,23.724,0.760,113,28,39,,
T,2023-05-09 15:49:35,6.30352555,-75.56475845,3.79,1534.701,23.724,0.800,109,28,39,,
T,2023-05-09 15:49:36,6.30352177,-75.56474841,3.79,1534.961,23.724,0.910,106,28,39,,
T,2023-05-09 15:49:37,6.30351821,-75.56473858,3.79,1534.408,23.724,0.930,115,27,39,,
T,2023-05-09 15:49:38,6.30351376,-75.56472987,3.79,1534.466,23.724,0.870,113,28,39,,
T,2023-05-09 15:49:39,6.30350817,-75.56471871,3.79,1535.253,23.724,1.020,122,28,39,,
T,2023-05-09 15:49:40,6.30350344,-75.56470913,3.79,1535.384,23.724,1.000,114,28,39,,
T,2023-05-09 15:49:41,6.30349737,-75.56469950,3.79,1535.800,23.724,1.100,117,28,39,,
T,2023-05-09 15:49:42,6.30349160,-75.56468996,3.79,1535.500,23.724,1.010,117,28,39,,
T,2023-05-09 15:49:43,6.30348789,-75.56468003,3.79,1534.841,23.724,0.940,112,27,39,,
T,2023-05-09 15:49:44,6.30348646,-75.56466924,3.79,1534.377,23.724,1.010,112,27,39,,
T,2023-05-09 15:49:45,6.30348370,-75.56465960,3.79,1534.098,23.724,0.950,113,28,39,,
T,2023-05-09 15:49:46,6.30348076,-75.56465035,3.79,1534.027,23.724,1.030,115,28,39,,
T,2023-05-09 15:49:47,6.30347916,-75.56464107,3.79,1534.015,23.724,0.940,108,28,39,,
T,2023-05-09 15:49:48,6.30347920,-75.56462897,3.79,1534.390,23.724,1.010,95,27,39,,
T,2023-05-09 15:49:49,6.30347824,-75.56461852,3.79,1533.954,23.724,0.950,107,27,39,,
T,2023-05-09 15:49:50,6.30347393,-75.56460831,3.79,1534.429,23.723,0.930,115,27,39,,
T,2023-05-09 15:49:51,6.30347255,-75.56459521,3.79,1533.731,23.723,1.140,92,27,39,,
T,2023-05-09 15:49:52,6.30347416,-75.56458421,3.79,1532.820,23.723,0.990,82,27,39,,
T,2023-05-09 15:49:53,6.30347445,-75.56457515,3.79,1532.449,23.723,0.860,94,27,39,,
T,2023-05-09 15:49:54,6.30347396,-75.56456751,3.79,1532.433,23.723,0.780,97,27,39,,
T,2023-05-09 15:49:55,6.30347521,-75.56455926,3.79,1532.007,23.723,0.860,84,27,39,,
T,2023-05-09 15:49:56,6.30347667,-75.56455383,3.79,1531.695,23.723,0.570,77,26,39,,
T,2023-05-09 15:49:57,6.30347630,-75.56455129,3.79,1530.934,23.723,0.320,98,27,39,,
T,2023-05-09 15:49:58,6.30347448,-75.56454794,3.79,1530.944,23.723,0.550,110,27,39,,
T,2023-05-09 15:49:59,6.30347361,-75.56454549,3.79,1531.015,23.723,0.300,103,27,39,,
T,2023-05-09 15:50:00,6.30347534,-75.56454510,3.79,1531.076,23.723,0.000,,27,39,,
T,2023-05-09 15:50:01,6.30347613,-75.56454390,3.79,1531.127,23.723,0.000,,28,39,,
