type,date time,latitude,longitude,accuracy(m),altitude(m),geoid_height(m),speed(m/s),bearing(deg),sat_used,sat_inview,name,desc
T,2023-02-20 15:49:13,6.21514234,-75.57646935,6.43,1504.076,23.975,0.000,,14,40,20230220-104913,GPS Logger: 20230220-104913 - Bajaj_boxerct100_ruta_3
T,2023-02-20 15:49:14,6.21513902,-75.57646948,7.50,1504.302,23.975,0.150,115,12,29,,
T,2023-02-20 15:49:15,6.21513723,-75.57646856,9.65,1504.300,23.975,0.160,120,14,29,,
T,2023-02-20 15:49:16,6.21513545,-75.57646770,12.86,1504.272,23.975,0.150,123,14,29,,
T,2023-02-20 15:49:17,6.21513370,-75.57646700,17.15,1504.309,23.975,0.150,131,14,29,,
T,2023-02-20 15:49:18,6.21513187,-75.57646654,21.44,1504.392,23.975,0.000,,14,29,,
T,2023-02-20 15:49:19,6.21512967,-75.57646697,26.80,1504.377,23.975,0.000,,14,29,,
T,2023-02-20 15:49:20,6.21512770,-75.57646741,34.30,1504.394,23.975,0.000,,14,29,,
T,2023-02-20 15:49:21,6.21512501,-75.57646888,38.59,1504.448,23.975,0.270,354,5,29,,
T,2023-02-20 15:49:22,6.21512136,-75.57646337,41.81,1504.537,23.975,0.250,352,6,29,,
T,2023-02-20 15:49:23,6.21512960,-75.57648643,45.02,1504.365,23.976,0.810,321,6,40,,
T,2023-02-20 15:49:24,6.21511495,-75.57649805,40.74,1504.418,23.976,1.320,310,7,40,,
T,2023-02-20 15:49:25,6.21510345,-75.57651790,41.81,1504.229,23.976,1.510,290,4,40,,
T,2023-02-20 15:49:26,6.21510810,-75.57651933,37.52,1504.229,23.976,0.540,328,6,40,,
T,2023-02-20 15:49:27,6.21511643,-75.57651089,37.52,1504.101,23.976,2.140,346,8,40,,
T,2023-02-20 15:49:28,6.21512500,-75.57650736,23.58,1504.418,23.976,4.030,333,8,40,,
T,2023-02-20 15:49:29,6.21511728,-75.57647954,19.30,1504.307,23.976,4.290,92,10,40,,
T,2023-02-20 15:49:30,6.21509508,-75.57642556,18.22,1503.796,23.975,4.740,96,10,40,,
T,2023-02-20 15:49:31,6.21505887,-75.57638146,18.22,1505.372,23.975,4.930,101,9,29,,
T,2023-02-20 15:49:32,6.21502813,-75.57633177,17.15,1504.601,23.975,4.170,100,9,29,,
T,2023-02-20 15:49:33,6.21499828,-75.57628362,13.94,1502.956,23.975,4.220,102,10,29,,
T,2023-02-20 15:49:34,6.21496642,-75.57623762,10.72,1501.167,23.975,4.400,109,11,29,,
T,2023-02-20 15:49:35,6.21492988,-75.57620375,9.65,1500.433,23.974,3.910,126,14,29,,
T,2023-02-20 15:49:36,6.21488838,-75.57618282,9.65,1501.227,23.974,3.950,140,16,29,,
T,2023-02-20 15:49:37,6.21485104,-75.57616304,9.65,1501.282,23.974,3.870,141,16,29,,
T,2023-02-20 15:49:38,6.21483185,-75.57614947,10.72,1501.297,23.974,3.830,334,15,29,,
T,2023-02-20 15:50:06,6.21363081,-75.57715768,32.16,1496.177,23.982,13.370,273,10,40,,
T,2023-02-20 15:50:07,6.21366551,-75.57726872,35.38,1496.414,23.982,12.640,278,10,40,,
T,2023-02-20 15:50:08,6.21365124,-75.57738272,36.45,1495.812,23.983,13.060,282,10,40,,
T,2023-02-20 15:50:09,6.21368998,-75.57749003,38.59,1495.829,23.984,13.140,284,11,40,,
T,2023-02-20 15:50:10,6.21369511,-75.57760341,40.74,1495.682,23.984,13.100,283,11,40,,
T,2023-02-20 15:50:11,6.21368924,-75.57771004,41.81,1494.165,23.985,12.980,283,11,40,,
T,2023-02-20 15:50:12,6.21372758,-75.57783634,48.24,1494.285,23.985,13.630,286,9,40,,
T,2023-02-20 15:50:13,6.21377529,-75.57795909,55.74,1494.997,23.986,13.980,287,7,40,,
T,2023-02-20 15:50:14,6.21381086,-75.57808324,64.32,1494.976,23.986,13.830,287,6,40,,
T,2023-02-20 15:50:15,6.21385644,-75.57820380,70.75,1495.157,23.987,13.830,287,6,39,,
T,2023-02-20 15:50:16,6.21389404,-75.57832450,80.40,1495.133,23.988,13.650,287,6,40,,
T,2023-02-20 15:50:17,6.21392371,-75.57843321,85.76,1495.280,23.988,13.080,287,6,40,,
T,2023-02-20 15:50:18,6.21395974,-75.57857304,91.12,1495.202,23.989,13.530,293,6,40,,
T,2023-02-20 15:50:19,6.21399227,-75.57871541,100.77,1495.165,23.989,13.910,285,5,40,,
T,2023-02-20 15:50:20,6.21400175,-75.57881571,111.49,1495.231,23.990,13.370,284,4,40,,
T,2023-02-20 15:50:21,6.21396959,-75.57882724,123.28,1495.097,23.990,11.530,338,4,40,,
T,2023-02-20 15:50:22,6.21397269,-75.57891488,140.43,1495.086,23.990,10.890,358,3,40,,
T,2023-02-20 15:50:23,6.21398054,-75.57904115,158.66,1495.438,23.991,10.730,18,3,40,,
T,2023-02-20 15:50:24,6.21398403,-75.57914157,181.17,1495.459,23.992,10.730,38,3,40,,
T,2023-02-20 15:50:25,6.21397051,-75.57925220,203.68,1495.426,23.992,10.790,51,3,40,,
T,2023-02-20 15:50:26,6.21398178,-75.57934870,230.48,1495.491,23.993,10.790,61,3,40,,
T,2023-02-20 15:50:27,6.21399308,-75.57944507,259.42,1495.558,23.993,10.780,69,3,40,,
T,2023-02-20 15:50:28,6.21386965,-75.57954244,247.63,1495.734,23.994,10.120,72,3,38,,
T,2023-02-20 15:51:00,6.21370041,-75.57856077,54.67,1498.572,23.989,10.930,213,4,40,,
T,2023-02-20 15:51:01,6.21360588,-75.57862579,69.68,1498.525,23.990,11.130,213,4,40,,
T,2023-02-20 15:51:02,6.21351547,-75.57867935,86.83,1498.609,23.990,11.060,212,4,40,,
T,2023-02-20 15:51:03,6.21343094,-75.57873253,106.13,1498.630,23.991,11.050,212,4,40,,
T,2023-02-20 15:51:04,6.21335050,-75.57879000,127.57,1498.486,23.991,11.060,212,4,40,,
T,2023-02-20 15:51:05,6.21326253,-75.57883739,151.15,1498.602,23.991,10.940,211,4,40,,
T,2023-02-20 15:51:06,6.21293662,-75.57868140,160.80,1498.897,23.991,11.740,201,4,40,,
T,2023-02-20 15:51:07,6.21244514,-75.57831568,124.35,1499.233,23.990,14.340,185,4,40,,
T,2023-02-20 15:51:08,6.21227975,-75.57840315,113.63,1499.652,23.991,14.510,188,5,40,,
T,2023-02-20 15:51:09,6.21187537,-75.57879983,58.96,1500.165,23.994,15.740,193,5,39,,
T,2023-02-20 15:51:10,6.21173126,-75.57876486,65.39,1501.137,23.994,15.820,192,7,39,,
T,2023-02-20 15:51:11,6.21150695,-75.57876999,61.10,1501.028,23.994,16.750,193,7,38,,
T,2023-02-20 15:51:12,6.21120916,-75.57870712,48.24,1501.505,23.995,17.890,189,7,38,,
T,2023-02-20 15:51:13,6.21093868,-75.57877743,36.45,1499.472,23.996,18.630,191,7,39,,
T,2023-02-20 15:51:14,6.21077704,-75.57881931,34.30,1499.183,23.996,18.540,193,7,39,,
T,2023-02-20 15:51:15,6.21061013,-75.57885913,31.09,1499.522,23.997,18.370,193,6,39,,
T,2023-02-20 15:51:16,6.21046053,-75.57889788,32.16,1499.605,23.997,17.200,194,5,39,,
T,2023-02-20 15:51:17,6.21033064,-75.57885409,30.02,1500.019,23.997,15.990,192,5,39,,
T,2023-02-20 15:51:18,6.21020130,-75.57883453,28.94,1499.606,23.997,15.540,190,7,39,,
T,2023-02-20 15:51:19,6.21009083,-75.57886184,31.09,1499.428,23.998,14.420,190,7,39,,
T,2023-02-20 15:51:20,6.20994511,-75.57886630,35.38,1501.250,23.998,14.410,191,5,39,,
T,2023-02-20 15:51:21,6.20982182,-75.57888424,39.66,1501.269,23.998,14.300,191,5,39,,
T,2023-02-20 15:51:22,6.20973855,-75.57890277,43.95,1501.269,23.999,12.840,190,5,39,,
T,2023-02-20 15:51:23,6.20965197,-75.57891691,46.10,1501.201,23.999,11.440,190,5,39,,
T,2023-02-20 15:51:24,6.20958366,-75.57894639,46.10,1501.152,23.999,10.640,191,5,39,,
T,2023-02-20 15:51:25,6.20950521,-75.57895279,41.81,1501.114,23.999,9.660,190,6,39,,
T,2023-02-20 15:51:26,6.20942766,-75.57897487,41.81,1501.074,24.000,9.530,192,6,39,,
T,2023-02-20 15:51:27,6.20933359,-75.57902174,41.81,1502.708,24.000,9.580,192,6,39,,
T,2023-02-20 15:51:28,6.20940603,-75.57894413,25.73,1505.064,23.999,8.570,191,6,39,,
T,2023-02-20 15:51:29,6.20921776,-75.57901491,19.30,1504.620,24.000,9.240,191,7,39,,
T,2023-02-20 15:51:30,6.20914980,-75.57902949,17.15,1505.847,24.000,9.590,192,8,38,,
T,2023-02-20 15:51:31,6.20903133,-75.57903193,18.22,1504.829,24.001,10.810,191,7,39,,
T,2023-02-20 15:51:32,6.20895333,-75.57901973,16.08,1505.480,24.001,11.790,190,6,38,,
T,2023-02-20 15:51:33,6.20887322,-75.57900971,12.86,1506.455,24.001,12.810,190,8,37,,
T,2023-02-20 15:51:34,6.20870612,-75.57908381,11.79,1505.774,24.002,13.480,190,8,37,,
T,2023-02-20 15:51:35,6.20856016,-75.57910647,11.79,1506.623,24.002,14.230,190,8,38,,
T,2023-02-20 15:51:36,6.20842995,-75.57911178,10.72,1509.449,24.002,15.640,189,8,38,,
T,2023-02-20 15:51:37,6.20829943,-75.57914727,10.72,1510.192,24.003,14.900,189,8,38,,
T,2023-02-20 15:51:38,6.20816250,-75.57915732,11.79,1508.369,24.003,15.610,189,8,38,,
T,2023-02-20 15:51:39,6.20799550,-75.57915551,12.86,1513.926,24.003,16.300,187,8,38,,
T,2023-02-20 15:51:40,6.20784877,-75.57917702,12.86,1514.225,24.004,16.840,187,9,38,,
T,2023-02-20 15:51:41,6.20770247,-75.57918787,11.79,1514.464,24.004,17.580,187,9,38,,
T,2023-02-20 15:51:42,6.20753702,-75.57919987,10.72,1515.137,24.004,18.640,188,9,38,,
T,2023-02-20 15:51:43,6.20738131,-75.57918973,10.72,1516.970,24.005,18.320,187,9,38,,
T,2023-02-20 15:51:44,6.20720306,-75.57921538,9.65,1515.013,24.005,17.830,186,11,38,,
T,2023-02-20 15:51:45,6.20707046,-75.57923360,9.65,1515.695,24.006,17.500,186,11,38,,
T,2023-02-20 15:51:46,6.20691902,-75.57924347,9.65,1515.757,24.006,17.090,188,12,38,,
T,2023-02-20 15:51:47,6.20676714,-75.57926305,9.65,1514.739,24.006,17.190,187,12,38,,
T,2023-02-20 15:51:48,6.20662830,-75.57929351,9.65,1514.707,24.007,16.590,189,12,38,,
T,2023-02-20 15:51:49,6.20647193,-75.57931187,10.72,1515.749,24.007,17.040,190,12,38,,
T,2023-02-20 15:51:50,6.20630726,-75.57934401,12.86,1515.360,24.008,17.480,190,11,38,,
T,2023-02-20 15:51:51,6.20616176,-75.57935432,12.86,1514.695,24.008,17.720,188,12,38,,
T,2023-02-20 15:51:52,6.20600360,-75.57939175,11.79,1517.043,24.008,18.200,188,12,38,,
T,2023-02-20 15:51:53,6.20582763,-75.57942489,12.86,1516.538,24.009,18.980,189,12,38,,
T,2023-02-20 15:51:54,6.20564499,-75.57942063,11.79,1516.625,24.009,19.430,188,11,38,,
T,2023-02-20 15:51:55,6.20543784,-75.57942384,11.79,1516.712,24.010,19.600,189,12,38,,
T,2023-02-20 15:51:56,6.20527289,-75.57946891,11.79,1516.369,24.010,19.460,189,12,38,,
T,2023-02-20 15:51:57,6.20510616,-75.57951218,11.79,1514.300,24.011,19.210,189,12,38,,
T,2023-02-20 15:51:58,6.20493916,-75.57954104,11.79,1514.662,24.011,19.050,189,12,38,,
T,2023-02-20 15:51:59,6.20477220,-75.57957520,11.79,1514.303,24.012,19.400,189,12,38,,
T,2023-02-20 15:52:00,6.20462332,-75.57960190,12.86,1512.061,24.012,18.690,188,11,38,,
T,2023-02-20 15:52:01,6.20447852,-75.57963490,11.79,1512.440,24.013,17.870,189,11,38,,
T,2023-02-20 15:52:02,6.20431382,-75.57966246,11.79,1513.669,24.013,17.150,189,11,38,,
T,2023-02-20 15:52:03,6.20418066,-75.57969008,11.79,1510.883,24.014,16.430,190,10,38,,
T,2023-02-20 15:52:04,6.20402535,-75.57970652,12.86,1512.811,24.014,16.450,190,10,38,,
T,2023-02-20 15:52:05,6.20387923,-75.57973079,13.94,1512.766,24.014,16.430,189,10,38,,
T,2023-02-20 15:52:06,6.20374940,-75.57974354,13.94,1512.741,24.015,16.060,188,10,38,,
T,2023-02-20 15:52:07,6.20359109,-75.57976812,13.94,1512.675,24.015,17.200,190,9,38,,
T,2023-02-20 15:52:08,6.20343380,-75.57980795,13.94,1512.035,24.016,16.980,190,7,38,,
T,2023-02-20 15:52:09,6.20329350,-75.57981336,13.94,1513.678,24.016,16.590,191,8,38,,
T,2023-02-20 15:52:10,6.20313012,-75.57985700,13.94,1513.716,24.016,16.700,191,8,38,,
T,2023-02-20 15:52:11,6.20298435,-75.57989337,13.94,1513.541,24.017,16.750,190,9,38,,
T,2023-02-20 15:52:12,6.20285037,-75.57991733,12.86,1513.525,24.017,17.210,190,9,38,,
T,2023-02-20 15:52:13,6.20269187,-75.57992509,12.86,1514.572,24.018,17.380,189,8,38,,
T,2023-02-20 15:52:14,6.20256000,-75.57995761,12.86,1514.301,24.018,17.710,188,8,38,,
T,2023-02-20 15:52:15,6.20242633,-75.57999144,13.94,1513.424,24.019,17.420,187,8,38,,
T,2023-02-20 15:52:16,6.20227209,-75.58000437,13.94,1513.493,24.019,17.020,187,8,38,,
T,2023-02-20 15:52:17,6.20219207,-75.58001548,15.01,1513.201,24.019,15.350,188,9,38,,
T,2023-02-20 15:52:18,6.20204530,-75.58002998,13.94,1513.955,24.019,14.910,188,9,38,,
T,2023-02-20 15:52:19,6.20184946,-75.57991211,15.01,1519.421,24.019,15.100,185,9,38,,
T,2023-02-20 15:52:20,6.20172744,-75.57994057,15.01,1519.953,24.020,14.340,185,9,38,,
T,2023-02-20 15:52:21,6.20161566,-75.57996493,16.08,1520.373,24.020,14.610,185,9,38,,
T,2023-02-20 15:52:22,6.20152574,-75.58001178,16.08,1514.872,24.020,14.990,186,9,38,,
T,2023-02-20 15:52:23,6.20138799,-75.58004240,15.01,1515.195,24.021,15.160,186,9,37,,
T,2023-02-20 15:52:24,6.20124777,-75.58001723,15.01,1516.573,24.021,15.510,185,9,38,,
T,2023-02-20 15:52:25,6.20112248,-75.58005651,15.01,1516.265,24.021,15.780,186,10,38,,
T,2023-02-20 15:52:26,6.20097474,-75.58006733,16.08,1516.076,24.022,16.130,185,10,38,,
T,2023-02-20 15:52:27,6.20083389,-75.58007837,15.01,1513.533,24.022,16.610,185,10,38,,
T,2023-02-20 15:52:28,6.20068658,-75.58009815,15.01,1510.642,24.022,16.720,186,10,38,,
T,2023-02-20 15:52:29,6.20052626,-75.58012918,15.01,1510.904,24.023,17.030,186,10,38,,
T,2023-02-20 15:52:30,6.20034758,-75.58013169,13.94,1509.694,24.023,18.060,187,10,38,,
T,2023-02-20 15:52:31,6.20018026,-75.58016552,15.01,1510.267,24.024,18.650,188,11,38,,
T,2023-02-20 15:52:32,6.20000213,-75.58018331,13.94,1513.382,24.024,19.030,188,11,38,,
T,2023-02-20 15:52:33,6.19981900,-75.58020330,13.94,1516.418,24.025,19.430,190,11,38,,
T,2023-02-20 15:52:34,6.19966254,-75.58024126,12.86,1515.293,24.025,19.290,192,11,38,,
T,2023-02-20 15:52:35,6.19949137,-75.58027535,12.86,1515.350,24.026,19.970,193,11,38,,
T,2023-02-20 15:52:36,6.19930660,-75.58025803,12.86,1519.832,24.026,20.080,194,11,38,,
T,2023-02-20 15:52:37,6.19912173,-75.58032459,12.86,1519.213,24.027,20.750,196,9,38,,
T,2023-02-20 15:52:38,6.19895179,-75.58039102,12.86,1519.430,24.027,19.900,196,9,38,,
T,2023-02-20 15:52:39,6.19876838,-75.58044418,12.86,1519.314,24.028,20.560,196,10,38,,
T,2023-02-20 15:52:40,6.19859717,-75.58049712,12.86,1517.953,24.029,20.340,197,10,38,,
T,2023-02-20 15:52:41,6.19842528,-75.58055777,13.94,1516.960,24.029,20.840,198,9,38,,
T,2023-02-20 15:52:42,6.19823927,-75.58062110,13.94,1516.483,24.030,20.910,199,9,38,,
T,2023-02-20 15:52:43,6.19805130,-75.58070239,15.01,1516.777,24.031,22.090,200,9,38,,
T,2023-02-20 15:52:44,6.19785960,-75.58079817,16.08,1515.328,24.032,22.010,201,9,37,,
T,2023-02-20 15:52:45,6.19766196,-75.58088487,16.08,1513.633,24.032,21.710,202,9,37,,
T,2023-02-20 15:52:46,6.19747697,-75.58095881,17.15,1515.522,24.033,21.660,202,8,37,,
T,2023-02-20 15:52:47,6.19729476,-75.58103265,19.30,1516.344,24.034,21.550,201,8,38,,
T,2023-02-20 15:52:48,6.19711473,-75.58110446,22.51,1516.033,24.035,21.480,201,7,38,,
T,2023-02-20 15:52:49,6.19693594,-75.58117744,25.73,1516.601,24.035,21.340,202,7,37,,
T,2023-02-20 15:52:50,6.19675523,-75.58124551,28.94,1516.772,24.036,21.350,201,7,38,,
T,2023-02-20 15:52:51,6.19658660,-75.58130893,31.09,1517.202,24.037,20.990,202,7,38,,
T,2023-02-20 15:52:52,6.19640937,-75.58137709,37.52,1517.287,24.037,21.010,202,4,38,,
T,2023-02-20 15:52:53,6.19623137,-75.58144126,46.10,1517.841,24.038,20.910,201,4,38,,
T,2023-02-20 15:52:54,6.19615672,-75.58153238,37.52,1517.965,24.039,19.160,201,4,39,,
T,2023-02-20 15:52:55,6.19609613,-75.58151950,21.44,1517.318,24.039,17.160,199,9,39,,
T,2023-02-20 15:52:56,6.19591907,-75.58155354,20.37,1516.905,24.039,17.010,200,9,39,,
T,2023-02-20 15:52:57,6.19578159,-75.58159749,19.30,1516.151,24.040,16.480,202,9,38,,
T,2023-02-20 15:52:58,6.19563820,-75.58165342,19.30,1515.805,24.040,16.170,203,9,39,,
T,2023-02-20 15:52:59,6.19549020,-75.58170792,19.30,1516.098,24.041,16.170,203,9,39,,
T,2023-02-20 15:53:00,6.19535718,-75.58176835,20.37,1516.580,24.042,16.060,203,9,39,,
T,2023-02-20 15:53:01,6.19522331,-75.58182428,22.51,1516.260,24.042,16.060,201,9,39,,
T,2023-02-20 15:53:02,6.19508771,-75.58187529,24.66,1516.250,24.043,16.050,201,8,39,,
T,2023-02-20 15:53:03,6.19495310,-75.58192902,27.87,1516.242,24.043,16.040,201,8,39,,
T,2023-02-20 15:53:04,6.19483458,-75.58196893,32.16,1516.395,24.044,15.760,200,5,38,,
T,2023-02-20 15:53:05,6.19466115,-75.58204043,33.23,1516.134,24.044,16.480,200,5,39,,
T,2023-02-20 15:53:06,6.19449050,-75.58209121,30.02,1515.417,24.045,17.140,199,4,39,,
T,2023-02-20 15:53:07,6.19427393,-75.58214984,24.66,1515.884,24.046,17.570,198,6,38,,
T,2023-02-20 15:53:08,6.19410934,-75.58222010,23.58,1514.664,24.046,18.160,197,7,38,,
T,2023-02-20 15:53:09,6.19397341,-75.58223041,19.30,1516.690,24.047,18.410,197,9,39,,
T,2023-02-20 15:53:10,6.19383917,-75.58235479,17.15,1514.829,24.048,19.050,198,10,39,,
T,2023-02-20 15:53:11,6.19371057,-75.58243559,15.01,1513.733,24.048,19.240,196,12,39,,
T,2023-02-20 15:53:12,6.19354167,-75.58247531,12.86,1512.699,24.049,19.380,195,12,39,,
T,2023-02-20 15:53:13,6.19337189,-75.58250409,12.86,1512.856,24.049,19.290,194,12,38,,
T,2023-02-20 15:53:14,6.19320558,-75.58254040,11.79,1513.103,24.050,19.370,195,12,38,,
T,2023-02-20 15:53:15,6.19299050,-75.58254915,11.79,1512.724,24.050,19.030,194,12,38,,
T,2023-02-20 15:53:16,6.19284574,-75.58259002,11.79,1511.263,24.051,18.090,195,12,38,,
T,2023-02-20 15:53:17,6.19268106,-75.58264799,11.79,1510.199,24.051,18.130,195,12,38,,
T,2023-02-20 15:53:18,6.19252694,-75.58268989,11.79,1509.167,24.052,18.070,195,11,38,,
T,2023-02-20 15:53:19,6.19237023,-75.58273501,11.79,1508.764,24.052,17.920,193,8,38,,
T,2023-02-20 15:53:20,6.19219102,-75.58277653,12.86,1508.065,24.053,18.340,192,8,38,,
T,2023-02-20 15:53:21,6.19202803,-75.58279328,12.86,1509.327,24.053,18.320,192,8,38,,
T,2023-02-20 15:53:22,6.19182194,-75.58284094,13.94,1508.992,24.054,19.370,194,8,38,,
T,2023-02-20 15:53:23,6.19165569,-75.58286677,13.94,1509.761,24.054,19.390,194,7,38,,
T,2023-02-20 15:53:24,6.19146282,-75.58290313,15.01,1509.829,24.055,19.820,194,7,38,,
T,2023-02-20 15:53:25,6.19128970,-75.58294755,16.08,1509.721,24.056,19.790,195,6,38,,
T,2023-02-20 15:53:26,6.19111951,-75.58300696,17.15,1509.163,24.056,19.650,196,6,38,,
T,2023-02-20 15:53:27,6.19096038,-75.58302575,18.22,1510.162,24.057,19.440,194,5,38,,
T,2023-02-20 15:53:28,6.19079149,-75.58306657,23.58,1509.952,24.057,19.370,194,5,38,,
T,2023-02-20 15:53:29,6.19061874,-75.58310001,24.66,1510.245,24.058,19.420,193,6,38,,
T,2023-02-20 15:53:30,6.19044520,-75.58314944,23.58,1510.121,24.058,19.710,193,6,38,,
T,2023-02-20 15:53:31,6.19025446,-75.58319288,24.66,1510.003,24.059,19.930,193,6,38,,
T,2023-02-20 15:53:32,6.19007984,-75.58323873,26.80,1509.709,24.059,19.890,194,6,38,,
T,2023-02-20 15:53:33,6.18990056,-75.58325618,27.87,1510.446,24.060,20.110,195,7,38,,
T,2023-02-20 15:53:34,6.18972490,-75.58330797,28.94,1511.356,24.061,20.100,197,6,37,,
T,2023-02-20 15:53:35,6.18945737,-75.58339748,27.87,1512.045,24.062,21.160,200,5,38,,
T,2023-02-20 15:53:36,6.18928595,-75.58346357,34.30,1511.950,24.062,21.000,203,5,38,,
T,2023-02-20 15:53:37,6.18907515,-75.58358443,38.59,1512.798,24.063,21.810,205,4,37,,
T,2023-02-20 15:53:38,6.18891549,-75.58365651,43.95,1512.641,24.064,22.020,209,4,38,,
T,2023-02-20 15:53:39,6.18881963,-75.58374080,42.88,1513.484,24.065,21.330,211,4,39,,
T,2023-02-20 15:53:40,6.18865545,-75.58385029,49.31,1512.988,24.065,21.400,213,4,38,,
T,2023-02-20 15:53:41,6.18849221,-75.58394322,55.74,1513.697,24.066,21.590,215,4,39,,
T,2023-02-20 15:53:42,6.18833861,-75.58406279,63.25,1513.333,24.067,21.510,217,4,39,,
T,2023-02-20 15:53:43,6.18817764,-75.58420043,71.82,1513.089,24.068,22.010,221,4,39,,
T,2023-02-20 15:53:44,6.18803690,-75.58433045,80.40,1513.066,24.069,21.750,224,4,39,,
T,2023-02-20 15:53:45,6.18790071,-75.58447459,88.98,1512.840,24.070,21.640,227,4,39,,
T,2023-02-20 15:53:46,6.18777845,-75.58461723,99.70,1512.824,24.071,21.370,230,2,39,,
T,2023-02-20 15:53:47,6.18764910,-75.58477985,110.42,1512.739,24.072,21.550,232,2,39,,
T,2023-02-20 15:53:48,6.18751114,-75.58495109,118.99,1512.654,24.073,22.040,232,2,39,,
T,2023-02-20 15:53:49,6.18738764,-75.58509717,127.57,1513.019,24.074,22.510,231,3,39,,
T,2023-02-20 15:53:50,6.18726124,-75.58525644,106.13,1513.039,24.076,22.530,230,4,39,,
T,2023-02-20 15:53:51,6.18720370,-75.58543681,77.18,1513.290,24.077,22.280,233,6,39,,
T,2023-02-20 15:53:52,6.18709532,-75.58561718,62.18,1514.113,24.078,22.340,235,8,39,,
T,2023-02-20 15:53:53,6.18696151,-75.58582686,55.74,1514.089,24.079,23.210,237,8,39,,
T,2023-02-20 15:53:54,6.18685089,-75.58593693,41.81,1515.078,24.080,22.520,237,8,39,,
T,2023-02-20 15:53:55,6.18672054,-75.58611506,37.52,1515.132,24.081,22.790,235,8,39,,
T,2023-02-20 15:53:56,6.18660211,-75.58628932,34.30,1515.097,24.082,23.010,235,8,39,,
T,2023-02-20 15:53:57,6.18651676,-75.58646412,25.73,1515.112,24.083,22.890,235,8,39,,
T,2023-02-20 15:53:58,6.18641132,-75.58661739,25.73,1515.023,24.084,22.610,235,5,39,,
T,2023-02-20 15:53:59,6.18629592,-75.58677406,28.94,1514.776,24.085,22.480,235,5,39,,
T,2023-02-20 15:54:00,6.18610159,-75.58693309,33.23,1516.031,24.087,22.760,234,6,39,,
T,2023-02-20 15:54:01,6.18573577,-75.58698574,30.02,1516.307,24.088,22.240,232,6,39,,
T,2023-02-20 15:54:02,6.18568924,-75.58717236,30.02,1516.531,24.089,22.180,232,6,39,,
T,2023-02-20 15:54:03,6.18553817,-75.58735272,27.87,1517.229,24.090,22.890,232,6,39,,
T,2023-02-20 15:54:04,6.18540421,-75.58752480,28.94,1516.871,24.091,23.020,232,6,39,,
T,2023-02-20 15:54:05,6.18531220,-75.58769831,31.09,1517.080,24.092,22.820,230,6,39,,
T,2023-02-20 15:54:06,6.18517731,-75.58785493,34.30,1517.073,24.093,22.940,228,5,39,,
T,2023-02-20 15:54:07,6.18506182,-75.58801493,39.66,1517.181,24.094,22.830,226,5,39,,
T,2023-02-20 15:54:08,6.18492125,-75.58816348,48.24,1517.173,24.095,22.770,225,4,39,,
T,2023-02-20 15:54:09,6.18478414,-75.58834022,55.74,1517.231,24.096,22.840,225,4,39,,
T,2023-02-20 15:54:10,6.18463887,-75.58848532,67.54,1517.205,24.097,22.810,224,3,39,,
T,2023-02-20 15:54:11,6.18447171,-75.58863067,72.90,1517.433,24.099,22.790,224,2,39,,
T,2023-02-20 15:54:12,6.18433954,-75.58874803,82.54,1517.402,24.099,22.060,224,3,39,,
T,2023-02-20 15:54:13,6.18419771,-75.58888752,96.48,1517.366,24.100,22.050,225,3,39,,
T,2023-02-20 15:54:14,6.18405821,-75.58903002,109.34,1517.348,24.101,22.050,224,2,39,,
T,2023-02-20 15:54:15,6.18398454,-75.58901309,86.83,1517.332,24.101,19.200,219,3,39,,
T,2023-02-20 15:54:16,6.18394180,-75.58914553,63.25,1517.576,24.102,18.470,218,5,39,,
T,2023-02-20 15:54:17,6.18378545,-75.58933171,37.52,1516.831,24.104,17.440,217,6,39,,
T,2023-02-20 15:54:18,6.18376441,-75.58931948,33.23,1518.329,24.104,16.940,216,7,39,,
T,2023-02-20 15:54:19,6.18363964,-75.58940863,33.23,1518.317,24.104,16.950,216,7,39,,
T,2023-02-20 15:54:20,6.18351526,-75.58949822,34.30,1518.312,24.105,16.950,216,7,38,,
T,2023-02-20 15:54:21,6.18339073,-75.58958743,35.38,1518.309,24.106,16.950,216,7,39,,
T,2023-02-20 15:54:22,6.18326526,-75.58967565,37.52,1518.301,24.106,16.940,215,7,39,,
T,2023-02-20 15:54:23,6.18315173,-75.58974906,35.38,1518.470,24.107,16.920,215,7,39,,
T,2023-02-20 15:54:24,6.18302304,-75.58983899,34.30,1518.606,24.108,16.960,215,7,39,,
T,2023-02-20 15:54:25,6.18289651,-75.58992635,35.38,1518.599,24.108,16.970,215,6,39,,
T,2023-02-20 15:54:26,6.18278343,-75.59000323,33.23,1518.818,24.109,17.040,215,6,39,,
T,2023-02-20 15:54:27,6.18259691,-75.59012297,28.94,1518.642,24.110,17.930,216,7,39,,
T,2023-02-20 15:54:28,6.18245668,-75.59023611,28.94,1519.724,24.111,18.320,217,7,39,,
T,2023-02-20 15:54:29,6.18232685,-75.59033608,30.02,1519.713,24.112,18.270,218,7,39,,
T,2023-02-20 15:54:30,6.18223114,-75.59042112,27.87,1519.747,24.112,17.990,216,7,39,,
T,2023-02-20 15:54:31,6.18209848,-75.59051356,27.87,1519.735,24.113,17.960,214,8,39,,
T,2023-02-20 15:54:32,6.18194119,-75.59062539,27.87,1520.806,24.114,18.170,214,8,38,,
T,2023-02-20 15:54:33,6.18181282,-75.59069820,27.87,1521.054,24.115,17.980,213,9,39,,
T,2023-02-20 15:54:34,6.18167521,-75.59078310,32.16,1521.041,24.115,17.970,211,5,39,,
T,2023-02-20 15:54:35,6.18155609,-75.59085477,36.45,1521.029,24.116,18.160,212,5,39,,
T,2023-02-20 15:54:36,6.18141468,-75.59094255,39.66,1521.157,24.117,18.470,214,5,39,,
T,2023-02-20 15:54:37,6.18130882,-75.59098121,48.24,1521.875,24.117,18.640,215,4,39,,
T,2023-02-20 15:54:38,6.18113273,-75.59107029,51.46,1521.830,24.118,18.910,214,4,39,,
T,2023-02-20 15:54:39,6.18082144,-75.59114968,47.17,1522.098,24.119,20.160,209,4,39,,
T,2023-02-20 15:54:40,6.18064850,-75.59125210,50.38,1522.804,24.120,20.320,209,4,39,,
T,2023-02-20 15:54:41,6.18038773,-75.59141060,52.53,1523.971,24.121,21.900,211,5,39,,
T,2023-02-20 15:54:42,6.18020228,-75.59151292,49.31,1523.969,24.122,22.130,210,5,39,,
T,2023-02-20 15:54:43,6.17998201,-75.59164079,52.53,1525.109,24.123,22.300,209,6,39,,
T,2023-02-20 15:54:44,6.17982307,-75.59173468,52.53,1524.634,24.124,22.160,209,6,39,,
T,2023-02-20 15:54:45,6.17960899,-75.59179172,48.24,1531.682,24.125,21.740,209,7,39,,
T,2023-02-20 15:54:46,6.17943862,-75.59188277,50.38,1529.581,24.125,21.830,210,6,37,,
T,2023-02-20 15:54:47,6.17925879,-75.59199632,53.60,1530.778,24.126,22.080,210,6,38,,
T,2023-02-20 15:54:48,6.17905731,-75.59207075,43.95,1530.144,24.127,22.290,210,6,39,,
T,2023-02-20 15:54:49,6.17890445,-75.59218379,46.10,1531.278,24.128,22.110,210,7,39,,
T,2023-02-20 15:54:50,6.17878731,-75.59226647,46.10,1535.335,24.129,21.420,211,7,39,,
T,2023-02-20 15:54:51,6.17862523,-75.59236781,49.31,1535.343,24.129,21.330,213,7,39,,
T,2023-02-20 15:54:52,6.17861617,-75.59250942,38.59,1535.594,24.130,20.690,215,6,39,,
T,2023-02-20 15:54:53,6.17840599,-75.59266896,41.81,1538.478,24.131,22.080,216,6,39,,
T,2023-02-20 15:54:54,6.17829974,-75.59280906,46.10,1539.185,24.132,22.090,218,6,39,,
T,2023-02-20 15:54:55,6.17812129,-75.59293613,46.10,1539.482,24.133,22.190,219,6,39,,
T,2023-02-20 15:54:56,6.17796596,-75.59306850,47.17,1541.026,24.134,22.510,221,7,39,,
T,2023-02-20 15:54:57,6.17782237,-75.59319085,47.17,1541.028,24.135,22.400,222,7,39,,
T,2023-02-20 15:54:58,6.17761985,-75.59331126,48.24,1541.211,24.136,22.280,222,7,39,,
T,2023-02-20 15:54:59,6.17744572,-75.59346923,48.24,1541.368,24.138,22.590,222,6,39,,
T,2023-02-20 15:55:00,6.17729188,-75.59361163,49.31,1541.348,24.139,22.670,224,6,39,,
T,2023-02-20 15:55:01,6.17714146,-75.59375152,51.46,1541.335,24.140,22.660,224,6,39,,
T,2023-02-20 15:55:02,6.17693969,-75.59384828,47.17,1541.349,24.140,22.030,224,6,39,,
T,2023-02-20 15:55:03,6.17680200,-75.59398774,49.31,1541.340,24.141,21.950,226,5,39,,
T,2023-02-20 15:55:04,6.17661999,-75.59411235,51.46,1541.457,24.142,21.990,227,5,39,,
T,2023-02-20 15:55:05,6.17658490,-75.59430600,43.95,1541.451,24.144,22.080,230,5,39,,
T,2023-02-20 15:55:06,6.17654594,-75.59455446,24.66,1541.679,24.145,22.460,233,7,39,,
T,2023-02-20 15:55:07,6.17643918,-75.59473913,20.37,1541.081,24.146,22.150,234,7,39,,
T,2023-02-20 15:55:08,6.17634365,-75.59492440,19.30,1541.522,24.147,22.040,235,8,39,,
T,2023-02-20 15:55:09,6.17614561,-75.59505571,16.08,1542.528,24.148,22.560,235,10,39,,
T,2023-02-20 15:55:10,6.17609625,-75.59519218,12.86,1549.854,24.149,21.670,235,12,39,,
T,2023-02-20 15:55:11,6.17597239,-75.59535509,12.86,1547.972,24.150,20.850,234,13,39,,
T,2023-02-20 15:55:12,6.17584228,-75.59548985,11.79,1551.863,24.151,20.310,236,14,39,,
T,2023-02-20 15:55:13,6.17576655,-75.59566245,11.79,1549.789,24.152,20.680,238,17,38,,
T,2023-02-20 15:55:14,6.17566441,-75.59580895,11.79,1546.633,24.153,19.560,237,17,38,,
T,2023-02-20 15:55:15,6.17555391,-75.59596034,11.79,1546.242,24.154,19.560,236,17,38,,
T,2023-02-20 15:55:16,6.17545329,-75.59610576,12.86,1546.249,24.155,19.560,235,17,38,,
T,2023-02-20 15:55:17,6.17534820,-75.59625046,12.86,1546.111,24.156,19.540,236,17,38,,
T,2023-02-20 15:55:18,6.17524856,-75.59639606,13.94,1546.095,24.157,19.530,236,17,39,,
T,2023-02-20 15:55:19,6.17515347,-75.59653533,15.01,1546.174,24.158,19.250,236,10,38,,
T,2023-02-20 15:55:20,6.17505708,-75.59667967,19.30,1546.172,24.159,19.240,236,8,38,,
T,2023-02-20 15:55:21,6.17496144,-75.59682440,23.58,1546.138,24.160,19.220,237,5,39,,
T,2023-02-20 15:55:22,6.17486460,-75.59696831,28.94,1546.130,24.161,19.220,236,3,39,,
T,2023-02-20 15:55:23,6.17480965,-75.59706688,31.09,1545.851,24.161,17.850,240,3,38,,
T,2023-02-20 15:55:24,6.17479713,-75.59710290,34.30,1547.292,24.162,16.080,239,3,39,,
T,2023-02-20 15:55:25,6.17471438,-75.59721781,40.74,1547.286,24.162,15.990,234,4,39,,
T,2023-02-20 15:55:26,6.17463133,-75.59733273,48.24,1547.277,24.163,15.940,234,4,39,,
T,2023-02-20 15:55:44,6.17324361,-75.59935470,3.22,1555.120,24.176,14.740,235,21,29,,
T,2023-02-20 15:55:45,6.17316486,-75.59945366,3.22,1557.825,24.177,14.640,236,21,28,,
T,2023-02-20 15:55:46,6.17310198,-75.59955999,3.22,1557.607,24.178,14.480,236,21,28,,
T,2023-02-20 15:55:47,6.17302452,-75.59966627,3.22,1558.079,24.179,14.250,236,21,28,,
T,2023-02-20 15:55:48,6.17294614,-75.59976089,3.22,1559.292,24.179,14.150,235,21,28,,
T,2023-02-20 15:55:49,6.17286409,-75.59985242,3.22,1559.682,24.180,13.880,234,21,28,,
T,2023-02-20 15:55:50,6.17279561,-75.59995849,3.22,1559.453,24.180,13.840,235,19,28,,
T,2023-02-20 15:55:51,6.17272109,-75.60006370,3.22,1558.537,24.181,13.500,234,19,28,,
T,2023-02-20 15:55:52,6.17264983,-75.60016433,3.22,1557.811,24.182,13.150,232,19,28,,
T,2023-02-20 15:55:53,6.17257730,-75.60025302,4.29,1558.697,24.182,12.780,233,19,28,,
T,2023-02-20 15:55:54,6.17251028,-75.60033642,3.22,1558.855,24.183,11.930,234,19,28,,
T,2023-02-20 15:55:55,6.17244264,-75.60042818,4.29,1557.949,24.184,11.840,233,18,28,,
T,2023-02-20 15:55:56,6.17237798,-75.60052093,5.36,1556.832,24.184,12.010,231,19,28,,
T,2023-02-20 15:55:57,6.17235238,-75.60058375,5.36,1556.837,24.185,10.410,233,19,28,,
T,2023-02-20 15:55:58,6.17229162,-75.60067298,4.29,1555.775,24.185,10.880,235,19,28,,
T,2023-02-20 15:55:59,6.17223963,-75.60075672,4.29,1556.320,24.186,10.730,237,19,28,,
T,2023-02-20 15:56:00,6.17219412,-75.60082988,3.22,1556.299,24.186,10.440,236,19,28,,
T,2023-02-20 15:56:01,6.17214243,-75.60091675,3.22,1555.646,24.187,10.570,238,19,28,,
T,2023-02-20 15:56:02,6.17209676,-75.60099336,3.22,1556.922,24.187,10.370,238,19,28,,
T,2023-02-20 15:56:03,6.17204124,-75.60106096,3.22,1558.932,24.188,10.910,234,19,27,,
T,2023-02-20 15:56:04,6.17199004,-75.60112266,3.22,1561.483,24.188,10.340,235,19,27,,
T,2023-02-20 15:56:05,6.17193397,-75.60119554,3.22,1560.314,24.189,10.260,235,19,28,,
T,2023-02-20 15:56:06,6.17188481,-75.60127058,4.29,1559.680,24.189,10.390,235,19,28,,
T,2023-02-20 15:56:07,6.17183539,-75.60134694,3.22,1560.802,24.190,10.700,236,19,28,,
T,2023-02-20 15:56:08,6.17177272,-75.60143047,4.29,1560.943,24.190,10.810,236,19,28,,
T,2023-02-20 15:56:09,6.17171915,-75.60150955,4.29,1561.505,24.191,10.470,234,19,28,,
T,2023-02-20 15:56:10,6.17166423,-75.60158980,4.29,1560.752,24.191,10.220,235,19,28,,
T,2023-02-20 15:56:11,6.17161152,-75.60166606,4.29,1561.023,24.192,10.360,236,18,28,,
T,2023-02-20 15:56:12,6.17155657,-75.60173971,4.29,1561.045,24.192,9.880,236,19,28,,
T,2023-02-20 15:56:13,6.17150285,-75.60181461,4.29,1562.613,24.193,10.110,235,20,28,,
T,2023-02-20 15:56:14,6.17144413,-75.60188453,4.29,1562.546,24.193,9.830,236,20,28,,
T,2023-02-20 15:56:15,6.17138836,-75.60196200,4.29,1564.445,24.194,9.540,235,20,28,,
T,2023-02-20 15:56:16,6.17134161,-75.60202914,4.29,1563.497,24.194,9.130,236,18,28,,
T,2023-02-20 15:56:17,6.17128489,-75.60208956,4.29,1564.369,24.195,8.880,234,20,28,,
T,2023-02-20 15:56:18,6.17123478,-75.60215242,3.22,1566.231,24.195,8.820,235,20,28,,
T,2023-02-20 15:56:19,6.17119123,-75.60221668,3.22,1564.850,24.195,8.760,235,20,28,,
T,2023-02-20 15:56:20,6.17114880,-75.60227251,3.22,1563.828,24.196,7.640,234,21,28,,
T,2023-02-20 15:56:21,6.17111168,-75.60234106,3.22,1563.204,24.196,7.730,234,21,28,,
T,2023-02-20 15:56:22,6.17105473,-75.60240685,3.22,1563.811,24.197,8.210,235,21,28,,
T,2023-02-20 15:56:23,6.17101339,-75.60246177,3.22,1565.142,24.197,7.500,236,21,28,,
T,2023-02-20 15:56:24,6.17097924,-75.60250905,3.22,1564.951,24.197,5.710,236,21,28,,
T,2023-02-20 15:56:25,6.17095292,-75.60254960,3.22,1564.293,24.198,4.970,233,22,28,,
T,2023-02-20 15:56:26,6.17092646,-75.60258048,3.22,1565.533,24.198,4.660,234,22,28,,
T,2023-02-20 15:56:27,6.17090615,-75.60261810,4.29,1566.992,24.198,3.920,236,21,28,,
T,2023-02-20 15:56:28,6.17088757,-75.60264970,5.36,1567.092,24.198,4.150,233,20,28,,
T,2023-02-20 15:56:29,6.17086502,-75.60267440,5.36,1567.133,24.198,3.780,233,20,28,,
T,2023-02-20 15:56:30,6.17083898,-75.60271322,6.43,1567.004,24.199,4.660,234,19,28,,
T,2023-02-20 15:56:31,6.17080569,-75.60275705,6.43,1566.103,24.199,5.090,234,18,28,,
T,2023-02-20 15:56:32,6.17076722,-75.60280672,6.43,1564.874,24.199,5.610,233,17,28,,
T,2023-02-20 15:56:33,6.17072291,-75.60286900,6.43,1564.458,24.200,6.900,233,17,28,,
T,2023-02-20 15:56:34,6.17069128,-75.60292268,5.36,1562.740,24.200,6.550,234,15,28,,
T,2023-02-20 15:56:35,6.17067226,-75.60298365,6.43,1562.479,24.200,6.660,235,16,28,,
T,2023-02-20 15:56:36,6.17060886,-75.60303142,7.50,1562.286,24.201,6.210,234,16,28,,
T,2023-02-20 15:56:37,6.17056251,-75.60307819,7.50,1562.997,24.201,6.960,232,15,28,,
T,2023-02-20 15:56:38,6.17052068,-75.60314855,7.50,1563.362,24.202,7.740,235,16,28,,
T,2023-02-20 15:56:39,6.17046757,-75.60319131,7.50,1564.148,24.202,7.890,233,15,28,,
T,2023-02-20 15:56:40,6.17039527,-75.60323247,7.50,1564.707,24.202,8.610,233,14,28,,
T,2023-02-20 15:56:41,6.17034795,-75.60330227,7.50,1565.713,24.203,9.130,232,16,28,,
T,2023-02-20 15:56:42,6.17029671,-75.60335983,10.72,1566.023,24.203,8.730,233,15,28,,
T,2023-02-20 15:56:43,6.17025397,-75.60344549,10.72,1567.310,24.204,9.180,233,14,28,,
T,2023-02-20 15:56:44,6.17019118,-75.60352925,10.72,1567.227,24.204,9.490,234,14,28,,
T,2023-02-20 15:56:45,6.17011697,-75.60360867,10.72,1569.581,24.205,9.600,232,14,28,,
T,2023-02-20 15:56:46,6.17006413,-75.60369311,11.79,1571.344,24.205,9.450,234,15,28,,
T,2023-02-20 15:56:47,6.17001302,-75.60373927,11.79,1572.729,24.206,9.290,234,15,28,,
T,2023-02-20 15:56:48,6.16996732,-75.60381273,11.79,1572.580,24.206,9.450,235,15,27,,
T,2023-02-20 15:56:49,6.16991985,-75.60388709,11.79,1572.270,24.207,9.020,234,16,28,,
T,2023-02-20 15:56:50,6.16988065,-75.60395591,11.79,1574.134,24.207,8.290,232,16,28,,
T,2023-02-20 15:56:51,6.16988274,-75.60399587,11.79,1572.499,24.207,6.870,232,16,28,,
T,2023-02-20 15:56:52,6.16984933,-75.60404817,11.79,1574.037,24.208,6.880,234,15,28,,
T,2023-02-20 15:56:53,6.16982173,-75.60408207,11.79,1573.639,24.208,5.560,231,15,28,,
T,2023-02-20 15:56:54,6.16979063,-75.60412812,11.79,1573.665,24.208,5.050,234,15,28,,
T,2023-02-20 15:56:55,6.16976120,-75.60415517,10.72,1573.658,24.208,4.340,235,16,27,,
T,2023-02-20 15:56:56,6.16973422,-75.60419632,10.72,1573.402,24.209,4.120,234,16,28,,
T,2023-02-20 15:56:57,6.16971596,-75.60421979,11.79,1573.592,24.209,3.960,236,15,28,,
T,2023-02-20 15:56:58,6.16968904,-75.60426023,11.79,1574.544,24.209,4.530,233,14,27,,
T,2023-02-20 15:56:59,6.16966429,-75.60430669,10.72,1574.343,24.209,5.100,236,13,27,,
T,2023-02-20 15:57:00,6.16963796,-75.60435441,10.72,1572.999,24.210,5.880,233,13,27,,
T,2023-02-20 15:57:01,6.16961421,-75.60441315,10.72,1573.226,24.210,6.300,237,14,27,,
T,2023-02-20 15:57:02,6.16962320,-75.60444026,10.72,1569.746,24.210,6.330,236,14,27,,
T,2023-02-20 15:57:03,6.16959226,-75.60447841,10.72,1570.826,24.210,5.710,236,16,27,,
T,2023-02-20 15:57:04,6.16955748,-75.60451198,11.79,1569.485,24.211,5.350,235,15,27,,
T,2023-02-20 15:57:05,6.16952136,-75.60456882,11.79,1568.120,24.211,5.810,237,16,27,,
T,2023-02-20 15:57:06,6.16948628,-75.60461115,11.79,1566.833,24.211,5.190,233,16,27,,
T,2023-02-20 15:57:07,6.16945506,-75.60465371,11.79,1567.431,24.212,5.290,232,15,27,,
T,2023-02-20 15:57:08,6.16941891,-75.60469760,11.79,1568.487,24.212,6.240,235,16,27,,
T,2023-02-20 15:57:09,6.16938344,-75.60474583,11.79,1567.565,24.212,6.500,235,15,27,,
T,2023-02-20 15:57:10,6.16934192,-75.60479385,11.79,1566.333,24.212,6.500,235,16,27,,
T,2023-02-20 15:57:11,6.16930411,-75.60486964,11.79,1566.783,24.213,7.160,233,15,27,,
T,2023-02-20 15:57:12,6.16925869,-75.60493753,11.79,1566.701,24.213,7.720,233,15,27,,
T,2023-02-20 15:57:13,6.16921283,-75.60499818,11.79,1566.880,24.214,8.250,235,16,27,,
T,2023-02-20 15:57:14,6.16917430,-75.60505946,11.79,1565.160,24.214,7.960,235,15,27,,
T,2023-02-20 15:57:15,6.16914019,-75.60509715,12.86,1563.606,24.214,7.250,234,15,27,,
T,2023-02-20 15:57:16,6.16909265,-75.60515163,12.86,1562.710,24.215,7.350,235,15,27,,
T,2023-02-20 15:57:17,6.16906412,-75.60520071,12.86,1562.872,24.215,6.240,235,14,27,,
T,2023-02-20 15:57:18,6.16901219,-75.60521676,12.86,1561.579,24.215,4.920,234,14,27,,
T,2023-02-20 15:57:19,6.16896067,-75.60525818,12.86,1560.974,24.216,5.710,238,13,27,,
T,2023-02-20 15:57:20,6.16892793,-75.60530211,12.86,1561.041,24.216,6.240,235,15,27,,
T,2023-02-20 15:57:21,6.16889494,-75.60536434,12.86,1560.022,24.216,6.380,236,16,27,,
T,2023-02-20 15:57:22,6.16886805,-75.60541892,11.79,1559.859,24.217,6.340,235,16,27,,
T,2023-02-20 15:57:23,6.16883439,-75.60547505,11.79,1560.422,24.217,6.010,234,16,27,,
T,2023-02-20 15:57:24,6.16879967,-75.60553247,11.79,1560.376,24.217,6.030,234,17,27,,
T,2023-02-20 15:57:25,6.16875036,-75.60559303,11.79,1558.970,24.218,7.020,232,17,27,,
T,2023-02-20 15:57:26,6.16871933,-75.60564418,11.79,1558.733,24.218,6.650,233,15,27,,
T,2023-02-20 15:57:27,6.16867474,-75.60569353,11.79,1558.007,24.219,7.010,233,16,27,,
T,2023-02-20 15:57:28,6.16865935,-75.60574121,11.79,1557.018,24.219,6.360,235,16,27,,
T,2023-02-20 15:57:29,6.16862750,-75.60579728,11.79,1555.386,24.219,6.850,234,16,27,,
T,2023-02-20 15:57:30,6.16859279,-75.60584965,11.79,1556.097,24.219,6.510,234,17,27,,
T,2023-02-20 15:57:31,6.16856500,-75.60589914,11.79,1558.858,24.220,6.250,234,16,27,,
T,2023-02-20 15:57:32,6.16852878,-75.60595160,11.79,1557.895,24.220,5.480,235,15,27,,
T,2023-02-20 15:57:33,6.16849815,-75.60599019,10.72,1558.992,24.220,4.920,235,14,27,,
T,2023-02-20 15:57:34,6.16848792,-75.60600557,10.72,1559.636,24.220,3.910,236,15,27,,
T,2023-02-20 15:57:35,6.16851625,-75.60603218,10.72,1555.724,24.221,2.670,234,18,27,,
T,2023-02-20 15:57:36,6.16849089,-75.60605984,10.72,1556.736,24.221,2.590,242,18,27,,
T,2023-02-20 15:57:37,6.16848506,-75.60608998,10.72,1556.113,24.221,2.200,239,18,27,,
T,2023-02-20 15:57:38,6.16847516,-75.60611159,10.72,1556.304,24.221,2.660,239,18,27,,
T,2023-02-20 15:57:39,6.16845863,-75.60613784,10.72,1557.167,24.221,3.090,236,18,27,,
T,2023-02-20 15:57:40,6.16843542,-75.60617286,10.72,1558.568,24.221,3.970,237,16,27,,
T,2023-02-20 15:57:41,6.16840926,-75.60620930,10.72,1558.138,24.222,4.290,241,16,27,,
T,2023-02-20 15:57:42,6.16839210,-75.60623550,11.79,1558.365,24.222,3.360,241,15,27,,
T,2023-02-20 15:57:43,6.16837183,-75.60626037,11.79,1558.246,24.222,3.580,238,14,27,,
T,2023-02-20 15:57:44,6.16835472,-75.60628176,12.86,1558.011,24.222,3.140,238,13,27,,
T,2023-02-20 15:57:45,6.16833239,-75.60631051,12.86,1558.096,24.222,3.610,235,12,27,,
T,2023-02-20 15:57:46,6.16831625,-75.60633383,12.86,1558.716,24.223,3.030,237,12,27,,
T,2023-02-20 15:57:47,6.16829636,-75.60635597,12.86,1557.434,24.223,3.080,237,12,27,,
T,2023-02-20 15:57:48,6.16827892,-75.60637454,12.86,1557.658,24.223,2.650,240,12,27,,
T,2023-02-20 15:57:49,6.16826399,-75.60639267,13.94,1558.068,24.223,2.630,228,11,27,,
T,2023-02-20 15:57:50,6.16824693,-75.60640704,13.94,1557.974,24.223,2.320,225,12,27,,
T,2023-02-20 15:57:51,6.16824523,-75.60641073,13.94,1559.186,24.223,1.050,225,13,27,,
T,2023-02-20 15:57:52,6.16823468,-75.60641230,12.86,1560.859,24.223,0.990,225,14,26,,
T,2023-02-20 15:57:53,6.16822976,-75.60642432,12.86,1560.812,24.223,1.110,227,13,27,,
T,2023-02-20 15:57:54,6.16822346,-75.60643648,12.86,1562.068,24.223,0.590,227,13,27,,
T,2023-02-20 15:57:55,6.16822119,-75.60644078,11.79,1564.014,24.223,0.260,235,13,27,,
T,2023-02-20 15:57:56,6.16822000,-75.60644532,11.79,1565.596,24.223,0.330,240,13,27,,
T,2023-02-20 15:57:57,6.16822041,-75.60645015,11.79,1565.534,24.223,0.360,240,14,27,,
T,2023-02-20 15:57:58,6.16821987,-75.60645088,11.79,1565.095,24.223,0.190,227,14,27,,
T,2023-02-20 15:57:59,6.16822926,-75.60643349,11.79,1564.250,24.223,0.000,,14,27,,
T,2023-02-20 15:58:00,6.16822817,-75.60642446,11.79,1563.752,24.223,0.000,,14,27,,
T,2023-02-20 15:58:01,6.16822925,-75.60641636,10.72,1563.842,24.223,0.000,,14,27,,
T,2023-02-20 15:58:02,6.16822608,-75.60641657,10.72,1564.144,24.223,0.000,,14,27,,
T,2023-02-20 15:58:03,6.16821652,-75.60641818,10.72,1565.382,24.223,0.000,,14,27,,
T,2023-02-20 15:58:04,6.16821403,-75.60641765,10.72,1565.542,24.223,0.000,,14,27,,
T,2023-02-20 15:58:05,6.16821183,-75.60641152,10.72,1565.000,24.223,0.000,,14,27,,
T,2023-02-20 15:58:06,6.16820316,-75.60641213,10.72,1565.147,24.223,0.000,,14,27,,
T,2023-02-20 15:58:07,6.16819441,-75.60641500,10.72,1565.210,24.223,0.000,,14,27,,
T,2023-02-20 15:58:08,6.16818837,-75.60641715,10.72,1565.321,24.223,0.000,,14,26,,
T,2023-02-20 15:58:09,6.16818668,-75.60641717,10.72,1565.234,24.223,0.000,,14,27,,
T,2023-02-20 15:58:10,6.16819045,-75.60641413,10.72,1564.863,24.223,0.000,,14,27,,
T,2023-02-20 15:58:11,6.16819760,-75.60641018,9.65,1563.928,24.223,0.000,,14,27,,
T,2023-02-20 15:58:12,6.16819845,-75.60641018,9.65,1564.181,24.223,0.000,,15,27,,
T,2023-02-20 15:58:13,6.16814299,-75.60649380,9.65,1566.903,24.224,5.840,246,16,27,,
T,2023-02-20 15:58:14,6.16811456,-75.60655846,9.65,1567.455,24.224,6.590,245,16,27,,
T,2023-02-20 15:58:15,6.16806556,-75.60661400,9.65,1567.003,24.225,5.870,241,16,27,,
T,2023-02-20 15:58:16,6.16803952,-75.60665735,9.65,1567.005,24.225,5.690,243,16,27,,
T,2023-02-20 15:58:17,6.16802415,-75.60672036,9.65,1568.537,24.225,5.240,235,16,27,,
T,2023-02-20 15:58:18,6.16799636,-75.60675044,9.65,1569.226,24.225,4.340,239,17,27,,
T,2023-02-20 15:58:19,6.16800674,-75.60676425,9.65,1566.742,24.225,2.720,239,19,27,,
T,2023-02-20 15:58:20,6.16799208,-75.60678018,9.65,1565.752,24.226,1.980,231,19,27,,
T,2023-02-20 15:58:21,6.16798358,-75.60679721,9.65,1564.598,24.226,2.460,219,19,27,,
T,2023-02-20 15:58:22,6.16795810,-75.60682506,9.65,1564.187,24.226,3.470,233,20,27,,
T,2023-02-20 15:58:23,6.16793258,-75.60686208,9.65,1562.901,24.226,4.290,236,20,27,,
T,2023-02-20 15:58:24,6.16789824,-75.60689387,9.65,1560.927,24.226,4.420,219,20,27,,
T,2023-02-20 15:58:25,6.16786563,-75.60692485,9.65,1562.499,24.227,4.420,230,20,27,,
T,2023-02-20 15:58:26,6.16784158,-75.60695407,9.65,1561.388,24.227,3.820,230,20,27,,
T,2023-02-20 15:58:27,6.16781926,-75.60698269,9.65,1563.223,24.227,3.980,234,20,27,,
T,2023-02-20 15:58:28,6.16779614,-75.60701571,9.65,1567.600,24.227,4.200,232,19,27,,
T,2023-02-20 15:58:29,6.16777183,-75.60704963,9.65,1569.182,24.227,4.190,233,18,27,,
T,2023-02-20 15:58:30,6.16775019,-75.60708507,9.65,1570.411,24.228,4.090,238,19,27,,
T,2023-02-20 15:58:31,6.16772316,-75.60711721,9.65,1570.052,24.228,4.200,231,19,27,,
T,2023-02-20 15:58:32,6.16769379,-75.60715275,9.65,1570.273,24.228,4.590,233,19,27,,
T,2023-02-20 15:58:33,6.16766511,-75.60718792,9.65,1569.763,24.228,4.580,234,19,27,,
T,2023-02-20 15:58:34,6.16763466,-75.60722411,9.65,1569.264,24.229,4.960,235,19,27,,
T,2023-02-20 15:58:35,6.16759769,-75.60726876,9.65,1568.304,24.229,5.600,232,19,27,,
T,2023-02-20 15:58:36,6.16757934,-75.60731541,9.65,1567.301,24.229,5.600,235,18,27,,
T,2023-02-20 15:58:37,6.16754790,-75.60736455,9.65,1566.025,24.229,5.540,236,19,27,,
T,2023-02-20 15:58:38,6.16751232,-75.60740475,9.65,1565.689,24.230,6.340,235,20,27,,
T,2023-02-20 15:58:39,6.16746848,-75.60744666,9.65,1565.428,24.230,6.500,235,20,27,,
T,2023-02-20 15:58:40,6.16742692,-75.60750499,9.65,1567.882,24.230,6.820,233,20,27,,
T,2023-02-20 15:58:41,6.16738146,-75.60757156,9.65,1568.084,24.231,8.340,235,20,27,,
T,2023-02-20 15:58:42,6.16733385,-75.60763221,9.65,1567.821,24.231,8.700,236,20,27,,
T,2023-02-20 15:58:43,6.16728466,-75.60770664,9.65,1568.191,24.232,9.590,234,20,27,,
T,2023-02-20 15:58:44,6.16722642,-75.60778984,9.65,1568.309,24.232,10.130,235,20,27,,
T,2023-02-20 15:58:45,6.16716956,-75.60787718,9.65,1567.210,24.233,11.200,236,20,27,,
T,2023-02-20 15:58:46,6.16710010,-75.60796335,9.65,1568.140,24.233,11.740,235,20,27,,
T,2023-02-20 15:58:47,6.16703142,-75.60805030,9.65,1569.414,24.234,12.060,237,20,27,,
T,2023-02-20 15:58:48,6.16697038,-75.60814748,9.65,1567.814,24.235,12.410,235,20,27,,
T,2023-02-20 15:58:49,6.16689754,-75.60824333,9.65,1567.085,24.235,13.030,234,20,27,,
T,2023-02-20 15:58:50,6.16681812,-75.60834676,9.65,1568.627,24.236,13.340,234,20,27,,
T,2023-02-20 15:58:51,6.16675277,-75.60844748,9.65,1568.694,24.237,13.590,236,20,27,,
T,2023-02-20 15:58:52,6.16667691,-75.60854582,9.65,1565.602,24.237,13.590,236,14,27,,
T,2023-02-20 15:58:53,6.16660094,-75.60864774,9.65,1566.730,24.238,13.780,236,17,27,,
T,2023-02-20 15:58:54,6.16653569,-75.60874388,9.65,1567.199,24.239,13.710,237,15,27,,
T,2023-02-20 15:58:55,6.16646769,-75.60884500,9.65,1565.893,24.239,13.610,237,13,27,,
T,2023-02-20 15:58:56,6.16639255,-75.60895093,9.65,1566.182,24.240,13.710,236,15,27,,
T,2023-02-20 15:58:57,6.16632435,-75.60904920,9.65,1565.851,24.241,13.790,237,16,27,,
T,2023-02-20 15:58:58,6.16624902,-75.60915107,9.65,1565.651,24.241,13.900,235,16,26,,
T,2023-02-20 15:58:59,6.16617445,-75.60925138,9.65,1563.425,24.242,13.840,235,14,26,,
T,2023-02-20 15:59:00,6.16609272,-75.60936040,9.65,1564.430,24.243,14.050,234,17,26,,
T,2023-02-20 15:59:01,6.16601688,-75.60945721,9.65,1566.397,24.243,13.450,235,16,26,,
T,2023-02-20 15:59:02,6.16594868,-75.60955211,9.65,1565.735,24.244,12.870,236,16,26,,
T,2023-02-20 15:59:03,6.16587394,-75.60964458,9.65,1564.334,24.245,12.300,234,16,26,,
T,2023-02-20 15:59:04,6.16580955,-75.60972819,9.65,1565.114,24.245,11.580,234,17,26,,
T,2023-02-20 15:59:05,6.16575049,-75.60980403,9.65,1568.863,24.246,10.910,234,16,26,,
T,2023-02-20 15:59:06,6.16569249,-75.60988039,9.65,1569.175,24.246,10.810,235,17,26,,
T,2023-02-20 15:59:07,6.16564006,-75.60995554,9.65,1568.953,24.247,10.620,236,14,26,,
T,2023-02-20 15:59:08,6.16558404,-75.61003136,9.65,1570.559,24.247,10.320,237,12,26,,
T,2023-02-20 15:59:09,6.16552786,-75.61010890,9.65,1573.193,24.248,9.900,236,14,26,,
T,2023-02-20 15:59:10,6.16548224,-75.61018145,9.65,1573.412,24.248,9.890,236,12,26,,
T,2023-02-20 15:59:11,6.16542612,-75.61025701,9.65,1573.951,24.249,10.390,235,13,26,,
T,2023-02-20 15:59:12,6.16537477,-75.61035070,9.65,1574.191,24.249,10.980,239,16,26,,
T,2023-02-20 15:59:13,6.16531393,-75.61045017,9.65,1572.789,24.250,12.040,237,16,26,,
T,2023-02-20 15:59:14,6.16525512,-75.61052675,9.65,1573.752,24.250,11.220,235,16,26,,
T,2023-02-20 15:59:15,6.16520012,-75.61061283,9.65,1575.907,24.251,10.780,235,19,26,,
T,2023-02-20 15:59:16,6.16515167,-75.61069679,9.65,1575.337,24.252,10.880,234,17,26,,
T,2023-02-20 15:59:17,6.16510316,-75.61077307,9.65,1573.930,24.252,10.590,234,14,26,,
T,2023-02-20 15:59:18,6.16505303,-75.61084947,9.65,1574.762,24.253,10.730,239,14,26,,
T,2023-02-20 15:59:19,6.16500406,-75.61092490,9.65,1573.899,24.253,11.420,240,13,26,,
T,2023-02-20 15:59:20,6.16494504,-75.61101626,9.65,1575.236,24.254,12.070,239,12,26,,
T,2023-02-20 15:59:21,6.16489645,-75.61110824,9.65,1575.574,24.254,12.320,239,14,26,,
T,2023-02-20 15:59:22,6.16484133,-75.61121362,9.65,1577.852,24.255,13.110,238,13,26,,
T,2023-02-20 15:59:23,6.16477708,-75.61131894,9.65,1579.273,24.256,13.820,238,18,26,,
T,2023-02-20 15:59:24,6.16469682,-75.61142333,9.65,1582.615,24.256,14.590,237,16,26,,
T,2023-02-20 15:59:25,6.16462494,-75.61153084,9.65,1583.908,24.257,14.910,237,15,26,,
T,2023-02-20 15:59:26,6.16455194,-75.61163273,9.65,1583.835,24.258,14.880,235,15,26,,
T,2023-02-20 15:59:27,6.16447727,-75.61174974,9.65,1584.578,24.258,15.170,236,16,26,,
T,2023-02-20 15:59:28,6.16440351,-75.61186304,9.65,1585.201,24.259,15.250,235,15,26,,
T,2023-02-20 15:59:29,6.16433159,-75.61197978,9.65,1587.837,24.260,15.230,238,17,26,,
T,2023-02-20 15:59:30,6.16425652,-75.61210058,9.65,1585.861,24.261,15.560,236,17,26,,
T,2023-02-20 15:59:31,6.16416632,-75.61221940,9.65,1584.353,24.261,15.940,234,13,26,,
T,2023-02-20 15:59:32,6.16408093,-75.61233138,9.65,1584.931,24.262,15.890,233,12,26,,
T,2023-02-20 15:59:33,6.16399039,-75.61246354,9.65,1584.776,24.263,16.090,234,15,26,,
T,2023-02-20 15:59:34,6.16389772,-75.61259568,9.65,1584.512,24.264,16.540,235,16,26,,
T,2023-02-20 15:59:35,6.16381500,-75.61272342,9.65,1585.341,24.265,16.520,236,15,26,,
T,2023-02-20 15:59:36,6.16372631,-75.61284956,9.65,1586.024,24.266,16.510,235,14,26,,
T,2023-02-20 15:59:37,6.16364337,-75.61298189,9.65,1586.150,24.266,16.680,235,13,26,,
T,2023-02-20 15:59:38,6.16355519,-75.61310843,9.65,1586.141,24.267,16.880,235,13,25,,
T,2023-02-20 15:59:39,6.16346991,-75.61323680,9.65,1586.392,24.268,16.850,237,13,26,,
T,2023-02-20 15:59:40,6.16338782,-75.61336208,9.65,1586.777,24.269,16.810,235,15,26,,
T,2023-02-20 15:59:41,6.16330164,-75.61348265,9.65,1586.782,24.270,16.550,235,14,26,,
T,2023-02-20 15:59:42,6.16322198,-75.61360169,9.65,1587.234,24.270,15.990,235,14,26,,
T,2023-02-20 15:59:43,6.16312745,-75.61372387,9.65,1586.633,24.271,15.200,235,10,26,,
T,2023-02-20 15:59:44,6.16303680,-75.61382925,9.65,1587.401,24.272,14.360,234,15,26,,
T,2023-02-20 15:59:45,6.16296319,-75.61393225,9.65,1586.899,24.273,13.100,235,16,26,,
T,2023-02-20 15:59:46,6.16289684,-75.61401992,9.65,1589.094,24.273,11.980,236,15,26,,
T,2023-02-20 15:59:47,6.16283436,-75.61410653,9.65,1590.242,24.274,11.350,237,14,26,,
T,2023-02-20 15:59:48,6.16277448,-75.61418168,9.65,1592.403,24.274,10.120,237,12,26,,
T,2023-02-20 15:59:49,6.16272578,-75.61425253,9.65,1595.108,24.275,9.490,237,17,26,,
T,2023-02-20 15:59:50,6.16269167,-75.61432652,9.65,1596.694,24.275,9.320,247,14,26,,
T,2023-02-20 15:59:51,6.16267738,-75.61442281,9.65,1596.990,24.276,10.180,263,13,26,,
T,2023-02-20 15:59:52,6.16270569,-75.61451295,9.65,1594.646,24.276,10.500,281,13,26,,
T,2023-02-20 15:59:53,6.16276076,-75.61459950,9.65,1590.757,24.277,10.280,296,17,26,,
T,2023-02-20 15:59:54,6.16282437,-75.61467013,9.65,1587.237,24.277,9.540,311,13,26,,
T,2023-02-20 15:59:55,6.16288862,-75.61473154,9.65,1587.076,24.277,10.240,319,16,26,,
T,2023-02-20 15:59:56,6.16295829,-75.61479081,9.65,1588.278,24.277,10.430,317,15,26,,
T,2023-02-20 15:59:57,6.16302411,-75.61484791,9.65,1590.814,24.277,10.300,318,16,26,,
T,2023-02-20 15:59:58,6.16309152,-75.61490978,9.65,1593.368,24.278,10.410,320,14,26,,
T,2023-02-20 15:59:59,6.16316189,-75.61496769,9.65,1597.073,24.278,10.590,319,12,26,,
T,2023-02-20 16:00:00,6.16323044,-75.61503509,9.65,1599.780,24.278,10.680,319,11,26,,
T,2023-02-20 16:00:01,6.16330206,-75.61510040,9.65,1602.465,24.278,10.490,319,11,26,,
T,2023-02-20 16:00:02,6.16337255,-75.61514821,9.65,1605.428,24.278,9.700,319,12,26,,
T,2023-02-20 16:00:03,6.16344133,-75.61519532,10.72,1607.109,24.278,8.800,319,11,26,,
T,2023-02-20 16:00:04,6.16350328,-75.61523632,10.72,1588.839,24.278,7.550,320,12,26,,
T,2023-02-20 16:00:05,6.16354362,-75.61526359,10.72,1590.283,24.279,6.700,321,19,26,,
T,2023-02-20 16:00:06,6.16358891,-75.61529145,10.72,1590.444,24.279,5.490,322,19,26,,
T,2023-02-20 16:00:07,6.16361926,-75.61531191,10.72,1590.721,24.279,5.100,323,19,26,,
T,2023-02-20 16:00:08,6.16365449,-75.61533418,10.72,1591.005,24.279,4.630,324,18,26,,
T,2023-02-20 16:00:09,6.16366957,-75.61534087,10.72,1591.712,24.279,3.300,326,18,26,,
T,2023-02-20 16:00:10,6.16369169,-75.61535270,10.72,1591.913,24.279,2.850,324,18,26,,
T,2023-02-20 16:00:11,6.16370793,-75.61537131,10.72,1590.543,24.279,1.820,325,18,26,,
T,2023-02-20 16:00:12,6.16370818,-75.61537833,9.65,1591.526,24.279,0.700,330,17,26,,
T,2023-02-20 16:00:13,6.16371451,-75.61538606,9.65,1590.135,24.279,0.240,326,17,26,,
T,2023-02-20 16:00:14,6.16371946,-75.61538634,9.65,1590.124,24.279,0.000,,19,26,,
T,2023-02-20 16:00:15,6.16372553,-75.61539090,9.65,1588.933,24.279,0.260,326,19,26,,
T,2023-02-20 16:00:16,6.16373720,-75.61539676,9.65,1587.404,24.279,0.000,,19,26,,
T,2023-02-20 16:00:17,6.16373850,-75.61540287,9.65,1587.201,24.279,0.000,,19,26,,
T,2023-02-20 16:00:18,6.16373741,-75.61540492,9.65,1587.038,24.279,0.000,,19,26,,
T,2023-02-20 16:00:19,6.16373682,-75.61540484,9.65,1586.903,24.279,0.000,,19,26,,
T,2023-02-20 16:00:20,6.16373771,-75.61540836,9.65,1586.666,24.279,0.000,,19,26,,
T,2023-02-20 16:00:21,6.16373659,-75.61541016,9.65,1586.911,24.279,0.000,,18,26,,
T,2023-02-20 16:00:22,6.16373670,-75.61541253,9.65,1586.846,24.279,0.000,,18,26,,
T,2023-02-20 16:00:23,6.16373604,-75.61541119,9.65,1586.619,24.279,0.000,,19,26,,
T,2023-02-20 16:00:24,6.16373310,-75.61541039,9.65,1586.280,24.279,0.000,,19,26,,
T,2023-02-20 16:00:25,6.16373347,-75.61541178,9.65,1586.057,24.279,0.000,,20,26,,
T,2023-02-20 16:00:26,6.16373417,-75.61541217,9.65,1585.971,24.279,0.000,,19,26,,
T,2023-02-20 16:00:27,6.16373415,-75.61541272,9.65,1585.854,24.279,0.000,,19,26,,
T,2023-02-20 16:00:28,6.16373414,-75.61541276,9.65,1585.649,24.279,0.000,,17,26,,
T,2023-02-20 16:00:29,6.16373396,-75.61541203,9.65,1585.499,24.279,0.000,,19,26,,
T,2023-02-20 16:00:30,6.16373392,-75.61541244,9.65,1585.553,24.279,0.000,,19,26,,
T,2023-02-20 16:00:31,6.16373390,-75.61541279,9.65,1585.533,24.279,0.000,,18,26,,
T,2023-02-20 16:00:32,6.16373386,-75.61541399,9.65,1585.528,24.279,0.000,,19,26,,
T,2023-02-20 16:00:33,6.16373405,-75.61541501,9.65,1585.699,24.279,0.000,,19,26,,
T,2023-02-20 16:00:34,6.16373408,-75.61541642,9.65,1585.768,24.279,0.000,,19,26,,
T,2023-02-20 16:00:35,6.16373407,-75.61541725,9.65,1585.792,24.279,0.000,,19,26,,
T,2023-02-20 16:00:36,6.16373392,-75.61541807,9.65,1585.968,24.279,0.000,,19,26,,
T,2023-02-20 16:00:37,6.16373398,-75.61541855,9.65,1586.004,24.279,0.000,,19,26,,
T,2023-02-20 16:00:38,6.16373402,-75.61541885,9.65,1586.122,24.279,0.000,,18,26,,
T,2023-02-20 16:00:39,6.16373402,-75.61541893,9.65,1586.118,24.279,0.000,,17,26,,
T,2023-02-20 16:00:40,6.16373422,-75.61541910,9.65,1586.117,24.279,0.000,,18,26,,
T,2023-02-20 16:00:41,6.16373441,-75.61541929,9.65,1586.061,24.279,0.000,,19,26,,
T,2023-02-20 16:00:42,6.16373412,-75.61541965,9.65,1586.117,24.279,0.000,,19,26,,
T,2023-02-20 16:00:43,6.16373402,-75.61541980,9.65,1586.118,24.279,0.000,,19,26,,
T,2023-02-20 16:00:44,6.16373397,-75.61541986,9.65,1586.119,24.279,0.000,,19,26,,
T,2023-02-20 16:00:45,6.16373396,-75.61541986,9.65,1586.115,24.279,0.000,,19,26,,
T,2023-02-20 16:00:46,6.16373397,-75.61541986,9.65,1586.113,24.279,0.000,,19,26,,
T,2023-02-20 16:00:47,6.16373400,-75.61541980,9.65,1586.119,24.279,0.000,,17,26,,
T,2023-02-20 16:00:48,6.16373403,-75.61541978,9.65,1586.122,24.279,0.000,,17,26,,
T,2023-02-20 16:00:49,6.16373404,-75.61541980,9.65,1586.120,24.279,0.000,,17,26,,
T,2023-02-20 16:00:50,6.16373404,-75.61541983,9.65,1586.118,24.279,0.000,,17,26,,
T,2023-02-20 16:00:51,6.16373405,-75.61541983,9.65,1586.115,24.279,0.000,,15,26,,
T,2023-02-20 16:00:52,6.16373404,-75.61541984,9.65,1586.109,24.279,0.000,,15,26,,
T,2023-02-20 16:00:53,6.16373405,-75.61541983,9.65,1586.108,24.279,0.000,,15,26,,
T,2023-02-20 16:00:54,6.16373406,-75.61541983,9.65,1586.102,24.279,0.000,,14,26,,
T,2023-02-20 16:00:55,6.16373402,-75.61541982,9.65,1586.090,24.279,0.000,,14,26,,
T,2023-02-20 16:00:56,6.16373401,-75.61541981,9.65,1586.089,24.279,0.000,,13,26,,
T,2023-02-20 16:00:57,6.16373400,-75.61541982,9.65,1586.089,24.279,0.000,,13,26,,
T,2023-02-20 16:00:58,6.16373400,-75.61541982,9.65,1586.085,24.279,0.000,,13,26,,
T,2023-02-20 16:00:59,6.16373398,-75.61541988,9.65,1586.081,24.279,0.000,,12,25,,
T,2023-02-20 16:01:00,6.16373399,-75.61541989,9.65,1586.080,24.279,0.000,,13,25,,
T,2023-02-20 16:01:01,6.16373402,-75.61541988,9.65,1586.077,24.279,0.000,,13,25,,
T,2023-02-20 16:01:02,6.16373403,-75.61541988,9.65,1586.080,24.279,0.000,,13,25,,
T,2023-02-20 16:01:03,6.16373403,-75.61541987,9.65,1586.080,24.279,0.000,,13,24,,
T,2023-02-20 16:01:04,6.16373402,-75.61541987,9.65,1586.078,24.279,0.000,,13,24,,
T,2023-02-20 16:01:05,6.16373403,-75.61541989,9.65,1586.074,24.279,0.000,,13,25,,
T,2023-02-20 16:01:06,6.16373405,-75.61541992,9.65,1586.070,24.279,0.000,,12,25,,
T,2023-02-20 16:01:07,6.16373405,-75.61541996,9.65,1586.064,24.279,0.000,,12,25,,
T,2023-02-20 16:01:08,6.16373404,-75.61541996,9.65,1586.064,24.279,0.000,,13,25,,
T,2023-02-20 16:01:09,6.16373406,-75.61541998,9.65,1586.064,24.279,0.000,,12,25,,
T,2023-02-20 16:01:10,6.16373413,-75.61541988,9.65,1586.067,24.279,0.000,,11,25,,
T,2023-02-20 16:01:11,6.16373421,-75.61541968,9.65,1586.075,24.279,0.000,,13,25,,
T,2023-02-20 16:01:12,6.16373424,-75.61541964,9.65,1586.072,24.279,0.000,,13,25,,
T,2023-02-20 16:01:13,6.16373424,-75.61541969,9.65,1586.065,24.279,0.000,,13,25,,
T,2023-02-20 16:01:14,6.16373424,-75.61541970,9.65,1586.072,24.279,0.000,,14,25,,
T,2023-02-20 16:01:15,6.16373387,-75.61542071,9.65,1586.017,24.279,0.000,,14,25,,
T,2023-02-20 16:01:16,6.16373369,-75.61542120,9.65,1586.001,24.279,0.000,,14,25,,
T,2023-02-20 16:01:17,6.16376079,-75.61544371,9.65,1585.966,24.279,4.990,322,14,25,,
T,2023-02-20 16:01:18,6.16380867,-75.61547811,9.65,1586.402,24.279,5.790,325,15,25,,
T,2023-02-20 16:01:19,6.16385470,-75.61551956,9.65,1586.307,24.279,6.880,323,15,25,,
T,2023-02-20 16:01:20,6.16391852,-75.61559129,9.65,1587.118,24.280,8.690,321,15,25,,
T,2023-02-20 16:01:21,6.16399142,-75.61563031,9.65,1587.334,24.280,9.310,322,14,25,,
T,2023-02-20 16:01:22,6.16412938,-75.61567334,9.65,1657.843,24.280,9.120,320,15,25,,
T,2023-02-20 16:01:23,6.16418328,-75.61573199,9.65,1658.145,24.280,9.270,323,7,25,,
T,2023-02-20 16:01:24,6.16425410,-75.61578114,9.65,1658.757,24.280,9.800,321,10,25,,
T,2023-02-20 16:01:25,6.16432776,-75.61584224,9.65,1653.871,24.280,10.530,321,11,25,,
T,2023-02-20 16:01:26,6.16439464,-75.61590680,9.65,1652.562,24.280,10.760,321,12,25,,
T,2023-02-20 16:01:27,6.16447117,-75.61596230,9.65,1650.269,24.280,11.070,322,10,25,,
T,2023-02-20 16:01:28,6.16455850,-75.61602829,9.65,1649.005,24.281,11.350,321,11,25,,
T,2023-02-20 16:01:29,6.16464844,-75.61609956,9.65,1650.299,24.281,11.660,321,12,25,,
T,2023-02-20 16:01:30,6.16474493,-75.61618176,9.65,1645.612,24.281,11.920,321,12,25,,
T,2023-02-20 16:01:31,6.16482192,-75.61625001,9.65,1645.275,24.281,11.920,321,13,25,,
T,2023-02-20 16:01:32,6.16489736,-75.61630500,10.72,1646.168,24.281,11.630,321,11,25,,
T,2023-02-20 16:01:33,6.16498199,-75.61636296,10.72,1644.978,24.281,11.370,322,10,25,,
T,2023-02-20 16:01:34,6.16506321,-75.61643041,10.72,1642.954,24.282,10.660,321,11,25,,
T,2023-02-20 16:01:35,6.16512326,-75.61648745,10.72,1640.435,24.282,9.450,320,10,25,,
T,2023-02-20 16:01:36,6.16519366,-75.61653378,10.72,1638.306,24.282,8.640,322,9,25,,
T,2023-02-20 16:01:37,6.16525902,-75.61660063,10.72,1635.843,24.282,8.310,320,10,25,,
T,2023-02-20 16:01:38,6.16530476,-75.61663266,10.72,1635.802,24.282,7.420,320,7,25,,
T,2023-02-20 16:01:39,6.16534608,-75.61668794,10.72,1633.603,24.282,5.900,318,9,25,,
T,2023-02-20 16:01:40,6.16538896,-75.61671996,10.72,1633.757,24.283,4.590,320,11,25,,
T,2023-02-20 16:01:41,6.16542126,-75.61674351,11.79,1630.923,24.283,3.420,322,8,25,,
T,2023-02-20 16:01:42,6.16544591,-75.61676716,11.79,1629.446,24.283,2.750,324,8,25,,
T,2023-02-20 16:01:43,6.16546094,-75.61677360,11.79,1629.185,24.283,2.220,322,9,25,,
T,2023-02-20 16:01:44,6.16547781,-75.61677417,11.79,1629.898,24.283,1.790,324,10,25,,
T,2023-02-20 16:01:45,6.16544866,-75.61681690,11.79,1627.726,24.283,0.340,324,12,25,,
T,2023-02-20 16:01:46,6.16545986,-75.61682775,11.79,1628.252,24.283,0.480,329,9,25,,
T,2023-02-20 16:01:47,6.16546740,-75.61682971,11.79,1627.426,24.283,0.600,327,9,25,,
T,2023-02-20 16:01:48,6.16547015,-75.61684460,11.79,1624.278,24.283,0.480,327,12,25,,
T,2023-02-20 16:01:49,6.16547274,-75.61686138,11.79,1620.593,24.283,0.960,328,11,25,,
T,2023-02-20 16:01:50,6.16548224,-75.61687356,11.79,1620.550,24.283,2.160,343,14,25,,
T,2023-02-20 16:01:51,6.16549854,-75.61689283,11.79,1620.995,24.283,3.630,338,11,25,,
T,2023-02-20 16:01:52,6.16552527,-75.61692168,10.72,1622.244,24.283,5.310,331,11,25,,
T,2023-02-20 16:01:53,6.16555804,-75.61696252,10.72,1619.959,24.283,6.040,328,15,25,,
T,2023-02-20 16:01:54,6.16560553,-75.61700516,10.72,1617.397,24.284,7.300,327,15,25,,
T,2023-02-20 16:01:55,6.16566104,-75.61704726,10.72,1616.044,24.284,8.250,326,15,25,,
T,2023-02-20 16:01:56,6.16572607,-75.61709221,9.65,1614.665,24.284,9.290,325,14,25,,
T,2023-02-20 16:01:57,6.16579272,-75.61714605,9.65,1613.666,24.284,9.740,324,14,25,,
T,2023-02-20 16:01:58,6.16586140,-75.61719094,9.65,1613.101,24.284,10.270,324,15,25,,
T,2023-02-20 16:01:59,6.16593843,-75.61724153,9.65,1613.307,24.284,11.000,324,12,25,,
T,2023-02-20 16:02:00,6.16602104,-75.61730218,9.65,1615.644,24.284,11.580,324,15,25,,
T,2023-02-20 16:02:01,6.16611472,-75.61736658,9.65,1615.133,24.285,12.330,325,13,25,,
T,2023-02-20 16:02:02,6.16620608,-75.61743111,10.72,1618.128,24.285,12.910,324,15,25,,
T,2023-02-20 16:02:03,6.16629834,-75.61750242,10.72,1619.962,24.285,13.320,323,13,25,,
T,2023-02-20 16:02:04,6.16639490,-75.61757675,10.72,1621.446,24.285,13.590,323,14,25,,
T,2023-02-20 16:02:05,6.16651213,-75.61766475,9.65,1621.424,24.285,14.550,323,15,25,,
T,2023-02-20 16:02:06,6.16661455,-75.61775335,9.65,1621.640,24.286,15.000,322,15,25,,
T,2023-02-20 16:02:07,6.16672500,-75.61783411,9.65,1622.328,24.286,15.260,323,10,25,,
T,2023-02-20 16:02:08,6.16683763,-75.61792357,9.65,1623.146,24.286,15.630,322,15,25,,
T,2023-02-20 16:02:09,6.16695777,-75.61801297,10.72,1623.245,24.286,15.940,323,11,25,,
T,2023-02-20 16:02:10,6.16707355,-75.61809396,10.72,1623.211,24.286,16.170,322,14,25,,
T,2023-02-20 16:02:11,6.16718945,-75.61818831,10.72,1624.586,24.287,16.330,323,14,25,,
T,2023-02-20 16:02:12,6.16730263,-75.61828900,10.72,1625.296,24.287,15.570,322,13,25,,
T,2023-02-20 16:02:13,6.16741038,-75.61837531,10.72,1625.581,24.287,14.820,323,15,25,,
T,2023-02-20 16:02:14,6.16750880,-75.61846307,10.72,1625.975,24.288,13.820,321,16,25,,
T,2023-02-20 16:02:15,6.16760054,-75.61853972,11.79,1625.501,24.288,12.390,321,15,25,,
T,2023-02-20 16:02:16,6.16769475,-75.61862097,10.72,1625.863,24.288,11.200,322,15,25,,
T,2023-02-20 16:02:17,6.16777015,-75.61867559,10.72,1622.203,24.288,9.670,326,16,25,,
T,2023-02-20 16:02:18,6.16785187,-75.61872675,10.72,1623.016,24.288,9.650,331,16,25,,
T,2023-02-20 16:02:19,6.16794176,-75.61875443,9.65,1622.333,24.288,10.880,352,18,25,,
T,2023-02-20 16:02:20,6.16802939,-75.61873918,9.65,1619.597,24.288,11.050,6,15,25,,
T,2023-02-20 16:02:21,6.16813282,-75.61874689,9.65,1618.064,24.288,11.280,8,15,25,,
T,2023-02-20 16:02:22,6.16822360,-75.61876538,10.72,1617.095,24.288,10.380,359,16,25,,
T,2023-02-20 16:02:23,6.16828642,-75.61881313,11.79,1618.036,24.288,9.250,344,16,25,,
T,2023-02-20 16:02:24,6.16832662,-75.61888640,11.79,1619.197,24.288,,,13,25,,
T,2023-02-20 16:02:25,6.16834066,-75.61898152,11.79,1619.435,24.289,,,10,25,,
T,2023-02-20 16:02:26,6.16831945,-75.61906911,23.58,1620.440,24.289,,,9,25,,
T,2023-02-20 16:02:27,6.16828271,-75.61915662,24.66,1620.170,24.290,9.400,276,10,25,,
T,2023-02-20 16:02:28,6.16826273,-75.61923510,10.72,1618.465,24.290,10.190,249,12,25,,
T,2023-02-20 16:02:30,6.16818193,-75.61937081,10.72,1616.340,24.291,10.120,243,14,25,,
T,2023-02-20 16:02:31,6.16813203,-75.61944788,10.72,1616.661,24.291,10.600,244,13,25,,
T,2023-02-20 16:02:32,6.16805418,-75.61954105,10.72,1615.256,24.292,11.510,238,13,25,,
T,2023-02-20 16:02:33,6.16797955,-75.61963654,10.72,1616.422,24.293,12.300,240,15,25,,
T,2023-02-20 16:02:34,6.16790992,-75.61973738,9.65,1613.597,24.293,12.940,242,12,25,,
T,2023-02-20 16:02:35,6.16786889,-75.61984279,9.65,1613.071,24.294,13.020,241,17,25,,
T,2023-02-20 16:02:36,6.16783263,-75.61996365,9.65,1613.085,24.295,13.110,247,14,25,,
T,2023-02-20 16:02:37,6.16779898,-75.62008042,9.65,1611.135,24.295,13.640,242,16,25,,
T,2023-02-20 16:02:38,6.16775999,-75.62019899,9.65,1610.512,24.296,14.570,246,16,25,,
T,2023-02-20 16:02:39,6.16772635,-75.62032329,9.65,1609.957,24.297,15.420,249,16,25,,
T,2023-02-20 16:02:40,6.16770879,-75.62045664,9.65,1609.015,24.298,16.170,257,14,25,,
T,2023-02-20 16:02:41,6.16769207,-75.62057998,9.65,1609.442,24.298,16.360,268,11,25,,
T,2023-02-20 16:02:42,6.16772006,-75.62070557,9.65,1611.885,24.299,16.280,276,13,25,,
T,2023-02-20 16:02:43,6.16777158,-75.62079479,9.65,1611.603,24.299,14.980,286,15,25,,
T,2023-02-20 16:02:44,6.16783362,-75.62091186,9.65,1613.217,24.300,14.700,297,17,25,,
T,2023-02-20 16:02:45,6.16791771,-75.62102871,9.65,1611.421,24.300,14.710,304,16,24,,
T,2023-02-20 16:02:46,6.16799822,-75.62113022,9.65,1612.304,24.300,14.530,309,18,25,,
T,2023-02-20 16:02:47,6.16808561,-75.62122796,9.65,1611.797,24.301,13.980,312,18,25,,
T,2023-02-20 16:02:48,6.16815363,-75.62132882,9.65,1611.067,24.301,12.660,310,17,25,,
T,2023-02-20 16:02:49,6.16820380,-75.62142847,9.65,1610.639,24.302,11.690,302,16,25,,
T,2023-02-20 16:02:50,6.16824156,-75.62152265,9.65,1611.202,24.302,11.130,298,15,25,,
T,2023-02-20 16:02:51,6.16826345,-75.62162031,9.65,1611.683,24.303,10.830,293,15,25,,
T,2023-02-20 16:02:52,6.16828475,-75.62172105,9.65,1610.438,24.303,10.990,289,17,25,,
T,2023-02-20 16:02:53,6.16830998,-75.62182838,9.65,1609.310,24.304,11.320,289,18,25,,
T,2023-02-20 16:02:54,6.16834883,-75.62194991,9.65,1608.726,24.304,11.700,289,16,25,,
T,2023-02-20 16:02:55,6.16841420,-75.62210641,9.65,1609.807,24.305,12.650,287,17,25,,
T,2023-02-20 16:02:56,6.16845374,-75.62224006,9.65,1609.852,24.305,12.710,285,17,25,,
T,2023-02-20 16:02:57,6.16847672,-75.62236118,10.72,1610.819,24.306,11.970,282,18,25,,
T,2023-02-20 16:02:58,6.16852605,-75.62251670,9.65,1611.355,24.307,11.690,280,15,25,,
T,2023-02-20 16:02:59,6.16854637,-75.62264003,9.65,1612.583,24.307,11.110,277,16,25,,
T,2023-02-20 16:03:00,6.16855645,-75.62274411,9.65,1613.150,24.308,10.290,273,17,25,,
T,2023-02-20 16:03:01,6.16856752,-75.62283083,9.65,1613.674,24.308,9.450,276,15,25,,
T,2023-02-20 16:03:02,6.16858576,-75.62290528,9.65,1613.563,24.309,8.570,280,14,25,,
T,2023-02-20 16:03:03,6.16861160,-75.62297652,9.65,1613.369,24.309,7.610,279,15,25,,
T,2023-02-20 16:03:04,6.16862671,-75.62303383,9.65,1615.935,24.309,6.370,283,16,25,,
T,2023-02-20 16:03:05,6.16864025,-75.62308221,9.65,1617.650,24.309,4.990,285,15,25,,
T,2023-02-20 16:03:06,6.16865525,-75.62311889,9.65,1618.899,24.310,3.650,283,16,25,,
T,2023-02-20 16:03:07,6.16866592,-75.62314762,9.65,1618.874,24.310,2.660,285,15,25,,
T,2023-02-20 16:03:08,6.16868107,-75.62317502,9.65,1618.476,24.310,2.820,287,16,25,,
T,2023-02-20 16:03:09,6.16868904,-75.62319765,9.65,1618.914,24.310,2.730,288,17,25,,
T,2023-02-20 16:03:10,6.16869876,-75.62321160,9.65,1620.109,24.310,2.590,284,15,25,,
T,2023-02-20 16:03:11,6.16870463,-75.62323415,9.65,1621.619,24.310,2.370,284,15,25,,
T,2023-02-20 16:03:12,6.16871757,-75.62324703,9.65,1622.217,24.310,2.170,282,11,25,,
T,2023-02-20 16:03:13,6.16872574,-75.62326976,10.72,1622.518,24.310,2.230,285,15,25,,
T,2023-02-20 16:03:14,6.16873150,-75.62328894,9.65,1622.284,24.310,1.710,285,13,25,,
T,2023-02-20 16:03:15,6.16873445,-75.62329621,9.65,1622.745,24.310,0.660,288,15,25,,
T,2023-02-20 16:03:16,6.16873498,-75.62330762,9.65,1623.554,24.310,1.120,290,15,25,,
T,2023-02-20 16:03:17,6.16873807,-75.62332665,10.72,1624.095,24.311,1.360,300,11,25,,
T,2023-02-20 16:03:18,6.16874799,-75.62334306,10.72,1624.815,24.311,1.660,294,13,25,,
T,2023-02-20 16:03:19,6.16874894,-75.62335758,10.72,1625.236,24.311,1.790,297,12,25,,
T,2023-02-20 16:03:20,6.16875351,-75.62337069,10.72,1625.772,24.311,1.120,293,11,25,,
T,2023-02-20 16:03:21,6.16875723,-75.62338019,10.72,1626.051,24.311,1.730,293,11,25,,
T,2023-02-20 16:03:22,6.16875983,-75.62339679,10.72,1626.286,24.311,2.000,284,11,25,,
T,2023-02-20 16:03:23,6.16875945,-75.62342437,10.72,1626.715,24.311,3.140,283,9,25,,
T,2023-02-20 16:03:24,6.16876747,-75.62345981,10.72,1626.835,24.311,4.790,285,9,25,,
T,2023-02-20 16:03:25,6.16878278,-75.62349460,10.72,1627.550,24.311,5.650,294,8,25,,
T,2023-02-20 16:03:26,6.16884742,-75.62349954,10.72,1627.186,24.311,4.980,306,11,25,,
T,2023-02-20 16:03:27,6.16888059,-75.62353455,10.72,1628.019,24.311,5.340,305,11,25,,
T,2023-02-20 16:03:28,6.16890074,-75.62356988,10.72,1626.022,24.311,5.710,304,16,25,,
T,2023-02-20 16:03:29,6.16892332,-75.62361965,10.72,1625.921,24.312,5.970,304,14,25,,
T,2023-02-20 16:03:30,6.16895049,-75.62368444,10.72,1625.276,24.312,7.330,300,18,25,,
T,2023-02-20 16:03:31,6.16898619,-75.62375319,10.72,1625.364,24.312,8.240,303,12,25,,
T,2023-02-20 16:03:32,6.16902594,-75.62382176,10.72,1623.604,24.313,8.310,303,13,25,,
T,2023-02-20 16:03:33,6.16906482,-75.62389724,10.72,1623.047,24.313,8.080,299,15,25,,
T,2023-02-20 16:03:34,6.16910575,-75.62396645,9.65,1624.031,24.313,8.660,299,13,25,,
T,2023-02-20 16:03:35,6.16913437,-75.62403638,10.72,1626.143,24.313,8.760,297,14,25,,
T,2023-02-20 16:03:36,6.16916630,-75.62411036,10.72,1627.903,24.314,8.490,294,13,25,,
T,2023-02-20 16:03:37,6.16919308,-75.62418582,10.72,1628.447,24.314,8.720,290,13,25,,
T,2023-02-20 16:03:38,6.16921875,-75.62427485,10.72,1627.594,24.315,9.440,287,10,25,,
T,2023-02-20 16:03:39,6.16924728,-75.62436044,10.72,1627.305,24.315,10.140,287,10,25,,
T,2023-02-20 16:03:40,6.16928358,-75.62445273,10.72,1625.587,24.315,10.650,286,12,25,,
T,2023-02-20 16:03:41,6.16931723,-75.62456356,10.72,1624.311,24.316,11.410,285,16,25,,
T,2023-02-20 16:03:42,6.16935369,-75.62469709,10.72,1625.008,24.316,12.570,284,16,25,,
T,2023-02-20 16:03:43,6.16938600,-75.62481720,10.72,1623.890,24.317,13.160,285,14,25,,
T,2023-02-20 16:03:44,6.16940861,-75.62494865,10.72,1625.445,24.318,13.730,284,15,25,,
T,2023-02-20 16:03:45,6.16943679,-75.62508031,10.72,1625.993,24.318,13.800,284,16,25,,
T,2023-02-20 16:03:46,6.16946193,-75.62520424,9.65,1626.437,24.319,14.290,284,15,25,,
T,2023-02-20 16:03:47,6.16948716,-75.62533974,9.65,1627.356,24.320,14.940,284,16,25,,
T,2023-02-20 16:03:48,6.16952581,-75.62546640,9.65,1626.906,24.320,15.410,284,17,25,,
T,2023-02-20 16:03:49,6.16956510,-75.62559934,9.65,1626.380,24.321,15.730,285,17,24,,
T,2023-02-20 16:03:50,6.16960764,-75.62573345,9.65,1627.171,24.321,15.800,288,15,25,,
T,2023-02-20 16:03:51,6.16966895,-75.62586172,9.65,1627.396,24.322,15.680,297,16,25,,
T,2023-02-20 16:03:52,6.16974214,-75.62598344,10.72,1627.598,24.322,15.840,303,11,25,,
T,2023-02-20 16:03:53,6.16983456,-75.62609519,10.72,1627.522,24.323,16.100,313,9,25,,
T,2023-02-20 16:03:54,6.16993530,-75.62618940,10.72,1627.859,24.323,15.970,318,11,25,,
T,2023-02-20 16:03:55,6.17003407,-75.62627632,10.72,1628.708,24.323,15.750,318,14,25,,
T,2023-02-20 16:03:56,6.17013308,-75.62636737,10.72,1629.332,24.324,15.430,317,13,25,,
T,2023-02-20 16:03:57,6.17023350,-75.62646651,9.65,1630.041,24.324,15.390,316,12,25,,
T,2023-02-20 16:03:58,6.17033262,-75.62656575,9.65,1631.316,24.324,15.290,316,17,25,,
T,2023-02-20 16:03:59,6.17042426,-75.62665661,9.65,1632.241,24.325,14.250,315,16,25,,
T,2023-02-20 16:04:00,6.17051442,-75.62675481,9.65,1630.535,24.325,12.650,312,14,25,,
T,2023-02-20 16:04:01,6.17058724,-75.62684148,9.65,1628.946,24.325,11.050,306,17,25,,
T,2023-02-20 16:04:02,6.17064519,-75.62690740,9.65,1629.118,24.326,10.250,307,14,25,,
T,2023-02-20 16:04:03,6.17071522,-75.62699559,9.65,1627.779,24.326,10.930,306,11,25,,
T,2023-02-20 16:04:04,6.17078408,-75.62708624,9.65,1626.345,24.326,11.410,306,15,25,,
T,2023-02-20 16:04:05,6.17084211,-75.62717507,9.65,1625.545,24.327,11.140,305,12,25,,
T,2023-02-20 16:04:06,6.17091237,-75.62727607,9.65,1626.592,24.327,11.030,302,17,25,,
T,2023-02-20 16:04:07,6.17096423,-75.62736365,9.65,1624.868,24.327,10.230,297,16,25,,
T,2023-02-20 16:04:08,6.17100799,-75.62745163,9.65,1623.362,24.328,9.460,294,16,25,,
T,2023-02-20 16:04:09,6.17103880,-75.62753055,9.65,1623.876,24.328,8.790,293,15,25,,
T,2023-02-20 16:04:10,6.17106877,-75.62759596,9.65,1623.274,24.328,7.570,294,18,25,,
T,2023-02-20 16:04:11,6.17109775,-75.62765150,9.65,1624.772,24.329,6.070,298,19,25,,
T,2023-02-20 16:04:12,6.17112431,-75.62769333,9.65,1624.951,24.329,4.470,300,17,25,,
T,2023-02-20 16:04:13,6.17114327,-75.62772256,9.65,1624.782,24.329,3.970,302,19,25,,
T,2023-02-20 16:04:14,6.17116126,-75.62774229,9.65,1624.715,24.329,2.910,309,18,25,,
T,2023-02-20 16:04:15,6.17117552,-75.62776176,9.65,1625.394,24.329,2.830,308,17,25,,
T,2023-02-20 16:04:16,6.17118914,-75.62777927,9.65,1625.884,24.329,2.400,318,17,25,,
T,2023-02-20 16:04:17,6.17121337,-75.62780022,9.65,1626.465,24.329,3.190,316,17,25,,
T,2023-02-20 16:04:18,6.17123325,-75.62782141,9.65,1626.255,24.329,3.080,314,18,25,,
T,2023-02-20 16:04:19,6.17126255,-75.62784940,9.65,1625.789,24.329,4.630,323,18,25,,
T,2023-02-20 16:04:20,6.17129800,-75.62787357,9.65,1626.628,24.329,4.740,323,19,25,,
T,2023-02-20 16:04:21,6.17134025,-75.62789720,9.65,1627.028,24.329,5.650,327,18,25,,
T,2023-02-20 16:04:22,6.17138852,-75.62793303,9.65,1625.991,24.329,6.770,326,17,25,,
T,2023-02-20 16:04:23,6.17145862,-75.62797191,9.65,1624.849,24.329,7.990,325,18,25,,
T,2023-02-20 16:04:24,6.17152381,-75.62801684,9.65,1624.138,24.330,8.850,327,18,25,,
T,2023-02-20 16:04:25,6.17158969,-75.62806221,9.65,1623.854,24.330,8.700,330,19,25,,
T,2023-02-20 16:04:26,6.17165841,-75.62810294,9.65,1624.208,24.330,9.260,331,18,25,,
T,2023-02-20 16:04:27,6.17173263,-75.62814950,9.65,1624.217,24.330,9.890,329,6,25,,
T,2023-02-20 16:04:28,6.17180985,-75.62819777,9.65,1624.298,24.330,10.040,328,9,25,,
T,2023-02-20 16:04:29,6.17188591,-75.62824515,9.65,1624.984,24.330,10.090,327,10,25,,
T,2023-02-20 16:04:30,6.17194895,-75.62830249,9.65,1625.896,24.330,9.550,316,14,25,,
T,2023-02-20 16:04:31,6.17200595,-75.62837319,9.65,1625.560,24.330,9.370,303,14,25,,
T,2023-02-20 16:04:32,6.17206267,-75.62846406,9.65,1625.871,24.331,9.760,294,13,25,,
T,2023-02-20 16:04:33,6.17209515,-75.62855088,9.65,1626.792,24.331,9.670,287,14,25,,
T,2023-02-20 16:04:34,6.17212053,-75.62863469,10.72,1628.808,24.332,9.690,286,12,25,,
T,2023-02-20 16:04:35,6.17214653,-75.62871835,9.65,1630.786,24.332,9.760,288,15,25,,
T,2023-02-20 16:04:36,6.17217481,-75.62879421,9.65,1631.210,24.332,9.630,288,16,25,,
T,2023-02-20 16:04:37,6.17221067,-75.62890827,10.72,1632.679,24.333,10.350,288,15,25,,
T,2023-02-20 16:04:38,6.17223948,-75.62901955,10.72,1632.536,24.333,10.840,288,15,25,,
T,2023-02-20 16:04:39,6.17226795,-75.62912291,10.72,1633.801,24.334,10.880,287,13,25,,
T,2023-02-20 16:04:40,6.17229635,-75.62923448,10.72,1634.852,24.334,11.100,288,13,25,,
T,2023-02-20 16:04:41,6.17232810,-75.62933846,10.72,1635.647,24.335,11.260,288,15,25,,
T,2023-02-20 16:04:42,6.17235951,-75.62943074,10.72,1636.247,24.335,10.850,288,14,25,,
T,2023-02-20 16:04:43,6.17239041,-75.62952954,10.72,1637.254,24.336,10.930,288,12,25,,
T,2023-02-20 16:04:44,6.17241922,-75.62962548,10.72,1637.427,24.336,10.910,287,13,25,,
T,2023-02-20 16:04:45,6.17244516,-75.62971850,10.72,1638.346,24.337,10.960,285,14,25,,
T,2023-02-20 16:04:46,6.17245977,-75.62982770,10.72,1639.682,24.337,11.430,284,14,25,,
T,2023-02-20 16:04:47,6.17248430,-75.62992870,10.72,1641.604,24.338,11.850,283,16,25,,
T,2023-02-20 16:04:48,6.17251087,-75.63003648,10.72,1642.303,24.338,12.510,283,15,25,,
T,2023-02-20 16:04:49,6.17254107,-75.63015502,9.65,1641.000,24.339,13.100,283,15,25,,
T,2023-02-20 16:04:50,6.17256952,-75.63028026,9.65,1639.460,24.339,13.860,284,15,25,,
T,2023-02-20 16:04:51,6.17260325,-75.63040526,9.65,1637.212,24.340,14.310,284,15,25,,
T,2023-02-20 16:04:52,6.17264112,-75.63053376,9.65,1639.175,24.341,14.630,287,17,25,,
T,2023-02-20 16:04:53,6.17267661,-75.63066568,9.65,1638.639,24.341,14.570,288,16,25,,
T,2023-02-20 16:04:54,6.17272908,-75.63078687,9.65,1638.144,24.342,15.100,296,16,25,,
T,2023-02-20 16:04:55,6.17279369,-75.63090582,10.72,1637.506,24.342,15.380,300,16,25,,
T,2023-02-20 16:04:56,6.17288169,-75.63101628,9.65,1634.920,24.343,15.800,309,15,25,,
T,2023-02-20 16:04:57,6.17297106,-75.63112196,9.65,1636.246,24.343,15.970,314,14,25,,
T,2023-02-20 16:04:58,6.17306697,-75.63121737,9.65,1638.060,24.343,15.880,317,15,25,,
T,2023-02-20 16:04:59,6.17316691,-75.63131218,9.65,1638.691,24.344,15.680,320,14,25,,
T,2023-02-20 16:05:00,6.17326707,-75.63140708,9.65,1639.467,24.344,15.380,317,14,25,,
T,2023-02-20 16:05:01,6.17335509,-75.63151874,9.65,1640.948,24.344,14.830,310,14,25,,
T,2023-02-20 16:05:02,6.17343714,-75.63163202,9.65,1640.803,24.345,14.180,303,16,25,,
T,2023-02-20 16:05:03,6.17350580,-75.63175256,10.72,1640.756,24.345,14.220,299,14,25,,
T,2023-02-20 16:05:04,6.17356834,-75.63186165,9.65,1641.313,24.346,13.420,300,15,25,,
T,2023-02-20 16:05:05,6.17362490,-75.63196688,10.72,1642.459,24.346,12.880,299,13,25,,
T,2023-02-20 16:05:06,6.17368077,-75.63207109,10.72,1643.117,24.347,12.270,301,11,25,,
T,2023-02-20 16:05:07,6.17373085,-75.63215889,10.72,1645.261,24.347,10.680,296,13,25,,
T,2023-02-20 16:05:08,6.17376608,-75.63224526,10.72,1646.154,24.347,8.620,295,12,25,,
T,2023-02-20 16:05:09,6.17379689,-75.63230966,9.65,1647.498,24.348,7.420,299,16,25,,
T,2023-02-20 16:05:10,6.17382903,-75.63236214,9.65,1648.164,24.348,6.350,299,15,25,,
T,2023-02-20 16:05:11,6.17384766,-75.63240181,10.72,1648.718,24.348,4.100,293,15,25,,
T,2023-02-20 16:05:12,6.17385759,-75.63243822,9.65,1648.880,24.348,2.930,284,14,25,,
T,2023-02-20 16:05:13,6.17386082,-75.63246803,9.65,1649.438,24.348,2.540,284,15,25,,
T,2023-02-20 16:05:14,6.17386860,-75.63248526,9.65,1648.492,24.348,2.100,286,15,25,,
T,2023-02-20 16:05:15,6.17387552,-75.63250221,9.65,1649.327,24.348,2.250,291,17,25,,
T,2023-02-20 16:05:16,6.17388825,-75.63253417,9.65,1647.993,24.349,2.920,283,17,25,,
T,2023-02-20 16:05:17,6.17390082,-75.63254869,9.65,1647.677,24.349,2.140,285,16,25,,
T,2023-02-20 16:05:18,6.17390830,-75.63256159,9.65,1647.954,24.349,2.220,280,15,25,,
T,2023-02-20 16:05:19,6.17391277,-75.63258857,9.65,1648.451,24.349,3.050,283,17,25,,
T,2023-02-20 16:05:20,6.17391748,-75.63262122,9.65,1648.822,24.349,3.950,282,14,25,,
T,2023-02-20 16:05:21,6.17392313,-75.63266388,9.65,1649.225,24.349,4.680,277,16,25,,
T,2023-02-20 16:05:22,6.17392961,-75.63270780,9.65,1648.830,24.349,4.770,283,13,25,,
T,2023-02-20 16:05:23,6.17393942,-75.63275338,9.65,1649.156,24.350,5.450,282,15,25,,
T,2023-02-20 16:05:24,6.17395008,-75.63280235,9.65,1649.416,24.350,5.800,283,15,25,,
T,2023-02-20 16:05:25,6.17396582,-75.63286747,9.65,1648.201,24.350,6.960,288,14,25,,
T,2023-02-20 16:05:26,6.17397761,-75.63292354,9.65,1650.257,24.350,7.720,281,14,25,,
T,2023-02-20 16:05:27,6.17399137,-75.63299543,9.65,1651.558,24.351,8.440,276,17,25,,
T,2023-02-20 16:05:28,6.17400399,-75.63307526,9.65,1653.376,24.351,8.980,279,16,25,,
T,2023-02-20 16:05:29,6.17402036,-75.63315932,9.65,1654.038,24.352,9.530,280,17,25,,
T,2023-02-20 16:05:30,6.17403090,-75.63323869,9.65,1655.024,24.352,8.850,277,18,25,,
T,2023-02-20 16:05:31,6.17404081,-75.63331717,9.65,1654.904,24.352,8.770,276,17,25,,
T,2023-02-20 16:05:32,6.17404082,-75.63339795,9.65,1655.747,24.353,8.710,274,16,25,,
T,2023-02-20 16:05:33,6.17404702,-75.63347453,9.65,1655.931,24.353,7.990,276,17,25,,
T,2023-02-20 16:05:34,6.17405822,-75.63354197,9.65,1656.055,24.353,7.300,279,17,25,,
T,2023-02-20 16:05:35,6.17407745,-75.63360437,9.65,1656.054,24.354,7.520,293,14,25,,
T,2023-02-20 16:05:36,6.17410624,-75.63366167,9.65,1655.894,24.354,8.250,304,15,25,,
T,2023-02-20 16:05:37,6.17414277,-75.63373199,9.65,1657.060,24.354,8.780,303,15,25,,
T,2023-02-20 16:05:38,6.17418259,-75.63380123,9.65,1657.610,24.355,9.260,302,13,25,,
T,2023-02-20 16:05:39,6.17421998,-75.63387632,9.65,1657.435,24.355,9.190,300,14,25,,
T,2023-02-20 16:05:40,6.17425315,-75.63395264,9.65,1657.606,24.355,9.330,298,14,25,,
T,2023-02-20 16:05:41,6.17430625,-75.63402482,9.65,1658.298,24.356,9.720,300,12,25,,
T,2023-02-20 16:05:42,6.17435602,-75.63410361,9.65,1658.412,24.356,10.400,299,13,25,,
T,2023-02-20 16:05:43,6.17440766,-75.63418781,9.65,1658.992,24.356,11.050,301,13,25,,
T,2023-02-20 16:05:44,6.17446177,-75.63427260,9.65,1659.414,24.356,11.520,302,11,25,,
T,2023-02-20 16:05:45,6.17452251,-75.63436433,9.65,1659.045,24.357,12.230,303,13,25,,
T,2023-02-20 16:05:46,6.17458575,-75.63445379,9.65,1659.940,24.357,12.720,306,12,25,,
T,2023-02-20 16:05:47,6.17464650,-75.63453538,9.65,1659.453,24.358,10.820,308,12,25,,
T,2023-02-20 16:05:48,6.17469991,-75.63460328,9.65,1659.373,24.358,8.750,309,14,25,,
T,2023-02-20 16:05:49,6.17474446,-75.63466022,9.65,1658.949,24.358,6.970,305,15,25,,
T,2023-02-20 16:05:50,6.17478168,-75.63470321,9.65,1658.893,24.358,5.670,313,15,25,,
T,2023-02-20 16:05:51,6.17480373,-75.63473387,10.72,1658.993,24.358,3.980,299,15,25,,
T,2023-02-20 16:05:52,6.17482493,-75.63475151,9.65,1659.264,24.358,2.740,303,14,25,,
T,2023-02-20 16:05:53,6.17485168,-75.63476110,9.65,1658.830,24.358,2.400,300,13,25,,
T,2023-02-20 16:05:54,6.17486006,-75.63477923,9.65,1659.237,24.358,2.230,297,14,25,,
T,2023-02-20 16:05:55,6.17486335,-75.63479994,9.65,1660.122,24.358,2.530,295,14,25,,
T,2023-02-20 16:05:56,6.17488823,-75.63482951,9.65,1658.860,24.359,3.910,301,15,25,,
T,2023-02-20 16:05:57,6.17490882,-75.63486534,9.65,1658.283,24.359,4.270,304,17,25,,
T,2023-02-20 16:05:58,6.17492560,-75.63490959,9.65,1658.107,24.359,5.340,299,15,25,,
T,2023-02-20 16:05:59,6.17493901,-75.63495846,9.65,1657.613,24.359,5.220,295,15,25,,
T,2023-02-20 16:06:00,6.17494919,-75.63499852,9.65,1657.314,24.359,4.180,277,14,25,,
T,2023-02-20 16:06:01,6.17494781,-75.63504077,9.65,1657.623,24.360,4.200,270,16,25,,
T,2023-02-20 16:06:02,6.17493769,-75.63509049,9.65,1657.005,24.360,5.210,262,16,25,,
T,2023-02-20 16:06:03,6.17492306,-75.63513882,9.65,1658.115,24.360,5.690,256,14,25,,
T,2023-02-20 16:06:04,6.17491353,-75.63518559,9.65,1658.624,24.360,4.990,256,17,25,,
T,2023-02-20 16:06:05,6.17490540,-75.63522638,9.65,1658.905,24.361,4.440,258,15,25,,
T,2023-02-20 16:06:06,6.17489910,-75.63526320,9.65,1659.626,24.361,4.200,251,16,25,,
T,2023-02-20 16:06:07,6.17489616,-75.63530400,9.65,1659.908,24.361,4.430,261,17,25,,
T,2023-02-20 16:06:08,6.17488564,-75.63533798,9.65,1661.785,24.361,3.710,266,15,25,,
T,2023-02-20 16:06:09,6.17488612,-75.63537207,9.65,1662.095,24.361,3.290,272,15,25,,
T,2023-02-20 16:06:10,6.17489487,-75.63539401,9.65,1660.754,24.362,3.260,284,15,25,,
T,2023-02-20 16:06:11,6.17490593,-75.63542189,9.65,1659.020,24.362,3.800,304,17,25,,
T,2023-02-20 16:06:12,6.17492417,-75.63545037,9.65,1659.691,24.362,3.730,309,17,25,,
T,2023-02-20 16:06:13,6.17494759,-75.63547114,9.65,1660.227,24.362,3.160,321,16,25,,
T,2023-02-20 16:06:14,6.17496269,-75.63548134,9.65,1661.436,24.362,2.050,328,19,25,,
T,2023-02-20 16:06:15,6.17499068,-75.63549491,9.65,1659.177,24.362,2.360,332,18,25,,
T,2023-02-20 16:06:16,6.17501492,-75.63551143,9.65,1658.502,24.362,3.100,344,19,25,,
T,2023-02-20 16:06:17,6.17504478,-75.63552748,9.65,1658.969,24.362,3.830,347,19,25,,
T,2023-02-20 16:06:18,6.17507935,-75.63554435,9.65,1659.052,24.362,4.210,355,19,25,,
T,2023-02-20 16:06:19,6.17512216,-75.63556158,9.65,1658.418,24.362,4.840,358,18,25,,
T,2023-02-20 16:06:20,6.17516143,-75.63557586,9.65,1658.844,24.362,4.830,358,18,25,,
T,2023-02-20 16:06:21,6.17520052,-75.63555967,9.65,1658.790,24.362,4.530,24,16,25,,
T,2023-02-20 16:06:22,6.17524940,-75.63555293,9.65,1658.698,24.362,5.260,24,16,25,,
T,2023-02-20 16:06:23,6.17529107,-75.63552270,9.65,1660.012,24.361,4.790,26,15,25,,
T,2023-02-20 16:06:24,6.17532528,-75.63551281,9.65,1660.128,24.361,3.410,26,14,25,,
T,2023-02-20 16:06:25,6.17535012,-75.63550092,9.65,1661.338,24.361,2.100,24,17,25,,
T,2023-02-20 16:06:26,6.17537554,-75.63549649,9.65,1661.359,24.361,2.240,19,15,25,,
T,2023-02-20 16:06:27,6.17540827,-75.63550082,9.65,1659.860,24.361,3.000,16,15,25,,
T,2023-02-20 16:06:28,6.17543719,-75.63548693,9.65,1659.742,24.361,3.160,13,18,25,,
T,2023-02-20 16:06:29,6.17547389,-75.63548484,9.65,1660.567,24.361,3.550,6,17,25,,
T,2023-02-20 16:06:30,6.17551343,-75.63547186,9.65,1662.557,24.361,4.020,3,15,25,,
T,2023-02-20 16:06:31,6.17555556,-75.63547386,9.65,1662.081,24.361,4.350,351,15,25,,
T,2023-02-20 16:06:32,6.17559333,-75.63548096,9.65,1662.227,24.361,3.680,351,13,25,,
T,2023-02-20 16:06:33,6.17562547,-75.63549886,9.65,1662.600,24.361,3.700,333,13,25,,
T,2023-02-20 16:06:34,6.17565810,-75.63550174,9.65,1662.103,24.361,3.700,342,13,25,,
T,2023-02-20 16:06:35,6.17569410,-75.63550948,9.65,1661.613,24.361,3.690,345,10,25,,
T,2023-02-20 16:06:36,6.17573220,-75.63554172,9.65,1661.334,24.361,4.310,322,16,25,,
T,2023-02-20 16:06:37,6.17577561,-75.63557742,9.65,1660.678,24.361,5.190,325,13,25,,
T,2023-02-20 16:06:38,6.17582238,-75.63560646,9.65,1659.108,24.361,5.620,330,12,25,,
T,2023-02-20 16:06:39,6.17586965,-75.63563791,9.65,1658.969,24.361,6.140,326,12,25,,
T,2023-02-20 16:06:40,6.17592749,-75.63568916,9.65,1658.000,24.361,6.540,317,10,25,,
T,2023-02-20 16:06:41,6.17597043,-75.63575071,9.65,1657.891,24.361,7.360,313,19,25,,
T,2023-02-20 16:06:42,6.17601482,-75.63579111,9.65,1658.716,24.361,7.520,315,19,25,,
T,2023-02-20 16:06:43,6.17605432,-75.63584397,9.65,1659.831,24.362,7.290,309,20,25,,
T,2023-02-20 16:06:44,6.17610132,-75.63590476,9.65,1659.453,24.362,7.290,304,20,25,,
T,2023-02-20 16:06:45,6.17612742,-75.63597299,9.65,1659.691,24.362,7.430,295,20,25,,
T,2023-02-20 16:06:46,6.17612425,-75.63602342,9.65,1660.167,24.362,6.040,279,19,25,,
T,2023-02-20 16:06:47,6.17612757,-75.63608284,9.65,1660.300,24.363,6.700,275,19,25,,
T,2023-02-20 16:06:48,6.17610427,-75.63615293,9.65,1660.441,24.363,7.430,259,19,25,,
T,2023-02-20 16:06:49,6.17607750,-75.63622449,9.65,1660.444,24.364,7.840,252,19,25,,
T,2023-02-20 16:06:50,6.17605247,-75.63630016,9.65,1660.099,24.364,7.930,250,19,25,,
T,2023-02-20 16:06:51,6.17601411,-75.63636259,9.65,1660.275,24.364,8.080,245,18,25,,
T,2023-02-20 16:06:52,6.17597420,-75.63642232,9.65,1661.003,24.365,8.240,244,18,25,,
T,2023-02-20 16:06:53,6.17594762,-75.63649143,9.65,1661.965,24.365,8.650,251,19,25,,
T,2023-02-20 16:06:54,6.17593000,-75.63656467,9.65,1662.081,24.366,8.320,249,19,25,,
T,2023-02-20 16:06:55,6.17589819,-75.63660237,9.65,1662.502,24.366,6.060,240,19,25,,
T,2023-02-20 16:06:56,6.17586362,-75.63662897,9.65,1662.784,24.366,4.710,220,19,25,,
T,2023-02-20 16:06:57,6.17581005,-75.63663934,9.65,1662.625,24.366,4.930,179,18,25,,
T,2023-02-20 16:06:58,6.17578263,-75.63663934,9.65,1661.392,24.366,4.570,167,18,25,,
T,2023-02-20 16:06:59,6.17575318,-75.63662373,10.72,1660.730,24.366,4.070,174,17,25,,
T,2023-02-20 16:07:00,6.17571456,-75.63663264,10.72,1661.151,24.366,4.020,190,19,26,,
T,2023-02-20 16:07:01,6.17568978,-75.63665333,10.72,1661.257,24.367,3.800,218,18,26,,
T,2023-02-20 16:07:02,6.17566029,-75.63668054,10.72,1661.177,24.367,4.460,228,18,26,,
T,2023-02-20 16:07:03,6.17562847,-75.63671018,10.72,1661.505,24.367,4.700,225,19,26,,
T,2023-02-20 16:07:04,6.17560524,-75.63676098,10.72,1661.601,24.367,5.070,232,19,26,,
T,2023-02-20 16:07:05,6.17557724,-75.63680758,10.72,1661.723,24.368,5.320,236,19,26,,
T,2023-02-20 16:07:06,6.17555347,-75.63685031,9.65,1661.778,24.368,5.100,244,19,26,,
T,2023-02-20 16:07:07,6.17551897,-75.63689486,9.65,1662.163,24.368,5.100,250,19,26,,
T,2023-02-20 16:07:08,6.17549312,-75.63692610,9.65,1662.764,24.368,5.090,248,19,26,,
T,2023-02-20 16:07:09,6.17548231,-75.63696302,9.65,1663.475,24.369,5.130,249,19,26,,
T,2023-02-20 16:07:10,6.17544936,-75.63700534,9.65,1664.499,24.369,5.390,243,19,26,,
T,2023-02-20 16:07:11,6.17542349,-75.63704862,9.65,1664.685,24.369,5.540,242,19,25,,
T,2023-02-20 16:07:12,6.17539679,-75.63709349,9.65,1665.217,24.369,5.890,244,19,26,,
T,2023-02-20 16:07:13,6.17539245,-75.63714376,9.65,1665.182,24.370,5.840,247,19,26,,
T,2023-02-20 16:07:14,6.17536938,-75.63719594,9.65,1665.064,24.370,6.190,246,19,26,,
T,2023-02-20 16:07:15,6.17534885,-75.63723849,9.65,1664.902,24.370,5.660,247,19,26,,
T,2023-02-20 16:07:16,6.17533467,-75.63727538,9.65,1664.391,24.370,4.080,253,20,26,,
T,2023-02-20 16:07:17,6.17532212,-75.63729511,9.65,1667.254,24.371,2.700,255,20,26,,
T,2023-02-20 16:07:18,6.17531096,-75.63731238,9.65,1667.227,24.371,2.310,256,20,26,,
T,2023-02-20 16:07:19,6.17530916,-75.63730916,9.65,1666.969,24.371,0.290,257,20,26,,
T,2023-02-20 16:07:20,6.17530468,-75.63730872,9.65,1666.756,24.371,0.000,,20,26,,
T,2023-02-20 16:07:21,6.17530563,-75.63730575,9.65,1667.777,24.371,0.000,,20,26,,
T,2023-02-20 16:07:22,6.17530139,-75.63730049,9.65,1667.849,24.371,0.000,,20,26,,
T,2023-02-20 16:07:23,6.17529954,-75.63729936,9.65,1668.160,24.371,0.000,,20,26,,
T,2023-02-20 16:07:24,6.17529914,-75.63729748,9.65,1668.325,24.371,0.000,,20,26,,
T,2023-02-20 16:07:25,6.17529870,-75.63729573,9.65,1668.310,24.371,0.000,,19,26,,
T,2023-02-20 16:07:26,6.17529828,-75.63729534,9.65,1667.954,24.371,0.000,,18,26,,
T,2023-02-20 16:07:27,6.17529761,-75.63729519,9.65,1667.799,24.371,0.000,,17,26,,
T,2023-02-20 16:07:28,6.17529900,-75.63729592,9.65,1668.091,24.371,0.000,,16,26,,
T,2023-02-20 16:07:29,6.17529342,-75.63731289,9.65,1668.366,24.371,1.830,255,16,26,,
T,2023-02-20 16:07:30,6.17528796,-75.63733362,9.65,1667.785,24.371,1.730,258,15,26,,
T,2023-02-20 16:07:31,6.17528210,-75.63735070,9.65,1667.764,24.371,1.130,251,16,26,,
T,2023-02-20 16:07:32,6.17527998,-75.63735882,9.65,1667.452,24.371,0.440,251,17,26,,
T,2023-02-20 16:07:33,6.17528096,-75.63735988,9.65,1666.988,24.371,0.000,,17,26,,
T,2023-02-20 16:07:34,6.17527803,-75.63736714,9.65,1667.339,24.371,0.800,262,17,26,,
T,2023-02-20 16:07:35,6.17527425,-75.63737517,9.65,1667.573,24.371,0.740,259,18,26,,
T,2023-02-20 16:07:36,6.17526743,-75.63739098,9.65,1668.318,24.371,1.280,258,19,26,,
T,2023-02-20 16:07:37,6.17525913,-75.63741385,9.65,1667.784,24.371,2.180,257,19,26,,
T,2023-02-20 16:07:38,6.17525042,-75.63743981,9.65,1668.277,24.371,2.610,255,20,26,,
T,2023-02-20 16:07:39,6.17524052,-75.63746895,9.65,1668.272,24.372,2.970,256,20,26,,
T,2023-02-20 16:07:40,6.17523168,-75.63750536,9.65,1669.174,24.372,3.640,263,20,26,,
T,2023-02-20 16:07:41,6.17522576,-75.63754900,9.65,1670.446,24.372,4.380,264,20,26,,
T,2023-02-20 16:07:42,6.17521662,-75.63759800,9.65,1674.565,24.372,4.980,259,20,26,,
T,2023-02-20 16:07:43,6.17520923,-75.63765501,9.65,1674.522,24.373,5.000,265,20,26,,
T,2023-02-20 16:07:44,6.17520101,-75.63770268,9.65,1674.545,24.373,5.020,260,20,26,,
T,2023-02-20 16:07:45,6.17519350,-75.63774862,9.65,1674.511,24.373,5.430,263,20,26,,
T,2023-02-20 16:07:46,6.17519433,-75.63780029,9.65,1675.187,24.373,5.920,264,20,26,,
T,2023-02-20 16:07:47,6.17519093,-75.63786159,9.65,1676.172,24.374,6.400,267,19,26,,
T,2023-02-20 16:07:48,6.17517134,-75.63792267,9.65,1677.181,24.374,6.960,270,18,26,,
T,2023-02-20 16:07:49,6.17518150,-75.63796510,9.65,1692.530,24.374,7.150,268,19,26,,
T,2023-02-20 16:07:50,6.17518506,-75.63804344,9.65,1693.786,24.375,7.840,269,17,26,,
T,2023-02-20 16:07:51,6.17518542,-75.63811672,9.65,1693.642,24.375,7.800,275,15,26,,
T,2023-02-20 16:07:52,6.17518873,-75.63819431,9.65,1693.954,24.376,8.080,273,19,26,,
T,2023-02-20 16:07:53,6.17518910,-75.63826084,9.65,1696.199,24.376,7.760,270,17,26,,
T,2023-02-20 16:07:54,6.17518507,-75.63832950,9.65,1697.300,24.376,7.720,264,15,26,,
T,2023-02-20 16:07:55,6.17517630,-75.63840972,9.65,1698.126,24.377,8.610,262,16,26,,
T,2023-02-20 16:07:56,6.17516397,-75.63848954,9.65,1700.728,24.377,9.150,264,16,26,,
T,2023-02-20 16:07:57,6.17515136,-75.63857663,9.65,1701.623,24.378,9.170,263,15,26,,
T,2023-02-20 16:07:58,6.17513754,-75.63865337,9.65,1703.301,24.378,9.000,260,13,26,,
T,2023-02-20 16:07:59,6.17512138,-75.63873497,9.65,1704.773,24.379,8.950,258,13,26,,
T,2023-02-20 16:08:00,6.17510512,-75.63881869,10.72,1706.194,24.379,9.160,257,13,26,,
T,2023-02-20 16:08:01,6.17508145,-75.63889330,9.65,1706.773,24.379,9.190,260,8,26,,
T,2023-02-20 16:08:02,6.17506676,-75.63897280,9.65,1707.673,24.380,9.280,259,11,26,,
T,2023-02-20 16:08:03,6.17505345,-75.63905473,9.65,1709.718,24.380,9.520,261,11,26,,
T,2023-02-20 16:08:04,6.17505140,-75.63913741,9.65,1711.161,24.381,9.330,263,11,26,,
T,2023-02-20 16:08:05,6.17503878,-75.63922754,9.65,1712.929,24.381,9.300,260,15,26,,
T,2023-02-20 16:08:06,6.17503095,-75.63930715,9.65,1713.356,24.382,9.040,262,13,26,,
T,2023-02-20 16:08:07,6.17501843,-75.63938842,9.65,1714.189,24.382,8.800,262,13,26,,
T,2023-02-20 16:08:08,6.17501465,-75.63946702,9.65,1714.154,24.383,8.460,259,12,26,,
T,2023-02-20 16:08:09,6.17500269,-75.63954174,9.65,1715.726,24.383,8.570,263,14,26,,
T,2023-02-20 16:08:10,6.17500543,-75.63961396,9.65,1716.884,24.383,8.270,265,15,26,,
T,2023-02-20 16:08:11,6.17500036,-75.63968196,9.65,1718.864,24.384,7.930,266,15,26,,
T,2023-02-20 16:08:12,6.17499134,-75.63974860,9.65,1719.941,24.384,7.500,265,14,26,,
T,2023-02-20 16:08:13,6.17497820,-75.63981430,9.65,1719.888,24.384,7.140,259,15,26,,
T,2023-02-20 16:08:14,6.17497184,-75.63988123,9.65,1718.565,24.385,7.190,261,15,26,,
T,2023-02-20 16:08:15,6.17495195,-75.63994781,9.65,1720.388,24.385,7.330,259,17,26,,
T,2023-02-20 16:08:16,6.17493763,-75.64001813,9.65,1720.867,24.386,7.250,257,15,26,,
T,2023-02-20 16:08:17,6.17491880,-75.64007573,9.65,1723.360,24.386,6.900,258,16,26,,
T,2023-02-20 16:08:18,6.17489238,-75.64013224,9.65,1724.336,24.386,6.770,252,17,26,,
T,2023-02-20 16:08:19,6.17486251,-75.64018513,9.65,1723.557,24.387,6.660,242,18,26,,
T,2023-02-20 16:08:20,6.17481154,-75.64023656,9.65,1723.092,24.387,7.400,238,11,26,,
T,2023-02-20 16:08:21,6.17475259,-75.64031713,9.65,1719.772,24.388,8.980,234,15,26,,
T,2023-02-20 16:08:22,6.17470236,-75.64038551,9.65,1718.838,24.388,8.990,233,11,26,,
T,2023-02-20 16:08:23,6.17464451,-75.64045996,9.65,1717.383,24.388,9.060,231,11,26,,
T,2023-02-20 16:08:24,6.17458827,-75.64053121,9.65,1718.699,24.389,9.420,227,11,26,,
T,2023-02-20 16:08:25,6.17452917,-75.64058569,9.65,1717.023,24.389,9.350,221,13,26,,
T,2023-02-20 16:08:26,6.17445020,-75.64062230,9.65,1715.537,24.390,9.530,214,13,26,,
T,2023-02-20 16:08:27,6.17436920,-75.64064586,10.72,1714.933,24.390,9.640,210,15,26,,
T,2023-02-20 16:08:28,6.17427367,-75.64064557,10.72,1713.375,24.390,9.580,207,9,26,,
T,2023-02-20 16:08:29,6.17419642,-75.64065818,10.72,1711.023,24.390,8.350,214,2,26,,
T,2023-02-20 16:08:30,6.17416294,-75.64068748,10.72,1709.022,24.391,6.990,223,7,26,,
T,2023-02-20 16:08:31,6.17412118,-75.64072058,25.73,1709.117,24.391,6.510,240,12,26,,
T,2023-02-20 16:08:32,6.17409586,-75.64077747,28.94,1709.668,24.391,6.010,250,11,26,,
T,2023-02-20 16:08:33,6.17408312,-75.64091470,9.65,1708.565,24.392,8.830,258,12,25,,
T,2023-02-20 16:08:34,6.17408927,-75.64103118,9.65,1710.845,24.393,9.990,257,11,25,,
T,2023-02-20 16:08:35,6.17405841,-75.64112828,9.65,1708.799,24.393,10.650,254,11,25,,
T,2023-02-20 16:08:36,6.17401630,-75.64122115,10.72,1707.889,24.394,11.210,242,11,25,,
T,2023-02-20 16:08:37,6.17395102,-75.64132062,10.72,1705.764,24.394,11.610,227,14,25,,
T,2023-02-20 16:08:38,6.17388529,-75.64136843,9.65,1703.236,24.395,11.090,206,14,25,,
T,2023-02-20 16:08:39,6.17378886,-75.64136588,9.65,1702.659,24.395,10.320,186,11,25,,
T,2023-02-20 16:08:40,6.17368577,-75.64134422,9.65,1705.211,24.395,10.420,174,13,25,,
T,2023-02-20 16:08:41,6.17358448,-75.64132107,9.65,1705.445,24.395,10.600,169,12,25,,
T,2023-02-20 16:08:42,6.17349803,-75.64130598,9.65,1703.307,24.395,10.600,168,9,25,,
T,2023-02-20 16:08:43,6.17340233,-75.64129513,9.65,1703.804,24.395,10.030,174,9,25,,
T,2023-02-20 16:08:44,6.17332241,-75.64127407,9.65,1706.351,24.395,7.830,168,13,24,,
T,2023-02-20 16:08:45,6.17326799,-75.64126624,9.65,1705.179,24.395,6.850,173,11,25,,
T,2023-02-20 16:08:46,6.17320503,-75.64126819,9.65,1708.638,24.396,5.870,177,8,25,,
T,2023-02-20 16:08:47,6.17315704,-75.64127421,9.65,1711.542,24.396,5.670,189,16,25,,
T,2023-02-20 16:08:48,6.17311476,-75.64130746,9.65,1710.603,24.396,5.310,213,15,25,,
T,2023-02-20 16:08:49,6.17307855,-75.64135108,9.65,1712.576,24.396,6.070,236,13,24,,
T,2023-02-20 16:08:50,6.17306373,-75.64140834,10.72,1714.160,24.397,6.720,252,15,25,,
T,2023-02-20 16:08:51,6.17305132,-75.64145795,9.65,1713.512,24.397,7.060,254,12,25,,
T,2023-02-20 16:08:52,6.17304127,-75.64151884,9.65,1713.245,24.397,7.640,259,11,25,,
T,2023-02-20 16:08:53,6.17303418,-75.64158957,10.72,1713.215,24.398,8.150,262,6,25,,
T,2023-02-20 16:08:54,6.17309183,-75.64166008,11.79,1714.083,24.398,8.250,280,6,25,,
T,2023-02-20 16:08:55,6.17309544,-75.64173827,11.79,1714.655,24.398,8.690,274,5,25,,
T,2023-02-20 16:08:56,6.17310205,-75.64181129,11.79,1715.300,24.399,8.740,277,6,25,,
T,2023-02-20 16:08:57,6.17312050,-75.64188314,11.79,1715.714,24.399,8.160,280,6,25,,
T,2023-02-20 16:08:58,6.17313277,-75.64196687,24.66,1715.361,24.399,8.360,282,7,25,,
T,2023-02-20 16:08:59,6.17315014,-75.64205331,30.02,1715.421,24.400,8.840,284,6,25,,
T,2023-02-20 16:09:00,6.17316414,-75.64214658,35.38,1716.231,24.400,10.270,285,4,25,,
T,2023-02-20 16:09:01,6.17317831,-75.64220009,38.59,1716.477,24.400,10.140,283,1,25,,
T,2023-02-20 16:09:02,6.17316554,-75.64225504,40.74,1716.543,24.401,9.400,281,7,25,,
T,2023-02-20 16:09:03,6.17316923,-75.64228442,40.74,1718.655,24.401,9.070,283,5,25,,
T,2023-02-20 16:09:04,6.17316849,-75.64234748,35.38,1717.790,24.401,9.000,280,5,25,,
T,2023-02-20 16:09:05,6.17314383,-75.64234541,26.80,1718.914,24.401,7.560,277,8,25,,
T,2023-02-20 16:09:06,6.17310754,-75.64234060,12.86,1719.673,24.401,5.160,274,10,24,,
T,2023-02-20 16:09:07,6.17309526,-75.64237300,12.86,1721.145,24.402,3.410,259,9,25,,
T,2023-02-20 16:09:08,6.17308288,-75.64240474,12.86,1722.836,24.402,2.200,250,5,25,,
T,2023-02-20 16:09:09,6.17306025,-75.64242757,12.86,1723.101,24.402,2.410,217,6,25,,
T,2023-02-20 16:09:10,6.17302340,-75.64244172,12.86,1723.610,24.402,3.860,184,3,25,,
T,2023-02-20 16:09:11,6.17298847,-75.64247652,27.87,1723.985,24.402,4.190,179,6,25,,
T,2023-02-20 16:09:12,6.17293643,-75.64247393,28.94,1724.615,24.402,4.030,174,8,25,,
T,2023-02-20 16:09:13,6.17290498,-75.64246728,27.87,1723.378,24.402,3.160,173,13,25,,
T,2023-02-20 16:09:14,6.17290417,-75.64247103,27.87,1720.634,24.402,1.720,169,3,25,,
T,2023-02-20 16:09:15,6.17287271,-75.64246509,26.80,1720.524,24.402,0.400,176,3,25,,
T,2023-02-20 16:09:16,6.17285903,-75.64246652,25.73,1720.862,24.402,0.650,187,12,25,,
T,2023-02-20 16:09:17,6.17284007,-75.64247408,26.80,1720.632,24.403,2.140,232,6,25,,
T,2023-02-20 16:09:18,6.17282145,-75.64249583,25.73,1722.343,24.403,3.010,237,6,25,,
T,2023-02-20 16:09:19,6.17281031,-75.64251330,25.73,1722.455,24.403,2.400,222,10,25,,
T,2023-02-20 16:09:20,6.17278098,-75.64253000,23.58,1722.437,24.403,1.470,227,5,25,,
T,2023-02-20 16:09:21,6.17275705,-75.64251805,10.72,1723.913,24.403,0.910,248,14,25,,
T,2023-02-20 16:09:22,6.17271869,-75.64250609,10.72,1727.538,24.403,0.960,251,17,25,,
T,2023-02-20 16:09:23,6.17270035,-75.64249850,10.72,1729.319,24.403,0.420,198,16,25,,
T,2023-02-20 16:09:24,6.17259017,-75.64240163,10.72,1726.862,24.403,0.000,,18,25,,
T,2023-02-20 16:09:25,6.17258339,-75.64239638,9.65,1725.318,24.403,0.000,,19,25,,
T,2023-02-20 16:09:26,6.17257964,-75.64239129,9.65,1724.610,24.403,0.000,,19,25,,
T,2023-02-20 16:09:27,6.17257549,-75.64238914,9.65,1724.556,24.403,0.000,,19,25,,
T,2023-02-20 16:09:28,6.17257225,-75.64238850,9.65,1724.951,24.403,0.000,,19,25,,
T,2023-02-20 16:09:29,6.17257230,-75.64238734,9.65,1724.733,24.403,0.000,,19,25,,
T,2023-02-20 16:09:30,6.17257277,-75.64238670,9.65,1724.739,24.403,0.000,,19,25,,
T,2023-02-20 16:09:31,6.17257387,-75.64238745,9.65,1724.341,24.403,0.000,,19,25,,
T,2023-02-20 16:09:32,6.17257447,-75.64238751,9.65,1724.092,24.403,0.000,,19,25,,
T,2023-02-20 16:09:33,6.17257473,-75.64238683,9.65,1723.901,24.403,0.000,,17,25,,
T,2023-02-20 16:09:34,6.17257531,-75.64238898,9.65,1723.665,24.403,0.000,,18,25,,
T,2023-02-20 16:09:35,6.17257552,-75.64238841,9.65,1723.906,24.403,0.000,,17,25,,
T,2023-02-20 16:09:36,6.17257640,-75.64238737,9.65,1724.039,24.403,0.000,,16,25,,
T,2023-02-20 16:09:37,6.17257767,-75.64238712,9.65,1723.955,24.403,0.000,,18,25,,
T,2023-02-20 16:09:38,6.17257777,-75.64238716,9.65,1724.032,24.403,0.000,,18,25,,
