type,date time,latitude,longitude,accuracy(m),altitude(m),geoid_height(m),speed(m/s),bearing(deg),sat_used,sat_inview,name,desc
T,2023-03-06 13:12:41.360,6.25365199,-75.60429810,8.58,1501.192,24.044,0.000,,,36,20230306-081241,GPS Logger: 20230306-081241 - Bajaj_boxerct100_ruta_8
T,2023-03-06 13:12:43.364,6.25368159,-75.60427715,8.58,1538.824,24.044,0.330,34,,36,,
T,2023-03-06 13:12:44.364,6.25362604,-75.60429188,10.72,1529.878,24.044,0.000,,17,36,,
T,2023-03-06 13:12:45,6.25368611,-75.60424323,8.58,1540.510,24.044,0.360,34,17,36,,
T,2023-03-06 13:12:47,6.25368492,-75.60425657,8.58,1536.909,24.044,0.000,,16,36,,
T,2023-03-06 13:12:48,6.25368461,-75.60425665,8.58,1536.506,24.044,0.000,,16,36,,
T,2023-03-06 13:12:49,6.25369431,-75.60425130,8.58,1536.824,24.044,0.000,,16,36,,
T,2023-03-06 13:12:50,6.25369326,-75.60425132,8.58,1536.717,24.044,0.000,,16,36,,
T,2023-03-06 13:12:51,6.25369526,-75.60424858,8.58,1535.907,24.044,0.000,,16,36,,
T,2023-03-06 13:12:52,6.25369443,-75.60424830,10.72,1535.407,24.044,0.000,,16,36,,
T,2023-03-06 13:12:53,6.25369515,-75.60424871,12.86,1535.256,24.044,0.000,,10,36,,
T,2023-03-06 13:12:54,6.25369515,-75.60424871,15.01,1535.276,24.044,0.000,,8,36,,
T,2023-03-06 13:12:55,6.25369515,-75.60424871,19.30,1535.304,24.044,0.000,,7,35,,
T,2023-03-06 13:12:56,6.25369528,-75.60424876,23.58,1535.345,24.044,0.000,,4,36,,
T,2023-03-06 13:12:57,6.25369531,-75.60424874,31.09,1535.434,24.044,0.000,,4,36,,
T,2023-03-06 13:12:58,6.25369543,-75.60424856,39.66,1535.488,24.044,0.000,,4,36,,
T,2023-03-06 13:12:59,6.25369324,-75.60424968,31.09,1535.361,24.044,0.000,,4,36,,
T,2023-03-06 13:13:00,6.25369354,-75.60424412,24.66,1535.078,24.044,0.000,,10,36,,
T,2023-03-06 13:13:01,6.25369266,-75.60424386,24.66,1535.134,24.044,0.000,,10,36,,
T,2023-03-06 13:13:02,6.25369381,-75.60424602,21.44,1534.621,24.044,0.000,,10,36,,
T,2023-03-06 13:13:03,6.25369458,-75.60424247,18.22,1534.756,24.044,0.000,,10,36,,
T,2023-03-06 13:13:04,6.25369709,-75.60425013,15.01,1532.659,24.044,0.000,,11,35,,
T,2023-03-06 13:13:05,6.25369367,-75.60424981,12.86,1532.781,24.044,0.000,,12,34,,
T,2023-03-06 13:13:06,6.25366861,-75.60422264,7.50,1530.642,24.044,0.000,,12,35,,
T,2023-03-06 13:13:07,6.25365342,-75.60421375,6.43,1530.134,24.044,0.000,,14,35,,
T,2023-03-06 13:13:08,6.25362044,-75.60415325,6.43,1531.024,24.043,5.440,104,15,35,,
T,2023-03-06 13:13:09,6.25358218,-75.60407164,5.36,1529.042,24.043,5.860,103,16,35,,
T,2023-03-06 13:13:10,6.25352083,-75.60403097,6.43,1529.285,24.043,5.580,109,17,35,,
T,2023-03-06 13:13:11,6.25348565,-75.60393845,7.50,1528.783,24.042,6.670,110,17,35,,
T,2023-03-06 13:13:12,6.25347072,-75.60385412,7.50,1528.482,24.042,7.240,109,17,35,,
T,2023-03-06 13:13:13,6.25346204,-75.60379681,8.58,1527.818,24.042,7.110,107,14,35,,
T,2023-03-06 13:13:14,6.25342495,-75.60382412,10.72,1527.762,24.042,5.240,114,15,35,,
T,2023-03-06 13:13:15,6.25336929,-75.60378280,10.72,1527.655,24.042,5.660,120,16,35,,
T,2023-03-06 13:13:16,6.25332456,-75.60373476,9.65,1528.475,24.042,5.880,123,16,35,,
T,2023-03-06 13:13:17,6.25334181,-75.60372415,7.50,1529.283,24.042,4.560,121,17,35,,
T,2023-03-06 13:13:18,6.25334389,-75.60369709,6.43,1530.263,24.042,4.610,118,17,35,,
T,2023-03-06 13:13:19,6.25332875,-75.60365996,5.36,1529.154,24.041,4.520,132,18,35,,
T,2023-03-06 13:13:20,6.25329510,-75.60364188,5.36,1528.509,24.041,4.230,159,17,35,,
T,2023-03-06 13:13:21,6.25330469,-75.60359211,5.36,1524.505,24.041,4.060,172,18,35,,
T,2023-03-06 13:13:22,6.25324873,-75.60361766,5.36,1523.990,24.041,4.880,191,18,35,,
T,2023-03-06 13:13:23,6.25320686,-75.60363522,6.43,1521.559,24.042,4.270,203,19,35,,
T,2023-03-06 13:13:24,6.25315449,-75.60366129,6.43,1521.577,24.042,5.750,201,19,35,,
T,2023-03-06 13:13:25,6.25308845,-75.60370467,6.43,1521.701,24.042,7.410,209,18,35,,
T,2023-03-06 13:13:26,6.25301547,-75.60371245,7.50,1522.214,24.042,7.320,207,16,35,,
T,2023-03-06 13:13:27,6.25296528,-75.60373532,8.58,1522.002,24.043,7.240,209,16,35,,
T,2023-03-06 13:13:28,6.25291079,-75.60379688,7.50,1521.906,24.043,8.260,213,15,35,,
T,2023-03-06 13:13:29,6.25284154,-75.60386165,6.43,1522.362,24.044,9.180,216,12,35,,
T,2023-03-06 13:13:30,6.25277517,-75.60388968,5.36,1521.531,24.044,8.960,213,13,35,,
T,2023-03-06 13:13:31,6.25270294,-75.60394183,6.43,1522.598,24.044,8.820,210,14,35,,
T,2023-03-06 13:13:32,6.25262991,-75.60399668,6.43,1522.815,24.045,9.430,206,15,35,,
T,2023-03-06 13:13:33,6.25251950,-75.60404153,6.43,1522.497,24.045,11.050,203,16,35,,
T,2023-03-06 13:13:34,6.25241366,-75.60407288,6.43,1522.015,24.046,10.980,200,18,35,,
T,2023-03-06 13:13:35,6.25231063,-75.60408620,6.43,1522.847,24.046,11.020,198,17,35,,
T,2023-03-06 13:13:36,6.25220093,-75.60409892,6.43,1524.281,24.046,11.650,200,16,35,,
T,2023-03-06 13:13:37,6.25211080,-75.60412258,6.43,1524.275,24.047,11.530,200,15,35,,
T,2023-03-06 13:13:38,6.25201099,-75.60414860,6.43,1524.922,24.047,11.520,198,13,35,,
T,2023-03-06 13:13:39,6.25192171,-75.60416496,6.43,1525.332,24.047,9.500,196,16,35,,
T,2023-03-06 13:13:40,6.25182922,-75.60419200,7.50,1524.886,24.048,10.230,196,15,35,,
T,2023-03-06 13:13:41,6.25173584,-75.60422421,7.50,1525.381,24.048,10.260,197,15,35,,
T,2023-03-06 13:13:42,6.25169519,-75.60424180,7.50,1525.692,24.048,7.190,199,16,35,,
T,2023-03-06 13:13:43,6.25162904,-75.60425424,7.50,1526.142,24.048,6.490,196,16,35,,
T,2023-03-06 13:13:44,6.25158337,-75.60425811,8.58,1526.473,24.049,5.160,194,15,35,,
T,2023-03-06 13:13:45,6.25153706,-75.60427088,8.58,1526.565,24.049,5.270,196,12,35,,
T,2023-03-06 13:13:46,6.25149404,-75.60429927,8.58,1526.613,24.049,5.340,198,13,35,,
T,2023-03-06 13:13:47,6.25145000,-75.60430976,12.86,1527.185,24.049,5.190,198,14,35,,
T,2023-03-06 13:13:48,6.25137534,-75.60432838,12.86,1526.681,24.049,5.990,195,13,35,,
T,2023-03-06 13:13:49,6.25131026,-75.60433261,12.86,1526.707,24.050,6.080,195,14,35,,
T,2023-03-06 13:13:50,6.25125181,-75.60435653,12.86,1526.255,24.050,6.180,195,13,35,,
T,2023-03-06 13:13:51,6.25119015,-75.60437103,12.86,1525.910,24.050,6.350,199,13,35,,
T,2023-03-06 13:13:52,6.25113821,-75.60438666,12.86,1525.486,24.050,5.510,202,13,35,,
T,2023-03-06 13:13:53,6.25106051,-75.60434809,11.79,1525.598,24.050,4.980,197,12,35,,
T,2023-03-06 13:13:54,6.25101483,-75.60435922,11.79,1525.977,24.050,3.770,197,13,35,,
T,2023-03-06 13:13:55,6.25098636,-75.60438998,10.72,1526.153,24.051,2.930,196,12,35,,
T,2023-03-06 13:13:56,6.25095534,-75.60438048,10.72,1525.765,24.051,2.750,179,14,35,,
T,2023-03-06 13:13:57,6.25098017,-75.60437747,10.72,1525.017,24.051,0.320,184,16,35,,
T,2023-03-06 13:13:58,6.25097455,-75.60437758,10.72,1524.548,24.051,0.180,184,16,35,,
T,2023-03-06 13:13:59,6.25097252,-75.60438035,10.72,1525.071,24.051,0.410,185,16,35,,
T,2023-03-06 13:14:00,6.25096966,-75.60438427,10.72,1525.223,24.051,0.330,185,16,35,,
T,2023-03-06 13:14:01,6.25096915,-75.60438529,10.72,1525.157,24.051,0.490,186,16,35,,
T,2023-03-06 13:14:02,6.25096394,-75.60438816,10.72,1524.817,24.051,0.770,186,13,35,,
T,2023-03-06 13:14:03,6.25096418,-75.60439367,10.72,1524.984,24.051,0.640,185,13,35,,
T,2023-03-06 13:14:04,6.25096922,-75.60439398,10.72,1525.451,24.051,0.770,186,13,35,,
T,2023-03-06 13:14:05,6.25097584,-75.60439278,10.72,1526.701,24.051,0.520,186,12,35,,
T,2023-03-06 13:14:06,6.25098229,-75.60438828,10.72,1527.540,24.051,0.770,186,11,35,,
T,2023-03-06 13:14:07,6.25099082,-75.60438549,11.79,1528.343,24.051,0.730,186,12,35,,
T,2023-03-06 13:14:08,6.25100174,-75.60438737,11.79,1528.878,24.051,0.620,187,13,35,,
T,2023-03-06 13:14:09,6.25101091,-75.60439021,11.79,1528.766,24.051,1.020,187,13,35,,
T,2023-03-06 13:14:10,6.25101761,-75.60439380,11.79,1529.411,24.051,0.880,188,11,35,,
T,2023-03-06 13:14:11,6.25102462,-75.60439452,11.79,1530.223,24.050,0.400,188,11,35,,
T,2023-03-06 13:14:12,6.25102695,-75.60439708,12.86,1530.565,24.051,0.650,188,12,35,,
T,2023-03-06 13:14:13,6.25102991,-75.60439767,12.86,1529.829,24.051,0.000,,12,35,,
T,2023-03-06 13:14:14,6.25103216,-75.60439825,12.86,1529.827,24.051,0.290,188,11,35,,
T,2023-03-06 13:14:15,6.25103388,-75.60439856,12.86,1530.170,24.050,0.190,189,11,35,,
T,2023-03-06 13:14:16,6.25103743,-75.60439466,12.86,1531.152,24.050,0.430,189,14,35,,
T,2023-03-06 13:14:17,6.25103692,-75.60439301,12.86,1531.092,24.050,0.240,189,15,35,,
T,2023-03-06 13:14:18,6.25103610,-75.60438990,12.86,1531.216,24.050,0.780,189,14,35,,
T,2023-03-06 13:14:19,6.25103330,-75.60438393,12.86,1531.688,24.050,0.990,190,14,34,,
T,2023-03-06 13:14:20,6.25103127,-75.60438072,12.86,1531.844,24.050,0.400,189,13,35,,
T,2023-03-06 13:14:21,6.25103365,-75.60438014,12.86,1531.678,24.050,0.560,190,13,35,,
T,2023-03-06 13:14:22,6.25103697,-75.60437935,12.86,1532.126,24.050,0.870,189,12,35,,
T,2023-03-06 13:14:23,6.25103753,-75.60437871,12.86,1532.026,24.050,0.180,190,12,35,,
T,2023-03-06 13:14:24,6.25103653,-75.60437868,12.86,1532.466,24.050,0.000,,12,35,,
T,2023-03-06 13:14:25,6.25103580,-75.60438174,12.86,1532.673,24.050,0.000,,12,35,,
T,2023-03-06 13:14:26,6.25103125,-75.60438580,12.86,1532.612,24.050,0.000,,13,35,,
T,2023-03-06 13:14:27,6.25102903,-75.60438646,12.86,1532.823,24.050,0.000,,13,35,,
T,2023-03-06 13:14:28,6.25102584,-75.60438699,12.86,1532.944,24.050,0.000,,13,35,,
T,2023-03-06 13:14:29,6.25102401,-75.60438994,12.86,1532.971,24.050,0.000,,11,35,,
T,2023-03-06 13:14:30,6.25102103,-75.60439512,12.86,1532.869,24.051,0.000,,10,35,,
T,2023-03-06 13:14:31,6.25101890,-75.60439785,12.86,1529.716,24.051,0.000,,10,35,,
T,2023-03-06 13:14:32,6.25101757,-75.60439718,11.79,1529.917,24.051,0.000,,9,35,,
T,2023-03-06 13:14:33,6.25101467,-75.60439882,11.79,1530.332,24.051,0.000,,9,35,,
T,2023-03-06 13:14:34,6.25101007,-75.60439679,11.79,1530.285,24.051,0.000,,9,35,,
T,2023-03-06 13:14:35,6.25100768,-75.60439150,11.79,1530.794,24.051,0.000,,11,35,,
T,2023-03-06 13:14:36,6.25100628,-75.60438372,11.79,1529.914,24.050,0.000,,13,35,,
T,2023-03-06 13:14:37,6.25100416,-75.60437734,11.79,1530.336,24.050,0.000,,13,35,,
T,2023-03-06 13:14:38,6.25100362,-75.60437580,11.79,1530.391,24.050,0.000,,13,35,,
T,2023-03-06 13:14:39,6.25100211,-75.60437336,11.79,1530.970,24.050,0.000,,13,35,,
T,2023-03-06 13:14:40,6.25100193,-75.60437458,11.79,1531.314,24.050,0.000,,13,35,,
T,2023-03-06 13:14:41,6.25100214,-75.60437580,10.72,1531.320,24.050,0.000,,13,35,,
T,2023-03-06 13:14:42,6.25100208,-75.60437681,10.72,1531.364,24.050,0.000,,12,35,,
T,2023-03-06 13:14:43,6.25100194,-75.60437574,10.72,1531.178,24.050,0.000,,12,35,,
T,2023-03-06 13:14:44,6.25100107,-75.60437673,10.72,1531.160,24.050,0.000,,12,35,,
T,2023-03-06 13:14:45,6.25100047,-75.60437767,10.72,1531.646,24.050,0.000,,12,35,,
T,2023-03-06 13:14:46,6.25100053,-75.60437608,11.79,1531.662,24.050,0.000,,13,35,,
T,2023-03-06 13:14:47,6.25100035,-75.60437438,10.72,1531.808,24.050,0.000,,12,35,,
T,2023-03-06 13:14:48,6.25100020,-75.60437430,10.72,1532.054,24.050,0.000,,12,35,,
T,2023-03-06 13:14:49,6.25100020,-75.60437418,10.72,1532.357,24.050,0.000,,12,35,,
T,2023-03-06 13:14:50,6.25100016,-75.60437497,10.72,1534.784,24.050,0.000,,12,35,,
T,2023-03-06 13:14:51,6.25099997,-75.60437516,10.72,1534.703,24.050,0.000,,12,35,,
T,2023-03-06 13:14:52,6.25099990,-75.60437531,10.72,1530.678,24.050,0.000,,11,35,,
T,2023-03-06 13:14:53,6.25099990,-75.60437549,10.72,1531.354,24.050,0.000,,11,35,,
T,2023-03-06 13:14:54,6.25099997,-75.60437421,10.72,1531.165,24.050,0.000,,11,35,,
T,2023-03-06 13:14:55,6.25099999,-75.60437398,10.72,1530.573,24.050,0.000,,11,35,,
T,2023-03-06 13:14:56,6.25099987,-75.60437350,10.72,1530.406,24.050,0.000,,11,35,,
T,2023-03-06 13:14:57,6.25099988,-75.60437330,10.72,1530.012,24.050,0.000,,11,35,,
T,2023-03-06 13:14:58,6.25099987,-75.60437325,11.79,1529.667,24.050,0.000,,12,35,,
T,2023-03-06 13:14:59,6.25099984,-75.60437319,11.79,1529.388,24.050,0.000,,12,35,,
T,2023-03-06 13:15:00,6.25099983,-75.60437317,12.86,1529.181,24.050,0.000,,12,35,,
T,2023-03-06 13:15:01,6.25099983,-75.60437316,13.94,1529.019,24.050,0.000,,12,35,,
T,2023-03-06 13:15:02,6.25099982,-75.60437312,13.94,1528.919,24.050,0.000,,12,35,,
T,2023-03-06 13:15:03,6.25099982,-75.60437308,15.01,1528.815,24.050,0.000,,10,34,,
T,2023-03-06 13:15:04,6.25099982,-75.60437310,13.94,1528.866,24.050,0.000,,6,35,,
T,2023-03-06 13:15:05,6.25099979,-75.60437305,13.94,1528.964,24.050,0.000,,7,35,,
T,2023-03-06 13:15:06,6.25099979,-75.60437304,13.94,1529.007,24.050,0.000,,8,35,,
T,2023-03-06 13:15:07,6.25099978,-75.60437304,13.94,1529.046,24.050,0.000,,8,35,,
T,2023-03-06 13:15:08,6.25099978,-75.60437305,13.94,1529.675,24.050,0.000,,8,35,,
T,2023-03-06 13:15:09,6.25099979,-75.60437305,15.01,1529.643,24.050,0.000,,8,36,,
T,2023-03-06 13:15:10,6.25099979,-75.60437305,15.01,1529.669,24.050,0.000,,8,35,,
T,2023-03-06 13:15:11,6.25099979,-75.60437305,17.15,1529.628,24.050,0.000,,7,36,,
T,2023-03-06 13:15:12,6.25099978,-75.60437306,18.22,1529.487,24.050,0.000,,3,36,,
T,2023-03-06 13:15:13,6.25099977,-75.60437304,21.44,1529.350,24.050,0.000,,5,36,,
T,2023-03-06 13:15:14,6.25099975,-75.60437303,24.66,1529.206,24.050,0.000,,5,35,,
T,2023-03-06 13:15:15,6.25099974,-75.60437302,31.09,1528.786,24.050,0.000,,4,35,,
T,2023-03-06 13:15:16,6.25099972,-75.60437301,39.66,1528.431,24.050,0.000,,4,34,,
T,2023-03-06 13:15:17,6.25099971,-75.60437300,49.31,1528.491,24.050,0.000,,3,36,,
T,2023-03-06 13:15:18,6.25088027,-75.60436565,63.25,1532.683,24.051,1.470,186,3,35,,
T,2023-03-06 13:15:20,6.25099971,-75.60437301,87.90,1528.946,24.050,0.000,,,36,,
T,2023-03-06 13:15:21,6.25099971,-75.60437301,103.98,1529.000,24.050,0.000,,2,36,,
T,2023-03-06 13:15:22,6.25099971,-75.60437300,114.70,1529.044,24.050,0.000,,2,36,,
T,2023-03-06 13:15:23,6.25099968,-75.60437295,98.62,1529.414,24.050,0.000,,3,36,,
T,2023-03-06 13:15:24,6.25099962,-75.60437287,76.11,1529.921,24.050,0.000,,6,36,,
T,2023-03-06 13:15:25,6.25099955,-75.60437280,58.96,1530.626,24.050,0.000,,8,34,,
T,2023-03-06 13:15:26,6.25099963,-75.60437194,49.31,1531.354,24.050,0.000,,8,34,,
T,2023-03-06 13:15:27,6.25100051,-75.60436656,40.74,1532.989,24.050,0.000,,7,35,,
T,2023-03-06 13:15:28,6.25097893,-75.60431445,37.52,1532.828,24.050,9.740,116,7,36,,
T,2023-03-06 13:15:29,6.25089282,-75.60409998,33.23,1532.775,24.049,10.280,114,8,36,,
T,2023-03-06 13:15:30,6.25087293,-75.60384345,34.30,1532.892,24.048,11.140,104,7,36,,
T,2023-03-06 13:15:31,6.25091242,-75.60340818,32.16,1531.293,24.046,12.850,99,6,36,,
T,2023-03-06 13:15:32,6.25090122,-75.60294675,31.09,1531.519,24.043,15.040,96,8,36,,
T,2023-03-06 13:15:33,6.25076988,-75.60281793,33.23,1531.450,24.043,14.950,96,8,36,,
T,2023-03-06 13:15:34,6.25073587,-75.60268391,34.30,1531.553,24.042,14.900,94,8,36,,
T,2023-03-06 13:15:35,6.25068720,-75.60241718,31.09,1531.600,24.041,15.820,93,8,35,,
T,2023-03-06 13:15:36,6.25068084,-75.60221682,30.02,1529.492,24.040,15.870,92,8,35,,
T,2023-03-06 13:15:37,6.25068997,-75.60188839,27.87,1529.530,24.038,16.760,91,10,35,,
T,2023-03-06 13:15:38,6.25067944,-75.60163917,20.37,1530.002,24.037,17.240,92,10,35,,
T,2023-03-06 13:15:39,6.25075866,-75.60136753,21.44,1525.672,24.035,16.920,92,10,34,,
T,2023-03-06 13:15:40,6.25075770,-75.60114309,20.37,1522.839,24.034,15.620,93,10,35,,
T,2023-03-06 13:15:41,6.25071059,-75.60101175,19.30,1515.570,24.034,15.120,94,11,35,,
T,2023-03-06 13:15:42,6.25066951,-75.60089739,18.22,1513.244,24.033,13.950,96,10,35,,
T,2023-03-06 13:15:43,6.25062306,-75.60078310,17.15,1513.574,24.033,13.000,99,10,35,,
T,2023-03-06 13:15:44,6.25058065,-75.60066763,16.08,1514.184,24.032,11.790,104,10,35,,
T,2023-03-06 13:15:45,6.25053358,-75.60057686,16.08,1513.923,24.032,11.000,106,12,35,,
T,2023-03-06 13:15:46,6.25050157,-75.60049516,15.01,1513.650,24.031,10.200,105,12,35,,
T,2023-03-06 13:15:47,6.25048893,-75.60042189,15.01,1512.849,24.031,8.140,109,12,35,,
T,2023-03-06 13:15:48,6.25042626,-75.60037117,15.01,1512.333,24.031,8.340,112,10,35,,
T,2023-03-06 13:15:49,6.25041764,-75.60029747,13.94,1512.439,24.031,7.550,111,10,35,,
T,2023-03-06 13:15:50,6.25037297,-75.60027035,12.86,1513.035,24.031,7.050,112,10,35,,
T,2023-03-06 13:15:51,6.25035721,-75.60021232,12.86,1513.322,24.030,6.390,104,9,35,,
T,2023-03-06 13:15:52,6.25035594,-75.60016823,12.86,1513.669,24.030,5.180,103,9,35,,
T,2023-03-06 13:15:53,6.25031480,-75.60015811,11.79,1513.485,24.030,3.650,106,9,35,,
T,2023-03-06 13:15:54,6.25031605,-75.60012376,10.72,1512.548,24.030,2.710,117,12,35,,
T,2023-03-06 13:15:55,6.25030522,-75.60009767,10.72,1512.002,24.030,2.830,107,12,35,,
T,2023-03-06 13:15:56,6.25029938,-75.60007605,11.79,1512.040,24.030,2.660,108,11,35,,
T,2023-03-06 13:15:57,6.25030109,-75.60008580,11.79,1511.991,24.030,1.150,107,11,35,,
T,2023-03-06 13:15:58,6.25029838,-75.60007553,11.79,1511.981,24.030,1.150,106,12,35,,
T,2023-03-06 13:15:59,6.25029682,-75.60006529,12.86,1511.977,24.030,1.100,106,12,35,,
T,2023-03-06 13:16:00,6.25029485,-75.60005535,13.94,1511.981,24.030,1.100,106,7,35,,
T,2023-03-06 13:16:01,6.25029369,-75.60004832,16.08,1511.918,24.030,0.910,106,6,36,,
T,2023-03-06 13:16:02,6.25029106,-75.60003813,16.08,1511.983,24.030,0.970,105,6,36,,
T,2023-03-06 13:16:03,6.25028997,-75.60003083,17.15,1512.012,24.029,1.050,105,6,35,,
T,2023-03-06 13:16:04,6.25029053,-75.60003115,17.15,1511.985,24.029,0.580,105,3,34,,
T,2023-03-06 13:16:05,6.25029474,-75.60004455,15.01,1511.844,24.030,0.420,106,5,35,,
T,2023-03-06 13:16:06,6.25029968,-75.60005401,15.01,1511.924,24.030,0.340,106,7,35,,
T,2023-03-06 13:16:07,6.25030356,-75.60006014,16.08,1511.942,24.030,0.540,112,7,35,,
T,2023-03-06 13:16:08,6.25030845,-75.60006432,16.08,1511.929,24.030,0.540,94,7,35,,
T,2023-03-06 13:16:09,6.25031108,-75.60006830,17.15,1511.730,24.030,0.510,112,7,35,,
T,2023-03-06 13:16:10,6.25031262,-75.60007098,18.22,1511.685,24.030,0.180,111,7,35,,
T,2023-03-06 13:16:11,6.25031135,-75.60007084,19.30,1511.691,24.030,0.270,111,6,36,,
T,2023-03-06 13:16:12,6.25030989,-75.60007008,25.73,1511.856,24.030,0.270,106,3,34,,
T,2023-03-06 13:16:13,6.25030834,-75.60006905,34.30,1511.995,24.030,0.270,104,3,36,,
T,2023-03-06 13:16:14,6.25029577,-75.60003436,40.74,1512.163,24.029,1.600,101,3,36,,
T,2023-03-06 13:16:15,6.25014073,-75.59957002,38.59,1512.180,24.027,8.340,99,4,36,,
T,2023-03-06 13:16:16,6.25012605,-75.59949393,46.10,1512.251,24.027,8.350,97,3,35,,
T,2023-03-06 13:16:17,6.25011788,-75.59942295,55.74,1512.306,24.027,8.200,92,3,36,,
T,2023-03-06 13:16:18,6.25012054,-75.59937023,65.39,1512.349,24.026,7.970,87,2,36,,
T,2023-03-06 13:16:19,6.25012009,-75.59924597,65.39,1512.386,24.026,8.420,92,2,36,,
T,2023-03-06 13:16:20,6.25011164,-75.59917386,76.11,1512.413,24.025,8.340,94,3,36,,
T,2023-03-06 13:16:21,6.25010856,-75.59910831,62.18,1512.348,24.025,8.550,95,3,36,,
T,2023-03-06 13:16:22,6.25008914,-75.59904466,56.82,1512.293,24.025,8.220,106,6,36,,
T,2023-03-06 13:16:23,6.25004964,-75.59903857,48.24,1512.075,24.025,7.120,128,6,36,,
T,2023-03-06 13:16:24,6.25004148,-75.59906971,40.74,1512.136,24.025,4.800,161,7,34,,
T,2023-03-06 13:16:25,6.25004002,-75.59907377,38.59,1512.040,24.025,3.400,189,6,36,,
T,2023-03-06 13:16:26,6.25004519,-75.59911604,36.45,1511.964,24.025,1.250,187,6,36,,
T,2023-03-06 13:16:27,6.24992152,-75.59911568,32.16,1511.833,24.026,3.030,172,6,36,,
T,2023-03-06 13:16:28,6.24982977,-75.59910605,32.16,1511.876,24.026,3.680,148,5,36,,
T,2023-03-06 13:16:29,6.24982645,-75.59908671,33.23,1511.919,24.026,3.530,123,4,36,,
T,2023-03-06 13:16:30,6.24980911,-75.59905950,35.38,1511.822,24.025,3.500,109,5,36,,
T,2023-03-06 13:16:31,6.24979030,-75.59903374,41.81,1511.446,24.025,4.360,101,4,36,,
T,2023-03-06 13:16:32,6.24977382,-75.59900545,51.46,1511.562,24.025,4.130,100,4,36,,
T,2023-03-06 13:16:33,6.24975623,-75.59897525,54.67,1511.542,24.025,4.160,99,4,36,,
T,2023-03-06 13:16:34,6.24970751,-75.59888747,49.31,1511.478,24.025,6.220,102,5,36,,
T,2023-03-06 13:16:35,6.24965798,-75.59858470,32.16,1511.170,24.023,10.400,102,6,36,,
T,2023-03-06 13:16:36,6.24963388,-75.59845496,26.80,1510.535,24.023,10.260,104,8,37,,
T,2023-03-06 13:16:37,6.24962491,-75.59843349,21.44,1510.597,24.023,8.480,102,7,37,,
T,2023-03-06 13:16:38,6.24962532,-75.59837907,15.01,1510.710,24.022,5.200,106,8,37,,
T,2023-03-06 13:16:39,6.24960301,-75.59830554,13.94,1509.842,24.022,4.920,101,10,37,,
T,2023-03-06 13:16:40,6.24957698,-75.59830974,13.94,1508.786,24.022,4.100,89,10,37,,
T,2023-03-06 13:16:41,6.24957019,-75.59823912,12.86,1507.930,24.022,5.520,100,11,36,,
T,2023-03-06 13:16:42,6.24956784,-75.59814461,12.86,1507.606,24.021,6.450,101,11,36,,
T,2023-03-06 13:16:43,6.24954970,-75.59809435,12.86,1507.130,24.021,6.300,103,11,36,,
T,2023-03-06 13:16:44,6.24953753,-75.59802003,12.86,1507.218,24.021,8.100,101,11,36,,
T,2023-03-06 13:16:45,6.24952637,-75.59796591,12.86,1507.053,24.020,8.930,102,9,36,,
T,2023-03-06 13:16:46,6.24949778,-75.59795994,12.86,1505.373,24.020,9.030,104,9,36,,
T,2023-03-06 13:16:47,6.24950791,-75.59786440,13.94,1505.878,24.020,8.880,101,8,36,,
T,2023-03-06 13:16:48,6.24951279,-75.59781489,15.01,1505.634,24.020,7.260,103,9,36,,
T,2023-03-06 13:16:49,6.24950002,-75.59775188,15.01,1505.675,24.019,7.180,103,9,36,,
T,2023-03-06 13:16:50,6.24948179,-75.59769388,16.08,1505.612,24.019,7.120,102,8,36,,
T,2023-03-06 13:16:51,6.24947466,-75.59771436,16.08,1504.970,24.019,5.460,99,9,36,,
T,2023-03-06 13:16:52,6.24944473,-75.59772839,16.08,1504.575,24.019,5.640,97,9,36,,
T,2023-03-06 13:16:53,6.24943477,-75.59765896,18.22,1504.708,24.019,6.220,100,10,36,,
T,2023-03-06 13:16:54,6.24942029,-75.59758146,18.22,1504.911,24.019,6.610,102,9,36,,
T,2023-03-06 13:16:55,6.24943270,-75.59752221,20.37,1505.111,24.018,7.460,103,9,36,,
T,2023-03-06 13:16:56,6.24945301,-75.59736966,20.37,1504.895,24.017,9.260,100,9,36,,
T,2023-03-06 13:16:57,6.24942093,-75.59736133,19.30,1505.095,24.017,7.220,102,9,36,,
T,2023-03-06 13:16:58,6.24941400,-75.59725827,19.30,1504.994,24.017,6.860,102,8,35,,
T,2023-03-06 13:16:59,6.24941223,-75.59719747,19.30,1505.097,24.017,5.930,104,8,36,,
T,2023-03-06 13:17:00,6.24936559,-75.59713577,21.44,1505.412,24.016,6.020,126,9,36,,
T,2023-03-06 13:17:01,6.24931266,-75.59709961,15.01,1504.651,24.016,5.600,150,11,36,,
T,2023-03-06 13:17:02,6.24927865,-75.59705873,15.01,1505.026,24.016,5.190,169,12,36,,
T,2023-03-06 13:17:03,6.24921058,-75.59702393,13.94,1502.572,24.016,5.600,178,12,36,,
T,2023-03-06 13:17:04,6.24910861,-75.59704932,12.86,1498.501,24.016,8.000,186,11,36,,
T,2023-03-06 13:17:05,6.24903695,-75.59704859,13.94,1496.467,24.017,8.240,188,12,36,,
T,2023-03-06 13:17:06,6.24895452,-75.59706299,13.94,1495.897,24.017,8.860,191,13,36,,
T,2023-03-06 13:17:07,6.24886905,-75.59708264,15.01,1496.180,24.017,8.770,191,12,36,,
T,2023-03-06 13:17:08,6.24879701,-75.59708590,15.01,1496.222,24.017,9.230,189,11,36,,
T,2023-03-06 13:17:09,6.24871633,-75.59709773,15.01,1496.092,24.017,9.340,190,11,36,,
T,2023-03-06 13:17:10,6.24860252,-75.59711755,13.94,1495.629,24.018,10.440,189,11,36,,
T,2023-03-06 13:17:11,6.24844973,-75.59713474,13.94,1501.910,24.018,12.450,188,14,36,,
T,2023-03-06 13:17:12,6.24834562,-75.59713002,13.94,1502.052,24.018,12.030,188,13,36,,
T,2023-03-06 13:17:13,6.24827300,-75.59714167,13.94,1501.731,24.019,9.210,188,14,36,,
T,2023-03-06 13:17:14,6.24819692,-75.59714225,13.94,1500.526,24.019,8.640,188,12,36,,
T,2023-03-06 13:17:15,6.24813971,-75.59714044,13.94,1500.305,24.019,7.760,185,12,36,,
T,2023-03-06 13:17:16,6.24810940,-75.59714953,13.94,1500.304,24.019,5.760,177,14,36,,
T,2023-03-06 13:17:17,6.24805649,-75.59715200,12.86,1500.032,24.019,5.590,167,15,36,,
T,2023-03-06 13:17:18,6.24804785,-75.59712756,12.86,1500.077,24.019,4.170,146,16,36,,
T,2023-03-06 13:17:19,6.24799985,-75.59711447,12.86,1498.126,24.019,3.690,129,15,36,,
T,2023-03-06 13:17:20,6.24804093,-75.59715340,12.86,1498.858,24.019,2.510,117,15,36,,
T,2023-03-06 13:17:21,6.24797629,-75.59709190,12.86,1494.844,24.019,4.660,106,15,36,,
T,2023-03-06 13:17:22,6.24796950,-75.59699576,11.79,1492.686,24.018,5.730,100,15,36,,
T,2023-03-06 13:17:23,6.24796353,-75.59695957,11.79,1493.609,24.018,6.840,101,15,36,,
T,2023-03-06 13:17:24,6.24795135,-75.59685295,11.79,1494.464,24.018,6.670,99,15,36,,
T,2023-03-06 13:17:25,6.24794046,-75.59677576,11.79,1494.639,24.017,6.480,99,14,36,,
T,2023-03-06 13:17:26,6.24792435,-75.59670335,11.79,1495.102,24.017,6.320,108,13,36,,
T,2023-03-06 13:17:27,6.24792894,-75.59664463,11.79,1495.164,24.017,5.350,120,12,36,,
T,2023-03-06 13:17:28,6.24792074,-75.59659343,11.79,1496.352,24.016,4.770,143,12,36,,
T,2023-03-06 13:17:29,6.24790318,-75.59658645,11.79,1496.567,24.016,2.870,173,13,36,,
T,2023-03-06 13:17:30,6.24788227,-75.59656468,10.72,1497.626,24.016,2.780,208,13,36,,
T,2023-03-06 13:17:31,6.24786479,-75.59655613,11.79,1498.983,24.016,1.820,225,14,36,,
T,2023-03-06 13:17:32,6.24782423,-75.59658466,11.79,1499.814,24.016,1.910,232,14,36,,
T,2023-03-06 13:17:33,6.24781556,-75.59660277,11.79,1501.266,24.017,1.860,226,16,36,,
T,2023-03-06 13:17:34,6.24780074,-75.59661586,12.86,1503.838,24.017,2.050,221,14,36,,
T,2023-03-06 13:17:35,6.24777630,-75.59664191,12.86,1505.587,24.017,2.990,226,17,36,,
T,2023-03-06 13:17:36,6.24769421,-75.59675012,12.86,1505.286,24.018,6.090,228,17,36,,
T,2023-03-06 13:17:37,6.24764372,-75.59681464,12.86,1505.584,24.018,6.560,227,16,36,,
T,2023-03-06 13:17:38,6.24760874,-75.59686110,11.79,1506.683,24.018,6.080,232,16,35,,
T,2023-03-06 13:17:39,6.24758625,-75.59690690,11.79,1509.075,24.019,5.630,232,16,36,,
T,2023-03-06 13:17:40,6.24753978,-75.59694525,11.79,1509.817,24.019,5.620,234,17,36,,
T,2023-03-06 13:17:41,6.24749107,-75.59700206,11.79,1509.750,24.019,5.830,230,16,36,,
T,2023-03-06 13:17:42,6.24746560,-75.59703104,11.79,1509.732,24.020,5.620,222,16,36,,
T,2023-03-06 13:17:43,6.24741368,-75.59706822,12.86,1509.897,24.020,5.390,207,16,36,,
T,2023-03-06 13:17:44,6.24736981,-75.59707877,12.86,1509.637,24.020,4.610,194,16,36,,
T,2023-03-06 13:17:45,6.24735070,-75.59707564,12.86,1509.433,24.020,3.770,184,15,36,,
T,2023-03-06 13:17:46,6.24731503,-75.59708384,13.94,1509.747,24.020,3.710,163,16,36,,
T,2023-03-06 13:17:47,6.24726929,-75.59707175,13.94,1510.417,24.020,4.000,148,15,36,,
T,2023-03-06 13:17:48,6.24717989,-75.59704358,12.86,1510.532,24.020,5.680,139,13,36,,
T,2023-03-06 13:17:49,6.24710072,-75.59700369,12.86,1510.131,24.020,6.980,141,12,36,,
T,2023-03-06 13:17:50,6.24698395,-75.59696554,12.86,1508.288,24.020,8.250,144,10,36,,
T,2023-03-06 13:17:51,6.24692306,-75.59692123,13.94,1508.660,24.020,8.020,144,9,36,,
T,2023-03-06 13:17:52,6.24686400,-75.59684521,13.94,1508.495,24.020,8.550,142,8,36,,
T,2023-03-06 13:17:53,6.24678346,-75.59679999,13.94,1508.594,24.020,9.140,142,9,36,,
T,2023-03-06 13:17:54,6.24669272,-75.59675781,13.94,1508.780,24.020,9.330,143,11,36,,
T,2023-03-06 13:17:55,6.24659957,-75.59670325,13.94,1508.410,24.019,10.690,144,13,36,,
T,2023-03-06 13:17:56,6.24651701,-75.59664388,13.94,1508.549,24.019,10.030,143,13,36,,
T,2023-03-06 13:17:57,6.24644937,-75.59659187,13.94,1508.699,24.019,9.840,142,14,36,,
T,2023-03-06 13:17:58,6.24635703,-75.59653014,13.94,1508.684,24.019,10.110,143,14,36,,
T,2023-03-06 13:17:59,6.24628449,-75.59647496,13.94,1508.515,24.019,9.010,142,13,36,,
T,2023-03-06 13:18:00,6.24622621,-75.59647004,12.86,1508.692,24.019,8.370,144,12,36,,
T,2023-03-06 13:18:01,6.24617298,-75.59637180,12.86,1508.437,24.019,7.490,142,11,36,,
T,2023-03-06 13:18:02,6.24612559,-75.59636189,12.86,1508.448,24.019,6.930,141,11,36,,
T,2023-03-06 13:18:03,6.24607906,-75.59632218,12.86,1508.441,24.019,6.550,140,10,36,,
T,2023-03-06 13:18:04,6.24606162,-75.59628524,11.79,1508.510,24.018,4.400,140,11,35,,
T,2023-03-06 13:18:05,6.24603077,-75.59625499,11.79,1507.906,24.018,2.950,142,11,36,,
T,2023-03-06 13:18:06,6.24600686,-75.59625337,11.79,1508.370,24.018,2.190,144,10,35,,
T,2023-03-06 13:18:07,6.24600162,-75.59623103,11.79,1508.274,24.018,1.200,141,10,36,,
T,2023-03-06 13:18:08,6.24599682,-75.59622454,11.79,1508.170,24.018,0.910,143,10,36,,
T,2023-03-06 13:18:09,6.24599199,-75.59622103,11.79,1508.018,24.018,0.740,141,9,36,,
T,2023-03-06 13:18:36,6.24590982,-75.59615912,32.16,1508.242,24.018,0.310,143,6,38,,
T,2023-03-06 13:18:37,6.24591424,-75.59616451,27.87,1508.242,24.018,0.660,143,6,38,,
T,2023-03-06 13:18:38,6.24591361,-75.59617005,26.80,1508.206,24.018,0.000,,6,38,,
T,2023-03-06 13:18:39,6.24590420,-75.59617419,25.73,1508.207,24.018,0.330,143,6,38,,
T,2023-03-06 13:18:40,6.24589722,-75.59618635,24.66,1508.291,24.018,0.000,,6,38,,
T,2023-03-06 13:18:41,6.24587688,-75.59620972,21.44,1508.589,24.018,0.500,145,6,38,,
T,2023-03-06 13:18:42,6.24586406,-75.59622255,24.66,1508.492,24.018,0.430,145,7,38,,
T,2023-03-06 13:18:43,6.24585006,-75.59622644,22.51,1508.511,24.018,0.410,144,7,38,,
T,2023-03-06 13:18:44,6.24584724,-75.59622431,21.44,1508.418,24.018,0.360,144,7,38,,
T,2023-03-06 13:18:45,6.24584384,-75.59622933,21.44,1508.445,24.019,0.500,144,6,38,,
T,2023-03-06 13:18:46,6.24584334,-75.59623357,21.44,1508.437,24.019,0.460,144,7,38,,
T,2023-03-06 13:18:47,6.24584403,-75.59624055,18.22,1508.513,24.019,0.420,143,8,38,,
T,2023-03-06 13:18:48,6.24584540,-75.59624199,17.15,1508.632,24.019,0.360,143,8,38,,
T,2023-03-06 13:18:49,6.24584494,-75.59624129,17.15,1508.649,24.019,0.500,144,8,38,,
T,2023-03-06 13:18:50,6.24584872,-75.59623724,18.22,1508.535,24.019,0.360,143,7,38,,
T,2023-03-06 13:18:51,6.24585461,-75.59623260,19.30,1508.475,24.018,0.400,143,8,38,,
T,2023-03-06 13:18:52,6.24586178,-75.59623549,19.30,1508.479,24.018,0.410,143,7,38,,
T,2023-03-06 13:18:53,6.24586651,-75.59623741,19.30,1508.489,24.018,0.210,143,7,38,,
T,2023-03-06 13:18:54,6.24587061,-75.59623651,22.51,1508.468,24.018,0.290,143,7,38,,
T,2023-03-06 13:18:55,6.24586920,-75.59624216,22.51,1508.603,24.019,0.290,144,6,38,,
T,2023-03-06 13:18:56,6.24587116,-75.59624640,22.51,1508.582,24.019,0.000,,6,38,,
T,2023-03-06 13:18:57,6.24586196,-75.59624951,22.51,1508.697,24.019,0.590,144,5,38,,
T,2023-03-06 13:18:58,6.24585437,-75.59626156,22.51,1508.833,24.019,0.190,145,6,38,,
T,2023-03-06 13:18:59,6.24584127,-75.59628630,22.51,1509.017,24.019,0.600,146,6,38,,
T,2023-03-06 13:19:00,6.24583337,-75.59629592,21.44,1509.037,24.019,0.000,,6,38,,
T,2023-03-06 13:19:01,6.24582750,-75.59630315,22.51,1508.913,24.019,0.650,146,6,38,,
T,2023-03-06 13:19:02,6.24582633,-75.59630685,22.51,1508.871,24.019,0.210,146,6,38,,
T,2023-03-06 13:19:03,6.24582903,-75.59631220,24.66,1508.799,24.019,0.220,149,5,38,,
T,2023-03-06 13:19:04,6.24582962,-75.59631617,25.73,1508.798,24.019,0.370,147,6,38,,
T,2023-03-06 13:19:05,6.24582474,-75.59631890,26.80,1508.809,24.019,0.700,150,6,38,,
T,2023-03-06 13:19:06,6.24581409,-75.59631981,25.73,1508.819,24.019,1.270,149,6,38,,
T,2023-03-06 13:19:07,6.24578045,-75.59629499,25.73,1508.862,24.019,3.920,149,7,38,,
T,2023-03-06 13:19:08,6.24572995,-75.59621271,23.58,1508.847,24.019,5.310,153,8,38,,
T,2023-03-06 13:19:09,6.24568590,-75.59614718,23.58,1509.162,24.018,6.620,150,7,38,,
T,2023-03-06 13:19:10,6.24562873,-75.59602333,21.44,1509.171,24.018,9.060,136,7,38,,
T,2023-03-06 13:19:11,6.24557281,-75.59595493,19.30,1509.526,24.018,9.330,141,8,38,,
T,2023-03-06 13:19:12,6.24550918,-75.59582204,17.15,1509.209,24.017,10.290,138,8,38,,
T,2023-03-06 13:19:13,6.24544220,-75.59568342,20.37,1509.295,24.016,10.810,138,7,38,,
T,2023-03-06 13:19:14,6.24532158,-75.59557450,18.22,1509.380,24.016,13.210,140,6,38,,
T,2023-03-06 13:19:15,6.24522158,-75.59550434,18.22,1509.382,24.016,13.360,139,7,37,,
T,2023-03-06 13:19:16,6.24513775,-75.59541071,17.15,1509.373,24.016,13.800,137,6,37,,
T,2023-03-06 13:19:17,6.24506597,-75.59532262,18.22,1509.394,24.015,14.760,138,6,37,,
T,2023-03-06 13:19:18,6.24494893,-75.59524036,16.08,1509.115,24.015,15.080,139,7,37,,
T,2023-03-06 13:19:19,6.24485472,-75.59515262,15.01,1509.373,24.015,15.850,140,8,36,,
T,2023-03-06 13:19:20,6.24472978,-75.59504696,13.94,1509.416,24.015,16.520,139,9,37,,
T,2023-03-06 13:19:21,6.24463159,-75.59493485,15.01,1509.056,24.014,15.450,140,7,37,,
T,2023-03-06 13:19:22,6.24451058,-75.59485951,17.15,1509.229,24.014,16.560,140,7,37,,
T,2023-03-06 13:19:23,6.24439809,-75.59475642,16.08,1509.001,24.014,16.230,140,7,37,,
T,2023-03-06 13:19:24,6.24429389,-75.59471870,16.08,1508.802,24.014,15.090,141,6,37,,
T,2023-03-06 13:19:25,6.24419592,-75.59463148,17.15,1508.813,24.013,14.840,141,7,37,,
T,2023-03-06 13:19:26,6.24410656,-75.59454057,15.01,1508.788,24.013,14.230,140,8,37,,
T,2023-03-06 13:19:27,6.24403813,-75.59442822,13.94,1508.072,24.013,13.030,139,8,36,,
T,2023-03-06 13:19:28,6.24396440,-75.59436782,13.94,1507.495,24.012,12.220,138,8,37,,
T,2023-03-06 13:19:29,6.24388744,-75.59430105,10.72,1506.890,24.012,11.970,139,8,37,,
T,2023-03-06 13:19:30,6.24382263,-75.59424988,11.79,1505.889,24.012,10.490,139,8,37,,
T,2023-03-06 13:19:31,6.24374740,-75.59418506,12.86,1505.861,24.012,11.070,137,8,37,,
T,2023-03-06 13:19:32,6.24366630,-75.59411169,12.86,1505.848,24.012,11.430,142,8,37,,
T,2023-03-06 13:19:33,6.24357365,-75.59403525,12.86,1505.859,24.012,12.220,142,8,37,,
T,2023-03-06 13:19:34,6.24348541,-75.59393332,12.86,1507.127,24.011,13.170,138,8,37,,
T,2023-03-06 13:19:35,6.24339650,-75.59386089,12.86,1507.050,24.011,13.560,139,8,37,,
T,2023-03-06 13:19:36,6.24328648,-75.59375712,13.94,1507.134,24.011,14.600,139,5,37,,
T,2023-03-06 13:19:37,6.24320153,-75.59370316,15.01,1507.097,24.011,14.290,138,4,37,,
T,2023-03-06 13:19:38,6.24309155,-75.59362744,18.22,1506.663,24.010,14.730,139,4,37,,
T,2023-03-06 13:19:39,6.24297626,-75.59351137,17.15,1507.889,24.010,15.720,138,4,36,,
T,2023-03-06 13:19:40,6.24282612,-75.59340026,19.30,1507.356,24.010,17.000,139,6,37,,
T,2023-03-06 13:19:41,6.24270829,-75.59331419,19.30,1507.210,24.009,16.800,140,6,37,,
T,2023-03-06 13:19:42,6.24258480,-75.59322345,18.22,1506.885,24.009,17.120,141,6,37,,
T,2023-03-06 13:19:43,6.24245250,-75.59312406,19.30,1506.863,24.009,17.440,139,7,37,,
T,2023-03-06 13:19:44,6.24234720,-75.59306696,20.37,1507.134,24.009,16.720,141,7,37,,
T,2023-03-06 13:19:45,6.24222911,-75.59299868,23.58,1507.563,24.009,16.580,141,7,37,,
T,2023-03-06 13:19:46,6.24209771,-75.59288456,25.73,1506.376,24.008,17.210,142,6,37,,
T,2023-03-06 13:19:47,6.24199318,-75.59268706,25.73,1505.870,24.008,16.590,142,6,37,,
T,2023-03-06 13:19:48,6.24188052,-75.59260453,26.80,1505.493,24.007,16.530,141,6,36,,
T,2023-03-06 13:19:49,6.24175162,-75.59247390,28.94,1505.498,24.007,17.430,139,5,37,,
T,2023-03-06 13:19:50,6.24163709,-75.59234489,27.87,1505.306,24.006,17.670,138,5,37,,
T,2023-03-06 13:19:51,6.24151515,-75.59222860,27.87,1505.264,24.006,17.410,138,6,37,,
T,2023-03-06 13:19:52,6.24140722,-75.59217303,28.94,1505.525,24.006,16.310,140,6,37,,
T,2023-03-06 13:19:53,6.24128153,-75.59203461,30.02,1505.489,24.006,16.920,138,6,37,,
T,2023-03-06 13:19:54,6.24115297,-75.59197326,30.02,1505.409,24.006,16.800,140,7,37,,
T,2023-03-06 13:19:55,6.24105443,-75.59189322,28.94,1505.289,24.005,15.710,140,7,37,,
T,2023-03-06 13:19:56,6.24093990,-75.59178920,28.94,1504.967,24.005,16.080,140,7,37,,
T,2023-03-06 13:19:57,6.24082958,-75.59171129,28.94,1505.019,24.005,16.090,141,6,37,,
T,2023-03-06 13:19:58,6.24073634,-75.59156988,28.94,1504.909,24.004,14.920,140,6,37,,
T,2023-03-06 13:19:59,6.24065254,-75.59150055,30.02,1504.967,24.004,14.020,141,6,37,,
T,2023-03-06 13:20:00,6.24056881,-75.59136542,31.09,1505.036,24.003,13.540,139,6,37,,
T,2023-03-06 13:20:01,6.24047785,-75.59128350,33.23,1505.183,24.003,13.700,139,6,37,,
T,2023-03-06 13:20:02,6.24039609,-75.59124577,35.38,1503.138,24.003,13.320,139,6,37,,
T,2023-03-06 13:20:03,6.24029502,-75.59113583,37.52,1503.155,24.003,12.820,138,6,37,,
T,2023-03-06 13:20:04,6.24019571,-75.59102547,38.59,1503.123,24.002,12.400,139,7,38,,
T,2023-03-06 13:20:05,6.24010658,-75.59094449,38.59,1502.947,24.002,11.470,136,7,38,,
T,2023-03-06 13:20:06,6.24003880,-75.59089228,36.45,1502.855,24.002,11.280,139,8,38,,
T,2023-03-06 13:20:07,6.23995855,-75.59083213,32.16,1502.424,24.002,11.200,138,7,38,,
T,2023-03-06 13:20:08,6.23988804,-75.59071331,27.87,1499.292,24.001,10.400,138,8,38,,
T,2023-03-06 13:20:09,6.23982433,-75.59068489,28.94,1497.573,24.001,9.360,138,7,38,,
T,2023-03-06 13:20:10,6.23976727,-75.59059805,23.58,1497.110,24.001,9.000,140,7,38,,
T,2023-03-06 13:20:11,6.23968806,-75.59050338,19.30,1494.721,24.001,9.440,142,7,38,,
T,2023-03-06 13:20:12,6.23963202,-75.59044133,16.08,1492.177,24.001,9.230,146,8,38,,
T,2023-03-06 13:20:13,6.23956838,-75.59037820,15.01,1490.780,24.000,9.000,154,8,38,,
T,2023-03-06 13:20:14,6.23949008,-75.59033245,13.94,1489.415,24.000,8.740,166,8,37,,
T,2023-03-06 13:20:15,6.23938845,-75.59032328,13.94,1488.314,24.000,9.110,174,8,37,,
T,2023-03-06 13:20:16,6.23933834,-75.59034661,12.86,1487.947,24.001,8.220,177,8,37,,
T,2023-03-06 13:20:17,6.23925633,-75.59032374,12.86,1487.758,24.001,8.570,172,8,37,,
T,2023-03-06 13:20:18,6.23917842,-75.59031408,11.79,1487.738,24.001,8.290,160,10,37,,
T,2023-03-06 13:20:19,6.23909848,-75.59026906,11.79,1487.592,24.001,7.890,146,10,37,,
T,2023-03-06 13:20:20,6.23903699,-75.59022676,11.79,1487.518,24.001,8.020,133,8,37,,
T,2023-03-06 13:20:21,6.23898782,-75.59019026,11.79,1487.618,24.000,7.260,125,9,37,,
T,2023-03-06 13:20:22,6.23895092,-75.59014921,11.79,1487.599,24.000,6.600,111,9,37,,
T,2023-03-06 13:20:23,6.23893187,-75.59011052,12.86,1487.574,24.000,5.570,99,8,37,,
T,2023-03-06 13:20:24,6.23891545,-75.59007348,12.86,1487.569,24.000,5.080,91,8,37,,
T,2023-03-06 13:20:25,6.23890402,-75.59003049,12.86,1487.173,24.000,4.300,81,9,37,,
T,2023-03-06 13:20:26,6.23890715,-75.59001592,12.86,1487.126,24.000,3.350,75,7,37,,
T,2023-03-06 13:20:27,6.23890416,-75.58999266,13.94,1486.844,24.000,3.110,68,8,37,,
T,2023-03-06 13:20:28,6.23890492,-75.59007452,12.86,1485.676,24.000,1.840,63,7,37,,
T,2023-03-06 13:20:29,6.23891536,-75.58998009,12.86,1485.939,23.999,2.590,70,9,37,,
T,2023-03-06 13:20:30,6.23893442,-75.58990006,11.79,1486.486,23.999,3.320,56,12,37,,
T,2023-03-06 13:20:31,6.23895150,-75.58986281,11.79,1486.573,23.999,2.890,48,14,37,,
T,2023-03-06 13:20:32,6.23896696,-75.58980038,11.79,1486.688,23.998,2.940,54,13,37,,
T,2023-03-06 13:20:33,6.23897298,-75.58977783,11.79,1486.150,23.998,1.860,52,14,36,,
T,2023-03-06 13:20:34,6.23897799,-75.58975945,12.86,1486.181,23.998,1.800,54,14,37,,
T,2023-03-06 13:20:35,6.23898296,-75.58974890,12.86,1485.995,23.998,1.730,54,11,37,,
T,2023-03-06 13:20:36,6.23899219,-75.58974304,12.86,1485.665,23.998,2.300,55,11,37,,
T,2023-03-06 13:20:37,6.23900457,-75.58972653,13.94,1485.904,23.998,2.350,54,11,37,,
T,2023-03-06 13:20:38,6.23900020,-75.58973215,13.94,1486.089,23.998,0.690,55,10,37,,
T,2023-03-06 13:20:39,6.23899882,-75.58972970,15.01,1486.286,23.998,0.750,55,10,37,,
T,2023-03-06 13:20:40,6.23899919,-75.58972683,15.01,1486.331,23.998,0.720,56,9,37,,
T,2023-03-06 13:20:41,6.23900036,-75.58972092,17.15,1486.387,23.998,0.790,58,10,36,,
T,2023-03-06 13:20:42,6.23900323,-75.58971267,19.30,1486.426,23.998,0.960,42,10,37,,
T,2023-03-06 13:20:43,6.23900778,-75.58970107,22.51,1486.466,23.998,1.160,71,10,37,,
T,2023-03-06 13:20:44,6.23901614,-75.58968365,21.44,1486.467,23.998,1.300,77,10,37,,
T,2023-03-06 13:20:45,6.23902108,-75.58967028,23.58,1486.468,23.998,1.070,78,6,36,,
T,2023-03-06 13:20:46,6.23902170,-75.58966354,25.73,1486.452,23.998,0.660,78,6,37,,
T,2023-03-06 13:20:47,6.23902467,-75.58964944,25.73,1486.327,23.998,1.100,78,4,36,,
T,2023-03-06 13:20:48,6.23902004,-75.58965165,21.44,1486.038,23.998,0.750,76,5,38,,
T,2023-03-06 13:20:49,6.23902195,-75.58963864,18.22,1486.021,23.998,0.580,75,8,38,,
T,2023-03-06 13:20:50,6.23902501,-75.58963579,17.15,1485.831,23.997,0.220,75,12,38,,
T,2023-03-06 13:20:51,6.23901840,-75.58964607,16.08,1485.496,23.998,0.260,76,13,38,,
T,2023-03-06 13:20:52,6.23901962,-75.58964278,15.01,1485.553,23.998,0.000,,13,38,,
T,2023-03-06 13:20:53,6.23902165,-75.58964056,16.08,1485.530,23.998,0.270,78,13,38,,
T,2023-03-06 13:20:54,6.23901581,-75.58965031,15.01,1485.255,23.998,0.410,90,13,38,,
T,2023-03-06 13:20:55,6.23900528,-75.58961225,15.01,1485.429,23.997,2.790,84,14,38,,
T,2023-03-06 13:20:56,6.23899622,-75.58957103,13.94,1485.355,23.997,2.990,82,14,38,,
T,2023-03-06 13:20:57,6.23899256,-75.58954295,13.94,1485.008,23.997,3.060,83,14,38,,
T,2023-03-06 13:20:58,6.23898836,-75.58951913,13.94,1484.774,23.997,2.780,84,15,37,,
T,2023-03-06 13:20:59,6.23898576,-75.58949026,13.94,1484.551,23.997,3.240,90,15,37,,
T,2023-03-06 13:21:00,6.23900553,-75.58947066,13.94,1485.010,23.997,2.520,89,15,37,,
T,2023-03-06 13:21:01,6.23904242,-75.58945687,12.86,1484.796,23.997,2.200,88,15,37,,
T,2023-03-06 13:21:02,6.23906303,-75.58944054,12.86,1484.301,23.996,2.020,93,15,37,,
T,2023-03-06 13:21:03,6.23907905,-75.58943212,12.86,1483.669,23.996,2.060,93,15,37,,
T,2023-03-06 13:21:04,6.23908853,-75.58941926,12.86,1483.453,23.996,2.210,94,11,37,,
T,2023-03-06 13:21:05,6.23909528,-75.58940171,12.86,1483.216,23.996,2.290,87,11,37,,
T,2023-03-06 13:21:06,6.23910164,-75.58938500,12.86,1483.345,23.996,1.940,87,11,37,,
T,2023-03-06 13:21:07,6.23911532,-75.58936221,11.79,1483.206,23.996,2.610,88,11,37,,
T,2023-03-06 13:21:08,6.23912462,-75.58934200,11.79,1482.920,23.996,2.610,86,11,37,,
T,2023-03-06 13:21:09,6.23913108,-75.58932962,11.79,1482.757,23.996,1.780,87,11,37,,
T,2023-03-06 13:21:10,6.23913344,-75.58931308,11.79,1482.884,23.996,2.000,91,12,37,,
T,2023-03-06 13:21:11,6.23913859,-75.58928651,11.79,1482.992,23.995,2.550,87,11,37,,
T,2023-03-06 13:21:12,6.23914437,-75.58925049,11.79,1482.922,23.995,3.410,95,12,37,,
T,2023-03-06 13:21:13,6.23914052,-75.58920714,11.79,1482.914,23.995,4.200,90,12,37,,
T,2023-03-06 13:21:14,6.23916611,-75.58912015,11.79,1483.546,23.995,5.660,87,12,37,,
T,2023-03-06 13:21:15,6.23916693,-75.58905682,11.79,1483.897,23.994,6.010,86,11,37,,
T,2023-03-06 13:21:16,6.23916146,-75.58900939,11.79,1483.659,23.994,6.640,90,10,37,,
T,2023-03-06 13:21:17,6.23915137,-75.58898378,11.79,1483.429,23.994,5.430,83,11,36,,
T,2023-03-06 13:21:18,6.23914793,-75.58892148,11.79,1483.038,23.994,6.500,89,9,37,,
T,2023-03-06 13:21:19,6.23914321,-75.58888019,11.79,1482.669,23.993,6.180,87,10,37,,
T,2023-03-06 13:21:20,6.23913537,-75.58882969,11.79,1481.845,23.993,5.550,84,11,37,,
T,2023-03-06 13:21:21,6.23913266,-75.58878693,11.79,1481.523,23.993,5.420,91,12,37,,
T,2023-03-06 13:21:22,6.23913031,-75.58872614,11.79,1481.994,23.993,5.720,94,11,37,,
T,2023-03-06 13:21:23,6.23912459,-75.58866037,12.86,1482.169,23.992,6.220,89,10,37,,
T,2023-03-06 13:21:24,6.23913424,-75.58861471,12.86,1482.265,23.992,6.200,88,11,37,,
T,2023-03-06 13:21:25,6.23911330,-75.58853993,12.86,1481.433,23.992,5.760,96,11,37,,
T,2023-03-06 13:21:26,6.23911319,-75.58849059,12.86,1482.035,23.991,5.070,93,12,37,,
T,2023-03-06 13:21:27,6.23911412,-75.58845991,12.86,1482.035,23.991,4.090,96,12,37,,
T,2023-03-06 13:21:28,6.23911208,-75.58842398,13.94,1481.888,23.991,4.110,87,12,37,,
T,2023-03-06 13:21:29,6.23910067,-75.58838835,12.86,1481.168,23.991,5.460,86,12,37,,
T,2023-03-06 13:21:30,6.23911147,-75.58834373,12.86,1481.038,23.991,5.230,88,11,37,,
T,2023-03-06 13:21:31,6.23910093,-75.58827838,13.94,1481.034,23.990,6.100,88,10,37,,
T,2023-03-06 13:21:32,6.23909938,-75.58823797,13.94,1480.384,23.990,5.500,90,11,37,,
T,2023-03-06 13:21:33,6.23911242,-75.58818796,13.94,1475.577,23.990,5.530,89,11,37,,
T,2023-03-06 13:21:34,6.23909606,-75.58813633,15.01,1476.150,23.990,6.030,87,11,37,,
T,2023-03-06 13:21:35,6.23908940,-75.58808199,15.01,1476.243,23.989,6.170,91,11,37,,
T,2023-03-06 13:21:36,6.23908867,-75.58802618,17.15,1476.496,23.989,6.170,97,10,37,,
T,2023-03-06 13:21:37,6.23908320,-75.58797304,18.22,1476.407,23.989,6.100,90,9,37,,
T,2023-03-06 13:21:38,6.23908669,-75.58792744,18.22,1476.314,23.988,5.750,90,9,37,,
T,2023-03-06 13:21:39,6.23909059,-75.58787014,20.37,1476.456,23.988,5.740,91,9,36,,
T,2023-03-06 13:21:40,6.23909084,-75.58781828,22.51,1476.489,23.988,5.740,93,9,37,,
T,2023-03-06 13:21:41,6.23908045,-75.58775106,23.58,1476.638,23.988,6.120,97,7,37,,
T,2023-03-06 13:21:42,6.23908416,-75.58768060,24.66,1476.711,23.987,6.760,95,7,36,,
T,2023-03-06 13:21:43,6.23907704,-75.58759455,26.80,1476.753,23.987,7.230,93,8,38,,
T,2023-03-06 13:21:44,6.23901920,-75.58744584,23.58,1476.527,23.986,8.990,92,8,38,,
T,2023-03-06 13:21:45,6.23903195,-75.58730580,22.51,1476.315,23.985,10.580,90,8,38,,
T,2023-03-06 13:21:46,6.23908784,-75.58715759,22.51,1476.739,23.984,12.170,90,8,38,,
T,2023-03-06 13:21:47,6.23903876,-75.58715291,22.51,1476.552,23.985,11.420,91,8,38,,
T,2023-03-06 13:21:48,6.23900130,-75.58710603,22.51,1476.414,23.984,10.700,94,7,38,,
T,2023-03-06 13:21:49,6.23898750,-75.58700704,24.66,1476.559,23.984,10.450,96,7,38,,
T,2023-03-06 13:21:50,6.23899491,-75.58687997,25.73,1476.765,23.983,10.710,98,7,38,,
T,2023-03-06 13:21:51,6.23903198,-75.58674523,26.80,1477.047,23.982,11.300,92,7,38,,
T,2023-03-06 13:21:52,6.23901725,-75.58663515,25.73,1476.895,23.982,11.400,94,7,38,,
T,2023-03-06 13:21:53,6.23905688,-75.58649507,28.94,1477.190,23.981,11.870,89,7,38,,
T,2023-03-06 13:21:54,6.23905533,-75.58639491,32.16,1477.509,23.981,11.900,88,7,38,,
T,2023-03-06 13:21:55,6.23907595,-75.58624606,32.16,1477.659,23.980,12.660,89,7,38,,
T,2023-03-06 13:21:56,6.23913192,-75.58611972,24.66,1478.203,23.979,14.420,86,7,38,,
T,2023-03-06 13:21:57,6.23919697,-75.58595776,19.30,1477.783,23.978,15.660,88,7,38,,
T,2023-03-06 13:21:58,6.23919317,-75.58583737,19.30,1477.815,23.977,15.940,90,8,38,,
T,2023-03-06 13:21:59,6.23922365,-75.58570134,17.15,1475.020,23.977,15.470,89,8,37,,
T,2023-03-06 13:22:00,6.23925210,-75.58552457,16.08,1472.495,23.976,15.670,88,9,36,,
T,2023-03-06 13:22:01,6.23932555,-75.58535461,16.08,1470.580,23.975,15.550,88,9,36,,
T,2023-03-06 13:22:02,6.23932592,-75.58523210,15.01,1470.385,23.974,14.530,88,9,37,,
T,2023-03-06 13:22:03,6.23930278,-75.58508379,15.01,1468.883,23.973,15.270,90,9,37,,
T,2023-03-06 13:22:04,6.23931038,-75.58493009,15.01,1467.896,23.972,15.500,89,9,37,,
T,2023-03-06 13:22:05,6.23930567,-75.58477959,15.01,1467.315,23.972,16.600,90,9,37,,
T,2023-03-06 13:22:06,6.23931168,-75.58462526,15.01,1466.857,23.971,16.580,89,8,37,,
T,2023-03-06 13:22:07,6.23932679,-75.58447123,13.94,1466.922,23.970,14.870,89,9,37,,
T,2023-03-06 13:22:08,6.23934583,-75.58432324,13.94,1466.749,23.969,14.620,89,8,37,,
T,2023-03-06 13:22:09,6.23934014,-75.58421233,13.94,1466.408,23.969,12.670,88,8,37,,
T,2023-03-06 13:22:10,6.23933556,-75.58411214,12.86,1466.125,23.968,12.060,91,9,37,,
T,2023-03-06 13:22:11,6.23935963,-75.58397521,13.94,1465.988,23.967,11.990,89,9,37,,
T,2023-03-06 13:22:12,6.23938382,-75.58391322,13.94,1465.636,23.967,10.510,89,9,37,,
T,2023-03-06 13:22:13,6.23936251,-75.58387321,13.94,1465.137,23.967,8.000,89,9,37,,
T,2023-03-06 13:22:14,6.23936409,-75.58381667,12.86,1464.744,23.967,7.210,88,9,37,,
T,2023-03-06 13:22:15,6.23938493,-75.58374353,12.86,1463.798,23.966,7.010,88,9,37,,
T,2023-03-06 13:22:16,6.23937386,-75.58369711,13.94,1463.381,23.966,6.840,86,9,37,,
T,2023-03-06 13:22:17,6.23938075,-75.58367190,13.94,1462.907,23.966,5.550,92,9,37,,
T,2023-03-06 13:22:18,6.23935782,-75.58364772,15.01,1462.533,23.966,5.260,90,9,37,,
T,2023-03-06 13:22:19,6.23937532,-75.58360049,15.01,1462.505,23.965,4.550,90,9,37,,
T,2023-03-06 13:22:20,6.23936607,-75.58357120,13.94,1462.263,23.965,3.500,90,9,37,,
T,2023-03-06 13:22:21,6.23936882,-75.58356564,13.94,1462.256,23.965,2.670,93,9,37,,
T,2023-03-06 13:22:22,6.23939118,-75.58354229,13.94,1462.001,23.965,3.000,88,9,37,,
T,2023-03-06 13:22:23,6.23937802,-75.58352178,12.86,1461.589,23.965,2.120,89,9,37,,
T,2023-03-06 13:22:24,6.23937249,-75.58350570,12.86,1459.940,23.965,2.210,88,9,37,,
T,2023-03-06 13:22:25,6.23936838,-75.58348471,12.86,1458.569,23.965,1.990,102,9,37,,
T,2023-03-06 13:22:26,6.23936567,-75.58346542,13.94,1458.589,23.965,1.980,91,8,37,,
T,2023-03-06 13:22:27,6.23936688,-75.58345043,13.94,1458.374,23.965,1.630,80,8,37,,
T,2023-03-06 13:22:28,6.23936586,-75.58343944,12.86,1458.688,23.965,1.050,80,10,37,,
T,2023-03-06 13:22:29,6.23936593,-75.58343407,12.86,1457.884,23.965,0.340,80,10,37,,
T,2023-03-06 13:22:30,6.23937174,-75.58342761,12.86,1457.239,23.965,0.310,81,10,37,,
T,2023-03-06 13:22:31,6.23936973,-75.58342093,12.86,1457.758,23.964,0.500,80,9,37,,
T,2023-03-06 13:22:32,6.23937357,-75.58341420,12.86,1457.873,23.964,0.180,80,8,37,,
T,2023-03-06 13:22:33,6.23937482,-75.58340730,12.86,1457.771,23.964,0.530,83,8,37,,
T,2023-03-06 13:22:34,6.23937736,-75.58335603,11.79,1455.882,23.964,2.510,86,8,37,,
T,2023-03-06 13:22:35,6.23937833,-75.58330456,12.86,1454.384,23.964,3.980,86,9,37,,
T,2023-03-06 13:22:36,6.23939222,-75.58318481,12.86,1454.580,23.963,5.930,86,9,37,,
T,2023-03-06 13:22:37,6.23939370,-75.58313081,12.86,1454.341,23.963,6.020,89,9,37,,
T,2023-03-06 13:22:38,6.23938424,-75.58300885,11.79,1453.266,23.962,8.580,90,9,37,,
T,2023-03-06 13:22:39,6.23939892,-75.58290560,11.79,1451.544,23.962,9.640,90,9,37,,
T,2023-03-06 13:22:40,6.23938773,-75.58284205,11.79,1451.004,23.961,10.680,89,9,37,,
T,2023-03-06 13:22:41,6.23942142,-75.58271320,10.72,1449.564,23.961,11.680,90,10,37,,
T,2023-03-06 13:22:42,6.23941396,-75.58261261,10.72,1448.610,23.960,11.580,89,10,36,,
T,2023-03-06 13:22:43,6.23942475,-75.58248762,10.72,1446.783,23.960,12.810,89,11,36,,
T,2023-03-06 13:22:44,6.23942305,-75.58235916,10.72,1444.853,23.959,13.530,89,12,36,,
T,2023-03-06 13:22:45,6.23942641,-75.58224327,10.72,1443.556,23.958,13.800,89,13,36,,
T,2023-03-06 13:22:46,6.23943287,-75.58210761,10.72,1444.562,23.958,14.170,89,13,36,,
T,2023-03-06 13:22:47,6.23943397,-75.58196441,10.72,1446.016,23.957,14.760,90,13,36,,
T,2023-03-06 13:22:48,6.23944347,-75.58182136,10.72,1445.954,23.956,15.430,89,13,36,,
T,2023-03-06 13:22:49,6.23946075,-75.58166887,10.72,1446.925,23.955,15.340,88,13,36,,
T,2023-03-06 13:22:50,6.23947717,-75.58152304,10.72,1447.696,23.954,15.170,88,13,36,,
T,2023-03-06 13:22:51,6.23949155,-75.58139681,10.72,1447.375,23.954,14.610,88,12,36,,
T,2023-03-06 13:22:52,6.23949487,-75.58126746,10.72,1447.110,23.953,14.290,87,13,36,,
T,2023-03-06 13:22:53,6.23950027,-75.58113453,10.72,1446.352,23.952,14.120,88,13,36,,
T,2023-03-06 13:22:54,6.23950873,-75.58100522,11.79,1446.432,23.952,14.310,88,13,36,,
T,2023-03-06 13:22:55,6.23952204,-75.58088908,11.79,1446.436,23.951,13.460,88,13,36,,
T,2023-03-06 13:22:56,6.23952188,-75.58077056,11.79,1446.257,23.950,12.870,88,13,36,,
T,2023-03-06 13:22:57,6.23950869,-75.58064467,11.79,1446.082,23.950,13.990,91,12,36,,
T,2023-03-06 13:22:58,6.23951302,-75.58053156,11.79,1444.857,23.949,13.870,90,11,36,,
T,2023-03-06 13:22:59,6.23952566,-75.58040485,10.72,1444.188,23.948,13.140,88,12,36,,
T,2023-03-06 13:23:00,6.23952731,-75.58028510,11.79,1443.916,23.948,13.040,90,12,36,,
T,2023-03-06 13:23:01,6.23953255,-75.58017011,11.79,1444.080,23.947,13.330,90,12,36,,
T,2023-03-06 13:23:02,6.23952681,-75.58004820,11.79,1443.950,23.947,13.640,87,12,36,,
T,2023-03-06 13:23:03,6.23952090,-75.57991460,11.79,1443.155,23.946,14.580,87,12,36,,
T,2023-03-06 13:23:04,6.23952311,-75.57978142,11.79,1443.706,23.945,15.030,88,12,36,,
T,2023-03-06 13:23:05,6.23951903,-75.57962888,11.79,1443.717,23.944,16.000,89,9,36,,
T,2023-03-06 13:23:06,6.23949658,-75.57947510,11.79,1443.799,23.944,16.190,91,11,36,,
T,2023-03-06 13:23:07,6.23949500,-75.57932270,12.86,1443.903,23.943,16.540,91,11,36,,
T,2023-03-06 13:23:08,6.23950098,-75.57919168,12.86,1443.687,23.942,15.580,92,11,36,,
T,2023-03-06 13:23:09,6.23948076,-75.57907242,11.79,1443.975,23.942,13.950,95,11,36,,
T,2023-03-06 13:23:10,6.23947401,-75.57896277,11.79,1444.249,23.941,13.490,99,12,36,,
T,2023-03-06 13:23:11,6.23945562,-75.57886142,10.72,1443.683,23.941,13.390,103,12,36,,
T,2023-03-06 13:23:12,6.23940683,-75.57876045,10.72,1441.957,23.940,13.180,108,12,36,,
T,2023-03-06 13:23:13,6.23935573,-75.57864442,10.72,1441.163,23.940,13.400,115,12,36,,
T,2023-03-06 13:23:14,6.23930248,-75.57853206,10.72,1441.341,23.939,13.160,119,12,36,,
T,2023-03-06 13:23:15,6.23923891,-75.57842750,11.79,1441.418,23.939,13.200,121,12,36,,
T,2023-03-06 13:23:16,6.23917372,-75.57832273,11.79,1441.514,23.938,13.100,122,12,36,,
T,2023-03-06 13:23:17,6.23911780,-75.57822519,12.86,1441.489,23.938,12.820,121,12,36,,
T,2023-03-06 13:23:18,6.23906438,-75.57817679,12.86,1441.330,23.938,11.350,123,9,36,,
T,2023-03-06 13:23:19,6.23900897,-75.57809883,13.94,1441.254,23.937,10.970,126,5,36,,
T,2023-03-06 13:23:20,6.23896074,-75.57802647,15.01,1441.278,23.937,10.650,132,6,36,,
T,2023-03-06 13:23:21,6.23888765,-75.57796240,17.15,1441.289,23.937,10.430,138,6,36,,
T,2023-03-06 13:23:22,6.23881929,-75.57792144,19.30,1441.453,23.937,9.960,143,6,36,,
T,2023-03-06 13:23:23,6.23874418,-75.57786946,20.37,1441.531,23.937,9.930,143,6,36,,
T,2023-03-06 13:23:24,6.23868859,-75.57780565,22.51,1441.292,23.937,9.400,143,7,36,,
T,2023-03-06 13:23:25,6.23863266,-75.57779540,22.51,1441.527,23.937,8.660,148,5,36,,
T,2023-03-06 13:23:26,6.23862911,-75.57776548,21.44,1441.259,23.936,6.300,155,5,36,,
T,2023-03-06 13:23:27,6.23856543,-75.57775438,23.58,1441.452,23.937,6.670,161,6,36,,
T,2023-03-06 13:23:28,6.23848229,-75.57772870,22.51,1441.538,23.937,7.590,163,6,36,,
T,2023-03-06 13:23:29,6.23842229,-75.57771558,21.44,1441.556,23.937,7.400,163,6,36,,
T,2023-03-06 13:23:30,6.23833385,-75.57767680,20.37,1441.492,23.937,8.500,163,7,36,,
T,2023-03-06 13:23:31,6.23824416,-75.57763924,19.30,1441.457,23.937,9.180,161,8,36,,
T,2023-03-06 13:23:32,6.23814263,-75.57761366,18.22,1441.475,23.937,9.490,159,8,36,,
T,2023-03-06 13:23:33,6.23805584,-75.57756912,18.22,1441.352,23.937,9.970,158,7,35,,
T,2023-03-06 13:23:34,6.23798452,-75.57754695,18.22,1441.412,23.937,9.300,159,7,36,,
T,2023-03-06 13:23:35,6.23791264,-75.57751350,18.22,1441.431,23.937,8.970,159,7,36,,
T,2023-03-06 13:23:36,6.23783973,-75.57749903,16.08,1441.455,23.937,8.080,160,6,36,,
T,2023-03-06 13:23:37,6.23780689,-75.57746644,13.94,1441.445,23.937,6.740,160,8,35,,
T,2023-03-06 13:23:38,6.23777363,-75.57743444,13.94,1440.906,23.936,6.160,156,8,36,,
T,2023-03-06 13:23:39,6.23772580,-75.57742856,13.94,1440.815,23.936,5.710,162,8,36,,
T,2023-03-06 13:23:40,6.23766318,-75.57744177,13.94,1440.991,23.937,5.790,167,7,36,,
T,2023-03-06 13:23:41,6.23759161,-75.57740646,15.01,1441.178,23.937,6.710,161,7,35,,
T,2023-03-06 13:23:42,6.23754062,-75.57739253,15.01,1441.322,23.937,6.800,163,8,36,,
T,2023-03-06 13:23:43,6.23750145,-75.57738177,15.01,1441.436,23.937,6.270,162,8,36,,
T,2023-03-06 13:23:44,6.23744586,-75.57736057,15.01,1441.378,23.937,6.090,159,6,36,,
T,2023-03-06 13:23:45,6.23736760,-75.57734926,17.15,1441.476,23.937,6.540,160,5,36,,
T,2023-03-06 13:23:46,6.23729611,-75.57733440,15.01,1441.784,23.937,6.350,164,5,36,,
T,2023-03-06 13:23:47,6.23722732,-75.57728839,15.01,1441.728,23.937,6.830,161,7,36,,
T,2023-03-06 13:23:48,6.23718276,-75.57727052,15.01,1441.767,23.937,6.420,159,6,36,,
T,2023-03-06 13:23:49,6.23713636,-75.57725290,13.94,1442.428,23.937,6.190,161,8,36,,
T,2023-03-06 13:23:50,6.23706682,-75.57724068,13.94,1442.536,23.937,6.120,160,8,36,,
T,2023-03-06 13:23:51,6.23704086,-75.57722295,13.94,1442.624,23.937,6.150,160,8,36,,
T,2023-03-06 13:23:52,6.23697255,-75.57719688,13.94,1442.565,23.937,5.950,166,8,36,,
T,2023-03-06 13:23:53,6.23693620,-75.57716619,13.94,1442.597,23.937,6.290,157,8,36,,
T,2023-03-06 13:23:54,6.23691087,-75.57716730,12.86,1442.491,23.937,5.640,165,10,36,,
T,2023-03-06 13:23:55,6.23686019,-75.57715010,12.86,1442.804,23.937,5.400,162,10,36,,
T,2023-03-06 13:23:56,6.23680069,-75.57712984,12.86,1443.098,23.937,5.070,146,8,35,,
T,2023-03-06 13:23:57,6.23677030,-75.57708983,12.86,1443.041,23.937,5.180,147,8,36,,
T,2023-03-06 13:23:58,6.23673326,-75.57704155,12.86,1442.691,23.936,5.760,154,9,36,,
T,2023-03-06 13:23:59,6.23666685,-75.57701933,12.86,1442.643,23.936,5.800,163,9,36,,
T,2023-03-06 13:24:00,6.23661819,-75.57700825,12.86,1442.673,23.936,5.570,170,10,36,,
T,2023-03-06 13:24:01,6.23656086,-75.57698961,13.94,1442.726,23.936,6.090,161,9,36,,
T,2023-03-06 13:24:02,6.23650817,-75.57696948,13.94,1442.699,23.936,6.040,162,9,36,,
T,2023-03-06 13:24:03,6.23645672,-75.57695279,13.94,1442.692,23.936,5.990,162,8,36,,
T,2023-03-06 13:24:04,6.23640786,-75.57694234,15.01,1442.686,23.937,5.830,168,8,36,,
T,2023-03-06 13:24:04.365,6.23645761,-75.57729081,107.20,1451.140,23.938,6.380,165,7,36,,
T,2023-03-06 13:24:06.341,6.23580479,-75.57701481,130.78,1451.141,23.938,11.160,170,7,36,,
T,2023-03-06 13:24:07,6.23624762,-75.57688420,26.80,1442.871,23.937,6.030,162,8,36,,
T,2023-03-06 13:24:09,6.23588864,-75.57681742,22.51,1442.831,23.937,8.860,161,6,37,,
T,2023-03-06 13:24:10,6.23583433,-75.57682053,23.58,1442.848,23.937,8.070,162,7,37,,
T,2023-03-06 13:24:11,6.23579176,-75.57676413,23.58,1442.823,23.937,7.820,156,5,37,,
T,2023-03-06 13:24:12,6.23571086,-75.57674100,26.80,1442.856,23.937,8.040,156,7,37,,
T,2023-03-06 13:24:13,6.23562577,-75.57668427,24.66,1442.635,23.937,7.990,156,7,36,,
T,2023-03-06 13:24:14,6.23556363,-75.57662611,25.73,1442.089,23.937,8.020,153,7,37,,
T,2023-03-06 13:24:15,6.23552918,-75.57659445,25.73,1442.422,23.936,7.220,164,6,37,,
T,2023-03-06 13:24:16,6.23541978,-75.57655075,26.80,1442.571,23.936,7.740,163,6,37,,
T,2023-03-06 13:24:17,6.23533237,-75.57642260,25.73,1442.551,23.936,7.990,150,6,37,,
T,2023-03-06 13:24:18,6.23529405,-75.57639085,26.80,1442.752,23.936,7.800,150,6,37,,
T,2023-03-06 13:24:19,6.23525943,-75.57641915,28.94,1442.743,23.936,6.770,158,6,36,,
T,2023-03-06 13:24:20,6.23517457,-75.57636337,28.94,1442.789,23.936,7.010,155,6,37,,
T,2023-03-06 13:24:21,6.23507345,-75.57630331,30.02,1442.629,23.936,7.750,153,6,36,,
T,2023-03-06 13:24:22,6.23504351,-75.57632995,27.87,1442.681,23.936,6.840,157,6,37,,
T,2023-03-06 13:24:23,6.23502640,-75.57628133,26.80,1442.911,23.936,6.010,151,7,37,,
T,2023-03-06 13:24:24,6.23497539,-75.57625547,27.87,1442.891,23.936,5.930,151,6,37,,
T,2023-03-06 13:24:25,6.23490139,-75.57624198,26.80,1442.888,23.936,6.240,152,6,37,,
T,2023-03-06 13:24:26,6.23487251,-75.57625864,26.80,1442.939,23.936,5.880,155,6,37,,
T,2023-03-06 13:24:27,6.23483166,-75.57618982,25.73,1442.762,23.936,5.910,144,6,37,,
T,2023-03-06 13:24:28,6.23479834,-75.57617957,26.80,1442.822,23.936,6.030,145,6,37,,
T,2023-03-06 13:24:29,6.23474164,-75.57619481,30.02,1443.314,23.936,6.160,159,5,37,,
T,2023-03-06 13:24:30,6.23463073,-75.57616263,28.94,1442.941,23.936,7.150,161,5,37,,
T,2023-03-06 13:24:31,6.23458374,-75.57614437,28.94,1442.917,23.936,5.330,165,7,37,,
T,2023-03-06 13:24:32,6.23452958,-75.57612896,28.94,1442.969,23.936,5.910,164,8,37,,
T,2023-03-06 13:24:33,6.23443788,-75.57608244,28.94,1442.967,23.936,8.040,163,8,37,,
T,2023-03-06 13:24:34,6.23434237,-75.57603801,28.94,1443.642,23.936,6.900,161,8,37,,
T,2023-03-06 13:24:35,6.23428388,-75.57602051,30.02,1443.657,23.936,6.960,162,8,37,,
T,2023-03-06 13:24:36,6.23425758,-75.57605571,31.09,1443.543,23.936,5.930,168,8,37,,
T,2023-03-06 13:24:37,6.23419758,-75.57603694,33.23,1443.419,23.936,6.130,166,6,37,,
T,2023-03-06 13:24:38,6.23414046,-75.57611181,28.94,1443.392,23.937,6.310,180,6,37,,
T,2023-03-06 13:24:39,6.23409601,-75.57613796,28.94,1443.592,23.937,5.100,188,6,37,,
T,2023-03-06 13:24:40,6.23409098,-75.57622588,25.73,1443.812,23.937,5.720,203,7,37,,
T,2023-03-06 13:24:41,6.23400786,-75.57618395,23.58,1445.416,23.937,5.100,203,7,37,,
T,2023-03-06 13:24:42,6.23397356,-75.57623016,23.58,1446.889,23.938,5.450,206,7,37,,
T,2023-03-06 13:24:43,6.23393286,-75.57626653,23.58,1448.279,23.938,4.970,210,7,37,,
T,2023-03-06 13:24:44,6.23388279,-75.57627288,23.58,1449.300,23.938,5.410,197,8,37,,
T,2023-03-06 13:24:45,6.23382962,-75.57631379,23.58,1449.864,23.938,5.680,198,8,37,,
T,2023-03-06 13:24:46,6.23377911,-75.57632073,25.73,1449.726,23.938,5.490,199,8,37,,
T,2023-03-06 13:24:47,6.23372418,-75.57631103,24.66,1449.668,23.938,5.530,194,7,37,,
T,2023-03-06 13:24:48,6.23363288,-75.57625777,24.66,1449.662,23.938,6.340,184,7,37,,
T,2023-03-06 13:24:49,6.23357669,-75.57626032,23.58,1450.190,23.938,5.650,182,7,37,,
T,2023-03-06 13:24:50,6.23353618,-75.57633334,25.73,1450.355,23.939,4.080,194,5,37,,
T,2023-03-06 13:24:51,6.23350040,-75.57634199,30.02,1450.239,23.939,4.070,194,5,37,,
T,2023-03-06 13:24:52,6.23350386,-75.57637494,32.16,1450.191,23.939,3.160,204,5,37,,
T,2023-03-06 13:24:53,6.23345225,-75.57638417,33.23,1450.383,23.939,4.160,200,6,37,,
T,2023-03-06 13:24:54,6.23337028,-75.57631564,33.23,1450.841,23.939,4.860,186,6,37,,
T,2023-03-06 13:24:55,6.23324314,-75.57619235,34.30,1452.343,23.939,6.530,166,5,37,,
T,2023-03-06 13:24:56,6.23325489,-75.57625650,35.38,1452.157,23.939,3.630,172,5,37,,
T,2023-03-06 13:24:57,6.23321962,-75.57626037,35.38,1452.246,23.939,3.740,174,6,37,,
T,2023-03-06 13:24:58,6.23310618,-75.57615472,36.45,1452.247,23.939,5.920,168,6,37,,
T,2023-03-06 13:24:59,6.23305891,-75.57614298,38.59,1452.261,23.939,5.400,169,6,37,,
T,2023-03-06 13:25:00,6.23301434,-75.57615443,39.66,1452.311,23.939,5.580,175,6,37,,
T,2023-03-06 13:25:01,6.23299704,-75.57628454,41.81,1451.632,23.940,5.590,193,6,37,,
T,2023-03-06 13:25:02,6.23294117,-75.57625426,39.66,1451.649,23.940,5.330,182,6,36,,
T,2023-03-06 13:25:03,6.23291059,-75.57628624,39.66,1451.407,23.940,5.330,183,5,37,,
T,2023-03-06 13:25:04,6.23285768,-75.57629547,38.59,1451.309,23.940,5.810,187,6,37,,
T,2023-03-06 13:25:05,6.23278125,-75.57624417,40.74,1451.537,23.940,5.670,180,6,37,,
T,2023-03-06 13:25:06,6.23265139,-75.57613719,46.10,1451.364,23.940,7.770,174,6,37,,
T,2023-03-06 13:25:07,6.23258131,-75.57613198,50.38,1451.069,23.940,8.130,179,7,37,,
T,2023-03-06 13:25:08,6.23253683,-75.57616363,48.24,1451.032,23.940,7.460,181,7,37,,
T,2023-03-06 13:25:09,6.23254306,-75.57621859,40.74,1451.365,23.940,5.520,183,7,37,,
T,2023-03-06 13:25:10,6.23247734,-75.57620656,38.59,1451.300,23.940,5.430,182,7,37,,
T,2023-03-06 13:25:11,6.23242202,-75.57620726,37.52,1450.710,23.940,5.370,192,6,37,,
T,2023-03-06 13:25:12,6.23239896,-75.57626924,37.52,1450.995,23.941,5.680,197,6,37,,
T,2023-03-06 13:25:13,6.23225493,-75.57615553,38.59,1450.620,23.941,7.690,186,6,37,,
T,2023-03-06 13:25:14,6.23219818,-75.57616822,39.66,1449.580,23.941,7.210,186,6,37,,
T,2023-03-06 13:25:15,6.23214480,-75.57623900,41.81,1449.779,23.941,7.830,192,7,37,,
T,2023-03-06 13:25:16,6.23204015,-75.57614502,40.74,1449.594,23.941,8.780,183,6,37,,
T,2023-03-06 13:25:17,6.23193532,-75.57614926,42.88,1449.734,23.941,9.990,184,8,37,,
T,2023-03-06 13:25:18,6.23189771,-75.57620564,41.81,1449.625,23.941,8.780,186,8,37,,
T,2023-03-06 13:25:19,6.23175429,-75.57614644,39.66,1449.911,23.941,9.590,184,8,37,,
T,2023-03-06 13:25:20,6.23166621,-75.57613461,37.52,1449.948,23.942,9.410,183,7,37,,
T,2023-03-06 13:25:21,6.23162099,-75.57619725,32.16,1450.490,23.942,9.520,183,7,37,,
T,2023-03-06 13:25:22,6.23151730,-75.57613540,30.02,1450.899,23.942,7.870,183,6,37,,
T,2023-03-06 13:25:23,6.23146063,-75.57616294,32.16,1451.206,23.942,7.620,183,5,37,,
T,2023-03-06 13:25:24,6.23139737,-75.57618505,34.30,1451.213,23.942,7.800,187,5,37,,
T,2023-03-06 13:25:25,6.23131882,-75.57618318,38.59,1451.125,23.942,7.640,185,5,37,,
T,2023-03-06 13:25:26,6.23126215,-75.57616253,42.88,1451.153,23.942,7.180,182,5,37,,
T,2023-03-06 13:25:27,6.23121163,-75.57614655,45.02,1451.215,23.942,6.680,180,5,37,,
T,2023-03-06 13:25:28,6.23115233,-75.57615252,52.53,1451.220,23.943,6.650,185,4,37,,
T,2023-03-06 13:25:29,6.23107003,-75.57614617,58.96,1451.349,23.943,7.530,189,3,37,,
T,2023-03-06 13:25:30,6.23101693,-75.57616187,65.39,1451.352,23.943,7.710,190,3,37,,
T,2023-03-06 13:25:31,6.23095175,-75.57620585,73.97,1451.283,23.943,7.010,190,4,37,,
T,2023-03-06 13:25:32,6.23089023,-75.57620569,83.62,1451.274,23.943,7.100,190,4,37,,
T,2023-03-06 13:25:33,6.23082906,-75.57622025,83.62,1451.282,23.944,7.090,191,4,37,,
T,2023-03-06 13:25:34,6.23075337,-75.57623687,76.11,1451.306,23.944,7.660,191,5,36,,
T,2023-03-06 13:25:35,6.23067389,-75.57623287,68.61,1451.416,23.944,7.920,191,6,37,,
T,2023-03-06 13:25:36,6.23060104,-75.57623662,70.75,1451.691,23.944,8.440,194,5,37,,
T,2023-03-06 13:25:37,6.23033362,-75.57630536,58.96,1451.694,23.945,12.520,194,4,37,,
T,2023-03-06 13:25:38,6.23015919,-75.57640480,64.32,1451.888,23.946,13.690,196,5,37,,
T,2023-03-06 13:25:39,6.23003973,-75.57643494,68.61,1451.882,23.946,13.180,195,5,37,,
T,2023-03-06 13:25:40,6.22995527,-75.57646429,79.33,1451.896,23.947,12.730,195,4,37,,
T,2023-03-06 13:25:41,6.22983881,-75.57651094,90.05,1451.834,23.947,12.050,195,4,37,,
T,2023-03-06 13:25:42,6.22969081,-75.57654112,101.84,1451.821,23.948,12.230,195,4,37,,
T,2023-03-06 13:25:43,6.22958300,-75.57655760,115.78,1451.795,23.948,13.360,195,4,37,,
T,2023-03-06 13:25:44,6.22950199,-75.57663283,126.50,1451.868,23.948,12.460,197,3,37,,
T,2023-03-06 13:25:45,6.22939504,-75.57665954,141.50,1451.864,23.949,12.450,195,4,37,,
T,2023-03-06 13:25:46,6.22927821,-75.57665090,129.71,1451.875,23.949,12.160,194,4,37,,
T,2023-03-06 13:25:47,6.22914906,-75.57665891,125.42,1451.842,23.949,11.810,195,5,37,,
T,2023-03-06 13:25:48,6.22904655,-75.57668721,122.21,1451.841,23.950,11.740,195,5,37,,
T,2023-03-06 13:25:49,6.22896332,-75.57673082,122.21,1451.864,23.950,12.130,195,5,37,,
T,2023-03-06 13:25:50,6.22887914,-75.57680182,102.91,1451.859,23.950,12.000,197,5,37,,
T,2023-03-06 13:25:51,6.22875500,-75.57682827,115.78,1451.853,23.951,12.650,196,3,37,,
T,2023-03-06 13:25:52,6.22864531,-75.57686045,130.78,1451.848,23.951,12.640,196,3,37,,
T,2023-03-06 13:25:53,6.22857953,-75.57693694,142.58,1451.849,23.952,11.860,197,3,37,,
T,2023-03-06 13:25:54,6.22849169,-75.57697627,139.36,1451.829,23.952,11.360,198,4,37,,
T,2023-03-06 13:25:55,6.22839946,-75.57699506,153.30,1451.830,23.952,11.230,200,4,37,,
T,2023-03-06 13:25:56,6.22828365,-75.57703741,143.65,1451.872,23.953,12.890,200,4,37,,
T,2023-03-06 13:25:57,6.22816389,-75.57709408,135.07,1451.871,23.953,13.230,201,5,37,,
T,2023-03-06 13:25:58,6.22803137,-75.57709846,112.56,1451.885,23.954,13.240,199,5,37,,
T,2023-03-06 13:25:59,6.22786131,-75.57715792,110.42,1451.899,23.954,14.550,198,5,37,,
T,2023-03-06 13:26:00,6.22774966,-75.57716384,123.28,1451.907,23.955,13.570,198,4,37,,
T,2023-03-06 13:26:01,6.22761417,-75.57717090,137.22,1451.980,23.955,13.710,197,4,37,,
T,2023-03-06 13:26:02,6.22748988,-75.57719559,131.86,1451.969,23.955,13.530,196,4,37,,
T,2023-03-06 13:26:03,6.22734940,-75.57716486,120.06,1451.953,23.955,12.820,195,4,37,,
T,2023-03-06 13:26:04,6.22715542,-75.57702959,86.83,1451.938,23.955,13.200,192,5,37,,
T,2023-03-06 13:26:05,6.22701169,-75.57706391,75.04,1452.047,23.955,14.330,193,5,37,,
T,2023-03-06 13:26:06,6.22688226,-75.57710823,69.68,1452.115,23.956,14.600,193,6,37,,
T,2023-03-06 13:26:07,6.22672283,-75.57712760,68.61,1452.154,23.956,14.730,195,6,37,,
T,2023-03-06 13:26:08,6.22658829,-75.57717809,69.68,1452.156,23.957,14.960,194,6,37,,
T,2023-03-06 13:26:09,6.22645072,-75.57721708,68.61,1452.183,23.957,16.630,194,6,37,,
T,2023-03-06 13:26:10,6.22628549,-75.57720497,73.97,1452.185,23.958,16.280,191,4,37,,
T,2023-03-06 13:26:11,6.22613718,-75.57722578,69.68,1452.257,23.958,16.300,188,4,37,,
T,2023-03-06 13:26:12,6.22598331,-75.57726127,71.82,1452.158,23.958,16.140,188,5,37,,
T,2023-03-06 13:26:13,6.22577982,-75.57729885,68.61,1452.149,23.959,17.240,189,5,37,,
T,2023-03-06 13:26:14,6.22564336,-75.57742303,68.61,1452.113,23.960,17.840,193,6,37,,
T,2023-03-06 13:26:15,6.22548660,-75.57744683,65.39,1451.961,23.960,17.510,194,6,37,,
T,2023-03-06 13:26:16,6.22528928,-75.57736058,63.25,1451.547,23.960,18.560,191,6,37,,
T,2023-03-06 13:26:17,6.22511599,-75.57741286,62.18,1451.320,23.961,19.190,192,6,37,,
T,2023-03-06 13:26:18,6.22476265,-75.57717975,47.17,1451.214,23.960,20.440,185,6,37,,
T,2023-03-06 13:26:19,6.22458617,-75.57720332,36.45,1450.855,23.961,20.430,186,5,37,,
T,2023-03-06 13:26:20,6.22439216,-75.57723641,39.66,1450.619,23.961,19.040,187,5,37,,
T,2023-03-06 13:26:21,6.22420630,-75.57723990,38.59,1450.569,23.962,18.920,187,5,37,,
T,2023-03-06 13:26:22,6.22406890,-75.57732085,37.52,1450.615,23.962,18.620,189,6,37,,
T,2023-03-06 13:26:23,6.22390209,-75.57734500,39.66,1450.607,23.963,18.630,188,6,37,,
T,2023-03-06 13:26:24,6.22373962,-75.57736724,34.30,1450.570,23.963,18.500,188,6,36,,
T,2023-03-06 13:26:25,6.22356671,-75.57739438,34.30,1450.201,23.964,18.130,187,6,37,,
T,2023-03-06 13:26:26,6.22340049,-75.57740573,36.45,1450.209,23.964,18.450,186,6,37,,
T,2023-03-06 13:26:27,6.22325150,-75.57741283,36.45,1449.960,23.965,17.630,184,6,37,,
T,2023-03-06 13:26:28,6.22308425,-75.57741017,36.45,1449.888,23.965,17.270,183,5,37,,
T,2023-03-06 13:26:29,6.22299724,-75.57745141,37.52,1450.011,23.965,16.440,183,4,37,,
T,2023-03-06 13:26:30,6.22283070,-75.57749037,39.66,1450.258,23.966,17.490,184,5,37,,
T,2023-03-06 13:26:31,6.22269100,-75.57750267,42.88,1449.930,23.966,17.830,187,5,37,,
T,2023-03-06 13:26:32,6.22253536,-75.57752235,43.95,1450.010,23.967,17.770,187,5,37,,
T,2023-03-06 13:26:33,6.22235590,-75.57752527,43.95,1449.974,23.967,18.190,186,5,37,,
T,2023-03-06 13:26:34,6.22216403,-75.57747999,47.17,1450.355,23.967,17.780,184,5,38,,
T,2023-03-06 13:26:35,6.22199417,-75.57750986,51.46,1450.263,23.968,18.410,185,5,38,,
T,2023-03-06 13:26:36,6.22181826,-75.57752100,53.60,1450.284,23.968,18.530,185,5,38,,
T,2023-03-06 13:26:37,6.22165950,-75.57757536,60.03,1450.246,23.969,18.820,184,5,38,,
T,2023-03-06 13:26:38,6.22140344,-75.57742433,63.25,1450.180,23.968,19.830,180,5,38,,
T,2023-03-06 13:26:39,6.22125883,-75.57749652,62.18,1450.212,23.969,20.570,184,5,38,,
T,2023-03-06 13:26:40,6.22104327,-75.57747941,65.39,1450.548,23.969,20.510,183,5,38,,
T,2023-03-06 13:26:41,6.22086831,-75.57749935,68.61,1450.590,23.970,19.530,183,5,38,,
T,2023-03-06 13:26:42,6.22068894,-75.57752286,73.97,1450.536,23.970,19.610,183,5,38,,
T,2023-03-06 13:26:43,6.22053094,-75.57757000,65.39,1450.563,23.971,20.540,183,5,38,,
T,2023-03-06 13:26:44,6.22033929,-75.57761488,51.46,1450.517,23.971,21.650,184,5,38,,
T,2023-03-06 13:26:45,6.22012477,-75.57762533,52.53,1450.562,23.972,21.950,183,5,38,,
T,2023-03-06 13:26:46,6.21992805,-75.57762825,55.74,1450.544,23.972,21.980,184,5,38,,
T,2023-03-06 13:26:47,6.21974946,-75.57764000,57.89,1450.521,23.973,21.220,184,4,38,,
T,2023-03-06 13:26:48,6.21954016,-75.57764044,56.82,1450.439,23.973,22.550,184,5,38,,
T,2023-03-06 13:26:49,6.21931093,-75.57761612,57.89,1450.395,23.973,21.820,182,5,38,,
T,2023-03-06 13:26:50,6.21911679,-75.57762108,60.03,1450.397,23.974,21.520,181,5,38,,
T,2023-03-06 13:26:51,6.21904199,-75.57775389,62.18,1450.409,23.975,20.070,182,4,38,,
T,2023-03-06 13:26:52,6.21890116,-75.57780670,63.25,1450.687,23.975,19.610,183,5,38,,
T,2023-03-06 13:26:53,6.21871223,-75.57783279,65.39,1451.049,23.976,20.660,182,5,38,,
T,2023-03-06 13:26:54,6.21852906,-75.57782615,61.10,1451.560,23.976,20.950,183,5,38,,
T,2023-03-06 13:26:55,6.21833928,-75.57783302,63.25,1452.000,23.976,20.150,184,5,38,,
T,2023-03-06 13:26:56,6.21815159,-75.57785497,66.46,1452.067,23.977,20.600,184,5,38,,
T,2023-03-06 13:26:57,6.21797935,-75.57788120,66.46,1452.175,23.977,20.780,184,5,38,,
T,2023-03-06 13:26:58,6.21780235,-75.57790986,61.10,1452.831,23.978,20.490,183,5,38,,
T,2023-03-06 13:26:59,6.21762828,-75.57793346,64.32,1453.305,23.978,19.460,184,5,38,,
T,2023-03-06 13:27:00,6.21745083,-75.57794864,70.75,1453.405,23.979,19.130,184,5,38,,
T,2023-03-06 13:27:01,6.21728437,-75.57794695,72.90,1453.325,23.979,18.090,184,5,38,,
T,2023-03-06 13:27:02,6.21712061,-75.57796027,77.18,1453.301,23.979,18.010,184,5,38,,
T,2023-03-06 13:27:03,6.21697742,-75.57798320,79.33,1453.289,23.980,16.670,183,5,38,,
T,2023-03-06 13:27:04,6.21685593,-75.57801624,80.40,1452.124,23.980,16.000,184,5,38,,
T,2023-03-06 13:27:05,6.21670415,-75.57805047,87.90,1452.086,23.981,16.490,183,4,38,,
T,2023-03-06 13:27:06,6.21658476,-75.57809535,97.55,1452.031,23.981,15.070,186,4,38,,
T,2023-03-06 13:27:07,6.21644669,-75.57812169,103.98,1451.986,23.981,15.790,186,3,38,,
T,2023-03-06 13:27:08,6.21634433,-75.57816330,113.63,1451.975,23.982,14.950,186,4,38,,
T,2023-03-06 13:27:09,6.21620607,-75.57817489,125.42,1451.926,23.982,15.270,185,4,38,,
T,2023-03-06 13:27:10,6.21611045,-75.57819937,135.07,1451.908,23.983,13.660,185,4,38,,
T,2023-03-06 13:27:11,6.21599200,-75.57819634,143.65,1451.866,23.983,13.170,185,4,38,,
T,2023-03-06 13:27:12,6.21589112,-75.57821442,132.93,1451.931,23.983,12.540,186,4,38,,
T,2023-03-06 13:27:13,6.21578441,-75.57824010,128.64,1451.987,23.983,12.400,185,5,38,,
T,2023-03-06 13:27:14,6.21566832,-75.57824672,141.50,1451.936,23.984,12.640,184,4,38,,
T,2023-03-06 13:27:15,6.21557118,-75.57826034,130.78,1451.988,23.984,12.290,185,4,38,,
T,2023-03-06 13:27:16,6.21547215,-75.57831533,126.50,1451.945,23.984,12.710,185,5,38,,
T,2023-03-06 13:27:17,6.21536940,-75.57832165,117.92,1452.007,23.985,12.440,185,4,38,,
T,2023-03-06 13:27:18,6.21525963,-75.57833581,112.56,1452.074,23.985,12.110,184,5,38,,
T,2023-03-06 13:27:19,6.21514892,-75.57834190,108.27,1452.131,23.985,12.250,186,5,38,,
T,2023-03-06 13:27:20,6.21499927,-75.57836507,105.06,1452.299,23.986,13.820,187,5,38,,
T,2023-03-06 13:27:21,6.21488422,-75.57837118,105.06,1452.451,23.986,13.720,185,5,38,,
T,2023-03-06 13:27:22,6.21476095,-75.57838364,122.21,1453.083,23.986,13.720,185,4,38,,
T,2023-03-06 13:27:23,6.21467307,-75.57846646,138.29,1453.045,23.987,13.970,184,3,38,,
T,2023-03-06 13:27:24,6.21454569,-75.57848189,155.44,1452.961,23.987,13.960,186,3,38,,
T,2023-03-06 13:27:25,6.21441212,-75.57850552,174.74,1452.900,23.987,14.120,186,3,38,,
T,2023-03-06 13:27:26,6.21427546,-75.57852143,191.89,1452.844,23.988,14.310,188,3,38,,
T,2023-03-06 13:27:27,6.21409854,-75.57848113,207.97,1452.776,23.988,14.600,187,3,38,,
T,2023-03-06 13:27:28,6.21397711,-75.57849915,226.19,1452.737,23.988,14.480,185,3,38,,
T,2023-03-06 13:27:29,6.21384718,-75.57851522,245.49,1452.712,23.989,14.450,187,4,38,,
T,2023-03-06 13:27:30,6.21371312,-75.57854190,265.86,1452.694,23.989,14.540,188,4,38,,
T,2023-03-06 13:28:21,6.20700709,-75.57977199,209.04,1454.570,24.008,12.650,197,5,38,,
T,2023-03-06 13:28:22,6.20688767,-75.57976618,182.24,1454.606,24.009,12.100,197,5,38,,
T,2023-03-06 13:28:23,6.20677087,-75.57979376,172.59,1454.631,24.009,12.470,198,5,38,,
T,2023-03-06 13:28:24,6.20665493,-75.57980667,162.94,1454.695,24.009,12.270,198,5,38,,
T,2023-03-06 13:28:25,6.20639013,-75.57962439,83.62,1454.534,24.009,12.930,194,5,38,,
T,2023-03-06 13:28:26,6.20627668,-75.57965195,78.26,1454.424,24.009,12.930,193,6,38,,
T,2023-03-06 13:28:27,6.20613590,-75.57966804,81.47,1454.361,24.010,13.260,190,5,38,,
T,2023-03-06 13:28:28,6.20609303,-75.57982069,69.68,1454.454,24.010,13.530,190,5,38,,
T,2023-03-06 13:28:29,6.20597409,-75.57984164,69.68,1454.471,24.011,13.490,187,6,38,,
T,2023-03-06 13:28:30,6.20585555,-75.57982398,70.75,1454.478,24.011,13.700,187,6,38,,
T,2023-03-06 13:28:31,6.20573342,-75.57983917,77.18,1454.476,24.011,13.680,186,5,38,,
T,2023-03-06 13:28:32,6.20561061,-75.57985515,92.19,1454.473,24.012,13.680,187,4,38,,
T,2023-03-06 13:28:42,6.20421924,-75.57998459,78.26,1455.157,24.015,14.180,190,5,38,,
T,2023-03-06 13:28:43,6.20409724,-75.58001547,56.82,1455.625,24.015,14.230,191,6,38,,
T,2023-03-06 13:28:44,6.20397593,-75.58004536,51.46,1456.561,24.016,14.220,191,8,38,,
T,2023-03-06 13:28:45,6.20388861,-75.58004952,48.24,1457.288,24.016,13.400,189,8,38,,
T,2023-03-06 13:28:46,6.20382904,-75.58003948,46.10,1458.042,24.016,12.440,189,8,38,,
T,2023-03-06 13:28:47,6.20366239,-75.58006621,43.95,1458.117,24.016,13.250,189,8,38,,
T,2023-03-06 13:28:48,6.20355458,-75.58010061,43.95,1458.352,24.017,12.070,192,5,38,,
T,2023-03-06 13:28:49,6.20345714,-75.58010963,45.02,1457.642,24.017,12.300,191,5,38,,
T,2023-03-06 13:28:50,6.20333392,-75.58018174,41.81,1456.710,24.018,10.680,197,5,38,,
T,2023-03-06 13:28:51,6.20325772,-75.58022096,42.88,1456.121,24.018,9.900,204,5,38,,
T,2023-03-06 13:28:52,6.20320183,-75.58025376,40.74,1455.459,24.018,9.020,215,5,38,,
T,2023-03-06 13:28:53,6.20315463,-75.58031486,38.59,1455.039,24.019,8.380,227,6,38,,
T,2023-03-06 13:28:54,6.20315822,-75.58047000,30.02,1455.312,24.020,7.630,244,7,38,,
T,2023-03-06 13:28:55,6.20313393,-75.58052714,23.58,1455.941,24.020,6.900,259,8,38,,
T,2023-03-06 13:28:56,6.20309893,-75.58059829,16.08,1458.992,24.020,6.900,275,9,38,,
T,2023-03-06 13:28:57,6.20305909,-75.58065346,17.15,1461.709,24.021,6.660,291,9,38,,
T,2023-03-06 13:28:58,6.20307599,-75.58068765,17.15,1461.323,24.021,5.060,308,10,38,,
T,2023-03-06 13:28:59,6.20309593,-75.58070215,19.30,1461.420,24.021,4.040,324,9,37,,
T,2023-03-06 13:29:00,6.20306063,-75.58067974,19.30,1461.357,24.021,2.050,337,9,37,,
T,2023-03-06 13:29:01,6.20313673,-75.58070139,18.22,1461.482,24.021,2.150,355,9,37,,
T,2023-03-06 13:29:02,6.20314665,-75.58070797,19.30,1463.914,24.021,1.890,9,9,37,,
T,2023-03-06 13:29:03,6.20334620,-75.58069819,19.30,1463.839,24.020,6.310,15,8,37,,
T,2023-03-06 13:29:04,6.20356735,-75.58067400,18.22,1464.150,24.020,9.890,17,8,37,,
T,2023-03-06 13:29:05,6.20365808,-75.58065036,17.15,1464.219,24.020,9.710,18,5,37,,
T,2023-03-06 13:29:06,6.20373778,-75.58058627,16.08,1466.710,24.019,10.810,23,6,38,,
T,2023-03-06 13:29:07,6.20382253,-75.58060229,15.01,1468.774,24.019,10.330,33,5,38,,
T,2023-03-06 13:29:08,6.20387453,-75.58057072,15.01,1470.774,24.019,9.630,49,6,38,,
T,2023-03-06 13:29:09,6.20390583,-75.58050333,15.01,1470.863,24.018,8.830,62,6,38,,
T,2023-03-06 13:29:10,6.20398795,-75.58047965,16.08,1470.746,24.018,8.420,73,9,38,,
T,2023-03-06 13:29:11,6.20404141,-75.58044500,18.22,1469.867,24.018,7.500,87,9,37,,
T,2023-03-06 13:29:12,6.20404533,-75.58038265,20.37,1469.684,24.017,6.610,104,9,38,,
T,2023-03-06 13:29:13,6.20405164,-75.58034578,16.08,1469.608,24.017,6.470,110,9,38,,
T,2023-03-06 13:29:14,6.20407868,-75.58029189,13.94,1469.290,24.017,6.920,109,13,38,,
T,2023-03-06 13:29:15,6.20399403,-75.58014353,11.79,1470.106,24.016,10.010,113,13,38,,
T,2023-03-06 13:29:16,6.20394754,-75.58005862,10.72,1470.897,24.016,10.910,114,15,37,,
T,2023-03-06 13:29:17,6.20390091,-75.57997521,9.65,1472.389,24.016,11.590,113,15,36,,
T,2023-03-06 13:29:18,6.20387109,-75.57986017,9.65,1473.010,24.015,13.080,113,15,36,,
T,2023-03-06 13:29:19,6.20382648,-75.57974105,9.65,1472.448,24.014,13.140,113,15,37,,
T,2023-03-06 13:29:20,6.20377972,-75.57959573,9.65,1469.607,24.014,13.930,113,14,37,,
T,2023-03-06 13:29:21,6.20369323,-75.57946625,8.58,1468.807,24.013,15.360,114,14,37,,
T,2023-03-06 13:29:22,6.20364046,-75.57933119,8.58,1468.173,24.013,16.160,113,13,36,,
T,2023-03-06 13:29:23,6.20357995,-75.57919334,8.58,1467.530,24.012,15.980,113,7,37,,
T,2023-03-06 13:29:24,6.20352271,-75.57906266,8.58,1467.797,24.012,16.210,113,8,37,,
T,2023-03-06 13:29:25,6.20343566,-75.57892905,9.65,1467.689,24.011,16.850,115,9,37,,
T,2023-03-06 13:29:26,6.20340040,-75.57877561,10.72,1467.750,24.010,17.030,114,9,37,,
T,2023-03-06 13:29:27,6.20334354,-75.57862435,10.72,1466.239,24.010,17.310,114,9,37,,
T,2023-03-06 13:29:28,6.20329217,-75.57845810,10.72,1466.213,24.009,18.250,114,9,36,,
T,2023-03-06 13:29:29,6.20320858,-75.57829942,12.86,1466.123,24.008,18.430,114,8,36,,
T,2023-03-06 13:29:30,6.20313639,-75.57812348,12.86,1466.299,24.007,18.890,114,9,36,,
T,2023-03-06 13:29:31,6.20307362,-75.57796749,15.01,1466.403,24.007,18.770,114,9,36,,
T,2023-03-06 13:29:32,6.20300744,-75.57779977,16.08,1466.576,24.006,19.160,113,10,36,,
T,2023-03-06 13:29:33,6.20293527,-75.57761474,18.22,1465.258,24.005,19.830,113,10,36,,
T,2023-03-06 13:29:34,6.20286956,-75.57744857,18.22,1465.000,24.004,19.660,113,9,36,,
T,2023-03-06 13:29:35,6.20279011,-75.57727630,19.30,1465.169,24.004,20.650,113,9,36,,
T,2023-03-06 13:29:36,6.20274077,-75.57707121,17.15,1465.512,24.003,20.840,113,10,36,,
T,2023-03-06 13:29:37,6.20265391,-75.57689098,15.01,1465.413,24.002,20.920,113,11,35,,
T,2023-03-06 13:29:38,6.20260655,-75.57670226,15.01,1464.998,24.001,20.490,113,9,36,,
T,2023-03-06 13:29:39,6.20251205,-75.57655197,13.94,1466.133,24.000,20.650,113,9,36,,
T,2023-03-06 13:29:40,6.20243593,-75.57638534,12.86,1468.087,24.000,20.560,113,9,36,,
T,2023-03-06 13:29:41,6.20235654,-75.57623600,13.94,1469.147,23.999,20.230,113,9,36,,
T,2023-03-06 13:29:42,6.20230800,-75.57609291,13.94,1469.389,23.998,17.920,113,9,36,,
T,2023-03-06 13:29:43,6.20222299,-75.57601334,13.94,1470.661,23.998,16.420,116,9,36,,
T,2023-03-06 13:29:44,6.20217377,-75.57588676,13.94,1470.815,23.998,15.700,121,9,36,,
T,2023-03-06 13:29:45,6.20209279,-75.57579637,13.94,1470.209,23.997,14.890,135,8,36,,
T,2023-03-06 13:29:46,6.20200189,-75.57571716,15.01,1470.189,23.997,13.870,152,9,36,,
T,2023-03-06 13:29:47,6.20189721,-75.57560850,15.01,1468.673,23.997,14.250,162,11,36,,
T,2023-03-06 13:29:48,6.20179541,-75.57558787,16.08,1468.610,23.997,12.580,177,10,36,,
T,2023-03-06 13:29:49,6.20171296,-75.57560111,18.22,1468.470,23.997,10.240,188,11,36,,
T,2023-03-06 13:29:50,6.20165099,-75.57561643,20.37,1468.546,23.997,8.620,195,10,36,,
T,2023-03-06 13:29:51,6.20158889,-75.57563272,23.58,1468.743,23.997,7.890,197,9,36,,
T,2023-03-06 13:29:52,6.20155158,-75.57564617,26.80,1468.715,23.998,7.130,191,8,36,,
T,2023-03-06 13:29:53,6.20150611,-75.57568078,30.02,1468.881,23.998,6.670,197,7,36,,
T,2023-03-06 13:29:54,6.20139929,-75.57571592,34.30,1468.881,23.998,7.860,195,4,37,,
T,2023-03-06 13:29:55,6.20124509,-75.57581223,37.52,1469.209,23.999,9.370,200,5,37,,
T,2023-03-06 13:29:56,6.20118260,-75.57586114,36.45,1469.306,23.999,8.500,199,4,37,,
T,2023-03-06 13:29:57,6.20110136,-75.57591190,40.74,1468.409,24.000,9.020,195,5,37,,
T,2023-03-06 13:29:58,6.20103035,-75.57592625,41.81,1468.623,24.000,8.580,190,5,37,,
T,2023-03-06 13:29:59,6.20093428,-75.57598033,38.59,1468.691,24.000,8.530,193,4,37,,
T,2023-03-06 13:30:00,6.20081056,-75.57602101,39.66,1468.710,24.001,9.560,191,5,37,,
T,2023-03-06 13:30:01,6.20067554,-75.57608353,37.52,1469.200,24.002,9.490,194,6,37,,
T,2023-03-06 13:30:02,6.20062097,-75.57609942,37.52,1470.668,24.002,7.740,197,6,36,,
T,2023-03-06 13:30:03,6.20055224,-75.57613411,38.59,1470.390,24.002,7.250,203,6,37,,
T,2023-03-06 13:30:04,6.20049537,-75.57614980,34.30,1470.625,24.002,6.190,203,5,37,,
T,2023-03-06 13:30:05,6.20044191,-75.57617254,32.16,1472.300,24.002,6.310,200,7,37,,
T,2023-03-06 13:30:06,6.20038600,-75.57619656,33.23,1472.383,24.003,6.440,205,6,36,,
T,2023-03-06 13:30:07,6.20033529,-75.57622748,33.23,1472.454,24.003,6.470,208,6,37,,
T,2023-03-06 13:30:08,6.20027695,-75.57624388,34.30,1472.518,24.003,6.530,201,6,37,,
T,2023-03-06 13:30:09,6.20023112,-75.57626741,34.30,1472.593,24.003,6.430,201,5,37,,
T,2023-03-06 13:30:10,6.20017646,-75.57628395,35.38,1472.674,24.004,6.390,199,6,37,,
T,2023-03-06 13:30:11,6.20012251,-75.57630665,45.02,1472.369,24.004,6.410,202,3,36,,
T,2023-03-06 13:31:03,6.19770623,-75.57558035,83.62,1488.745,24.005,1.580,171,5,38,,
T,2023-03-06 13:31:04,6.19771130,-75.57563223,75.04,1488.982,24.005,1.110,170,5,38,,
T,2023-03-06 13:31:05,6.19771683,-75.57566851,86.83,1487.748,24.005,1.110,171,4,38,,
T,2023-03-06 13:31:06,6.19771716,-75.57569604,95.41,1486.775,24.005,1.060,172,4,38,,
T,2023-03-06 13:31:07,6.19771632,-75.57570217,107.20,1485.994,24.005,1.020,175,4,38,,
T,2023-03-06 13:31:08,6.19771537,-75.57569996,112.56,1485.312,24.005,0.990,172,4,38,,
T,2023-03-06 13:31:09,6.19772383,-75.57573000,122.21,1484.716,24.005,1.270,167,4,38,,
T,2023-03-06 13:31:10,6.19773273,-75.57575518,128.64,1484.285,24.006,1.440,167,4,38,,
T,2023-03-06 13:31:11,6.19774319,-75.57577974,137.22,1483.997,24.006,1.770,167,4,37,,
T,2023-03-06 13:31:12,6.19774940,-75.57582055,147.94,1483.687,24.006,2.080,168,4,38,,
T,2023-03-06 13:31:13,6.19775213,-75.57586020,135.07,1484.510,24.006,2.170,169,4,38,,
T,2023-03-06 13:31:14,6.19775907,-75.57587826,130.78,1485.083,24.006,1.890,167,5,38,,
T,2023-03-06 13:31:15,6.19777676,-75.57591871,115.78,1485.895,24.006,2.000,165,5,38,,
T,2023-03-06 13:31:16,6.19778915,-75.57595140,92.19,1486.194,24.006,2.060,173,5,38,,
T,2023-03-06 13:31:17,6.19780449,-75.57599388,76.11,1488.502,24.007,1.950,162,5,38,,
T,2023-03-06 13:31:18,6.19783625,-75.57601186,57.89,1489.917,24.007,0.190,161,6,38,,
T,2023-03-06 13:31:19,6.19786215,-75.57602747,48.24,1497.840,24.007,0.350,161,6,38,,
T,2023-03-06 13:31:20,6.19786033,-75.57599709,45.02,1503.658,24.007,1.290,155,6,38,,
T,2023-03-06 13:31:21,6.19786437,-75.57597913,42.88,1507.893,24.006,1.180,145,5,38,,
T,2023-03-06 13:31:22,6.19786765,-75.57596306,39.66,1511.343,24.006,1.150,139,5,38,,
T,2023-03-06 13:31:23,6.19786960,-75.57594518,37.52,1513.889,24.006,1.380,110,6,38,,
T,2023-03-06 13:31:24,6.19786066,-75.57593318,35.38,1515.696,24.006,1.580,137,6,38,,
T,2023-03-06 13:31:25,6.19784022,-75.57592567,34.30,1516.920,24.006,2.040,155,6,38,,
T,2023-03-06 13:31:26,6.19780543,-75.57593642,34.30,1517.676,24.006,2.680,177,6,38,,
T,2023-03-06 13:31:27,6.19779701,-75.57594372,33.23,1517.709,24.006,1.350,187,6,38,,
T,2023-03-06 13:31:28,6.19780920,-75.57594037,33.23,1518.200,24.006,0.220,158,5,38,,
T,2023-03-06 13:31:29,6.19782079,-75.57592790,31.09,1518.230,24.006,0.580,154,5,38,,
T,2023-03-06 13:31:30,6.19782154,-75.57592698,28.94,1518.532,24.006,1.400,160,6,38,,
T,2023-03-06 13:31:31,6.19781702,-75.57592142,28.94,1518.755,24.006,1.060,164,5,38,,
T,2023-03-06 13:31:32,6.19781004,-75.57592040,30.02,1518.754,24.006,1.240,171,5,38,,
T,2023-03-06 13:31:33,6.19779730,-75.57591235,37.52,1518.716,24.006,1.540,164,4,38,,
T,2023-03-06 13:31:34,6.19778101,-75.57590882,46.10,1518.677,24.006,1.940,163,4,38,,
T,2023-03-06 13:31:35,6.19775743,-75.57590580,55.74,1518.649,24.006,2.630,158,4,38,,
T,2023-03-06 13:31:36,6.19773227,-75.57590432,68.61,1518.626,24.006,2.740,159,4,38,,
T,2023-03-06 13:31:37,6.19770750,-75.57590875,83.62,1518.610,24.006,2.740,162,3,38,,
T,2023-03-06 13:31:38,6.19767753,-75.57591880,100.77,1518.597,24.007,3.200,173,2,38,,
T,2023-03-06 13:31:39,6.19764835,-75.57593008,121.14,1518.587,24.007,3.200,168,2,38,,
T,2023-03-06 13:31:40,6.19755915,-75.57600111,139.36,1518.580,24.007,5.090,207,2,38,,
T,2023-03-06 13:31:41,6.19753527,-75.57601752,164.02,1518.573,24.007,4.340,204,3,38,,
T,2023-03-06 13:31:42,6.19750184,-75.57604076,189.74,1518.570,24.007,4.680,207,3,38,,
T,2023-03-06 13:31:43,6.19746409,-75.57605968,219.76,1518.566,24.008,4.680,207,3,38,,
T,2023-03-06 13:31:44,6.19742638,-75.57607858,250.85,1518.562,24.008,4.680,207,3,38,,
T,2023-03-06 13:32:04,6.19567750,-75.57553593,30.02,1504.952,24.008,8.030,187,9,38,,
T,2023-03-06 13:32:05,6.19555716,-75.57551509,32.16,1505.577,24.009,8.890,184,9,38,,
T,2023-03-06 13:32:06,6.19551092,-75.57552630,32.16,1505.524,24.009,6.860,199,9,38,,
T,2023-03-06 13:32:07,6.19550640,-75.57565183,28.94,1505.701,24.009,6.830,225,8,38,,
T,2023-03-06 13:32:08,6.19544056,-75.57574029,30.02,1507.941,24.010,7.430,227,9,38,,
T,2023-03-06 13:32:09,6.19537649,-75.57576417,32.16,1509.305,24.010,7.300,226,9,38,,
T,2023-03-06 13:32:10,6.19526726,-75.57581190,30.02,1511.981,24.011,7.600,224,8,38,,
T,2023-03-06 13:32:11,6.19517761,-75.57585576,22.51,1513.531,24.011,8.650,230,9,38,,
T,2023-03-06 13:32:12,6.19512089,-75.57593395,19.30,1514.121,24.012,8.350,232,9,38,,
T,2023-03-06 13:32:13,6.19508252,-75.57600928,15.01,1514.046,24.012,7.660,235,10,38,,
T,2023-03-06 13:32:14,6.19502441,-75.57607237,18.22,1514.265,24.012,7.730,236,9,38,,
T,2023-03-06 13:32:15,6.19498958,-75.57613428,22.51,1514.177,24.013,7.630,225,9,38,,
T,2023-03-06 13:32:16,6.19498055,-75.57616411,23.58,1514.240,24.013,6.690,198,8,37,,
T,2023-03-06 13:32:17,6.19493426,-75.57616576,25.73,1514.023,24.013,5.040,177,8,37,,
T,2023-03-06 13:32:18,6.19496427,-75.57612597,25.73,1513.919,24.013,2.800,175,7,37,,
T,2023-03-06 13:32:19,6.19494624,-75.57612643,27.87,1513.855,24.013,1.910,172,7,37,,
T,2023-03-06 13:32:20,6.19493484,-75.57613905,32.16,1513.846,24.013,1.840,186,8,38,,
T,2023-03-06 13:32:21,6.19492175,-75.57614943,36.45,1513.839,24.013,1.840,183,6,38,,
T,2023-03-06 13:32:22,6.19490867,-75.57615981,42.88,1513.837,24.013,1.840,181,5,38,,
T,2023-03-06 13:32:34,6.19487764,-75.57589471,19.30,1515.621,24.012,2.150,197,7,38,,
T,2023-03-06 13:32:35,6.19488981,-75.57589160,18.22,1515.488,24.012,2.260,193,7,38,,
T,2023-03-06 13:32:36,6.19489192,-75.57587470,17.15,1516.360,24.012,2.360,194,7,38,,
T,2023-03-06 13:32:37,6.19490609,-75.57588714,15.01,1516.712,24.012,1.450,189,8,37,,
T,2023-03-06 13:32:38,6.19491007,-75.57591067,13.94,1527.060,24.012,0.850,188,8,37,,
T,2023-03-06 13:32:39,6.19491094,-75.57592642,13.94,1527.346,24.012,0.610,186,8,37,,
T,2023-03-06 13:32:40,6.19490206,-75.57593218,12.86,1526.984,24.012,0.470,184,8,36,,
T,2023-03-06 13:32:41,6.19489110,-75.57593057,12.86,1525.133,24.012,0.530,182,9,37,,
T,2023-03-06 13:32:42,6.19486628,-75.57593306,15.01,1527.395,24.012,1.240,180,9,37,,
T,2023-03-06 13:33:44.413,6.19518678,-75.57741600,256.21,1651.400,24.019,2.280,345,10,37,,
T,2023-03-06 13:33:47.413,6.19487863,-75.57762180,129.71,1528.630,24.021,0.330,55,,37,,
T,2023-03-06 13:33:48.413,6.19485089,-75.57744627,62.18,1561.260,24.020,1.410,32,9,37,,
T,2023-03-06 13:33:49.413,6.19494097,-75.57749830,61.10,1508.829,24.020,0.910,318,9,36,,
