type,date time,latitude,longitude,accuracy(m),altitude(m),geoid_height(m),speed(m/s),bearing(deg),sat_used,sat_inview,name,desc
T,2023-05-10 16:31:46.500,6.28065333,-75.56807333,1.90,1455.506,23.794,0.088,9,19,41,20230510-113146,GPS Logger: 20230510-113146 - Viaje 4
T,2023-05-10 16:31:48,6.28065833,-75.56807833,2.00,1455.706,23.794,0.264,306,21,41,,
T,2023-05-10 16:31:49,6.28066000,-75.56808167,1.80,1455.806,23.794,0.066,138,22,41,,
T,2023-05-10 16:31:50,6.28066333,-75.56808500,1.70,1456.006,23.794,0.090,219,23,41,,
T,2023-05-10 16:31:51,6.28066667,-75.56809167,1.80,1456.006,23.794,0.145,212,22,41,,
T,2023-05-10 16:31:52,6.28066667,-75.56810167,1.80,1456.306,23.794,0.118,204,23,41,,
T,2023-05-10 16:31:53,6.28066500,-75.56810000,1.80,1456.406,23.794,0.656,97,23,41,,
T,2023-05-10 16:31:54,6.28066833,-75.56809833,2.00,1456.406,23.794,0.757,73,23,41,,
T,2023-05-10 16:31:55,6.28068167,-75.56809333,2.10,1456.206,23.794,1.133,40,23,41,,
T,2023-05-10 16:31:56,6.28070500,-75.56808667,2.20,1456.006,23.794,2.177,25,22,41,,
T,2023-05-10 16:31:57,6.28074500,-75.56807667,2.30,1455.906,23.794,3.800,17,23,41,,
T,2023-05-10 16:31:58,6.28081000,-75.56806500,2.30,1455.607,23.793,7.172,9,22,41,,
T,2023-05-10 16:31:59,6.28089667,-75.56805333,2.40,1455.107,23.793,8.873,8,21,41,,
T,2023-05-10 16:32:00,6.28100000,-75.56804500,2.40,1455.007,23.793,10.397,4,21,41,,
T,2023-05-10 16:32:01,6.28112667,-75.56804333,2.40,1454.907,23.793,13.047,1,22,41,,
T,2023-05-10 16:32:02,6.28126833,-75.56804667,2.40,1454.908,23.792,14.302,360,21,41,,
T,2023-05-10 16:32:03,6.28141667,-75.56805500,2.40,1455.008,23.792,15.237,359,23,41,,
T,2023-05-10 16:32:04,6.28157167,-75.56805667,2.40,1455.108,23.792,15.656,0,23,41,,
T,2023-05-10 16:32:05,6.28173000,-75.56805333,2.40,1455.009,23.791,16.781,2,23,41,,
T,2023-05-10 16:32:06,6.28189167,-75.56804833,2.40,1454.909,23.791,17.465,2,23,41,,
T,2023-05-10 16:32:07,6.28204667,-75.56804167,2.50,1454.910,23.790,17.570,1,22,41,,
T,2023-05-10 16:32:08,6.28220000,-75.56804500,2.40,1454.210,23.790,17.771,1,23,41,,
T,2023-05-10 16:32:09,6.28236667,-75.56804667,2.30,1454.210,23.790,18.322,359,24,41,,
T,2023-05-10 16:32:10,6.28253667,-75.56804667,2.30,1454.711,23.789,18.736,357,24,41,,
T,2023-05-10 16:32:11,6.28270500,-75.56804500,2.40,1454.811,23.789,18.698,360,24,41,,
T,2023-05-10 16:32:12,6.28287333,-75.56803500,2.40,1455.212,23.788,18.665,3,24,41,,
T,2023-05-10 16:32:13,6.28304500,-75.56801833,2.30,1455.712,23.788,18.684,8,25,41,,
T,2023-05-10 16:32:14,6.28321333,-75.56798333,2.40,1456.513,23.787,18.904,11,25,41,,
T,2023-05-10 16:32:15,6.28338167,-75.56793833,2.30,1457.413,23.787,18.535,16,25,41,,
T,2023-05-10 16:32:16,6.28354167,-75.56788333,2.30,1458.314,23.786,18.566,18,26,41,,
T,2023-05-10 16:32:17,6.28370667,-75.56782500,2.20,1459.915,23.785,18.318,19,26,41,,
T,2023-05-10 16:32:18,6.28386000,-75.56777500,2.30,1461.015,23.785,18.105,20,26,41,,
T,2023-05-10 16:32:19,6.28400833,-75.56771667,2.20,1461.916,23.784,18.085,20,27,41,,
T,2023-05-10 16:32:20,6.28415833,-75.56765667,2.00,1462.816,23.784,18.084,21,27,41,,
T,2023-05-10 16:32:21,6.28431333,-75.56759833,2.20,1463.717,23.783,18.122,20,27,41,,
T,2023-05-10 16:32:22,6.28447000,-75.56754333,2.20,1464.418,23.782,18.107,19,26,41,,
T,2023-05-10 16:32:23,6.28462833,-75.56748667,2.30,1464.518,23.782,17.978,19,27,41,,
T,2023-05-10 16:32:24,6.28478833,-75.56743667,2.20,1464.719,23.781,18.078,20,27,41,,
T,2023-05-10 16:32:25,6.28495000,-75.56738833,2.20,1465.120,23.780,18.586,19,27,41,,
T,2023-05-10 16:32:26,6.28510500,-75.56733333,2.20,1465.720,23.780,18.781,20,27,41,,
T,2023-05-10 16:32:27,6.28526500,-75.56727167,2.10,1465.821,23.779,19.278,21,28,41,,
T,2023-05-10 16:32:28,6.28542833,-75.56720167,2.10,1465.122,23.778,19.297,24,28,41,,
T,2023-05-10 16:32:29,6.28558667,-75.56712833,2.20,1463.822,23.778,19.281,25,28,41,,
T,2023-05-10 16:32:30,6.28575333,-75.56705833,2.10,1463.023,23.777,19.398,25,28,41,,
T,2023-05-10 16:32:31,6.28591500,-75.56697667,2.20,1462.424,23.776,19.929,25,28,41,,
T,2023-05-10 16:32:32,6.28607667,-75.56690167,2.20,1461.125,23.775,19.494,24,28,41,,
T,2023-05-10 16:32:33,6.28623333,-75.56683000,2.40,1460.125,23.775,19.302,25,28,41,,
T,2023-05-10 16:32:34,6.28639000,-75.56675500,2.40,1458.526,23.774,19.495,26,27,41,,
T,2023-05-10 16:32:35,6.28654833,-75.56667333,2.70,1457.227,23.773,18.503,27,25,41,,
T,2023-05-10 16:32:36,6.28667333,-75.56659667,2.50,1458.128,23.772,17.199,30,25,41,,
T,2023-05-10 16:32:37,6.28680167,-75.56652000,2.50,1458.828,23.772,17.326,30,26,41,,
T,2023-05-10 16:32:38,6.28693000,-75.56644500,2.40,1458.329,23.771,17.199,31,27,41,,
T,2023-05-10 16:32:39,6.28706500,-75.56637167,2.30,1458.130,23.770,17.053,29,26,41,,
T,2023-05-10 16:32:40,6.28720833,-75.56630500,2.40,1457.830,23.770,17.621,24,25,41,,
T,2023-05-10 16:32:41,6.28734667,-75.56625500,2.40,1457.431,23.769,16.543,21,27,41,,
T,2023-05-10 16:32:42,6.28749167,-75.56621833,2.50,1456.632,23.768,16.905,15,27,41,,
T,2023-05-10 16:32:43,6.28763500,-75.56620000,2.50,1455.832,23.768,15.574,12,27,41,,
T,2023-05-10 16:32:44,6.28776667,-75.56618000,2.50,1455.232,23.768,15.367,10,27,41,,
T,2023-05-10 16:32:45,6.28789667,-75.56616833,2.60,1455.333,23.767,15.397,8,26,41,,
T,2023-05-10 16:32:46,6.28803000,-75.56615500,2.50,1455.033,23.767,14.956,8,25,41,,
T,2023-05-10 16:32:47,6.28817167,-75.56613667,2.60,1454.434,23.766,14.930,9,25,41,,
T,2023-05-10 16:32:48,6.28831167,-75.56611833,2.50,1454.334,23.766,15.376,8,25,41,,
T,2023-05-10 16:32:49,6.28844500,-75.56610500,2.40,1454.034,23.766,15.059,8,25,41,,
T,2023-05-10 16:32:50,6.28857167,-75.56608667,2.20,1453.335,23.765,14.175,7,25,41,,
T,2023-05-10 16:32:51,6.28869833,-75.56607333,2.20,1453.235,23.765,13.992,4,25,41,,
T,2023-05-10 16:32:52,6.28882667,-75.56605667,2.20,1453.235,23.765,13.988,7,25,41,,
T,2023-05-10 16:32:53,6.28895500,-75.56603167,2.20,1453.936,23.764,14.668,13,25,41,,
T,2023-05-10 16:32:54,6.28908667,-75.56598833,2.10,1453.836,23.764,14.954,21,25,41,,
T,2023-05-10 16:32:55,6.28921500,-75.56592167,2.00,1453.637,23.763,15.840,26,23,41,,
T,2023-05-10 16:32:56,6.28933667,-75.56584333,2.00,1453.438,23.762,16.317,32,23,41,,
T,2023-05-10 16:32:57,6.28946167,-75.56574333,1.90,1453.739,23.761,17.364,37,25,41,,
T,2023-05-10 16:32:58,6.28957500,-75.56564000,2.20,1451.339,23.761,17.687,39,25,41,,
T,2023-05-10 16:32:59,6.28970167,-75.56553833,2.40,1450.840,23.760,17.768,39,25,41,,
T,2023-05-10 16:33:00,6.28982333,-75.56544500,2.30,1450.441,23.759,16.598,38,26,41,,
T,2023-05-10 16:33:01,6.28995000,-75.56535500,2.30,1450.742,23.758,15.811,38,25,41,,
T,2023-05-10 16:33:02,6.29006000,-75.56526333,2.30,1451.942,23.758,16.516,37,25,41,,
T,2023-05-10 16:33:03,6.29017333,-75.56517000,2.50,1453.143,23.757,16.165,37,25,41,,
T,2023-05-10 16:33:04,6.29029667,-75.56507000,2.60,1453.144,23.756,17.241,36,25,41,,
T,2023-05-10 16:33:05,6.29043333,-75.56497167,2.60,1453.145,23.755,18.461,35,25,41,,
T,2023-05-10 16:33:06,6.29057000,-75.56486167,2.60,1452.746,23.754,18.919,37,25,41,,
T,2023-05-10 16:33:07,6.29070500,-75.56474833,2.70,1452.747,23.753,19.072,37,25,41,,
T,2023-05-10 16:33:08,6.29085167,-75.56463500,2.70,1452.947,23.753,19.087,40,25,41,,
T,2023-05-10 16:33:09,6.29099333,-75.56451667,2.70,1452.848,23.752,19.601,41,25,41,,
T,2023-05-10 16:33:10,6.29112667,-75.56441167,2.60,1453.149,23.751,18.440,40,26,41,,
T,2023-05-10 16:33:11,6.29125667,-75.56431167,2.50,1452.550,23.750,18.275,39,26,41,,
T,2023-05-10 16:33:12,6.29139333,-75.56420667,2.40,1450.851,23.749,18.072,37,26,41,,
T,2023-05-10 16:33:13,6.29153167,-75.56411167,2.20,1451.452,23.748,17.839,30,26,41,,
T,2023-05-10 16:33:14,6.29167333,-75.56404333,2.20,1450.752,23.748,17.726,24,26,41,,
T,2023-05-10 16:33:15,6.29181667,-75.56399000,2.20,1450.253,23.747,16.802,20,26,41,,
T,2023-05-10 16:33:16,6.29196833,-75.56395000,2.50,1449.554,23.746,17.107,14,26,41,,
T,2023-05-10 16:33:17,6.29211500,-75.56392500,2.70,1449.554,23.746,16.856,11,25,41,,
T,2023-05-10 16:33:18,6.29226333,-75.56389667,2.70,1449.455,23.745,16.631,15,24,41,,
T,2023-05-10 16:33:19,6.29239667,-75.56386833,2.60,1448.555,23.745,14.280,15,24,41,,
T,2023-05-10 16:33:20,6.29253333,-75.56382333,2.40,1447.156,23.744,15.052,15,23,41,,
T,2023-05-10 16:33:21,6.29267333,-75.56379500,2.30,1445.856,23.744,15.325,12,23,41,,
T,2023-05-10 16:33:22,6.29279500,-75.56377167,2.20,1444.356,23.744,13.060,14,23,41,,
T,2023-05-10 16:33:23,6.29290000,-75.56375000,2.20,1443.857,23.743,11.474,10,23,41,,
T,2023-05-10 16:33:24,6.29300167,-75.56372833,2.20,1442.357,23.743,11.036,9,24,41,,
T,2023-05-10 16:33:25,6.29310333,-75.56370667,2.20,1442.457,23.743,11.065,11,25,41,,
T,2023-05-10 16:33:26,6.29319167,-75.56369167,2.10,1441.758,23.742,9.196,9,25,41,,
T,2023-05-10 16:33:27,6.29326667,-75.56368000,2.10,1441.758,23.742,8.359,7,26,41,,
T,2023-05-10 16:33:28,6.29333500,-75.56366167,2.10,1441.758,23.742,7.670,10,24,41,,
T,2023-05-10 16:33:29,6.29340167,-75.56364667,2.10,1442.258,23.742,7.817,9,25,41,,
T,2023-05-10 16:33:30,6.29347667,-75.56362667,2.10,1442.659,23.741,8.715,12,25,42,,
T,2023-05-10 16:33:31,6.29354333,-75.56360833,2.10,1443.859,23.741,7.280,14,25,42,,
T,2023-05-10 16:33:32,6.29360000,-75.56359500,2.10,1444.459,23.741,6.072,13,25,42,,
T,2023-05-10 16:33:33,6.29364500,-75.56357833,2.10,1445.259,23.741,5.436,14,24,42,,
T,2023-05-10 16:33:34,6.29369667,-75.56356000,2.10,1446.060,23.740,5.976,19,25,42,,
T,2023-05-10 16:33:35,6.29374500,-75.56354000,2.10,1446.360,23.740,5.545,25,25,42,,
T,2023-05-10 16:33:36,6.29378833,-75.56352000,2.10,1446.860,23.740,5.019,26,25,42,,
T,2023-05-10 16:33:37,6.29383500,-75.56350000,2.10,1447.160,23.740,6.166,20,25,42,,
T,2023-05-10 16:33:38,6.29389667,-75.56347000,2.10,1448.360,23.740,7.851,24,25,42,,
T,2023-05-10 16:33:39,6.29397667,-75.56343167,2.20,1449.261,23.739,8.626,24,25,42,,
T,2023-05-10 16:33:40,6.29405000,-75.56338500,2.20,1450.261,23.739,9.498,28,26,42,,
T,2023-05-10 16:33:41,6.29412833,-75.56334167,2.30,1450.862,23.738,10.117,34,25,42,,
T,2023-05-10 16:33:42,6.29421333,-75.56328667,2.40,1451.362,23.738,11.046,36,25,42,,
T,2023-05-10 16:33:43,6.29429833,-75.56322500,2.40,1451.863,23.737,11.085,39,26,42,,
T,2023-05-10 16:33:44,6.29438333,-75.56315833,2.50,1452.963,23.737,11.809,41,26,42,,
T,2023-05-10 16:33:45,6.29447333,-75.56308333,2.50,1454.064,23.736,12.615,43,26,42,,
T,2023-05-10 16:33:46,6.29457333,-75.56300000,2.40,1454.464,23.736,13.417,44,26,42,,
T,2023-05-10 16:33:47,6.29467333,-75.56292833,2.30,1458.965,23.735,13.116,42,26,42,,
T,2023-05-10 16:33:48,6.29475000,-75.56284833,2.50,1460.066,23.734,11.454,43,27,42,,
T,2023-05-10 16:33:49,6.29480833,-75.56279000,2.50,1460.466,23.734,9.487,47,27,42,,
T,2023-05-10 16:33:50,6.29485667,-75.56273000,2.40,1460.967,23.733,8.347,44,27,42,,
T,2023-05-10 16:33:51,6.29489333,-75.56267333,2.20,1460.967,23.733,7.092,48,26,42,,
T,2023-05-10 16:33:52,6.29494000,-75.56262833,2.20,1461.167,23.733,7.307,42,26,42,,
T,2023-05-10 16:33:53,6.29499167,-75.56257833,2.10,1461.168,23.732,8.395,42,25,42,,
T,2023-05-10 16:33:54,6.29505000,-75.56252500,2.30,1460.868,23.732,9.065,45,25,42,,
T,2023-05-10 16:33:55,6.29511667,-75.56246500,2.30,1460.868,23.732,9.765,46,25,42,,
T,2023-05-10 16:33:56,6.29517500,-75.56240500,2.40,1461.069,23.731,9.115,46,26,42,,
T,2023-05-10 16:33:57,6.29523333,-75.56235333,2.20,1460.969,23.731,8.277,45,26,42,,
T,2023-05-10 16:33:58,6.29527833,-75.56229333,2.20,1460.170,23.730,7.430,45,26,42,,
T,2023-05-10 16:33:59,6.29532167,-75.56224833,2.20,1459.670,23.730,6.583,44,26,42,,
T,2023-05-10 16:34:00,6.29537333,-75.56221000,2.10,1459.370,23.730,6.855,40,26,42,,
T,2023-05-10 16:34:01,6.29542500,-75.56217333,2.20,1459.171,23.729,7.161,40,26,42,,
T,2023-05-10 16:34:02,6.29547667,-75.56213500,2.20,1458.371,23.729,6.952,41,26,42,,
T,2023-05-10 16:34:03,6.29553000,-75.56209167,2.20,1458.271,23.729,6.918,41,26,42,,
T,2023-05-10 16:34:04,6.29558333,-75.56204667,2.20,1458.272,23.728,7.266,42,26,42,,
T,2023-05-10 16:34:05,6.29563500,-75.56200333,2.30,1458.072,23.728,7.509,44,27,42,,
T,2023-05-10 16:34:06,6.29569500,-75.56195667,2.20,1457.172,23.728,8.398,41,27,42,,
T,2023-05-10 16:34:07,6.29575833,-75.56190500,2.30,1456.373,23.727,8.770,41,27,42,,
T,2023-05-10 16:34:08,6.29581667,-75.56185333,2.30,1455.973,23.727,8.789,43,27,42,,
T,2023-05-10 16:34:09,6.29588500,-75.56179167,2.10,1456.374,23.726,9.976,41,27,42,,
T,2023-05-10 16:34:10,6.29596167,-75.56172167,2.20,1456.974,23.726,11.229,43,27,42,,
T,2023-05-10 16:34:11,6.29604333,-75.56164333,2.30,1457.575,23.725,12.503,47,26,42,,
T,2023-05-10 16:34:12,6.29612000,-75.56156000,2.10,1458.075,23.725,13.144,46,26,42,,
T,2023-05-10 16:34:13,6.29621000,-75.56147167,2.00,1457.776,23.724,13.919,44,26,42,,
T,2023-05-10 16:34:14,6.29630333,-75.56137167,2.20,1457.477,23.723,14.657,43,25,42,,
T,2023-05-10 16:34:15,6.29640167,-75.56128167,2.00,1459.178,23.722,13.420,43,26,42,,
T,2023-05-10 16:34:16,6.29648667,-75.56119833,1.90,1458.378,23.722,12.449,43,26,42,,
T,2023-05-10 16:34:17,6.29656833,-75.56112167,1.90,1457.679,23.721,12.185,40,27,42,,
T,2023-05-10 16:34:18,6.29665333,-75.56104667,1.80,1457.179,23.721,13.045,40,27,42,,
T,2023-05-10 16:34:19,6.29675000,-75.56096833,2.20,1457.180,23.720,13.814,39,27,42,,
T,2023-05-10 16:34:20,6.29686667,-75.56087500,2.20,1456.881,23.719,13.788,40,28,42,,
T,2023-05-10 16:34:21,6.29697333,-75.56079500,2.30,1456.681,23.719,14.415,40,28,42,,
T,2023-05-10 16:34:22,6.29708167,-75.56071000,2.30,1456.982,23.718,14.472,39,28,42,,
T,2023-05-10 16:34:23,6.29719500,-75.56062167,2.20,1456.383,23.717,14.750,38,28,42,,
T,2023-05-10 16:34:24,6.29728667,-75.56054333,2.20,1456.383,23.717,12.269,38,28,42,,
T,2023-05-10 16:34:25,6.29736167,-75.56047667,2.30,1455.684,23.716,11.006,40,26,42,,
T,2023-05-10 16:34:26,6.29743500,-75.56041667,2.30,1454.484,23.716,10.179,39,26,42,,
T,2023-05-10 16:34:27,6.29750667,-75.56034667,2.20,1452.785,23.715,9.915,43,27,42,,
T,2023-05-10 16:34:28,6.29758333,-75.56028500,2.10,1451.385,23.715,9.797,43,27,42,,
T,2023-05-10 16:34:29,6.29764167,-75.56022667,2.30,1451.086,23.714,9.573,41,26,42,,
T,2023-05-10 16:34:30,6.29770167,-75.56017333,2.20,1450.486,23.714,9.774,38,26,42,,
T,2023-05-10 16:34:31,6.29777667,-75.56012500,2.20,1449.987,23.713,9.795,38,26,42,,
T,2023-05-10 16:34:32,6.29785167,-75.56007167,2.20,1449.787,23.713,9.976,39,25,42,,
T,2023-05-10 16:34:33,6.29792167,-75.56002167,2.20,1448.988,23.712,9.739,41,25,42,,
T,2023-05-10 16:34:34,6.29799167,-75.55997167,2.20,1448.588,23.712,9.582,39,25,42,,
T,2023-05-10 16:34:35,6.29806333,-75.55992167,2.20,1448.388,23.712,9.137,36,25,42,,
T,2023-05-10 16:34:36,6.29814000,-75.55987833,2.20,1448.689,23.711,8.957,34,25,42,,
T,2023-05-10 16:34:37,6.29820667,-75.55984000,2.10,1448.889,23.711,9.177,32,24,42,,
T,2023-05-10 16:34:38,6.29828000,-75.55979500,2.00,1448.490,23.710,10.168,28,26,42,,
T,2023-05-10 16:34:39,6.29837000,-75.55976167,2.10,1448.190,23.710,10.281,27,26,42,,
T,2023-05-10 16:34:40,6.29845833,-75.55972833,2.20,1447.690,23.710,10.522,24,25,42,,
T,2023-05-10 16:34:41,6.29854667,-75.55969667,2.20,1446.791,23.709,10.553,22,25,42,,
T,2023-05-10 16:34:42,6.29864167,-75.55966333,2.20,1446.191,23.709,10.866,23,25,42,,
T,2023-05-10 16:34:43,6.29873500,-75.55963333,2.20,1445.991,23.709,10.895,24,26,42,,
T,2023-05-10 16:34:44,6.29882833,-75.55959667,2.00,1446.492,23.708,11.608,24,26,42,,
T,2023-05-10 16:34:45,6.29893000,-75.55955667,1.90,1447.292,23.708,12.859,24,26,42,,
T,2023-05-10 16:34:46,6.29904333,-75.55950667,1.80,1448.093,23.707,13.665,22,26,42,,
T,2023-05-10 16:34:47,6.29916333,-75.55945833,1.80,1448.493,23.707,14.636,23,26,42,,
T,2023-05-10 16:34:48,6.29929167,-75.55940500,1.80,1449.294,23.706,15.138,23,26,42,,
T,2023-05-10 16:34:49,6.29942167,-75.55934833,1.90,1449.895,23.705,15.129,25,26,42,,
T,2023-05-10 16:34:50,6.29955667,-75.55929167,1.90,1450.595,23.705,15.940,21,26,42,,
T,2023-05-10 16:34:51,6.29969833,-75.55923000,1.90,1451.296,23.704,17.076,20,27,42,,
T,2023-05-10 16:34:52,6.29984667,-75.55916667,1.90,1451.796,23.704,17.500,23,26,42,,
T,2023-05-10 16:34:53,6.29999333,-75.55909167,1.90,1452.497,23.703,17.424,25,26,42,,
T,2023-05-10 16:34:54,6.30014167,-75.55901833,1.90,1453.398,23.702,17.811,24,26,42,,
T,2023-05-10 16:34:55,6.30029667,-75.55894833,1.90,1453.799,23.701,18.161,22,26,42,,
T,2023-05-10 16:34:56,6.30045167,-75.55888000,1.90,1453.599,23.701,18.764,24,26,42,,
T,2023-05-10 16:34:57,6.30060833,-75.55881167,1.80,1453.200,23.700,18.778,24,26,42,,
T,2023-05-10 16:34:58,6.30076000,-75.55874833,1.80,1452.801,23.699,17.950,22,26,42,,
T,2023-05-10 16:34:59,6.30090667,-75.55869167,2.30,1451.401,23.699,18.489,20,27,42,,
T,2023-05-10 16:35:00,6.30104333,-75.55864000,2.30,1451.002,23.698,15.512,19,27,42,,
T,2023-05-10 16:35:01,6.30117333,-75.55859833,2.30,1449.402,23.698,13.861,20,27,42,,
T,2023-05-10 16:35:02,6.30128500,-75.55856833,2.20,1447.803,23.697,12.193,17,27,42,,
T,2023-05-10 16:35:03,6.30137667,-75.55854167,2.20,1447.903,23.697,11.230,14,26,42,,
T,2023-05-10 16:35:04,6.30146000,-75.55852000,2.10,1448.204,23.696,9.537,15,26,42,,
T,2023-05-10 16:35:05,6.30153333,-75.55850000,1.90,1448.304,23.696,8.469,16,26,42,,
T,2023-05-10 16:35:06,6.30160167,-75.55847333,1.80,1448.304,23.696,8.574,20,26,42,,
T,2023-05-10 16:35:07,6.30167000,-75.55845000,2.10,1448.404,23.696,8.562,22,26,42,,
T,2023-05-10 16:35:08,6.30173500,-75.55842667,2.20,1448.105,23.695,8.079,21,25,42,,
T,2023-05-10 16:35:09,6.30180667,-75.55840167,2.20,1447.405,23.695,8.313,19,25,42,,
T,2023-05-10 16:35:10,6.30188000,-75.55838500,2.20,1447.105,23.695,7.651,16,26,42,,
T,2023-05-10 16:35:11,6.30194333,-75.55837667,2.20,1447.005,23.695,6.760,15,26,42,,
T,2023-05-10 16:35:12,6.30200500,-75.55836833,2.30,1447.106,23.694,6.185,15,26,42,,
T,2023-05-10 16:35:13,6.30205833,-75.55836167,2.30,1447.106,23.694,5.540,17,26,42,,
T,2023-05-10 16:35:14,6.30211500,-75.55835000,2.30,1447.506,23.694,6.292,19,26,42,,
T,2023-05-10 16:35:15,6.30217833,-75.55833667,2.30,1447.806,23.694,6.551,21,26,42,,
T,2023-05-10 16:35:16,6.30224167,-75.55832000,2.40,1448.206,23.694,7.424,22,26,42,,
T,2023-05-10 16:35:17,6.30231000,-75.55829667,2.30,1448.507,23.693,8.535,19,26,42,,
T,2023-05-10 16:35:18,6.30239167,-75.55827667,2.50,1448.807,23.693,9.554,19,25,42,,
T,2023-05-10 16:35:19,6.30248667,-75.55824333,2.30,1449.907,23.693,10.895,20,25,42,,
T,2023-05-10 16:35:20,6.30259333,-75.55819667,2.30,1451.408,23.692,12.406,22,25,42,,
T,2023-05-10 16:35:21,6.30271333,-75.55815333,2.40,1451.908,23.692,12.402,19,25,42,,
T,2023-05-10 16:35:22,6.30281500,-75.55812333,2.40,1451.209,23.691,10.785,17,25,42,,
T,2023-05-10 16:35:23,6.30290500,-75.55809000,2.20,1451.209,23.691,8.507,12,25,42,,
T,2023-05-10 16:35:24,6.30298000,-75.55806833,2.30,1451.509,23.691,7.093,10,25,42,,
T,2023-05-10 16:35:25,6.30303333,-75.55806333,2.30,1452.109,23.691,5.027,10,26,42,,
T,2023-05-10 16:35:26,6.30306500,-75.55805667,2.30,1452.510,23.690,4.016,17,25,42,,
T,2023-05-10 16:35:27,6.30310167,-75.55805000,2.20,1453.110,23.690,4.298,18,25,42,,
T,2023-05-10 16:35:28,6.30316000,-75.55802333,2.30,1452.810,23.690,6.175,22,25,42,,
T,2023-05-10 16:35:29,6.30324000,-75.55799167,2.30,1452.710,23.690,7.510,24,26,42,,
T,2023-05-10 16:35:30,6.30332667,-75.55796500,2.30,1452.711,23.689,8.390,22,26,42,,
T,2023-05-10 16:35:31,6.30341833,-75.55793667,2.40,1453.311,23.689,10.194,21,26,42,,
T,2023-05-10 16:35:32,6.30351500,-75.55791000,2.30,1453.711,23.689,12.034,14,26,42,,
T,2023-05-10 16:35:33,6.30363833,-75.55789000,2.40,1453.112,23.688,13.135,11,26,42,,
T,2023-05-10 16:35:34,6.30377667,-75.55787333,2.20,1453.212,23.688,13.562,10,26,42,,
T,2023-05-10 16:35:35,6.30392000,-75.55784833,2.30,1454.013,23.687,15.020,8,26,42,,
T,2023-05-10 16:35:36,6.30406833,-75.55783500,2.30,1455.113,23.687,15.460,4,26,42,,
T,2023-05-10 16:35:37,6.30422000,-75.55783167,2.30,1455.813,23.687,16.415,359,26,42,,
T,2023-05-10 16:35:38,6.30438000,-75.55783833,2.30,1456.214,23.686,17.404,356,25,42,,
T,2023-05-10 16:35:39,6.30455667,-75.55786000,2.30,1454.414,23.686,18.042,357,25,42,,
T,2023-05-10 16:35:40,6.30472667,-75.55787167,2.30,1453.114,23.686,18.036,357,25,42,,
T,2023-05-10 16:35:41,6.30490000,-75.55788500,2.30,1452.215,23.685,18.674,354,24,42,,
T,2023-05-10 16:35:42,6.30507333,-75.55790667,2.40,1451.415,23.685,18.835,353,24,42,,
T,2023-05-10 16:35:43,6.30525667,-75.55793167,2.40,1450.115,23.685,19.417,354,25,42,,
T,2023-05-10 16:35:44,6.30542500,-75.55794500,2.30,1449.216,23.684,19.629,354,24,42,,
T,2023-05-10 16:35:45,6.30560000,-75.55796333,2.30,1449.016,23.684,19.690,354,24,42,,
T,2023-05-10 16:35:46,6.30578333,-75.55799000,2.30,1448.916,23.684,20.225,353,24,42,,
T,2023-05-10 16:35:47,6.30598167,-75.55802667,2.30,1450.616,23.684,20.801,351,23,42,,
T,2023-05-10 16:35:48,6.30616500,-75.55806167,2.50,1451.417,23.683,21.004,350,24,42,,
T,2023-05-10 16:35:49,6.30634500,-75.55809000,2.40,1450.717,23.683,19.897,349,25,42,,
T,2023-05-10 16:35:50,6.30650667,-75.55811833,2.40,1449.517,23.683,17.443,349,25,42,,
T,2023-05-10 16:35:51,6.30664167,-75.55815000,2.40,1449.117,23.683,14.626,348,25,42,,
T,2023-05-10 16:35:52,6.30674000,-75.55818333,2.40,1449.517,23.683,11.539,345,25,42,,
T,2023-05-10 16:35:53,6.30682833,-75.55820667,2.30,1449.517,23.683,11.057,350,25,42,,
T,2023-05-10 16:35:54,6.30693333,-75.55822333,2.30,1449.518,23.682,12.139,348,24,42,,
T,2023-05-10 16:35:55,6.30704167,-75.55824833,2.40,1449.918,23.682,13.379,350,24,42,,
T,2023-05-10 16:35:56,6.30717667,-75.55826500,2.30,1450.118,23.682,14.610,351,25,42,,
T,2023-05-10 16:35:57,6.30731667,-75.55828167,2.10,1447.318,23.682,14.887,353,25,42,,
T,2023-05-10 16:35:58,6.30745500,-75.55830167,2.30,1447.318,23.682,16.014,352,26,42,,
T,2023-05-10 16:35:59,6.30760833,-75.55832000,2.10,1445.919,23.681,16.203,350,26,42,,
T,2023-05-10 16:36:00,6.30776667,-75.55835500,2.20,1446.019,23.681,17.431,352,25,42,,
T,2023-05-10 16:36:01,6.30793333,-75.55837167,2.20,1446.819,23.681,17.686,350,24,42,,
T,2023-05-10 16:36:02,6.30809167,-75.55839167,2.30,1445.719,23.681,18.416,350,25,42,,
T,2023-05-10 16:36:03,6.30826500,-75.55840667,2.40,1445.020,23.680,18.523,354,26,42,,
T,2023-05-10 16:36:04,6.30843333,-75.55843000,2.40,1444.620,23.680,18.951,355,25,42,,
T,2023-05-10 16:36:05,6.30861833,-75.55843500,2.50,1444.120,23.680,19.452,1,25,42,,
T,2023-05-10 16:36:06,6.30879167,-75.55842167,2.40,1444.421,23.679,19.077,7,25,42,,
T,2023-05-10 16:36:07,6.30896000,-75.55838000,2.20,1444.721,23.679,19.167,13,26,42,,
T,2023-05-10 16:36:08,6.30912500,-75.55832000,2.20,1447.622,23.678,19.313,20,27,42,,
T,2023-05-10 16:36:09,6.30928667,-75.55826167,2.20,1449.523,23.677,19.310,21,27,42,,
T,2023-05-10 16:36:10,6.30943667,-75.55820000,2.10,1451.023,23.677,19.207,20,27,42,,
T,2023-05-10 16:36:11,6.30958667,-75.55815333,2.20,1451.424,23.676,19.051,16,27,42,,
T,2023-05-10 16:36:12,6.30973500,-75.55813500,2.20,1452.224,23.676,16.073,5,27,42,,
T,2023-05-10 16:36:13,6.30987833,-75.55815000,2.10,1451.325,23.675,15.829,349,27,42,,
T,2023-05-10 16:36:14,6.31002667,-75.55820167,2.20,1451.125,23.675,15.817,336,27,42,,
T,2023-05-10 16:36:15,6.31014833,-75.55827667,2.30,1450.625,23.675,15.713,329,27,42,,
T,2023-05-10 16:36:16,6.31025333,-75.55836000,2.20,1450.924,23.676,14.660,331,27,42,,
T,2023-05-10 16:36:17,6.31036833,-75.55841167,2.20,1451.424,23.676,13.185,340,28,42,,
T,2023-05-10 16:36:18,6.31048167,-75.55842500,2.20,1451.525,23.675,12.353,354,27,42,,
T,2023-05-10 16:36:19,6.31058333,-75.55840667,2.20,1451.725,23.675,11.268,10,26,42,,
T,2023-05-10 16:36:20,6.31068333,-75.55835500,2.20,1451.925,23.675,11.112,23,25,42,,
T,2023-05-10 16:36:21,6.31076667,-75.55829667,2.30,1451.726,23.674,10.676,35,25,42,,
T,2023-05-10 16:36:22,6.31082167,-75.55823000,2.30,1451.326,23.674,9.630,46,25,42,,
T,2023-05-10 16:36:23,6.31087167,-75.55816000,2.30,1450.127,23.673,8.975,50,26,42,,
T,2023-05-10 16:36:24,6.31089167,-75.55808667,2.30,1448.627,23.673,8.206,62,27,42,,
T,2023-05-10 16:36:25,6.31090333,-75.55800500,2.30,1448.128,23.672,8.080,72,27,42,,
T,2023-05-10 16:36:26,6.31090333,-75.55792500,2.20,1447.528,23.672,8.398,83,27,42,,
T,2023-05-10 16:36:27,6.31088167,-75.55784500,2.20,1447.229,23.671,8.665,96,27,42,,
T,2023-05-10 16:36:28,6.31083833,-75.55776000,2.20,1446.929,23.671,9.582,111,28,42,,
T,2023-05-10 16:36:29,6.31078000,-75.55767167,2.10,1446.629,23.671,10.563,118,28,42,,
T,2023-05-10 16:36:30,6.31072000,-75.55758333,2.20,1445.830,23.670,11.138,123,29,42,,
T,2023-05-10 16:36:31,6.31065167,-75.55749833,2.20,1446.030,23.670,11.568,125,29,42,,
T,2023-05-10 16:36:32,6.31058667,-75.55740833,2.10,1445.930,23.670,12.577,126,28,42,,
T,2023-05-10 16:36:33,6.31052000,-75.55730833,2.10,1445.931,23.669,13.689,126,28,42,,
T,2023-05-10 16:36:34,6.31044333,-75.55720000,2.10,1445.231,23.669,14.583,126,28,42,,
T,2023-05-10 16:36:35,6.31036667,-75.55709333,2.20,1444.131,23.669,15.127,126,28,42,,
T,2023-05-10 16:36:36,6.31028333,-75.55698000,2.20,1442.932,23.668,15.285,126,28,42,,
T,2023-05-10 16:36:37,6.31020833,-75.55687333,2.30,1442.532,23.668,15.642,127,28,42,,
T,2023-05-10 16:36:38,6.31014333,-75.55677500,2.20,1441.632,23.668,12.481,126,27,42,,
T,2023-05-10 16:36:39,6.31008833,-75.55669333,2.20,1440.733,23.667,10.589,124,27,42,,
T,2023-05-10 16:36:40,6.31003833,-75.55661667,2.20,1440.733,23.667,8.999,125,27,42,,
T,2023-05-10 16:36:41,6.30999500,-75.55655667,2.20,1440.433,23.667,8.458,125,27,42,,
T,2023-05-10 16:36:42,6.30994667,-75.55650167,2.20,1439.733,23.667,7.956,129,27,42,,
T,2023-05-10 16:36:43,6.30990000,-75.55645333,2.10,1439.134,23.666,8.294,133,29,42,,
T,2023-05-10 16:36:44,6.30985333,-75.55640833,2.10,1438.434,23.666,7.790,140,29,42,,
T,2023-05-10 16:36:45,6.30980333,-75.55636667,2.20,1437.834,23.666,7.350,146,29,42,,
T,2023-05-10 16:36:46,6.30974500,-75.55634500,2.20,1437.934,23.666,7.561,160,29,42,,
T,2023-05-10 16:36:47,6.30968333,-75.55633833,2.10,1438.434,23.666,7.267,175,29,42,,
T,2023-05-10 16:36:48,6.30961333,-75.55635833,2.10,1438.833,23.667,6.966,189,28,42,,
T,2023-05-10 16:36:49,6.30955000,-75.55639167,2.10,1438.833,23.667,6.837,206,28,42,,
T,2023-05-10 16:36:50,6.30950333,-75.55643667,2.20,1439.133,23.667,6.581,221,28,42,,
T,2023-05-10 16:36:51,6.30947167,-75.55649667,2.10,1438.932,23.668,6.279,240,28,42,,
T,2023-05-10 16:36:52,6.30946500,-75.55655500,2.10,1438.132,23.668,6.316,256,28,42,,
T,2023-05-10 16:36:53,6.30946500,-75.55661667,2.10,1437.332,23.668,6.848,269,28,42,,
T,2023-05-10 16:36:54,6.30946667,-75.55668500,2.20,1436.731,23.669,7.588,276,27,42,,
T,2023-05-10 16:36:55,6.30947667,-75.55675667,2.20,1435.531,23.669,7.597,285,27,42,,
T,2023-05-10 16:36:56,6.30951000,-75.55682333,2.20,1434.031,23.669,7.411,294,28,42,,
T,2023-05-10 16:36:57,6.30954833,-75.55687500,2.20,1433.231,23.669,6.617,305,28,42,,
T,2023-05-10 16:36:58,6.30957667,-75.55691500,2.20,1433.230,23.670,5.506,309,28,42,,
T,2023-05-10 16:36:59,6.30960667,-75.55694667,2.10,1433.730,23.670,5.527,319,28,42,,
T,2023-05-10 16:37:00,6.30965000,-75.55697000,2.10,1433.730,23.670,6.228,334,28,42,,
T,2023-05-10 16:37:01,6.30970833,-75.55697833,2.10,1434.230,23.670,7.477,352,27,42,,
T,2023-05-10 16:37:02,6.30978667,-75.55697500,2.10,1435.031,23.669,8.684,360,27,42,,
T,2023-05-10 16:37:03,6.30987833,-75.55695833,2.20,1435.631,23.669,9.809,9,27,42,,
T,2023-05-10 16:37:04,6.30999000,-75.55691667,2.20,1435.531,23.669,11.797,20,27,42,,
T,2023-05-10 16:37:05,6.31010667,-75.55685500,2.40,1435.132,23.668,13.815,27,24,42,,
T,2023-05-10 16:37:06,6.31022833,-75.55678833,2.50,1436.833,23.667,14.553,31,24,42,,
T,2023-05-10 16:37:07,6.31035500,-75.55671167,2.30,1436.133,23.667,16.613,34,24,42,,
T,2023-05-10 16:37:08,6.31045500,-75.55662667,2.20,1436.134,23.666,16.360,36,24,42,,
T,2023-05-10 16:37:09,6.31057333,-75.55653000,2.40,1435.135,23.665,16.835,37,27,42,,
T,2023-05-10 16:37:10,6.31070333,-75.55643167,2.30,1434.536,23.664,17.627,37,27,42,,
T,2023-05-10 16:37:11,6.31083667,-75.55633167,2.50,1434.336,23.664,16.880,38,26,42,,
T,2023-05-10 16:37:12,6.31095500,-75.55624000,2.50,1433.637,23.663,15.145,38,26,42,,
T,2023-05-10 16:37:13,6.31105500,-75.55616333,2.50,1433.738,23.662,14.061,38,27,42,,
T,2023-05-10 16:37:14,6.31115167,-75.55608833,2.40,1433.238,23.662,13.143,37,27,42,,
T,2023-05-10 16:37:15,6.31124333,-75.55601500,2.40,1433.639,23.661,13.132,36,27,42,,
T,2023-05-10 16:37:16,6.31135167,-75.55594667,2.40,1437.040,23.660,12.543,37,26,42,,
T,2023-05-10 16:37:17,6.31145500,-75.55586833,2.40,1436.540,23.660,14.475,37,26,42,,
T,2023-05-10 16:37:18,6.31156667,-75.55578167,2.20,1436.141,23.659,15.629,37,26,42,,
T,2023-05-10 16:37:19,6.31168167,-75.55570167,2.10,1437.242,23.658,16.142,37,25,42,,
T,2023-05-10 16:37:20,6.31179833,-75.55561167,2.20,1436.942,23.658,16.473,37,24,42,,
T,2023-05-10 16:37:21,6.31191667,-75.55551833,2.30,1436.943,23.657,16.945,36,24,42,,
T,2023-05-10 16:37:22,6.31203833,-75.55542667,2.50,1436.144,23.656,16.963,34,24,42,,
T,2023-05-10 16:37:23,6.31217000,-75.55534333,2.40,1434.845,23.655,16.816,33,24,42,,
T,2023-05-10 16:37:24,6.31230167,-75.55525500,2.40,1434.145,23.655,16.841,34,22,42,,
T,2023-05-10 16:37:25,6.31242333,-75.55514333,2.40,1433.646,23.654,17.227,40,21,42,,
T,2023-05-10 16:37:26,6.31252500,-75.55504167,2.30,1430.147,23.653,14.844,45,22,42,,
T,2023-05-10 16:37:27,6.31259333,-75.55495000,2.20,1429.648,23.652,12.025,56,23,42,,
T,2023-05-10 16:37:28,6.31262833,-75.55484833,2.30,1428.648,23.652,11.461,72,23,42,,
T,2023-05-10 16:37:29,6.31263333,-75.55474167,2.30,1427.149,23.651,12.103,91,22,42,,
T,2023-05-10 16:37:30,6.31261000,-75.55463000,2.30,1427.149,23.651,12.804,100,23,42,,
T,2023-05-10 16:37:31,6.31256667,-75.55452167,2.40,1427.150,23.650,13.003,108,22,42,,
T,2023-05-10 16:37:32,6.31252167,-75.55441167,2.40,1428.050,23.650,12.304,110,22,42,,
T,2023-05-10 16:37:33,6.31248167,-75.55431500,2.40,1430.051,23.649,10.823,111,23,42,,
T,2023-05-10 16:37:34,6.31244833,-75.55423833,2.40,1431.451,23.649,8.913,110,22,42,,
T,2023-05-10 16:37:35,6.31242667,-75.55417500,2.40,1432.251,23.649,7.352,111,22,42,,
T,2023-05-10 16:37:36,6.31241667,-75.55413000,2.40,1432.851,23.649,5.404,107,22,42,,
T,2023-05-10 16:37:37,6.31240833,-75.55409500,2.30,1433.452,23.648,3.856,106,22,42,,
T,2023-05-10 16:37:38,6.31240167,-75.55407333,2.20,1434.152,23.648,2.722,111,23,42,,
T,2023-05-10 16:37:39,6.31239833,-75.55406000,2.20,1435.052,23.648,1.942,106,23,42,,
T,2023-05-10 16:37:40,6.31239000,-75.55404667,2.10,1435.752,23.648,2.379,130,23,42,,
T,2023-05-10 16:37:41,6.31237833,-75.55402667,2.10,1436.952,23.648,3.338,119,23,42,,
T,2023-05-10 16:37:42,6.31236333,-75.55399833,2.20,1437.552,23.648,3.880,122,23,42,,
T,2023-05-10 16:37:43,6.31235500,-75.55395500,2.20,1438.252,23.648,4.630,95,23,42,,
T,2023-05-10 16:37:44,6.31235500,-75.55391167,2.20,1438.352,23.648,4.658,74,22,42,,
T,2023-05-10 16:37:45,6.31237667,-75.55387667,2.30,1439.253,23.647,4.786,52,22,42,,
T,2023-05-10 16:37:46,6.31240667,-75.55385833,2.30,1439.453,23.647,5.431,34,22,42,,
T,2023-05-10 16:37:47,6.31246333,-75.55383500,2.30,1439.653,23.647,6.315,26,22,42,,
T,2023-05-10 16:37:48,6.31255500,-75.55380167,2.20,1437.853,23.647,8.385,24,22,42,,
T,2023-05-10 16:37:49,6.31263167,-75.55376000,2.30,1436.554,23.646,9.381,30,23,42,,
T,2023-05-10 16:37:50,6.31271167,-75.55371333,2.30,1435.254,23.646,10.333,37,23,42,,
T,2023-05-10 16:37:51,6.31279333,-75.55365500,2.30,1434.555,23.645,11.162,34,23,42,,
T,2023-05-10 16:37:52,6.31287167,-75.55360000,2.40,1433.755,23.645,10.488,35,23,42,,
T,2023-05-10 16:37:53,6.31294333,-75.55354333,2.40,1433.756,23.644,9.787,36,23,42,,
T,2023-05-10 16:37:54,6.31301833,-75.55349833,2.40,1433.856,23.644,9.178,34,23,42,,
T,2023-05-10 16:37:55,6.31309000,-75.55345667,2.50,1434.756,23.644,9.087,34,23,42,,
T,2023-05-10 16:37:56,6.31316500,-75.55341167,2.50,1436.157,23.643,9.522,32,24,42,,
T,2023-05-10 16:37:57,6.31323833,-75.55336000,2.50,1436.757,23.643,9.944,32,24,42,,
T,2023-05-10 16:37:58,6.31332000,-75.55330167,2.50,1436.858,23.642,10.429,33,24,42,,
T,2023-05-10 16:37:59,6.31340833,-75.55325000,2.50,1437.458,23.642,11.142,32,24,42,,
T,2023-05-10 16:38:00,6.31350000,-75.55319667,2.50,1437.359,23.641,11.589,30,24,42,,
T,2023-05-10 16:38:01,6.31359667,-75.55315000,2.50,1438.159,23.641,11.786,28,24,42,,
T,2023-05-10 16:38:02,6.31369333,-75.55310667,2.50,1438.760,23.640,11.326,28,25,42,,
T,2023-05-10 16:38:03,6.31379333,-75.55305833,2.40,1438.460,23.640,11.102,26,25,42,,
T,2023-05-10 16:38:04,6.31388667,-75.55301833,2.30,1437.961,23.639,10.852,20,25,42,,
T,2023-05-10 16:38:05,6.31397333,-75.55298500,2.30,1437.161,23.639,9.952,19,25,42,,
T,2023-05-10 16:38:06,6.31406333,-75.55295833,2.50,1436.161,23.639,9.926,15,25,42,,
T,2023-05-10 16:38:07,6.31414333,-75.55295333,2.50,1435.661,23.639,9.334,10,25,42,,
T,2023-05-10 16:38:08,6.31422333,-75.55294833,2.50,1434.962,23.638,8.725,5,25,42,,
T,2023-05-10 16:38:09,6.31430667,-75.55295500,2.40,1434.462,23.638,8.981,356,24,42,,
T,2023-05-10 16:38:10,6.31438667,-75.55296500,2.40,1432.662,23.638,9.141,352,24,42,,
T,2023-05-10 16:38:11,6.31447500,-75.55300667,2.40,1431.862,23.638,9.690,341,24,42,,
T,2023-05-10 16:38:12,6.31456333,-75.55306833,2.40,1431.662,23.638,10.408,330,23,42,,
T,2023-05-10 16:38:13,6.31465167,-75.55313500,2.50,1431.262,23.638,10.903,325,23,42,,
T,2023-05-10 16:38:14,6.31473167,-75.55320333,2.40,1431.161,23.639,10.336,324,22,42,,
T,2023-05-10 16:38:15,6.31480000,-75.55326333,2.40,1431.761,23.639,9.879,317,22,42,,
T,2023-05-10 16:38:16,6.31486167,-75.55332500,2.40,1431.061,23.639,8.350,314,23,42,,
T,2023-05-10 16:38:17,6.31489500,-75.55338167,2.30,1431.461,23.639,7.072,310,23,42,,
T,2023-05-10 16:38:18,6.31492667,-75.55341500,2.40,1431.061,23.639,5.580,307,21,42,,
T,2023-05-10 16:38:19,6.31493833,-75.55344500,2.30,1430.961,23.639,4.524,300,20,42,,
T,2023-05-10 16:38:20,6.31496000,-75.55347667,2.20,1431.161,23.639,5.150,305,23,42,,
T,2023-05-10 16:38:21,6.31500333,-75.55350167,2.30,1430.461,23.639,6.142,324,24,42,,
T,2023-05-10 16:38:22,6.31507500,-75.55351833,2.30,1430.861,23.639,7.277,347,23,42,,
T,2023-05-10 16:38:23,6.31516333,-75.55351167,2.40,1431.261,23.639,8.586,360,23,42,,
T,2023-05-10 16:38:24,6.31526000,-75.55348333,2.40,1431.661,23.639,11.216,11,21,42,,
T,2023-05-10 16:38:25,6.31537500,-75.55345667,2.50,1431.362,23.638,12.352,12,21,42,,
T,2023-05-10 16:38:26,6.31549667,-75.55342167,2.50,1430.662,23.638,13.141,12,23,42,,
T,2023-05-10 16:38:27,6.31562667,-75.55338667,2.50,1430.063,23.637,13.582,13,23,42,,
T,2023-05-10 16:38:28,6.31575500,-75.55336500,2.60,1429.063,23.637,14.458,8,23,42,,
T,2023-05-10 16:38:29,6.31589333,-75.55336000,2.60,1427.763,23.637,14.569,5,22,42,,
T,2023-05-10 16:38:30,6.31604333,-75.55336667,2.60,1426.564,23.636,14.933,2,19,42,,
T,2023-05-10 16:38:31,6.31620667,-75.55338000,2.50,1425.964,23.636,15.713,360,19,42,,
T,2023-05-10 16:38:32,6.31636500,-75.55339833,2.50,1425.464,23.636,16.276,355,18,42,,
T,2023-05-10 16:38:33,6.31652167,-75.55343000,2.40,1424.764,23.636,16.583,352,18,42,,
T,2023-05-10 16:38:34,6.31666500,-75.55346500,2.50,1424.465,23.635,14.780,350,17,42,,
T,2023-05-10 16:38:35,6.31678500,-75.55350667,2.40,1424.365,23.635,12.113,348,17,42,,
T,2023-05-10 16:38:36,6.31687000,-75.55352333,2.40,1425.065,23.635,10.504,352,19,42,,
T,2023-05-10 16:38:37,6.31695833,-75.55353333,2.40,1425.965,23.635,11.103,353,19,42,,
T,2023-05-10 16:38:38,6.31705667,-75.55354000,2.40,1427.365,23.635,12.009,358,20,42,,
T,2023-05-10 16:38:39,6.31716833,-75.55354333,2.50,1427.465,23.635,12.974,1,20,42,,
T,2023-05-10 16:38:40,6.31729000,-75.55354000,2.60,1426.966,23.634,13.511,2,20,42,,
T,2023-05-10 16:38:41,6.31741000,-75.55353000,2.60,1426.966,23.634,12.876,4,20,42,,
T,2023-05-10 16:38:42,6.31752167,-75.55351667,2.60,1426.766,23.634,11.778,4,19,42,,
T,2023-05-10 16:38:43,6.31761667,-75.55351500,2.60,1426.866,23.634,9.766,2,21,42,,
T,2023-05-10 16:38:44,6.31768667,-75.55351667,2.50,1427.567,23.633,8.227,2,21,42,,
T,2023-05-10 16:38:45,6.31775000,-75.55351000,2.50,1427.967,23.633,8.356,6,20,42,,
T,2023-05-10 16:38:46,6.31782667,-75.55348667,2.30,1428.967,23.633,9.159,8,21,42,,
T,2023-05-10 16:38:47,6.31791500,-75.55346833,2.40,1428.867,23.633,10.219,7,20,42,,
T,2023-05-10 16:38:48,6.31801833,-75.55345500,2.30,1429.468,23.632,11.278,4,20,42,,
T,2023-05-10 16:38:49,6.31813000,-75.55344167,2.40,1429.468,23.632,12.373,3,20,42,,
T,2023-05-10 16:38:50,6.31825000,-75.55342500,2.50,1429.968,23.632,13.073,7,20,42,,
T,2023-05-10 16:38:51,6.31837167,-75.55341000,2.60,1430.269,23.631,13.352,8,19,42,,
T,2023-05-10 16:38:52,6.31849500,-75.55340167,2.70,1430.769,23.631,13.703,5,19,42,,
T,2023-05-10 16:38:53,6.31862167,-75.55339833,2.70,1431.869,23.631,13.546,6,19,42,,
T,2023-05-10 16:38:54,6.31875833,-75.55338333,2.50,1431.070,23.630,13.054,10,20,42,,
T,2023-05-10 16:38:55,6.31888333,-75.55335333,2.50,1429.870,23.630,12.576,15,20,42,,
T,2023-05-10 16:38:56,6.31898333,-75.55331667,2.50,1430.071,23.629,11.544,23,20,42,,
T,2023-05-10 16:38:57,6.31906333,-75.55326667,2.50,1429.971,23.629,10.521,34,21,42,,
T,2023-05-10 16:38:58,6.31912333,-75.55321500,2.40,1430.171,23.629,8.819,41,23,42,,
T,2023-05-10 16:38:59,6.31916667,-75.55316500,2.30,1430.272,23.628,6.982,48,24,42,,
T,2023-05-10 16:39:00,6.31919500,-75.55312833,2.40,1429.672,23.628,5.132,51,24,42,,
T,2023-05-10 16:39:01,6.31919667,-75.55310333,2.30,1429.872,23.628,3.272,67,24,42,,
T,2023-05-10 16:39:02,6.31918333,-75.55308333,2.30,1430.772,23.628,3.118,102,22,42,,
T,2023-05-10 16:39:03,6.31916167,-75.55305167,2.30,1431.172,23.628,3.711,113,22,42,,
T,2023-05-10 16:39:04,6.31914167,-75.55301500,2.30,1430.973,23.627,4.831,114,22,42,,
T,2023-05-10 16:39:05,6.31912333,-75.55296833,2.30,1431.573,23.627,5.647,104,22,42,,
T,2023-05-10 16:39:06,6.31910333,-75.55291667,2.40,1432.973,23.627,6.462,105,22,42,,
T,2023-05-10 16:39:07,6.31909000,-75.55285167,2.40,1433.973,23.627,7.380,105,22,42,,
T,2023-05-10 16:39:08,6.31907333,-75.55277833,2.40,1435.074,23.626,8.117,108,21,42,,
T,2023-05-10 16:39:09,6.31904333,-75.55269833,2.40,1436.574,23.626,8.223,109,21,42,,
T,2023-05-10 16:39:10,6.31901833,-75.55262167,2.40,1436.974,23.626,8.097,107,21,42,,
T,2023-05-10 16:39:11,6.31900167,-75.55255667,2.50,1438.375,23.625,7.482,108,20,42,,
T,2023-05-10 16:39:12,6.31898500,-75.55249833,2.50,1438.975,23.625,6.325,103,20,42,,
T,2023-05-10 16:39:13,6.31896667,-75.55245333,2.40,1439.375,23.625,5.384,107,20,42,,
T,2023-05-10 16:39:14,6.31895000,-75.55240500,2.50,1439.675,23.625,5.737,109,20,42,,
T,2023-05-10 16:39:15,6.31892500,-75.55235500,2.50,1440.675,23.625,5.861,110,20,42,,
T,2023-05-10 16:39:16,6.31890333,-75.55230000,2.50,1440.776,23.624,6.257,108,20,42,,
T,2023-05-10 16:39:17,6.31888167,-75.55224667,2.50,1441.276,23.624,5.606,110,20,42,,
T,2023-05-10 16:39:18,6.31886833,-75.55220000,2.60,1441.776,23.624,4.641,110,20,42,,
T,2023-05-10 16:39:19,6.31884833,-75.55216833,2.60,1442.576,23.624,3.780,110,19,42,,
T,2023-05-10 16:39:20,6.31883167,-75.55213333,2.60,1442.976,23.624,4.059,106,19,42,,
T,2023-05-10 16:39:21,6.31881000,-75.55211000,2.70,1443.276,23.624,4.042,113,20,42,,
T,2023-05-10 16:39:22,6.31879833,-75.55207333,2.60,1443.977,23.623,3.631,101,20,42,,
T,2023-05-10 16:39:23,6.31879167,-75.55204667,2.70,1444.277,23.623,3.271,104,19,42,,
T,2023-05-10 16:39:24,6.31878833,-75.55201833,2.70,1444.377,23.623,2.574,105,19,42,,
T,2023-05-10 16:39:25,6.31878667,-75.55198500,2.70,1444.577,23.623,3.470,95,21,42,,
T,2023-05-10 16:39:26,6.31878500,-75.55194833,2.70,1444.777,23.623,4.301,93,21,42,,
T,2023-05-10 16:39:27,6.31878167,-75.55191333,2.70,1445.477,23.623,4.630,93,21,42,,
T,2023-05-10 16:39:28,6.31877167,-75.55187667,2.80,1446.078,23.622,4.911,101,20,42,,
T,2023-05-10 16:39:29,6.31875167,-75.55182333,2.70,1447.478,23.622,4.914,111,20,42,,
T,2023-05-10 16:39:30,6.31871500,-75.55177500,2.60,1448.378,23.622,5.264,116,22,42,,
T,2023-05-10 16:39:31,6.31868833,-75.55171500,2.50,1449.478,23.622,6.077,111,21,42,,
T,2023-05-10 16:39:32,6.31866667,-75.55166167,2.50,1450.478,23.622,6.343,112,20,42,,
T,2023-05-10 16:39:33,6.31863333,-75.55160500,2.50,1450.179,23.621,7.089,118,20,42,,
T,2023-05-10 16:39:34,6.31860333,-75.55155333,2.50,1449.979,23.621,6.722,119,17,42,,
T,2023-05-10 16:39:35,6.31857500,-75.55151000,2.60,1449.579,23.621,6.138,115,17,42,,
T,2023-05-10 16:39:36,6.31857333,-75.55148167,2.70,1449.879,23.621,4.491,107,20,42,,
T,2023-05-10 16:39:37,6.31857667,-75.55143667,2.60,1450.979,23.621,5.048,97,19,42,,
T,2023-05-10 16:39:38,6.31857333,-75.55138667,2.50,1451.980,23.620,4.930,102,21,42,,
T,2023-05-10 16:39:39,6.31856500,-75.55134333,2.30,1452.980,23.620,5.155,101,20,42,,
T,2023-05-10 16:39:40,6.31856167,-75.55130667,2.40,1453.980,23.620,4.322,99,20,42,,
T,2023-05-10 16:39:41,6.31857000,-75.55126667,2.40,1454.280,23.620,4.177,87,21,42,,
T,2023-05-10 16:39:42,6.31857833,-75.55123167,2.40,1454.281,23.619,3.911,80,21,42,,
T,2023-05-10 16:39:43,6.31859167,-75.55120167,2.40,1454.181,23.619,3.672,75,21,42,,
T,2023-05-10 16:39:44,6.31860000,-75.55116833,2.40,1455.681,23.619,3.650,74,21,42,,
T,2023-05-10 16:39:45,6.31861333,-75.55113167,2.30,1457.181,23.619,3.969,92,22,42,,
T,2023-05-10 16:39:46,6.31861667,-75.55109167,2.30,1458.781,23.619,4.355,108,23,42,,
T,2023-05-10 16:39:47,6.31860667,-75.55105500,2.30,1460.081,23.619,4.523,118,23,42,,
T,2023-05-10 16:39:48,6.31859333,-75.55102167,2.20,1461.182,23.618,3.977,124,24,42,,
T,2023-05-10 16:39:49,6.31858167,-75.55099667,2.20,1462.082,23.618,2.735,127,24,42,,
T,2023-05-10 16:39:50,6.31857167,-75.55097500,2.20,1462.682,23.618,2.421,127,23,42,,
T,2023-05-10 16:39:51,6.31856000,-75.55095167,2.20,1463.282,23.618,3.150,115,24,42,,
T,2023-05-10 16:39:52,6.31854500,-75.55091833,2.20,1463.382,23.618,3.815,112,24,42,,
T,2023-05-10 16:39:53,6.31852500,-75.55088167,2.30,1463.582,23.618,4.271,112,23,42,,
T,2023-05-10 16:39:54,6.31850500,-75.55083500,2.30,1463.282,23.618,4.417,110,23,42,,
T,2023-05-10 16:39:55,6.31847000,-75.55078667,2.30,1462.683,23.617,5.384,122,23,42,,
T,2023-05-10 16:39:56,6.31843500,-75.55073500,2.30,1462.883,23.617,6.222,127,23,42,,
T,2023-05-10 16:39:57,6.31840000,-75.55068667,2.30,1463.183,23.617,6.602,121,23,42,,
T,2023-05-10 16:39:58,6.31836500,-75.55063167,2.30,1463.383,23.617,6.935,124,23,42,,
T,2023-05-10 16:39:59,6.31832833,-75.55057500,2.20,1463.583,23.617,7.355,121,22,42,,
T,2023-05-10 16:40:00,6.31829167,-75.55050833,2.10,1463.384,23.616,7.591,120,22,42,,
T,2023-05-10 16:40:01,6.31825667,-75.55044333,2.10,1463.684,23.616,8.033,119,22,42,,
T,2023-05-10 16:40:02,6.31822333,-75.55037667,2.10,1463.584,23.616,7.837,120,22,42,,
T,2023-05-10 16:40:03,6.31818667,-75.55031333,2.30,1463.584,23.616,8.123,121,21,42,,
T,2023-05-10 16:40:04,6.31814833,-75.55025333,2.40,1463.485,23.615,7.539,122,21,42,,
T,2023-05-10 16:40:05,6.31811667,-75.55020000,2.50,1463.685,23.615,6.948,122,20,42,,
T,2023-05-10 16:40:06,6.31808500,-75.55014500,2.50,1463.985,23.615,6.831,119,21,42,,
T,2023-05-10 16:40:07,6.31805167,-75.55009167,2.50,1464.685,23.615,6.496,120,21,42,,
T,2023-05-10 16:40:08,6.31802167,-75.55004333,2.50,1465.785,23.615,5.943,118,21,42,,
T,2023-05-10 16:40:09,6.31799500,-75.55000667,2.50,1466.686,23.614,5.467,117,21,42,,
T,2023-05-10 16:40:10,6.31797667,-75.54998000,2.50,1467.786,23.614,4.006,115,21,42,,
T,2023-05-10 16:40:11,6.31796667,-75.54996667,2.50,1469.186,23.614,2.661,106,21,42,,
T,2023-05-10 16:40:12,6.31795833,-75.54994667,2.30,1469.586,23.614,2.666,113,22,42,,
T,2023-05-10 16:40:13,6.31794833,-75.54992000,2.30,1470.286,23.614,3.047,109,22,42,,
T,2023-05-10 16:40:14,6.31793833,-75.54988833,2.30,1471.186,23.614,4.203,107,21,42,,
T,2023-05-10 16:40:15,6.31792500,-75.54984333,2.40,1472.086,23.614,5.381,109,21,42,,
T,2023-05-10 16:40:16,6.31791167,-75.54979167,2.50,1472.486,23.614,5.819,107,21,42,,
T,2023-05-10 16:40:17,6.31789833,-75.54974000,2.60,1473.287,23.613,5.788,106,21,42,,
T,2023-05-10 16:40:18,6.31788500,-75.54969000,2.60,1473.787,23.613,5.773,108,21,42,,
T,2023-05-10 16:40:19,6.31788000,-75.54963000,2.60,1474.387,23.613,5.747,102,22,42,,
T,2023-05-10 16:40:20,6.31788167,-75.54957167,2.60,1474.888,23.612,6.155,92,22,42,,
T,2023-05-10 16:40:21,6.31788000,-75.54950833,2.60,1475.488,23.612,6.633,95,22,42,,
T,2023-05-10 16:40:22,6.31787833,-75.54945000,2.80,1476.288,23.612,6.296,96,20,42,,
T,2023-05-10 16:40:23,6.31787500,-75.54939000,2.80,1476.988,23.612,6.292,98,20,42,,
T,2023-05-10 16:40:24,6.31786833,-75.54933333,2.90,1477.389,23.611,6.053,97,20,42,,
T,2023-05-10 16:40:25,6.31786333,-75.54927667,2.90,1478.189,23.611,5.821,95,19,42,,
T,2023-05-10 16:40:26,6.31786500,-75.54922167,2.90,1480.089,23.611,6.224,89,18,42,,
T,2023-05-10 16:40:27,6.31785500,-75.54916333,2.80,1480.490,23.610,7.021,92,17,42,,
T,2023-05-10 16:40:28,6.31782333,-75.54910333,2.80,1481.190,23.610,7.462,101,19,42,,
T,2023-05-10 16:40:29,6.31780000,-75.54904500,2.80,1482.190,23.610,7.197,102,20,42,,
T,2023-05-10 16:40:30,6.31778167,-75.54899000,2.70,1483.490,23.610,7.439,99,20,42,,
T,2023-05-10 16:40:31,6.31777167,-75.54891833,2.60,1484.091,23.609,7.354,102,20,42,,
T,2023-05-10 16:40:32,6.31776667,-75.54885333,2.50,1484.291,23.609,7.011,101,20,42,,
T,2023-05-10 16:40:33,6.31775500,-75.54879000,2.40,1483.791,23.609,6.396,99,20,42,,
T,2023-05-10 16:40:34,6.31775500,-75.54873167,2.50,1483.592,23.608,6.105,100,18,42,,
T,2023-05-10 16:40:35,6.31775333,-75.54868167,2.70,1483.292,23.608,5.717,99,17,42,,
T,2023-05-10 16:40:36,6.31775000,-75.54864000,2.80,1482.992,23.608,5.346,101,18,42,,
T,2023-05-10 16:40:37,6.31774667,-75.54860333,2.80,1482.192,23.608,3.745,98,19,42,,
T,2023-05-10 16:40:38,6.31774833,-75.54858500,2.80,1482.592,23.608,2.895,89,19,42,,
T,2023-05-10 16:40:39,6.31775667,-75.54855333,2.90,1483.293,23.607,3.297,79,19,42,,
T,2023-05-10 16:40:40,6.31777667,-75.54852833,2.90,1483.893,23.607,3.215,75,18,42,,
T,2023-05-10 16:40:41,6.31780000,-75.54849833,2.90,1484.793,23.607,3.503,71,17,42,,
T,2023-05-10 16:40:42,6.31783167,-75.54847000,3.00,1485.793,23.607,3.406,54,17,42,,
T,2023-05-10 16:40:43,6.31786667,-75.54845500,3.00,1486.693,23.607,3.015,47,15,42,,
T,2023-05-10 16:40:44,6.31789833,-75.54844333,2.90,1487.693,23.607,2.143,45,14,42,,
T,2023-05-10 16:40:45,6.31792167,-75.54844167,2.90,1489.293,23.607,1.292,45,15,42,,
T,2023-05-10 16:40:46,6.31793167,-75.54845333,2.80,1491.293,23.607,0.000,,18,42,,
T,2023-05-10 16:40:47,6.31793333,-75.54846167,2.90,1492.193,23.607,0.000,,18,42,,
T,2023-05-10 16:40:48,6.31793667,-75.54846500,3.00,1492.993,23.607,0.000,,18,43,,
T,2023-05-10 16:40:49,6.31793667,-75.54846500,3.00,1492.993,23.607,0.000,,18,43,,
T,2023-05-10 16:40:50,6.31793667,-75.54846500,3.00,1492.993,23.607,0.000,,17,43,,
T,2023-05-10 16:40:51,6.31793667,-75.54846500,3.00,1492.993,23.607,0.000,,18,43,,
T,2023-05-10 16:40:52,6.31794667,-75.54850500,2.90,1495.593,23.607,0.107,45,18,43,,
T,2023-05-10 16:40:53,6.31794667,-75.54851667,2.80,1497.293,23.607,0.000,,19,43,,
T,2023-05-10 16:40:54,6.31794667,-75.54852500,2.90,1498.093,23.607,0.000,,19,43,,
T,2023-05-10 16:40:55,6.31794833,-75.54853333,3.00,1498.593,23.607,0.000,,17,43,,
T,2023-05-10 16:40:56,6.31794833,-75.54853333,3.10,1498.593,23.607,0.000,,17,43,,
T,2023-05-10 16:40:57,6.31794833,-75.54853333,3.00,1498.593,23.607,0.000,,18,43,,
T,2023-05-10 16:40:58,6.31794833,-75.54853333,3.10,1498.593,23.607,0.000,,18,43,,
T,2023-05-10 16:40:59,6.31794833,-75.54853333,3.20,1498.593,23.607,0.000,,18,43,,
T,2023-05-10 16:41:00,6.31786333,-75.54857500,3.10,1501.393,23.607,1.843,205,18,43,,
T,2023-05-10 16:41:01,6.31783500,-75.54856833,3.10,1502.393,23.607,1.145,205,17,43,,
T,2023-05-10 16:41:02,6.31781667,-75.54856167,3.10,1503.393,23.607,0.000,,16,43,,
T,2023-05-10 16:41:03,6.31780833,-75.54855833,3.10,1503.393,23.607,0.000,,17,43,,
T,2023-05-10 16:41:04,6.31780000,-75.54856667,3.20,1503.493,23.607,0.000,,17,43,,
T,2023-05-10 16:41:05,6.31777667,-75.54856167,3.10,1503.493,23.607,1.454,205,18,43,,
T,2023-05-10 16:41:06,6.31775500,-75.54856667,3.10,1503.692,23.608,1.567,194,18,43,,
T,2023-05-10 16:41:07,6.31773500,-75.54856833,3.10,1503.392,23.608,1.987,184,17,43,,
T,2023-05-10 16:41:08,6.31771000,-75.54856500,3.10,1503.092,23.608,2.388,169,16,43,,
T,2023-05-10 16:41:09,6.31768333,-75.54855500,3.20,1502.892,23.608,2.668,162,16,43,,
T,2023-05-10 16:41:10,6.31765333,-75.54854667,3.30,1502.992,23.608,2.509,173,17,43,,
T,2023-05-10 16:41:11,6.31762500,-75.54854000,3.40,1503.192,23.608,2.192,168,15,43,,
T,2023-05-10 16:41:12,6.31758167,-75.54853333,3.30,1502.892,23.608,2.576,181,15,43,,
T,2023-05-10 16:41:13,6.31755500,-75.54854333,3.30,1502.692,23.608,2.104,188,15,43,,
T,2023-05-10 16:41:14,6.31754667,-75.54854667,3.20,1502.892,23.608,1.092,188,16,43,,
T,2023-05-10 16:41:15,6.31753833,-75.54856500,3.10,1503.992,23.608,1.088,188,16,43,,
T,2023-05-10 16:41:16,6.31753333,-75.54855667,3.10,1504.392,23.608,0.000,,16,43,,
T,2023-05-10 16:41:17,6.31753500,-75.54854000,3.00,1503.992,23.608,0.000,,15,43,,
T,2023-05-10 16:41:18,6.31753167,-75.54853167,3.00,1503.692,23.608,0.000,,16,43,,
T,2023-05-10 16:41:19,6.31753167,-75.54853167,3.00,1503.692,23.608,0.000,,15,43,,
T,2023-05-10 16:41:20,6.31753167,-75.54853167,3.00,1503.692,23.608,0.000,,17,43,,
T,2023-05-10 16:41:21,6.31753167,-75.54853167,3.00,1503.692,23.608,0.000,,16,43,,
T,2023-05-10 16:41:22,6.31753167,-75.54853167,3.10,1503.692,23.608,0.000,,17,43,,
T,2023-05-10 16:41:23,6.31753167,-75.54853167,3.10,1503.692,23.608,0.000,,16,43,,
T,2023-05-10 16:41:24,6.31753167,-75.54853167,3.00,1503.692,23.608,0.000,,16,43,,
T,2023-05-10 16:41:25,6.31753167,-75.54853167,3.00,1503.692,23.608,0.000,,15,43,,
T,2023-05-10 16:41:26,6.31753167,-75.54853167,2.90,1503.692,23.608,0.000,,15,42,,
T,2023-05-10 16:41:27,6.31753167,-75.54853167,2.90,1503.692,23.608,0.000,,14,43,,
T,2023-05-10 16:41:28,6.31753167,-75.54853167,2.90,1503.692,23.608,0.000,,14,43,,
T,2023-05-10 16:41:29,6.31753167,-75.54853167,2.80,1503.692,23.608,0.000,,14,43,,
T,2023-05-10 16:41:30,6.31753167,-75.54853167,3.00,1503.692,23.608,0.000,,15,43,,
T,2023-05-10 16:41:31,6.31753167,-75.54853167,3.00,1503.692,23.608,0.000,,15,43,,
T,2023-05-10 16:41:32,6.31753167,-75.54853167,3.10,1503.692,23.608,0.000,,15,43,,
T,2023-05-10 16:41:33,6.31753167,-75.54853167,3.20,1503.692,23.608,0.000,,14,42,,
T,2023-05-10 16:41:34,6.31753167,-75.54853167,3.20,1503.692,23.608,0.000,,15,43,,
T,2023-05-10 16:41:35,6.31753167,-75.54853167,3.20,1503.692,23.608,0.000,,16,43,,
T,2023-05-10 16:41:36,6.31753167,-75.54853167,3.20,1503.692,23.608,0.000,,16,43,,
T,2023-05-10 16:41:37,6.31753167,-75.54853167,3.20,1503.692,23.608,0.000,,15,43,,
T,2023-05-10 16:41:38,6.31753167,-75.54853167,3.30,1503.692,23.608,0.000,,15,43,,
T,2023-05-10 16:41:39,6.31753167,-75.54853167,3.40,1503.692,23.608,0.000,,15,43,,
T,2023-05-10 16:41:40,6.31753167,-75.54842667,3.30,1500.693,23.607,0.835,188,16,43,,
T,2023-05-10 16:41:41,6.31752833,-75.54842833,3.10,1500.793,23.607,0.000,,15,43,,
T,2023-05-10 16:41:42,6.31754167,-75.54843667,3.00,1501.293,23.607,0.000,,15,43,,
T,2023-05-10 16:41:43,6.31754167,-75.54844500,2.80,1501.593,23.607,1.055,188,14,43,,
T,2023-05-10 16:41:44,6.31754667,-75.54845333,2.70,1501.693,23.607,1.044,188,14,43,,
T,2023-05-10 16:41:45,6.31755333,-75.54846667,2.70,1501.293,23.607,1.238,188,15,43,,
T,2023-05-10 16:41:46,6.31755667,-75.54847667,2.70,1501.192,23.608,1.094,188,15,43,,
T,2023-05-10 16:41:47,6.31756333,-75.54848167,2.80,1500.992,23.608,1.181,188,14,43,,
T,2023-05-10 16:41:48,6.31756167,-75.54848167,2.80,1500.792,23.608,0.000,,15,43,,
T,2023-05-10 16:41:49,6.31756000,-75.54847667,2.90,1500.892,23.608,0.000,,16,43,,
T,2023-05-10 16:41:50,6.31755333,-75.54848000,2.90,1501.092,23.608,0.000,,16,43,,
T,2023-05-10 16:41:51,6.31755333,-75.54848000,3.00,1501.092,23.608,0.000,,15,43,,
T,2023-05-10 16:41:52,6.31755333,-75.54848000,3.00,1501.092,23.608,0.000,,15,43,,
T,2023-05-10 16:41:53,6.31755333,-75.54848000,3.10,1501.092,23.608,0.000,,16,43,,
T,2023-05-10 16:41:54,6.31755333,-75.54848000,3.20,1501.092,23.608,0.000,,17,43,,
T,2023-05-10 16:41:55,6.31755333,-75.54848000,3.30,1501.092,23.608,0.000,,17,43,,
T,2023-05-10 16:41:56,6.31755333,-75.54848000,3.30,1501.092,23.608,0.000,,16,43,,
T,2023-05-10 16:41:57,6.31755333,-75.54848000,3.40,1501.092,23.608,0.000,,17,43,,
T,2023-05-10 16:41:58,6.31755333,-75.54848000,3.40,1501.092,23.608,0.000,,17,43,,
T,2023-05-10 16:41:59,6.31755333,-75.54848000,3.30,1501.092,23.608,0.000,,16,43,,
T,2023-05-10 16:42:00,6.31755333,-75.54848000,3.30,1501.092,23.608,0.000,,17,43,,
T,2023-05-10 16:42:01,6.31755333,-75.54848000,3.20,1501.092,23.608,0.000,,18,43,,
T,2023-05-10 16:42:02,6.31755333,-75.54848000,3.20,1501.092,23.608,0.000,,18,43,,
T,2023-05-10 16:42:03,6.31755333,-75.54848000,3.20,1501.092,23.608,0.000,,18,43,,
T,2023-05-10 16:42:04,6.31755333,-75.54848000,3.10,1501.092,23.608,0.000,,18,43,,
T,2023-05-10 16:42:05,6.31755333,-75.54848000,3.10,1501.092,23.608,0.000,,18,43,,
T,2023-05-10 16:42:06,6.31755333,-75.54848000,3.10,1501.092,23.608,0.000,,18,43,,
T,2023-05-10 16:42:07,6.31755333,-75.54848000,3.00,1501.092,23.608,0.000,,18,43,,
T,2023-05-10 16:42:08,6.31755333,-75.54848000,3.10,1501.092,23.608,0.000,,18,43,,
T,2023-05-10 16:42:09,6.31755333,-75.54848000,3.20,1501.092,23.608,0.000,,19,43,,
T,2023-05-10 16:42:10,6.31755333,-75.54848000,3.20,1501.092,23.608,0.000,,19,43,,
T,2023-05-10 16:42:11,6.31755333,-75.54848000,3.20,1501.092,23.608,0.000,,19,43,,
T,2023-05-10 16:42:12,6.31755333,-75.54848000,3.50,1501.092,23.608,0.000,,18,43,,
T,2023-05-10 16:42:13,6.31755333,-75.54848000,3.50,1501.092,23.608,0.000,,18,43,,
T,2023-05-10 16:42:14,6.31755333,-75.54848000,3.50,1501.092,23.608,0.000,,16,43,,
