type,date time,latitude,longitude,accuracy(m),altitude(m),geoid_height(m),speed(m/s),bearing(deg),sat_used,sat_inview,name,desc
T,2023-04-13 22:36:48,6.27890524,-75.63707681,3.79,1877.067,24.156,0.000,,24,27,20230413-173648,GPS Logger: 20230413-173648 - Cb_160f_9
T,2023-04-13 22:36:49,6.27890433,-75.63708252,3.79,1878.074,24.156,0.000,,25,29,,
T,2023-04-13 22:36:50,6.27890288,-75.63708023,3.79,1877.077,24.156,0.000,,27,29,,
T,2023-04-13 22:36:51,6.27890122,-75.63708176,3.79,1875.297,24.156,0.000,,27,29,,
T,2023-04-13 22:36:52,6.27890078,-75.63708698,3.79,1875.327,24.156,0.000,,27,30,,
T,2023-04-13 22:36:53,6.27889906,-75.63708559,3.79,1875.481,24.156,0.000,,27,30,,
T,2023-04-13 22:36:54,6.27889423,-75.63709624,3.79,1875.592,24.156,0.460,252,27,30,,
T,2023-04-13 22:36:55,6.27889456,-75.63709905,3.79,1875.839,24.156,0.000,,26,30,,
T,2023-04-13 22:36:56,6.27889569,-75.63709693,3.79,1875.156,24.156,0.000,,25,31,,
T,2023-04-13 22:36:57,6.27889548,-75.63709405,3.79,1874.378,24.156,0.000,,26,32,,
T,2023-04-13 22:36:58,6.27889545,-75.63709255,3.79,1874.476,24.156,0.000,,26,32,,
T,2023-04-13 22:36:59,6.27889522,-75.63709254,3.79,1875.123,24.156,0.000,,26,32,,
T,2023-04-13 22:37:00,6.27889658,-75.63709254,3.79,1874.595,24.156,0.000,,26,32,,
T,2023-04-13 22:37:01,6.27889644,-75.63709210,3.79,1874.411,24.156,0.000,,26,31,,
T,2023-04-13 22:37:02,6.27889737,-75.63708961,3.79,1873.900,24.156,0.000,,23,30,,
T,2023-04-13 22:37:03,6.27889841,-75.63708996,3.79,1873.680,24.156,0.000,,23,30,,
T,2023-04-13 22:37:04,6.27889817,-75.63708761,3.79,1873.909,24.156,0.000,,23,30,,
T,2023-04-13 22:37:05,6.27889788,-75.63708676,3.79,1873.886,24.156,0.000,,23,30,,
T,2023-04-13 22:37:06,6.27889764,-75.63708647,3.79,1873.834,24.156,0.000,,23,30,,
T,2023-04-13 22:37:07,6.27889745,-75.63708657,3.79,1873.784,24.156,0.000,,22,30,,
T,2023-04-13 22:37:08,6.27889743,-75.63708653,3.79,1873.787,24.156,0.000,,20,29,,
T,2023-04-13 22:37:09,6.27881017,-75.63708814,3.79,1873.588,24.157,7.600,181,18,29,,
T,2023-04-13 22:37:10,6.27877073,-75.63708113,3.79,1873.365,24.157,4.550,178,16,28,,
T,2023-04-13 22:37:11,6.27872279,-75.63707719,3.79,1873.334,24.157,3.100,175,18,28,,
T,2023-04-13 22:37:12,6.27869175,-75.63708276,3.79,1872.602,24.157,1.770,180,19,28,,
T,2023-04-13 22:37:13,6.27867000,-75.63708212,3.79,1872.438,24.157,1.490,171,19,28,,
T,2023-04-13 22:37:14,6.27865250,-75.63707537,3.79,1872.228,24.157,1.730,162,20,29,,
T,2023-04-13 22:37:15,6.27862630,-75.63706834,3.79,1872.380,24.157,2.480,157,21,30,,
T,2023-04-13 22:37:16,6.27860906,-75.63706101,3.79,1873.133,24.157,1.930,146,23,31,,
T,2023-04-13 22:37:17,6.27859625,-75.63704377,3.83,1872.055,24.157,3.010,125,24,31,,
T,2023-04-13 22:37:18,6.27859297,-75.63701358,3.91,1872.355,24.157,3.430,102,24,32,,
T,2023-04-13 22:37:19,6.27859574,-75.63697972,4.05,1873.296,24.156,3.690,90,26,34,,
T,2023-04-13 22:37:20,6.27860318,-75.63694231,3.81,1873.608,24.156,3.930,87,27,34,,
T,2023-04-13 22:37:21,6.27860835,-75.63690080,4.00,1872.698,24.156,4.370,91,26,35,,
T,2023-04-13 22:37:22,6.27860787,-75.63685673,4.24,1872.901,24.156,4.590,94,26,35,,
T,2023-04-13 22:37:23,6.27861120,-75.63681356,3.79,1872.671,24.156,4.450,90,23,35,,
T,2023-04-13 22:37:24,6.27861952,-75.63677103,3.79,1872.522,24.155,4.520,85,22,35,,
T,2023-04-13 22:37:25,6.27862985,-75.63672554,3.79,1872.310,24.155,4.690,81,23,34,,
T,2023-04-13 22:37:26,6.27864073,-75.63668346,3.79,1871.729,24.155,4.440,79,25,34,,
T,2023-04-13 22:37:27,6.27865032,-75.63664968,3.79,1871.336,24.155,3.540,77,23,34,,
T,2023-04-13 22:37:28,6.27865481,-75.63662570,3.79,1871.803,24.154,2.330,77,24,34,,
T,2023-04-13 22:37:29,6.27866276,-75.63660456,3.79,1872.205,24.154,2.510,70,25,34,,
T,2023-04-13 22:37:30,6.27866846,-75.63658155,3.79,1871.597,24.154,3.070,79,26,34,,
T,2023-04-13 22:37:31,6.27867012,-75.63655429,3.99,1871.220,24.154,3.290,87,27,34,,
T,2023-04-13 22:37:32,6.27867373,-75.63652507,4.44,1871.359,24.154,3.510,83,27,34,,
T,2023-04-13 22:37:33,6.27867695,-75.63650923,4.04,1871.988,24.154,1.330,81,24,33,,
T,2023-04-13 22:37:34,6.27867898,-75.63649596,4.18,1872.146,24.154,1.710,81,21,33,,
T,2023-04-13 22:37:35,6.27867940,-75.63648609,4.54,1871.590,24.154,1.270,81,19,33,,
T,2023-04-13 22:37:36,6.27867924,-75.63647566,3.92,1871.148,24.154,1.200,81,20,32,,
T,2023-04-13 22:37:37,6.27868121,-75.63646257,3.79,1870.817,24.154,0.960,94,18,32,,
T,2023-04-13 22:37:38,6.27868341,-75.63645231,3.79,1871.111,24.154,0.900,81,21,33,,
T,2023-04-13 22:37:39,6.27867764,-75.63644622,3.79,1870.707,24.154,0.640,81,23,33,,
T,2023-04-13 22:37:40,6.27866563,-75.63643912,3.79,1869.817,24.154,0.890,81,24,33,,
T,2023-04-13 22:37:41,6.27864282,-75.63642739,3.79,1867.932,24.153,2.530,145,25,33,,
T,2023-04-13 22:37:42,6.27860629,-75.63641673,3.79,1866.555,24.154,4.020,165,25,33,,
T,2023-04-13 22:37:43,6.27856465,-75.63641161,3.79,1865.181,24.154,3.920,171,25,33,,
T,2023-04-13 22:37:44,6.27852228,-75.63640416,3.79,1862.884,24.154,4.270,169,26,32,,
T,2023-04-13 22:37:45,6.27849780,-75.63639938,3.79,1861.246,24.154,1.540,169,25,32,,
T,2023-04-13 22:37:46,6.27848645,-75.63639697,3.79,1859.775,24.154,0.570,170,26,32,,
T,2023-04-13 22:37:47,6.27847219,-75.63639124,3.79,1858.588,24.154,1.690,157,27,32,,
T,2023-04-13 22:37:48,6.27845561,-75.63638336,9.94,1857.730,24.154,1.670,157,26,32,,
T,2023-04-13 22:37:49,6.27843817,-75.63637396,9.94,1856.551,24.154,2.130,155,24,32,,
T,2023-04-13 22:37:50,6.27842211,-75.63636552,9.94,1855.761,24.154,1.890,158,24,31,,
T,2023-04-13 22:37:51,6.27840167,-75.63635589,9.94,1854.672,24.154,2.580,161,25,31,,
T,2023-04-13 22:37:52,6.27837784,-75.63634488,9.94,1853.903,24.154,2.870,164,25,31,,
T,2023-04-13 22:37:53,6.27835260,-75.63633663,9.94,1852.692,24.154,2.990,169,21,31,,
T,2023-04-13 22:37:54,6.27831227,-75.63631964,9.94,1851.296,24.154,5.140,167,22,31,,
T,2023-04-13 22:37:55,6.27827679,-75.63630411,9.94,1849.643,24.154,4.000,160,24,32,,
T,2023-04-13 22:37:56,6.27824947,-75.63629023,9.94,1849.273,24.154,2.750,154,22,31,,
T,2023-04-13 22:37:57,6.27821939,-75.63627958,9.94,1848.029,24.154,3.950,170,23,30,,
T,2023-04-13 22:37:58,6.27817576,-75.63626580,9.94,1847.015,24.154,5.470,164,23,30,,
T,2023-04-13 22:37:59,6.27813060,-75.63624847,9.94,1846.606,24.154,5.060,162,24,30,,
T,2023-04-13 22:38:00,6.27808653,-75.63623426,9.94,1845.657,24.154,4.920,163,25,31,,
T,2023-04-13 22:38:01,6.27804389,-75.63621998,9.94,1845.280,24.154,4.840,163,25,31,,
T,2023-04-13 22:38:02,6.27799544,-75.63621530,9.94,1844.772,24.154,5.300,174,26,31,,
T,2023-04-13 22:38:03,6.27796416,-75.63621304,9.94,1843.839,24.154,3.640,171,25,31,,
T,2023-04-13 22:38:04,6.27792832,-75.63622487,9.94,1842.338,24.154,3.650,196,24,31,,
T,2023-04-13 22:38:05,6.27788835,-75.63623392,9.94,1841.465,24.154,4.180,194,23,32,,
T,2023-04-13 22:38:06,6.27784241,-75.63622763,9.94,1840.180,24.154,4.780,171,23,31,,
T,2023-04-13 22:38:07,6.27780759,-75.63621477,9.94,1839.582,24.154,4.220,153,24,30,,
T,2023-04-13 22:38:08,6.27779069,-75.63619165,9.94,1839.399,24.154,3.890,101,25,30,,
T,2023-04-13 22:38:09,6.27778250,-75.63616051,10.12,1838.804,24.154,3.900,94,27,32,,
T,2023-04-13 22:38:10,6.27780226,-75.63609405,9.94,1838.105,24.154,5.850,84,27,32,,
T,2023-04-13 22:38:11,6.27781404,-75.63603352,9.94,1837.971,24.153,6.590,93,29,32,,
T,2023-04-13 22:38:12,6.27781697,-75.63596289,9.94,1837.105,24.153,7.120,92,30,32,,
T,2023-04-13 22:38:13,6.27782648,-75.63590856,9.94,1837.440,24.153,6.420,86,30,32,,
T,2023-04-13 22:38:14,6.27783112,-75.63588054,9.94,1838.046,24.153,3.240,82,29,32,,
T,2023-04-13 22:38:15,6.27782988,-75.63584552,9.94,1837.321,24.152,3.610,92,28,32,,
T,2023-04-13 22:38:16,6.27782212,-75.63580787,9.94,1837.151,24.152,4.150,116,27,32,,
T,2023-04-13 22:38:17,6.27779194,-75.63578549,9.94,1835.931,24.152,4.030,148,25,31,,
T,2023-04-13 22:38:18,6.27775725,-75.63576640,9.94,1834.664,24.152,4.080,149,23,31,,
T,2023-04-13 22:38:19,6.27772891,-75.63572816,9.94,1833.035,24.152,5.290,132,22,30,,
T,2023-04-13 22:38:20,6.27771344,-75.63567416,9.94,1833.222,24.152,6.780,98,24,31,,
T,2023-04-13 22:38:21,6.27770510,-75.63562406,9.94,1833.402,24.151,5.890,93,26,32,,
T,2023-04-13 22:38:22,6.27769990,-75.63557591,9.94,1833.383,24.151,5.570,95,27,32,,
T,2023-04-13 22:38:23,6.27768400,-75.63553184,9.94,1833.252,24.151,5.450,115,27,31,,
T,2023-04-13 22:38:24,6.27765323,-75.63549873,9.94,1833.532,24.151,4.810,133,27,32,,
T,2023-04-13 22:38:25,6.27761626,-75.63546664,9.94,1833.347,24.151,5.730,142,27,33,,
T,2023-04-13 22:38:26,6.27757171,-75.63543283,9.94,1832.169,24.151,6.240,147,27,32,,
T,2023-04-13 22:38:27,6.27752602,-75.63539693,9.94,1831.272,24.151,6.640,143,26,31,,
T,2023-04-13 22:38:28,6.27747927,-75.63535868,9.94,1830.369,24.151,6.970,138,26,31,,
T,2023-04-13 22:38:29,6.27741997,-75.63532558,9.94,1829.242,24.151,7.440,156,27,31,,
T,2023-04-13 22:38:30,6.27735603,-75.63528850,9.94,1827.944,24.151,7.790,153,28,32,,
T,2023-04-13 22:38:31,6.27730699,-75.63524676,9.94,1826.821,24.150,7.510,139,28,32,,
T,2023-04-13 22:38:32,6.27728005,-75.63518025,9.94,1826.315,24.150,8.380,106,28,32,,
T,2023-04-13 22:38:33,6.27728339,-75.63511136,9.94,1825.918,24.150,8.130,81,26,34,,
T,2023-04-13 22:38:34,6.27729381,-75.63503773,9.94,1825.685,24.149,7.880,77,28,34,,
T,2023-04-13 22:38:35,6.27731079,-75.63496871,9.94,1825.364,24.149,7.360,72,27,34,,
T,2023-04-13 22:38:36,6.27733493,-75.63491438,9.94,1825.544,24.149,6.310,60,25,34,,
T,2023-04-13 22:38:37,6.27735636,-75.63487513,9.94,1824.730,24.148,3.920,60,25,34,,
T,2023-04-13 22:38:38,6.27736559,-75.63485135,9.94,1824.050,24.148,3.020,65,23,34,,
T,2023-04-13 22:38:39,6.27737911,-75.63482845,9.94,1824.075,24.148,2.250,64,22,34,,
T,2023-04-13 22:38:40,6.27739052,-75.63479715,9.94,1824.522,24.148,3.480,68,23,34,,
T,2023-04-13 22:38:41,6.27740142,-75.63477248,9.94,1824.204,24.148,3.090,69,24,34,,
T,2023-04-13 22:38:42,6.27742149,-75.63474233,9.94,1823.853,24.148,3.880,64,25,34,,
T,2023-04-13 22:38:43,6.27744586,-75.63470509,9.94,1824.466,24.147,4.730,60,27,34,,
T,2023-04-13 22:38:44,6.27748121,-75.63465807,9.94,1824.303,24.147,5.640,63,29,34,,
T,2023-04-13 22:38:45,6.27750349,-75.63460556,9.94,1824.348,24.147,6.140,72,30,34,,
T,2023-04-13 22:38:46,6.27752541,-75.63455413,9.94,1824.183,24.146,6.430,76,29,34,,
T,2023-04-13 22:38:47,6.27753296,-75.63448901,9.94,1824.140,24.146,7.160,75,29,34,,
T,2023-04-13 22:38:48,6.27754703,-75.63442297,9.94,1824.694,24.146,7.290,80,28,33,,
T,2023-04-13 22:38:49,6.27755237,-75.63436046,9.94,1824.921,24.145,6.980,85,28,33,,
T,2023-04-13 22:38:50,6.27755517,-75.63429948,9.94,1825.777,24.145,6.460,101,23,33,,
T,2023-04-13 22:38:51,6.27755702,-75.63424366,9.94,1825.956,24.145,6.040,109,24,33,,
T,2023-04-13 22:38:52,6.27755815,-75.63419001,9.94,1825.970,24.144,5.370,103,26,33,,
T,2023-04-13 22:38:53,6.27756161,-75.63414857,9.94,1825.840,24.144,4.860,98,27,33,,
T,2023-04-13 22:38:54,6.27756457,-75.63409995,9.94,1825.832,24.144,5.270,98,28,33,,
T,2023-04-13 22:38:55,6.27756137,-75.63404519,9.94,1825.731,24.144,6.250,94,29,33,,
T,2023-04-13 22:38:56,6.27755838,-75.63398757,9.94,1825.936,24.143,6.870,92,27,33,,
T,2023-04-13 22:38:57,6.27755366,-75.63391996,9.94,1826.488,24.143,7.330,95,25,33,,
T,2023-04-13 22:38:58,6.27754751,-75.63384799,9.94,1825.548,24.143,8.130,95,24,32,,
T,2023-04-13 22:38:59,6.27754465,-75.63377023,3.79,1825.167,24.142,8.370,93,24,34,,
T,2023-04-13 22:39:00,6.27753143,-75.63368842,3.79,1822.827,24.142,8.950,101,24,34,,
T,2023-04-13 22:39:01,6.27752382,-75.63360466,3.79,1820.610,24.141,9.270,97,29,34,,
T,2023-04-13 22:39:02,6.27750191,-75.63352545,3.79,1817.630,24.141,9.570,95,30,34,,
T,2023-04-13 22:39:03,6.27748359,-75.63343851,3.79,1816.312,24.141,9.750,98,31,34,,
T,2023-04-13 22:39:04,6.27747396,-75.63335127,3.79,1815.391,24.140,10.020,96,31,34,,
T,2023-04-13 22:39:05,6.27746842,-75.63326588,3.79,1814.387,24.140,9.570,92,31,34,,
T,2023-04-13 22:39:06,6.27746290,-75.63318320,3.79,1814.315,24.139,9.540,94,31,34,,
T,2023-04-13 22:39:07,6.27744810,-75.63310522,3.79,1813.483,24.139,8.920,103,31,34,,
T,2023-04-13 22:39:08,6.27742990,-75.63302942,3.79,1813.540,24.139,8.720,105,31,34,,
T,2023-04-13 22:39:09,6.27740413,-75.63296429,3.79,1813.542,24.138,7.290,113,31,34,,
T,2023-04-13 22:39:10,6.27738563,-75.63290523,3.79,1813.708,24.138,6.330,109,31,34,,
T,2023-04-13 22:39:11,6.27736143,-75.63286181,3.79,1813.823,24.138,5.070,116,31,34,,
T,2023-04-13 22:39:12,6.27735058,-75.63281907,3.79,1814.066,24.138,4.420,111,31,34,,
T,2023-04-13 22:39:13,6.27733069,-75.63277721,3.79,1813.768,24.138,5.070,117,31,34,,
T,2023-04-13 22:39:14,6.27731526,-75.63273531,3.79,1813.155,24.137,5.290,110,31,34,,
T,2023-04-13 22:39:15,6.27728280,-75.63268698,3.79,1812.601,24.137,5.800,115,31,34,,
T,2023-04-13 22:39:16,6.27725956,-75.63263889,3.79,1812.470,24.137,5.960,114,32,34,,
T,2023-04-13 22:39:17,6.27723351,-75.63259202,3.79,1811.282,24.137,6.010,120,32,34,,
T,2023-04-13 22:39:18,6.27720376,-75.63253467,3.79,1810.834,24.137,7.530,121,31,33,,
T,2023-04-13 22:39:19,6.27715617,-75.63248380,3.79,1809.848,24.136,7.770,133,32,34,,
T,2023-04-13 22:39:20,6.27709874,-75.63243334,3.79,1808.163,24.136,7.950,138,32,34,,
T,2023-04-13 22:39:21,6.27704067,-75.63239081,3.79,1806.073,24.136,7.890,145,32,34,,
T,2023-04-13 22:39:22,6.27698832,-75.63234550,3.79,1805.995,24.136,7.380,146,31,34,,
T,2023-04-13 22:39:23,6.27693772,-75.63230061,3.79,1805.880,24.136,7.270,142,31,34,,
T,2023-04-13 22:39:24,6.27690310,-75.63224636,3.79,1805.419,24.136,7.140,123,30,35,,
T,2023-04-13 22:39:25,6.27687516,-75.63218317,3.79,1805.343,24.136,7.740,111,30,35,,
T,2023-04-13 22:39:26,6.27684984,-75.63211832,3.79,1805.667,24.135,8.420,107,30,35,,
T,2023-04-13 22:39:27,6.27682794,-75.63204773,3.79,1804.805,24.135,8.770,102,30,35,,
T,2023-04-13 22:39:28,6.27681317,-75.63196688,3.79,1804.578,24.135,9.200,99,29,35,,
T,2023-04-13 22:39:29,6.27679779,-75.63188772,3.79,1804.457,24.134,8.900,102,30,35,,
T,2023-04-13 22:39:30,6.27679834,-75.63181026,3.79,1803.164,24.134,8.380,87,30,35,,
T,2023-04-13 22:39:31,6.27679991,-75.63173700,3.79,1802.872,24.133,8.050,87,32,35,,
T,2023-04-13 22:39:32,6.27680544,-75.63166850,3.79,1802.139,24.133,7.230,84,32,35,,
T,2023-04-13 22:39:33,6.27680757,-75.63160077,3.79,1801.586,24.133,7.200,91,29,35,,
T,2023-04-13 22:39:34,6.27679587,-75.63153779,3.79,1801.447,24.132,6.850,100,27,35,,
T,2023-04-13 22:39:35,6.27679131,-75.63147264,3.79,1798.996,24.132,6.910,110,27,35,,
T,2023-04-13 22:39:36,6.27676381,-75.63142199,3.79,1799.124,24.132,6.470,124,29,35,,
T,2023-04-13 22:39:37,6.27670173,-75.63141081,3.79,1798.154,24.132,7.030,171,30,35,,
T,2023-04-13 22:39:38,6.27664415,-75.63138699,3.79,1797.817,24.132,6.450,168,30,35,,
T,2023-04-13 22:39:39,6.27658443,-75.63136704,3.79,1797.486,24.132,6.760,164,31,35,,
T,2023-04-13 22:39:40,6.27652629,-75.63134115,3.79,1796.091,24.132,6.900,158,31,35,,
T,2023-04-13 22:39:41,6.27646461,-75.63131882,3.79,1796.001,24.132,7.450,158,30,35,,
T,2023-04-13 22:39:42,6.27640519,-75.63127844,3.79,1796.093,24.132,8.340,145,29,35,,
T,2023-04-13 22:39:43,6.27638546,-75.63122890,3.79,1796.096,24.132,7.250,123,29,35,,
T,2023-04-13 22:39:44,6.27636682,-75.63111773,3.79,1794.970,24.131,10.730,102,28,35,,
T,2023-04-13 22:39:45,6.27633855,-75.63104316,3.79,1794.835,24.131,9.220,111,28,35,,
T,2023-04-13 22:39:46,6.27629920,-75.63097750,3.79,1794.956,24.131,7.650,121,25,34,,
T,2023-04-13 22:39:47,6.27625072,-75.63093930,3.79,1794.220,24.130,7.130,145,21,34,,
T,2023-04-13 22:39:48,6.27618603,-75.63091325,3.79,1793.844,24.130,8.720,167,18,34,,
T,2023-04-13 22:39:49,6.27611507,-75.63090648,3.79,1792.934,24.131,9.000,186,19,34,,
T,2023-04-13 22:39:50,6.27604549,-75.63090737,3.79,1792.885,24.131,8.230,186,21,34,,
T,2023-04-13 22:39:51,6.27597899,-75.63088464,3.79,1792.689,24.131,7.620,160,24,34,,
T,2023-04-13 22:39:52,6.27592382,-75.63085196,3.79,1792.257,24.131,6.990,151,27,34,,
T,2023-04-13 22:39:53,6.27588835,-75.63080385,3.79,1791.282,24.131,6.600,130,27,34,,
T,2023-04-13 22:39:54,6.27587018,-75.63074705,3.79,1790.701,24.130,6.700,101,27,34,,
T,2023-04-13 22:39:55,6.27586895,-75.63067129,3.79,1790.231,24.130,8.050,94,28,34,,
T,2023-04-13 22:39:56,6.27588893,-75.63059168,3.79,1789.861,24.130,8.840,77,26,34,,
T,2023-04-13 22:39:57,6.27593156,-75.63051345,3.79,1790.121,24.129,9.570,61,26,34,,
T,2023-04-13 22:39:58,6.27599196,-75.63044117,3.79,1789.626,24.128,9.810,50,26,34,,
T,2023-04-13 22:39:59,6.27605180,-75.63037499,3.79,1789.353,24.128,9.190,46,25,34,,
T,2023-04-13 22:40:00,6.27609270,-75.63031713,3.79,1788.938,24.128,7.770,54,23,34,,
T,2023-04-13 22:40:01,6.27609092,-75.63025087,3.79,1788.051,24.127,7.580,93,23,34,,
T,2023-04-13 22:40:02,6.27607605,-75.63018342,3.79,1786.945,24.127,7.760,113,24,34,,
T,2023-04-13 22:40:03,6.27604239,-75.63011982,3.79,1786.890,24.127,8.600,128,25,34,,
T,2023-04-13 22:40:04,6.27599454,-75.63006656,3.79,1787.027,24.127,8.090,137,26,34,,
T,2023-04-13 22:40:05,6.27593172,-75.63000799,3.79,1787.017,24.126,9.210,142,25,33,,
T,2023-04-13 22:40:06,6.27586402,-75.62995359,3.79,1787.319,24.126,9.290,144,25,33,,
T,2023-04-13 22:40:07,6.27579322,-75.62991037,3.79,1787.566,24.126,9.670,154,25,33,,
T,2023-04-13 22:40:08,6.27571198,-75.62987784,3.79,1787.830,24.126,10.060,161,26,32,,
T,2023-04-13 22:40:09,6.27563725,-75.62984922,3.79,1788.153,24.126,8.900,163,26,32,,
T,2023-04-13 22:40:10,6.27557186,-75.62980223,3.79,1788.204,24.126,8.890,140,26,30,,
T,2023-04-13 22:40:11,6.27552008,-75.62974272,3.79,1788.418,24.126,8.710,130,26,31,,
T,2023-04-13 22:40:12,6.27549429,-75.62966270,3.79,1789.040,24.126,9.200,109,26,31,,
T,2023-04-13 22:40:13,6.27547599,-75.62957781,3.79,1789.402,24.125,9.640,103,27,31,,
T,2023-04-13 22:40:14,6.27545570,-75.62949248,3.79,1789.397,24.125,9.840,103,26,30,,
T,2023-04-13 22:40:15,6.27543342,-75.62940606,3.79,1789.745,24.124,9.690,106,27,30,,
T,2023-04-13 22:40:16,6.27541089,-75.62932501,3.79,1789.109,24.124,9.390,106,27,30,,
T,2023-04-13 22:40:17,6.27539713,-75.62924444,3.79,1789.062,24.124,8.880,98,27,30,,
T,2023-04-13 22:40:18,6.27540333,-75.62916616,3.79,1789.316,24.123,8.650,86,27,30,,
T,2023-04-13 22:40:19,6.27542298,-75.62909588,3.79,1789.929,24.123,8.460,74,27,30,,
T,2023-04-13 22:40:20,6.27545404,-75.62902659,3.79,1790.488,24.122,8.460,66,27,31,,
T,2023-04-13 22:40:21,6.27548346,-75.62896685,3.79,1790.581,24.122,7.520,65,28,31,,
T,2023-04-13 22:40:22,6.27550045,-75.62892121,3.79,1790.712,24.122,5.420,67,28,32,,
T,2023-04-13 22:40:23,6.27551059,-75.62889098,3.79,1790.688,24.122,3.720,70,26,32,,
T,2023-04-13 22:40:24,6.27551128,-75.62887543,3.79,1790.247,24.121,2.050,82,27,32,,
T,2023-04-13 22:40:25,6.27551265,-75.62886981,3.79,1790.203,24.121,0.710,81,27,32,,
T,2023-04-13 22:40:26,6.27551513,-75.62886609,3.79,1790.248,24.121,0.000,,27,31,,
T,2023-04-13 22:40:27,6.27551559,-75.62886646,3.79,1790.345,24.121,0.250,83,27,31,,
T,2023-04-13 22:40:28,6.27551648,-75.62886703,3.79,1790.366,24.121,0.000,,27,31,,
T,2023-04-13 22:40:29,6.27551779,-75.62886428,3.79,1790.494,24.121,0.390,83,27,32,,
T,2023-04-13 22:40:30,6.27551781,-75.62884015,3.79,1790.511,24.121,2.870,93,26,32,,
T,2023-04-13 22:40:31,6.27551845,-75.62879622,3.79,1789.513,24.121,4.890,85,26,32,,
T,2023-04-13 22:40:32,6.27552548,-75.62874279,3.79,1788.830,24.121,6.020,74,27,32,,
T,2023-04-13 22:40:33,6.27557162,-75.62868366,3.79,1788.402,24.120,8.880,46,27,32,,
T,2023-04-13 22:40:34,6.27563665,-75.62862523,3.79,1787.433,24.120,10.620,37,27,32,,
T,2023-04-13 22:40:35,6.27570608,-75.62856442,3.79,1786.702,24.119,10.470,38,27,31,,
T,2023-04-13 22:40:36,6.27577829,-75.62850487,3.79,1785.700,24.119,10.650,39,27,31,,
T,2023-04-13 22:40:37,6.27585596,-75.62844636,3.79,1784.490,24.118,10.640,40,27,32,,
T,2023-04-13 22:40:38,6.27593175,-75.62838046,3.79,1783.956,24.118,11.370,42,28,32,,
T,2023-04-13 22:40:39,6.27600365,-75.62830967,3.79,1782.367,24.117,11.560,44,27,32,,
T,2023-04-13 22:40:40,6.27608226,-75.62823060,3.79,1781.928,24.117,11.960,46,27,33,,
T,2023-04-13 22:40:41,6.27615114,-75.62814208,3.79,1781.289,24.116,12.750,54,27,32,,
T,2023-04-13 22:40:42,6.27621210,-75.62805001,3.79,1780.207,24.116,12.420,60,29,33,,
T,2023-04-13 22:40:43,6.27626360,-75.62794570,3.79,1779.118,24.115,13.040,67,29,33,,
T,2023-04-13 22:40:44,6.27630239,-75.62783311,3.79,1778.048,24.114,13.210,75,29,33,,
T,2023-04-13 22:40:45,6.27632535,-75.62771382,3.79,1776.911,24.114,13.500,82,29,33,,
T,2023-04-13 22:40:46,6.27632958,-75.62759270,3.79,1776.057,24.113,13.800,91,28,32,,
T,2023-04-13 22:40:47,6.27632335,-75.62746799,3.79,1775.075,24.112,13.980,96,28,32,,
T,2023-04-13 22:40:48,6.27630446,-75.62734259,3.79,1774.536,24.112,14.390,101,27,32,,
T,2023-04-13 22:40:49,6.27627447,-75.62721539,3.79,1773.600,24.111,14.710,107,27,32,,
T,2023-04-13 22:40:50,6.27622272,-75.62709629,3.79,1772.496,24.111,14.490,115,27,32,,
T,2023-04-13 22:40:51,6.27615810,-75.62697749,3.79,1771.705,24.110,15.120,122,27,32,,
T,2023-04-13 22:40:52,6.27607977,-75.62686976,3.79,1770.600,24.110,14.780,130,28,32,,
T,2023-04-13 22:40:53,6.27599678,-75.62676597,3.79,1769.802,24.109,14.780,132,27,32,,
T,2023-04-13 22:40:54,6.27590672,-75.62666372,3.79,1768.998,24.109,15.010,132,26,32,,
T,2023-04-13 22:40:55,6.27581628,-75.62656218,3.79,1767.993,24.109,14.980,132,26,32,,
T,2023-04-13 22:40:56,6.27572663,-75.62646471,3.79,1767.382,24.108,14.770,133,26,32,,
T,2023-04-13 22:40:57,6.27563973,-75.62637061,3.79,1766.345,24.108,14.130,132,26,34,,
T,2023-04-13 22:40:58,6.27554483,-75.62625915,3.79,1765.120,24.108,15.770,133,30,33,,
T,2023-04-13 22:40:59,6.27545513,-75.62615696,3.79,1764.560,24.107,15.200,132,30,33,,
T,2023-04-13 22:41:00,6.27536539,-75.62605215,3.79,1763.686,24.107,15.210,130,30,33,,
T,2023-04-13 22:41:01,6.27527449,-75.62594700,3.79,1763.093,24.107,15.080,129,30,33,,
T,2023-04-13 22:41:02,6.27519364,-75.62583622,3.79,1762.114,24.106,15.240,126,30,33,,
T,2023-04-13 22:41:03,6.27511953,-75.62572426,3.79,1761.315,24.106,15.140,121,30,33,,
T,2023-04-13 22:41:04,6.27505240,-75.62560683,3.79,1760.153,24.106,15.310,116,27,33,,
T,2023-04-13 22:41:05,6.27499284,-75.62548573,3.79,1759.331,24.105,15.370,114,26,33,,
T,2023-04-13 22:41:06,6.27493803,-75.62535612,3.79,1758.215,24.104,15.420,112,26,33,,
T,2023-04-13 22:41:07,6.27489250,-75.62522047,3.79,1756.768,24.104,15.640,108,26,33,,
T,2023-04-13 22:41:08,6.27484987,-75.62508228,3.79,1755.585,24.103,15.890,107,26,33,,
T,2023-04-13 22:41:09,6.27480839,-75.62494454,3.79,1754.436,24.103,16.160,106,25,33,,
T,2023-04-13 22:41:10,6.27476693,-75.62480374,3.79,1753.437,24.102,16.370,104,25,33,,
T,2023-04-13 22:41:11,6.27472570,-75.62465770,3.79,1751.861,24.101,16.600,103,24,33,,
T,2023-04-13 22:41:12,6.27468419,-75.62450999,3.79,1750.663,24.101,16.810,103,24,33,,
T,2023-04-13 22:41:13,6.27464805,-75.62436140,3.79,1749.093,24.100,16.970,102,23,33,,
T,2023-04-13 22:41:14,6.27461397,-75.62420962,3.79,1747.843,24.099,17.090,98,23,33,,
T,2023-04-13 22:41:15,6.27458969,-75.62405719,3.79,1746.756,24.099,17.240,94,23,33,,
T,2023-04-13 22:41:16,6.27457726,-75.62390187,3.79,1745.744,24.098,17.400,88,23,33,,
T,2023-04-13 22:41:17,6.27458304,-75.62374598,3.79,1744.391,24.097,17.550,83,23,33,,
T,2023-04-13 22:41:18,6.27459872,-75.62358522,3.79,1743.039,24.096,17.810,81,23,33,,
T,2023-04-13 22:41:19,6.27461897,-75.62342649,3.79,1741.791,24.095,17.920,80,24,33,,
T,2023-04-13 22:41:20,6.27464347,-75.62326483,3.79,1740.338,24.094,18.130,80,24,33,,
T,2023-04-13 22:41:21,6.27466648,-75.62310543,3.79,1739.181,24.093,18.110,81,24,33,,
T,2023-04-13 22:41:22,6.27468468,-75.62294368,3.79,1737.633,24.093,18.160,85,24,30,,
T,2023-04-13 22:41:23,6.27468708,-75.62277956,3.79,1735.772,24.092,18.290,92,24,28,,
T,2023-04-13 22:41:24,6.27466931,-75.62261273,3.79,1734.200,24.091,18.470,96,25,28,,
T,2023-04-13 22:41:25,6.27463648,-75.62244786,3.79,1733.247,24.090,18.560,103,25,28,,
T,2023-04-13 22:41:26,6.27458196,-75.62228728,3.79,1731.791,24.089,18.620,111,25,28,,
T,2023-04-13 22:41:27,6.27450620,-75.62213910,3.79,1730.390,24.089,18.640,118,24,27,,
T,2023-04-13 22:41:28,6.27441508,-75.62199827,3.79,1729.334,24.088,18.570,124,23,27,,
T,2023-04-13 22:41:29,6.27431157,-75.62186397,3.79,1728.155,24.088,18.490,128,23,27,,
T,2023-04-13 22:41:30,6.27420056,-75.62174172,3.79,1727.186,24.087,18.440,130,22,27,,
T,2023-04-13 22:41:31,6.27408601,-75.62161809,3.79,1726.370,24.087,18.370,131,22,28,,
T,2023-04-13 22:41:32,6.27397594,-75.62149579,3.79,1725.450,24.087,18.240,132,23,28,,
T,2023-04-13 22:41:33,6.27386709,-75.62137421,3.79,1724.320,24.086,18.150,130,23,28,,
T,2023-04-13 22:41:34,6.27376164,-75.62124849,3.79,1723.454,24.086,18.070,128,24,28,,
T,2023-04-13 22:41:35,6.27366382,-75.62112034,3.79,1722.668,24.085,17.970,128,24,29,,
T,2023-04-13 22:41:36,6.27356163,-75.62099357,3.79,1721.348,24.085,17.920,128,24,29,,
T,2023-04-13 22:41:37,6.27345838,-75.62087056,3.79,1719.578,24.085,17.850,128,24,29,,
T,2023-04-13 22:41:38,6.27335951,-75.62074310,3.79,1718.101,24.084,17.850,126,24,29,,
T,2023-04-13 22:41:39,6.27325877,-75.62061736,3.79,1716.696,24.084,17.860,126,24,29,,
T,2023-04-13 22:41:40,6.27316013,-75.62049030,3.79,1715.736,24.083,17.910,126,24,31,,
T,2023-04-13 22:41:41,6.27306538,-75.62035705,3.79,1714.525,24.083,17.940,126,24,31,,
T,2023-04-13 22:41:42,6.27297015,-75.62022607,3.79,1713.195,24.082,17.960,125,26,31,,
T,2023-04-13 22:41:43,6.27287989,-75.62009619,3.79,1711.925,24.082,17.840,123,27,31,,
T,2023-04-13 22:41:44,6.27279498,-75.61995953,3.79,1711.069,24.081,17.700,119,27,31,,
T,2023-04-13 22:41:45,6.27271642,-75.61981924,3.79,1709.593,24.081,17.610,115,27,31,,
T,2023-04-13 22:41:46,6.27264802,-75.61967677,3.79,1708.508,24.080,17.580,113,27,31,,
T,2023-04-13 22:41:47,6.27259274,-75.61952581,3.79,1707.070,24.080,17.590,108,27,31,,
T,2023-04-13 22:41:48,6.27255275,-75.61937033,3.79,1706.076,24.079,17.640,102,26,30,,
T,2023-04-13 22:41:49,6.27252449,-75.61921413,3.79,1704.821,24.078,17.710,98,25,30,,
T,2023-04-13 22:41:50,6.27251012,-75.61905380,3.79,1703.629,24.077,17.770,93,25,30,,
T,2023-04-13 22:41:51,6.27250563,-75.61888947,3.79,1702.447,24.076,18.000,92,25,30,,
T,2023-04-13 22:41:52,6.27250078,-75.61872282,3.79,1701.076,24.076,18.170,91,26,30,,
T,2023-04-13 22:41:53,6.27250036,-75.61855878,3.79,1699.733,24.075,18.250,91,27,30,,
T,2023-04-13 22:41:54,6.27249612,-75.61839485,3.79,1698.504,24.074,18.350,91,27,30,,
T,2023-04-13 22:41:55,6.27249135,-75.61823254,3.79,1697.089,24.073,18.370,91,27,30,,
T,2023-04-13 22:41:56,6.27249208,-75.61806521,3.79,1695.860,24.072,18.390,91,27,30,,
T,2023-04-13 22:41:57,6.27249269,-75.61790039,3.79,1694.421,24.071,18.360,91,27,30,,
T,2023-04-13 22:41:58,6.27249041,-75.61773395,3.79,1693.374,24.071,18.430,90,27,29,,
T,2023-04-13 22:41:59,6.27249085,-75.61756799,9.94,1692.617,24.070,18.290,87,27,29,,
T,2023-04-13 22:42:00,6.27250870,-75.61740584,9.94,1691.396,24.069,17.980,82,27,29,,
T,2023-04-13 22:42:01,6.27253826,-75.61724716,9.94,1690.188,24.068,17.810,74,27,30,,
T,2023-04-13 22:42:02,6.27258733,-75.61709440,9.94,1689.110,24.067,17.810,69,28,30,,
T,2023-04-13 22:42:03,6.27264930,-75.61694537,9.94,1687.665,24.066,17.760,65,28,30,,
T,2023-04-13 22:42:04,6.27271935,-75.61680214,9.94,1686.114,24.065,17.790,62,27,30,,
T,2023-04-13 22:42:05,6.27279641,-75.61666067,9.94,1684.723,24.064,17.830,61,27,30,,
T,2023-04-13 22:42:06,6.27287610,-75.61652016,9.94,1683.373,24.063,17.930,60,25,30,,
T,2023-04-13 22:42:07,6.27295805,-75.61638017,9.94,1682.007,24.062,17.970,61,24,30,,
T,2023-04-13 22:42:08,6.27304022,-75.61623961,9.94,1680.747,24.061,17.990,61,24,30,,
T,2023-04-13 22:42:09,6.27312267,-75.61609950,9.94,1679.521,24.061,18.030,62,24,30,,
T,2023-04-13 22:42:10,6.27319722,-75.61596005,9.94,1677.613,24.060,18.010,62,26,30,,
T,2023-04-13 22:42:11,6.27327149,-75.61581795,9.94,1675.870,24.059,18.130,64,27,30,,
T,2023-04-13 22:42:12,6.27333967,-75.61566746,9.94,1674.469,24.058,18.200,69,27,30,,
T,2023-04-13 22:42:13,6.27339839,-75.61551327,9.94,1672.890,24.057,18.220,72,27,30,,
T,2023-04-13 22:42:14,6.27344580,-75.61535566,9.94,1671.564,24.056,18.110,76,27,30,,
T,2023-04-13 22:42:15,6.27348720,-75.61519769,9.94,1670.579,24.055,17.940,78,27,30,,
T,2023-04-13 22:42:16,6.27352491,-75.61503888,9.94,1669.252,24.054,17.840,78,26,30,,
T,2023-04-13 22:42:17,6.27355746,-75.61488347,9.94,1668.161,24.053,17.820,78,26,30,,
T,2023-04-13 22:42:18,6.27359192,-75.61472664,9.94,1666.741,24.052,17.870,79,27,30,,
T,2023-04-13 22:42:19,6.27362786,-75.61456723,9.94,1665.726,24.051,17.790,79,27,31,,
T,2023-04-13 22:42:20,6.27366166,-75.61440666,9.94,1664.228,24.051,17.810,78,26,31,,
T,2023-04-13 22:42:21,6.27369253,-75.61424951,9.94,1662.900,24.050,17.690,78,26,31,,
T,2023-04-13 22:42:22,6.27372476,-75.61409620,9.94,1661.794,24.049,17.590,78,26,31,,
T,2023-04-13 22:42:23,6.27376106,-75.61394200,9.94,1660.831,24.048,17.440,77,26,31,,
T,2023-04-13 22:42:24,6.27380064,-75.61379036,9.94,1659.947,24.047,17.310,73,25,31,,
T,2023-04-13 22:42:25,6.27385303,-75.61364430,9.94,1658.862,24.046,17.170,68,25,31,,
T,2023-04-13 22:42:26,6.27391645,-75.61350225,9.94,1657.815,24.045,17.180,65,26,31,,
T,2023-04-13 22:42:27,6.27398883,-75.61336176,9.94,1657.163,24.044,17.300,60,25,31,,
T,2023-04-13 22:42:28,6.27407760,-75.61323211,9.94,1655.925,24.043,17.370,53,24,30,,
T,2023-04-13 22:42:29,6.27417619,-75.61311226,9.94,1654.491,24.043,17.520,50,24,30,,
T,2023-04-13 22:42:30,6.27428198,-75.61299461,9.94,1653.084,24.042,17.650,47,25,30,,
T,2023-04-13 22:42:31,6.27439742,-75.61287734,9.94,1651.815,24.041,17.780,45,26,30,,
T,2023-04-13 22:42:32,6.27451240,-75.61276153,9.94,1650.296,24.040,17.960,45,27,30,,
T,2023-04-13 22:42:33,6.27462938,-75.61264714,9.94,1648.992,24.039,18.050,44,27,31,,
T,2023-04-13 22:42:34,6.27474905,-75.61253342,9.94,1647.688,24.038,18.120,44,28,31,,
T,2023-04-13 22:42:35,6.27486758,-75.61241707,9.94,1646.848,24.037,18.120,45,28,31,,
T,2023-04-13 22:42:36,6.27497990,-75.61230207,9.94,1645.615,24.037,18.100,46,27,31,,
T,2023-04-13 22:42:37,6.27508972,-75.61218659,9.94,1643.784,24.036,18.170,46,28,31,,
T,2023-04-13 22:42:38,6.27520202,-75.61206089,9.94,1641.848,24.035,18.320,51,27,31,,
T,2023-04-13 22:42:39,6.27530376,-75.61192604,9.94,1640.157,24.034,18.420,56,27,31,,
T,2023-04-13 22:42:40,6.27539272,-75.61178361,9.94,1638.944,24.033,18.470,60,27,32,,
T,2023-04-13 22:42:41,6.27546949,-75.61163952,9.94,1637.816,24.032,18.520,62,28,32,,
T,2023-04-13 22:42:42,6.27555106,-75.61149291,9.94,1637.069,24.031,18.570,61,28,32,,
T,2023-04-13 22:42:43,6.27562594,-75.61134774,9.94,1636.244,24.030,18.440,61,26,32,,
T,2023-04-13 22:42:44,6.27570691,-75.61120225,9.94,1634.823,24.029,18.320,59,26,31,,
T,2023-04-13 22:42:45,6.27579474,-75.61106433,9.94,1633.801,24.028,18.190,54,26,31,,
T,2023-04-13 22:42:46,6.27589276,-75.61093565,9.94,1631.867,24.027,18.170,50,26,31,,
T,2023-04-13 22:42:47,6.27600442,-75.61081139,9.94,1630.878,24.026,18.240,46,25,31,,
T,2023-04-13 22:42:48,6.27611832,-75.61069385,9.94,1628.937,24.026,18.350,45,26,31,,
T,2023-04-13 22:42:49,6.27623844,-75.61057706,9.94,1627.505,24.025,18.430,45,27,31,,
T,2023-04-13 22:42:50,6.27636088,-75.61045940,9.94,1626.138,24.024,18.400,45,28,31,,
T,2023-04-13 22:42:51,6.27647779,-75.61033859,9.94,1624.362,24.023,18.500,45,28,31,,
T,2023-04-13 22:42:52,6.27659383,-75.61021522,9.94,1622.480,24.022,18.620,49,27,32,,
T,2023-04-13 22:42:53,6.27669994,-75.61008563,9.94,1621.010,24.021,18.660,59,27,32,,
T,2023-04-13 22:42:54,6.27678797,-75.60994198,9.94,1619.379,24.020,18.740,65,28,32,,
T,2023-04-13 22:42:55,6.27686319,-75.60979095,9.94,1618.444,24.019,18.830,69,27,32,,
T,2023-04-13 22:42:56,6.27692398,-75.60963170,9.94,1617.139,24.018,18.790,73,27,32,,
T,2023-04-13 22:42:57,6.27697295,-75.60946622,9.94,1616.074,24.017,18.700,76,26,32,,
T,2023-04-13 22:42:58,6.27702118,-75.60930159,9.94,1615.046,24.016,18.770,76,25,32,,
T,2023-04-13 22:42:59,6.27706685,-75.60914190,9.94,1613.792,24.015,18.780,75,21,32,,
T,2023-04-13 22:43:00,6.27711220,-75.60897987,9.94,1612.347,24.014,18.520,76,21,32,,
T,2023-04-13 22:43:01,6.27715747,-75.60882201,9.94,1611.349,24.013,18.160,75,20,31,,
T,2023-04-13 22:43:02,6.27719734,-75.60866837,9.94,1609.863,24.013,17.680,77,20,31,,
T,2023-04-13 22:43:03,6.27723501,-75.60850867,9.94,1609.051,24.012,18.130,80,21,31,,
T,2023-04-13 22:43:04,6.27725490,-75.60835558,9.94,1607.878,24.011,17.160,84,22,31,,
T,2023-04-13 22:43:05,6.27726268,-75.60820952,9.94,1606.824,24.010,16.260,89,27,31,,
T,2023-04-13 22:43:06,6.27726313,-75.60806391,9.94,1605.904,24.009,15.860,91,27,31,,
T,2023-04-13 22:43:07,6.27725700,-75.60792002,9.94,1604.993,24.009,15.980,94,28,32,,
T,2023-04-13 22:43:08,6.27723860,-75.60777542,9.94,1604.295,24.008,16.160,99,28,32,,
T,2023-04-13 22:43:09,6.27720906,-75.60763042,9.94,1603.639,24.007,16.380,104,28,32,,
T,2023-04-13 22:43:10,6.27716888,-75.60748164,9.94,1602.921,24.006,16.610,106,28,32,,
T,2023-04-13 22:43:11,6.27712530,-75.60733319,9.94,1601.732,24.006,16.830,106,27,32,,
T,2023-04-13 22:43:12,6.27708448,-75.60718633,9.94,1600.721,24.005,17.020,107,28,32,,
T,2023-04-13 22:43:13,6.27703736,-75.60703450,9.94,1599.518,24.004,17.220,107,28,32,,
T,2023-04-13 22:43:14,6.27699144,-75.60688500,9.94,1598.576,24.004,17.440,107,26,32,,
T,2023-04-13 22:43:15,6.27694050,-75.60673629,9.94,1597.092,24.003,17.650,107,24,32,,
T,2023-04-13 22:43:16,6.27688968,-75.60658380,9.94,1595.997,24.002,17.840,109,24,33,,
T,2023-04-13 22:43:17,6.27683493,-75.60643027,9.94,1595.116,24.002,18.150,109,24,32,,
T,2023-04-13 22:43:18,6.27678564,-75.60627452,9.94,1593.623,24.001,18.280,108,24,32,,
T,2023-04-13 22:43:19,6.27673799,-75.60611547,9.94,1592.321,24.000,18.500,105,22,32,,
T,2023-04-13 22:43:20,6.27669703,-75.60595085,9.94,1590.953,24.000,18.720,103,23,32,,
T,2023-04-13 22:43:21,6.27665528,-75.60578835,9.94,1589.730,23.999,18.800,103,23,32,,
T,2023-04-13 22:43:22,6.27661220,-75.60562649,9.94,1588.875,23.998,18.790,104,24,32,,
T,2023-04-13 22:43:23,6.27656947,-75.60546171,9.94,1588.400,23.997,18.660,104,24,32,,
T,2023-04-13 22:43:24,6.27652230,-75.60530356,9.94,1587.887,23.997,18.390,108,25,32,,
T,2023-04-13 22:43:25,6.27646078,-75.60515186,9.94,1586.898,23.996,18.000,114,25,33,,
T,2023-04-13 22:43:26,6.27638350,-75.60501443,9.94,1586.404,23.995,17.650,119,26,33,,
T,2023-04-13 22:43:27,6.27630315,-75.60487505,9.94,1586.356,23.995,17.270,120,26,33,,
T,2023-04-13 22:43:28,6.27622345,-75.60474313,9.94,1586.336,23.994,16.920,120,26,33,,
T,2023-04-13 22:43:29,6.27614818,-75.60461889,9.94,1585.694,23.994,16.420,118,26,33,,
T,2023-04-13 22:43:30,6.27607912,-75.60448746,9.94,1585.697,23.993,16.420,116,26,33,,
T,2023-04-13 22:43:31,6.27601955,-75.60435957,9.94,1585.606,23.993,15.900,112,28,33,,
T,2023-04-13 22:43:32,6.27597048,-75.60422716,9.94,1585.776,23.992,15.600,108,29,33,,
T,2023-04-13 22:43:33,6.27593384,-75.60409344,9.94,1585.307,23.992,15.270,102,28,34,,
T,2023-04-13 22:43:34,6.27592429,-75.60395799,9.94,1584.945,23.991,14.810,90,28,34,,
T,2023-04-13 22:43:35,6.27593427,-75.60382484,9.94,1584.474,23.990,14.630,84,29,33,,
T,2023-04-13 22:43:36,6.27595553,-75.60369330,9.94,1583.908,23.990,14.510,81,27,33,,
T,2023-04-13 22:43:37,6.27597956,-75.60356307,9.94,1583.868,23.989,14.430,80,27,33,,
T,2023-04-13 22:43:38,6.27600764,-75.60343380,9.94,1583.339,23.988,14.320,79,27,33,,
T,2023-04-13 22:43:39,6.27602759,-75.60331400,9.94,1582.545,23.987,14.240,79,29,34,,
T,2023-04-13 22:43:40,6.27605046,-75.60318614,9.94,1582.234,23.987,14.120,81,29,34,,
T,2023-04-13 22:43:41,6.27606699,-75.60305995,9.94,1581.137,23.986,14.150,85,29,34,,
T,2023-04-13 22:43:42,6.27607620,-75.60293355,9.94,1580.633,23.985,14.060,89,29,34,,
T,2023-04-13 22:43:43,6.27607202,-75.60280920,9.94,1580.433,23.985,13.970,94,28,34,,
T,2023-04-13 22:43:44,6.27605465,-75.60268487,9.94,1579.931,23.984,14.000,99,28,34,,
T,2023-04-13 22:43:45,6.27602285,-75.60256028,9.94,1579.279,23.984,13.920,104,24,34,,
T,2023-04-13 22:43:46,6.27598990,-75.60243904,9.94,1579.103,23.983,13.850,108,23,34,,
T,2023-04-13 22:43:47,6.27594380,-75.60232184,9.94,1578.566,23.982,13.840,111,23,34,,
T,2023-04-13 22:43:48,6.27589732,-75.60220640,9.94,1577.649,23.982,13.820,114,25,34,,
T,2023-04-13 22:43:49,6.27584567,-75.60209104,9.94,1576.963,23.982,13.880,116,25,34,,
T,2023-04-13 22:43:50,6.27579415,-75.60197469,9.94,1575.980,23.981,13.950,116,27,34,,
T,2023-04-13 22:43:51,6.27574263,-75.60185697,9.94,1574.692,23.981,13.990,114,27,34,,
T,2023-04-13 22:43:52,6.27569299,-75.60173751,9.94,1573.616,23.980,13.980,114,27,34,,
T,2023-04-13 22:43:53,6.27564209,-75.60162128,9.94,1572.469,23.980,14.050,113,27,33,,
T,2023-04-13 22:43:54,6.27559349,-75.60150178,9.94,1571.432,23.979,14.120,113,27,33,,
T,2023-04-13 22:43:55,6.27554903,-75.60138228,9.94,1570.534,23.979,14.230,112,27,33,,
T,2023-04-13 22:43:56,6.27550384,-75.60126235,9.94,1569.658,23.978,14.280,111,26,33,,
T,2023-04-13 22:43:57,6.27545840,-75.60114258,9.94,1568.983,23.977,14.370,109,24,32,,
T,2023-04-13 22:43:58,6.27541927,-75.60101790,9.94,1567.945,23.977,14.490,107,24,31,,
T,2023-04-13 22:43:59,6.27538503,-75.60089403,9.94,1567.072,23.976,14.590,106,24,31,,
T,2023-04-13 22:44:00,6.27535073,-75.60076473,9.94,1566.435,23.976,14.710,105,24,30,,
T,2023-04-13 22:44:01,6.27531784,-75.60063362,9.94,1565.757,23.975,14.920,105,26,30,,
T,2023-04-13 22:44:02,6.27528364,-75.60049856,9.94,1565.121,23.975,15.100,103,27,30,,
T,2023-04-13 22:44:03,6.27525402,-75.60036311,9.94,1564.275,23.974,15.310,102,27,30,,
T,2023-04-13 22:44:04,6.27522329,-75.60022319,9.94,1562.923,23.973,15.560,101,27,30,,
T,2023-04-13 22:44:05,6.27519508,-75.60008374,9.94,1562.427,23.973,15.610,102,27,30,,
T,2023-04-13 22:44:06,6.27516161,-75.59994321,9.94,1561.376,23.972,16.100,102,27,30,,
T,2023-04-13 22:44:07,6.27512711,-75.59980154,9.94,1560.062,23.971,16.260,103,27,30,,
T,2023-04-13 22:44:08,6.27508786,-75.59965727,9.94,1559.155,23.971,16.470,107,26,30,,
T,2023-04-13 22:44:09,6.27503779,-75.59951568,9.94,1558.173,23.970,16.600,112,26,31,,
T,2023-04-13 22:44:10,6.27497305,-75.59937853,9.94,1557.387,23.969,16.680,118,25,31,,
T,2023-04-13 22:44:11,6.27489612,-75.59925031,9.94,1556.874,23.969,16.710,123,27,32,,
T,2023-04-13 22:44:12,6.27480531,-75.59912872,9.94,1555.621,23.969,16.650,128,27,33,,
T,2023-04-13 22:44:13,6.27470345,-75.59901656,9.94,1554.137,23.968,16.440,132,27,32,,
T,2023-04-13 22:44:14,6.27460283,-75.59890954,9.94,1553.783,23.968,16.210,132,27,32,,
T,2023-04-13 22:44:15,6.27450484,-75.59880609,9.94,1553.111,23.968,16.070,133,26,32,,
T,2023-04-13 22:44:16,6.27440794,-75.59870197,9.94,1553.050,23.967,15.930,133,25,32,,
T,2023-04-13 22:44:17,6.27431180,-75.59859786,9.94,1552.672,23.967,15.810,131,25,32,,
T,2023-04-13 22:44:18,6.27422173,-75.59848924,9.94,1552.534,23.967,15.700,126,25,32,,
T,2023-04-13 22:44:19,6.27414250,-75.59837337,9.94,1551.771,23.966,15.670,120,25,32,,
T,2023-04-13 22:44:20,6.27407483,-75.59824524,9.94,1551.340,23.966,15.700,116,26,32,,
T,2023-04-13 22:44:21,6.27401782,-75.59811404,9.94,1550.344,23.965,15.820,112,28,32,,
T,2023-04-13 22:44:22,6.27396403,-75.59797588,9.94,1549.206,23.964,15.900,111,28,32,,
T,2023-04-13 22:44:23,6.27391444,-75.59783892,9.94,1547.610,23.964,15.980,110,29,32,,
T,2023-04-13 22:44:24,6.27386398,-75.59770256,9.94,1546.547,23.963,16.030,110,29,32,,
T,2023-04-13 22:44:25,6.27381136,-75.59756645,9.94,1545.486,23.963,16.070,110,29,33,,
T,2023-04-13 22:44:26,6.27376031,-75.59743089,9.94,1544.568,23.962,16.120,113,30,35,,
T,2023-04-13 22:44:27,6.27370232,-75.59730023,9.94,1543.741,23.962,16.140,116,32,35,,
T,2023-04-13 22:44:28,6.27363179,-75.59717105,9.94,1543.075,23.961,16.110,119,32,35,,
T,2023-04-13 22:44:29,6.27355296,-75.59703990,9.94,1541.530,23.961,16.210,120,32,35,,
T,2023-04-13 22:44:30,6.27347619,-75.59691377,9.94,1540.664,23.960,16.210,120,31,35,,
T,2023-04-13 22:44:31,6.27340471,-75.59678639,9.94,1539.805,23.960,16.130,118,32,35,,
T,2023-04-13 22:44:32,6.27333618,-75.59664870,9.94,1539.465,23.959,16.860,118,32,35,,
T,2023-04-13 22:44:33,6.27326676,-75.59650935,9.94,1538.484,23.958,17.330,117,33,35,,
T,2023-04-13 22:44:34,6.27319078,-75.59636502,9.94,1538.033,23.958,18.180,118,33,35,,
T,2023-04-13 22:44:35,6.27311688,-75.59620886,9.94,1537.979,23.957,18.710,118,33,35,,
T,2023-04-13 22:44:36,6.27302086,-75.59606080,9.94,1537.005,23.957,19.480,124,31,35,,
T,2023-04-13 22:44:37,6.27291421,-75.59590982,9.94,1535.081,23.956,20.120,125,28,35,,
T,2023-04-13 22:44:38,6.27281051,-75.59575180,9.94,1534.050,23.956,20.720,124,31,35,,
T,2023-04-13 22:44:39,6.27270585,-75.59559635,9.94,1533.338,23.955,20.660,124,30,35,,
T,2023-04-13 22:44:40,6.27260182,-75.59544944,9.94,1532.749,23.954,19.850,126,32,35,,
T,2023-04-13 22:44:41,6.27249855,-75.59531262,9.94,1532.455,23.954,18.930,127,33,35,,
T,2023-04-13 22:44:42,6.27239986,-75.59518112,9.94,1532.139,23.954,17.810,127,33,35,,
T,2023-04-13 22:44:43,6.27231059,-75.59505834,9.94,1532.172,23.953,16.510,128,33,36,,
T,2023-04-13 22:44:44,6.27223123,-75.59494786,9.94,1532.296,23.953,14.680,126,33,36,,
T,2023-04-13 22:44:45,6.27215487,-75.59484131,9.94,1532.370,23.952,14.450,127,34,36,,
T,2023-04-13 22:44:46,6.27207530,-75.59473929,9.94,1532.636,23.952,14.370,130,34,36,,
T,2023-04-13 22:44:47,6.27198565,-75.59464101,9.94,1532.162,23.952,14.750,136,34,36,,
T,2023-04-13 22:44:48,6.27188612,-75.59454165,9.94,1531.680,23.951,15.430,135,34,36,,
T,2023-04-13 22:44:49,6.27179125,-75.59443097,9.94,1531.076,23.951,16.100,132,34,37,,
T,2023-04-13 22:44:50,6.27169134,-75.59431605,9.94,1530.451,23.951,16.910,132,35,37,,
T,2023-04-13 22:44:51,6.27158426,-75.59419503,9.94,1529.171,23.950,17.820,133,35,37,,
T,2023-04-13 22:44:52,6.27146328,-75.59407518,9.94,1527.466,23.950,18.890,137,35,37,,
T,2023-04-13 22:44:53,6.27132559,-75.59397863,9.94,1525.708,23.950,19.010,148,35,37,,
T,2023-04-13 22:44:54,6.27118254,-75.59388800,9.94,1524.278,23.950,18.900,150,35,37,,
T,2023-04-13 22:44:55,6.27102806,-75.59380685,9.94,1522.922,23.950,19.570,155,35,37,,
T,2023-04-13 22:44:56,6.27086259,-75.59373695,9.94,1521.251,23.950,20.080,159,35,37,,
T,2023-04-13 22:44:57,6.27069014,-75.59366991,9.94,1519.699,23.950,20.440,159,35,37,,
T,2023-04-13 22:44:58,6.27052182,-75.59359841,9.94,1518.290,23.950,20.250,157,35,37,,
T,2023-04-13 22:44:59,6.27036266,-75.59352283,9.94,1516.761,23.950,19.560,153,33,37,,
T,2023-04-13 22:45:00,6.27021165,-75.59343882,9.94,1515.065,23.949,18.960,148,33,37,,
T,2023-04-13 22:45:01,6.27007350,-75.59334115,9.94,1513.802,23.949,18.710,142,33,37,,
T,2023-04-13 22:45:02,6.26994768,-75.59323038,9.94,1512.197,23.949,18.590,136,34,37,,
T,2023-04-13 22:45:03,6.26982915,-75.59311721,9.94,1510.629,23.949,17.790,135,33,37,,
T,2023-04-13 22:45:04,6.26971627,-75.59300078,9.94,1509.276,23.948,17.910,134,32,37,,
T,2023-04-13 22:45:05,6.26960145,-75.59287518,9.94,1508.258,23.948,18.240,134,32,37,,
T,2023-04-13 22:45:06,6.26948751,-75.59275725,9.94,1507.479,23.948,17.920,136,32,37,,
T,2023-04-13 22:45:07,6.26937359,-75.59265246,9.94,1506.975,23.947,17.300,136,30,37,,
T,2023-04-13 22:45:08,6.26926196,-75.59255010,9.94,1506.522,23.947,16.780,135,29,37,,
T,2023-04-13 22:45:09,6.26915726,-75.59245189,9.94,1506.337,23.947,16.050,134,30,37,,
T,2023-04-13 22:45:10,6.26906474,-75.59235876,9.94,1506.038,23.947,14.530,132,29,37,,
T,2023-04-13 22:45:11,6.26899027,-75.59227437,9.94,1505.737,23.946,12.790,124,29,37,,
T,2023-04-13 22:45:12,6.26894675,-75.59219160,9.94,1505.895,23.946,10.920,106,29,37,,
T,2023-04-13 22:45:13,6.26892568,-75.59210183,9.94,1506.776,23.946,10.550,92,31,37,,
T,2023-04-13 22:45:14,6.26893747,-75.59200411,9.94,1507.082,23.945,10.890,73,30,37,,
T,2023-04-13 22:45:15,6.26897980,-75.59191605,9.94,1507.796,23.944,11.150,57,27,38,,
T,2023-04-13 22:45:16,6.26905471,-75.59184637,9.94,1509.311,23.944,11.060,38,28,38,,
T,2023-04-13 22:45:17,6.26913869,-75.59180795,9.94,1510.799,23.943,10.090,18,28,38,,
T,2023-04-13 22:45:18,6.26921947,-75.59180091,9.94,1511.937,23.943,9.550,359,29,38,,
T,2023-04-13 22:45:19,6.26929348,-75.59181399,9.94,1512.504,23.943,8.270,346,28,38,,
T,2023-04-13 22:45:20,6.26936254,-75.59184670,9.94,1512.020,23.943,8.770,329,29,38,,
T,2023-04-13 22:45:21,6.26943402,-75.59188165,9.94,1511.688,23.943,9.140,322,29,38,,
T,2023-04-13 22:45:22,6.26951150,-75.59194481,9.94,1512.115,23.943,10.430,323,28,37,,
T,2023-04-13 22:45:23,6.26959508,-75.59200137,9.94,1512.475,23.943,11.280,325,26,37,,
T,2023-04-13 22:45:24,6.26968868,-75.59206222,9.94,1512.616,23.944,12.320,327,26,37,,
T,2023-04-13 22:45:25,6.26979116,-75.59212901,9.94,1512.689,23.944,13.010,328,26,38,,
T,2023-04-13 22:45:26,6.26988671,-75.59219397,9.94,1512.941,23.944,13.220,327,26,38,,
T,2023-04-13 22:45:27,6.26998880,-75.59226151,9.94,1513.482,23.944,13.650,326,24,38,,
T,2023-04-13 22:45:28,6.27009061,-75.59233543,9.94,1513.761,23.944,13.990,324,25,38,,
T,2023-04-13 22:45:29,6.27019361,-75.59241058,9.94,1514.084,23.944,14.320,323,25,38,,
T,2023-04-13 22:45:30,6.27030056,-75.59249261,9.94,1514.149,23.944,14.680,325,28,38,,
T,2023-04-13 22:45:31,6.27041273,-75.59256839,9.94,1514.414,23.945,14.760,325,28,38,,
T,2023-04-13 22:45:32,6.27052332,-75.59264169,9.94,1515.128,23.945,14.860,324,27,37,,
T,2023-04-13 22:45:33,6.27063247,-75.59272054,9.94,1515.527,23.945,15.040,323,28,36,,
T,2023-04-13 22:45:34,6.27074137,-75.59279585,9.94,1516.236,23.945,15.070,323,29,36,,
T,2023-04-13 22:45:35,6.27085353,-75.59287758,9.94,1517.052,23.945,15.140,320,29,36,,
T,2023-04-13 22:45:36,6.27097186,-75.59295263,9.94,1517.303,23.945,15.340,325,29,36,,
T,2023-04-13 22:45:37,6.27108541,-75.59303572,9.94,1518.148,23.945,15.530,324,29,35,,
T,2023-04-13 22:45:38,6.27119866,-75.59312491,9.94,1518.161,23.946,15.880,319,29,34,,
T,2023-04-13 22:45:39,6.27129804,-75.59321434,9.94,1518.162,23.946,14.730,318,28,36,,
T,2023-04-13 22:45:40,6.27139197,-75.59329959,9.94,1518.656,23.946,13.660,318,29,36,,
T,2023-04-13 22:45:41,6.27148320,-75.59338029,9.94,1519.216,23.946,12.830,318,31,37,,
T,2023-04-13 22:45:42,6.27156993,-75.59345639,9.94,1519.638,23.946,12.180,319,31,37,,
T,2023-04-13 22:45:43,6.27164827,-75.59353089,9.94,1519.961,23.947,11.450,319,29,38,,
T,2023-04-13 22:45:44,6.27172563,-75.59360048,9.94,1519.906,23.947,10.780,319,29,38,,
T,2023-04-13 22:45:45,6.27179343,-75.59366437,9.94,1520.196,23.947,9.310,318,28,38,,
T,2023-04-13 22:45:46,6.27184790,-75.59370781,9.94,1520.366,23.947,7.690,319,27,38,,
T,2023-04-13 22:45:47,6.27188768,-75.59373844,9.94,1520.045,23.947,5.170,337,28,37,,
T,2023-04-13 22:45:48,6.27192965,-75.59374653,9.94,1521.080,23.947,4.550,2,27,37,,
T,2023-04-13 22:45:49,6.27197755,-75.59374631,9.94,1521.325,23.947,5.450,8,27,37,,
T,2023-04-13 22:45:50,6.27203449,-75.59373332,9.94,1521.419,23.947,6.190,32,24,38,,
T,2023-04-13 22:45:51,6.27209293,-75.59369727,9.94,1521.489,23.947,7.020,43,26,38,,
T,2023-04-13 22:45:52,6.27213221,-75.59366595,9.94,1521.652,23.946,5.260,48,29,38,,
T,2023-04-13 22:45:53,6.27216018,-75.59364188,9.94,1521.597,23.946,3.450,57,29,38,,
T,2023-04-13 22:45:54,6.27217619,-75.59362427,9.94,1521.091,23.946,2.380,47,29,38,,
T,2023-04-13 22:45:55,6.27219122,-75.59361426,9.94,1520.943,23.946,2.740,45,28,37,,
T,2023-04-13 22:45:56,6.27221123,-75.59358959,9.94,1521.778,23.946,3.250,52,28,37,,
T,2023-04-13 22:45:57,6.27223300,-75.59357955,9.94,1521.985,23.946,2.870,28,29,37,,
T,2023-04-13 22:45:58,6.27227132,-75.59355732,9.94,1522.733,23.945,5.630,26,29,37,,
T,2023-04-13 22:45:59,6.27231254,-75.59353146,9.94,1522.598,23.945,5.830,33,28,37,,
T,2023-04-13 22:46:00,6.27236041,-75.59351526,9.94,1523.849,23.945,5.380,20,28,37,,
T,2023-04-13 22:46:01,6.27240050,-75.59349957,9.94,1523.854,23.945,4.320,14,28,36,,
T,2023-04-13 22:46:02,6.27242744,-75.59349240,9.94,1524.689,23.945,2.300,11,29,36,,
T,2023-04-13 22:46:03,6.27244737,-75.59348783,9.94,1524.894,23.945,1.760,17,29,36,,
T,2023-04-13 22:46:04,6.27245417,-75.59348458,9.94,1525.308,23.945,0.760,24,29,36,,
T,2023-04-13 22:46:05,6.27245287,-75.59348731,9.94,1525.134,23.945,0.000,,29,36,,
T,2023-04-13 22:46:06,6.27245401,-75.59348602,9.94,1525.169,23.945,0.000,,27,36,,
T,2023-04-13 22:46:07,6.27245583,-75.59348597,9.94,1525.147,23.945,0.000,,27,36,,
T,2023-04-13 22:46:08,6.27245596,-75.59348767,9.94,1524.694,23.945,0.360,31,27,36,,
T,2023-04-13 22:46:09,6.27245091,-75.59349346,9.94,1524.374,23.945,0.000,,27,36,,
T,2023-04-13 22:46:10,6.27245535,-75.59349502,9.94,1524.206,23.945,0.890,5,26,36,,
T,2023-04-13 22:46:11,6.27246176,-75.59349675,9.94,1524.238,23.945,0.970,4,25,36,,
T,2023-04-13 22:46:12,6.27246510,-75.59349396,9.94,1524.804,23.945,0.350,4,26,36,,
T,2023-04-13 22:46:13,6.27246558,-75.59349165,9.94,1525.389,23.945,0.160,4,26,36,,
T,2023-04-13 22:46:14,6.27246523,-75.59349069,9.94,1526.210,23.945,0.000,,26,36,,
T,2023-04-13 22:46:15,6.27247296,-75.59349017,9.94,1526.801,23.945,0.980,4,26,36,,
T,2023-04-13 22:46:16,6.27250906,-75.59347523,9.94,1527.024,23.944,5.410,29,26,37,,
T,2023-04-13 22:46:17,6.27254691,-75.59345514,9.94,1526.909,23.944,5.570,32,27,37,,
T,2023-04-13 22:46:18,6.27258245,-75.59343869,9.94,1526.875,23.944,4.870,32,28,37,,
T,2023-04-13 22:46:19,6.27263409,-75.59339939,9.94,1526.974,23.944,6.170,35,29,37,,
T,2023-04-13 22:46:20,6.27268825,-75.59336544,9.94,1527.336,23.943,7.010,27,30,37,,
T,2023-04-13 22:46:21,6.27275797,-75.59332995,9.94,1527.896,23.943,8.250,18,30,37,,
T,2023-04-13 22:46:22,6.27282934,-75.59329653,9.94,1528.056,23.943,8.630,18,30,37,,
T,2023-04-13 22:46:23,6.27289324,-75.59326615,9.94,1528.313,23.942,7.780,13,32,37,,
T,2023-04-13 22:46:24,6.27295352,-75.59323742,9.94,1528.495,23.942,7.350,12,34,37,,
T,2023-04-13 22:46:25,6.27301773,-75.59321396,9.94,1529.295,23.942,7.310,11,34,37,,
T,2023-04-13 22:46:26,6.27308386,-75.59318684,9.94,1529.291,23.942,8.110,12,34,37,,
T,2023-04-13 22:46:27,6.27315558,-75.59315363,9.94,1529.995,23.941,8.790,18,34,37,,
T,2023-04-13 22:46:28,6.27321861,-75.59311969,9.94,1530.018,23.941,7.630,21,34,37,,
T,2023-04-13 22:46:29,6.27327456,-75.59309156,9.94,1530.396,23.941,6.730,21,33,37,,
T,2023-04-13 22:46:30,6.27333214,-75.59305809,9.94,1530.221,23.940,7.390,24,32,37,,
T,2023-04-13 22:46:31,6.27339601,-75.59302632,9.94,1530.110,23.940,8.180,23,32,37,,
T,2023-04-13 22:46:32,6.27347019,-75.59298429,9.94,1530.325,23.940,9.110,24,32,37,,
T,2023-04-13 22:46:33,6.27355169,-75.59293845,9.94,1530.341,23.939,9.940,29,32,37,,
T,2023-04-13 22:46:34,6.27362625,-75.59288588,9.94,1530.959,23.939,10.290,33,32,37,,
T,2023-04-13 22:46:35,6.27369759,-75.59283018,9.94,1530.966,23.938,10.110,41,32,37,,
T,2023-04-13 22:46:36,6.27375074,-75.59277420,9.94,1531.713,23.938,8.530,48,34,37,,
T,2023-04-13 22:46:37,6.27378479,-75.59272448,9.94,1532.561,23.938,6.800,53,34,38,,
T,2023-04-13 22:46:38,6.27381638,-75.59267843,9.94,1533.773,23.937,6.450,57,35,38,,
T,2023-04-13 22:46:39,6.27384526,-75.59262251,9.94,1534.534,23.937,6.800,63,35,38,,
T,2023-04-13 22:46:40,6.27386932,-75.59255590,9.94,1534.937,23.937,7.710,70,35,38,,
T,2023-04-13 22:46:41,6.27388715,-75.59248571,9.94,1535.191,23.936,8.080,79,35,37,,
T,2023-04-13 22:46:42,6.27389716,-75.59241449,9.94,1535.333,23.936,8.090,86,34,37,,
T,2023-04-13 22:46:43,6.27389716,-75.59233520,9.94,1535.907,23.935,8.690,87,34,37,,
T,2023-04-13 22:46:44,6.27389302,-75.59224850,9.94,1536.646,23.935,9.400,96,34,38,,
T,2023-04-13 22:46:45,6.27388086,-75.59217867,9.94,1537.258,23.935,7.830,99,33,38,,
T,2023-04-13 22:46:46,6.27387072,-75.59211873,9.94,1536.471,23.934,6.910,104,33,38,,
T,2023-04-13 22:46:47,6.27385475,-75.59206229,9.94,1536.475,23.934,6.320,103,33,38,,
T,2023-04-13 22:46:48,6.27384434,-75.59202797,9.94,1536.278,23.934,4.050,102,33,38,,
T,2023-04-13 22:46:49,6.27384304,-75.59201494,9.94,1536.238,23.934,1.460,100,34,38,,
T,2023-04-13 22:46:50,6.27384632,-75.59201462,9.94,1536.981,23.934,0.000,,34,38,,
T,2023-04-13 22:46:51,6.27385071,-75.59201469,9.94,1537.220,23.934,0.000,,34,37,,
T,2023-04-13 22:46:52,6.27385184,-75.59201403,9.94,1537.367,23.934,0.000,,35,37,,
T,2023-04-13 22:46:53,6.27385333,-75.59201228,9.94,1537.380,23.934,0.000,,33,37,,
T,2023-04-13 22:46:54,6.27385216,-75.59201304,3.79,1537.595,23.934,0.000,,33,38,,
T,2023-04-13 22:46:55,6.27385133,-75.59201014,3.79,1537.665,23.934,0.000,,36,38,,
T,2023-04-13 22:46:56,6.27385204,-75.59201016,3.79,1537.753,23.934,0.000,,36,38,,
T,2023-04-13 22:46:57,6.27385050,-75.59200877,3.79,1537.574,23.934,0.000,,36,38,,
T,2023-04-13 22:46:58,6.27384997,-75.59200925,3.79,1537.366,23.934,0.000,,36,38,,
T,2023-04-13 22:46:59,6.27384913,-75.59200807,3.79,1537.066,23.934,0.000,,36,38,,
T,2023-04-13 22:47:00,6.27384782,-75.59200835,3.79,1536.774,23.934,0.000,,36,38,,
T,2023-04-13 22:47:01,6.27384858,-75.59200771,3.79,1536.609,23.934,0.000,,36,39,,
T,2023-04-13 22:47:02,6.27384799,-75.59200697,3.79,1536.411,23.934,0.000,,36,39,,
T,2023-04-13 22:47:03,6.27384773,-75.59200661,3.79,1536.341,23.934,0.000,,36,39,,
T,2023-04-13 22:47:04,6.27384770,-75.59200660,3.79,1536.300,23.934,0.000,,36,39,,
T,2023-04-13 22:47:05,6.27384778,-75.59200655,3.79,1536.306,23.934,0.000,,36,39,,
T,2023-04-13 22:47:06,6.27384782,-75.59200654,3.79,1536.306,23.934,0.000,,36,39,,
T,2023-04-13 22:47:07,6.27384781,-75.59200654,3.79,1536.307,23.934,0.000,,35,38,,
T,2023-04-13 22:47:08,6.27384781,-75.59200655,3.79,1536.311,23.934,0.000,,36,39,,
T,2023-04-13 22:47:09,6.27384779,-75.59200656,3.79,1536.312,23.934,0.000,,36,39,,
T,2023-04-13 22:47:10,6.27384778,-75.59200658,3.79,1536.313,23.934,0.000,,35,39,,
T,2023-04-13 22:47:11,6.27384777,-75.59200658,3.79,1536.315,23.934,0.000,,35,39,,
T,2023-04-13 22:47:12,6.27384776,-75.59200658,3.79,1536.315,23.934,0.000,,36,39,,
T,2023-04-13 22:47:13,6.27384781,-75.59200658,3.79,1536.322,23.934,0.000,,36,39,,
T,2023-04-13 22:47:14,6.27384775,-75.59200911,3.79,1535.786,23.934,0.300,311,36,39,,
T,2023-04-13 22:47:15,6.27384712,-75.59200975,3.79,1536.081,23.934,0.000,,36,39,,
T,2023-04-13 22:47:16,6.27384574,-75.59200961,3.79,1536.448,23.934,0.000,,36,39,,
T,2023-04-13 22:47:17,6.27384531,-75.59200950,3.79,1536.985,23.934,0.000,,36,39,,
T,2023-04-13 22:47:18,6.27384563,-75.59200985,3.79,1537.357,23.934,0.000,,36,39,,
T,2023-04-13 22:47:19,6.27384529,-75.59201041,3.79,1537.535,23.934,0.000,,36,39,,
T,2023-04-13 22:47:20,6.27384554,-75.59201176,3.79,1537.508,23.934,0.000,,36,39,,
T,2023-04-13 22:47:21,6.27384734,-75.59201192,3.79,1537.982,23.934,0.000,,36,39,,
T,2023-04-13 22:47:22,6.27384852,-75.59201282,3.79,1538.221,23.934,0.000,,36,39,,
T,2023-04-13 22:47:23,6.27385091,-75.59201194,3.79,1538.309,23.934,0.000,,36,39,,
T,2023-04-13 22:47:24,6.27385184,-75.59201159,3.79,1538.574,23.934,0.000,,36,39,,
T,2023-04-13 22:47:25,6.27385210,-75.59201183,3.79,1538.606,23.934,0.000,,36,39,,
T,2023-04-13 22:47:26,6.27385176,-75.59201231,3.79,1538.744,23.934,0.000,,36,39,,
T,2023-04-13 22:47:27,6.27384953,-75.59200451,3.79,1538.819,23.934,0.910,101,36,39,,
T,2023-04-13 22:47:28,6.27384215,-75.59197369,3.79,1538.814,23.934,3.820,104,34,39,,
T,2023-04-13 22:47:29,6.27383239,-75.59191353,3.79,1538.866,23.933,5.880,102,34,39,,
T,2023-04-13 22:47:30,6.27382433,-75.59184892,3.79,1539.301,23.933,6.840,102,34,39,,
T,2023-04-13 22:47:31,6.27380947,-75.59177583,3.79,1538.875,23.933,8.150,100,34,39,,
T,2023-04-13 22:47:32,6.27379684,-75.59168898,3.79,1539.187,23.932,9.380,99,35,39,,
T,2023-04-13 22:47:33,6.27377798,-75.59159900,3.79,1539.474,23.932,10.420,98,35,39,,
T,2023-04-13 22:47:34,6.27376313,-75.59149780,3.79,1539.713,23.931,11.430,96,35,39,,
T,2023-04-13 22:47:35,6.27375951,-75.59138886,3.79,1540.614,23.931,11.810,89,35,39,,
T,2023-04-13 22:47:36,6.27376654,-75.59127798,3.79,1541.707,23.930,12.410,84,32,39,,
T,2023-04-13 22:47:37,6.27378656,-75.59116107,3.79,1542.422,23.929,13.050,77,32,39,,
T,2023-04-13 22:47:38,6.27382047,-75.59104021,3.79,1542.824,23.929,13.690,70,32,39,,
T,2023-04-13 22:47:39,6.27386929,-75.59092315,3.79,1543.757,23.928,14.270,64,31,39,,
T,2023-04-13 22:47:40,6.27393707,-75.59079777,3.79,1543.050,23.927,15.170,58,31,39,,
T,2023-04-13 22:47:41,6.27402760,-75.59068396,3.79,1543.421,23.926,15.580,47,31,39,,
T,2023-04-13 22:47:42,6.27413188,-75.59058661,3.79,1544.027,23.926,15.430,40,32,39,,
T,2023-04-13 22:47:43,6.27424670,-75.59050365,3.79,1544.607,23.925,15.360,32,34,39,,
T,2023-04-13 22:47:44,6.27436869,-75.59044255,3.79,1546.173,23.924,15.130,22,34,39,,
T,2023-04-13 22:47:45,6.27449459,-75.59039199,3.79,1547.379,23.924,14.920,18,34,39,,
T,2023-04-13 22:47:46,6.27462264,-75.59035664,3.79,1548.826,23.923,14.710,11,35,39,,
T,2023-04-13 22:47:47,6.27475470,-75.59033438,3.79,1549.555,23.923,14.700,3,32,39,,
T,2023-04-13 22:47:48,6.27488376,-75.59033300,3.79,1550.261,23.923,14.690,356,30,39,,
T,2023-04-13 22:47:49,6.27501535,-75.59034678,3.79,1551.301,23.922,14.810,349,31,38,,
T,2023-04-13 22:47:50,6.27514255,-75.59037094,3.79,1552.091,23.922,14.640,346,33,38,,
T,2023-04-13 22:47:51,6.27525475,-75.59039182,3.79,1552.710,23.922,12.810,346,32,38,,
T,2023-04-13 22:47:52,6.27533455,-75.59040649,3.79,1553.144,23.922,9.680,346,33,39,,
T,2023-04-13 22:47:53,6.27540392,-75.59041702,3.79,1553.733,23.922,8.140,345,34,39,,
T,2023-04-13 22:47:54,6.27548015,-75.59042547,3.79,1554.495,23.922,8.500,357,34,39,,
T,2023-04-13 22:47:55,6.27555952,-75.59041802,3.79,1555.207,23.922,9.010,3,34,39,,
T,2023-04-13 22:47:56,6.27564322,-75.59040925,3.79,1556.721,23.921,9.450,10,35,39,,
T,2023-04-13 22:47:57,6.27573103,-75.59037499,3.79,1557.642,23.921,9.830,21,35,39,,
T,2023-04-13 22:47:58,6.27580183,-75.59033957,3.79,1558.264,23.921,8.620,27,35,39,,
T,2023-04-13 22:47:59,6.27585805,-75.59031067,3.79,1558.682,23.920,6.980,25,36,39,,
T,2023-04-13 22:48:00,6.27590418,-75.59027766,3.79,1559.710,23.920,6.360,33,36,39,,
T,2023-04-13 22:48:01,6.27595089,-75.59023867,3.79,1560.273,23.920,6.420,37,35,38,,
T,2023-04-13 22:48:02,6.27599425,-75.59019512,3.79,1560.984,23.919,6.560,43,35,38,,
T,2023-04-13 22:48:03,6.27603095,-75.59013841,3.79,1561.450,23.919,7.160,60,35,38,,
T,2023-04-13 22:48:04,6.27605735,-75.59007432,3.79,1561.369,23.919,7.270,68,33,38,,
T,2023-04-13 22:48:05,6.27608077,-75.59001371,3.79,1560.416,23.918,7.180,64,33,38,,
T,2023-04-13 22:48:06,6.27610618,-75.58993449,3.79,1559.721,23.918,9.380,74,33,38,,
T,2023-04-13 22:48:07,6.27612534,-75.58983827,3.79,1559.243,23.917,10.910,78,34,38,,
T,2023-04-13 22:48:08,6.27614947,-75.58972740,3.79,1559.234,23.917,12.540,78,33,38,,
T,2023-04-13 22:48:09,6.27618602,-75.58960777,3.79,1559.111,23.916,13.730,73,32,38,,
T,2023-04-13 22:48:10,6.27621896,-75.58948672,3.79,1557.926,23.915,13.930,72,32,38,,
T,2023-04-13 22:48:11,6.27625204,-75.58937243,3.79,1556.684,23.915,13.480,73,32,38,,
T,2023-04-13 22:48:12,6.27628918,-75.58926489,3.79,1555.402,23.914,13.070,72,32,38,,
T,2023-04-13 22:48:13,6.27632720,-75.58914021,3.79,1554.845,23.913,14.020,73,31,38,,
T,2023-04-13 22:48:14,6.27636169,-75.58901491,3.79,1554.730,23.912,14.180,79,31,38,,
T,2023-04-13 22:48:15,6.27638817,-75.58888797,3.79,1555.233,23.912,14.450,84,29,38,,
T,2023-04-13 22:48:16,6.27638535,-75.58876885,3.79,1556.306,23.911,13.790,84,29,38,,
T,2023-04-13 22:48:17,6.27639497,-75.58864293,3.79,1555.447,23.910,13.510,81,29,38,,
T,2023-04-13 22:48:18,6.27641022,-75.58852719,3.79,1555.980,23.910,12.560,80,27,38,,
T,2023-04-13 22:48:19,6.27642778,-75.58841834,3.79,1556.169,23.909,11.620,80,25,38,,
T,2023-04-13 22:48:20,6.27644053,-75.58832574,3.79,1555.411,23.909,10.790,79,22,38,,
T,2023-04-13 22:48:21,6.27645330,-75.58823681,3.79,1555.547,23.908,9.760,81,26,38,,
T,2023-04-13 22:48:22,6.27646618,-75.58815421,3.79,1555.845,23.908,9.370,80,27,38,,
T,2023-04-13 22:48:23,6.27647324,-75.58807357,9.94,1556.963,23.907,8.950,84,29,38,,
T,2023-04-13 22:48:24,6.27647464,-75.58800223,9.94,1557.080,23.907,7.990,87,29,37,,
T,2023-04-13 22:48:25,6.27647170,-75.58793459,9.94,1557.059,23.907,7.650,89,28,36,,
T,2023-04-13 22:48:26,6.27647086,-75.58785594,9.94,1558.180,23.906,8.700,85,28,36,,
T,2023-04-13 22:48:27,6.27647378,-75.58776343,9.94,1558.579,23.906,9.780,81,25,37,,
T,2023-04-13 22:48:28,6.27648033,-75.58767602,9.94,1557.850,23.905,9.860,81,26,36,,
T,2023-04-13 22:48:29,6.27648627,-75.58758937,9.94,1557.245,23.905,9.680,84,25,36,,
T,2023-04-13 22:48:30,6.27648910,-75.58750163,9.94,1557.449,23.904,9.640,85,26,35,,
T,2023-04-13 22:48:31,6.27648893,-75.58740984,9.94,1557.882,23.904,10.140,85,27,35,,
T,2023-04-13 22:48:32,6.27649008,-75.58731892,9.94,1558.548,23.903,10.020,90,29,35,,
T,2023-04-13 22:48:33,6.27648572,-75.58723476,9.94,1558.670,23.903,9.500,92,28,35,,
T,2023-04-13 22:48:34,6.27648142,-75.58715324,9.94,1558.834,23.902,9.190,92,28,35,,
T,2023-04-13 22:48:35,6.27647747,-75.58708572,9.94,1558.321,23.902,7.670,92,28,35,,
T,2023-04-13 22:48:36,6.27646449,-75.58701814,9.94,1557.685,23.902,7.360,96,27,35,,
T,2023-04-13 22:48:37,6.27646179,-75.58695934,9.94,1557.779,23.901,6.640,97,26,35,,
T,2023-04-13 22:48:38,6.27645336,-75.58690577,9.94,1557.091,23.901,6.070,93,26,35,,
T,2023-04-13 22:48:39,6.27644728,-75.58684685,9.94,1557.612,23.901,6.200,94,27,36,,
T,2023-04-13 22:48:40,6.27644360,-75.58679717,9.94,1557.401,23.901,5.720,96,26,36,,
T,2023-04-13 22:48:41,6.27643220,-75.58675582,9.94,1557.114,23.900,4.860,98,28,36,,
T,2023-04-13 22:48:42,6.27642024,-75.58672167,9.94,1555.666,23.900,3.880,98,29,36,,
T,2023-04-13 22:48:43,6.27641283,-75.58668923,9.94,1555.207,23.900,3.290,99,30,36,,
T,2023-04-13 22:48:44,6.27640343,-75.58665968,9.94,1554.401,23.900,3.260,102,28,36,,
T,2023-04-13 22:48:45,6.27638526,-75.58661298,9.94,1553.573,23.900,5.270,109,28,36,,
T,2023-04-13 22:48:46,6.27636690,-75.58655930,9.94,1552.483,23.900,5.670,109,29,36,,
T,2023-04-13 22:48:47,6.27634964,-75.58652065,9.94,1551.654,23.899,4.400,110,29,36,,
T,2023-04-13 22:48:48,6.27633840,-75.58648921,9.94,1552.264,23.899,3.950,105,30,36,,
T,2023-04-13 22:48:49,6.27633340,-75.58646140,9.94,1552.660,23.899,3.250,103,30,36,,
T,2023-04-13 22:48:50,6.27632438,-75.58643457,9.94,1552.438,23.899,2.920,105,29,37,,
T,2023-04-13 22:48:51,6.27631798,-75.58640905,9.94,1553.351,23.899,2.860,103,27,37,,
T,2023-04-13 22:48:52,6.27630920,-75.58636894,9.94,1552.194,23.899,4.250,101,27,37,,
T,2023-04-13 22:48:53,6.27629847,-75.58632667,9.94,1552.549,23.899,4.870,107,26,37,,
T,2023-04-13 22:48:54,6.27628185,-75.58627603,9.94,1552.680,23.898,6.120,110,26,37,,
T,2023-04-13 22:48:55,6.27626089,-75.58622633,9.94,1552.743,23.898,6.170,115,28,37,,
T,2023-04-13 22:48:56,6.27624253,-75.58618694,9.94,1552.792,23.898,5.150,113,30,36,,
T,2023-04-13 22:48:57,6.27622591,-75.58615641,9.94,1552.678,23.898,3.730,114,31,37,,
T,2023-04-13 22:48:58,6.27621777,-75.58613741,9.94,1553.020,23.898,2.180,114,33,36,,
T,2023-04-13 22:48:59,6.27621635,-75.58612845,9.94,1552.199,23.898,1.290,112,33,36,,
T,2023-04-13 22:49:00,6.27621576,-75.58612159,9.94,1552.028,23.898,0.500,111,31,36,,
T,2023-04-13 22:49:01,6.27621530,-75.58611389,9.94,1551.154,23.898,0.760,101,28,36,,
T,2023-04-13 22:49:02,6.27621645,-75.58610877,9.94,1551.258,23.898,0.490,95,27,36,,
T,2023-04-13 22:49:03,6.27621696,-75.58610664,9.94,1551.284,23.898,0.300,91,27,36,,
T,2023-04-13 22:49:04,6.27622120,-75.58609451,9.94,1551.218,23.898,1.700,72,24,36,,
T,2023-04-13 22:49:05,6.27624891,-75.58606944,9.94,1551.760,23.897,4.350,38,23,37,,
T,2023-04-13 22:49:06,6.27630719,-75.58604100,9.94,1552.825,23.897,6.350,22,25,37,,
T,2023-04-13 22:49:07,6.27635947,-75.58603183,9.94,1552.851,23.897,6.070,13,28,37,,
T,2023-04-13 22:49:08,6.27641675,-75.58602701,9.94,1553.697,23.897,6.790,8,31,37,,
T,2023-04-13 22:49:09,6.27647905,-75.58602455,9.94,1554.401,23.897,6.810,5,32,37,,
T,2023-04-13 22:49:10,6.27652741,-75.58602893,9.94,1555.096,23.897,5.410,2,32,37,,
T,2023-04-13 22:49:11,6.27655958,-75.58603494,9.94,1555.568,23.896,3.620,348,31,37,,
T,2023-04-13 22:49:12,6.27658318,-75.58604258,9.94,1555.241,23.896,2.930,351,30,37,,
T,2023-04-13 22:49:13,6.27660434,-75.58603365,9.94,1555.359,23.896,2.780,40,30,37,,
T,2023-04-13 22:49:14,6.27663072,-75.58600291,9.94,1555.342,23.896,4.120,49,28,37,,
T,2023-04-13 22:49:15,6.27666822,-75.58597100,9.94,1555.725,23.896,5.390,29,26,37,,
T,2023-04-13 22:49:16,6.27670862,-75.58594409,9.94,1556.518,23.896,5.700,27,27,37,,
T,2023-04-13 22:49:17,6.27675024,-75.58592708,9.94,1557.416,23.895,5.160,28,26,37,,
T,2023-04-13 22:49:18,6.27677186,-75.58591133,9.94,1557.063,23.895,3.250,17,26,37,,
T,2023-04-13 22:49:19,6.27678996,-75.58589622,9.94,1556.450,23.895,2.940,36,25,37,,
T,2023-04-13 22:49:20,6.27677688,-75.58587497,9.94,1556.802,23.895,2.500,123,25,37,,
T,2023-04-13 22:49:21,6.27678530,-75.58587249,9.94,1556.805,23.895,0.550,91,27,37,,
T,2023-04-13 22:49:22,6.27678625,-75.58587223,9.94,1556.678,23.895,0.210,91,28,37,,
T,2023-04-13 22:49:23,6.27678625,-75.58587088,9.94,1556.085,23.895,0.000,,28,37,,
T,2023-04-13 22:49:24,6.27678736,-75.58587136,9.94,1555.844,23.895,0.000,,27,35,,
T,2023-04-13 22:49:25,6.27678963,-75.58587212,9.94,1556.041,23.895,0.000,,24,35,,
T,2023-04-13 22:49:26,6.27679050,-75.58587364,9.94,1556.315,23.895,0.000,,24,35,,
T,2023-04-13 22:49:27,6.27679066,-75.58587417,9.94,1556.355,23.895,0.000,,24,34,,
T,2023-04-13 22:49:28,6.27679091,-75.58587542,9.94,1556.420,23.895,0.000,,24,33,,
T,2023-04-13 22:49:29,6.27679233,-75.58587671,10.03,1556.747,23.895,0.000,,24,33,,
T,2023-04-13 22:49:30,6.27679444,-75.58587837,9.94,1556.675,23.895,0.000,,26,33,,
T,2023-04-13 22:49:31,6.27679585,-75.58587928,9.94,1556.783,23.895,0.000,,28,33,,
T,2023-04-13 22:49:32,6.27679677,-75.58588006,9.94,1556.908,23.895,0.000,,28,32,,
T,2023-04-13 22:49:33,6.27679745,-75.58588055,9.94,1557.017,23.895,0.000,,28,33,,
T,2023-04-13 22:49:34,6.27679856,-75.58588028,9.94,1556.990,23.895,0.000,,29,35,,
T,2023-04-13 22:49:35,6.27679978,-75.58588069,9.94,1557.467,23.895,0.000,,31,35,,
T,2023-04-13 22:49:36,6.27680012,-75.58588070,9.94,1557.587,23.895,0.000,,31,35,,
T,2023-04-13 22:49:37,6.27680038,-75.58588072,9.94,1557.587,23.895,0.000,,31,35,,
T,2023-04-13 22:49:38,6.27680046,-75.58588074,9.94,1557.590,23.895,0.000,,32,36,,
T,2023-04-13 22:49:39,6.27680050,-75.58588075,9.94,1557.595,23.895,0.000,,32,36,,
T,2023-04-13 22:49:40,6.27680051,-75.58588076,9.94,1557.596,23.895,0.000,,32,36,,
T,2023-04-13 22:49:41,6.27680052,-75.58588078,9.94,1557.596,23.895,0.000,,30,37,,
