type,date time,latitude,longitude,accuracy(m),altitude(m),geoid_height(m),speed(m/s),bearing(deg),sat_used,sat_inview,name,desc
T,2023-05-17 11:23:02,6.23351530,-75.59364434,7.45,1551.953,24.029,0.000,,13,26,20230517-062302,GPS Logger: 20230517-062302 - Honda-cb125f_ruta 12
T,2023-05-17 11:23:03,6.23351708,-75.59362827,6.82,1554.946,24.029,0.000,,13,26,,
T,2023-05-17 11:23:04,6.23350585,-75.59361002,7.69,1555.764,24.029,0.000,,13,26,,
T,2023-05-17 11:23:05,6.23348983,-75.59358826,8.21,1558.052,24.029,0.000,,13,26,,
T,2023-05-17 11:23:06,6.23349750,-75.59359608,8.27,1556.002,24.029,0.000,,13,26,,
T,2023-05-17 11:23:07,6.23351022,-75.59361091,7.97,1553.099,24.029,0.000,,10,26,,
T,2023-05-17 11:23:08,6.23351738,-75.59362992,8.12,1550.887,24.029,0.000,,12,26,,
T,2023-05-17 11:23:09,6.23352331,-75.59363981,7.40,1547.572,24.029,0.000,,12,26,,
T,2023-05-17 11:23:10,6.23351395,-75.59363864,7.42,1546.880,24.029,0.000,,11,26,,
T,2023-05-17 11:23:11,6.23351742,-75.59364599,6.75,1545.992,24.029,0.000,,12,26,,
T,2023-05-17 11:23:12,6.23351966,-75.59364886,6.03,1545.505,24.029,0.000,,14,26,,
T,2023-05-17 11:23:13,6.23360271,-75.59365756,5.34,1538.864,24.029,3.980,359,16,26,,
T,2023-05-17 11:23:14,6.23367213,-75.59365317,4.83,1530.172,24.029,4.860,7,16,26,,
T,2023-05-17 11:23:15,6.23373609,-75.59366546,5.42,1528.622,24.029,5.230,2,15,26,,
T,2023-05-17 11:23:16,6.23379608,-75.59366803,5.51,1527.792,24.029,6.390,13,15,26,,
T,2023-05-17 11:23:17,6.23385977,-75.59365520,5.74,1526.837,24.028,7.500,9,13,26,,
T,2023-05-17 11:23:18,6.23395171,-75.59368656,6.26,1527.113,24.028,8.550,0,11,26,,
T,2023-05-17 11:23:19,6.23402320,-75.59370838,6.69,1524.037,24.028,8.330,358,11,26,,
T,2023-05-17 11:23:20,6.23412444,-75.59371998,6.70,1518.889,24.028,8.730,359,11,26,,
T,2023-05-17 11:23:21,6.23420533,-75.59373640,7.70,1517.472,24.028,8.660,357,10,26,,
T,2023-05-17 11:23:22,6.23430716,-75.59374236,8.07,1513.767,24.028,9.020,357,9,26,,
T,2023-05-17 11:23:23,6.23440647,-75.59374314,8.57,1512.351,24.028,9.090,358,11,26,,
T,2023-05-17 11:23:24,6.23448783,-75.59373715,9.05,1510.295,24.028,9.000,359,12,26,,
T,2023-05-17 11:23:25,6.23459058,-75.59373925,9.64,1509.254,24.027,9.490,2,13,26,,
T,2023-05-17 11:23:26,6.23466161,-75.59376552,8.02,1510.996,24.027,9.020,0,14,26,,
T,2023-05-17 11:23:27,6.23473365,-75.59373909,8.29,1513.165,24.027,8.930,1,14,26,,
T,2023-05-17 11:23:28,6.23482597,-75.59375615,9.05,1512.851,24.027,9.100,358,15,26,,
T,2023-05-17 11:23:29,6.23487542,-75.59372432,10.07,1511.570,24.027,8.380,1,15,26,,
T,2023-05-17 11:23:30,6.23497387,-75.59374634,11.01,1511.227,24.027,8.920,359,14,26,,
T,2023-05-17 11:23:31,6.23500392,-75.59373765,11.34,1510.806,24.027,7.490,2,12,25,,
T,2023-05-17 11:23:32,6.23505955,-75.59374448,11.16,1509.966,24.027,6.880,357,13,26,,
T,2023-05-17 11:23:33,6.23512261,-75.59376142,8.90,1510.040,24.027,6.390,359,13,26,,
T,2023-05-17 11:23:34,6.23517485,-75.59376198,9.67,1507.884,24.026,6.320,360,12,26,,
T,2023-05-17 11:23:35,6.23521358,-75.59375369,9.37,1507.946,24.026,4.490,6,13,26,,
T,2023-05-17 11:23:36,6.23526006,-75.59374776,9.06,1509.676,24.026,4.320,17,14,26,,
T,2023-05-17 11:23:37,6.23530870,-75.59374556,8.90,1509.726,24.026,4.070,27,15,26,,
T,2023-05-17 11:23:38,6.23534588,-75.59373516,9.24,1510.906,24.026,3.690,36,14,26,,
T,2023-05-17 11:23:39,6.23539053,-75.59368951,8.58,1510.972,24.026,5.080,42,13,26,,
T,2023-05-17 11:23:40,6.23542734,-75.59366234,9.19,1510.993,24.025,5.090,42,13,26,,
T,2023-05-17 11:23:41,6.23547102,-75.59363780,9.15,1510.526,24.025,5.290,42,13,26,,
T,2023-05-17 11:23:42,6.23553593,-75.59357053,9.67,1509.625,24.025,7.310,42,13,26,,
T,2023-05-17 11:23:43,6.23559248,-75.59347419,8.55,1510.634,24.024,8.650,45,13,26,,
T,2023-05-17 11:23:44,6.23566949,-75.59342796,8.28,1510.723,24.024,9.400,45,13,26,,
T,2023-05-17 11:23:45,6.23572400,-75.59335001,8.30,1510.151,24.023,10.180,47,12,26,,
T,2023-05-17 11:23:46,6.23579604,-75.59328181,8.24,1510.170,24.023,10.290,48,12,26,,
T,2023-05-17 11:23:47,6.23590261,-75.59321435,7.26,1513.419,24.022,10.980,47,12,26,,
T,2023-05-17 11:23:48,6.23600233,-75.59312218,6.61,1513.010,24.022,12.380,45,12,26,,
T,2023-05-17 11:23:49,6.23609299,-75.59303597,7.12,1512.969,24.021,12.590,46,13,25,,
T,2023-05-17 11:23:50,6.23619378,-75.59293437,7.70,1511.530,24.020,13.550,45,13,26,,
T,2023-05-17 11:23:51,6.23628151,-75.59283583,8.50,1509.810,24.019,13.960,45,13,26,,
T,2023-05-17 11:23:52,6.23636467,-75.59273945,9.12,1510.009,24.019,13.990,47,14,26,,
T,2023-05-17 11:23:53,6.23646264,-75.59263851,10.17,1510.948,24.018,14.260,47,14,26,,
T,2023-05-17 11:23:54,6.23657553,-75.59253868,11.60,1512.827,24.017,14.760,46,14,26,,
T,2023-05-17 11:23:55,6.23671638,-75.59239335,9.57,1512.216,24.016,16.020,46,13,26,,
T,2023-05-17 11:23:56,6.23687503,-75.59227721,9.50,1512.962,24.015,16.490,46,13,26,,
T,2023-05-17 11:23:57,6.23698172,-75.59218544,9.33,1513.751,24.015,16.340,45,14,26,,
T,2023-05-17 11:23:58,6.23709759,-75.59206791,8.42,1513.557,24.014,16.920,45,15,26,,
T,2023-05-17 11:23:59,6.23722646,-75.59195730,8.49,1514.523,24.013,17.020,45,15,26,,
T,2023-05-17 11:24:00,6.23735289,-75.59182896,8.18,1513.647,24.012,17.480,45,15,26,,
T,2023-05-17 11:24:01,6.23743584,-75.59173199,11.60,1512.607,24.011,16.740,45,15,26,,
T,2023-05-17 11:24:02,6.23755285,-75.59161468,11.18,1513.902,24.011,16.470,46,15,26,,
T,2023-05-17 11:24:03,6.23764587,-75.59149214,10.91,1512.651,24.010,16.590,47,14,26,,
T,2023-05-17 11:24:04,6.23776566,-75.59137077,11.09,1512.152,24.009,16.860,47,14,26,,
T,2023-05-17 11:24:05,6.23786543,-75.59126473,10.77,1510.263,24.008,16.430,47,14,26,,
T,2023-05-17 11:24:06,6.23796393,-75.59116755,10.91,1510.870,24.008,15.830,45,14,26,,
T,2023-05-17 11:24:07,6.23805786,-75.59106443,11.17,1512.099,24.007,15.800,46,14,26,,
T,2023-05-17 11:24:08,6.23816235,-75.59096671,11.51,1512.095,24.006,15.840,45,14,26,,
T,2023-05-17 11:24:09,6.23824954,-75.59087308,11.53,1509.443,24.005,15.520,44,14,26,,
T,2023-05-17 11:24:10,6.23835839,-75.59077422,11.35,1508.307,24.005,15.760,43,15,26,,
T,2023-05-17 11:24:11,6.23844041,-75.59068390,11.00,1507.426,24.004,15.730,43,15,26,,
T,2023-05-17 11:24:12,6.23854850,-75.59057594,11.10,1506.633,24.003,16.220,43,15,26,,
T,2023-05-17 11:24:13,6.23864169,-75.59049251,11.16,1505.028,24.003,16.200,43,15,26,,
T,2023-05-17 11:24:14,6.23876271,-75.59037709,11.57,1505.771,24.002,16.840,44,15,26,,
T,2023-05-17 11:24:15,6.23885148,-75.59027783,11.45,1504.536,24.001,16.830,44,15,25,,
T,2023-05-17 11:24:16,6.23896051,-75.59015883,11.15,1502.869,24.000,17.300,45,15,26,,
T,2023-05-17 11:24:17,6.23908406,-75.59003548,11.10,1501.624,23.999,17.720,44,15,26,,
T,2023-05-17 11:24:18,6.23918278,-75.58993696,10.80,1503.277,23.999,17.640,44,15,26,,
T,2023-05-17 11:24:19,6.23930445,-75.58982383,10.71,1502.971,23.998,18.080,44,15,26,,
T,2023-05-17 11:24:20,6.23943219,-75.58969895,10.72,1502.451,23.997,18.530,44,16,26,,
T,2023-05-17 11:24:21,6.23954239,-75.58959072,10.63,1501.153,23.996,18.490,44,16,26,,
T,2023-05-17 11:24:22,6.23965434,-75.58947066,10.72,1499.038,23.995,18.280,44,16,26,,
T,2023-05-17 11:24:23,6.23976595,-75.58935239,10.68,1497.263,23.995,17.690,45,16,26,,
T,2023-05-17 11:24:24,6.23987882,-75.58923884,10.66,1495.729,23.994,17.270,44,15,26,,
T,2023-05-17 11:24:25,6.23996658,-75.58914405,10.62,1495.561,23.993,16.820,44,15,26,,
T,2023-05-17 11:24:26,6.24007930,-75.58903754,10.60,1494.020,23.992,16.270,44,15,26,,
T,2023-05-17 11:24:27,6.24018772,-75.58893782,10.75,1493.080,23.992,16.050,44,15,26,,
T,2023-05-17 11:24:28,6.24028637,-75.58883355,10.70,1491.990,23.991,15.620,44,15,26,,
T,2023-05-17 11:24:29,6.24037808,-75.58874523,11.06,1492.123,23.990,14.980,44,15,26,,
T,2023-05-17 11:24:30,6.24047648,-75.58864501,11.67,1493.191,23.990,15.000,44,15,26,,
T,2023-05-17 11:24:31,6.24055941,-75.58856389,11.90,1493.344,23.989,14.320,44,15,26,,
T,2023-05-17 11:24:32,6.24063571,-75.58847496,11.70,1492.634,23.988,13.910,45,15,26,,
T,2023-05-17 11:24:33,6.24072422,-75.58838162,11.72,1492.714,23.988,13.810,46,15,26,,
T,2023-05-17 11:24:34,6.24077835,-75.58830835,11.79,1491.378,23.987,12.520,45,15,26,,
T,2023-05-17 11:24:35,6.24085876,-75.58823552,11.37,1491.091,23.987,11.410,46,14,26,,
T,2023-05-17 11:24:36,6.24093655,-75.58815632,11.46,1490.754,23.986,11.360,48,15,26,,
T,2023-05-17 11:24:37,6.24100493,-75.58809324,12.09,1490.495,23.986,10.810,49,15,26,,
T,2023-05-17 11:24:38,6.24104195,-75.58803875,11.57,1489.378,23.985,8.840,50,15,26,,
T,2023-05-17 11:24:39,6.24107298,-75.58798985,11.56,1489.064,23.985,7.300,49,15,26,,
T,2023-05-17 11:24:40,6.24111841,-75.58794120,11.42,1488.953,23.985,5.840,47,16,26,,
T,2023-05-17 11:24:41,6.24114405,-75.58792411,11.01,1489.611,23.984,2.980,43,16,26,,
T,2023-05-17 11:24:42,6.24115218,-75.58791173,10.74,1489.616,23.984,2.020,43,14,26,,
T,2023-05-17 11:24:43,6.24114543,-75.58790778,10.66,1489.632,23.984,1.040,50,14,26,,
T,2023-05-17 11:24:44,6.24114104,-75.58790601,10.56,1488.713,23.984,0.550,46,15,26,,
T,2023-05-17 11:24:45,6.24113983,-75.58792664,10.98,1487.589,23.984,0.350,47,15,26,,
T,2023-05-17 11:24:46,6.24114954,-75.58792330,11.37,1488.411,23.984,0.290,47,14,26,,
T,2023-05-17 11:24:47,6.24115119,-75.58792679,12.14,1487.666,23.984,0.660,51,15,26,,
T,2023-05-17 11:24:48,6.24115866,-75.58791512,12.06,1486.658,23.984,0.930,53,17,26,,
T,2023-05-17 11:24:49,6.24115328,-75.58790227,12.37,1487.685,23.984,0.540,54,17,26,,
T,2023-05-17 11:24:50,6.24114658,-75.58789415,11.92,1487.606,23.984,0.220,55,16,26,,
T,2023-05-17 11:24:51,6.24114286,-75.58788883,13.09,1488.384,23.984,0.000,,16,26,,
T,2023-05-17 11:24:52,6.24113899,-75.58788753,12.93,1488.913,23.984,0.000,,16,26,,
T,2023-05-17 11:24:53,6.24114402,-75.58788622,12.97,1489.148,23.984,0.000,,15,26,,
T,2023-05-17 11:24:54,6.24115252,-75.58788647,12.58,1489.111,23.984,0.000,,15,26,,
T,2023-05-17 11:24:55,6.24115251,-75.58789399,12.27,1488.939,23.984,0.000,,15,26,,
T,2023-05-17 11:24:56,6.24115557,-75.58789612,12.21,1488.515,23.984,0.000,,15,26,,
T,2023-05-17 11:24:57,6.24115853,-75.58790108,11.64,1488.339,23.984,0.000,,16,26,,
T,2023-05-17 11:24:58,6.24116097,-75.58790011,11.28,1488.334,23.984,0.000,,16,26,,
T,2023-05-17 11:24:59,6.24115641,-75.58790089,11.36,1488.128,23.984,0.000,,16,26,,
T,2023-05-17 11:25:00,6.24115371,-75.58790112,11.66,1487.868,23.984,0.000,,15,26,,
T,2023-05-17 11:25:01,6.24115171,-75.58790236,11.74,1487.355,23.984,0.000,,15,26,,
T,2023-05-17 11:25:02,6.24115290,-75.58790281,11.82,1487.580,23.984,0.000,,16,26,,
T,2023-05-17 11:25:03,6.24115267,-75.58790490,11.66,1487.342,23.984,0.000,,15,26,,
T,2023-05-17 11:25:04,6.24115014,-75.58790472,11.44,1487.568,23.984,0.000,,15,26,,
T,2023-05-17 11:25:05,6.24114897,-75.58790470,11.42,1487.691,23.984,0.000,,15,26,,
T,2023-05-17 11:25:06,6.24114462,-75.58790270,11.33,1487.933,23.984,0.000,,15,26,,
T,2023-05-17 11:25:07,6.24114327,-75.58790286,11.30,1487.894,23.984,0.000,,15,26,,
T,2023-05-17 11:25:08,6.24114346,-75.58790214,11.07,1487.865,23.984,0.000,,15,26,,
T,2023-05-17 11:25:09,6.24121247,-75.58784907,10.93,1488.490,23.984,6.110,44,16,26,,
T,2023-05-17 11:25:10,6.24124072,-75.58780280,10.86,1487.914,23.984,6.580,45,17,26,,
T,2023-05-17 11:25:11,6.24129904,-75.58773867,11.29,1485.869,23.983,7.590,46,17,26,,
T,2023-05-17 11:25:12,6.24136335,-75.58767081,11.73,1485.622,23.983,8.360,47,17,26,,
T,2023-05-17 11:25:13,6.24143423,-75.58759822,11.99,1485.363,23.982,9.600,46,16,26,,
T,2023-05-17 11:25:14,6.24150984,-75.58753357,11.82,1485.209,23.982,10.590,45,15,26,,
T,2023-05-17 11:25:15,6.24157791,-75.58744528,11.62,1485.498,23.981,11.310,46,14,26,,
T,2023-05-17 11:25:16,6.24169072,-75.58734728,11.82,1485.719,23.980,12.310,46,12,26,,
T,2023-05-17 11:25:17,6.24182210,-75.58725123,11.88,1484.180,23.980,13.610,44,14,26,,
T,2023-05-17 11:25:18,6.24188032,-75.58716535,11.80,1482.804,23.979,13.490,45,14,26,,
T,2023-05-17 11:25:19,6.24199425,-75.58705810,11.78,1481.999,23.978,14.300,45,15,26,,
T,2023-05-17 11:25:20,6.24208152,-75.58694311,12.45,1480.634,23.978,14.670,47,15,26,,
T,2023-05-17 11:25:21,6.24218443,-75.58686092,12.09,1480.072,23.977,15.320,46,15,26,,
T,2023-05-17 11:25:22,6.24227868,-75.58677428,11.61,1480.720,23.976,15.710,45,15,26,,
T,2023-05-17 11:25:23,6.24239549,-75.58666062,11.57,1479.958,23.975,16.080,45,14,26,,
T,2023-05-17 11:25:24,6.24250349,-75.58655265,11.69,1479.103,23.975,16.260,45,14,26,,
T,2023-05-17 11:25:25,6.24260220,-75.58645205,11.64,1480.239,23.974,15.950,44,13,26,,
T,2023-05-17 11:25:26,6.24270712,-75.58636118,11.63,1480.833,23.973,15.740,43,13,26,,
T,2023-05-17 11:25:27,6.24281595,-75.58626299,11.90,1479.390,23.973,16.070,42,13,25,,
T,2023-05-17 11:25:28,6.24293308,-75.58615146,12.13,1480.050,23.972,16.550,44,13,26,,
T,2023-05-17 11:25:29,6.24302609,-75.58605565,12.31,1478.822,23.971,16.800,46,13,26,,
T,2023-05-17 11:25:30,6.24313326,-75.58594238,12.18,1479.883,23.970,16.640,46,13,26,,
T,2023-05-17 11:25:31,6.24322957,-75.58582113,12.35,1479.517,23.969,16.480,47,13,26,,
T,2023-05-17 11:25:32,6.24335099,-75.58570710,12.43,1479.726,23.969,16.650,47,13,26,,
T,2023-05-17 11:25:33,6.24345639,-75.58560919,12.82,1478.091,23.968,16.360,46,13,25,,
T,2023-05-17 11:25:34,6.24357580,-75.58549720,12.31,1478.173,23.967,16.540,46,14,26,,
T,2023-05-17 11:25:35,6.24366694,-75.58538587,12.53,1478.060,23.966,16.580,46,14,26,,
T,2023-05-17 11:25:36,6.24376438,-75.58527116,12.33,1478.208,23.966,16.850,46,14,26,,
T,2023-05-17 11:25:37,6.24387854,-75.58515771,12.25,1477.855,23.965,17.340,45,14,26,,
T,2023-05-17 11:25:38,6.24400296,-75.58504635,12.05,1477.084,23.964,17.630,45,14,25,,
T,2023-05-17 11:25:39,6.24412378,-75.58493699,12.07,1477.480,23.963,17.460,44,14,26,,
T,2023-05-17 11:25:40,6.24424270,-75.58482569,12.35,1477.013,23.962,17.230,43,14,26,,
T,2023-05-17 11:25:41,6.24437607,-75.58472189,12.31,1477.449,23.962,17.290,42,13,26,,
T,2023-05-17 11:25:42,6.24448956,-75.58463113,12.52,1475.966,23.961,17.130,41,13,26,,
T,2023-05-17 11:25:43,6.24461210,-75.58452363,12.30,1475.489,23.960,17.460,42,13,26,,
T,2023-05-17 11:25:44,6.24471928,-75.58442718,12.33,1473.422,23.959,17.290,42,13,26,,
T,2023-05-17 11:25:45,6.24483998,-75.58433226,12.00,1472.947,23.959,17.110,41,13,26,,
T,2023-05-17 11:25:46,6.24492374,-75.58424014,11.85,1471.761,23.958,15.840,43,12,26,,
T,2023-05-17 11:25:47,6.24501182,-75.58414824,11.72,1471.330,23.957,14.870,42,14,26,,
T,2023-05-17 11:25:48,6.24508994,-75.58406437,11.35,1470.572,23.957,13.340,43,14,26,,
T,2023-05-17 11:25:49,6.24517365,-75.58397786,11.37,1469.966,23.956,12.350,43,14,26,,
T,2023-05-17 11:25:50,6.24524654,-75.58390496,11.09,1470.228,23.956,11.320,43,14,26,,
T,2023-05-17 11:25:51,6.24530050,-75.58384080,11.29,1469.960,23.955,9.650,41,14,26,,
T,2023-05-17 11:25:52,6.24534232,-75.58379483,11.50,1470.371,23.955,8.170,38,14,26,,
T,2023-05-17 11:25:53,6.24540921,-75.58377234,11.46,1471.679,23.955,6.800,24,13,26,,
T,2023-05-17 11:25:54,6.24548052,-75.58376466,11.10,1471.405,23.954,6.930,3,13,26,,
T,2023-05-17 11:25:55,6.24554761,-75.58377148,11.16,1470.875,23.954,7.210,350,13,26,,
T,2023-05-17 11:25:56,6.24560945,-75.58377971,11.75,1469.937,23.954,7.180,344,13,26,,
T,2023-05-17 11:25:57,6.24568663,-75.58380069,12.09,1470.870,23.954,7.550,344,14,25,,
T,2023-05-17 11:25:58,6.24573095,-75.58380848,12.94,1470.256,23.954,6.930,350,14,26,,
T,2023-05-17 11:25:59,6.24585181,-75.58381723,12.37,1469.655,23.954,9.340,357,14,26,,
T,2023-05-17 11:26:00,6.24595467,-75.58383096,12.23,1469.899,23.954,9.910,1,15,26,,
T,2023-05-17 11:26:01,6.24605859,-75.58382542,11.90,1469.133,23.954,10.810,5,15,26,,
T,2023-05-17 11:26:02,6.24616754,-75.58381866,11.44,1469.934,23.953,11.630,7,14,26,,
T,2023-05-17 11:26:03,6.24627833,-75.58380503,11.10,1469.756,23.953,11.970,11,13,26,,
T,2023-05-17 11:26:04,6.24637010,-75.58376495,10.92,1470.311,23.953,12.020,12,15,26,,
T,2023-05-17 11:26:05,6.24648789,-75.58374768,11.02,1470.609,23.952,12.450,14,16,26,,
T,2023-05-17 11:26:06,6.24659725,-75.58372907,10.99,1470.774,23.952,12.550,14,15,26,,
T,2023-05-17 11:26:07,6.24671616,-75.58370374,10.99,1469.873,23.952,12.370,13,15,26,,
T,2023-05-17 11:26:08,6.24681891,-75.58368596,11.14,1470.248,23.951,12.000,12,15,26,,
T,2023-05-17 11:26:09,6.24694585,-75.58366941,11.55,1470.914,23.951,12.450,11,14,26,,
T,2023-05-17 11:26:10,6.24702837,-75.58364383,11.79,1470.868,23.951,11.350,11,14,26,,
T,2023-05-17 11:26:11,6.24713734,-75.58364650,11.94,1468.434,23.951,10.630,11,15,26,,
T,2023-05-17 11:26:12,6.24720152,-75.58361303,11.83,1469.235,23.950,9.120,13,15,26,,
T,2023-05-17 11:26:13,6.24728048,-75.58359332,12.16,1469.644,23.950,8.510,15,14,26,,
T,2023-05-17 11:26:14,6.24733918,-75.58358708,12.56,1468.929,23.950,7.940,14,14,26,,
T,2023-05-17 11:26:15,6.24739812,-75.58356265,13.09,1471.341,23.950,7.510,10,13,26,,
T,2023-05-17 11:26:16,6.24744208,-75.58353887,13.62,1471.376,23.949,6.700,5,13,26,,
T,2023-05-17 11:26:17,6.24746835,-75.58354011,13.76,1472.012,23.949,5.500,5,13,25,,
T,2023-05-17 11:26:18,6.24749561,-75.58352209,13.77,1470.922,23.949,5.020,6,13,26,,
T,2023-05-17 11:26:19,6.24744434,-75.58352997,12.72,1470.313,23.949,1.950,13,15,26,,
T,2023-05-17 11:26:20,6.24744930,-75.58351879,12.02,1470.650,23.949,0.670,11,15,26,,
T,2023-05-17 11:26:21,6.24746400,-75.58351155,12.34,1469.889,23.949,0.700,14,16,25,,
T,2023-05-17 11:26:22,6.24745023,-75.58349691,12.79,1470.410,23.949,0.480,15,15,26,,
T,2023-05-17 11:26:23,6.24744147,-75.58349364,13.61,1470.431,23.949,0.250,15,16,26,,
T,2023-05-17 11:26:24,6.24744749,-75.58349094,14.09,1471.137,23.949,0.250,17,16,26,,
T,2023-05-17 11:26:25,6.24744342,-75.58349663,14.58,1472.013,23.949,0.460,17,16,26,,
T,2023-05-17 11:26:26,6.24745276,-75.58350325,14.13,1471.507,23.949,0.370,17,16,26,,
T,2023-05-17 11:26:27,6.24745725,-75.58351135,13.67,1471.591,23.949,0.210,16,13,26,,
T,2023-05-17 11:26:28,6.24746214,-75.58351931,13.59,1472.136,23.949,0.180,16,13,26,,
T,2023-05-17 11:26:29,6.24746672,-75.58352067,13.02,1472.281,23.949,0.000,,12,26,,
T,2023-05-17 11:26:30,6.24747005,-75.58351951,12.87,1472.963,23.949,0.170,16,13,26,,
T,2023-05-17 11:26:31,6.24747027,-75.58352057,12.79,1473.174,23.949,0.190,15,14,26,,
T,2023-05-17 11:26:32,6.24747061,-75.58352492,12.85,1473.629,23.949,0.000,,14,26,,
T,2023-05-17 11:26:33,6.24747506,-75.58353526,12.86,1473.572,23.949,0.470,15,15,26,,
T,2023-05-17 11:26:34,6.24747691,-75.58354266,12.88,1472.633,23.949,0.230,15,14,26,,
T,2023-05-17 11:26:35,6.24747232,-75.58354400,13.33,1473.976,23.949,0.380,15,16,26,,
T,2023-05-17 11:26:36,6.24746800,-75.58354268,13.14,1474.293,23.949,0.000,,16,26,,
T,2023-05-17 11:26:37,6.24746546,-75.58353878,13.29,1474.782,23.949,0.000,,16,26,,
T,2023-05-17 11:26:38,6.24745998,-75.58353991,13.21,1474.582,23.949,0.000,,16,26,,
T,2023-05-17 11:26:39,6.24746153,-75.58354143,13.11,1475.310,23.949,0.000,,16,26,,
T,2023-05-17 11:26:40,6.24746282,-75.58354502,12.89,1475.730,23.949,0.000,,16,26,,
T,2023-05-17 11:26:41,6.24746838,-75.58354302,12.62,1476.043,23.949,0.000,,14,27,,
T,2023-05-17 11:26:42,6.24747598,-75.58353763,12.37,1476.874,23.949,0.000,,14,27,,
T,2023-05-17 11:26:43,6.24748119,-75.58354183,11.98,1476.495,23.949,0.000,,15,27,,
T,2023-05-17 11:26:44,6.24747308,-75.58354212,11.80,1476.500,23.949,0.000,,14,27,,
T,2023-05-17 11:26:45,6.24747339,-75.58354081,11.71,1476.466,23.949,0.000,,15,27,,
T,2023-05-17 11:26:46,6.24747305,-75.58353940,11.58,1476.740,23.949,0.000,,14,27,,
T,2023-05-17 11:26:47,6.24746996,-75.58353928,11.43,1475.947,23.949,0.000,,15,27,,
T,2023-05-17 11:26:48,6.24746980,-75.58353603,11.52,1476.659,23.949,0.000,,15,27,,
T,2023-05-17 11:26:49,6.24747160,-75.58353554,11.49,1476.814,23.949,0.000,,15,27,,
T,2023-05-17 11:26:50,6.24746768,-75.58353603,11.40,1476.430,23.949,0.000,,16,27,,
T,2023-05-17 11:26:51,6.24746660,-75.58353530,10.98,1476.314,23.949,0.000,,16,27,,
T,2023-05-17 11:26:52,6.24746489,-75.58353576,10.86,1475.843,23.949,0.000,,16,27,,
T,2023-05-17 11:26:53,6.24750638,-75.58352560,10.82,1476.568,23.949,3.710,19,16,27,,
T,2023-05-17 11:26:54,6.24760200,-75.58350681,10.66,1479.545,23.949,5.750,19,16,27,,
T,2023-05-17 11:26:55,6.24768302,-75.58349354,10.61,1481.613,23.949,7.320,17,16,27,,
T,2023-05-17 11:26:56,6.24776187,-75.58346053,10.81,1479.090,23.948,8.060,15,15,27,,
T,2023-05-17 11:26:57,6.24784977,-75.58344594,11.38,1479.559,23.948,8.530,15,15,27,,
T,2023-05-17 11:26:58,6.24790070,-75.58341714,11.46,1477.037,23.948,9.440,17,15,27,,
T,2023-05-17 11:26:59,6.24798588,-75.58338911,11.79,1478.571,23.948,9.820,18,15,27,,
T,2023-05-17 11:27:00,6.24809949,-75.58336722,11.74,1478.270,23.947,11.380,14,14,27,,
T,2023-05-17 11:27:01,6.24821625,-75.58334784,12.08,1478.748,23.947,11.770,15,13,27,,
T,2023-05-17 11:27:02,6.24831973,-75.58331922,11.37,1480.512,23.947,11.240,14,14,27,,
T,2023-05-17 11:27:03,6.24843641,-75.58330803,11.23,1479.770,23.946,11.400,13,14,27,,
T,2023-05-17 11:27:04,6.24853589,-75.58328254,10.98,1479.652,23.946,11.570,9,15,27,,
T,2023-05-17 11:27:05,6.24861313,-75.58326391,11.03,1477.931,23.946,11.370,9,16,27,,
T,2023-05-17 11:27:06,6.24871326,-75.58324370,11.25,1477.238,23.945,11.400,8,16,27,,
T,2023-05-17 11:27:07,6.24880764,-75.58321553,11.83,1476.090,23.945,11.280,7,16,27,,
T,2023-05-17 11:27:08,6.24891305,-75.58321225,12.42,1476.779,23.945,11.270,5,15,27,,
T,2023-05-17 11:27:09,6.24904155,-75.58320836,13.17,1477.768,23.945,12.160,4,15,27,,
T,2023-05-17 11:27:10,6.24920045,-75.58321833,13.70,1477.983,23.944,13.440,3,15,27,,
T,2023-05-17 11:27:11,6.24936392,-75.58323518,13.15,1478.903,23.944,14.350,0,15,27,,
T,2023-05-17 11:27:12,6.24946406,-75.58323205,12.88,1478.142,23.944,13.470,0,15,27,,
T,2023-05-17 11:27:13,6.24957248,-75.58320469,12.53,1480.134,23.943,13.240,3,16,27,,
T,2023-05-17 11:27:14,6.24970275,-75.58320293,13.10,1479.716,23.943,13.380,3,15,27,,
T,2023-05-17 11:27:15,6.24981997,-75.58320278,13.92,1480.051,23.943,13.450,2,15,27,,
T,2023-05-17 11:27:16,6.24994773,-75.58321068,14.36,1480.425,23.943,13.620,2,14,27,,
T,2023-05-17 11:27:17,6.25007819,-75.58318868,14.70,1479.911,23.942,13.820,2,14,27,,
T,2023-05-17 11:27:18,6.25022218,-75.58317165,15.27,1480.419,23.942,14.430,3,14,27,,
T,2023-05-17 11:27:19,6.25038128,-75.58317033,14.55,1482.002,23.942,15.390,2,13,27,,
T,2023-05-17 11:27:20,6.25056355,-75.58316449,14.36,1481.088,23.941,16.580,2,13,27,,
T,2023-05-17 11:27:21,6.25075516,-75.58317868,14.30,1482.853,23.941,17.470,1,12,27,,
T,2023-05-17 11:27:22,6.25088327,-75.58314741,13.48,1483.358,23.940,16.660,2,14,27,,
T,2023-05-17 11:27:23,6.25101804,-75.58313112,13.13,1483.378,23.940,16.410,6,15,27,,
T,2023-05-17 11:27:24,6.25115946,-75.58310432,12.34,1484.509,23.939,16.350,8,14,27,,
T,2023-05-17 11:27:25,6.25127888,-75.58306532,11.94,1481.824,23.939,16.010,12,16,27,,
T,2023-05-17 11:27:26,6.25140839,-75.58302451,11.61,1480.845,23.938,15.870,16,15,27,,
T,2023-05-17 11:27:27,6.25154972,-75.58298939,11.40,1479.918,23.938,15.870,19,15,27,,
T,2023-05-17 11:27:28,6.25168317,-75.58294224,10.92,1477.781,23.937,15.580,23,14,27,,
T,2023-05-17 11:27:29,6.25182222,-75.58289738,11.04,1475.230,23.937,15.770,24,13,27,,
T,2023-05-17 11:27:30,6.25195880,-75.58283543,11.17,1474.522,23.936,15.880,23,13,27,,
T,2023-05-17 11:27:31,6.25208726,-75.58278384,11.05,1474.581,23.936,15.600,24,13,27,,
T,2023-05-17 11:27:32,6.25221151,-75.58272307,10.95,1473.794,23.935,15.400,24,14,27,,
T,2023-05-17 11:27:33,6.25234444,-75.58267467,10.81,1473.815,23.935,15.040,21,14,27,,
T,2023-05-17 11:27:34,6.25246797,-75.58262994,10.60,1473.879,23.934,14.350,22,16,27,,
T,2023-05-17 11:27:35,6.25258622,-75.58259045,10.56,1473.960,23.934,13.560,23,16,27,,
T,2023-05-17 11:27:36,6.25267051,-75.58253277,10.52,1472.282,23.933,12.700,23,16,27,,
T,2023-05-17 11:27:37,6.25276894,-75.58249207,10.56,1471.508,23.933,12.020,24,16,27,,
T,2023-05-17 11:27:38,6.25287148,-75.58245499,10.82,1472.077,23.932,11.770,23,16,27,,
T,2023-05-17 11:27:39,6.25295474,-75.58241780,10.72,1471.688,23.932,10.520,23,16,27,,
T,2023-05-17 11:27:40,6.25304814,-75.58238847,10.85,1471.649,23.931,10.430,23,14,27,,
T,2023-05-17 11:27:41,6.25314859,-75.58235622,11.13,1471.899,23.931,10.720,23,15,27,,
T,2023-05-17 11:27:42,6.25324308,-75.58233359,11.21,1470.618,23.931,10.520,22,14,27,,
T,2023-05-17 11:27:43,6.25334332,-75.58229341,10.81,1470.564,23.930,11.190,22,13,27,,
T,2023-05-17 11:27:44,6.25343322,-75.58225551,10.81,1470.593,23.930,11.120,20,13,27,,
T,2023-05-17 11:27:45,6.25351664,-75.58221009,10.99,1471.368,23.929,11.660,22,14,27,,
T,2023-05-17 11:27:46,6.25362042,-75.58215661,11.53,1470.880,23.929,12.290,23,15,27,,
T,2023-05-17 11:27:47,6.25374549,-75.58211399,11.80,1470.885,23.928,13.360,24,14,27,,
T,2023-05-17 11:27:48,6.25387408,-75.58205958,12.05,1471.371,23.928,14.000,24,13,27,,
T,2023-05-17 11:27:49,6.25399344,-75.58200835,12.00,1471.505,23.927,14.390,26,13,27,,
T,2023-05-17 11:27:50,6.25407615,-75.58193441,11.96,1471.655,23.927,14.260,26,12,27,,
T,2023-05-17 11:27:51,6.25421419,-75.58188712,11.44,1473.740,23.926,14.650,25,12,27,,
T,2023-05-17 11:27:52,6.25434401,-75.58183386,11.48,1473.620,23.926,14.950,24,13,27,,
T,2023-05-17 11:27:53,6.25443900,-75.58176364,11.22,1474.160,23.925,13.770,25,13,27,,
T,2023-05-17 11:27:54,6.25453003,-75.58171601,11.23,1473.890,23.925,13.400,25,15,27,,
T,2023-05-17 11:27:55,6.25464724,-75.58167652,11.30,1473.027,23.924,13.030,23,15,27,,
T,2023-05-17 11:27:56,6.25475165,-75.58163357,11.25,1474.071,23.924,12.060,23,15,27,,
T,2023-05-17 11:27:57,6.25483356,-75.58159313,11.26,1473.580,23.923,10.540,23,14,27,,
T,2023-05-17 11:27:58,6.25492401,-75.58155344,11.44,1474.022,23.923,10.070,25,14,26,,
T,2023-05-17 11:27:59,6.25499083,-75.58151765,11.33,1473.572,23.922,8.540,26,13,27,,
T,2023-05-17 11:28:00,6.25504829,-75.58149182,11.63,1476.482,23.922,6.830,26,11,27,,
T,2023-05-17 11:28:01,6.25508767,-75.58146494,11.87,1476.287,23.922,6.300,25,11,27,,
T,2023-05-17 11:28:02,6.25511738,-75.58144993,12.36,1474.767,23.922,5.710,26,10,27,,
T,2023-05-17 11:28:03,6.25513157,-75.58144012,12.05,1474.632,23.922,3.720,23,11,27,,
T,2023-05-17 11:28:04,6.25515407,-75.58142959,11.94,1474.758,23.922,2.790,26,11,27,,
T,2023-05-17 11:28:05,6.25514838,-75.58142207,12.31,1473.779,23.922,2.170,27,12,27,,
T,2023-05-17 11:28:06,6.25515657,-75.58142432,11.62,1473.011,23.922,0.950,41,11,27,,
T,2023-05-17 11:28:07,6.25517533,-75.58141728,11.45,1473.420,23.922,1.680,26,11,27,,
T,2023-05-17 11:28:08,6.25519540,-75.58141024,11.71,1473.804,23.921,2.140,32,13,27,,
T,2023-05-17 11:28:09,6.25522362,-75.58139675,11.92,1473.771,23.921,3.480,28,13,27,,
T,2023-05-17 11:28:10,6.25525769,-75.58137761,12.10,1474.182,23.921,4.270,17,13,27,,
T,2023-05-17 11:28:11,6.25531312,-75.58133684,12.13,1473.553,23.921,6.010,22,13,27,,
T,2023-05-17 11:28:12,6.25538831,-75.58132122,12.10,1474.256,23.921,7.830,23,13,27,,
T,2023-05-17 11:28:13,6.25547181,-75.58129908,11.82,1473.615,23.920,8.770,26,13,27,,
T,2023-05-17 11:28:14,6.25554291,-75.58126700,11.42,1473.793,23.920,9.530,26,12,27,,
T,2023-05-17 11:28:15,6.25564129,-75.58124511,11.55,1473.068,23.920,9.780,25,12,27,,
T,2023-05-17 11:28:16,6.25572453,-75.58119506,12.10,1472.481,23.919,10.000,24,11,26,,
T,2023-05-17 11:28:17,6.25576468,-75.58118072,11.77,1471.725,23.919,8.780,24,11,26,,
T,2023-05-17 11:28:18,6.25583400,-75.58113782,11.81,1472.794,23.919,8.730,24,11,27,,
T,2023-05-17 11:28:19,6.25590254,-75.58109491,11.58,1473.633,23.918,8.150,26,13,27,,
T,2023-05-17 11:28:20,6.25597121,-75.58106620,11.85,1474.248,23.918,8.090,26,15,27,,
T,2023-05-17 11:28:21,6.25604575,-75.58104134,11.56,1473.174,23.918,8.210,28,16,27,,
T,2023-05-17 11:28:22,6.25611212,-75.58100353,11.71,1473.559,23.917,8.290,32,16,27,,
T,2023-05-17 11:28:23,6.25615633,-75.58094888,11.78,1473.927,23.917,7.920,34,16,27,,
T,2023-05-17 11:28:24,6.25621153,-75.58090289,11.76,1474.553,23.916,8.050,28,16,27,,
T,2023-05-17 11:28:25,6.25622779,-75.58085219,12.30,1474.576,23.916,7.390,28,15,27,,
T,2023-05-17 11:28:26,6.25629337,-75.58083004,13.01,1474.134,23.916,7.300,26,13,27,,
T,2023-05-17 11:28:27,6.25644186,-75.58080810,12.43,1472.876,23.915,9.810,23,13,27,,
T,2023-05-17 11:28:28,6.25655839,-75.58077528,12.26,1474.126,23.915,10.520,23,13,27,,
T,2023-05-17 11:28:29,6.25663803,-75.58071426,11.87,1476.069,23.914,11.420,20,14,27,,
T,2023-05-17 11:28:30,6.25675277,-75.58067985,12.61,1477.323,23.914,11.710,21,15,27,,
T,2023-05-17 11:28:31,6.25688711,-75.58064072,12.29,1478.163,23.914,12.630,20,14,27,,
T,2023-05-17 11:28:32,6.25700407,-75.58059295,12.11,1477.842,23.913,13.150,22,15,27,,
T,2023-05-17 11:28:33,6.25712121,-75.58056820,12.31,1477.460,23.913,13.080,20,14,27,,
T,2023-05-17 11:28:34,6.25723695,-75.58052745,12.42,1476.523,23.912,13.120,20,13,27,,
T,2023-05-17 11:28:35,6.25734237,-75.58048389,12.37,1475.019,23.912,12.800,18,13,27,,
T,2023-05-17 11:28:36,6.25746187,-75.58045507,12.00,1474.907,23.911,12.440,17,11,27,,
T,2023-05-17 11:28:37,6.25756496,-75.58041943,11.89,1474.739,23.911,11.860,18,11,27,,
T,2023-05-17 11:28:38,6.25766096,-75.58039780,12.29,1475.790,23.911,11.310,17,12,27,,
T,2023-05-17 11:28:39,6.25775844,-75.58037081,12.88,1476.020,23.910,11.200,17,11,27,,
T,2023-05-17 11:28:40,6.25784444,-75.58034782,12.84,1475.747,23.910,10.350,18,12,27,,
T,2023-05-17 11:28:41,6.25794450,-75.58032431,13.20,1475.932,23.909,10.390,17,13,27,,
T,2023-05-17 11:28:42,6.25805878,-75.58029861,13.35,1476.857,23.909,11.040,17,13,27,,
T,2023-05-17 11:28:43,6.25814359,-75.58026816,13.56,1478.395,23.909,10.760,17,13,27,,
T,2023-05-17 11:28:44,6.25822841,-75.58022289,13.35,1480.768,23.908,10.610,19,12,27,,
T,2023-05-17 11:28:45,6.25832588,-75.58018473,12.99,1481.699,23.908,11.460,19,11,27,,
T,2023-05-17 11:28:46,6.25843313,-75.58015535,12.97,1482.314,23.907,11.440,19,9,27,,
T,2023-05-17 11:28:47,6.25852918,-75.58012061,12.93,1482.250,23.907,11.380,18,10,27,,
T,2023-05-17 11:28:48,6.25860849,-75.58008433,13.16,1481.610,23.907,11.030,19,10,26,,
T,2023-05-17 11:28:49,6.25872390,-75.58006189,12.72,1481.549,23.906,11.180,17,9,27,,
T,2023-05-17 11:28:50,6.25874634,-75.58001996,12.47,1479.370,23.906,9.440,20,11,26,,
T,2023-05-17 11:28:51,6.25884929,-75.58001477,13.09,1480.147,23.906,9.550,18,12,27,,
T,2023-05-17 11:28:52,6.25895846,-75.58000149,12.46,1479.564,23.905,9.970,19,12,27,,
T,2023-05-17 11:28:53,6.25900741,-75.57996254,11.63,1479.029,23.905,9.050,19,13,26,,
T,2023-05-17 11:28:54,6.25904832,-75.57993650,11.28,1478.943,23.905,8.390,20,14,27,,
T,2023-05-17 11:28:55,6.25914149,-75.57990828,11.11,1478.276,23.905,8.660,17,14,27,,
T,2023-05-17 11:28:56,6.25921787,-75.57988426,10.80,1476.912,23.904,7.990,17,15,27,,
T,2023-05-17 11:28:57,6.25930137,-75.57988046,10.79,1477.223,23.904,7.640,18,15,27,,
T,2023-05-17 11:28:58,6.25935732,-75.57985533,10.76,1477.419,23.904,7.050,15,15,27,,
T,2023-05-17 11:28:59,6.25942230,-75.57983639,10.82,1478.112,23.904,6.480,16,15,27,,
T,2023-05-17 11:29:00,6.25945971,-75.57982279,10.60,1476.481,23.903,6.270,17,14,27,,
T,2023-05-17 11:29:01,6.25952503,-75.57980576,10.57,1475.934,23.903,6.440,17,15,27,,
T,2023-05-17 11:29:02,6.25958275,-75.57978563,10.37,1475.995,23.903,6.560,17,15,27,,
T,2023-05-17 11:29:03,6.25964550,-75.57975887,10.41,1477.121,23.903,7.040,16,15,27,,
T,2023-05-17 11:29:04,6.25971911,-75.57974662,10.40,1476.540,23.902,7.940,16,15,27,,
T,2023-05-17 11:29:05,6.25979193,-75.57972898,10.57,1477.056,23.902,8.320,13,15,26,,
T,2023-05-17 11:29:06,6.25986765,-75.57970566,10.86,1476.014,23.902,8.910,13,15,26,,
T,2023-05-17 11:29:07,6.25994818,-75.57968289,11.28,1475.483,23.902,9.100,11,14,26,,
T,2023-05-17 11:29:08,6.26004548,-75.57967000,12.03,1474.593,23.901,9.730,8,14,26,,
T,2023-05-17 11:29:09,6.26013094,-75.57965730,12.06,1474.321,23.901,9.850,5,14,26,,
T,2023-05-17 11:29:10,6.26023296,-75.57965501,12.29,1474.016,23.901,10.360,2,14,26,,
T,2023-05-17 11:29:11,6.26033239,-75.57965364,12.05,1473.665,23.901,11.020,359,14,26,,
T,2023-05-17 11:29:12,6.26042970,-75.57965155,11.86,1473.891,23.900,12.110,358,14,26,,
T,2023-05-17 11:29:13,6.26055449,-75.57967272,11.99,1474.084,23.900,12.390,354,13,26,,
T,2023-05-17 11:29:14,6.26067109,-75.57967501,12.00,1474.310,23.900,13.520,353,12,26,,
T,2023-05-17 11:29:15,6.26079567,-75.57968978,11.83,1474.618,23.900,13.130,353,12,26,,
T,2023-05-17 11:29:16,6.26090011,-75.57968989,11.67,1476.099,23.899,13.190,354,11,26,,
T,2023-05-17 11:29:17,6.26102396,-75.57970846,11.69,1476.191,23.899,13.510,354,11,26,,
T,2023-05-17 11:29:18,6.26114856,-75.57973683,12.10,1473.825,23.899,14.670,353,11,26,,
T,2023-05-17 11:29:19,6.26129210,-75.57975313,12.40,1475.670,23.899,14.840,355,11,26,,
T,2023-05-17 11:29:20,6.26143069,-75.57978228,12.41,1476.079,23.899,15.190,357,11,26,,
T,2023-05-17 11:29:21,6.26156687,-75.57978410,12.17,1476.378,23.898,14.620,1,11,26,,
T,2023-05-17 11:29:22,6.26169847,-75.57977860,12.03,1476.185,23.898,14.930,6,13,26,,
T,2023-05-17 11:29:23,6.26182853,-75.57976015,12.18,1476.414,23.898,14.690,11,13,26,,
T,2023-05-17 11:29:24,6.26198249,-75.57970711,12.36,1476.743,23.897,15.660,14,13,26,,
T,2023-05-17 11:29:25,6.26211535,-75.57968401,12.74,1476.210,23.897,15.530,16,12,26,,
T,2023-05-17 11:29:26,6.26226420,-75.57964887,12.70,1475.960,23.896,15.580,17,12,26,,
T,2023-05-17 11:29:27,6.26240359,-75.57960259,13.03,1476.572,23.895,15.550,17,10,26,,
T,2023-05-17 11:29:28,6.26256598,-75.57956685,12.93,1477.940,23.895,15.850,19,8,26,,
T,2023-05-17 11:29:29,6.26270445,-75.57949580,12.59,1477.417,23.894,15.940,23,11,26,,
T,2023-05-17 11:29:30,6.26283611,-75.57941843,12.32,1477.302,23.894,16.290,27,11,25,,
T,2023-05-17 11:29:31,6.26296483,-75.57935525,12.39,1477.964,23.893,16.160,30,11,26,,
T,2023-05-17 11:29:32,6.26308649,-75.57928384,12.79,1478.730,23.892,16.290,33,11,26,,
T,2023-05-17 11:29:33,6.26319738,-75.57918491,12.88,1480.345,23.892,16.330,35,12,26,,
T,2023-05-17 11:29:34,6.26335378,-75.57910241,13.19,1479.867,23.891,17.620,34,12,26,,
T,2023-05-17 11:29:35,6.26350562,-75.57899204,12.49,1479.575,23.890,19.180,34,12,26,,
T,2023-05-17 11:29:36,6.26365706,-75.57889433,12.69,1478.341,23.889,18.930,35,12,26,,
T,2023-05-17 11:29:37,6.26380652,-75.57879852,12.73,1476.656,23.888,19.120,34,12,26,,
T,2023-05-17 11:29:38,6.26392531,-75.57867704,12.42,1475.881,23.887,18.360,34,12,26,,
T,2023-05-17 11:29:39,6.26405853,-75.57858240,12.32,1474.896,23.886,17.810,34,12,25,,
T,2023-05-17 11:29:40,6.26417523,-75.57847669,12.61,1473.691,23.886,17.270,35,11,25,,
T,2023-05-17 11:29:41,6.26429527,-75.57841049,12.55,1472.257,23.885,16.870,34,11,26,,
T,2023-05-17 11:29:42,6.26441302,-75.57831959,12.40,1471.475,23.884,16.600,33,12,26,,
T,2023-05-17 11:29:43,6.26453614,-75.57825527,12.03,1470.974,23.884,16.370,33,12,26,,
T,2023-05-17 11:29:44,6.26466185,-75.57818235,11.96,1469.392,23.883,17.020,34,12,26,,
T,2023-05-17 11:29:45,6.26479436,-75.57809869,11.95,1469.634,23.882,17.160,33,12,26,,
T,2023-05-17 11:29:46,6.26492210,-75.57800565,11.93,1469.605,23.881,17.460,33,12,26,,
T,2023-05-17 11:29:47,6.26503685,-75.57792288,11.76,1468.139,23.881,17.490,34,12,26,,
T,2023-05-17 11:29:48,6.26514736,-75.57780911,11.80,1469.787,23.880,18.150,34,11,26,,
T,2023-05-17 11:29:49,6.26527077,-75.57771209,12.15,1470.059,23.879,17.530,34,11,26,,
T,2023-05-17 11:29:50,6.26540313,-75.57760349,12.28,1470.731,23.878,17.840,34,11,26,,
T,2023-05-17 11:29:51,6.26553838,-75.57751476,12.78,1469.965,23.877,17.660,32,11,26,,
T,2023-05-17 11:29:52,6.26569889,-75.57742944,13.08,1470.626,23.877,18.100,29,11,26,,
T,2023-05-17 11:29:53,6.26584594,-75.57734254,13.73,1471.987,23.876,18.130,27,13,26,,
T,2023-05-17 11:29:54,6.26597304,-75.57728451,12.64,1471.458,23.875,16.610,25,13,26,,
T,2023-05-17 11:29:55,6.26610362,-75.57721041,12.27,1471.567,23.875,16.250,23,13,26,,
T,2023-05-17 11:29:56,6.26624911,-75.57715282,12.23,1471.890,23.874,16.170,20,13,26,,
T,2023-05-17 11:29:57,6.26638862,-75.57711420,12.14,1471.493,23.873,15.860,19,13,26,,
T,2023-05-17 11:29:58,6.26653098,-75.57707100,12.51,1471.968,23.873,15.900,17,13,26,,
T,2023-05-17 11:29:59,6.26663831,-75.57702117,12.74,1469.230,23.872,15.100,16,13,26,,
T,2023-05-17 11:30:00,6.26677753,-75.57698396,13.00,1469.514,23.872,15.130,14,12,26,,
T,2023-05-17 11:30:01,6.26688065,-75.57695457,13.28,1469.261,23.871,14.000,15,13,26,,
T,2023-05-17 11:30:02,6.26702148,-75.57693742,13.53,1469.006,23.871,14.200,15,10,26,,
T,2023-05-17 11:30:03,6.26715526,-75.57691571,12.97,1469.016,23.871,13.580,18,11,26,,
T,2023-05-17 11:30:04,6.26724362,-75.57686431,12.83,1469.205,23.870,12.990,28,11,26,,
T,2023-05-17 11:30:05,6.26733479,-75.57682185,12.85,1469.418,23.870,12.030,39,12,26,,
T,2023-05-17 11:30:06,6.26741528,-75.57676302,13.31,1469.376,23.869,11.650,47,12,26,,
T,2023-05-17 11:30:07,6.26749138,-75.57666594,13.77,1469.592,23.869,11.900,56,12,26,,
T,2023-05-17 11:30:08,6.26753120,-75.57658583,14.30,1469.430,23.868,11.040,63,12,26,,
T,2023-05-17 11:30:09,6.26764927,-75.57648335,13.63,1470.058,23.867,11.960,68,13,26,,
T,2023-05-17 11:30:10,6.26762710,-75.57640369,12.82,1468.754,23.867,11.000,65,13,26,,
T,2023-05-17 11:30:11,6.26765020,-75.57631981,12.58,1465.248,23.866,10.750,59,12,26,,
T,2023-05-17 11:30:12,6.26770464,-75.57622618,13.00,1466.559,23.866,10.570,49,11,26,,
T,2023-05-17 11:30:13,6.26779483,-75.57618207,13.03,1466.506,23.865,10.080,39,9,26,,
T,2023-05-17 11:30:14,6.26789272,-75.57613864,12.92,1467.444,23.865,10.500,35,10,26,,
T,2023-05-17 11:30:15,6.26798964,-75.57609079,12.60,1467.124,23.864,10.410,35,13,26,,
T,2023-05-17 11:30:16,6.26805978,-75.57601567,12.44,1467.339,23.864,10.380,35,13,26,,
T,2023-05-17 11:30:17,6.26812239,-75.57596246,12.13,1468.085,23.863,10.240,36,14,26,,
T,2023-05-17 11:30:18,6.26818929,-75.57590940,12.09,1466.725,23.863,10.220,36,14,26,,
T,2023-05-17 11:30:19,6.26825852,-75.57583951,11.62,1469.654,23.863,10.120,33,13,26,,
T,2023-05-17 11:30:20,6.26833224,-75.57581442,11.42,1468.749,23.862,9.870,27,15,26,,
T,2023-05-17 11:30:21,6.26842615,-75.57577614,11.62,1468.288,23.862,9.850,20,15,26,,
T,2023-05-17 11:30:22,6.26851155,-75.57574018,11.33,1470.114,23.861,9.210,14,15,26,,
T,2023-05-17 11:30:23,6.26857922,-75.57572433,11.05,1470.216,23.861,9.210,8,15,26,,
T,2023-05-17 11:30:24,6.26868746,-75.57572365,10.64,1471.570,23.861,9.550,3,16,26,,
T,2023-05-17 11:30:25,6.26876661,-75.57572690,10.59,1471.304,23.861,9.440,355,15,26,,
T,2023-05-17 11:30:26,6.26885767,-75.57572524,10.78,1472.358,23.861,9.500,352,15,26,,
T,2023-05-17 11:30:27,6.26890218,-75.57574345,11.35,1472.058,23.861,8.180,347,14,26,,
T,2023-05-17 11:30:28,6.26899157,-75.57577254,11.97,1470.976,23.860,8.740,342,13,26,,
T,2023-05-17 11:30:29,6.26906199,-75.57580734,12.54,1471.112,23.861,8.630,339,13,26,,
T,2023-05-17 11:30:30,6.26914080,-75.57585600,13.46,1471.455,23.861,8.890,336,14,26,,
T,2023-05-17 11:30:31,6.26923600,-75.57588009,13.04,1471.090,23.860,9.500,334,14,26,,
T,2023-05-17 11:30:32,6.26936288,-75.57594763,12.03,1471.043,23.861,10.460,329,15,26,,
T,2023-05-17 11:30:33,6.26944585,-75.57599927,11.95,1470.827,23.861,10.470,324,16,26,,
T,2023-05-17 11:30:34,6.26951956,-75.57605555,12.41,1470.348,23.861,10.300,316,16,26,,
T,2023-05-17 11:30:35,6.26956270,-75.57608893,12.24,1470.532,23.861,9.180,312,16,26,,
T,2023-05-17 11:30:36,6.26962995,-75.57619465,10.99,1470.023,23.861,10.140,306,16,26,,
T,2023-05-17 11:30:37,6.26968041,-75.57625403,10.52,1471.514,23.861,9.320,303,16,26,,
T,2023-05-17 11:30:38,6.26972858,-75.57632416,10.33,1472.458,23.862,8.690,305,16,26,,
T,2023-05-17 11:30:39,6.26977635,-75.57638252,10.33,1471.593,23.862,8.760,306,15,26,,
T,2023-05-17 11:30:40,6.26982751,-75.57645505,10.61,1472.646,23.862,8.950,308,14,26,,
T,2023-05-17 11:30:41,6.26989518,-75.57651992,10.80,1471.920,23.862,9.350,307,14,26,,
T,2023-05-17 11:30:42,6.26994477,-75.57658121,10.58,1471.856,23.863,9.000,308,15,26,,
T,2023-05-17 11:30:43,6.26999557,-75.57664482,11.00,1471.405,23.863,8.960,311,13,26,,
T,2023-05-17 11:30:44,6.27003831,-75.57670651,10.80,1472.741,23.863,7.910,315,14,26,,
T,2023-05-17 11:30:45,6.27009201,-75.57673926,10.88,1472.385,23.863,7.470,317,15,26,,
T,2023-05-17 11:30:46,6.27012801,-75.57678535,10.79,1473.576,23.863,6.860,314,14,26,,
T,2023-05-17 11:30:47,6.27017494,-75.57680702,10.90,1473.478,23.863,6.590,312,14,26,,
T,2023-05-17 11:30:48,6.27021422,-75.57684885,10.53,1473.650,23.863,5.610,308,14,26,,
T,2023-05-17 11:30:49,6.27025162,-75.57689853,10.46,1472.866,23.863,5.630,305,15,26,,
T,2023-05-17 11:30:50,6.27029394,-75.57694599,10.28,1473.197,23.864,5.970,306,15,26,,
T,2023-05-17 11:30:51,6.27032299,-75.57697442,10.43,1472.672,23.864,5.530,304,15,26,,
T,2023-05-17 11:30:52,6.27033968,-75.57700917,10.57,1472.983,23.864,5.270,307,14,26,,
T,2023-05-17 11:30:53,6.27036521,-75.57704103,10.90,1473.465,23.864,4.970,308,12,26,,
T,2023-05-17 11:30:54,6.27039033,-75.57707167,11.25,1474.234,23.864,4.670,309,11,26,,
T,2023-05-17 11:30:55,6.27038699,-75.57707122,10.87,1473.441,23.864,2.520,307,10,25,,
T,2023-05-17 11:30:56,6.27040524,-75.57708773,10.82,1474.427,23.864,2.260,305,10,26,,
T,2023-05-17 11:30:57,6.27040841,-75.57710463,10.93,1475.479,23.864,2.030,307,10,26,,
T,2023-05-17 11:30:58,6.27042506,-75.57713607,11.17,1476.128,23.864,2.660,305,10,26,,
T,2023-05-17 11:30:59,6.27043946,-75.57716385,10.60,1478.145,23.864,3.340,305,11,26,,
T,2023-05-17 11:31:00,6.27046274,-75.57719620,10.60,1479.213,23.865,4.440,306,12,26,,
T,2023-05-17 11:31:01,6.27049573,-75.57721640,10.58,1478.196,23.865,5.190,307,12,26,,
T,2023-05-17 11:31:02,6.27052627,-75.57726296,10.52,1477.149,23.865,6.280,308,12,26,,
T,2023-05-17 11:31:03,6.27057229,-75.57731735,10.32,1477.161,23.865,7.300,309,12,26,,
T,2023-05-17 11:31:04,6.27060948,-75.57736808,10.45,1476.881,23.865,7.370,310,12,26,,
T,2023-05-17 11:31:05,6.27065466,-75.57741817,10.60,1477.215,23.865,7.670,311,11,26,,
T,2023-05-17 11:31:06,6.27069724,-75.57747591,10.80,1477.009,23.865,8.040,312,10,26,,
T,2023-05-17 11:31:07,6.27075079,-75.57753303,11.09,1477.917,23.866,8.470,310,10,26,,
T,2023-05-17 11:31:08,6.27081906,-75.57762364,10.89,1477.960,23.866,9.830,307,10,27,,
T,2023-05-17 11:31:09,6.27087401,-75.57769448,10.68,1478.503,23.866,10.220,309,9,27,,
T,2023-05-17 11:31:10,6.27094145,-75.57777742,10.62,1477.893,23.866,10.530,311,9,26,,
T,2023-05-17 11:31:11,6.27101409,-75.57788372,10.89,1477.699,23.867,11.430,310,10,26,,
T,2023-05-17 11:31:12,6.27106928,-75.57797475,10.99,1478.895,23.867,11.500,310,10,27,,
T,2023-05-17 11:31:13,6.27113608,-75.57804046,11.65,1479.600,23.867,11.210,308,11,27,,
T,2023-05-17 11:31:14,6.27120405,-75.57811461,11.15,1479.617,23.868,10.940,308,12,27,,
T,2023-05-17 11:31:15,6.27126337,-75.57819103,11.16,1480.114,23.868,11.150,305,12,27,,
T,2023-05-17 11:31:16,6.27132302,-75.57825362,11.20,1480.708,23.868,10.870,301,12,27,,
T,2023-05-17 11:31:17,6.27137422,-75.57832823,11.08,1480.731,23.868,10.450,301,13,27,,
T,2023-05-17 11:31:18,6.27142493,-75.57840879,11.08,1481.530,23.869,9.840,302,13,26,,
T,2023-05-17 11:31:19,6.27146153,-75.57847488,11.27,1481.275,23.869,9.080,304,13,27,,
T,2023-05-17 11:31:20,6.27149213,-75.57855788,11.12,1483.068,23.869,8.930,305,13,27,,
T,2023-05-17 11:31:21,6.27153957,-75.57862092,10.76,1482.393,23.869,8.220,305,13,27,,
T,2023-05-17 11:31:22,6.27157840,-75.57867096,10.72,1481.683,23.870,7.960,305,13,27,,
T,2023-05-17 11:31:23,6.27162410,-75.57873608,10.50,1482.349,23.870,8.140,307,13,27,,
T,2023-05-17 11:31:24,6.27167137,-75.57879280,10.38,1481.723,23.870,7.940,311,13,27,,
T,2023-05-17 11:31:25,6.27171300,-75.57885008,10.39,1483.002,23.870,7.630,320,13,27,,
T,2023-05-17 11:31:26,6.27177331,-75.57887495,10.26,1482.634,23.870,6.990,338,14,27,,
T,2023-05-17 11:31:27,6.27183856,-75.57888397,10.19,1483.021,23.870,6.990,357,15,27,,
T,2023-05-17 11:31:28,6.27190635,-75.57888110,10.46,1482.544,23.870,7.400,6,15,27,,
T,2023-05-17 11:31:29,6.27198024,-75.57887376,10.62,1482.282,23.870,8.040,4,15,27,,
T,2023-05-17 11:31:30,6.27206657,-75.57885795,10.92,1483.357,23.869,9.260,3,15,27,,
T,2023-05-17 11:31:31,6.27215370,-75.57883069,11.07,1482.937,23.869,10.030,4,15,27,,
T,2023-05-17 11:31:32,6.27222123,-75.57881912,11.64,1482.482,23.869,9.450,5,15,27,,
T,2023-05-17 11:31:33,6.27229989,-75.57881287,12.27,1481.377,23.869,8.630,5,14,27,,
T,2023-05-17 11:31:34,6.27235128,-75.57880063,12.29,1479.667,23.869,6.990,2,13,27,,
T,2023-05-17 11:31:35,6.27238984,-75.57880125,12.65,1478.841,23.868,5.250,358,14,27,,
T,2023-05-17 11:31:36,6.27243672,-75.57880997,13.34,1479.470,23.868,4.850,359,14,26,,
T,2023-05-17 11:31:37,6.27248200,-75.57882264,14.16,1479.537,23.868,4.770,355,13,27,,
T,2023-05-17 11:31:38,6.27243749,-75.57883791,14.49,1479.250,23.869,2.710,352,14,27,,
T,2023-05-17 11:31:39,6.27248483,-75.57885369,15.03,1479.405,23.868,3.670,356,14,27,,
T,2023-05-17 11:31:40,6.27254297,-75.57885138,15.17,1479.333,23.868,4.550,2,14,27,,
T,2023-05-17 11:31:41,6.27257279,-75.57885661,14.71,1480.438,23.868,4.840,357,14,27,,
T,2023-05-17 11:31:42,6.27266025,-75.57886861,14.25,1481.238,23.868,6.090,352,14,27,,
T,2023-05-17 11:31:43,6.27271760,-75.57888622,13.28,1481.392,23.868,6.270,349,15,27,,
T,2023-05-17 11:31:44,6.27280848,-75.57890255,13.54,1483.029,23.868,6.740,348,14,27,,
T,2023-05-17 11:31:45,6.27288550,-75.57892111,13.00,1482.832,23.868,7.220,345,14,27,,
T,2023-05-17 11:31:46,6.27294392,-75.57892900,12.79,1480.967,23.868,7.180,346,14,27,,
T,2023-05-17 11:31:47,6.27300769,-75.57895903,12.75,1479.193,23.868,7.320,345,16,27,,
T,2023-05-17 11:31:48,6.27307633,-75.57898611,12.87,1477.641,23.868,7.470,344,16,27,,
T,2023-05-17 11:31:49,6.27313898,-75.57899970,12.82,1477.072,23.868,7.390,345,16,27,,
T,2023-05-17 11:31:50,6.27317859,-75.57901612,12.88,1476.550,23.868,6.750,344,16,27,,
T,2023-05-17 11:31:51,6.27324596,-75.57905175,12.94,1477.051,23.868,6.980,342,16,27,,
T,2023-05-17 11:31:52,6.27333519,-75.57909409,13.43,1477.546,23.868,7.690,338,15,27,,
T,2023-05-17 11:31:53,6.27331874,-75.57908065,12.80,1479.747,23.868,4.680,350,15,27,,
T,2023-05-17 11:31:54,6.27332448,-75.57908412,13.04,1480.038,23.868,3.910,357,15,27,,
T,2023-05-17 11:31:55,6.27336130,-75.57909897,13.63,1481.255,23.868,3.540,358,15,27,,
T,2023-05-17 11:31:56,6.27341461,-75.57910207,14.04,1481.384,23.868,3.880,3,14,27,,
T,2023-05-17 11:31:57,6.27339850,-75.57908386,13.89,1480.861,23.868,2.260,8,15,27,,
T,2023-05-17 11:31:58,6.27341124,-75.57909210,14.60,1481.591,23.868,2.280,336,14,27,,
T,2023-05-17 11:31:59,6.27344036,-75.57911220,13.57,1482.507,23.868,2.760,307,13,27,,
T,2023-05-17 11:32:00,6.27345508,-75.57913991,12.96,1480.939,23.868,2.700,312,11,27,,
T,2023-05-17 11:32:01,6.27346710,-75.57915597,13.14,1482.648,23.868,2.260,310,11,27,,
T,2023-05-17 11:32:02,6.27346943,-75.57915722,13.35,1483.382,23.868,1.090,311,13,27,,
T,2023-05-17 11:32:03,6.27346609,-75.57915382,13.86,1482.343,23.868,0.640,310,13,27,,
T,2023-05-17 11:32:04,6.27345415,-75.57914161,14.47,1482.879,23.868,0.170,311,15,27,,
T,2023-05-17 11:32:05,6.27344560,-75.57913793,14.61,1482.715,23.868,0.160,311,16,27,,
T,2023-05-17 11:32:06,6.27344127,-75.57913242,14.98,1483.273,23.868,0.000,,16,27,,
T,2023-05-17 11:32:07,6.27343976,-75.57912235,15.89,1484.098,23.868,0.320,314,15,27,,
T,2023-05-17 11:32:08,6.27344294,-75.57909816,15.07,1485.134,23.868,1.510,306,13,27,,
T,2023-05-17 11:32:09,6.27343543,-75.57910226,14.42,1482.143,23.868,0.490,300,14,27,,
T,2023-05-17 11:32:10,6.27343692,-75.57910121,13.95,1482.744,23.868,0.240,303,13,27,,
T,2023-05-17 11:32:11,6.27343908,-75.57910253,13.46,1484.829,23.868,0.370,303,12,27,,
T,2023-05-17 11:32:12,6.27344813,-75.57910404,13.13,1484.957,23.868,0.610,303,12,27,,
T,2023-05-17 11:32:13,6.27345683,-75.57911030,12.91,1486.261,23.868,0.760,303,12,27,,
T,2023-05-17 11:32:14,6.27345771,-75.57911560,12.93,1484.732,23.868,0.500,303,12,27,,
T,2023-05-17 11:32:15,6.27345657,-75.57912428,12.57,1483.827,23.868,0.590,302,13,27,,
T,2023-05-17 11:32:16,6.27345144,-75.57912396,12.42,1483.219,23.868,0.210,304,13,27,,
T,2023-05-17 11:32:17,6.27345348,-75.57913318,11.56,1483.873,23.868,1.570,296,13,26,,
T,2023-05-17 11:32:18,6.27345475,-75.57914419,11.53,1483.722,23.868,1.870,285,13,27,,
T,2023-05-17 11:32:19,6.27345869,-75.57916179,11.92,1482.976,23.868,2.130,278,13,27,,
T,2023-05-17 11:32:20,6.27346397,-75.57918730,12.37,1482.888,23.868,2.530,276,12,27,,
T,2023-05-17 11:32:21,6.27346690,-75.57922513,12.67,1484.686,23.868,3.320,275,12,27,,
T,2023-05-17 11:32:22,6.27347253,-75.57928467,12.68,1485.369,23.868,4.930,277,13,26,,
T,2023-05-17 11:32:23,6.27348497,-75.57937213,13.01,1485.815,23.869,5.260,275,14,27,,
T,2023-05-17 11:32:24,6.27350980,-75.57935479,13.04,1485.911,23.869,4.350,275,14,27,,
T,2023-05-17 11:32:25,6.27353135,-75.57946007,12.98,1486.492,23.869,5.670,272,13,27,,
T,2023-05-17 11:32:26,6.27353113,-75.57953816,13.05,1487.486,23.870,5.650,272,14,27,,
T,2023-05-17 11:32:27,6.27351945,-75.57963022,12.98,1487.099,23.870,5.210,272,14,27,,
T,2023-05-17 11:32:28,6.27354135,-75.57963692,12.40,1487.134,23.870,2.980,294,13,27,,
T,2023-05-17 11:32:29,6.27355217,-75.57966443,11.55,1487.453,23.870,1.400,306,14,27,,
T,2023-05-17 11:32:30,6.27355181,-75.57967729,11.39,1487.229,23.870,1.100,295,14,27,,
T,2023-05-17 11:32:31,6.27353486,-75.57967354,11.44,1486.061,23.870,0.550,297,13,27,,
T,2023-05-17 11:32:32,6.27352367,-75.57966997,11.60,1487.137,23.870,0.290,295,13,27,,
T,2023-05-17 11:32:33,6.27352632,-75.57965964,11.77,1487.103,23.870,0.000,,13,27,,
T,2023-05-17 11:32:34,6.27351875,-75.57966135,11.97,1486.576,23.870,0.310,295,12,27,,
T,2023-05-17 11:32:35,6.27351169,-75.57966561,12.37,1488.047,23.870,0.340,295,13,27,,
T,2023-05-17 11:32:36,6.27350560,-75.57967333,12.24,1488.148,23.870,0.240,295,13,27,,
T,2023-05-17 11:32:37,6.27350307,-75.57968606,12.48,1487.657,23.870,0.500,295,14,27,,
T,2023-05-17 11:32:38,6.27349579,-75.57970390,12.40,1489.084,23.871,0.660,294,14,27,,
T,2023-05-17 11:32:39,6.27349185,-75.57971892,12.52,1491.616,23.871,0.620,292,13,27,,
T,2023-05-17 11:32:40,6.27348701,-75.57972472,12.25,1492.711,23.871,0.290,293,13,27,,
T,2023-05-17 11:32:41,6.27348642,-75.57973204,12.19,1492.104,23.871,0.460,293,12,27,,
T,2023-05-17 11:32:42,6.27349409,-75.57974394,11.59,1491.543,23.871,1.520,306,12,27,,
T,2023-05-17 11:32:43,6.27350274,-75.57975721,11.44,1491.406,23.871,1.750,301,12,27,,
T,2023-05-17 11:32:44,6.27351243,-75.57977511,11.49,1491.181,23.871,2.590,283,12,27,,
T,2023-05-17 11:32:45,6.27352345,-75.57980480,11.63,1490.895,23.871,3.270,279,13,27,,
T,2023-05-17 11:32:46,6.27354491,-75.57988326,11.26,1490.166,23.871,5.950,280,13,27,,
T,2023-05-17 11:32:47,6.27355815,-75.57996484,11.19,1489.185,23.872,7.640,284,13,27,,
T,2023-05-17 11:32:48,6.27357839,-75.58005018,10.90,1488.379,23.872,9.010,279,13,27,,
T,2023-05-17 11:32:49,6.27358531,-75.58013547,10.84,1489.578,23.873,9.200,277,12,27,,
T,2023-05-17 11:32:50,6.27360307,-75.58020766,10.89,1489.737,23.873,9.350,277,13,27,,
T,2023-05-17 11:32:51,6.27361984,-75.58028782,11.21,1487.495,23.873,9.340,275,13,27,,
T,2023-05-17 11:32:52,6.27363568,-75.58037673,11.22,1488.365,23.874,10.120,276,13,27,,
T,2023-05-17 11:32:53,6.27364434,-75.58049583,10.94,1487.233,23.874,11.740,276,11,27,,
T,2023-05-17 11:32:54,6.27363707,-75.58061574,10.90,1487.549,23.875,11.480,274,11,27,,
T,2023-05-17 11:32:55,6.27364536,-75.58072406,11.17,1487.861,23.876,11.420,274,10,27,,
T,2023-05-17 11:32:56,6.27364738,-75.58082487,11.12,1487.479,23.876,11.210,275,10,27,,
T,2023-05-17 11:32:57,6.27364214,-75.58093398,10.99,1487.389,23.877,11.500,277,10,27,,
T,2023-05-17 11:32:58,6.27364709,-75.58103163,11.13,1487.819,23.877,11.410,275,11,27,,
T,2023-05-17 11:32:59,6.27364769,-75.58114295,10.98,1489.134,23.878,11.700,272,12,27,,
T,2023-05-17 11:33:00,6.27366268,-75.58123670,11.06,1489.666,23.878,11.760,272,12,27,,
T,2023-05-17 11:33:01,6.27365322,-75.58134638,10.99,1490.312,23.879,11.330,272,12,27,,
T,2023-05-17 11:33:02,6.27365062,-75.58144872,11.14,1490.576,23.879,11.160,271,12,27,,
T,2023-05-17 11:33:03,6.27366001,-75.58153251,11.21,1491.166,23.880,10.460,271,12,27,,
T,2023-05-17 11:33:04,6.27366735,-75.58162227,11.51,1490.946,23.880,10.400,269,10,27,,
T,2023-05-17 11:33:05,6.27367967,-75.58169929,12.01,1490.466,23.881,10.090,272,9,26,,
T,2023-05-17 11:33:06,6.27368466,-75.58178273,12.72,1490.010,23.881,9.970,272,10,26,,
T,2023-05-17 11:33:07,6.27368491,-75.58187869,13.39,1491.600,23.881,9.900,268,11,27,,
T,2023-05-17 11:33:08,6.27367690,-75.58195277,13.27,1492.076,23.882,8.830,269,12,27,,
T,2023-05-17 11:33:09,6.27369703,-75.58198031,12.29,1492.133,23.882,6.730,282,11,27,,
T,2023-05-17 11:33:10,6.27371922,-75.58202429,11.91,1492.891,23.882,5.500,300,12,27,,
T,2023-05-17 11:33:11,6.27375462,-75.58206749,11.23,1493.922,23.882,5.870,319,12,27,,
T,2023-05-17 11:33:12,6.27380948,-75.58209082,11.01,1495.350,23.882,5.720,340,14,27,,
T,2023-05-17 11:33:13,6.27385763,-75.58210962,10.99,1495.373,23.882,5.510,346,14,26,,
T,2023-05-17 11:33:14,6.27390703,-75.58212372,11.70,1495.965,23.882,5.740,346,14,27,,
T,2023-05-17 11:33:15,6.27396204,-75.58213991,12.86,1497.010,23.882,6.000,344,12,27,,
T,2023-05-17 11:33:16,6.27401127,-75.58216364,13.51,1497.734,23.882,6.040,342,12,27,,
T,2023-05-17 11:33:17,6.27409924,-75.58218610,14.49,1497.204,23.882,7.180,342,12,27,,
T,2023-05-17 11:33:18,6.27418769,-75.58220655,14.65,1497.008,23.882,7.970,341,12,27,,
T,2023-05-17 11:33:19,6.27428057,-75.58222956,15.22,1497.465,23.882,8.520,339,12,27,,
T,2023-05-17 11:33:20,6.27433834,-75.58226399,14.76,1496.818,23.882,8.150,337,12,27,,
T,2023-05-17 11:33:21,6.27444863,-75.58231554,14.91,1498.363,23.882,9.120,338,13,27,,
T,2023-05-17 11:33:22,6.27449095,-75.58231396,14.55,1497.673,23.882,7.910,348,13,27,,
T,2023-05-17 11:33:23,6.27456498,-75.58235175,14.35,1497.999,23.882,8.110,345,12,27,,
T,2023-05-17 11:33:24,6.27465569,-75.58238899,14.31,1498.646,23.882,8.670,341,13,27,,
T,2023-05-17 11:33:25,6.27467938,-75.58240058,14.67,1498.488,23.882,7.290,337,12,27,,
T,2023-05-17 11:33:26,6.27477957,-75.58245012,15.32,1498.035,23.882,8.430,332,11,27,,
T,2023-05-17 11:33:27,6.27481874,-75.58249730,14.22,1498.005,23.882,7.580,324,11,27,,
T,2023-05-17 11:33:28,6.27486441,-75.58254822,13.17,1497.519,23.882,7.370,314,10,27,,
T,2023-05-17 11:33:29,6.27489701,-75.58258966,12.81,1496.970,23.882,6.440,298,10,27,,
T,2023-05-17 11:33:30,6.27490227,-75.58264998,12.95,1498.072,23.883,5.160,278,10,27,,
T,2023-05-17 11:33:31,6.27491517,-75.58270957,12.99,1498.822,23.883,4.900,256,10,27,,
T,2023-05-17 11:33:32,6.27491812,-75.58277329,12.74,1497.908,23.883,4.950,243,12,27,,
T,2023-05-17 11:33:33,6.27487452,-75.58283268,12.66,1498.242,23.884,6.450,236,11,27,,
T,2023-05-17 11:33:34,6.27487510,-75.58286539,12.92,1495.146,23.884,6.160,241,12,27,,
T,2023-05-17 11:33:35,6.27486325,-75.58291881,13.20,1496.181,23.884,6.060,264,12,27,,
T,2023-05-17 11:33:36,6.27485673,-75.58297271,13.58,1497.018,23.884,6.230,283,11,27,,
T,2023-05-17 11:33:37,6.27486015,-75.58304917,13.45,1497.566,23.885,6.980,295,12,27,,
T,2023-05-17 11:33:38,6.27489405,-75.58309832,13.05,1497.780,23.885,7.080,295,11,27,,
T,2023-05-17 11:33:39,6.27493173,-75.58315408,12.27,1498.523,23.885,8.450,292,12,27,,
T,2023-05-17 11:33:40,6.27496566,-75.58322253,12.12,1498.656,23.886,8.160,292,12,27,,
T,2023-05-17 11:33:41,6.27501946,-75.58331423,12.03,1499.934,23.886,9.380,290,11,27,,
T,2023-05-17 11:33:42,6.27505187,-75.58341248,12.46,1500.123,23.886,9.540,289,10,27,,
T,2023-05-17 11:33:43,6.27507730,-75.58349092,12.53,1498.162,23.887,9.150,288,10,27,,
T,2023-05-17 11:33:44,6.27509992,-75.58355259,12.22,1499.776,23.887,7.880,289,10,27,,
T,2023-05-17 11:33:45,6.27511519,-75.58361706,12.47,1502.475,23.887,7.040,289,9,27,,
T,2023-05-17 11:33:46,6.27512832,-75.58367052,12.85,1501.310,23.887,6.050,288,11,27,,
T,2023-05-17 11:33:47,6.27516622,-75.58369471,13.29,1501.881,23.887,5.210,298,12,27,,
T,2023-05-17 11:33:48,6.27516993,-75.58372219,13.30,1502.181,23.888,4.640,292,12,27,,
T,2023-05-17 11:33:49,6.27519807,-75.58376544,12.72,1504.005,23.888,5.440,296,12,27,,
T,2023-05-17 11:33:50,6.27522630,-75.58379749,13.23,1504.604,23.888,5.620,300,11,26,,
T,2023-05-17 11:33:51,6.27526173,-75.58384207,13.40,1505.119,23.888,6.960,300,13,27,,
T,2023-05-17 11:33:52,6.27530095,-75.58390517,13.66,1506.575,23.888,8.070,298,12,27,,
T,2023-05-17 11:33:53,6.27534967,-75.58397049,13.33,1507.576,23.889,8.880,300,12,27,,
T,2023-05-17 11:33:54,6.27538263,-75.58406126,12.77,1509.511,23.889,9.310,298,12,27,,
T,2023-05-17 11:33:55,6.27541590,-75.58412835,12.72,1511.811,23.889,8.310,295,12,27,,
T,2023-05-17 11:33:56,6.27545011,-75.58419734,13.21,1512.266,23.889,7.610,294,11,27,,
T,2023-05-17 11:33:57,6.27548432,-75.58425927,13.63,1512.351,23.890,7.750,302,11,27,,
T,2023-05-17 11:33:58,6.27551596,-75.58432926,13.85,1513.558,23.890,8.110,296,10,27,,
T,2023-05-17 11:33:59,6.27554646,-75.58439213,13.96,1512.774,23.890,8.050,293,12,27,,
T,2023-05-17 11:34:00,6.27557976,-75.58445469,14.00,1513.356,23.890,8.010,291,11,27,,
T,2023-05-17 11:34:01,6.27560826,-75.58451099,14.11,1513.871,23.891,7.390,286,11,27,,
T,2023-05-17 11:34:02,6.27566396,-75.58454669,13.92,1514.595,23.891,7.320,285,10,26,,
T,2023-05-17 11:34:03,6.27563256,-75.58464247,12.50,1515.507,23.891,7.270,281,11,27,,
T,2023-05-17 11:34:04,6.27567694,-75.58468155,12.49,1516.189,23.891,6.900,279,11,27,,
T,2023-05-17 11:34:05,6.27567573,-75.58475610,12.51,1516.147,23.892,6.810,279,11,27,,
T,2023-05-17 11:34:06,6.27567680,-75.58481010,12.99,1515.905,23.892,6.520,278,11,27,,
T,2023-05-17 11:34:07,6.27568243,-75.58487074,13.72,1515.751,23.892,6.590,280,11,27,,
T,2023-05-17 11:34:08,6.27569550,-75.58492607,13.52,1516.952,23.893,6.590,281,14,27,,
T,2023-05-17 11:34:09,6.27567434,-75.58501887,13.09,1516.371,23.893,7.040,281,14,27,,
T,2023-05-17 11:34:10,6.27567488,-75.58506517,13.22,1516.793,23.893,6.320,278,13,27,,
T,2023-05-17 11:34:11,6.27567834,-75.58511003,12.85,1517.699,23.894,5.330,278,13,27,,
T,2023-05-17 11:34:12,6.27568308,-75.58515647,13.08,1517.731,23.894,5.060,278,13,27,,
T,2023-05-17 11:34:13,6.27569223,-75.58518540,12.90,1519.091,23.894,4.650,277,13,27,,
T,2023-05-17 11:34:14,6.27565291,-75.58526845,13.29,1518.618,23.895,5.070,271,11,27,,
T,2023-05-17 11:34:15,6.27565143,-75.58531362,13.63,1519.121,23.895,4.970,268,11,27,,
T,2023-05-17 11:34:16,6.27564165,-75.58536384,13.71,1518.221,23.895,4.850,266,12,27,,
T,2023-05-17 11:34:17,6.27563264,-75.58537597,13.44,1517.052,23.895,3.150,273,13,27,,
T,2023-05-17 11:34:18,6.27562733,-75.58540320,13.87,1517.468,23.895,2.910,288,13,27,,
T,2023-05-17 11:34:19,6.27563032,-75.58538902,13.95,1517.297,23.895,0.680,296,13,27,,
T,2023-05-17 11:34:20,6.27563403,-75.58538916,13.95,1516.459,23.895,0.220,312,14,27,,
T,2023-05-17 11:34:21,6.27563929,-75.58539676,14.18,1515.716,23.895,1.470,300,14,27,,
T,2023-05-17 11:34:22,6.27565238,-75.58541660,14.54,1516.429,23.895,2.230,277,14,27,,
T,2023-05-17 11:34:23,6.27566408,-75.58543930,14.49,1517.843,23.895,2.350,273,13,27,,
T,2023-05-17 11:34:24,6.27567863,-75.58545803,15.07,1520.064,23.895,2.150,268,13,27,,
T,2023-05-17 11:34:25,6.27569450,-75.58549813,14.55,1520.873,23.896,3.950,272,14,27,,
T,2023-05-17 11:34:26,6.27573687,-75.58557643,14.89,1520.078,23.896,5.240,275,14,27,,
T,2023-05-17 11:34:27,6.27575621,-75.58561319,14.25,1520.681,23.896,7.160,278,12,27,,
T,2023-05-17 11:34:28,6.27577812,-75.58569472,14.25,1520.508,23.896,7.320,280,11,27,,
T,2023-05-17 11:34:29,6.27580556,-75.58573066,14.39,1523.150,23.897,7.190,284,13,27,,
T,2023-05-17 11:34:30,6.27585334,-75.58575432,14.59,1524.854,23.897,6.610,284,12,27,,
T,2023-05-17 11:34:31,6.27586536,-75.58580540,15.26,1525.494,23.897,6.370,285,12,27,,
T,2023-05-17 11:34:32,6.27588054,-75.58586586,15.27,1526.604,23.897,5.870,287,12,27,,
T,2023-05-17 11:34:33,6.27588631,-75.58584990,14.58,1526.438,23.897,2.820,293,16,27,,
T,2023-05-17 11:34:34,6.27590691,-75.58584626,13.65,1527.849,23.897,2.640,301,14,27,,
T,2023-05-17 11:34:35,6.27593360,-75.58588595,13.32,1529.195,23.897,3.040,305,13,27,,
T,2023-05-17 11:34:36,6.27598487,-75.58592549,12.22,1531.821,23.897,5.590,306,13,27,,
T,2023-05-17 11:34:37,6.27603467,-75.58597103,12.24,1534.304,23.897,6.110,310,12,27,,
T,2023-05-17 11:34:38,6.27609531,-75.58602446,11.78,1535.389,23.897,8.270,308,14,27,,
T,2023-05-17 11:34:39,6.27613711,-75.58608970,11.52,1535.156,23.898,8.740,303,11,27,,
T,2023-05-17 11:34:40,6.27617417,-75.58615558,11.40,1536.818,23.898,8.090,297,13,27,,
T,2023-05-17 11:34:41,6.27621394,-75.58621322,11.13,1537.793,23.898,7.790,296,13,27,,
T,2023-05-17 11:34:42,6.27623320,-75.58627143,10.90,1538.289,23.898,7.260,291,13,27,,
T,2023-05-17 11:34:43,6.27625217,-75.58633634,10.87,1539.027,23.899,6.690,292,13,27,,
T,2023-05-17 11:34:44,6.27626552,-75.58637870,10.97,1536.815,23.899,6.030,286,13,27,,
T,2023-05-17 11:34:45,6.27626923,-75.58642921,10.91,1536.955,23.899,5.440,276,13,27,,
T,2023-05-17 11:34:46,6.27627694,-75.58646318,10.88,1538.169,23.899,4.630,263,12,27,,
T,2023-05-17 11:34:47,6.27627294,-75.58649869,11.03,1539.141,23.900,3.690,251,12,27,,
T,2023-05-17 11:34:48,6.27626216,-75.58652258,10.80,1540.054,23.900,3.160,239,12,27,,
T,2023-05-17 11:34:49,6.27623529,-75.58654962,10.66,1541.264,23.900,3.440,233,12,27,,
T,2023-05-17 11:34:50,6.27621069,-75.58658297,10.50,1540.773,23.900,3.180,237,13,27,,
T,2023-05-17 11:34:51,6.27619439,-75.58659701,10.49,1540.066,23.900,2.490,209,13,26,,
T,2023-05-17 11:34:52,6.27617476,-75.58660609,10.35,1540.227,23.900,2.390,197,14,27,,
T,2023-05-17 11:34:53,6.27614934,-75.58661606,10.18,1540.806,23.900,2.590,195,14,27,,
T,2023-05-17 11:34:54,6.27612503,-75.58662741,10.14,1541.475,23.901,2.590,196,14,26,,
T,2023-05-17 11:34:55,6.27610713,-75.58663779,10.21,1540.053,23.901,2.130,197,13,27,,
T,2023-05-17 11:34:56,6.27609861,-75.58664999,10.29,1540.935,23.901,1.460,203,13,27,,
T,2023-05-17 11:34:57,6.27609015,-75.58665852,10.47,1540.782,23.901,1.340,200,13,27,,
T,2023-05-17 11:34:58,6.27608165,-75.58666438,10.61,1541.211,23.901,1.050,209,12,27,,
T,2023-05-17 11:34:59,6.27608208,-75.58667037,10.43,1541.273,23.901,0.320,203,12,27,,
T,2023-05-17 11:35:00,6.27608307,-75.58667361,10.53,1540.109,23.901,0.000,,12,27,,
T,2023-05-17 11:35:01,6.27608443,-75.58667638,10.65,1539.358,23.901,0.000,,13,27,,
T,2023-05-17 11:35:02,6.27608139,-75.58667851,10.54,1538.579,23.901,0.390,206,13,27,,
T,2023-05-17 11:35:03,6.27608195,-75.58667931,10.49,1538.487,23.901,0.000,,13,27,,
T,2023-05-17 11:35:04,6.27607918,-75.58667472,10.34,1538.397,23.901,0.000,,13,27,,
T,2023-05-17 11:35:05,6.27607312,-75.58666931,10.39,1538.440,23.901,0.000,,14,27,,
T,2023-05-17 11:35:06,6.27607744,-75.58666808,10.50,1538.057,23.901,0.000,,14,27,,
T,2023-05-17 11:35:07,6.27607527,-75.58666505,10.42,1538.136,23.901,0.000,,13,27,,
T,2023-05-17 11:35:08,6.27607690,-75.58666531,10.33,1537.829,23.901,0.000,,13,27,,
T,2023-05-17 11:35:09,6.27607691,-75.58666504,10.22,1538.296,23.901,0.000,,14,27,,
T,2023-05-17 11:35:10,6.27607525,-75.58666194,9.97,1538.079,23.901,0.000,,14,27,,
T,2023-05-17 11:35:11,6.27607482,-75.58666004,9.94,1537.750,23.901,0.000,,13,27,,
T,2023-05-17 11:35:12,6.27605944,-75.58667808,9.94,1536.973,23.901,2.250,243,13,27,,
T,2023-05-17 11:35:13,6.27604631,-75.58670057,9.94,1536.485,23.901,2.320,242,14,27,,
T,2023-05-17 11:35:14,6.27602802,-75.58671573,9.94,1536.526,23.901,2.060,216,14,27,,
T,2023-05-17 11:35:15,6.27600616,-75.58672431,9.99,1536.162,23.901,2.080,204,14,27,,
T,2023-05-17 11:35:16,6.27599441,-75.58673153,10.15,1535.286,23.901,1.620,228,15,27,,
T,2023-05-17 11:35:17,6.27598460,-75.58674653,10.58,1536.182,23.901,1.980,260,15,27,,
T,2023-05-17 11:35:18,6.27598121,-75.58675744,11.06,1536.417,23.902,1.580,282,14,27,,
T,2023-05-17 11:35:19,6.27597980,-75.58676835,11.69,1535.812,23.902,1.550,294,13,27,,
T,2023-05-17 11:35:20,6.27598265,-75.58677357,12.24,1535.370,23.902,1.160,323,13,27,,
T,2023-05-17 11:35:21,6.27598301,-75.58677254,12.62,1536.115,23.902,0.740,352,13,27,,
T,2023-05-17 11:35:22,6.27597961,-75.58677393,12.29,1536.183,23.902,0.360,349,12,27,,
T,2023-05-17 11:35:23,6.27598035,-75.58677741,12.54,1536.390,23.902,0.680,1,11,27,,
T,2023-05-17 11:35:24,6.27597873,-75.58677656,12.91,1536.413,23.902,0.260,11,11,27,,
T,2023-05-17 11:35:25,6.27597410,-75.58678427,12.46,1535.745,23.902,0.510,21,12,27,,
T,2023-05-17 11:35:26,6.27597452,-75.58678805,12.70,1534.979,23.902,0.000,,12,27,,
T,2023-05-17 11:35:27,6.27597602,-75.58679038,13.00,1535.649,23.902,0.000,,12,27,,
T,2023-05-17 11:35:28,6.27597734,-75.58678574,12.33,1536.649,23.902,0.000,,12,27,,
T,2023-05-17 11:35:29,6.27598032,-75.58678546,12.47,1537.103,23.902,0.000,,13,27,,
T,2023-05-17 11:35:30,6.27598262,-75.58678217,12.73,1536.914,23.902,0.000,,15,27,,
T,2023-05-17 11:35:31,6.27598042,-75.58677671,12.98,1537.232,23.902,0.000,,14,27,,
T,2023-05-17 11:35:32,6.27598282,-75.58677483,13.50,1537.305,23.902,0.000,,14,27,,
T,2023-05-17 11:35:33,6.27598398,-75.58677552,14.29,1537.786,23.902,0.000,,13,27,,
T,2023-05-17 11:35:34,6.27598717,-75.58677361,15.16,1537.253,23.902,0.000,,13,27,,
T,2023-05-17 11:35:35,6.27598605,-75.58677419,15.50,1537.432,23.902,0.000,,12,27,,
T,2023-05-17 11:35:36,6.27598568,-75.58677401,14.10,1537.955,23.902,0.000,,12,27,,
T,2023-05-17 11:35:37,6.27598447,-75.58677655,14.36,1537.857,23.902,0.000,,12,26,,
T,2023-05-17 11:35:38,6.27598574,-75.58677905,14.56,1538.079,23.902,0.000,,12,27,,
T,2023-05-17 11:35:39,6.27599097,-75.58677992,13.93,1537.863,23.902,0.000,,12,26,,
T,2023-05-17 11:35:40,6.27599385,-75.58677843,13.84,1538.316,23.902,0.000,,13,27,,
T,2023-05-17 11:35:41,6.27599538,-75.58677667,13.86,1538.798,23.902,0.000,,12,27,,
T,2023-05-17 11:35:42,6.27599877,-75.58677652,13.74,1538.846,23.902,0.000,,12,27,,
T,2023-05-17 11:35:43,6.27600445,-75.58677611,13.34,1538.839,23.902,0.000,,11,27,,
T,2023-05-17 11:35:44,6.27601094,-75.58677551,13.20,1538.945,23.902,0.000,,11,27,,
T,2023-05-17 11:35:45,6.27601120,-75.58677387,12.94,1538.858,23.902,0.000,,11,27,,
T,2023-05-17 11:35:46,6.27601341,-75.58677514,12.83,1539.061,23.902,0.000,,12,27,,
T,2023-05-17 11:35:47,6.27601575,-75.58677535,12.94,1538.856,23.902,0.000,,13,27,,
T,2023-05-17 11:35:48,6.27601731,-75.58677589,13.23,1539.117,23.902,0.000,,13,27,,
T,2023-05-17 11:35:49,6.27602030,-75.58677806,12.52,1538.664,23.902,0.000,,14,27,,
T,2023-05-17 11:35:50,6.27602440,-75.58677956,12.01,1538.686,23.902,0.000,,13,27,,
T,2023-05-17 11:35:51,6.27602815,-75.58678371,12.00,1538.234,23.902,0.000,,14,27,,
T,2023-05-17 11:35:52,6.27603181,-75.58678777,12.06,1538.198,23.902,0.000,,14,27,,
T,2023-05-17 11:35:53,6.27603500,-75.58679020,11.79,1538.186,23.902,0.000,,14,27,,
T,2023-05-17 11:35:54,6.27603872,-75.58679399,11.75,1537.782,23.902,0.000,,14,27,,
T,2023-05-17 11:35:55,6.27603778,-75.58679450,11.72,1537.888,23.902,0.000,,15,27,,
T,2023-05-17 11:35:56,6.27603761,-75.58679475,11.74,1537.866,23.902,0.000,,14,27,,
T,2023-05-17 11:35:57,6.27603788,-75.58679493,11.89,1537.871,23.902,0.000,,13,27,,
T,2023-05-17 11:35:58,6.27603820,-75.58679517,12.24,1537.868,23.902,0.000,,14,27,,
T,2023-05-17 11:35:59,6.27603803,-75.58679525,12.36,1537.876,23.902,0.000,,14,27,,
T,2023-05-17 11:36:00,6.27603792,-75.58679534,12.54,1537.873,23.902,0.000,,14,27,,
T,2023-05-17 11:36:01,6.27603790,-75.58679538,12.82,1537.862,23.902,0.000,,14,27,,
T,2023-05-17 11:36:02,6.27603753,-75.58679559,12.51,1537.878,23.902,0.000,,14,27,,
T,2023-05-17 11:36:03,6.27603628,-75.58679574,12.62,1537.916,23.902,0.000,,14,27,,
T,2023-05-17 11:36:04,6.27603597,-75.58679579,12.86,1537.914,23.902,0.000,,12,27,,
T,2023-05-17 11:36:05,6.27603591,-75.58679583,12.94,1537.912,23.902,0.000,,11,27,,
T,2023-05-17 11:36:06,6.27603590,-75.58679589,13.05,1537.906,23.902,0.000,,11,27,,
T,2023-05-17 11:36:07,6.27603607,-75.58679609,13.18,1537.891,23.902,0.000,,11,27,,
T,2023-05-17 11:36:08,6.27603627,-75.58679614,13.20,1537.882,23.902,0.000,,12,27,,
T,2023-05-17 11:36:09,6.27603735,-75.58679682,12.66,1537.848,23.902,0.000,,12,27,,
T,2023-05-17 11:36:10,6.27605512,-75.58681782,12.49,1538.153,23.902,1.610,279,14,27,,
T,2023-05-17 11:36:11,6.27606471,-75.58684286,12.56,1537.496,23.902,1.290,280,14,27,,
T,2023-05-17 11:36:12,6.27607800,-75.58687988,13.16,1537.193,23.902,2.630,281,14,26,,
