type,date time,latitude,longitude,accuracy(m),altitude(m),geoid_height(m),speed(m/s),bearing(deg),sat_used,sat_inview,name,desc
T,2023-05-09 13:44:48,6.28546500,-75.59548833,2.50,1750.175,23.925,0.000,,9,31,20230509-084448,GPS Logger: 20230509-084448 - Itinerario6
T,2023-05-09 13:44:49,6.28546667,-75.59548667,2.50,1750.275,23.925,0.000,,9,31,,
T,2023-05-09 13:44:50,6.28547000,-75.59549000,2.40,1749.275,23.925,0.000,,9,31,,
T,2023-05-09 13:44:51,6.28547500,-75.59549167,2.30,1748.975,23.925,0.398,175,9,31,,
T,2023-05-09 13:44:52,6.28547333,-75.59548833,2.20,1748.975,23.925,0.395,191,9,31,,
T,2023-05-09 13:44:53,6.28547167,-75.59548667,2.20,1748.875,23.925,0.000,,9,31,,
T,2023-05-09 13:44:54,6.28547167,-75.59548833,2.30,1748.675,23.925,0.000,,9,31,,
T,2023-05-09 13:44:55,6.28546833,-75.59549167,2.30,1748.975,23.925,0.000,,9,31,,
T,2023-05-09 13:44:56,6.28547667,-75.59549500,2.20,1749.075,23.925,0.000,,9,31,,
T,2023-05-09 13:44:57,6.28547667,-75.59549500,1.80,1749.075,23.925,0.000,,9,31,,
T,2023-05-09 13:44:58,6.28547667,-75.59549500,2.00,1749.075,23.925,0.000,,9,31,,
T,2023-05-09 13:44:59,6.28547500,-75.59549000,2.10,1748.975,23.925,0.375,75,9,31,,
T,2023-05-09 13:45:00,6.28547667,-75.59548833,2.20,1748.875,23.925,0.000,,9,31,,
T,2023-05-09 13:45:01,6.28548167,-75.59548500,2.30,1748.975,23.925,0.000,,9,31,,
T,2023-05-09 13:45:02,6.28549000,-75.59548500,2.40,1749.075,23.925,0.000,,9,31,,
T,2023-05-09 13:45:03,6.28549000,-75.59548500,2.30,1749.075,23.925,0.000,,9,31,,
T,2023-05-09 13:45:04,6.28549000,-75.59548500,2.30,1749.075,23.925,0.000,,9,31,,
T,2023-05-09 13:45:05,6.28549000,-75.59548500,2.40,1749.075,23.925,0.000,,9,31,,
T,2023-05-09 13:45:06,6.28549000,-75.59548500,2.40,1749.075,23.925,0.000,,9,31,,
T,2023-05-09 13:45:07,6.28549500,-75.59547000,2.50,1749.475,23.925,0.000,,9,31,,
T,2023-05-09 13:45:08,6.28549667,-75.59547167,2.50,1749.375,23.925,0.000,,9,31,,
T,2023-05-09 13:45:09,6.28550333,-75.59547333,2.60,1749.475,23.925,0.000,,9,31,,
T,2023-05-09 13:45:10,6.28550000,-75.59546500,2.60,1749.375,23.925,0.000,,9,31,,
T,2023-05-09 13:45:11,6.28550000,-75.59546500,2.50,1749.375,23.925,0.000,,9,31,,
T,2023-05-09 13:45:12,6.28550000,-75.59546500,2.40,1749.375,23.925,0.000,,9,31,,
T,2023-05-09 13:45:13,6.28550000,-75.59546500,2.50,1749.375,23.925,0.000,,9,31,,
T,2023-05-09 13:45:14,6.28550000,-75.59546500,2.50,1749.375,23.925,0.000,,9,31,,
T,2023-05-09 13:45:15,6.28550000,-75.59546500,2.40,1749.375,23.925,0.000,,9,31,,
T,2023-05-09 13:45:16,6.28550000,-75.59546500,2.40,1749.375,23.925,0.000,,9,31,,
T,2023-05-09 13:45:17,6.28550000,-75.59546500,2.40,1749.375,23.925,0.000,,9,31,,
T,2023-05-09 13:45:18,6.28550000,-75.59546500,2.40,1749.375,23.925,0.000,,9,31,,
T,2023-05-09 13:45:19,6.28550000,-75.59546500,2.30,1749.375,23.925,0.000,,9,31,,
T,2023-05-09 13:45:20,6.28550000,-75.59546500,2.30,1749.375,23.925,0.000,,9,31,,
T,2023-05-09 13:45:21,6.28550000,-75.59546500,2.30,1749.375,23.925,0.000,,9,31,,
T,2023-05-09 13:45:23,6.28554333,-75.59544000,2.40,1748.675,23.925,0.000,,9,31,,
T,2023-05-09 13:45:24,6.28555333,-75.59545000,2.40,1748.875,23.925,0.000,,9,31,,
T,2023-05-09 13:45:25,6.28556167,-75.59545333,2.30,1749.375,23.925,0.000,,13,37,,
T,2023-05-09 13:45:26,6.28556667,-75.59546333,2.30,1749.775,23.925,0.492,189,15,44,,
T,2023-05-09 13:45:27,6.28556833,-75.59547167,2.20,1749.875,23.925,0.464,277,18,44,,
T,2023-05-09 13:45:28,6.28557000,-75.59548333,2.20,1750.375,23.925,0.000,,16,44,,
T,2023-05-09 13:45:29,6.28558000,-75.59549333,2.20,1749.575,23.925,0.000,,22,44,,
T,2023-05-09 13:45:30,6.28558167,-75.59550333,2.10,1749.675,23.925,0.000,,25,44,,
T,2023-05-09 13:45:31,6.28558167,-75.59550333,2.00,1749.675,23.925,0.000,,25,44,,
T,2023-05-09 13:45:32,6.28558167,-75.59550333,2.00,1749.675,23.925,0.000,,25,44,,
T,2023-05-09 13:45:33,6.28558167,-75.59550333,2.00,1749.675,23.925,0.000,,25,44,,
T,2023-05-09 13:45:34,6.28558167,-75.59550333,2.00,1749.675,23.925,0.000,,25,44,,
T,2023-05-09 13:45:35,6.28558167,-75.59550333,2.00,1749.675,23.925,0.000,,24,44,,
T,2023-05-09 13:45:36,6.28558167,-75.59550333,2.00,1749.675,23.925,0.000,,24,44,,
T,2023-05-09 13:45:37,6.28558167,-75.59550333,1.90,1749.675,23.925,0.000,,24,44,,
T,2023-05-09 13:45:38,6.28558167,-75.59550333,1.90,1749.675,23.925,0.000,,24,44,,
T,2023-05-09 13:45:39,6.28558167,-75.59550333,1.90,1749.675,23.925,0.000,,26,44,,
T,2023-05-09 13:45:40,6.28555500,-75.59551333,1.90,1749.875,23.925,0.400,85,26,44,,
T,2023-05-09 13:45:41,6.28554833,-75.59549000,1.90,1750.375,23.925,0.619,94,26,44,,
T,2023-05-09 13:45:42,6.28554167,-75.59545667,2.00,1750.975,23.925,0.895,91,26,44,,
T,2023-05-09 13:45:43,6.28553500,-75.59541667,2.00,1751.875,23.925,1.239,87,26,44,,
T,2023-05-09 13:45:44,6.28553667,-75.59538167,2.10,1752.576,23.924,1.557,88,26,44,,
T,2023-05-09 13:45:45,6.28552667,-75.59532333,2.00,1752.976,23.924,1.959,98,24,44,,
T,2023-05-09 13:45:46,6.28552500,-75.59528333,2.30,1753.676,23.924,2.352,91,24,44,,
T,2023-05-09 13:45:47,6.28554833,-75.59523667,2.40,1754.276,23.924,2.827,65,24,44,,
T,2023-05-09 13:45:48,6.28557833,-75.59519667,2.60,1754.977,23.923,3.246,56,24,44,,
T,2023-05-09 13:45:49,6.28561333,-75.59515833,2.70,1755.577,23.923,3.656,54,25,44,,
T,2023-05-09 13:45:50,6.28564667,-75.59511833,2.70,1756.277,23.923,4.014,53,25,44,,
T,2023-05-09 13:45:51,6.28568667,-75.59507500,2.80,1756.778,23.922,4.321,51,25,44,,
T,2023-05-09 13:45:52,6.28572833,-75.59502833,2.80,1757.278,23.922,4.619,51,25,44,,
T,2023-05-09 13:45:53,6.28577833,-75.59498333,2.90,1757.778,23.922,4.892,46,24,44,,
T,2023-05-09 13:45:54,6.28583333,-75.59493667,3.10,1758.579,23.921,5.216,43,25,44,,
T,2023-05-09 13:45:55,6.28588500,-75.59489333,3.00,1758.979,23.921,5.372,43,25,44,,
T,2023-05-09 13:45:56,6.28593000,-75.59485500,2.90,1759.279,23.921,5.518,46,25,44,,
T,2023-05-09 13:45:57,6.28597667,-75.59481833,2.90,1758.980,23.920,5.548,44,25,44,,
T,2023-05-09 13:45:58,6.28602667,-75.59478667,2.50,1759.480,23.920,3.522,32,23,42,,
T,2023-05-09 13:45:59,6.28605500,-75.59476167,2.30,1759.080,23.920,5.393,33,23,42,,
T,2023-05-09 13:46:00,6.28608500,-75.59474500,2.10,1759.580,23.920,5.118,36,23,42,,
T,2023-05-09 13:46:01,6.28610500,-75.59473000,2.10,1760.480,23.920,4.857,48,23,42,,
T,2023-05-09 13:46:02,6.28613000,-75.59471500,2.00,1761.080,23.920,4.564,46,23,42,,
T,2023-05-09 13:46:03,6.28615667,-75.59469500,2.00,1762.581,23.919,4.292,53,23,42,,
T,2023-05-09 13:46:04,6.28618333,-75.59466167,2.10,1763.781,23.919,4.123,51,23,42,,
T,2023-05-09 13:46:05,6.28621333,-75.59462333,2.20,1763.981,23.919,3.991,47,23,42,,
T,2023-05-09 13:46:06,6.28624667,-75.59458000,2.20,1764.781,23.919,4.000,42,23,42,,
T,2023-05-09 13:46:07,6.28629000,-75.59454333,2.20,1765.282,23.918,4.041,39,23,42,,
T,2023-05-09 13:46:08,6.28633833,-75.59450833,2.30,1766.182,23.918,4.088,38,23,42,,
T,2023-05-09 13:46:09,6.28638333,-75.59447500,2.20,1766.982,23.918,4.299,39,23,42,,
T,2023-05-09 13:46:10,6.28641333,-75.59444667,2.20,1767.782,23.918,4.432,43,23,42,,
T,2023-05-09 13:46:11,6.28642833,-75.59442667,2.10,1768.983,23.917,4.506,34,23,42,,
T,2023-05-09 13:46:12,6.28644167,-75.59440667,2.00,1770.383,23.917,4.513,47,23,42,,
T,2023-05-09 13:46:13,6.28646667,-75.59438333,1.90,1770.983,23.917,4.122,57,23,42,,
T,2023-05-09 13:46:14,6.28647833,-75.59435500,2.00,1771.183,23.917,3.868,83,23,42,,
T,2023-05-09 13:46:15,6.28648500,-75.59432000,2.00,1771.383,23.917,3.603,89,23,42,,
T,2023-05-09 13:46:16,6.28647667,-75.59427000,2.10,1771.784,23.916,3.437,100,23,42,,
T,2023-05-09 13:46:17,6.28647000,-75.59423167,2.20,1772.084,23.916,3.331,104,23,42,,
T,2023-05-09 13:46:18,6.28646000,-75.59419333,2.20,1772.684,23.916,3.329,103,23,42,,
T,2023-05-09 13:46:19,6.28644833,-75.59414333,2.20,1772.984,23.916,3.337,103,22,42,,
T,2023-05-09 13:46:20,6.28644167,-75.59411667,2.30,1774.384,23.916,3.202,86,22,42,,
T,2023-05-09 13:46:21,6.28642833,-75.59408000,2.30,1775.484,23.916,3.107,102,22,42,,
T,2023-05-09 13:46:22,6.28641167,-75.59405333,2.40,1776.784,23.916,3.010,105,22,42,,
T,2023-05-09 13:46:23,6.28640000,-75.59400333,2.40,1777.685,23.915,2.970,106,21,42,,
T,2023-05-09 13:46:24,6.28638667,-75.59396833,2.50,1778.285,23.915,2.896,107,21,42,,
T,2023-05-09 13:46:25,6.28637000,-75.59393167,2.50,1778.685,23.915,2.815,112,21,42,,
T,2023-05-09 13:46:26,6.28635833,-75.59389500,2.50,1778.885,23.915,2.676,112,22,42,,
T,2023-05-09 13:46:27,6.28634167,-75.59384667,2.50,1779.185,23.915,2.548,117,21,42,,
T,2023-05-09 13:46:28,6.28631000,-75.59380500,2.40,1778.386,23.914,2.456,128,21,42,,
T,2023-05-09 13:46:29,6.28628667,-75.59377000,2.20,1777.486,23.914,2.331,128,22,42,,
T,2023-05-09 13:46:30,6.28627167,-75.59374667,2.20,1776.886,23.914,2.320,126,24,42,,
T,2023-05-09 13:46:31,6.28625500,-75.59373000,2.10,1775.986,23.914,2.278,133,24,42,,
T,2023-05-09 13:46:32,6.28624833,-75.59371667,2.10,1775.286,23.914,2.102,87,24,42,,
T,2023-05-09 13:46:33,6.28624833,-75.59370500,2.10,1774.886,23.914,1.889,84,24,42,,
T,2023-05-09 13:46:34,6.28624167,-75.59369000,2.10,1774.886,23.914,1.683,119,24,42,,
T,2023-05-09 13:46:35,6.28623667,-75.59367500,2.00,1775.086,23.914,1.524,134,25,42,,
T,2023-05-09 13:46:36,6.28621000,-75.59366167,2.00,1775.386,23.914,1.588,173,25,42,,
T,2023-05-09 13:46:37,6.28616333,-75.59364833,2.00,1775.086,23.914,1.700,180,25,42,,
T,2023-05-09 13:46:38,6.28612000,-75.59364667,2.10,1775.286,23.914,1.868,188,25,42,,
T,2023-05-09 13:46:39,6.28607667,-75.59364667,2.10,1775.686,23.914,2.065,185,25,42,,
T,2023-05-09 13:46:40,6.28603000,-75.59364500,2.10,1775.686,23.914,2.369,181,25,42,,
T,2023-05-09 13:46:41,6.28598333,-75.59364833,2.10,1775.986,23.914,2.745,186,24,42,,
T,2023-05-09 13:46:42,6.28593500,-75.59365667,2.10,1776.185,23.915,3.208,188,24,42,,
T,2023-05-09 13:46:43,6.28588667,-75.59366167,2.10,1776.185,23.915,3.694,186,24,42,,
T,2023-05-09 13:46:44,6.28584000,-75.59367000,2.10,1776.985,23.915,4.097,183,24,42,,
T,2023-05-09 13:46:45,6.28579333,-75.59366667,2.20,1777.485,23.915,4.442,181,24,42,,
T,2023-05-09 13:46:46,6.28572833,-75.59365667,2.20,1776.485,23.915,4.572,176,24,42,,
T,2023-05-09 13:46:47,6.28569333,-75.59365833,2.20,1777.085,23.915,4.587,177,24,42,,
T,2023-05-09 13:46:48,6.28566000,-75.59366667,2.20,1777.285,23.915,4.527,181,24,42,,
T,2023-05-09 13:46:49,6.28561000,-75.59367167,2.20,1776.785,23.915,4.548,185,24,42,,
T,2023-05-09 13:46:50,6.28554333,-75.59369833,2.20,1772.084,23.916,4.491,181,24,42,,
T,2023-05-09 13:46:51,6.28550500,-75.59368167,2.30,1770.584,23.916,4.381,146,24,42,,
T,2023-05-09 13:46:52,6.28546667,-75.59364833,2.20,1770.284,23.916,4.276,140,24,42,,
T,2023-05-09 13:46:53,6.28543000,-75.59361500,2.20,1770.185,23.915,4.140,139,23,42,,
T,2023-05-09 13:46:54,6.28540167,-75.59358667,2.30,1769.585,23.915,4.069,134,23,42,,
T,2023-05-09 13:46:55,6.28536333,-75.59354833,2.30,1767.785,23.915,4.068,129,24,42,,
T,2023-05-09 13:46:56,6.28534000,-75.59351333,2.30,1766.485,23.915,4.027,122,24,42,,
T,2023-05-09 13:46:57,6.28532667,-75.59347167,2.30,1765.585,23.915,4.037,111,24,42,,
T,2023-05-09 13:46:58,6.28526000,-75.59337333,2.20,1759.885,23.915,4.133,107,24,42,,
T,2023-05-09 13:46:59,6.28525833,-75.59330500,2.20,1758.486,23.914,4.261,96,24,42,,
T,2023-05-09 13:47:00,6.28526667,-75.59323667,2.20,1756.986,23.914,4.457,93,24,42,,
T,2023-05-09 13:47:01,6.28528000,-75.59316000,2.10,1755.587,23.913,4.690,89,24,42,,
T,2023-05-09 13:47:02,6.28528833,-75.59308833,2.00,1753.687,23.913,4.957,89,24,42,,
T,2023-05-09 13:47:03,6.28530000,-75.59301833,2.00,1751.987,23.913,5.242,87,24,42,,
T,2023-05-09 13:47:04,6.28531833,-75.59294500,2.20,1749.988,23.912,5.529,92,23,42,,
T,2023-05-09 13:47:05,6.28532833,-75.59287500,2.20,1748.388,23.912,5.738,97,23,42,,
T,2023-05-09 13:47:06,6.28532167,-75.59281000,2.10,1746.388,23.912,5.986,101,23,42,,
T,2023-05-09 13:47:07,6.28530000,-75.59274667,2.10,1744.989,23.911,6.316,116,23,42,,
T,2023-05-09 13:47:08,6.28527500,-75.59269167,2.20,1743.789,23.911,7.087,121,23,42,,
T,2023-05-09 13:47:09,6.28524000,-75.59263667,2.20,1742.789,23.911,6.945,129,23,42,,
T,2023-05-09 13:47:10,6.28519833,-75.59259000,2.30,1741.789,23.911,6.804,135,23,42,,
T,2023-05-09 13:47:11,6.28516000,-75.59254167,2.30,1740.489,23.911,6.774,134,23,42,,
T,2023-05-09 13:47:12,6.28511667,-75.59250000,2.40,1739.390,23.910,6.501,138,23,42,,
T,2023-05-09 13:47:13,6.28506833,-75.59246000,2.30,1738.190,23.910,6.143,142,22,42,,
T,2023-05-09 13:47:14,6.28501667,-75.59241833,2.30,1736.590,23.910,6.502,152,22,42,,
T,2023-05-09 13:47:15,6.28496500,-75.59238833,2.20,1735.390,23.910,6.123,163,24,42,,
T,2023-05-09 13:47:16,6.28491000,-75.59237500,2.20,1734.290,23.910,6.295,172,25,42,,
T,2023-05-09 13:47:17,6.28485500,-75.59237667,2.20,1733.390,23.910,5.954,185,25,42,,
T,2023-05-09 13:47:18,6.28479667,-75.59239333,2.20,1732.189,23.911,5.847,196,25,42,,
T,2023-05-09 13:47:19,6.28474500,-75.59242333,2.20,1730.989,23.911,5.576,208,23,42,,
T,2023-05-09 13:47:20,6.28469333,-75.59245833,2.30,1729.589,23.911,5.565,210,23,42,,
T,2023-05-09 13:47:21,6.28465167,-75.59249000,2.40,1728.289,23.911,5.073,211,23,42,,
T,2023-05-09 13:47:22,6.28460167,-75.59251167,2.40,1727.388,23.912,5.655,204,24,42,,
T,2023-05-09 13:47:23,6.28454833,-75.59253833,2.40,1726.188,23.912,6.220,204,24,42,,
T,2023-05-09 13:47:24,6.28449833,-75.59257667,2.30,1725.188,23.912,6.838,209,24,42,,
T,2023-05-09 13:47:25,6.28443833,-75.59261500,2.30,1724.287,23.913,6.710,217,22,42,,
T,2023-05-09 13:47:26,6.28438667,-75.59265833,2.20,1722.687,23.913,6.523,222,22,42,,
T,2023-05-09 13:47:27,6.28433333,-75.59269167,2.20,1721.287,23.913,6.631,219,21,42,,
T,2023-05-09 13:47:28,6.28427667,-75.59273167,2.10,1720.086,23.914,6.603,219,22,42,,
T,2023-05-09 13:47:29,6.28421000,-75.59277167,2.10,1717.986,23.914,6.256,218,22,42,,
T,2023-05-09 13:47:30,6.28415667,-75.59280500,2.10,1716.386,23.914,5.451,217,23,42,,
T,2023-05-09 13:47:31,6.28411333,-75.59284333,2.00,1714.485,23.915,6.016,215,24,42,,
T,2023-05-09 13:47:32,6.28407000,-75.59287833,2.00,1713.385,23.915,5.894,214,24,42,,
T,2023-05-09 13:47:33,6.28402333,-75.59291000,2.00,1712.685,23.915,5.551,211,24,42,,
T,2023-05-09 13:47:34,6.28398333,-75.59294000,2.10,1711.685,23.915,4.535,213,24,42,,
T,2023-05-09 13:47:35,6.28394833,-75.59294500,2.10,1710.785,23.915,4.161,190,24,42,,
T,2023-05-09 13:47:36,6.28390667,-75.59293667,2.10,1710.385,23.915,4.179,175,24,42,,
T,2023-05-09 13:47:37,6.28387167,-75.59293000,2.10,1710.484,23.916,3.677,177,24,42,,
T,2023-05-09 13:47:38,6.28383500,-75.59292667,2.10,1710.184,23.916,3.785,170,24,42,,
T,2023-05-09 13:47:39,6.28379667,-75.59291167,2.10,1709.984,23.916,4.423,155,24,42,,
T,2023-05-09 13:47:40,6.28374500,-75.59289500,2.10,1709.184,23.916,4.943,149,24,42,,
T,2023-05-09 13:47:41,6.28370000,-75.59286333,2.10,1708.384,23.916,4.930,139,23,42,,
T,2023-05-09 13:47:42,6.28365167,-75.59282000,2.10,1707.585,23.915,5.596,136,23,42,,
T,2023-05-09 13:47:43,6.28361000,-75.59278167,2.10,1706.985,23.915,5.451,132,23,42,,
T,2023-05-09 13:47:44,6.28355167,-75.59272500,2.10,1704.985,23.915,5.477,132,23,42,,
T,2023-05-09 13:47:45,6.28351500,-75.59268167,2.00,1704.485,23.915,5.440,125,23,42,,
T,2023-05-09 13:47:46,6.28348167,-75.59263167,2.00,1703.885,23.915,5.988,117,23,42,,
T,2023-05-09 13:47:47,6.28345667,-75.59258000,2.00,1703.185,23.915,5.732,119,23,42,,
T,2023-05-09 13:47:48,6.28342833,-75.59253333,2.00,1701.886,23.914,5.940,113,23,42,,
T,2023-05-09 13:47:49,6.28340667,-75.59248167,2.00,1701.386,23.914,6.086,111,23,42,,
T,2023-05-09 13:47:50,6.28338167,-75.59243000,2.00,1700.686,23.914,6.092,116,23,42,,
T,2023-05-09 13:47:51,6.28335500,-75.59237833,2.00,1700.086,23.914,6.062,119,24,42,,
T,2023-05-09 13:47:52,6.28331667,-75.59232667,2.00,1699.786,23.914,6.261,128,24,42,,
T,2023-05-09 13:47:53,6.28327667,-75.59227833,2.00,1699.487,23.913,6.362,132,24,42,,
T,2023-05-09 13:47:54,6.28323500,-75.59223500,2.00,1698.987,23.913,5.760,137,24,42,,
T,2023-05-09 13:47:55,6.28319000,-75.59219000,2.00,1698.687,23.913,5.337,138,24,42,,
T,2023-05-09 13:47:56,6.28315500,-75.59215167,2.00,1697.987,23.913,4.395,135,24,42,,
T,2023-05-09 13:47:57,6.28313667,-75.59212000,2.00,1696.387,23.913,3.485,133,24,42,,
T,2023-05-09 13:47:58,6.28312000,-75.59209333,2.00,1694.787,23.913,2.114,132,25,42,,
T,2023-05-09 13:47:59,6.28310500,-75.59207500,1.90,1693.687,23.913,1.382,132,25,42,,
T,2023-05-09 13:48:00,6.28308667,-75.59205833,1.90,1692.487,23.913,0.000,,25,42,,
T,2023-05-09 13:48:01,6.28307500,-75.59205167,1.90,1691.787,23.913,0.000,,25,42,,
T,2023-05-09 13:48:02,6.28307000,-75.59204667,1.90,1690.987,23.913,0.000,,25,42,,
T,2023-05-09 13:48:03,6.28307000,-75.59204667,1.90,1690.987,23.913,0.000,,25,42,,
T,2023-05-09 13:48:04,6.28307000,-75.59204667,1.90,1690.987,23.913,0.000,,25,42,,
T,2023-05-09 13:48:05,6.28307000,-75.59204667,1.90,1690.987,23.913,0.000,,24,42,,
T,2023-05-09 13:48:06,6.28307000,-75.59204667,1.90,1690.987,23.913,0.000,,24,42,,
T,2023-05-09 13:48:07,6.28307000,-75.59204667,1.80,1690.987,23.913,0.000,,24,42,,
T,2023-05-09 13:48:08,6.28307000,-75.59204667,1.10,1690.987,23.913,0.000,,24,42,,
T,2023-05-09 13:48:09,6.28307000,-75.59204667,1.00,1690.987,23.913,0.000,,24,42,,
T,2023-05-09 13:48:10,6.28307000,-75.59204667,1.00,1690.987,23.913,0.000,,24,42,,
T,2023-05-09 13:48:11,6.28307000,-75.59204667,1.00,1690.987,23.913,0.000,,24,42,,
T,2023-05-09 13:48:12,6.28307000,-75.59204667,1.00,1690.987,23.913,0.000,,24,42,,
T,2023-05-09 13:48:13,6.28307000,-75.59204667,1.00,1690.987,23.913,0.000,,25,42,,
T,2023-05-09 13:48:14,6.28307000,-75.59204667,1.00,1690.987,23.913,0.000,,25,42,,
T,2023-05-09 13:48:15,6.28303667,-75.59200833,1.20,1689.187,23.913,2.302,82,25,42,,
T,2023-05-09 13:48:16,6.28304333,-75.59198000,1.50,1688.988,23.912,3.297,65,25,42,,
T,2023-05-09 13:48:17,6.28305500,-75.59194500,1.70,1688.788,23.912,4.242,61,25,42,,
T,2023-05-09 13:48:18,6.28307333,-75.59190333,1.80,1688.588,23.912,4.852,55,25,42,,
T,2023-05-09 13:48:19,6.28309333,-75.59186000,1.90,1688.288,23.912,5.327,55,25,42,,
T,2023-05-09 13:48:20,6.28312667,-75.59182667,1.90,1687.989,23.911,5.073,36,25,42,,
T,2023-05-09 13:48:21,6.28316500,-75.59179833,1.90,1687.589,23.911,4.876,36,24,42,,
T,2023-05-09 13:48:22,6.28320500,-75.59177500,1.90,1687.089,23.911,4.481,32,24,42,,
T,2023-05-09 13:48:23,6.28323500,-75.59175833,1.90,1686.689,23.911,3.424,33,24,42,,
T,2023-05-09 13:48:24,6.28326000,-75.59174333,2.00,1686.489,23.911,2.833,32,24,42,,
T,2023-05-09 13:48:25,6.28327667,-75.59173167,2.00,1685.689,23.911,1.880,31,24,42,,
T,2023-05-09 13:48:26,6.28329000,-75.59172333,2.00,1685.089,23.911,1.661,19,24,42,,
T,2023-05-09 13:48:27,6.28329833,-75.59171333,2.00,1684.589,23.911,1.023,19,24,42,,
T,2023-05-09 13:48:28,6.28331167,-75.59170167,2.00,1684.390,23.910,1.806,34,24,42,,
T,2023-05-09 13:48:29,6.28333333,-75.59168667,2.00,1684.090,23.910,2.541,36,24,42,,
T,2023-05-09 13:48:30,6.28336167,-75.59167333,2.10,1683.690,23.910,2.542,33,24,42,,
T,2023-05-09 13:48:31,6.28338667,-75.59166000,2.10,1682.990,23.910,1.834,37,24,42,,
T,2023-05-09 13:48:32,6.28340000,-75.59165167,2.10,1682.790,23.910,1.101,37,24,42,,
T,2023-05-09 13:48:33,6.28340500,-75.59164833,2.10,1682.690,23.910,0.000,,24,42,,
T,2023-05-09 13:48:34,6.28340667,-75.59165167,2.10,1682.690,23.910,0.000,,24,42,,
T,2023-05-09 13:48:35,6.28341167,-75.59165000,2.10,1682.990,23.910,0.000,,24,42,,
T,2023-05-09 13:48:36,6.28341167,-75.59165000,1.90,1682.990,23.910,0.000,,24,42,,
T,2023-05-09 13:48:37,6.28341167,-75.59165000,1.90,1682.990,23.910,0.000,,24,42,,
T,2023-05-09 13:48:38,6.28346000,-75.59161000,1.90,1683.490,23.910,2.098,47,24,42,,
T,2023-05-09 13:48:39,6.28347833,-75.59159667,1.90,1683.291,23.909,1.811,39,24,42,,
T,2023-05-09 13:48:40,6.28348833,-75.59158500,1.90,1683.391,23.909,1.316,39,24,42,,
T,2023-05-09 13:48:41,6.28349167,-75.59156667,2.00,1683.491,23.909,1.474,39,24,42,,
T,2023-05-09 13:48:42,6.28348167,-75.59154667,2.00,1683.691,23.909,2.175,127,24,42,,
T,2023-05-09 13:48:43,6.28346167,-75.59151500,2.00,1683.991,23.909,3.467,128,24,42,,
T,2023-05-09 13:48:44,6.28343667,-75.59148833,2.10,1684.391,23.909,3.481,138,25,42,,
T,2023-05-09 13:48:45,6.28340500,-75.59145333,2.10,1685.291,23.909,4.543,138,25,42,,
T,2023-05-09 13:48:46,6.28337167,-75.59141500,2.10,1685.991,23.909,4.775,130,25,42,,
T,2023-05-09 13:48:47,6.28333667,-75.59137667,2.10,1686.691,23.909,4.805,134,25,42,,
T,2023-05-09 13:48:48,6.28330167,-75.59134000,2.20,1687.191,23.909,5.169,138,25,42,,
T,2023-05-09 13:48:49,6.28326333,-75.59130833,2.20,1687.392,23.908,5.969,146,26,42,,
T,2023-05-09 13:48:50,6.28321167,-75.59125000,2.20,1686.892,23.908,6.697,140,26,42,,
T,2023-05-09 13:48:51,6.28315833,-75.59119167,2.20,1686.492,23.908,6.401,140,25,42,,
T,2023-05-09 13:48:52,6.28311667,-75.59115667,2.20,1686.292,23.908,6.117,141,25,42,,
T,2023-05-09 13:48:53,6.28306167,-75.59113833,2.20,1684.192,23.908,6.214,141,25,42,,
T,2023-05-09 13:48:54,6.28302167,-75.59110333,2.20,1683.192,23.908,5.993,136,25,42,,
T,2023-05-09 13:48:55,6.28297833,-75.59107167,2.30,1681.492,23.908,6.011,141,24,42,,
T,2023-05-09 13:48:56,6.28292667,-75.59103333,2.30,1679.892,23.908,5.975,144,25,42,,
T,2023-05-09 13:48:57,6.28287333,-75.59099833,2.40,1678.792,23.908,6.598,145,24,42,,
T,2023-05-09 13:48:58,6.28282167,-75.59096000,2.30,1677.692,23.908,6.900,145,24,42,,
T,2023-05-09 13:48:59,6.28276333,-75.59091167,2.30,1676.792,23.908,7.138,141,22,42,,
T,2023-05-09 13:49:00,6.28271167,-75.59087000,2.30,1676.093,23.907,6.842,139,21,42,,
T,2023-05-09 13:49:01,6.28266000,-75.59082167,2.30,1675.493,23.907,6.515,138,21,42,,
T,2023-05-09 13:49:02,6.28261667,-75.59078000,2.30,1674.893,23.907,5.878,137,22,42,,
T,2023-05-09 13:49:03,6.28257500,-75.59075000,2.30,1674.393,23.907,5.329,143,21,42,,
T,2023-05-09 13:49:04,6.28254000,-75.59071833,2.30,1673.593,23.907,4.443,141,21,42,,
T,2023-05-09 13:49:05,6.28250167,-75.59069333,2.30,1672.293,23.907,4.323,145,21,42,,
T,2023-05-09 13:49:06,6.28247000,-75.59066333,2.30,1671.193,23.907,3.919,134,21,42,,
T,2023-05-09 13:49:07,6.28244167,-75.59063000,2.30,1670.393,23.907,4.167,133,21,42,,
T,2023-05-09 13:49:08,6.28240833,-75.59059667,2.30,1669.393,23.907,4.140,140,21,42,,
T,2023-05-09 13:49:09,6.28237667,-75.59056667,2.30,1668.793,23.907,4.324,137,21,42,,
T,2023-05-09 13:49:10,6.28234500,-75.59054000,2.30,1668.293,23.907,4.054,138,21,42,,
T,2023-05-09 13:49:11,6.28231333,-75.59050833,2.20,1667.293,23.907,3.885,141,23,42,,
T,2023-05-09 13:49:12,6.28228000,-75.59047667,2.20,1666.394,23.906,3.993,137,23,42,,
T,2023-05-09 13:49:13,6.28225000,-75.59044333,2.10,1665.194,23.906,3.382,137,23,42,,
T,2023-05-09 13:49:14,6.28222667,-75.59041667,2.10,1664.694,23.906,2.840,126,23,42,,
T,2023-05-09 13:49:15,6.28220333,-75.59039333,2.10,1663.994,23.906,2.130,142,22,42,,
T,2023-05-09 13:49:16,6.28218500,-75.59037833,2.00,1663.294,23.906,1.905,144,23,42,,
T,2023-05-09 13:49:17,6.28216000,-75.59036167,2.00,1662.994,23.906,2.349,148,23,42,,
T,2023-05-09 13:49:19,6.28208667,-75.59033167,2.00,1661.294,23.906,4.466,157,23,42,,
T,2023-05-09 13:49:20,6.28204333,-75.59031167,2.10,1660.894,23.906,4.909,149,24,42,,
T,2023-05-09 13:49:21,6.28199667,-75.59027667,2.20,1660.594,23.906,5.561,139,24,42,,
T,2023-05-09 13:49:22,6.28195167,-75.59023667,2.20,1660.094,23.906,6.046,138,24,42,,
T,2023-05-09 13:49:23,6.28191167,-75.59020167,2.30,1659.594,23.906,5.557,132,24,42,,
T,2023-05-09 13:49:24,6.28187500,-75.59016167,2.40,1658.694,23.906,5.554,131,24,42,,
T,2023-05-09 13:49:25,6.28184167,-75.59012333,2.40,1657.794,23.906,5.041,130,25,42,,
T,2023-05-09 13:49:26,6.28180500,-75.59009500,2.40,1656.594,23.906,4.359,131,25,42,,
T,2023-05-09 13:49:27,6.28175000,-75.59006167,2.30,1654.095,23.905,5.208,133,25,42,,
T,2023-05-09 13:49:28,6.28170833,-75.59001333,2.30,1653.595,23.905,6.282,128,25,42,,
T,2023-05-09 13:49:29,6.28166333,-75.58995333,2.40,1652.995,23.905,7.021,126,25,42,,
T,2023-05-09 13:49:30,6.28161333,-75.58989667,2.30,1652.495,23.905,7.189,129,25,42,,
T,2023-05-09 13:49:31,6.28156500,-75.58984500,2.30,1651.395,23.905,7.562,131,25,42,,
T,2023-05-09 13:49:32,6.28151667,-75.58977833,2.30,1650.095,23.905,8.075,126,25,42,,
T,2023-05-09 13:49:33,6.28146167,-75.58970000,2.20,1649.096,23.904,7.949,125,25,42,,
T,2023-05-09 13:49:34,6.28141167,-75.58962667,2.20,1647.396,23.904,7.949,128,23,42,,
T,2023-05-09 13:49:35,6.28135833,-75.58956333,2.20,1646.596,23.904,8.438,129,23,42,,
T,2023-05-09 13:49:36,6.28131000,-75.58949833,2.20,1645.696,23.904,8.434,128,23,42,,
T,2023-05-09 13:49:37,6.28126167,-75.58943333,2.30,1644.897,23.903,8.120,127,22,42,,
T,2023-05-09 13:49:38,6.28121500,-75.58936667,2.30,1643.797,23.903,8.116,125,21,42,,
T,2023-05-09 13:49:39,6.28116833,-75.58930500,2.20,1642.797,23.903,7.288,128,22,42,,
T,2023-05-09 13:49:40,6.28113167,-75.58925167,2.30,1641.697,23.903,6.804,125,22,42,,
T,2023-05-09 13:49:41,6.28108167,-75.58918833,2.30,1640.798,23.902,7.699,129,22,42,,
T,2023-05-09 13:49:42,6.28103000,-75.58912667,2.30,1639.898,23.902,7.783,130,20,42,,
T,2023-05-09 13:49:43,6.28097500,-75.58907500,2.20,1638.898,23.902,7.213,134,21,42,,
T,2023-05-09 13:49:44,6.28092167,-75.58902333,2.30,1638.098,23.902,7.295,134,21,42,,
T,2023-05-09 13:49:45,6.28087167,-75.58897500,2.30,1636.998,23.902,7.103,129,21,42,,
T,2023-05-09 13:49:46,6.28082667,-75.58893500,2.30,1635.398,23.902,6.298,133,21,42,,
T,2023-05-09 13:49:47,6.28079167,-75.58889667,2.30,1634.298,23.902,5.426,131,21,42,,
T,2023-05-09 13:49:48,6.28077167,-75.58885667,2.40,1633.799,23.901,5.441,119,21,42,,
T,2023-05-09 13:49:49,6.28074000,-75.58881000,2.40,1632.799,23.901,5.416,108,20,42,,
T,2023-05-09 13:49:50,6.28072333,-75.58876167,2.30,1632.199,23.901,5.387,97,20,42,,
T,2023-05-09 13:49:51,6.28071833,-75.58868833,2.30,1631.699,23.901,6.495,90,21,42,,
T,2023-05-09 13:49:52,6.28071500,-75.58861000,2.20,1630.400,23.900,6.357,86,21,42,,
T,2023-05-09 13:49:53,6.28071000,-75.58853833,2.20,1630.000,23.900,6.895,93,22,42,,
T,2023-05-09 13:49:54,6.28070667,-75.58847333,2.20,1629.700,23.900,6.916,95,22,42,,
T,2023-05-09 13:49:55,6.28069667,-75.58841333,2.20,1629.401,23.899,6.229,98,21,42,,
T,2023-05-09 13:49:56,6.28068333,-75.58835000,2.20,1628.601,23.899,6.634,103,21,42,,
T,2023-05-09 13:49:57,6.28067000,-75.58829333,2.30,1627.801,23.899,6.237,105,21,42,,
T,2023-05-09 13:49:58,6.28065500,-75.58823167,2.40,1627.502,23.898,6.953,105,22,42,,
T,2023-05-09 13:50:00,6.28061500,-75.58813167,2.40,1625.602,23.898,5.588,115,21,42,,
T,2023-05-09 13:50:01,6.28057333,-75.58809000,2.40,1625.002,23.898,6.337,126,21,42,,
T,2023-05-09 13:50:02,6.28052500,-75.58803667,2.40,1624.402,23.898,7.000,125,21,42,,
T,2023-05-09 13:50:03,6.28046500,-75.58798333,2.50,1623.802,23.898,7.719,135,21,42,,
T,2023-05-09 13:50:04,6.28039667,-75.58793333,2.50,1623.202,23.898,7.749,140,21,42,,
T,2023-05-09 13:50:05,6.28033333,-75.58788333,2.40,1620.803,23.897,7.531,135,22,42,,
T,2023-05-09 13:50:06,6.28027333,-75.58778333,2.30,1618.103,23.897,8.001,132,22,42,,
T,2023-05-09 13:50:07,6.28021833,-75.58770833,2.20,1616.003,23.897,7.152,132,22,42,,
T,2023-05-09 13:50:08,6.28017667,-75.58765500,2.10,1613.803,23.897,6.155,131,21,42,,
T,2023-05-09 13:50:09,6.28014167,-75.58761000,2.10,1612.704,23.896,5.475,129,23,42,,
T,2023-05-09 13:50:10,6.28010333,-75.58757000,2.20,1611.004,23.896,5.562,131,23,42,,
T,2023-05-09 13:50:11,6.28007000,-75.58752833,2.20,1609.804,23.896,5.695,129,23,42,,
T,2023-05-09 13:50:12,6.28004167,-75.58749500,2.20,1609.004,23.896,4.848,132,23,42,,
T,2023-05-09 13:50:13,6.28002500,-75.58747667,2.30,1608.204,23.896,3.693,129,24,42,,
T,2023-05-09 13:50:14,6.28002167,-75.58747667,2.30,1607.104,23.896,1.803,138,24,42,,
T,2023-05-09 13:50:15,6.28002333,-75.58747833,2.30,1606.404,23.896,0.000,,23,42,,
T,2023-05-09 13:50:16,6.28002500,-75.58748333,2.30,1605.904,23.896,0.000,,23,42,,
T,2023-05-09 13:50:17,6.28003167,-75.58748667,2.20,1607.404,23.896,0.000,,22,42,,
T,2023-05-09 13:50:18,6.28003167,-75.58748667,2.20,1607.404,23.896,0.000,,23,42,,
T,2023-05-09 13:50:19,6.28003167,-75.58748667,2.10,1607.404,23.896,0.000,,23,42,,
T,2023-05-09 13:50:20,6.28003167,-75.58748667,2.10,1607.404,23.896,0.000,,23,42,,
T,2023-05-09 13:50:21,6.28003167,-75.58748667,1.10,1607.404,23.896,0.000,,23,42,,
T,2023-05-09 13:50:22,6.28003167,-75.58748667,1.00,1607.404,23.896,0.000,,23,42,,
T,2023-05-09 13:50:23,6.28003167,-75.58748667,1.00,1607.404,23.896,0.000,,24,42,,
T,2023-05-09 13:50:24,6.28003167,-75.58748667,1.00,1607.404,23.896,0.000,,24,42,,
T,2023-05-09 13:50:25,6.28003167,-75.58748667,1.00,1607.404,23.896,0.000,,25,42,,
T,2023-05-09 13:50:26,6.28003167,-75.58748667,1.00,1607.404,23.896,0.000,,25,42,,
T,2023-05-09 13:50:27,6.28003167,-75.58748667,1.00,1607.404,23.896,0.000,,25,42,,
T,2023-05-09 13:50:28,6.28003167,-75.58748667,1.00,1607.404,23.896,0.000,,25,42,,
T,2023-05-09 13:50:29,6.28003167,-75.58748667,1.00,1607.404,23.896,0.000,,25,42,,
T,2023-05-09 13:50:30,6.28003167,-75.58748667,1.00,1607.404,23.896,0.000,,25,42,,
T,2023-05-09 13:50:31,6.28003167,-75.58748667,1.00,1607.404,23.896,0.000,,25,42,,
T,2023-05-09 13:50:32,6.28003167,-75.58748667,1.00,1607.404,23.896,0.000,,25,42,,
T,2023-05-09 13:50:33,6.28003167,-75.58748667,1.00,1607.404,23.896,0.000,,25,42,,
T,2023-05-09 13:50:34,6.28003167,-75.58748667,1.00,1607.404,23.896,0.000,,25,42,,
T,2023-05-09 13:50:35,6.28003167,-75.58748667,1.00,1607.404,23.896,0.000,,25,42,,
T,2023-05-09 13:50:36,6.28003167,-75.58748667,1.00,1607.404,23.896,0.000,,25,42,,
T,2023-05-09 13:50:37,6.28003167,-75.58748667,1.00,1607.404,23.896,0.000,,25,42,,
T,2023-05-09 13:50:38,6.28003167,-75.58748667,1.00,1607.404,23.896,0.000,,25,42,,
T,2023-05-09 13:50:39,6.28003167,-75.58748667,1.00,1607.404,23.896,0.000,,25,42,,
T,2023-05-09 13:50:40,6.28003167,-75.58748667,1.00,1607.404,23.896,0.000,,25,42,,
T,2023-05-09 13:50:41,6.28003167,-75.58748667,1.00,1607.404,23.896,0.000,,25,42,,
T,2023-05-09 13:50:42,6.28003167,-75.58748667,1.00,1607.404,23.896,0.000,,25,42,,
T,2023-05-09 13:50:43,6.28003167,-75.58748667,1.00,1607.404,23.896,0.000,,24,42,,
T,2023-05-09 13:50:44,6.28003167,-75.58748667,1.00,1607.404,23.896,0.000,,24,42,,
T,2023-05-09 13:50:45,6.28003167,-75.58748667,1.00,1607.404,23.896,0.000,,25,42,,
T,2023-05-09 13:50:46,6.28003167,-75.58748667,1.00,1607.404,23.896,0.000,,25,42,,
T,2023-05-09 13:50:47,6.28003167,-75.58748667,1.00,1607.404,23.896,0.000,,25,42,,
T,2023-05-09 13:50:48,6.28003167,-75.58748667,1.00,1607.404,23.896,0.000,,25,42,,
T,2023-05-09 13:50:49,6.28003167,-75.58748667,1.00,1607.404,23.896,0.000,,24,42,,
T,2023-05-09 13:50:50,6.28003167,-75.58748667,1.00,1607.404,23.896,0.000,,24,42,,
T,2023-05-09 13:50:51,6.28003167,-75.58748667,1.00,1607.404,23.896,0.000,,24,42,,
T,2023-05-09 13:50:52,6.28003167,-75.58748667,1.00,1607.404,23.896,0.000,,25,42,,
T,2023-05-09 13:50:53,6.28003167,-75.58748667,1.00,1607.404,23.896,0.000,,25,42,,
T,2023-05-09 13:50:54,6.28003167,-75.58748667,1.00,1607.404,23.896,0.000,,25,42,,
T,2023-05-09 13:50:55,6.28003167,-75.58748667,1.00,1607.404,23.896,0.000,,25,42,,
T,2023-05-09 13:50:56,6.28003167,-75.58748667,1.00,1607.404,23.896,0.000,,25,42,,
T,2023-05-09 13:50:57,6.28003167,-75.58748667,0.90,1607.404,23.896,0.000,,24,42,,
T,2023-05-09 13:50:58,6.28003167,-75.58748667,0.90,1607.404,23.896,0.000,,24,42,,
T,2023-05-09 13:50:59,6.28003167,-75.58748667,0.90,1607.404,23.896,0.000,,24,42,,
T,2023-05-09 13:51:00,6.28003167,-75.58748667,1.00,1607.404,23.896,0.000,,24,42,,
T,2023-05-09 13:51:01,6.28003167,-75.58748667,1.00,1607.404,23.896,0.000,,24,42,,
T,2023-05-09 13:51:02,6.28003167,-75.58748667,1.10,1607.404,23.896,0.000,,24,42,,
T,2023-05-09 13:51:03,6.28003167,-75.58748667,1.30,1607.404,23.896,0.000,,24,42,,
T,2023-05-09 13:51:04,6.28003667,-75.58748000,1.40,1608.204,23.896,2.138,168,24,42,,
T,2023-05-09 13:51:05,6.28001000,-75.58747500,1.50,1608.104,23.896,3.142,172,24,42,,
T,2023-05-09 13:51:06,6.27997000,-75.58747667,1.60,1607.804,23.896,4.650,184,24,42,,
T,2023-05-09 13:51:07,6.27992000,-75.58748667,1.80,1607.504,23.896,5.550,193,24,42,,
T,2023-05-09 13:51:08,6.27986000,-75.58751000,1.90,1607.003,23.897,7.392,199,24,42,,
T,2023-05-09 13:51:09,6.27978500,-75.58754667,2.00,1606.703,23.897,8.867,205,24,42,,
T,2023-05-09 13:51:10,6.27970167,-75.58757833,2.10,1605.903,23.897,9.291,202,24,42,,
T,2023-05-09 13:51:11,6.27961000,-75.58761167,2.10,1605.402,23.898,10.251,202,22,42,,
T,2023-05-09 13:51:12,6.27951667,-75.58764500,2.10,1604.902,23.898,9.845,200,22,42,,
T,2023-05-09 13:51:13,6.27942333,-75.58766667,2.10,1604.402,23.898,9.294,197,21,42,,
T,2023-05-09 13:51:14,6.27934500,-75.58769500,2.10,1603.901,23.899,8.375,196,21,42,,
T,2023-05-09 13:51:15,6.27926000,-75.58771667,2.10,1603.001,23.899,8.944,193,22,42,,
T,2023-05-09 13:51:16,6.27916833,-75.58773167,2.00,1602.501,23.899,9.822,189,22,42,,
T,2023-05-09 13:51:17,6.27907833,-75.58774833,2.00,1601.800,23.900,9.722,189,21,42,,
T,2023-05-09 13:51:18,6.27898833,-75.58776667,2.00,1600.900,23.900,9.595,194,21,42,,
T,2023-05-09 13:51:19,6.27890333,-75.58779000,2.00,1600.200,23.900,8.984,201,21,42,,
T,2023-05-09 13:51:20,6.27882500,-75.58782333,2.00,1599.699,23.901,8.999,208,20,42,,
T,2023-05-09 13:51:21,6.27874833,-75.58786833,2.00,1598.699,23.901,8.870,215,20,42,,
T,2023-05-09 13:51:22,6.27867833,-75.58792000,2.00,1598.299,23.901,9.328,219,23,42,,
T,2023-05-09 13:51:23,6.27861833,-75.58798167,2.10,1597.798,23.902,9.097,226,23,42,,
T,2023-05-09 13:51:24,6.27856333,-75.58805167,2.10,1596.898,23.902,9.418,231,24,42,,
T,2023-05-09 13:51:25,6.27852833,-75.58814167,2.20,1595.297,23.903,9.411,242,23,43,,
T,2023-05-09 13:51:26,6.27851167,-75.58824333,2.10,1593.997,23.903,9.423,251,23,43,,
T,2023-05-09 13:51:27,6.27849333,-75.58833000,2.10,1592.896,23.904,9.589,252,21,43,,
T,2023-05-09 13:51:28,6.27846500,-75.58841167,2.00,1592.096,23.904,9.699,249,21,43,,
T,2023-05-09 13:51:29,6.27842667,-75.58848833,2.10,1591.195,23.905,9.235,241,21,43,,
T,2023-05-09 13:51:30,6.27838000,-75.58856000,2.10,1590.295,23.905,8.992,233,20,43,,
T,2023-05-09 13:51:31,6.27833000,-75.58862333,2.10,1589.394,23.906,8.957,227,20,43,,
T,2023-05-09 13:51:32,6.27827500,-75.58868000,2.20,1588.694,23.906,8.676,223,20,43,,
T,2023-05-09 13:51:33,6.27821500,-75.58873333,2.20,1587.293,23.907,8.060,223,20,43,,
T,2023-05-09 13:51:34,6.27816000,-75.58878333,2.20,1586.093,23.907,7.168,225,20,43,,
T,2023-05-09 13:51:35,6.27812000,-75.58882833,2.20,1585.093,23.907,6.044,232,22,43,,
T,2023-05-09 13:51:36,6.27809167,-75.58887000,2.20,1584.092,23.908,4.845,234,22,43,,
T,2023-05-09 13:51:37,6.27806500,-75.58889000,2.20,1582.792,23.908,2.950,232,23,43,,
T,2023-05-09 13:51:38,6.27805500,-75.58890333,2.20,1582.292,23.908,1.704,240,23,43,,
T,2023-05-09 13:51:39,6.27805333,-75.58891333,2.20,1581.892,23.908,1.212,240,23,43,,
T,2023-05-09 13:51:40,6.27805667,-75.58892333,2.10,1581.492,23.908,0.000,,23,43,,
T,2023-05-09 13:51:41,6.27805833,-75.58892500,2.10,1581.092,23.908,0.000,,23,43,,
T,2023-05-09 13:51:42,6.27806167,-75.58892667,2.00,1580.592,23.908,0.000,,23,43,,
T,2023-05-09 13:51:43,6.27806167,-75.58892667,2.00,1580.592,23.908,0.000,,22,43,,
T,2023-05-09 13:51:44,6.27806167,-75.58892667,2.00,1580.592,23.908,0.000,,22,43,,
T,2023-05-09 13:51:45,6.27806167,-75.58892667,1.90,1580.592,23.908,0.000,,23,43,,
T,2023-05-09 13:51:46,6.27806167,-75.58892667,1.10,1580.592,23.908,0.000,,23,43,,
T,2023-05-09 13:51:47,6.27806167,-75.58892667,1.10,1580.592,23.908,0.000,,23,43,,
T,2023-05-09 13:51:48,6.27806167,-75.58892667,1.00,1580.592,23.908,0.000,,23,43,,
T,2023-05-09 13:51:49,6.27806167,-75.58892667,1.00,1580.592,23.908,0.000,,22,43,,
T,2023-05-09 13:51:50,6.27806167,-75.58892667,1.00,1580.592,23.908,0.000,,22,43,,
T,2023-05-09 13:51:51,6.27806167,-75.58892667,1.00,1580.592,23.908,0.000,,22,43,,
T,2023-05-09 13:51:52,6.27806167,-75.58892667,1.00,1580.592,23.908,0.000,,22,43,,
T,2023-05-09 13:51:53,6.27806167,-75.58892667,1.00,1580.592,23.908,0.000,,22,43,,
T,2023-05-09 13:51:54,6.27806167,-75.58892667,1.00,1580.592,23.908,0.000,,22,43,,
T,2023-05-09 13:51:55,6.27806167,-75.58892667,1.00,1580.592,23.908,0.000,,22,43,,
T,2023-05-09 13:51:56,6.27806167,-75.58892667,1.20,1580.592,23.908,0.000,,22,43,,
T,2023-05-09 13:51:57,6.27806167,-75.58892667,1.40,1580.592,23.908,0.000,,23,43,,
T,2023-05-09 13:51:58,6.27806167,-75.58892667,1.50,1580.592,23.908,0.000,,23,43,,
T,2023-05-09 13:51:59,6.27806167,-75.58892667,1.60,1580.592,23.908,0.000,,23,43,,
T,2023-05-09 13:52:00,6.27806167,-75.58892667,1.70,1580.592,23.908,0.000,,23,43,,
T,2023-05-09 13:52:01,6.27806167,-75.58892667,1.70,1580.592,23.908,0.000,,23,43,,
T,2023-05-09 13:52:02,6.27806167,-75.58892667,1.10,1580.592,23.908,0.000,,23,43,,
T,2023-05-09 13:52:03,6.27803500,-75.58895000,1.30,1580.192,23.908,2.312,201,23,43,,
T,2023-05-09 13:52:04,6.27801000,-75.58896167,1.50,1580.392,23.908,3.110,204,23,43,,
T,2023-05-09 13:52:05,6.27797833,-75.58897333,1.70,1580.892,23.908,3.671,199,23,43,,
T,2023-05-09 13:52:06,6.27794667,-75.58899167,1.80,1581.291,23.909,3.886,212,23,43,,
T,2023-05-09 13:52:07,6.27791167,-75.58900667,1.90,1581.891,23.909,3.974,204,24,43,,
T,2023-05-09 13:52:08,6.27787500,-75.58902500,1.90,1582.191,23.909,3.872,208,24,43,,
T,2023-05-09 13:52:09,6.27784333,-75.58904667,1.90,1582.491,23.909,3.275,214,24,43,,
T,2023-05-09 13:52:10,6.27781333,-75.58906000,1.90,1582.891,23.909,3.180,213,25,43,,
T,2023-05-09 13:52:11,6.27778333,-75.58907667,1.90,1583.191,23.909,3.204,211,25,43,,
T,2023-05-09 13:52:12,6.27775167,-75.58909167,1.90,1583.290,23.910,3.303,210,25,43,,
T,2023-05-09 13:52:13,6.27771833,-75.58910833,2.00,1583.190,23.910,3.977,214,25,43,,
T,2023-05-09 13:52:14,6.27768833,-75.58913000,2.00,1583.090,23.910,3.749,218,25,43,,
T,2023-05-09 13:52:15,6.27765833,-75.58915667,2.00,1583.190,23.910,3.771,222,25,43,,
T,2023-05-09 13:52:16,6.27763167,-75.58918167,2.00,1583.190,23.910,3.345,218,25,43,,
T,2023-05-09 13:52:17,6.27760833,-75.58920500,2.00,1583.789,23.911,2.861,223,25,43,,
T,2023-05-09 13:52:18,6.27758500,-75.58922833,2.00,1584.189,23.911,3.437,218,25,43,,
T,2023-05-09 13:52:19,6.27755167,-75.58925333,2.00,1584.289,23.911,3.959,219,25,43,,
T,2023-05-09 13:52:20,6.27752000,-75.58927833,2.00,1584.389,23.911,3.684,220,25,43,,
T,2023-05-09 13:52:21,6.27749000,-75.58930167,2.00,1584.689,23.911,3.385,218,25,43,,
T,2023-05-09 13:52:22,6.27745833,-75.58932667,2.00,1584.788,23.912,3.707,214,25,43,,
T,2023-05-09 13:52:23,6.27742000,-75.58934500,1.90,1584.688,23.912,3.811,204,25,43,,
T,2023-05-09 13:52:24,6.27738333,-75.58936500,1.90,1585.188,23.912,3.676,211,25,43,,
T,2023-05-09 13:52:25,6.27734667,-75.58938500,1.90,1585.988,23.912,4.180,208,25,43,,
T,2023-05-09 13:52:26,6.27730333,-75.58940667,1.90,1586.488,23.912,5.154,212,25,43,,
T,2023-05-09 13:52:27,6.27725500,-75.58943667,2.00,1586.787,23.913,6.380,212,25,43,,
T,2023-05-09 13:52:28,6.27719667,-75.58947167,2.00,1587.487,23.913,7.235,214,25,43,,
T,2023-05-09 13:52:29,6.27712833,-75.58951667,2.10,1587.587,23.913,8.156,214,24,43,,
T,2023-05-09 13:52:30,6.27704667,-75.58956333,2.10,1586.486,23.914,8.287,216,24,43,,
T,2023-05-09 13:52:31,6.27698000,-75.58961000,2.10,1586.186,23.914,8.110,216,23,43,,
T,2023-05-09 13:52:32,6.27691167,-75.58965667,2.10,1585.586,23.914,7.838,217,23,43,,
T,2023-05-09 13:52:33,6.27685167,-75.58969667,2.10,1585.285,23.915,6.918,213,24,43,,
T,2023-05-09 13:52:34,6.27679833,-75.58973333,2.10,1584.985,23.915,5.726,213,24,43,,
T,2023-05-09 13:52:35,6.27675167,-75.58976333,2.10,1584.285,23.915,4.990,213,23,43,,
T,2023-05-09 13:52:36,6.27671500,-75.58979000,2.00,1583.584,23.916,3.722,213,23,43,,
T,2023-05-09 13:52:37,6.27668833,-75.58980667,2.00,1583.384,23.916,2.584,209,23,43,,
T,2023-05-09 13:52:38,6.27666667,-75.58981333,2.00,1583.084,23.916,1.401,209,24,43,,
T,2023-05-09 13:52:39,6.27665167,-75.58981500,2.00,1582.684,23.916,0.000,,24,43,,
T,2023-05-09 13:52:40,6.27664333,-75.58981833,2.00,1582.484,23.916,0.000,,24,43,,
T,2023-05-09 13:52:41,6.27663167,-75.58982167,2.00,1582.084,23.916,0.000,,24,43,,
T,2023-05-09 13:52:42,6.27663167,-75.58982167,2.00,1582.084,23.916,0.000,,24,43,,
T,2023-05-09 13:52:43,6.27660333,-75.58984833,2.00,1580.984,23.916,1.819,229,24,43,,
T,2023-05-09 13:52:44,6.27658333,-75.58986500,1.90,1580.584,23.916,2.284,224,24,43,,
T,2023-05-09 13:52:45,6.27656667,-75.58988167,1.90,1580.284,23.916,2.164,228,24,43,,
T,2023-05-09 13:52:46,6.27654333,-75.58989667,1.90,1579.783,23.917,2.343,223,24,43,,
T,2023-05-09 13:52:47,6.27652167,-75.58991333,1.90,1579.583,23.917,2.798,223,24,43,,
T,2023-05-09 13:52:48,6.27650167,-75.58992833,1.90,1578.983,23.917,2.705,219,24,43,,
T,2023-05-09 13:52:49,6.27648167,-75.58994167,2.00,1578.783,23.917,2.353,217,24,43,,
T,2023-05-09 13:52:50,6.27646000,-75.58995500,2.00,1578.383,23.917,2.702,213,25,43,,
T,2023-05-09 13:52:51,6.27643833,-75.58997500,2.00,1577.983,23.917,2.666,221,25,43,,
T,2023-05-09 13:52:52,6.27641167,-75.58999833,2.00,1577.483,23.917,2.705,219,25,43,,
T,2023-05-09 13:52:53,6.27638833,-75.59001667,2.00,1576.982,23.918,2.614,216,24,43,,
T,2023-05-09 13:52:54,6.27636667,-75.59004333,2.00,1575.882,23.918,2.580,221,25,43,,
T,2023-05-09 13:52:55,6.27634667,-75.59006167,2.00,1575.082,23.918,2.721,219,25,43,,
T,2023-05-09 13:52:56,6.27632333,-75.59007833,2.00,1574.582,23.918,2.335,217,25,43,,
T,2023-05-09 13:52:57,6.27630333,-75.59009333,2.00,1573.782,23.918,2.138,218,25,43,,
T,2023-05-09 13:52:58,6.27628333,-75.59011000,1.90,1572.982,23.918,1.812,215,25,43,,
T,2023-05-09 13:52:59,6.27626667,-75.59012500,1.90,1572.282,23.918,1.592,215,25,43,,
T,2023-05-09 13:53:00,6.27625167,-75.59013833,1.90,1571.482,23.918,1.599,212,25,43,,
T,2023-05-09 13:53:01,6.27624333,-75.59014833,1.90,1570.881,23.919,0.000,,25,43,,
T,2023-05-09 13:53:02,6.27624000,-75.59015667,1.90,1570.281,23.919,0.000,,25,43,,
T,2023-05-09 13:53:03,6.27624000,-75.59016167,1.80,1569.781,23.919,0.000,,25,43,,
T,2023-05-09 13:53:04,6.27624000,-75.59016167,1.80,1569.781,23.919,0.000,,25,43,,
T,2023-05-09 13:53:05,6.27624000,-75.59016167,1.80,1569.781,23.919,0.000,,25,43,,
T,2023-05-09 13:53:06,6.27624000,-75.59016167,1.80,1569.781,23.919,0.000,,25,43,,
T,2023-05-09 13:53:07,6.27624000,-75.59016167,1.10,1569.781,23.919,0.000,,25,43,,
T,2023-05-09 13:53:08,6.27624000,-75.59016167,1.00,1569.781,23.919,0.000,,25,43,,
T,2023-05-09 13:53:09,6.27624000,-75.59016167,1.00,1569.781,23.919,0.000,,25,43,,
T,2023-05-09 13:53:10,6.27624000,-75.59016167,1.00,1569.781,23.919,0.000,,25,43,,
T,2023-05-09 13:53:11,6.27624000,-75.59016167,1.00,1569.781,23.919,0.000,,25,43,,
T,2023-05-09 13:53:12,6.27624000,-75.59016167,1.00,1569.781,23.919,0.000,,25,43,,
T,2023-05-09 13:53:13,6.27624000,-75.59016167,1.00,1569.781,23.919,0.000,,25,43,,
T,2023-05-09 13:53:14,6.27624000,-75.59016167,1.00,1569.781,23.919,0.000,,25,43,,
T,2023-05-09 13:53:15,6.27624000,-75.59016167,1.00,1569.781,23.919,0.000,,24,43,,
T,2023-05-09 13:53:16,6.27624000,-75.59016167,1.00,1569.781,23.919,0.000,,24,43,,
T,2023-05-09 13:53:17,6.27624000,-75.59016167,1.00,1569.781,23.919,0.000,,24,43,,
T,2023-05-09 13:53:18,6.27624000,-75.59016167,1.00,1569.781,23.919,0.000,,24,43,,
T,2023-05-09 13:53:19,6.27624000,-75.59016167,1.00,1569.781,23.919,0.000,,24,43,,
T,2023-05-09 13:53:20,6.27624000,-75.59016167,1.00,1569.781,23.919,0.000,,24,43,,
T,2023-05-09 13:53:21,6.27624000,-75.59016167,1.00,1569.781,23.919,0.000,,24,43,,
T,2023-05-09 13:53:22,6.27624000,-75.59016167,1.00,1569.781,23.919,0.000,,24,43,,
T,2023-05-09 13:53:23,6.27624000,-75.59016167,1.00,1569.781,23.919,0.000,,24,42,,
T,2023-05-09 13:53:24,6.27624000,-75.59016167,1.00,1569.781,23.919,0.000,,23,42,,
T,2023-05-09 13:53:25,6.27624000,-75.59016167,1.00,1569.781,23.919,0.000,,24,42,,
T,2023-05-09 13:53:26,6.27624000,-75.59016167,1.00,1569.781,23.919,0.000,,24,42,,
T,2023-05-09 13:53:27,6.27624000,-75.59016167,1.00,1569.781,23.919,0.000,,24,42,,
T,2023-05-09 13:53:28,6.27624000,-75.59016167,1.00,1569.781,23.919,0.000,,23,42,,
T,2023-05-09 13:53:29,6.27624000,-75.59016167,1.00,1569.781,23.919,0.000,,24,42,,
T,2023-05-09 13:53:30,6.27624000,-75.59016167,1.00,1569.781,23.919,0.000,,23,42,,
T,2023-05-09 13:53:31,6.27624000,-75.59016167,1.00,1569.781,23.919,0.000,,23,42,,
T,2023-05-09 13:53:32,6.27624000,-75.59016167,1.00,1569.781,23.919,0.000,,23,42,,
T,2023-05-09 13:53:33,6.27624000,-75.59016167,1.00,1569.781,23.919,0.000,,22,42,,
T,2023-05-09 13:53:34,6.27624000,-75.59016167,1.00,1569.781,23.919,0.000,,23,42,,
T,2023-05-09 13:53:35,6.27624000,-75.59016167,1.00,1569.781,23.919,0.000,,23,42,,
T,2023-05-09 13:53:36,6.27624000,-75.59016167,1.00,1569.781,23.919,0.000,,23,42,,
T,2023-05-09 13:53:37,6.27624000,-75.59016167,1.00,1569.781,23.919,0.000,,23,42,,
T,2023-05-09 13:53:38,6.27624000,-75.59016167,1.00,1569.781,23.919,0.000,,23,42,,
T,2023-05-09 13:53:39,6.27624000,-75.59016167,1.00,1569.781,23.919,0.000,,23,42,,
T,2023-05-09 13:53:40,6.27624000,-75.59016167,1.00,1569.781,23.919,0.000,,23,42,,
T,2023-05-09 13:53:41,6.27624000,-75.59016167,1.00,1569.781,23.919,0.000,,23,42,,
T,2023-05-09 13:53:42,6.27624000,-75.59016167,1.00,1569.781,23.919,0.000,,23,42,,
T,2023-05-09 13:53:43,6.27624000,-75.59016167,1.00,1569.781,23.919,0.000,,23,42,,
T,2023-05-09 13:53:44,6.27624000,-75.59016167,1.00,1569.781,23.919,0.000,,23,42,,
T,2023-05-09 13:53:45,6.27624000,-75.59016167,1.00,1569.781,23.919,0.000,,23,42,,
T,2023-05-09 13:53:46,6.27624000,-75.59016167,1.00,1569.781,23.919,0.000,,23,42,,
T,2023-05-09 13:53:47,6.27624000,-75.59016167,1.00,1569.781,23.919,0.000,,23,42,,
T,2023-05-09 13:53:48,6.27624000,-75.59016167,1.00,1569.781,23.919,0.000,,23,42,,
T,2023-05-09 13:53:49,6.27624000,-75.59016167,1.00,1569.781,23.919,0.000,,23,42,,
T,2023-05-09 13:53:50,6.27624000,-75.59016167,1.00,1569.781,23.919,0.000,,23,42,,
T,2023-05-09 13:53:51,6.27624000,-75.59016167,1.00,1569.781,23.919,0.000,,24,42,,
T,2023-05-09 13:53:52,6.27624000,-75.59016167,1.00,1569.781,23.919,0.000,,24,42,,
T,2023-05-09 13:53:53,6.27624000,-75.59016167,1.00,1569.781,23.919,0.000,,24,42,,
T,2023-05-09 13:53:54,6.27624000,-75.59016167,1.00,1569.781,23.919,0.000,,24,42,,
T,2023-05-09 13:53:55,6.27624000,-75.59016167,1.00,1569.781,23.919,0.000,,24,42,,
T,2023-05-09 13:53:56,6.27624000,-75.59016167,1.00,1569.781,23.919,0.000,,24,42,,
T,2023-05-09 13:53:57,6.27624000,-75.59016167,1.00,1569.781,23.919,0.000,,24,42,,
T,2023-05-09 13:53:58,6.27624000,-75.59016167,1.00,1569.781,23.919,0.000,,24,42,,
T,2023-05-09 13:53:59,6.27624000,-75.59016167,1.00,1569.781,23.919,0.000,,24,42,,
T,2023-05-09 13:54:00,6.27624000,-75.59016167,1.00,1569.781,23.919,0.000,,24,42,,
T,2023-05-09 13:54:01,6.27624000,-75.59016167,1.00,1569.781,23.919,0.000,,24,42,,
T,2023-05-09 13:54:02,6.27624000,-75.59016167,1.00,1569.781,23.919,0.000,,24,42,,
T,2023-05-09 13:54:03,6.27624000,-75.59016167,1.00,1569.781,23.919,0.000,,24,42,,
T,2023-05-09 13:54:04,6.27624000,-75.59016167,1.00,1569.781,23.919,0.000,,25,42,,
T,2023-05-09 13:54:05,6.27624000,-75.59016167,1.00,1569.781,23.919,0.000,,25,42,,
T,2023-05-09 13:54:06,6.27624000,-75.59016167,1.00,1569.781,23.919,0.000,,25,42,,
T,2023-05-09 13:54:07,6.27624000,-75.59016167,1.00,1569.781,23.919,0.000,,25,42,,
T,2023-05-09 13:54:08,6.27624000,-75.59016167,1.00,1569.781,23.919,0.000,,25,42,,
T,2023-05-09 13:54:09,6.27624000,-75.59016167,1.10,1569.781,23.919,0.000,,25,42,,
T,2023-05-09 13:54:10,6.27624000,-75.59016167,1.20,1569.781,23.919,0.000,,25,42,,
T,2023-05-09 13:54:11,6.27624000,-75.59016167,1.30,1569.781,23.919,0.000,,25,42,,
T,2023-05-09 13:54:12,6.27624000,-75.59016167,1.40,1569.781,23.919,0.000,,25,42,,
T,2023-05-09 13:54:13,6.27624000,-75.59016167,1.10,1569.781,23.919,0.000,,25,42,,
T,2023-05-09 13:54:14,6.27624000,-75.59016167,1.00,1569.781,23.919,0.000,,25,42,,
T,2023-05-09 13:54:15,6.27624000,-75.59016167,1.00,1569.781,23.919,0.000,,25,42,,
T,2023-05-09 13:54:16,6.27624000,-75.59016167,1.00,1569.781,23.919,0.000,,25,42,,
T,2023-05-09 13:54:17,6.27624000,-75.59016167,1.00,1569.781,23.919,0.000,,25,42,,
T,2023-05-09 13:54:18,6.27624000,-75.59016167,1.00,1569.781,23.919,0.000,,25,42,,
T,2023-05-09 13:54:19,6.27618833,-75.59021667,1.10,1569.681,23.919,1.791,212,25,42,,
T,2023-05-09 13:54:20,6.27616833,-75.59022333,1.40,1569.781,23.919,2.176,176,25,42,,
T,2023-05-09 13:54:21,6.27615167,-75.59022000,1.60,1569.981,23.919,1.776,149,25,42,,
T,2023-05-09 13:54:22,6.27613333,-75.59020500,1.70,1570.081,23.919,2.337,117,25,42,,
T,2023-05-09 13:54:23,6.27612500,-75.59018333,1.80,1569.981,23.919,2.912,86,25,42,,
T,2023-05-09 13:54:24,6.27611833,-75.59014667,1.80,1569.881,23.919,4.406,88,25,42,,
T,2023-05-09 13:54:25,6.27611000,-75.59009500,1.90,1569.881,23.919,5.612,85,25,42,,
T,2023-05-09 13:54:26,6.27610833,-75.59003667,1.90,1569.882,23.918,6.279,77,25,42,,
T,2023-05-09 13:54:27,6.27611333,-75.58997000,2.00,1569.582,23.918,7.348,77,25,42,,
T,2023-05-09 13:54:28,6.27612167,-75.58989333,2.00,1569.382,23.918,8.305,77,25,42,,
T,2023-05-09 13:54:29,6.27612667,-75.58980500,2.00,1569.083,23.917,8.989,77,25,42,,
T,2023-05-09 13:54:30,6.27613500,-75.58970833,2.00,1568.683,23.917,9.356,78,26,42,,
T,2023-05-09 13:54:31,6.27614500,-75.58961333,2.00,1568.184,23.916,9.709,78,26,42,,
T,2023-05-09 13:54:32,6.27616000,-75.58952000,2.00,1567.385,23.915,9.526,76,26,42,,
T,2023-05-09 13:54:33,6.27618167,-75.58943333,2.10,1566.885,23.915,9.530,76,26,42,,
T,2023-05-09 13:54:34,6.27620000,-75.58934833,2.10,1566.385,23.915,9.240,75,25,42,,
T,2023-05-09 13:54:35,6.27622500,-75.58926833,2.10,1565.686,23.914,9.242,74,26,42,,
T,2023-05-09 13:54:36,6.27624667,-75.58919167,2.10,1565.086,23.914,8.875,75,26,42,,
T,2023-05-09 13:54:37,6.27626333,-75.58912500,2.20,1564.387,23.913,7.913,76,25,42,,
T,2023-05-09 13:54:38,6.27627500,-75.58906000,2.30,1563.587,23.913,7.742,82,27,42,,
T,2023-05-09 13:54:39,6.27628333,-75.58899000,2.20,1562.888,23.912,7.554,86,27,42,,
T,2023-05-09 13:54:40,6.27628500,-75.58891833,2.30,1562.188,23.912,7.740,88,26,42,,
T,2023-05-09 13:54:41,6.27629333,-75.58885000,2.30,1561.388,23.912,7.364,86,26,42,,
T,2023-05-09 13:54:42,6.27629833,-75.58878833,2.30,1561.089,23.911,6.804,89,25,42,,
T,2023-05-09 13:54:43,6.27630500,-75.58873500,2.30,1560.789,23.911,6.182,87,25,42,,
T,2023-05-09 13:54:44,6.27632000,-75.58868000,2.30,1560.089,23.911,4.949,81,25,42,,
T,2023-05-09 13:54:45,6.27632667,-75.58863667,2.20,1559.289,23.911,3.785,77,25,42,,
T,2023-05-09 13:54:46,6.27633333,-75.58861333,2.10,1559.090,23.910,2.338,83,25,42,,
T,2023-05-09 13:54:47,6.27633667,-75.58859000,2.00,1558.690,23.910,1.680,85,25,42,,
T,2023-05-09 13:54:48,6.27633833,-75.58857333,2.00,1558.190,23.910,0.000,,25,42,,
T,2023-05-09 13:54:49,6.27634333,-75.58856500,2.00,1557.890,23.910,0.000,,24,42,,
T,2023-05-09 13:54:50,6.27635000,-75.58855667,2.00,1557.490,23.910,0.000,,24,42,,
T,2023-05-09 13:54:51,6.27635000,-75.58855667,2.00,1557.490,23.910,0.000,,26,42,,
T,2023-05-09 13:54:52,6.27635000,-75.58855667,2.00,1557.490,23.910,0.000,,24,42,,
T,2023-05-09 13:54:53,6.27635000,-75.58855667,2.00,1557.490,23.910,0.000,,24,42,,
T,2023-05-09 13:54:54,6.27635000,-75.58855667,1.20,1557.490,23.910,0.000,,24,42,,
T,2023-05-09 13:54:55,6.27635000,-75.58855667,1.50,1557.490,23.910,0.000,,24,42,,
T,2023-05-09 13:54:56,6.27635000,-75.58855667,1.70,1557.490,23.910,0.000,,24,42,,
T,2023-05-09 13:54:57,6.27634333,-75.58853500,1.80,1556.190,23.910,1.982,196,25,42,,
T,2023-05-09 13:54:58,6.27633500,-75.58853000,2.00,1555.890,23.910,1.654,193,23,42,,
T,2023-05-09 13:54:59,6.27632000,-75.58852667,2.10,1555.590,23.910,2.002,190,23,42,,
T,2023-05-09 13:55:00,6.27629500,-75.58851667,2.30,1555.190,23.910,2.753,175,23,42,,
T,2023-05-09 13:55:01,6.27625500,-75.58850833,2.30,1554.990,23.910,3.651,173,22,42,,
T,2023-05-09 13:55:02,6.27619667,-75.58849833,2.30,1554.790,23.910,5.055,173,22,42,,
T,2023-05-09 13:55:03,6.27614833,-75.58849000,2.30,1554.390,23.910,5.308,175,23,42,,
T,2023-05-09 13:55:04,6.27608333,-75.58848333,2.30,1553.590,23.910,5.984,176,23,42,,
T,2023-05-09 13:55:05,6.27601667,-75.58847500,2.20,1552.990,23.910,6.110,174,24,42,,
T,2023-05-09 13:55:06,6.27595167,-75.58849000,2.10,1551.289,23.911,5.395,179,24,42,,
T,2023-05-09 13:55:07,6.27590000,-75.58849167,2.20,1550.289,23.911,5.361,183,24,42,,
T,2023-05-09 13:55:08,6.27585167,-75.58850167,2.30,1549.189,23.911,5.362,202,24,42,,
T,2023-05-09 13:55:09,6.27579167,-75.58851000,2.30,1547.889,23.911,5.388,200,24,42,,
T,2023-05-09 13:55:10,6.27573667,-75.58850833,2.30,1546.389,23.911,4.756,195,24,42,,
T,2023-05-09 13:55:11,6.27569833,-75.58850000,2.30,1545.089,23.911,3.328,187,24,42,,
T,2023-05-09 13:55:12,6.27567167,-75.58849333,2.20,1543.389,23.911,1.877,180,23,42,,
T,2023-05-09 13:55:13,6.27564500,-75.58848833,2.10,1542.189,23.911,1.526,171,26,42,,
T,2023-05-09 13:55:14,6.27563000,-75.58848333,2.00,1540.489,23.911,0.000,,27,42,,
T,2023-05-09 13:55:15,6.27561833,-75.58848333,2.00,1538.889,23.911,0.000,,27,42,,
T,2023-05-09 13:55:16,6.27560500,-75.58848333,1.90,1539.389,23.911,0.000,,27,42,,
T,2023-05-09 13:55:17,6.27560500,-75.58848333,1.90,1539.389,23.911,0.000,,27,42,,
T,2023-05-09 13:55:18,6.27560500,-75.58848333,1.90,1539.389,23.911,0.000,,27,42,,
T,2023-05-09 13:55:19,6.27560500,-75.58848333,1.80,1539.389,23.911,0.000,,26,42,,
T,2023-05-09 13:55:20,6.27560500,-75.58848333,1.80,1539.389,23.911,0.000,,26,42,,
T,2023-05-09 13:55:21,6.27560500,-75.58848333,1.80,1539.389,23.911,0.000,,27,42,,
T,2023-05-09 13:55:22,6.27560500,-75.58848333,1.80,1539.389,23.911,0.000,,27,42,,
T,2023-05-09 13:55:23,6.27560500,-75.58848333,1.80,1539.389,23.911,0.000,,27,42,,
T,2023-05-09 13:55:24,6.27560500,-75.58848333,1.70,1539.389,23.911,0.000,,27,42,,
T,2023-05-09 13:55:25,6.27560500,-75.58848333,1.10,1539.389,23.911,0.000,,26,42,,
T,2023-05-09 13:55:26,6.27560500,-75.58848333,1.00,1539.389,23.911,0.000,,27,42,,
T,2023-05-09 13:55:27,6.27560500,-75.58848333,1.00,1539.389,23.911,0.000,,27,42,,
T,2023-05-09 13:55:28,6.27560500,-75.58848333,1.00,1539.389,23.911,0.000,,27,42,,
T,2023-05-09 13:55:29,6.27560500,-75.58848333,1.00,1539.389,23.911,0.000,,26,42,,
T,2023-05-09 13:55:30,6.27560500,-75.58848333,1.00,1539.389,23.911,0.000,,26,42,,
T,2023-05-09 13:55:31,6.27560500,-75.58848333,1.00,1539.389,23.911,0.000,,26,42,,
T,2023-05-09 13:55:32,6.27560500,-75.58848333,1.00,1539.389,23.911,0.000,,27,42,,
T,2023-05-09 13:55:33,6.27560500,-75.58848333,1.00,1539.389,23.911,0.000,,27,42,,
T,2023-05-09 13:55:34,6.27560500,-75.58848333,1.00,1539.389,23.911,0.000,,27,42,,
T,2023-05-09 13:55:35,6.27560500,-75.58848333,1.00,1539.389,23.911,0.000,,27,42,,
T,2023-05-09 13:55:36,6.27560500,-75.58848333,1.00,1539.389,23.911,0.000,,26,42,,
T,2023-05-09 13:55:37,6.27560500,-75.58848333,1.00,1539.389,23.911,0.000,,25,42,,
T,2023-05-09 13:55:38,6.27560500,-75.58848333,1.00,1539.389,23.911,0.000,,25,42,,
T,2023-05-09 13:55:39,6.27560500,-75.58848333,1.00,1539.389,23.911,0.000,,25,42,,
T,2023-05-09 13:55:40,6.27560500,-75.58848333,1.00,1539.389,23.911,0.000,,25,42,,
T,2023-05-09 13:55:41,6.27560500,-75.58848333,1.00,1539.389,23.911,0.000,,25,42,,
T,2023-05-09 13:55:42,6.27560500,-75.58848333,1.00,1539.389,23.911,0.000,,25,42,,
T,2023-05-09 13:55:43,6.27560500,-75.58848333,1.00,1539.389,23.911,0.000,,26,42,,
T,2023-05-09 13:55:44,6.27560500,-75.58848333,1.00,1539.389,23.911,0.000,,26,42,,
T,2023-05-09 13:55:45,6.27560500,-75.58848333,1.00,1539.389,23.911,0.000,,26,42,,
T,2023-05-09 13:55:46,6.27560500,-75.58848333,1.00,1539.389,23.911,0.000,,26,42,,
T,2023-05-09 13:55:47,6.27560500,-75.58848333,1.00,1539.389,23.911,0.000,,26,42,,
T,2023-05-09 13:55:48,6.27560500,-75.58848333,1.00,1539.389,23.911,0.000,,26,42,,
T,2023-05-09 13:55:49,6.27560500,-75.58848333,1.00,1539.389,23.911,0.000,,26,42,,
T,2023-05-09 13:55:50,6.27560500,-75.58848333,1.30,1539.389,23.911,0.000,,27,42,,
T,2023-05-09 13:55:51,6.27560500,-75.58848333,1.50,1539.389,23.911,0.000,,27,42,,
T,2023-05-09 13:55:52,6.27560500,-75.58848333,1.60,1539.389,23.911,0.000,,27,42,,
T,2023-05-09 13:55:53,6.27560500,-75.58848333,1.60,1539.389,23.911,0.000,,27,42,,
T,2023-05-09 13:55:54,6.27560500,-75.58848333,1.70,1539.389,23.911,0.000,,27,42,,
T,2023-05-09 13:55:55,6.27560500,-75.58848333,1.70,1539.389,23.911,0.000,,27,42,,
T,2023-05-09 13:55:56,6.27560500,-75.58848333,1.70,1539.389,23.911,0.000,,27,42,,
T,2023-05-09 13:55:57,6.27560500,-75.58848333,1.70,1539.389,23.911,0.000,,27,42,,
T,2023-05-09 13:55:58,6.27560500,-75.58848333,1.10,1539.389,23.911,0.000,,27,42,,
T,2023-05-09 13:55:59,6.27560500,-75.58848333,1.00,1539.389,23.911,0.000,,27,42,,
T,2023-05-09 13:56:00,6.27560500,-75.58848333,1.20,1539.389,23.911,0.000,,27,42,,
T,2023-05-09 13:56:01,6.27552000,-75.58845333,1.40,1539.089,23.911,0.346,228,27,42,,
T,2023-05-09 13:56:02,6.27551667,-75.58845333,1.50,1539.089,23.911,0.000,,27,42,,
T,2023-05-09 13:56:03,6.27551167,-75.58845667,1.60,1539.089,23.911,0.000,,27,42,,
T,2023-05-09 13:56:04,6.27550667,-75.58846000,1.70,1539.089,23.911,0.000,,27,42,,
T,2023-05-09 13:56:05,6.27550667,-75.58846000,1.10,1539.089,23.911,0.000,,27,42,,
T,2023-05-09 13:56:06,6.27550667,-75.58846000,1.10,1539.089,23.911,0.000,,27,42,,
T,2023-05-09 13:56:07,6.27550667,-75.58846000,1.00,1539.089,23.911,0.000,,27,42,,
T,2023-05-09 13:56:08,6.27550667,-75.58846000,1.20,1539.089,23.911,0.000,,27,42,,
T,2023-05-09 13:56:09,6.27550667,-75.58846000,1.40,1539.089,23.911,0.000,,27,42,,
T,2023-05-09 13:56:10,6.27550667,-75.58846000,1.50,1539.089,23.911,0.000,,27,42,,
T,2023-05-09 13:56:11,6.27550667,-75.58846000,1.60,1539.089,23.911,0.000,,27,42,,
T,2023-05-09 13:56:12,6.27550667,-75.58846000,1.70,1539.089,23.911,0.000,,27,42,,
T,2023-05-09 13:56:13,6.27550667,-75.58846000,1.80,1539.089,23.911,0.000,,27,42,,
T,2023-05-09 13:56:14,6.27550667,-75.58846000,1.10,1539.089,23.911,0.000,,27,42,,
T,2023-05-09 13:56:15,6.27550667,-75.58846000,1.10,1539.089,23.911,0.000,,27,42,,
T,2023-05-09 13:56:16,6.27550667,-75.58846000,1.20,1539.089,23.911,0.000,,27,42,,
T,2023-05-09 13:56:17,6.27550667,-75.58846000,1.40,1539.089,23.911,0.000,,26,42,,
T,2023-05-09 13:56:18,6.27550667,-75.58846000,1.50,1539.089,23.911,0.000,,26,42,,
T,2023-05-09 13:56:19,6.27550667,-75.58846000,1.60,1539.089,23.911,0.000,,26,42,,
T,2023-05-09 13:56:20,6.27550667,-75.58846000,1.70,1539.089,23.911,0.000,,26,42,,
T,2023-05-09 13:56:21,6.27550667,-75.58846000,1.10,1539.089,23.911,0.000,,26,42,,
T,2023-05-09 13:56:22,6.27550667,-75.58846000,1.00,1539.089,23.911,0.000,,26,42,,
T,2023-05-09 13:56:23,6.27550667,-75.58846000,1.00,1539.089,23.911,0.000,,26,42,,
T,2023-05-09 13:56:24,6.27550667,-75.58846000,1.00,1539.089,23.911,0.000,,26,42,,
T,2023-05-09 13:56:25,6.27550667,-75.58846000,1.10,1539.089,23.911,0.000,,27,42,,
T,2023-05-09 13:56:26,6.27550667,-75.58846000,1.00,1539.089,23.911,0.000,,27,42,,
T,2023-05-09 13:56:27,6.27550667,-75.58846000,1.00,1539.089,23.911,0.000,,27,42,,
T,2023-05-09 13:56:28,6.27550667,-75.58846000,1.10,1539.089,23.911,0.000,,27,42,,
T,2023-05-09 13:56:29,6.27550667,-75.58846000,1.20,1539.089,23.911,0.000,,27,42,,
T,2023-05-09 13:56:30,6.27550667,-75.58846000,1.40,1539.089,23.911,0.000,,27,42,,
T,2023-05-09 13:56:31,6.27550667,-75.58846000,1.50,1539.089,23.911,0.000,,27,42,,
T,2023-05-09 13:56:32,6.27543833,-75.58852167,1.60,1539.188,23.912,0.342,202,27,42,,
T,2023-05-09 13:56:33,6.27543833,-75.58852000,1.10,1539.288,23.912,0.000,,27,42,,
T,2023-05-09 13:56:34,6.27543500,-75.58852333,1.00,1539.188,23.912,0.000,,27,42,,
T,2023-05-09 13:56:35,6.27543500,-75.58852333,1.00,1539.288,23.912,0.000,,27,42,,
T,2023-05-09 13:56:36,6.27543500,-75.58852333,1.00,1539.288,23.912,0.000,,27,42,,
T,2023-05-09 13:56:37,6.27543500,-75.58852333,1.20,1539.288,23.912,0.000,,27,42,,
T,2023-05-09 13:56:38,6.27543500,-75.58852333,1.40,1539.288,23.912,0.000,,27,42,,
T,2023-05-09 13:56:39,6.27543500,-75.58852333,1.50,1539.288,23.912,0.000,,27,42,,
T,2023-05-09 13:56:40,6.27543500,-75.58852333,1.60,1539.288,23.912,0.000,,27,42,,
T,2023-05-09 13:56:41,6.27543500,-75.58852333,1.70,1539.288,23.912,0.000,,27,42,,
T,2023-05-09 13:56:42,6.27543500,-75.58852333,1.70,1539.288,23.912,0.000,,27,42,,
T,2023-05-09 13:56:43,6.27543500,-75.58852333,1.80,1539.288,23.912,0.000,,27,42,,
T,2023-05-09 13:56:44,6.27543500,-75.58852333,1.80,1539.288,23.912,0.000,,27,42,,
T,2023-05-09 13:56:45,6.27543500,-75.58852333,1.90,1539.288,23.912,0.000,,27,42,,
T,2023-05-09 13:56:46,6.27533833,-75.58852167,1.80,1539.188,23.912,0.689,187,27,42,,
T,2023-05-09 13:56:47,6.27532833,-75.58852333,1.90,1539.088,23.912,0.000,,27,42,,
T,2023-05-09 13:56:48,6.27531500,-75.58852667,1.80,1539.088,23.912,0.000,,27,42,,
T,2023-05-09 13:56:49,6.27530333,-75.58852833,1.80,1539.088,23.912,0.000,,27,42,,
T,2023-05-09 13:56:50,6.27530333,-75.58852833,1.80,1539.088,23.912,0.000,,27,42,,
T,2023-05-09 13:56:51,6.27530333,-75.58852833,1.90,1539.088,23.912,0.000,,27,42,,
T,2023-05-09 13:56:52,6.27530333,-75.58852833,1.90,1539.088,23.912,0.000,,27,42,,
T,2023-05-09 13:56:53,6.27530333,-75.58852833,1.90,1539.088,23.912,0.000,,27,42,,
T,2023-05-09 13:56:54,6.27530333,-75.58852833,1.90,1539.088,23.912,0.000,,27,42,,
T,2023-05-09 13:56:55,6.27530333,-75.58852833,1.90,1539.088,23.912,0.000,,27,42,,
T,2023-05-09 13:56:56,6.27530333,-75.58852833,1.90,1539.088,23.912,0.000,,27,42,,
T,2023-05-09 13:56:57,6.27521833,-75.58856833,1.90,1538.787,23.913,0.488,223,27,42,,
T,2023-05-09 13:56:58,6.27521167,-75.58857500,1.90,1538.787,23.913,0.000,,27,42,,
T,2023-05-09 13:56:59,6.27520500,-75.58858500,1.90,1538.787,23.913,0.000,,27,42,,
T,2023-05-09 13:57:00,6.27520000,-75.58859167,2.00,1538.787,23.913,0.000,,27,42,,
T,2023-05-09 13:57:01,6.27520000,-75.58859167,2.00,1538.787,23.913,0.000,,27,42,,
T,2023-05-09 13:57:02,6.27520000,-75.58859167,2.00,1538.787,23.913,0.000,,27,42,,
T,2023-05-09 13:57:03,6.27520000,-75.58859167,2.00,1538.787,23.913,0.000,,27,42,,
T,2023-05-09 13:57:04,6.27520000,-75.58859167,2.00,1538.787,23.913,0.000,,27,42,,
T,2023-05-09 13:57:05,6.27520000,-75.58859167,2.00,1538.787,23.913,0.000,,27,42,,
T,2023-05-09 13:57:06,6.27520000,-75.58859167,2.00,1538.787,23.913,0.000,,27,42,,
T,2023-05-09 13:57:07,6.27520000,-75.58859167,1.90,1538.787,23.913,0.000,,27,42,,
T,2023-05-09 13:57:08,6.27520000,-75.58859167,1.90,1538.787,23.913,0.000,,27,42,,
T,2023-05-09 13:57:09,6.27513000,-75.58865833,1.90,1539.187,23.913,0.483,215,27,42,,
T,2023-05-09 13:57:10,6.27511833,-75.58867167,1.90,1539.187,23.913,0.000,,27,42,,
T,2023-05-09 13:57:11,6.27511000,-75.58867833,1.90,1539.086,23.914,0.000,,27,42,,
T,2023-05-09 13:57:12,6.27510167,-75.58868500,1.90,1539.086,23.914,0.000,,27,42,,
T,2023-05-09 13:57:13,6.27510167,-75.58868500,1.90,1539.086,23.914,0.000,,27,42,,
T,2023-05-09 13:57:14,6.27510167,-75.58868500,1.90,1539.086,23.914,0.000,,27,42,,
T,2023-05-09 13:57:15,6.27510167,-75.58868500,1.90,1539.086,23.914,0.000,,27,42,,
T,2023-05-09 13:57:16,6.27510167,-75.58868500,1.90,1539.086,23.914,0.000,,27,42,,
T,2023-05-09 13:57:17,6.27510167,-75.58868500,1.90,1539.086,23.914,0.000,,26,42,,
T,2023-05-09 13:57:18,6.27510167,-75.58868500,1.10,1539.086,23.914,0.000,,27,42,,
T,2023-05-09 13:57:19,6.27510167,-75.58868500,1.00,1539.086,23.914,0.000,,27,42,,
T,2023-05-09 13:57:20,6.27510167,-75.58868500,1.20,1539.086,23.914,0.000,,27,42,,
T,2023-05-09 13:57:21,6.27510167,-75.58868500,1.40,1539.086,23.914,0.000,,27,42,,
T,2023-05-09 13:57:22,6.27510167,-75.58868500,1.50,1539.086,23.914,0.000,,27,42,,
T,2023-05-09 13:57:23,6.27510167,-75.58868500,1.70,1539.086,23.914,0.000,,27,42,,
T,2023-05-09 13:57:24,6.27510167,-75.58868500,1.70,1539.086,23.914,0.000,,27,42,,
T,2023-05-09 13:57:25,6.27510167,-75.58868500,1.80,1539.086,23.914,0.000,,27,42,,
T,2023-05-09 13:57:26,6.27505167,-75.58876667,1.80,1539.186,23.914,0.455,262,27,42,,
T,2023-05-09 13:57:27,6.27504833,-75.58877667,1.90,1539.186,23.914,0.000,,27,42,,
T,2023-05-09 13:57:28,6.27504167,-75.58878500,1.90,1539.186,23.914,0.000,,27,42,,
T,2023-05-09 13:57:29,6.27503500,-75.58879167,2.00,1539.286,23.914,0.000,,27,42,,
T,2023-05-09 13:57:30,6.27503500,-75.58879167,2.00,1539.286,23.914,0.000,,27,42,,
T,2023-05-09 13:57:31,6.27501000,-75.58880167,2.00,1539.586,23.914,1.533,191,27,42,,
T,2023-05-09 13:57:32,6.27499000,-75.58881167,2.10,1539.686,23.914,2.064,195,27,42,,
T,2023-05-09 13:57:33,6.27496500,-75.58882500,2.20,1539.785,23.915,2.428,198,27,42,,
T,2023-05-09 13:57:34,6.27493833,-75.58884000,2.30,1539.985,23.915,2.450,199,27,42,,
T,2023-05-09 13:57:36,6.27489667,-75.58888333,2.30,1539.985,23.915,2.394,211,27,42,,
T,2023-05-09 13:57:37,6.27487167,-75.58890667,2.40,1539.985,23.915,3.171,212,26,42,,
T,2023-05-09 13:57:38,6.27485500,-75.58893667,2.40,1539.885,23.915,3.535,224,26,42,,
T,2023-05-09 13:57:39,6.27483833,-75.58895333,2.40,1539.684,23.916,3.166,223,26,42,,
T,2023-05-09 13:57:40,6.27482667,-75.58896833,2.40,1539.584,23.916,2.657,227,26,42,,
T,2023-05-09 13:57:41,6.27480833,-75.58898333,2.40,1539.484,23.916,2.364,219,26,42,,
T,2023-05-09 13:57:42,6.27479667,-75.58899167,2.40,1539.484,23.916,2.012,221,26,42,,
T,2023-05-09 13:57:43,6.27479000,-75.58899667,2.30,1539.484,23.916,1.025,230,26,42,,
T,2023-05-09 13:57:44,6.27478000,-75.58899167,2.20,1539.484,23.916,0.000,,26,42,,
T,2023-05-09 13:57:45,6.27476667,-75.58898833,2.10,1539.384,23.916,0.000,,26,42,,
T,2023-05-09 13:57:46,6.27475667,-75.58899333,2.10,1539.184,23.916,0.000,,26,42,,
T,2023-05-09 13:57:48,6.27475667,-75.58899333,2.10,1539.184,23.916,0.000,,26,42,,
T,2023-05-09 13:57:49,6.27475667,-75.58899333,2.10,1539.184,23.916,0.000,,26,42,,
T,2023-05-09 13:57:50,6.27475667,-75.58899333,2.10,1539.184,23.916,0.000,,26,42,,
T,2023-05-09 13:57:51,6.27475667,-75.58899333,2.20,1539.184,23.916,0.000,,26,42,,
T,2023-05-09 13:57:52,6.27475667,-75.58899333,2.20,1539.184,23.916,0.000,,26,42,,
T,2023-05-09 13:57:54,6.27475667,-75.58899333,2.10,1539.184,23.916,0.000,,26,42,,
T,2023-05-09 13:57:55,6.27468500,-75.58905833,2.10,1538.084,23.916,0.700,220,26,42,,
T,2023-05-09 13:57:56,6.27467667,-75.58905833,2.00,1537.884,23.916,0.000,,26,42,,
T,2023-05-09 13:57:57,6.27466833,-75.58906167,2.00,1537.783,23.917,0.000,,26,42,,
T,2023-05-09 13:57:58,6.27466000,-75.58906333,2.00,1537.683,23.917,0.000,,26,42,,
T,2023-05-09 13:57:59,6.27466000,-75.58906333,2.00,1537.683,23.917,0.000,,26,42,,
T,2023-05-09 13:58:00,6.27466000,-75.58906333,2.10,1537.683,23.917,0.000,,26,42,,
T,2023-05-09 13:58:01,6.27466000,-75.58906333,2.00,1537.683,23.917,0.000,,26,42,,
T,2023-05-09 13:58:02,6.27466000,-75.58906333,2.00,1537.683,23.917,0.000,,27,42,,
T,2023-05-09 13:58:03,6.27466000,-75.58906333,2.10,1537.683,23.917,0.000,,27,42,,
T,2023-05-09 13:58:04,6.27466000,-75.58906333,2.10,1537.683,23.917,0.000,,27,42,,
T,2023-05-09 13:58:05,6.27466000,-75.58906333,2.10,1537.683,23.917,0.000,,27,42,,
T,2023-05-09 13:58:06,6.27466000,-75.58906333,1.20,1537.683,23.917,0.000,,27,42,,
T,2023-05-09 13:58:07,6.27466000,-75.58906333,1.30,1537.683,23.917,0.000,,26,42,,
T,2023-05-09 13:58:08,6.27466000,-75.58906333,1.50,1537.683,23.917,0.000,,26,42,,
T,2023-05-09 13:58:09,6.27466000,-75.58906333,1.70,1537.683,23.917,0.000,,26,42,,
T,2023-05-09 13:58:10,6.27466000,-75.58906333,1.80,1537.683,23.917,0.000,,24,42,,
T,2023-05-09 13:58:11,6.27458000,-75.58910500,1.90,1537.383,23.917,0.495,200,24,42,,
T,2023-05-09 13:58:12,6.27458500,-75.58910500,1.20,1537.383,23.917,0.000,,24,42,,
T,2023-05-09 13:58:13,6.27457833,-75.58910833,1.10,1537.383,23.917,0.000,,24,42,,
T,2023-05-09 13:58:14,6.27458333,-75.58911000,1.10,1537.483,23.917,0.000,,24,42,,
T,2023-05-09 13:58:15,6.27458333,-75.58911000,1.10,1537.483,23.917,0.000,,23,42,,
T,2023-05-09 13:58:16,6.27458333,-75.58911000,1.40,1537.483,23.917,0.000,,24,42,,
T,2023-05-09 13:58:17,6.27458333,-75.58911000,1.60,1537.483,23.917,0.000,,25,41,,
T,2023-05-09 13:58:18,6.27458333,-75.58911000,1.70,1537.483,23.917,0.000,,25,41,,
T,2023-05-09 13:58:19,6.27458333,-75.58911000,1.90,1537.483,23.917,0.000,,24,41,,
T,2023-05-09 13:58:20,6.27458333,-75.58911000,2.00,1537.483,23.917,0.000,,24,41,,
T,2023-05-09 13:58:21,6.27458333,-75.58911000,2.10,1537.483,23.917,0.000,,24,41,,
T,2023-05-09 13:58:22,6.27458333,-75.58911000,2.30,1537.483,23.917,0.000,,24,41,,
T,2023-05-09 13:58:23,6.27458333,-75.58911000,2.50,1537.483,23.917,0.000,,24,41,,
T,2023-05-09 13:58:24,6.27450333,-75.58916500,2.70,1536.483,23.917,0.384,138,24,41,,
T,2023-05-09 13:58:25,6.27448833,-75.58917500,2.80,1536.482,23.918,0.000,,23,41,,
T,2023-05-09 13:58:26,6.27449833,-75.58916333,1.20,1536.483,23.917,0.000,,23,41,,
T,2023-05-09 13:58:27,6.27449500,-75.58916667,1.50,1536.383,23.917,0.000,,23,41,,
T,2023-05-09 13:58:28,6.27449500,-75.58916667,1.70,1536.383,23.917,0.000,,23,41,,
T,2023-05-09 13:58:29,6.27449500,-75.58916667,1.90,1536.383,23.917,0.000,,23,41,,
T,2023-05-09 13:58:30,6.27449500,-75.58916667,2.10,1536.383,23.917,0.000,,23,41,,
T,2023-05-09 13:58:31,6.27449500,-75.58916667,2.40,1536.383,23.917,0.000,,23,41,,
T,2023-05-09 13:58:32,6.27449500,-75.58916667,2.70,1536.383,23.917,0.000,,23,41,,
T,2023-05-09 13:58:33,6.27449500,-75.58916667,2.80,1536.383,23.917,0.000,,23,41,,
T,2023-05-09 13:58:34,6.27449500,-75.58916667,2.80,1536.383,23.917,0.000,,22,41,,
T,2023-05-09 13:58:35,6.27439667,-75.58919833,2.80,1536.682,23.918,0.885,197,22,41,,
T,2023-05-09 13:58:36,6.27438000,-75.58918167,2.90,1536.682,23.918,0.000,,20,41,,
T,2023-05-09 13:58:37,6.27436833,-75.58917000,2.90,1536.782,23.918,1.103,142,19,41,,
T,2023-05-09 13:58:38,6.27436833,-75.58916333,2.90,1536.882,23.918,0.000,,19,41,,
T,2023-05-09 13:58:39,6.27436000,-75.58915833,3.10,1536.982,23.918,0.000,,19,41,,
T,2023-05-09 13:58:40,6.27435167,-75.58914833,3.00,1537.082,23.918,0.000,,19,41,,
T,2023-05-09 13:58:41,6.27433667,-75.58914167,2.80,1537.182,23.918,1.099,130,20,41,,
T,2023-05-09 13:58:42,6.27432833,-75.58913667,2.60,1537.382,23.918,1.018,130,20,41,,
T,2023-05-09 13:58:43,6.27431667,-75.58913167,2.60,1537.482,23.918,1.004,136,20,41,,
T,2023-05-09 13:58:44,6.27430833,-75.58913000,2.50,1537.482,23.918,0.000,,21,41,,
T,2023-05-09 13:58:45,6.27429500,-75.58912167,2.40,1537.582,23.918,0.000,,21,41,,
T,2023-05-09 13:58:46,6.27428500,-75.58912167,2.40,1537.782,23.918,0.000,,22,41,,
T,2023-05-09 13:58:47,6.27428500,-75.58912167,2.40,1537.782,23.918,0.000,,23,41,,
T,2023-05-09 13:58:48,6.27428500,-75.58912167,2.30,1537.782,23.918,0.000,,23,41,,
T,2023-05-09 13:58:49,6.27428500,-75.58912167,2.30,1537.782,23.918,0.000,,23,41,,
T,2023-05-09 13:58:50,6.27428500,-75.58912167,2.30,1537.782,23.918,0.000,,23,41,,
T,2023-05-09 13:58:51,6.27428500,-75.58912167,2.30,1537.782,23.918,0.000,,23,41,,
T,2023-05-09 13:58:52,6.27428500,-75.58912167,2.20,1537.782,23.918,0.000,,25,41,,
T,2023-05-09 13:58:53,6.27428500,-75.58912167,1.20,1537.782,23.918,0.000,,25,41,,
T,2023-05-09 13:58:54,6.27428500,-75.58912167,1.10,1537.782,23.918,0.000,,25,41,,
T,2023-05-09 13:58:55,6.27428500,-75.58912167,1.40,1537.782,23.918,0.000,,25,41,,
T,2023-05-09 13:58:56,6.27428500,-75.58912167,1.60,1537.782,23.918,0.000,,25,41,,
T,2023-05-09 13:58:57,6.27428500,-75.58912167,1.80,1537.782,23.918,0.000,,25,41,,
T,2023-05-09 13:58:58,6.27419167,-75.58913500,2.00,1538.482,23.918,0.481,247,24,41,,
T,2023-05-09 13:58:59,6.27418833,-75.58914167,2.10,1538.482,23.918,0.000,,24,41,,
T,2023-05-09 13:59:00,6.27418667,-75.58914833,2.10,1538.382,23.918,0.000,,24,41,,
T,2023-05-09 13:59:01,6.27418333,-75.58915667,2.20,1538.482,23.918,0.000,,25,41,,
T,2023-05-09 13:59:02,6.27418333,-75.58915667,2.20,1538.482,23.918,0.000,,25,41,,
T,2023-05-09 13:59:03,6.27418333,-75.58915667,2.20,1538.482,23.918,0.000,,24,41,,
T,2023-05-09 13:59:04,6.27418333,-75.58915667,2.20,1538.482,23.918,0.000,,24,41,,
T,2023-05-09 13:59:05,6.27418333,-75.58915667,2.30,1538.482,23.918,0.000,,25,41,,
T,2023-05-09 13:59:06,6.27418333,-75.58915667,2.30,1538.482,23.918,0.000,,24,41,,
T,2023-05-09 13:59:07,6.27418333,-75.58915667,2.30,1538.482,23.918,0.000,,24,41,,
T,2023-05-09 13:59:08,6.27418333,-75.58915667,1.20,1538.482,23.918,0.000,,27,41,,
T,2023-05-09 13:59:09,6.27418333,-75.58915667,1.10,1538.482,23.918,0.000,,27,41,,
T,2023-05-09 13:59:10,6.27418333,-75.58915667,1.40,1538.482,23.918,0.000,,27,41,,
T,2023-05-09 13:59:11,6.27418333,-75.58915667,1.70,1538.482,23.918,0.000,,27,41,,
T,2023-05-09 13:59:12,6.27418333,-75.58915667,1.90,1538.482,23.918,0.000,,27,41,,
T,2023-05-09 13:59:13,6.27418333,-75.58915667,2.00,1538.482,23.918,0.000,,27,41,,
T,2023-05-09 13:59:14,6.27418333,-75.58915667,2.10,1538.482,23.918,0.000,,27,41,,
T,2023-05-09 13:59:15,6.27418333,-75.58915667,2.20,1538.482,23.918,0.000,,26,41,,
T,2023-05-09 13:59:16,6.27418333,-75.58915667,2.20,1538.482,23.918,0.000,,25,41,,
T,2023-05-09 13:59:18,6.27418333,-75.58915667,2.40,1538.482,23.918,0.000,,24,41,,
T,2023-05-09 13:59:19,6.27418333,-75.58915667,2.40,1538.482,23.918,0.000,,24,41,,
T,2023-05-09 13:59:20,6.27418333,-75.58915667,2.50,1538.482,23.918,0.000,,24,41,,
T,2023-05-09 13:59:21,6.27418333,-75.58915667,2.60,1538.482,23.918,0.000,,23,41,,
T,2023-05-09 13:59:22,6.27418333,-75.58915667,2.70,1538.482,23.918,0.000,,23,41,,
T,2023-05-09 13:59:23,6.27409167,-75.58918500,2.70,1538.282,23.918,0.849,191,23,41,,
T,2023-05-09 13:59:24,6.27408167,-75.58919000,2.80,1538.081,23.919,0.000,,21,41,,
T,2023-05-09 13:59:25,6.27407000,-75.58919167,2.80,1537.981,23.919,0.000,,21,41,,
T,2023-05-09 13:59:26,6.27405667,-75.58919000,2.80,1537.881,23.919,0.000,,21,41,,
T,2023-05-09 13:59:27,6.27405667,-75.58919000,2.90,1537.881,23.919,0.000,,22,41,,
T,2023-05-09 13:59:28,6.27405667,-75.58919000,3.00,1537.881,23.919,0.000,,22,41,,
T,2023-05-09 13:59:29,6.27405667,-75.58919000,3.20,1537.881,23.919,0.000,,19,41,,
T,2023-05-09 13:59:30,6.27405667,-75.58919000,3.30,1537.881,23.919,0.000,,19,41,,
T,2023-05-09 13:59:31,6.27405667,-75.58919000,3.50,1537.881,23.919,0.000,,19,41,,
T,2023-05-09 13:59:32,6.27405667,-75.58919000,3.60,1537.881,23.919,0.000,,18,40,,
T,2023-05-09 13:59:33,6.27405667,-75.58919000,3.90,1537.881,23.919,0.000,,21,41,,
T,2023-05-09 13:59:34,6.27395000,-75.58915500,3.80,1536.881,23.919,1.999,166,21,41,,
T,2023-05-09 13:59:35,6.27391000,-75.58911667,3.30,1536.881,23.919,1.998,173,20,41,,
T,2023-05-09 13:59:36,6.27389500,-75.58909167,3.10,1536.782,23.918,0.000,,20,41,,
T,2023-05-09 13:59:37,6.27389333,-75.58908333,3.20,1536.682,23.918,0.000,,21,41,,
T,2023-05-09 13:59:38,6.27388833,-75.58907833,3.20,1536.582,23.918,0.000,,18,41,,
T,2023-05-09 13:59:39,6.27388833,-75.58907833,3.10,1536.582,23.918,0.000,,18,41,,
T,2023-05-09 13:59:40,6.27388833,-75.58907833,3.10,1536.582,23.918,0.000,,18,41,,
T,2023-05-09 13:59:41,6.27388833,-75.58907833,3.10,1536.582,23.918,0.000,,19,41,,
T,2023-05-09 13:59:42,6.27388833,-75.58907833,3.10,1536.582,23.918,0.000,,20,41,,
T,2023-05-09 13:59:43,6.27388833,-75.58907833,3.00,1536.582,23.918,0.000,,19,41,,
T,2023-05-09 13:59:44,6.27388833,-75.58907833,1.20,1536.582,23.918,0.000,,20,41,,
T,2023-05-09 13:59:45,6.27388833,-75.58907833,1.40,1536.582,23.918,0.000,,20,41,,
T,2023-05-09 13:59:46,6.27388833,-75.58907833,1.70,1536.582,23.918,0.000,,20,41,,
T,2023-05-09 13:59:47,6.27388833,-75.58907833,1.80,1536.582,23.918,0.000,,20,41,,
T,2023-05-09 13:59:48,6.27388833,-75.58907833,1.90,1536.582,23.918,0.000,,21,41,,
T,2023-05-09 13:59:49,6.27384333,-75.58899833,2.00,1535.882,23.918,0.816,160,23,41,,
T,2023-05-09 13:59:50,6.27383333,-75.58898833,2.00,1535.982,23.918,0.000,,24,41,,
T,2023-05-09 13:59:51,6.27382667,-75.58897500,2.00,1536.282,23.918,0.000,,24,41,,
T,2023-05-09 13:59:52,6.27382333,-75.58896500,2.10,1536.282,23.918,0.000,,23,41,,
T,2023-05-09 13:59:53,6.27382333,-75.58896500,2.10,1536.282,23.918,0.000,,23,41,,
T,2023-05-09 13:59:54,6.27382333,-75.58896500,2.10,1536.282,23.918,0.000,,24,41,,
T,2023-05-09 13:59:55,6.27382333,-75.58896500,2.10,1536.282,23.918,0.000,,25,41,,
T,2023-05-09 13:59:56,6.27382333,-75.58896500,2.20,1536.282,23.918,0.000,,24,41,,
T,2023-05-09 13:59:57,6.27382333,-75.58896500,2.20,1536.282,23.918,0.000,,24,41,,
T,2023-05-09 13:59:58,6.27382333,-75.58896500,2.20,1536.282,23.918,0.000,,24,41,,
T,2023-05-09 13:59:59,6.27382333,-75.58896500,2.20,1536.282,23.918,0.000,,25,41,,
T,2023-05-09 14:00:00,6.27380833,-75.58886500,2.30,1537.083,23.917,0.944,107,25,41,,
T,2023-05-09 14:00:01,6.27381667,-75.58885167,2.20,1536.983,23.917,0.000,,24,41,,
T,2023-05-09 14:00:02,6.27381333,-75.58883667,2.30,1537.183,23.917,0.000,,24,41,,
T,2023-05-09 14:00:03,6.27380833,-75.58882333,2.30,1537.283,23.917,0.000,,21,41,,
T,2023-05-09 14:00:04,6.27380833,-75.58882333,2.30,1537.283,23.917,0.000,,20,39,,
T,2023-05-09 14:00:05,6.27380833,-75.58882333,2.40,1537.283,23.917,0.000,,19,39,,
T,2023-05-09 14:00:06,6.27380833,-75.58882333,2.50,1537.283,23.917,0.000,,20,39,,
T,2023-05-09 14:00:07,6.27379500,-75.58878167,2.70,1537.183,23.917,1.290,75,19,39,,
T,2023-05-09 14:00:08,6.27379833,-75.58876500,2.80,1537.183,23.917,1.410,83,20,39,,
T,2023-05-09 14:00:09,6.27379667,-75.58874500,3.00,1537.083,23.917,1.669,79,21,39,,
T,2023-05-09 14:00:10,6.27379833,-75.58873833,3.20,1537.083,23.917,1.363,85,19,38,,
T,2023-05-09 14:00:11,6.27380500,-75.58874000,3.30,1537.083,23.917,0.000,,19,38,,
T,2023-05-09 14:00:12,6.27380500,-75.58873167,3.50,1537.183,23.917,0.000,,20,38,,
T,2023-05-09 14:00:13,6.27380833,-75.58872667,3.70,1537.183,23.917,0.000,,20,38,,
T,2023-05-09 14:00:14,6.27380833,-75.58872667,4.10,1537.183,23.917,0.000,,12,38,,
