type,date time,latitude,longitude,accuracy(m),altitude(m),geoid_height(m),speed(m/s),bearing(deg),sat_used,sat_inview,name,desc
T,2023-03-14 09:51:49,6.34314241,-75.57654982,4.29,1541.935,23.695,0.000,,15,35,20230314-045149,GPS Logger: 20230314-045149 - Bajaj_Pulsar180_Viaje_7
T,2023-03-14 09:51:50,6.34311799,-75.57655341,3.22,1537.934,23.695,0.000,,15,35,,
T,2023-03-14 09:51:51,6.34312351,-75.57654951,4.29,1538.293,23.695,0.000,,15,35,,
T,2023-03-14 09:51:52,6.34312709,-75.57654985,4.29,1537.555,23.695,0.240,233,16,35,,
T,2023-03-14 09:51:53,6.34310975,-75.57655472,3.22,1535.804,23.695,0.000,,16,35,,
T,2023-03-14 09:51:54,6.34310558,-75.57655802,3.22,1534.177,23.695,0.000,,16,35,,
T,2023-03-14 09:51:55,6.34310133,-75.57655723,3.22,1531.887,23.695,0.000,,15,35,,
T,2023-03-14 09:51:56,6.34309958,-75.57656113,3.22,1530.621,23.695,0.000,,15,35,,
T,2023-03-14 09:51:57,6.34309961,-75.57656649,3.22,1530.408,23.695,0.000,,15,35,,
T,2023-03-14 09:51:58,6.34310140,-75.57656669,3.22,1530.487,23.695,0.000,,15,35,,
T,2023-03-14 09:51:59,6.34310311,-75.57656863,3.22,1530.093,23.695,0.000,,14,35,,
T,2023-03-14 09:52:00,6.34310532,-75.57657017,3.22,1529.843,23.695,0.000,,13,35,,
T,2023-03-14 09:52:01,6.34310810,-75.57657116,3.22,1529.796,23.695,0.000,,12,35,,
T,2023-03-14 09:52:02,6.34311362,-75.57657179,3.22,1529.117,23.695,0.000,,8,35,,
T,2023-03-14 09:52:03,6.34311596,-75.57657178,3.22,1529.161,23.695,0.000,,8,35,,
T,2023-03-14 09:52:04,6.34311525,-75.57657240,3.22,1529.036,23.695,0.000,,12,35,,
T,2023-03-14 09:52:05,6.34311536,-75.57657240,3.22,1529.010,23.695,0.000,,12,35,,
T,2023-03-14 09:52:06,6.34312745,-75.57656098,3.22,1530.100,23.695,0.820,338,12,35,,
T,2023-03-14 09:52:07,6.34312062,-75.57653715,3.22,1522.335,23.695,1.480,336,14,35,,
T,2023-03-14 09:52:08,6.34311826,-75.57652065,3.22,1518.077,23.694,3.480,39,14,35,,
T,2023-03-14 09:52:09,6.34312670,-75.57648688,3.22,1516.972,23.694,4.740,54,15,35,,
T,2023-03-14 09:52:10,6.34314492,-75.57646862,3.22,1517.771,23.694,2.340,63,15,34,,
T,2023-03-14 09:52:11,6.34316015,-75.57644596,4.29,1518.219,23.694,3.300,56,16,35,,
T,2023-03-14 09:52:12,6.34322644,-75.57639831,4.29,1516.601,23.694,6.640,38,16,35,,
T,2023-03-14 09:52:13,6.34325841,-75.57636001,4.29,1516.940,23.693,5.050,46,15,35,,
T,2023-03-14 09:52:14,6.34330233,-75.57631374,5.36,1514.445,23.693,6.620,40,15,35,,
T,2023-03-14 09:52:15,6.34335151,-75.57626745,5.36,1515.595,23.693,6.900,43,16,35,,
T,2023-03-14 09:52:16,6.34338581,-75.57621106,5.36,1513.897,23.692,6.270,50,16,35,,
T,2023-03-14 09:52:17,6.34339227,-75.57615758,5.36,1508.414,23.692,4.340,61,18,35,,
T,2023-03-14 09:52:18,6.34341630,-75.57612279,5.36,1506.830,23.692,3.960,48,18,35,,
T,2023-03-14 09:52:19,6.34342668,-75.57609744,4.29,1504.967,23.692,2.640,40,20,35,,
T,2023-03-14 09:52:20,6.34343820,-75.57606510,4.29,1501.531,23.691,2.930,51,21,35,,
T,2023-03-14 09:52:21,6.34344828,-75.57602840,4.29,1498.026,23.691,3.930,51,21,35,,
T,2023-03-14 09:52:22,6.34345324,-75.57598581,3.22,1496.723,23.691,4.650,85,21,35,,
T,2023-03-14 09:52:23,6.34343319,-75.57593610,3.22,1496.566,23.691,6.750,118,21,35,,
T,2023-03-14 09:52:24,6.34338432,-75.57588970,3.22,1496.067,23.691,7.180,134,21,35,,
T,2023-03-14 09:52:25,6.34333441,-75.57583901,3.22,1494.510,23.690,8.250,134,21,35,,
T,2023-03-14 09:52:26,6.34328172,-75.57579075,3.22,1494.966,23.690,8.740,136,21,35,,
T,2023-03-14 09:52:27,6.34322989,-75.57573947,3.22,1494.660,23.690,8.590,133,21,35,,
T,2023-03-14 09:52:28,6.34317772,-75.57568295,4.29,1494.703,23.690,8.590,132,21,35,,
T,2023-03-14 09:52:29,6.34312724,-75.57561290,3.22,1492.827,23.690,9.240,128,21,35,,
T,2023-03-14 09:52:30,6.34307222,-75.57554635,3.22,1492.680,23.690,9.550,130,21,35,,
T,2023-03-14 09:52:31,6.34301927,-75.57548555,3.22,1491.344,23.689,9.600,129,21,35,,
T,2023-03-14 09:52:32,6.34296533,-75.57541908,3.22,1490.716,23.689,9.840,129,20,35,,
T,2023-03-14 09:52:33,6.34290946,-75.57535467,3.22,1487.964,23.689,9.350,127,20,35,,
T,2023-03-14 09:52:34,6.34286391,-75.57529306,3.22,1486.071,23.689,8.750,126,19,35,,
T,2023-03-14 09:52:35,6.34281859,-75.57523449,3.22,1485.084,23.688,7.830,127,19,35,,
T,2023-03-14 09:52:36,6.34277966,-75.57519107,3.22,1483.801,23.688,6.620,127,19,35,,
T,2023-03-14 09:52:37,6.34274830,-75.57516287,3.22,1483.919,23.688,3.590,141,19,35,,
T,2023-03-14 09:52:38,6.34273138,-75.57512487,3.22,1483.260,23.688,3.430,119,19,35,,
T,2023-03-14 09:52:39,6.34270917,-75.57508968,3.22,1482.906,23.688,4.080,121,19,35,,
T,2023-03-14 09:52:40,6.34268727,-75.57504311,3.22,1481.456,23.688,5.580,115,18,35,,
T,2023-03-14 09:52:41,6.34265808,-75.57498894,3.22,1480.747,23.688,7.130,117,18,35,,
T,2023-03-14 09:52:42,6.34263031,-75.57493465,3.22,1479.982,23.687,7.560,111,18,35,,
T,2023-03-14 09:52:43,6.34259528,-75.57486646,3.22,1478.475,23.687,8.160,115,18,35,,
T,2023-03-14 09:52:44,6.34257289,-75.57479432,3.22,1478.663,23.687,8.540,112,18,35,,
T,2023-03-14 09:52:45,6.34254499,-75.57471219,3.22,1478.291,23.686,9.050,112,20,35,,
T,2023-03-14 09:52:46,6.34251718,-75.57463604,3.22,1477.600,23.686,8.930,113,20,35,,
T,2023-03-14 09:52:47,6.34249097,-75.57456848,3.22,1476.511,23.686,7.980,111,20,35,,
T,2023-03-14 09:52:48,6.34246658,-75.57449707,3.22,1475.698,23.685,7.750,109,20,35,,
T,2023-03-14 09:52:49,6.34244883,-75.57444333,3.22,1475.722,23.685,6.190,109,21,35,,
T,2023-03-14 09:52:50,6.34243773,-75.57440206,3.22,1475.668,23.685,4.030,101,21,35,,
T,2023-03-14 09:52:51,6.34242615,-75.57436803,3.22,1475.658,23.685,3.230,103,21,35,,
T,2023-03-14 09:52:52,6.34241110,-75.57432470,3.22,1475.644,23.685,4.920,108,21,35,,
T,2023-03-14 09:52:53,6.34239661,-75.57427147,3.22,1475.838,23.684,6.850,104,20,35,,
T,2023-03-14 09:52:54,6.34237975,-75.57421020,3.22,1475.874,23.684,7.590,105,21,35,,
T,2023-03-14 09:52:55,6.34236479,-75.57414858,3.22,1475.616,23.684,7.080,102,21,35,,
T,2023-03-14 09:52:56,6.34234775,-75.57407765,3.22,1475.737,23.684,8.180,102,20,35,,
T,2023-03-14 09:52:57,6.34233745,-75.57400707,3.22,1475.691,23.683,8.180,98,20,35,,
T,2023-03-14 09:52:58,6.34232468,-75.57392731,3.22,1476.377,23.683,8.850,101,20,35,,
T,2023-03-14 09:52:59,6.34231978,-75.57385395,3.22,1476.052,23.682,8.580,98,20,35,,
T,2023-03-14 09:53:00,6.34230554,-75.57378063,3.22,1475.452,23.682,8.490,99,19,35,,
T,2023-03-14 09:53:01,6.34229718,-75.57371202,3.22,1475.186,23.682,7.370,96,17,35,,
T,2023-03-14 09:53:02,6.34229291,-75.57364961,3.22,1475.038,23.681,6.710,93,16,35,,
T,2023-03-14 09:53:03,6.34228779,-75.57359934,3.22,1475.362,23.681,4.660,97,13,35,,
T,2023-03-14 09:53:04,6.34227450,-75.57356323,3.22,1475.837,23.681,3.830,105,14,35,,
T,2023-03-14 09:53:05,6.34227136,-75.57351722,3.22,1476.457,23.681,4.570,92,15,35,,
T,2023-03-14 09:53:06,6.34226430,-75.57346529,3.22,1474.078,23.681,5.820,100,16,35,,
T,2023-03-14 09:53:07,6.34225912,-75.57341013,3.22,1475.277,23.680,5.870,94,19,35,,
T,2023-03-14 09:53:08,6.34225201,-75.57334345,4.29,1473.760,23.680,6.890,100,19,35,,
T,2023-03-14 09:53:09,6.34224181,-75.57326688,4.29,1474.022,23.680,8.220,97,20,35,,
T,2023-03-14 09:53:10,6.34225189,-75.57318569,3.22,1473.599,23.679,9.440,95,20,35,,
T,2023-03-14 09:53:11,6.34225023,-75.57311372,3.22,1473.337,23.679,8.760,95,20,36,,
T,2023-03-14 09:53:12,6.34226067,-75.57304702,3.22,1473.681,23.678,7.190,84,20,36,,
T,2023-03-14 09:53:13,6.34226037,-75.57299745,3.22,1473.762,23.678,4.900,92,20,36,,
T,2023-03-14 09:53:14,6.34226186,-75.57294097,3.22,1473.570,23.678,5.640,86,20,36,,
T,2023-03-14 09:53:15,6.34225646,-75.57288729,4.29,1473.308,23.678,5.590,94,20,36,,
T,2023-03-14 09:53:16,6.34225275,-75.57283384,4.29,1472.208,23.677,6.450,95,20,36,,
T,2023-03-14 09:53:17,6.34225797,-75.57276090,3.22,1471.069,23.677,8.140,88,20,36,,
T,2023-03-14 09:53:18,6.34224171,-75.57268354,3.22,1471.641,23.677,8.990,96,20,36,,
T,2023-03-14 09:53:19,6.34223303,-75.57261324,3.22,1471.442,23.676,8.400,93,19,36,,
T,2023-03-14 09:53:20,6.34222865,-75.57254830,3.22,1470.915,23.676,6.440,95,18,36,,
T,2023-03-14 09:53:21,6.34223089,-75.57250607,3.22,1470.835,23.676,4.510,84,18,36,,
T,2023-03-14 09:53:22,6.34223731,-75.57246547,3.22,1470.341,23.675,4.060,90,18,36,,
T,2023-03-14 09:53:23,6.34223245,-75.57241929,3.22,1469.516,23.675,4.470,95,18,36,,
T,2023-03-14 09:53:24,6.34222889,-75.57237220,3.22,1468.786,23.675,5.030,94,20,36,,
T,2023-03-14 09:53:25,6.34222660,-75.57231541,4.29,1468.824,23.675,5.820,94,20,36,,
T,2023-03-14 09:53:26,6.34222006,-75.57223199,4.29,1468.427,23.674,8.540,97,20,36,,
T,2023-03-14 09:53:27,6.34221274,-75.57214996,4.29,1468.217,23.674,8.960,97,20,36,,
T,2023-03-14 09:53:28,6.34221368,-75.57208661,4.29,1493.270,23.674,7.300,89,20,36,,
T,2023-03-14 09:53:29,6.34222153,-75.57198622,4.29,1486.041,23.673,9.140,90,20,36,,
T,2023-03-14 09:53:30,6.34222847,-75.57190128,5.36,1484.988,23.673,9.420,90,21,36,,
T,2023-03-14 09:53:31,6.34224714,-75.57183497,5.36,1481.411,23.672,8.280,81,22,36,,
T,2023-03-14 09:53:32,6.34224770,-75.57179853,5.36,1478.215,23.672,5.010,83,22,36,,
T,2023-03-14 09:53:33,6.34224139,-75.57177788,5.36,1475.265,23.672,3.080,77,22,36,,
T,2023-03-14 09:53:34,6.34221186,-75.57176632,4.29,1474.389,23.672,2.490,117,22,36,,
T,2023-03-14 09:53:35,6.34221871,-75.57173240,4.29,1473.076,23.672,4.550,88,22,36,,
T,2023-03-14 09:53:36,6.34221351,-75.57169853,4.29,1472.622,23.672,4.290,93,20,36,,
T,2023-03-14 09:53:37,6.34220609,-75.57165827,4.29,1472.374,23.671,4.940,89,20,36,,
T,2023-03-14 09:53:38,6.34220111,-75.57157784,4.29,1472.993,23.671,8.730,92,20,36,,
T,2023-03-14 09:53:39,6.34219976,-75.57153037,4.29,1472.057,23.671,5.980,83,20,36,,
T,2023-03-14 09:53:40,6.34221194,-75.57146828,4.29,1472.384,23.670,6.520,86,21,36,,
T,2023-03-14 09:53:41,6.34220331,-75.57140127,4.29,1471.191,23.670,7.790,98,21,36,,
T,2023-03-14 09:53:42,6.34219686,-75.57131320,4.29,1471.005,23.670,9.070,96,21,36,,
T,2023-03-14 09:53:43,6.34218846,-75.57123383,4.29,1470.956,23.669,9.460,94,19,36,,
T,2023-03-14 09:53:44,6.34218097,-75.57115590,4.29,1470.173,23.669,8.340,94,19,36,,
T,2023-03-14 09:53:45,6.34217388,-75.57107909,3.22,1469.889,23.668,7.970,93,19,36,,
T,2023-03-14 09:53:46,6.34216832,-75.57101203,3.22,1469.228,23.668,7.580,97,19,36,,
T,2023-03-14 09:53:47,6.34215097,-75.57094246,3.22,1469.312,23.668,7.630,101,15,36,,
T,2023-03-14 09:53:48,6.34214854,-75.57086399,3.22,1468.478,23.667,7.190,96,17,36,,
T,2023-03-14 09:53:49,6.34213585,-75.57080294,3.22,1468.726,23.667,6.430,99,18,36,,
T,2023-03-14 09:53:50,6.34213358,-75.57074620,3.22,1468.998,23.667,6.250,89,19,36,,
T,2023-03-14 09:53:51,6.34216184,-75.57069047,3.22,1468.620,23.666,5.890,60,19,36,,
T,2023-03-14 09:53:52,6.34219527,-75.57066805,3.22,1467.407,23.666,3.960,34,19,36,,
T,2023-03-14 09:53:53,6.34224300,-75.57064469,3.22,1468.017,23.666,5.970,17,19,36,,
T,2023-03-14 09:53:54,6.34229226,-75.57064548,3.22,1467.029,23.666,6.570,359,19,36,,
T,2023-03-14 09:53:55,6.34234919,-75.57064377,3.22,1467.547,23.666,6.700,4,19,36,,
T,2023-03-14 09:53:56,6.34241276,-75.57063546,3.22,1468.099,23.666,7.360,4,20,36,,
T,2023-03-14 09:53:57,6.34247765,-75.57061815,9.65,1467.487,23.665,7.700,16,20,36,,
T,2023-03-14 09:53:58,6.34254145,-75.57058774,9.65,1467.309,23.665,8.300,30,21,36,,
T,2023-03-14 09:53:59,6.34260963,-75.57054453,9.65,1466.593,23.665,9.190,37,21,36,,
T,2023-03-14 09:54:00,6.34267705,-75.57048714,9.65,1467.141,23.664,10.410,42,20,35,,
T,2023-03-14 09:54:01,6.34275220,-75.57043104,9.65,1467.225,23.664,10.410,39,21,36,,
T,2023-03-14 09:54:02,6.34282497,-75.57035397,9.65,1467.082,23.663,11.310,46,21,36,,
T,2023-03-14 09:54:03,6.34289049,-75.57028662,9.65,1467.197,23.663,10.560,46,21,36,,
T,2023-03-14 09:54:04,6.34294498,-75.57022136,9.65,1467.027,23.662,8.960,50,20,36,,
T,2023-03-14 09:54:05,6.34298308,-75.57015062,9.65,1466.868,23.662,8.470,65,20,36,,
T,2023-03-14 09:54:06,6.34300662,-75.57008460,9.65,1467.848,23.661,7.340,77,22,36,,
T,2023-03-14 09:54:07,6.34300918,-75.57001377,9.65,1467.840,23.661,7.600,91,23,36,,
T,2023-03-14 09:54:08,6.34297310,-75.56994505,9.65,1466.741,23.661,8.750,118,23,36,,
T,2023-03-14 09:54:09,6.34293309,-75.56988213,9.65,1466.115,23.660,8.850,130,23,36,,
T,2023-03-14 09:54:10,6.34287200,-75.56982050,9.65,1466.379,23.660,10.170,137,23,36,,
T,2023-03-14 09:54:11,6.34280915,-75.56974775,9.65,1466.820,23.660,10.780,135,23,36,,
T,2023-03-14 09:54:12,6.34275552,-75.56967061,9.65,1467.284,23.660,10.100,124,22,36,,
T,2023-03-14 09:54:13,6.34271566,-75.56958948,9.65,1469.022,23.659,10.090,110,22,36,,
T,2023-03-14 09:54:14,6.34268544,-75.56950892,9.65,1469.015,23.659,9.720,111,22,36,,
T,2023-03-14 09:54:15,6.34267004,-75.56942420,9.65,1469.567,23.659,9.250,102,22,36,,
T,2023-03-14 09:54:16,6.34268559,-75.56933413,9.65,1471.365,23.658,10.360,87,22,36,,
T,2023-03-14 09:54:17,6.34268678,-75.56923312,9.65,1473.177,23.658,10.900,83,22,36,,
T,2023-03-14 09:54:18,6.34270263,-75.56912892,9.65,1474.020,23.657,12.120,82,21,36,,
T,2023-03-14 09:54:19,6.34270180,-75.56903086,9.65,1474.891,23.657,11.380,92,20,36,,
T,2023-03-14 09:54:20,6.34269086,-75.56891795,9.65,1476.863,23.656,12.510,100,19,36,,
T,2023-03-14 09:54:21,6.34266761,-75.56879508,9.65,1477.026,23.655,13.430,101,20,36,,
T,2023-03-14 09:54:22,6.34262730,-75.56868769,3.22,1477.089,23.655,13.360,108,19,36,,
T,2023-03-14 09:54:23,6.34259329,-75.56857023,4.29,1477.049,23.654,13.530,109,19,36,,
T,2023-03-14 09:54:24,6.34256318,-75.56845883,3.22,1477.549,23.654,12.490,105,19,36,,
T,2023-03-14 09:54:25,6.34252505,-75.56834063,3.22,1475.699,23.653,12.440,111,19,36,,
T,2023-03-14 09:54:26,6.34250249,-75.56822717,3.22,1477.376,23.653,13.000,106,19,36,,
T,2023-03-14 09:54:27,6.34246526,-75.56811785,4.29,1477.893,23.652,12.850,108,20,36,,
T,2023-03-14 09:54:28,6.34243715,-75.56799887,3.22,1492.175,23.652,13.650,104,20,36,,
T,2023-03-14 09:54:29,6.34240569,-75.56788033,3.22,1489.488,23.651,13.750,104,19,36,,
T,2023-03-14 09:54:30,6.34238299,-75.56776416,3.22,1486.920,23.651,13.160,103,19,36,,
T,2023-03-14 09:54:31,6.34234761,-75.56765262,3.22,1488.059,23.650,12.430,107,20,36,,
T,2023-03-14 09:54:32,6.34231728,-75.56754847,3.22,1488.036,23.650,11.170,110,21,36,,
T,2023-03-14 09:54:33,6.34228941,-75.56745536,3.22,1487.025,23.649,10.840,112,22,36,,
T,2023-03-14 09:54:34,6.34225307,-75.56738138,3.22,1485.864,23.649,8.790,115,22,36,,
T,2023-03-14 09:54:35,6.34223345,-75.56730288,3.22,1485.569,23.649,8.180,111,22,36,,
T,2023-03-14 09:54:36,6.34220380,-75.56725706,4.29,1486.278,23.649,5.990,123,22,36,,
T,2023-03-14 09:54:37,6.34216773,-75.56719563,4.29,1485.133,23.648,7.310,118,22,36,,
T,2023-03-14 09:54:38,6.34213548,-75.56712783,4.29,1485.487,23.648,8.980,118,23,36,,
T,2023-03-14 09:54:39,6.34210382,-75.56706007,4.29,1485.710,23.648,9.020,114,22,36,,
T,2023-03-14 09:54:40,6.34205555,-75.56698958,3.22,1484.806,23.647,9.590,118,21,36,,
T,2023-03-14 09:54:41,6.34202464,-75.56691581,3.22,1484.428,23.647,9.170,110,21,36,,
T,2023-03-14 09:54:42,6.34199634,-75.56683064,3.22,1484.608,23.647,9.720,110,21,36,,
T,2023-03-14 09:54:43,6.34195780,-75.56675436,3.22,1484.018,23.646,9.760,113,22,36,,
T,2023-03-14 09:54:44,6.34192664,-75.56667542,3.22,1483.824,23.646,9.840,114,22,36,,
T,2023-03-14 09:54:45,6.34189797,-75.56659129,3.22,1482.957,23.646,9.840,111,22,36,,
T,2023-03-14 09:54:46,6.34185874,-75.56650568,3.22,1483.020,23.645,10.390,116,23,36,,
T,2023-03-14 09:54:47,6.34183099,-75.56641404,3.22,1482.721,23.645,10.910,106,23,36,,
T,2023-03-14 09:54:48,6.34178865,-75.56632996,3.22,1482.681,23.645,10.150,111,24,36,,
T,2023-03-14 09:54:49,6.34175558,-75.56624882,4.29,1482.570,23.644,9.820,109,24,36,,
T,2023-03-14 09:54:50,6.34172492,-75.56616059,4.29,1481.813,23.644,10.320,110,24,36,,
T,2023-03-14 09:54:51,6.34169296,-75.56606339,3.22,1481.092,23.644,11.310,109,24,36,,
T,2023-03-14 09:54:52,6.34165616,-75.56597426,3.22,1480.274,23.643,10.900,110,24,36,,
T,2023-03-14 09:54:53,6.34162116,-75.56588422,3.22,1480.212,23.643,10.600,112,24,36,,
T,2023-03-14 09:54:54,6.34158597,-75.56578720,3.22,1478.945,23.642,11.300,110,24,36,,
T,2023-03-14 09:54:55,6.34155803,-75.56569569,3.22,1478.705,23.642,11.070,110,23,36,,
T,2023-03-14 09:54:56,6.34151627,-75.56560534,3.22,1477.822,23.642,10.900,111,24,36,,
T,2023-03-14 09:54:57,6.34148044,-75.56551725,3.22,1477.524,23.641,10.490,113,24,36,,
T,2023-03-14 09:54:58,6.34145610,-75.56541794,3.22,1475.954,23.641,10.730,107,24,36,,
T,2023-03-14 09:54:59,6.34141843,-75.56533493,3.22,1476.104,23.640,10.090,109,25,36,,
T,2023-03-14 09:55:00,6.34138123,-75.56526242,4.29,1476.860,23.640,8.760,112,24,36,,
T,2023-03-14 09:55:01,6.34134918,-75.56518265,4.29,1477.972,23.640,9.310,112,24,36,,
T,2023-03-14 09:55:02,6.34131257,-75.56512528,3.22,1478.501,23.640,8.420,114,22,36,,
T,2023-03-14 09:55:03,6.34128228,-75.56505610,3.22,1479.195,23.639,7.230,120,21,36,,
T,2023-03-14 09:55:04,6.34125067,-75.56500318,3.22,1477.957,23.639,6.910,116,23,36,,
T,2023-03-14 09:55:05,6.34123325,-75.56494476,3.22,1477.319,23.639,6.480,109,22,36,,
T,2023-03-14 09:55:06,6.34121318,-75.56493917,3.22,1476.832,23.639,2.360,124,20,36,,
T,2023-03-14 09:55:07,6.34120294,-75.56492663,3.22,1476.725,23.639,1.430,123,21,36,,
T,2023-03-14 09:55:08,6.34120271,-75.56492246,3.22,1477.461,23.639,0.000,,20,36,,
T,2023-03-14 09:55:09,6.34120252,-75.56492560,3.22,1477.709,23.639,0.000,,21,36,,
T,2023-03-14 09:55:10,6.34118951,-75.56490935,3.22,1477.409,23.639,3.040,128,21,36,,
T,2023-03-14 09:55:11,6.34117385,-75.56486971,3.22,1477.304,23.638,5.320,116,18,36,,
T,2023-03-14 09:55:12,6.34116711,-75.56482071,3.22,1478.311,23.638,6.350,102,21,36,,
T,2023-03-14 09:55:13,6.34114400,-75.56477071,3.22,1478.012,23.638,7.100,115,22,36,,
T,2023-03-14 09:55:14,6.34111560,-75.56470803,3.22,1477.857,23.638,8.090,123,22,36,,
T,2023-03-14 09:55:15,6.34108286,-75.56464466,3.22,1478.510,23.638,8.620,121,22,36,,
T,2023-03-14 09:55:16,6.34104172,-75.56457922,3.22,1478.047,23.637,9.210,122,22,36,,
T,2023-03-14 09:55:17,6.34100235,-75.56452037,3.22,1477.838,23.637,7.900,123,22,36,,
T,2023-03-14 09:55:18,6.34096756,-75.56447631,3.22,1477.566,23.637,5.340,126,22,36,,
T,2023-03-14 09:55:19,6.34094619,-75.56443417,3.22,1477.948,23.637,4.820,117,20,36,,
T,2023-03-14 09:55:20,6.34092231,-75.56439508,3.22,1478.281,23.637,4.030,121,21,36,,
T,2023-03-14 09:55:21,6.34090830,-75.56437295,3.22,1478.122,23.637,2.010,139,20,36,,
T,2023-03-14 09:55:22,6.34090027,-75.56436341,3.22,1477.966,23.637,1.140,129,20,36,,
T,2023-03-14 09:55:23,6.34089688,-75.56436790,4.29,1477.609,23.637,0.500,129,20,36,,
T,2023-03-14 09:55:24,6.34089781,-75.56437252,4.29,1477.235,23.637,0.000,,20,36,,
T,2023-03-14 09:55:25,6.34089802,-75.56437519,5.36,1477.157,23.637,0.000,,20,36,,
T,2023-03-14 09:55:26,6.34089726,-75.56437878,6.43,1476.964,23.637,0.000,,19,36,,
T,2023-03-14 09:55:27,6.34089814,-75.56438250,6.43,1477.139,23.637,0.000,,19,36,,
T,2023-03-14 09:55:28,6.34089468,-75.56439682,5.36,1476.200,23.637,0.160,130,17,36,,
T,2023-03-14 09:55:29,6.34089740,-75.56440001,5.36,1479.683,23.637,0.000,,18,36,,
T,2023-03-14 09:55:30,6.34089226,-75.56440629,5.36,1478.963,23.637,0.000,,20,36,,
T,2023-03-14 09:55:31,6.34088921,-75.56440462,5.36,1478.436,23.637,0.000,,20,36,,
T,2023-03-14 09:55:32,6.34088755,-75.56440146,5.36,1477.833,23.637,0.000,,20,36,,
T,2023-03-14 09:55:33,6.34088844,-75.56440007,5.36,1477.507,23.637,0.000,,20,36,,
T,2023-03-14 09:55:34,6.34088814,-75.56440041,4.29,1477.419,23.637,0.000,,20,36,,
T,2023-03-14 09:55:35,6.34088745,-75.56439833,4.29,1477.028,23.637,0.000,,20,36,,
T,2023-03-14 09:55:36,6.34088909,-75.56439499,4.29,1477.129,23.637,0.000,,16,36,,
T,2023-03-14 09:55:37,6.34088801,-75.56439478,4.29,1477.501,23.637,0.000,,15,36,,
T,2023-03-14 09:55:38,6.34088489,-75.56439578,4.29,1477.564,23.637,0.000,,16,36,,
T,2023-03-14 09:55:39,6.34087624,-75.56438748,4.29,1477.279,23.637,1.900,118,16,36,,
T,2023-03-14 09:55:40,6.34085345,-75.56435856,3.22,1477.246,23.637,4.920,130,16,36,,
T,2023-03-14 09:55:41,6.34081993,-75.56432654,3.22,1476.888,23.636,5.880,129,19,36,,
T,2023-03-14 09:55:42,6.34078817,-75.56428459,3.22,1477.347,23.636,6.990,129,19,36,,
T,2023-03-14 09:55:43,6.34075421,-75.56422098,3.22,1478.535,23.636,8.050,128,19,36,,
T,2023-03-14 09:55:44,6.34070751,-75.56416432,3.22,1479.234,23.636,8.510,131,20,36,,
T,2023-03-14 09:55:45,6.34064760,-75.56410157,3.22,1479.598,23.636,9.800,133,20,36,,
T,2023-03-14 09:55:46,6.34058512,-75.56402622,3.22,1477.822,23.635,10.350,134,20,36,,
T,2023-03-14 09:55:47,6.34052207,-75.56396090,3.22,1477.720,23.635,10.980,134,21,36,,
T,2023-03-14 09:55:48,6.34044077,-75.56388022,4.29,1476.945,23.635,12.460,136,21,36,,
T,2023-03-14 09:55:49,6.34036568,-75.56379419,3.22,1479.120,23.635,13.510,134,21,36,,
T,2023-03-14 09:55:50,6.34028125,-75.56371039,3.22,1477.366,23.635,13.940,134,20,36,,
T,2023-03-14 09:55:51,6.34020919,-75.56362173,3.22,1477.771,23.634,12.350,128,21,36,,
T,2023-03-14 09:55:52,6.34014148,-75.56353668,3.22,1477.606,23.634,11.750,127,22,36,,
T,2023-03-14 09:55:53,6.34007504,-75.56345034,3.22,1477.097,23.634,11.390,128,22,36,,
T,2023-03-14 09:55:54,6.34001544,-75.56336754,3.22,1477.743,23.633,11.150,128,21,36,,
T,2023-03-14 09:55:55,6.33995658,-75.56329369,4.29,1477.249,23.633,10.520,128,22,36,,
T,2023-03-14 09:55:56,6.33991413,-75.56321681,4.29,1477.858,23.633,9.540,124,23,36,,
T,2023-03-14 09:55:57,6.33986913,-75.56314189,4.29,1477.723,23.633,9.030,123,23,36,,
T,2023-03-14 09:55:58,6.33981934,-75.56308717,3.22,1477.663,23.632,7.810,135,22,36,,
T,2023-03-14 09:55:59,6.33977168,-75.56303572,3.22,1477.356,23.632,7.400,136,23,36,,
T,2023-03-14 09:56:00,6.33971474,-75.56300843,3.22,1477.193,23.632,6.980,151,23,36,,
T,2023-03-14 09:56:01,6.33963632,-75.56300481,4.29,1478.686,23.632,9.670,173,23,36,,
T,2023-03-14 09:56:02,6.33955496,-75.56301171,4.29,1479.678,23.633,9.600,183,23,36,,
T,2023-03-14 09:56:03,6.33948553,-75.56305198,3.22,1480.917,23.633,8.760,196,23,36,,
T,2023-03-14 09:56:04,6.33941166,-75.56307535,3.22,1482.049,23.633,8.310,204,23,36,,
T,2023-03-14 09:56:05,6.33934735,-75.56309165,3.22,1482.200,23.633,6.950,199,23,36,,
T,2023-03-14 09:56:06,6.33929380,-75.56310856,3.22,1483.103,23.634,5.020,200,23,36,,
T,2023-03-14 09:56:07,6.33924316,-75.56313570,3.22,1483.382,23.634,6.350,202,23,36,,
T,2023-03-14 09:56:08,6.33917891,-75.56314855,3.22,1483.701,23.634,7.070,193,20,36,,
T,2023-03-14 09:56:09,6.33912792,-75.56317487,3.22,1484.241,23.634,6.770,210,20,36,,
T,2023-03-14 09:56:10,6.33907115,-75.56318625,3.22,1484.349,23.635,6.170,195,20,36,,
T,2023-03-14 09:56:11,6.33901232,-75.56319661,3.22,1484.121,23.635,6.390,192,20,36,,
T,2023-03-14 09:56:12,6.33894930,-75.56321362,3.22,1484.279,23.635,7.490,195,20,36,,
T,2023-03-14 09:56:13,6.33887103,-75.56322433,3.22,1484.437,23.635,9.400,191,20,36,,
T,2023-03-14 09:56:14,6.33879685,-75.56324632,3.22,1484.699,23.636,9.040,196,22,36,,
T,2023-03-14 09:56:15,6.33871516,-75.56326582,3.22,1484.891,23.636,9.600,195,22,36,,
T,2023-03-14 09:56:16,6.33863260,-75.56329493,3.22,1485.145,23.636,9.850,194,22,36,,
T,2023-03-14 09:56:17,6.33854668,-75.56331570,3.22,1485.697,23.636,9.850,194,22,36,,
T,2023-03-14 09:56:18,6.33846865,-75.56334564,3.22,1486.979,23.637,9.010,203,21,36,,
T,2023-03-14 09:56:19,6.33839254,-75.56336414,3.22,1487.630,23.637,8.490,192,22,36,,
T,2023-03-14 09:56:20,6.33833563,-75.56338742,3.22,1488.947,23.637,6.270,199,22,36,,
T,2023-03-14 09:56:21,6.33828204,-75.56339126,3.22,1489.782,23.637,5.160,183,22,35,,
T,2023-03-14 09:56:22,6.33824179,-75.56337912,3.22,1489.894,23.637,3.720,151,22,36,,
T,2023-03-14 09:56:23,6.33818951,-75.56335965,3.22,1490.390,23.638,6.370,156,21,36,,
T,2023-03-14 09:56:24,6.33814742,-75.56327540,3.22,1490.182,23.637,9.990,129,21,36,,
T,2023-03-14 09:56:25,6.33811218,-75.56318826,3.22,1489.857,23.637,11.090,118,21,36,,
T,2023-03-14 09:56:26,6.33805765,-75.56310825,3.22,1489.569,23.637,11.920,120,21,36,,
T,2023-03-14 09:56:27,6.33801281,-75.56300946,3.22,1488.971,23.636,12.610,119,22,36,,
T,2023-03-14 09:56:28,6.33795954,-75.56292028,3.22,1488.710,23.636,11.140,123,22,36,,
T,2023-03-14 09:56:29,6.33791202,-75.56284491,3.22,1488.664,23.635,9.120,122,22,36,,
T,2023-03-14 09:56:30,6.33787887,-75.56278285,3.22,1487.867,23.635,6.920,121,22,36,,
T,2023-03-14 09:56:31,6.33784910,-75.56273883,3.22,1488.105,23.635,5.150,120,22,36,,
T,2023-03-14 09:56:32,6.33783368,-75.56271974,3.22,1487.853,23.635,2.150,119,21,36,,
T,2023-03-14 09:56:33,6.33781996,-75.56270792,3.22,1487.436,23.635,1.090,121,20,36,,
T,2023-03-14 09:56:34,6.33779895,-75.56266755,3.22,1486.994,23.635,5.060,119,18,36,,
T,2023-03-14 09:56:35,6.33777732,-75.56261850,3.22,1487.595,23.635,6.500,114,17,36,,
T,2023-03-14 09:56:36,6.33775473,-75.56255997,3.22,1487.323,23.634,7.650,114,19,36,,
T,2023-03-14 09:56:37,6.33771911,-75.56248931,3.22,1486.753,23.634,9.080,117,21,36,,
T,2023-03-14 09:56:38,6.33767428,-75.56241559,3.22,1486.659,23.634,10.130,121,21,36,,
T,2023-03-14 09:56:39,6.33763085,-75.56232477,3.22,1486.919,23.633,11.370,121,21,36,,
T,2023-03-14 09:56:40,6.33758290,-75.56223270,3.22,1486.491,23.633,12.320,120,21,36,,
T,2023-03-14 09:56:41,6.33753262,-75.56213942,3.22,1486.255,23.633,11.950,119,21,36,,
T,2023-03-14 09:56:42,6.33747756,-75.56206049,4.29,1486.400,23.632,10.550,120,21,36,,
T,2023-03-14 09:56:43,6.33744034,-75.56197746,3.22,1485.496,23.632,8.990,122,21,36,,
T,2023-03-14 09:56:44,6.33740123,-75.56192064,4.29,1485.688,23.632,7.040,122,20,36,,
T,2023-03-14 09:56:45,6.33736500,-75.56187216,3.22,1485.158,23.632,5.850,121,20,36,,
T,2023-03-14 09:56:46,6.33733824,-75.56183804,3.22,1486.097,23.632,3.890,121,21,36,,
T,2023-03-14 09:56:47,6.33732500,-75.56181637,3.22,1485.604,23.631,1.610,122,21,36,,
T,2023-03-14 09:56:48,6.33730595,-75.56179943,3.22,1485.517,23.631,2.600,114,22,36,,
T,2023-03-14 09:56:49,6.33728353,-75.56175861,3.22,1485.680,23.631,5.500,119,22,36,,
T,2023-03-14 09:56:50,6.33726005,-75.56171428,3.22,1485.558,23.631,6.230,117,22,36,,
T,2023-03-14 09:56:51,6.33722031,-75.56165416,3.22,1483.880,23.631,8.530,122,22,36,,
T,2023-03-14 09:56:52,6.33718732,-75.56158924,3.22,1482.900,23.631,8.780,118,23,36,,
T,2023-03-14 09:56:53,6.33714878,-75.56151621,3.22,1481.691,23.630,9.970,117,23,36,,
T,2023-03-14 09:56:54,6.33711016,-75.56144032,3.22,1481.024,23.630,9.830,119,22,36,,
T,2023-03-14 09:56:55,6.33707424,-75.56135642,3.22,1480.349,23.630,10.310,116,22,36,,
T,2023-03-14 09:56:56,6.33702679,-75.56126958,3.22,1479.079,23.629,11.090,118,22,36,,
T,2023-03-14 09:56:57,6.33698376,-75.56118187,3.22,1477.964,23.629,11.220,117,22,36,,
T,2023-03-14 09:56:58,6.33693525,-75.56109428,3.22,1476.252,23.629,11.080,119,20,36,,
T,2023-03-14 09:56:59,6.33689080,-75.56100177,3.22,1475.940,23.628,10.880,119,20,36,,
T,2023-03-14 09:57:00,6.33684267,-75.56091813,3.22,1474.818,23.628,10.300,120,21,36,,
T,2023-03-14 09:57:01,6.33679767,-75.56083549,3.22,1472.933,23.628,9.670,123,21,36,,
T,2023-03-14 09:57:02,6.33675322,-75.56076516,3.22,1471.860,23.627,9.150,119,21,36,,
T,2023-03-14 09:57:03,6.33671344,-75.56070022,3.22,1470.749,23.627,8.070,119,21,36,,
T,2023-03-14 09:57:04,6.33668586,-75.56063956,4.29,1469.633,23.627,6.770,116,21,36,,
T,2023-03-14 09:57:05,6.33666189,-75.56059149,4.29,1469.769,23.627,5.210,118,22,36,,
T,2023-03-14 09:57:06,6.33663686,-75.56054707,4.29,1469.800,23.626,4.840,116,22,36,,
T,2023-03-14 09:57:07,6.33664714,-75.56051838,4.29,1470.084,23.626,2.500,82,25,36,,
T,2023-03-14 09:57:08,6.33664466,-75.56050195,4.29,1469.854,23.626,1.690,86,25,36,,
T,2023-03-14 09:57:09,6.33664071,-75.56047584,5.36,1469.109,23.626,2.640,99,25,36,,
T,2023-03-14 09:57:10,6.33663679,-75.56045303,4.29,1469.816,23.626,2.330,130,24,36,,
T,2023-03-14 09:57:11,6.33661764,-75.56041799,4.29,1470.194,23.626,4.510,130,24,36,,
T,2023-03-14 09:57:12,6.33657371,-75.56039847,4.29,1470.567,23.626,6.090,168,23,36,,
T,2023-03-14 09:57:13,6.33651330,-75.56038677,4.29,1469.767,23.626,7.810,174,24,36,,
T,2023-03-14 09:57:14,6.33643715,-75.56037767,4.29,1468.914,23.626,9.050,173,23,36,,
T,2023-03-14 09:57:15,6.33634424,-75.56036770,4.29,1468.323,23.626,10.650,172,23,36,,
T,2023-03-14 09:57:16,6.33623527,-75.56035545,3.22,1466.578,23.626,12.710,170,24,36,,
T,2023-03-14 09:57:17,6.33612603,-75.56034409,3.22,1465.341,23.627,13.020,176,24,36,,
T,2023-03-14 09:57:18,6.33600742,-75.56032509,3.22,1463.772,23.627,13.780,171,24,36,,
T,2023-03-14 09:57:19,6.33588372,-75.56031096,3.22,1461.279,23.627,13.150,174,21,36,,
T,2023-03-14 09:57:20,6.33576615,-75.56029269,4.29,1459.795,23.627,12.170,173,21,36,,
T,2023-03-14 09:57:21,6.33567240,-75.56028014,3.22,1459.629,23.627,10.900,169,22,36,,
T,2023-03-14 09:57:22,6.33558337,-75.56027361,3.22,1458.751,23.627,9.570,171,22,36,,
T,2023-03-14 09:57:23,6.33549788,-75.56026250,3.22,1457.990,23.628,8.850,169,22,36,,
T,2023-03-14 09:57:24,6.33542543,-75.56025223,3.22,1457.873,23.628,7.240,171,21,36,,
T,2023-03-14 09:57:25,6.33535654,-75.56024039,3.22,1457.374,23.628,6.940,167,22,36,,
T,2023-03-14 09:57:26,6.33531022,-75.56023465,3.22,1456.234,23.628,4.910,162,22,36,,
T,2023-03-14 09:57:27,6.33526883,-75.56022640,3.22,1456.477,23.628,4.190,174,23,36,,
T,2023-03-14 09:57:28,6.33523085,-75.56021728,3.22,1465.447,23.628,4.080,168,23,36,,
T,2023-03-14 09:57:29,6.33520482,-75.56021929,3.22,1462.010,23.628,2.660,181,23,36,,
T,2023-03-14 09:57:30,6.33519269,-75.56020643,3.22,1459.285,23.628,1.190,160,23,36,,
T,2023-03-14 09:57:31,6.33518957,-75.56020875,3.22,1457.983,23.628,0.000,,23,36,,
T,2023-03-14 09:57:32,6.33518868,-75.56020482,3.22,1457.259,23.628,0.000,,23,36,,
T,2023-03-14 09:57:33,6.33518799,-75.56020280,3.22,1457.002,23.628,0.000,,21,36,,
T,2023-03-14 09:57:34,6.33518643,-75.56020336,3.22,1457.186,23.628,0.000,,20,36,,
T,2023-03-14 09:57:35,6.33518506,-75.56020252,3.22,1457.230,23.628,0.000,,18,36,,
T,2023-03-14 09:57:36,6.33518327,-75.56020039,3.22,1457.190,23.628,0.000,,18,36,,
T,2023-03-14 09:57:37,6.33518293,-75.56019942,3.22,1457.165,23.628,0.000,,16,36,,
T,2023-03-14 09:57:38,6.33518230,-75.56019780,3.22,1457.229,23.628,0.000,,16,36,,
T,2023-03-14 09:57:39,6.33518411,-75.56019988,3.22,1457.134,23.628,0.000,,16,36,,
T,2023-03-14 09:57:40,6.33518595,-75.56020164,3.22,1457.018,23.628,0.000,,19,36,,
T,2023-03-14 09:57:41,6.33518810,-75.56020301,3.22,1456.779,23.628,0.000,,19,36,,
T,2023-03-14 09:57:42,6.33519008,-75.56020005,3.22,1456.883,23.628,0.000,,19,36,,
T,2023-03-14 09:57:43,6.33519126,-75.56019888,3.22,1457.010,23.628,0.000,,19,36,,
T,2023-03-14 09:57:44,6.33518684,-75.56019486,3.22,1456.877,23.628,0.160,161,19,36,,
T,2023-03-14 09:57:45,6.33517024,-75.56020150,3.22,1457.095,23.628,2.630,180,21,36,,
T,2023-03-14 09:57:46,6.33511897,-75.56018837,3.22,1457.290,23.628,6.540,170,21,36,,
T,2023-03-14 09:57:47,6.33507224,-75.56018061,3.22,1457.205,23.628,6.080,177,21,36,,
T,2023-03-14 09:57:48,6.33500771,-75.56017256,3.22,1457.230,23.628,8.150,171,22,36,,
T,2023-03-14 09:57:49,6.33492888,-75.56016305,3.22,1456.871,23.628,9.310,171,23,36,,
T,2023-03-14 09:57:50,6.33483954,-75.56015731,3.22,1456.175,23.629,10.480,172,23,36,,
T,2023-03-14 09:57:51,6.33474198,-75.56014625,3.22,1456.274,23.629,11.340,173,23,36,,
T,2023-03-14 09:57:52,6.33463725,-75.56012693,3.22,1455.150,23.629,12.110,173,23,36,,
T,2023-03-14 09:57:53,6.33452709,-75.56010948,3.22,1455.618,23.629,12.240,175,23,36,,
T,2023-03-14 09:57:54,6.33441894,-75.56010521,3.22,1455.514,23.629,12.290,172,21,36,,
T,2023-03-14 09:57:55,6.33431690,-75.56009336,3.22,1455.515,23.629,11.280,172,22,36,,
T,2023-03-14 09:57:56,6.33422968,-75.56008701,4.29,1455.845,23.630,9.380,173,22,36,,
T,2023-03-14 09:57:57,6.33414631,-75.56006708,3.22,1455.022,23.630,8.730,168,22,36,,
T,2023-03-14 09:57:58,6.33409371,-75.56006290,3.22,1455.623,23.630,4.610,171,22,36,,
T,2023-03-14 09:57:59,6.33405771,-75.56005494,3.22,1455.088,23.630,2.760,162,22,36,,
T,2023-03-14 09:58:00,6.33402574,-75.56005216,3.22,1455.505,23.630,2.820,168,22,36,,
T,2023-03-14 09:58:01,6.33398963,-75.56004166,3.22,1455.880,23.630,4.440,155,22,36,,
T,2023-03-14 09:58:02,6.33394176,-75.56003418,3.22,1456.323,23.630,5.650,168,21,36,,
T,2023-03-14 09:58:03,6.33387981,-75.56000469,3.22,1455.626,23.630,8.140,157,21,36,,
T,2023-03-14 09:58:04,6.33381171,-75.55998085,3.22,1454.672,23.630,8.160,157,21,36,,
T,2023-03-14 09:58:05,6.33373540,-75.55995167,3.22,1454.511,23.630,9.560,163,22,35,,
T,2023-03-14 09:58:06,6.33364977,-75.55993017,3.22,1454.432,23.630,10.140,169,23,36,,
T,2023-03-14 09:58:07,6.33357644,-75.55990353,3.22,1454.044,23.630,8.500,161,23,36,,
T,2023-03-14 09:58:08,6.33350831,-75.55988457,3.22,1453.567,23.630,7.120,164,23,36,,
T,2023-03-14 09:58:09,6.33344520,-75.55986810,3.22,1452.969,23.630,6.890,166,23,36,,
T,2023-03-14 09:58:10,6.33339309,-75.55986075,3.22,1452.287,23.630,5.980,179,23,36,,
T,2023-03-14 09:58:11,6.33333764,-75.55985011,3.22,1451.529,23.630,5.620,177,22,36,,
T,2023-03-14 09:58:12,6.33328896,-75.55985148,3.22,1451.691,23.631,4.760,179,21,36,,
T,2023-03-14 09:58:13,6.33323967,-75.55985216,3.22,1451.261,23.631,4.970,178,22,36,,
T,2023-03-14 09:58:14,6.33319366,-75.55983948,3.22,1451.962,23.631,4.960,166,22,36,,
T,2023-03-14 09:58:15,6.33315690,-75.55983476,3.22,1451.759,23.631,3.750,172,22,36,,
T,2023-03-14 09:58:16,6.33310258,-75.55983788,3.22,1450.725,23.631,5.790,181,22,36,,
T,2023-03-14 09:58:17,6.33304094,-75.55985157,3.22,1451.016,23.631,6.740,177,21,36,,
T,2023-03-14 09:58:18,6.33297185,-75.55984150,3.22,1450.904,23.631,7.400,168,21,36,,
T,2023-03-14 09:58:19,6.33290771,-75.55983155,3.22,1450.670,23.631,7.320,170,21,36,,
T,2023-03-14 09:58:20,6.33284240,-75.55982440,3.22,1450.367,23.631,7.640,179,21,36,,
T,2023-03-14 09:58:21,6.33277064,-75.55982528,3.22,1450.426,23.632,8.120,179,21,36,,
T,2023-03-14 09:58:22,6.33269610,-75.55980728,3.22,1449.579,23.632,8.530,177,21,36,,
T,2023-03-14 09:58:23,6.33262375,-75.55980184,3.22,1448.907,23.632,7.910,177,21,36,,
T,2023-03-14 09:58:24,6.33256362,-75.55977851,3.22,1448.110,23.632,6.900,168,21,36,,
T,2023-03-14 09:58:25,6.33252693,-75.55977690,3.22,1447.648,23.632,4.250,178,22,36,,
T,2023-03-14 09:58:26,6.33249245,-75.55978765,3.22,1447.976,23.632,2.860,176,22,36,,
T,2023-03-14 09:58:27,6.33245824,-75.55978206,3.22,1447.970,23.632,3.570,175,21,36,,
T,2023-03-14 09:58:28,6.33241455,-75.55977603,3.22,1447.310,23.632,5.820,172,21,36,,
T,2023-03-14 09:58:29,6.33235821,-75.55976968,3.22,1446.960,23.632,6.870,175,22,36,,
T,2023-03-14 09:58:30,6.33225914,-75.55976450,3.22,1446.307,23.632,10.330,185,22,36,,
T,2023-03-14 09:58:31,6.33216130,-75.55976436,3.22,1445.624,23.633,11.010,182,20,36,,
T,2023-03-14 09:58:32,6.33205812,-75.55975751,3.22,1445.206,23.633,11.770,180,21,36,,
T,2023-03-14 09:58:33,6.33194511,-75.55975663,3.22,1444.426,23.633,12.520,178,23,36,,
T,2023-03-14 09:58:34,6.33182568,-75.55974349,3.22,1445.611,23.633,13.230,175,23,36,,
T,2023-03-14 09:58:35,6.33170562,-75.55973905,3.22,1445.155,23.634,14.020,178,23,36,,
T,2023-03-14 09:58:36,6.33157654,-75.55973988,3.22,1445.399,23.634,14.970,183,23,36,,
T,2023-03-14 09:58:37,6.33144324,-75.55974501,3.22,1445.554,23.634,15.010,185,23,36,,
T,2023-03-14 09:58:38,6.33130623,-75.55974689,3.22,1446.416,23.635,15.440,184,22,35,,
T,2023-03-14 09:58:39,6.33116356,-75.55975370,3.22,1446.028,23.635,16.270,182,22,36,,
T,2023-03-14 09:58:40,6.33101827,-75.55976134,3.22,1444.433,23.635,16.560,184,22,36,,
T,2023-03-14 09:58:41,6.33087025,-75.55976923,3.22,1444.054,23.636,16.210,183,23,36,,
T,2023-03-14 09:58:42,6.33073240,-75.55975756,3.22,1443.883,23.636,15.270,175,23,36,,
T,2023-03-14 09:58:43,6.33060968,-75.55974649,3.22,1443.656,23.636,12.920,174,23,36,,
T,2023-03-14 09:58:44,6.33050366,-75.55972375,3.22,1443.821,23.636,11.330,169,23,36,,
T,2023-03-14 09:58:45,6.33040626,-75.55969600,4.29,1443.809,23.636,10.440,164,23,36,,
T,2023-03-14 09:58:46,6.33032779,-75.55967597,4.29,1443.925,23.636,8.850,163,23,36,,
T,2023-03-14 09:58:47,6.33027525,-75.55966025,3.22,1444.345,23.636,6.500,158,21,36,,
T,2023-03-14 09:58:48,6.33022545,-75.55964098,4.29,1444.447,23.636,5.070,154,21,36,,
T,2023-03-14 09:58:49,6.33018551,-75.55963977,3.22,1445.664,23.637,3.910,170,21,36,,
T,2023-03-14 09:58:50,6.33013565,-75.55961783,3.22,1445.824,23.637,6.000,158,21,36,,
T,2023-03-14 09:58:51,6.33007196,-75.55960832,3.22,1446.004,23.637,7.800,169,21,36,,
T,2023-03-14 09:58:52,6.33000462,-75.55958946,3.22,1445.535,23.637,8.150,171,21,36,,
T,2023-03-14 09:58:53,6.32993941,-75.55957399,3.22,1445.520,23.637,8.050,164,21,36,,
T,2023-03-14 09:58:54,6.32986695,-75.55954740,3.22,1445.225,23.637,8.660,158,21,36,,
T,2023-03-14 09:58:55,6.32979026,-75.55949510,3.22,1444.387,23.637,9.930,149,21,36,,
T,2023-03-14 09:58:56,6.32971469,-75.55944608,3.22,1444.597,23.637,10.540,144,21,36,,
T,2023-03-14 09:58:57,6.32963960,-75.55936271,3.22,1443.295,23.636,12.100,137,21,36,,
T,2023-03-14 09:58:58,6.32955024,-75.55929186,3.22,1443.372,23.636,12.810,141,21,36,,
T,2023-03-14 09:58:59,6.32945590,-75.55921661,3.22,1442.369,23.636,13.470,143,23,36,,
T,2023-03-14 09:59:00,6.32935824,-75.55913082,3.22,1441.801,23.636,14.210,142,23,36,,
T,2023-03-14 09:59:01,6.32926580,-75.55904240,3.22,1442.191,23.636,14.620,138,23,36,,
T,2023-03-14 09:59:02,6.32917584,-75.55895453,3.22,1441.545,23.635,14.000,137,23,36,,
T,2023-03-14 09:59:03,6.32909442,-75.55885824,3.22,1441.376,23.635,14.260,129,23,36,,
T,2023-03-14 09:59:04,6.32901698,-75.55875158,3.22,1441.603,23.635,13.950,123,23,36,,
T,2023-03-14 09:59:05,6.32895725,-75.55866119,3.22,1442.054,23.634,11.580,119,23,36,,
T,2023-03-14 09:59:06,6.32891505,-75.55857391,3.22,1441.851,23.634,10.370,112,23,36,,
T,2023-03-14 09:59:07,6.32888316,-75.55848890,4.29,1441.659,23.634,9.000,106,23,36,,
T,2023-03-14 09:59:08,6.32885465,-75.55841996,4.29,1441.643,23.633,7.590,109,23,36,,
T,2023-03-14 09:59:09,6.32883148,-75.55835727,3.22,1441.092,23.633,6.980,108,24,36,,
T,2023-03-14 09:59:10,6.32881635,-75.55829931,3.22,1440.447,23.633,6.190,106,23,36,,
T,2023-03-14 09:59:11,6.32880172,-75.55824251,3.22,1440.536,23.632,5.480,100,23,36,,
T,2023-03-14 09:59:12,6.32878437,-75.55819428,3.22,1440.463,23.632,5.420,110,23,36,,
T,2023-03-14 09:59:13,6.32876111,-75.55814266,3.22,1439.685,23.632,5.940,116,23,36,,
T,2023-03-14 09:59:14,6.32872882,-75.55810749,3.22,1439.641,23.632,5.480,136,22,36,,
T,2023-03-14 09:59:15,6.32868417,-75.55805980,3.22,1440.864,23.632,7.280,139,23,36,,
T,2023-03-14 09:59:16,6.32862094,-75.55802901,3.22,1440.300,23.632,8.660,157,23,36,,
T,2023-03-14 09:59:17,6.32853624,-75.55801759,3.22,1439.909,23.632,10.040,171,23,36,,
T,2023-03-14 09:59:18,6.32843901,-75.55799380,3.22,1439.432,23.632,11.350,169,23,36,,
T,2023-03-14 09:59:19,6.32834482,-75.55797792,3.22,1439.279,23.632,11.580,172,23,36,,
T,2023-03-14 09:59:20,6.32823604,-75.55796603,3.22,1438.958,23.632,12.240,174,23,36,,
T,2023-03-14 09:59:21,6.32812767,-75.55795651,3.22,1438.533,23.633,12.300,175,23,36,,
T,2023-03-14 09:59:22,6.32802188,-75.55794825,3.22,1438.301,23.633,11.720,174,23,36,,
T,2023-03-14 09:59:23,6.32791604,-75.55794064,3.22,1438.089,23.633,11.640,178,23,36,,
T,2023-03-14 09:59:24,6.32781211,-75.55792839,3.22,1437.546,23.633,11.890,177,24,36,,
T,2023-03-14 09:59:25,6.32770644,-75.55791997,3.22,1437.312,23.633,11.970,176,24,36,,
T,2023-03-14 09:59:26,6.32759945,-75.55791512,3.22,1437.178,23.634,11.250,175,24,36,,
T,2023-03-14 09:59:27,6.32750136,-75.55791053,3.22,1437.012,23.634,10.500,176,23,36,,
T,2023-03-14 09:59:28,6.32740635,-75.55790282,3.22,1436.837,23.634,10.400,174,23,36,,
T,2023-03-14 09:59:29,6.32731515,-75.55789763,3.22,1437.271,23.634,10.000,177,23,36,,
T,2023-03-14 09:59:30,6.32722906,-75.55789006,3.22,1437.263,23.634,9.270,173,22,36,,
T,2023-03-14 09:59:31,6.32715139,-75.55788987,3.22,1437.271,23.634,8.270,178,22,36,,
T,2023-03-14 09:59:32,6.32707232,-75.55788566,3.22,1437.259,23.635,8.790,175,22,36,,
T,2023-03-14 09:59:33,6.32699194,-75.55788630,3.22,1437.689,23.635,8.640,178,21,36,,
T,2023-03-14 09:59:34,6.32691191,-75.55788414,3.22,1437.913,23.635,8.660,177,21,36,,
T,2023-03-14 09:59:35,6.32682934,-75.55788479,3.22,1438.100,23.635,9.150,181,21,36,,
T,2023-03-14 09:59:36,6.32674972,-75.55787847,3.22,1438.198,23.635,8.620,178,21,36,,
T,2023-03-14 09:59:37,6.32666768,-75.55787165,3.22,1438.807,23.635,9.080,175,21,36,,
T,2023-03-14 09:59:38,6.32657727,-75.55786180,3.22,1438.827,23.636,10.140,174,21,36,,
T,2023-03-14 09:59:39,6.32648475,-75.55786159,3.22,1439.342,23.636,10.190,174,21,36,,
T,2023-03-14 09:59:40,6.32639845,-75.55785556,3.22,1439.436,23.636,10.110,175,21,36,,
T,2023-03-14 09:59:41,6.32630257,-75.55784430,3.22,1439.782,23.636,10.690,174,21,36,,
T,2023-03-14 09:59:42,6.32620506,-75.55783582,3.22,1440.029,23.636,10.690,176,20,36,,
T,2023-03-14 09:59:43,6.32611142,-75.55782671,3.22,1440.475,23.636,10.420,175,20,36,,
T,2023-03-14 09:59:44,6.32601306,-75.55781483,3.22,1440.356,23.637,10.970,175,20,36,,
T,2023-03-14 09:59:45,6.32591408,-75.55780358,3.22,1440.946,23.637,10.890,175,21,36,,
T,2023-03-14 09:59:46,6.32581879,-75.55779565,3.22,1440.997,23.637,10.240,175,21,36,,
T,2023-03-14 09:59:47,6.32572179,-75.55778253,3.22,1441.219,23.637,10.600,174,19,35,,
T,2023-03-14 09:59:48,6.32562579,-75.55777165,3.22,1441.635,23.637,10.650,175,19,36,,
T,2023-03-14 09:59:49,6.32552542,-75.55775711,3.22,1441.923,23.637,11.220,174,20,36,,
T,2023-03-14 09:59:50,6.32542581,-75.55775018,3.22,1442.636,23.638,11.530,174,20,36,,
T,2023-03-14 09:59:51,6.32532276,-75.55773877,3.22,1442.789,23.638,11.460,174,20,36,,
T,2023-03-14 09:59:52,6.32522316,-75.55773099,3.22,1442.745,23.638,10.980,176,21,36,,
T,2023-03-14 09:59:53,6.32512304,-75.55771929,3.22,1441.589,23.638,10.990,174,22,35,,
T,2023-03-14 09:59:54,6.32502500,-75.55770993,3.22,1442.223,23.638,10.650,174,22,36,,
T,2023-03-14 09:59:55,6.32493042,-75.55769653,3.22,1442.639,23.638,10.580,173,22,36,,
T,2023-03-14 09:59:56,6.32483791,-75.55768809,3.22,1442.605,23.639,10.640,174,22,36,,
T,2023-03-14 09:59:57,6.32473519,-75.55766987,3.22,1442.852,23.639,11.100,172,23,36,,
T,2023-03-14 09:59:58,6.32463303,-75.55766231,3.22,1442.998,23.639,11.850,176,23,36,,
T,2023-03-14 09:59:59,6.32452079,-75.55764989,3.22,1442.800,23.639,12.740,176,23,36,,
T,2023-03-14 10:00:00,6.32440351,-75.55763656,3.22,1442.644,23.639,13.020,174,22,36,,
T,2023-03-14 10:00:01,6.32429164,-75.55763551,3.22,1442.334,23.640,12.340,176,22,36,,
T,2023-03-14 10:00:02,6.32418727,-75.55762752,3.22,1441.879,23.640,11.590,176,22,36,,
T,2023-03-14 10:00:03,6.32408644,-75.55762027,3.22,1441.986,23.640,11.370,176,22,36,,
T,2023-03-14 10:00:04,6.32397892,-75.55761337,3.22,1442.537,23.640,11.910,177,22,36,,
T,2023-03-14 10:00:05,6.32386839,-75.55760462,3.22,1442.055,23.640,12.690,174,22,36,,
T,2023-03-14 10:00:06,6.32374751,-75.55760064,3.22,1442.182,23.641,13.680,177,23,36,,
T,2023-03-14 10:00:07,6.32361956,-75.55759223,3.22,1442.313,23.641,14.610,177,23,36,,
T,2023-03-14 10:00:08,6.32348022,-75.55757889,3.22,1442.285,23.641,15.930,178,23,36,,
T,2023-03-14 10:00:09,6.32333138,-75.55756457,3.22,1442.679,23.641,16.350,176,22,36,,
T,2023-03-14 10:00:10,6.32318244,-75.55755817,3.22,1441.977,23.642,17.010,177,22,36,,
T,2023-03-14 10:00:11,6.32302796,-75.55754536,3.22,1442.720,23.642,17.830,174,22,36,,
T,2023-03-14 10:00:12,6.32286685,-75.55753517,3.22,1442.569,23.642,17.750,176,22,36,,
T,2023-03-14 10:00:13,6.32271273,-75.55751844,3.22,1442.383,23.643,17.340,175,22,36,,
T,2023-03-14 10:00:14,6.32256175,-75.55751829,3.22,1442.489,23.643,16.240,178,22,36,,
T,2023-03-14 10:00:15,6.32241904,-75.55750445,3.22,1442.208,23.643,15.480,173,22,36,,
T,2023-03-14 10:00:16,6.32227530,-75.55749489,3.22,1441.969,23.644,15.550,174,21,36,,
T,2023-03-14 10:00:17,6.32214051,-75.55747989,3.22,1441.869,23.644,15.150,174,21,36,,
T,2023-03-14 10:00:18,6.32200281,-75.55746071,3.22,1440.925,23.644,15.500,173,21,36,,
T,2023-03-14 10:00:19,6.32187196,-75.55745161,3.22,1441.117,23.644,14.230,176,21,36,,
T,2023-03-14 10:00:20,6.32173972,-75.55743495,3.22,1441.129,23.644,14.310,178,20,36,,
T,2023-03-14 10:00:21,6.32161655,-75.55742330,3.22,1440.929,23.645,13.510,174,21,36,,
T,2023-03-14 10:00:22,6.32149679,-75.55740770,3.22,1441.930,23.645,13.020,174,21,36,,
T,2023-03-14 10:00:23,6.32138232,-75.55740807,3.22,1441.136,23.645,12.430,179,22,36,,
T,2023-03-14 10:00:24,6.32125674,-75.55740350,3.22,1441.191,23.645,13.880,177,22,36,,
T,2023-03-14 10:00:25,6.32113047,-75.55738743,3.22,1441.443,23.646,14.130,175,22,36,,
T,2023-03-14 10:00:26,6.32101047,-75.55737305,3.22,1441.746,23.646,13.340,176,22,36,,
T,2023-03-14 10:00:27,6.32090463,-75.55736727,3.22,1441.897,23.646,11.580,178,22,36,,
T,2023-03-14 10:00:28,6.32080410,-75.55737080,3.22,1441.790,23.646,10.140,179,22,36,,
T,2023-03-14 10:00:29,6.32071732,-75.55736226,3.22,1441.945,23.646,9.220,172,22,36,,
T,2023-03-14 10:00:30,6.32064232,-75.55735348,3.22,1441.922,23.647,7.590,169,22,36,,
T,2023-03-14 10:00:31,6.32058091,-75.55734625,3.22,1442.024,23.647,5.980,173,22,36,,
T,2023-03-14 10:00:32,6.32053567,-75.55734380,3.22,1441.991,23.647,4.320,180,22,36,,
T,2023-03-14 10:00:33,6.32049885,-75.55733983,3.22,1441.652,23.647,3.820,177,21,36,,
T,2023-03-14 10:00:34,6.32046857,-75.55733804,3.22,1441.599,23.647,3.080,175,21,36,,
T,2023-03-14 10:00:35,6.32044426,-75.55733055,3.22,1441.585,23.647,2.210,175,21,36,,
T,2023-03-14 10:00:36,6.32042972,-75.55732827,3.22,1441.527,23.647,1.130,172,20,36,,
T,2023-03-14 10:00:37,6.32041155,-75.55732465,3.22,1441.631,23.647,1.900,172,21,36,,
T,2023-03-14 10:00:38,6.32036441,-75.55731497,3.22,1441.867,23.647,6.100,176,21,36,,
T,2023-03-14 10:00:39,6.32031202,-75.55731031,3.22,1441.954,23.647,6.540,182,21,36,,
T,2023-03-14 10:00:40,6.32024203,-75.55730162,3.22,1442.219,23.647,8.730,172,21,36,,
T,2023-03-14 10:00:41,6.32016767,-75.55729483,3.22,1442.282,23.647,8.750,174,21,36,,
T,2023-03-14 10:00:42,6.32007793,-75.55728994,3.22,1442.203,23.647,9.980,177,21,36,,
T,2023-03-14 10:00:43,6.31998722,-75.55727679,3.22,1442.531,23.648,10.800,178,22,36,,
T,2023-03-14 10:00:44,6.31988913,-75.55727053,3.22,1442.610,23.648,11.420,176,22,36,,
T,2023-03-14 10:00:45,6.31979493,-75.55726548,3.22,1442.640,23.648,11.320,171,22,36,,
T,2023-03-14 10:00:46,6.31969856,-75.55725217,3.22,1442.644,23.648,10.550,174,22,36,,
T,2023-03-14 10:00:47,6.31959631,-75.55724268,3.22,1442.740,23.648,11.350,176,22,36,,
T,2023-03-14 10:00:48,6.31948816,-75.55723567,3.22,1442.709,23.649,12.730,176,22,36,,
T,2023-03-14 10:00:49,6.31936751,-75.55722646,3.22,1442.551,23.649,13.640,178,22,36,,
T,2023-03-14 10:00:50,6.31924341,-75.55721491,3.22,1442.809,23.649,14.510,175,22,36,,
T,2023-03-14 10:00:51,6.31911954,-75.55720198,3.22,1442.535,23.649,15.170,169,22,36,,
T,2023-03-14 10:00:52,6.31898491,-75.55719074,3.22,1442.611,23.649,15.440,175,22,36,,
T,2023-03-14 10:00:53,6.31884239,-75.55718320,3.22,1443.624,23.650,15.870,175,22,36,,
T,2023-03-14 10:00:54,6.31868537,-75.55717880,3.22,1444.110,23.650,16.970,178,22,36,,
T,2023-03-14 10:00:55,6.31853137,-75.55716962,3.22,1443.895,23.650,17.610,176,22,36,,
T,2023-03-14 10:00:56,6.31837286,-75.55716701,3.22,1443.802,23.651,17.710,179,22,36,,
T,2023-03-14 10:00:57,6.31821547,-75.55714511,3.22,1444.273,23.651,16.820,175,22,36,,
T,2023-03-14 10:00:58,6.31806924,-75.55713457,3.22,1444.625,23.651,15.230,176,22,36,,
T,2023-03-14 10:00:59,6.31794236,-75.55712914,3.22,1444.671,23.652,13.550,175,22,36,,
T,2023-03-14 10:01:00,6.31782681,-75.55711899,3.22,1444.379,23.652,11.810,175,22,36,,
T,2023-03-14 10:01:01,6.31773245,-75.55711254,3.22,1443.818,23.652,9.560,177,22,36,,
T,2023-03-14 10:01:02,6.31765623,-75.55710037,3.22,1443.727,23.652,7.170,177,22,36,,
T,2023-03-14 10:01:03,6.31760164,-75.55709489,3.22,1442.596,23.652,5.030,174,22,36,,
T,2023-03-14 10:01:04,6.31756219,-75.55709713,3.22,1442.815,23.652,2.750,187,22,36,,
T,2023-03-14 10:01:05,6.31754835,-75.55709756,3.22,1442.743,23.652,0.640,176,22,36,,
T,2023-03-14 10:01:06,6.31754468,-75.55709885,3.22,1442.970,23.652,0.000,,21,37,,
T,2023-03-14 10:01:07,6.31754352,-75.55709710,3.22,1442.908,23.652,0.000,,21,37,,
T,2023-03-14 10:01:08,6.31754241,-75.55709182,3.22,1442.383,23.652,0.000,,21,37,,
T,2023-03-14 10:01:09,6.31754377,-75.55709185,3.22,1442.472,23.652,0.000,,21,37,,
T,2023-03-14 10:01:10,6.31754468,-75.55709235,3.22,1442.469,23.652,0.000,,21,37,,
T,2023-03-14 10:01:11,6.31755058,-75.55709050,3.22,1442.703,23.652,0.220,176,21,37,,
T,2023-03-14 10:01:12,6.31755110,-75.55709377,3.22,1442.898,23.652,0.000,,21,37,,
T,2023-03-14 10:01:13,6.31755124,-75.55709578,3.22,1443.464,23.652,0.210,176,21,37,,
T,2023-03-14 10:01:14,6.31755466,-75.55709555,3.22,1444.344,23.652,0.160,176,21,37,,
T,2023-03-14 10:01:15,6.31755390,-75.55709632,3.22,1444.118,23.652,0.000,,21,37,,
T,2023-03-14 10:01:16,6.31755431,-75.55709485,3.22,1444.456,23.652,0.000,,21,37,,
T,2023-03-14 10:01:17,6.31755457,-75.55709498,3.22,1444.552,23.652,0.000,,21,37,,
T,2023-03-14 10:01:18,6.31755290,-75.55709703,3.22,1444.958,23.652,0.000,,21,37,,
T,2023-03-14 10:01:19,6.31754982,-75.55710164,3.22,1445.115,23.652,0.000,,21,37,,
T,2023-03-14 10:01:20,6.31754712,-75.55710098,3.22,1445.407,23.652,0.000,,21,37,,
T,2023-03-14 10:01:21,6.31754522,-75.55710851,3.22,1445.803,23.652,0.000,,21,37,,
T,2023-03-14 10:01:22,6.31753866,-75.55710862,3.22,1445.640,23.652,0.000,,21,37,,
T,2023-03-14 10:01:23,6.31753692,-75.55711404,3.22,1445.971,23.652,0.000,,20,36,,
T,2023-03-14 10:01:24,6.31753446,-75.55711556,3.22,1446.014,23.652,0.000,,19,37,,
T,2023-03-14 10:01:25,6.31753023,-75.55711336,3.22,1446.419,23.652,0.000,,19,37,,
T,2023-03-14 10:01:26,6.31752846,-75.55711300,3.22,1446.648,23.652,0.000,,19,37,,
T,2023-03-14 10:01:27,6.31752808,-75.55711117,3.22,1446.484,23.652,0.000,,20,37,,
T,2023-03-14 10:01:28,6.31752752,-75.55710952,3.22,1446.406,23.652,0.000,,20,37,,
T,2023-03-14 10:01:29,6.31752920,-75.55710386,3.22,1446.058,23.652,0.210,176,19,37,,
T,2023-03-14 10:01:30,6.31752514,-75.55710289,3.22,1445.988,23.652,0.650,176,20,37,,
T,2023-03-14 10:01:31,6.31750008,-75.55709819,3.22,1445.388,23.652,4.460,171,21,37,,
T,2023-03-14 10:01:32,6.31745745,-75.55709339,3.22,1445.835,23.652,5.690,174,21,37,,
T,2023-03-14 10:01:33,6.31739561,-75.55708230,3.22,1445.969,23.653,7.650,173,21,37,,
T,2023-03-14 10:01:34,6.31732472,-75.55708560,3.22,1446.029,23.653,9.360,177,21,37,,
T,2023-03-14 10:01:35,6.31724024,-75.55707962,3.22,1446.654,23.653,10.350,178,21,37,,
T,2023-03-14 10:01:36,6.31713509,-75.55707694,3.22,1446.988,23.653,12.040,180,21,37,,
T,2023-03-14 10:01:37,6.31702011,-75.55706902,3.22,1446.994,23.653,12.860,179,21,37,,
T,2023-03-14 10:01:38,6.31690084,-75.55706723,3.22,1447.164,23.654,13.560,180,22,37,,
T,2023-03-14 10:01:39,6.31677246,-75.55706804,3.22,1447.244,23.654,14.770,181,22,37,,
T,2023-03-14 10:01:40,6.31663206,-75.55707081,3.22,1446.838,23.654,15.700,182,22,37,,
T,2023-03-14 10:01:41,6.31648876,-75.55707013,3.22,1447.157,23.655,15.900,181,21,37,,
T,2023-03-14 10:01:42,6.31633814,-75.55707492,3.22,1447.320,23.655,16.860,181,20,37,,
T,2023-03-14 10:01:43,6.31618368,-75.55706653,3.22,1446.996,23.655,17.490,180,20,37,,
T,2023-03-14 10:01:44,6.31602033,-75.55706187,3.22,1446.019,23.656,18.050,178,21,37,,
T,2023-03-14 10:01:45,6.31585094,-75.55706443,3.22,1446.010,23.656,18.800,181,21,37,,
T,2023-03-14 10:01:46,6.31568612,-75.55708074,3.22,1446.392,23.656,18.250,183,21,37,,
T,2023-03-14 10:01:47,6.31552100,-75.55708987,3.22,1446.196,23.657,17.930,183,21,37,,
T,2023-03-14 10:01:48,6.31536450,-75.55709700,3.22,1445.961,23.657,17.880,184,22,37,,
T,2023-03-14 10:01:49,6.31520346,-75.55710723,3.22,1445.990,23.658,18.080,183,22,37,,
T,2023-03-14 10:01:50,6.31504115,-75.55710825,3.22,1446.302,23.658,18.190,182,22,37,,
T,2023-03-14 10:01:51,6.31487309,-75.55712002,3.22,1446.352,23.659,18.090,184,22,37,,
T,2023-03-14 10:01:52,6.31471480,-75.55712884,3.22,1446.268,23.659,17.990,184,22,37,,
T,2023-03-14 10:01:53,6.31454919,-75.55716146,3.22,1445.437,23.659,18.690,190,22,37,,
T,2023-03-14 10:01:54,6.31438610,-75.55718432,3.22,1445.549,23.660,18.740,190,22,37,,
T,2023-03-14 10:01:55,6.31422624,-75.55721798,3.22,1445.842,23.661,18.460,193,21,37,,
T,2023-03-14 10:01:56,6.31406163,-75.55725029,3.22,1446.047,23.661,18.580,192,21,37,,
T,2023-03-14 10:01:57,6.31389747,-75.55729577,3.22,1445.670,23.662,19.080,196,20,37,,
T,2023-03-14 10:01:58,6.31372989,-75.55733220,3.22,1445.884,23.662,19.140,193,19,37,,
T,2023-03-14 10:01:59,6.31356321,-75.55737480,3.22,1445.129,23.663,19.190,195,20,37,,
T,2023-03-14 10:02:00,6.31338787,-75.55742432,3.22,1445.268,23.663,20.240,196,20,37,,
T,2023-03-14 10:02:01,6.31321225,-75.55747715,3.22,1445.893,23.664,20.260,197,19,37,,
T,2023-03-14 10:02:02,6.31306123,-75.55755562,3.22,1448.541,23.665,19.800,207,18,37,,
T,2023-03-14 10:02:03,6.31290399,-75.55764001,3.22,1449.466,23.666,19.630,208,20,37,,
T,2023-03-14 10:02:04,6.31274523,-75.55771554,3.22,1451.235,23.666,19.490,207,21,37,,
T,2023-03-14 10:02:05,6.31258712,-75.55779125,3.22,1452.979,23.667,19.330,209,22,37,,
T,2023-03-14 10:02:06,6.31243388,-75.55787688,3.22,1454.011,23.668,19.240,211,22,37,,
T,2023-03-14 10:02:07,6.31228036,-75.55796474,3.22,1454.863,23.669,19.330,209,22,37,,
T,2023-03-14 10:02:08,6.31213259,-75.55805681,3.22,1455.571,23.670,19.540,215,22,37,,
T,2023-03-14 10:02:09,6.31198361,-75.55815649,3.22,1455.609,23.671,19.800,216,22,37,,
T,2023-03-14 10:02:10,6.31183547,-75.55826249,3.22,1456.091,23.671,19.940,216,22,37,,
T,2023-03-14 10:02:11,6.31168652,-75.55836635,3.22,1456.102,23.672,19.880,215,21,37,,
T,2023-03-14 10:02:12,6.31154045,-75.55847877,3.22,1457.297,23.673,20.030,216,21,37,,
T,2023-03-14 10:02:13,6.31139828,-75.55858389,3.22,1455.324,23.674,19.440,216,21,37,,
T,2023-03-14 10:02:14,6.31125813,-75.55868076,3.22,1456.637,23.675,18.350,215,21,37,,
T,2023-03-14 10:02:15,6.31112264,-75.55877789,3.22,1457.382,23.676,18.130,215,21,37,,
T,2023-03-14 10:02:16,6.31098631,-75.55887952,3.22,1458.361,23.677,18.590,216,21,37,,
T,2023-03-14 10:02:17,6.31085031,-75.55897380,3.22,1459.321,23.677,18.930,216,20,37,,
T,2023-03-14 10:02:18,6.31071442,-75.55906828,3.22,1459.468,23.678,19.010,216,22,37,,
T,2023-03-14 10:02:19,6.31057246,-75.55917026,3.22,1459.831,23.679,19.040,215,22,37,,
T,2023-03-14 10:02:20,6.31043516,-75.55927017,3.22,1460.506,23.680,19.050,214,22,37,,
T,2023-03-14 10:02:21,6.31029236,-75.55936639,3.22,1461.607,23.681,18.760,213,22,37,,
T,2023-03-14 10:02:22,6.31014903,-75.55945558,3.22,1462.117,23.681,18.580,211,22,37,,
T,2023-03-14 10:02:23,6.31000649,-75.55954621,3.22,1463.746,23.682,18.690,211,22,37,,
T,2023-03-14 10:02:24,6.30986751,-75.55963849,3.22,1464.843,23.683,18.820,210,22,37,,
T,2023-03-14 10:02:25,6.30971685,-75.55972753,3.22,1466.302,23.684,19.190,209,22,37,,
T,2023-03-14 10:02:26,6.30956626,-75.55980938,3.22,1466.984,23.685,18.820,207,22,37,,
T,2023-03-14 10:02:27,6.30941223,-75.55987920,3.22,1468.029,23.685,18.240,204,23,37,,
T,2023-03-14 10:02:28,6.30926260,-75.55994965,3.22,1469.434,23.686,17.560,204,23,37,,
T,2023-03-14 10:02:29,6.30912021,-75.56000719,3.22,1471.048,23.687,17.070,203,23,37,,
T,2023-03-14 10:02:30,6.30897441,-75.56005616,3.22,1471.599,23.687,16.890,199,23,37,,
T,2023-03-14 10:02:31,6.30883418,-75.56010781,3.22,1472.277,23.688,16.470,197,23,37,,
T,2023-03-14 10:02:32,6.30868320,-75.56015249,3.22,1473.778,23.688,17.360,196,23,37,,
T,2023-03-14 10:02:33,6.30852602,-75.56019875,3.22,1475.022,23.689,17.900,194,22,37,,
T,2023-03-14 10:02:34,6.30836479,-75.56023724,3.22,1476.121,23.690,18.400,193,23,37,,
T,2023-03-14 10:02:35,6.30819997,-75.56026926,3.22,1477.291,23.690,18.870,190,23,37,,
T,2023-03-14 10:02:36,6.30803301,-75.56030394,3.22,1478.431,23.691,19.120,192,23,37,,
T,2023-03-14 10:02:37,6.30786428,-75.56033516,3.22,1479.003,23.691,18.910,191,23,37,,
T,2023-03-14 10:02:38,6.30769056,-75.56036677,3.22,1479.809,23.692,19.420,191,23,37,,
T,2023-03-14 10:02:39,6.30752082,-75.56039981,3.22,1480.851,23.692,19.150,191,22,37,,
T,2023-03-14 10:02:40,6.30735974,-75.56042959,3.22,1481.410,23.693,17.560,189,22,37,,
T,2023-03-14 10:02:41,6.30720669,-75.56045120,3.22,1481.792,23.693,16.390,186,23,36,,
T,2023-03-14 10:02:42,6.30706526,-75.56045678,3.22,1482.478,23.694,15.240,181,23,37,,
T,2023-03-14 10:02:43,6.30692531,-75.56047209,3.22,1482.346,23.694,15.550,186,21,37,,
T,2023-03-14 10:02:44,6.30678579,-75.56047734,3.22,1482.776,23.694,15.340,182,20,37,,
T,2023-03-14 10:02:45,6.30665084,-75.56047940,3.22,1483.218,23.695,14.780,182,21,37,,
T,2023-03-14 10:02:46,6.30651600,-75.56048053,3.22,1483.833,23.695,14.310,181,20,37,,
T,2023-03-14 10:02:47,6.30638201,-75.56048354,3.22,1484.174,23.695,14.400,181,20,37,,
T,2023-03-14 10:02:48,6.30624130,-75.56048215,3.22,1484.407,23.696,15.740,180,20,37,,
T,2023-03-14 10:02:49,6.30609834,-75.56048032,3.22,1477.594,23.696,16.490,180,21,37,,
T,2023-03-14 10:02:50,6.30594468,-75.56047867,3.22,1480.831,23.696,17.420,178,21,37,,
T,2023-03-14 10:02:51,6.30577931,-75.56046952,3.22,1482.972,23.697,18.260,177,21,37,,
T,2023-03-14 10:02:52,6.30561052,-75.56046139,3.22,1484.295,23.697,18.890,177,21,37,,
T,2023-03-14 10:02:53,6.30544370,-75.56045475,3.22,1485.607,23.697,18.640,177,21,37,,
T,2023-03-14 10:02:54,6.30526923,-75.56044360,3.22,1485.232,23.698,19.290,176,21,37,,
T,2023-03-14 10:02:55,6.30509227,-75.56043411,3.22,1486.256,23.698,19.770,176,23,37,,
T,2023-03-14 10:02:56,6.30491006,-75.56042308,3.22,1486.849,23.698,19.970,177,23,37,,
T,2023-03-14 10:02:57,6.30473801,-75.56042988,3.22,1487.746,23.699,19.780,184,23,37,,
T,2023-03-14 10:02:58,6.30456999,-75.56046765,3.22,1488.738,23.699,19.190,192,24,37,,
T,2023-03-14 10:02:59,6.30440112,-75.56053279,3.22,1489.202,23.700,20.060,201,24,37,,
T,2023-03-14 10:03:00,6.30424702,-75.56060581,3.22,1490.695,23.701,19.520,207,24,37,,
T,2023-03-14 10:03:01,6.30409618,-75.56068009,3.22,1491.515,23.702,19.020,210,24,37,,
T,2023-03-14 10:03:02,6.30395661,-75.56077574,3.22,1493.485,23.702,18.880,218,23,37,,
T,2023-03-14 10:03:03,6.30382765,-75.56088347,3.22,1494.327,23.703,19.080,224,24,37,,
T,2023-03-14 10:03:04,6.30370693,-75.56100278,3.22,1493.297,23.704,18.990,229,24,37,,
T,2023-03-14 10:03:05,6.30360272,-75.56113862,3.22,1494.676,23.705,19.030,235,24,37,,
T,2023-03-14 10:03:06,6.30351531,-75.56129575,3.22,1495.717,23.706,19.290,240,24,37,,
T,2023-03-14 10:03:07,6.30343273,-75.56144619,3.22,1497.706,23.707,18.950,244,24,37,,
T,2023-03-14 10:03:08,6.30337057,-75.56160681,3.22,1499.442,23.708,18.850,250,24,37,,
T,2023-03-14 10:03:09,6.30331434,-75.56176185,3.22,1500.800,23.709,17.710,251,23,37,,
T,2023-03-14 10:03:10,6.30325639,-75.56190115,3.22,1501.419,23.710,16.260,249,23,37,,
T,2023-03-14 10:03:11,6.30319969,-75.56204061,3.22,1502.443,23.711,15.780,249,23,37,,
T,2023-03-14 10:03:12,6.30315032,-75.56217094,3.22,1503.830,23.712,15.490,250,23,37,,
T,2023-03-14 10:03:13,6.30310469,-75.56231140,3.22,1504.876,23.712,16.670,251,23,37,,
T,2023-03-14 10:03:14,6.30305296,-75.56244564,3.22,1506.155,23.713,16.190,249,23,37,,
T,2023-03-14 10:03:15,6.30299469,-75.56258325,3.22,1507.590,23.714,16.590,246,23,37,,
T,2023-03-14 10:03:16,6.30292387,-75.56271175,3.22,1508.946,23.715,16.040,240,23,37,,
T,2023-03-14 10:03:17,6.30284667,-75.56282963,3.22,1510.065,23.716,15.860,233,23,37,,
T,2023-03-14 10:03:18,6.30275700,-75.56294200,3.22,1511.239,23.716,16.000,229,21,37,,
T,2023-03-14 10:03:19,6.30266193,-75.56304891,3.22,1512.039,23.717,15.880,227,20,37,,
T,2023-03-14 10:03:20,6.30255915,-75.56314973,3.22,1513.274,23.718,15.350,223,23,37,,
T,2023-03-14 10:03:21,6.30246097,-75.56323971,3.22,1505.952,23.719,15.410,221,23,37,,
T,2023-03-14 10:03:22,6.30234926,-75.56332838,3.22,1509.584,23.719,15.630,218,23,37,,
T,2023-03-14 10:03:23,6.30223578,-75.56340562,3.22,1511.624,23.720,15.310,213,23,37,,
T,2023-03-14 10:03:24,6.30211865,-75.56347876,3.22,1513.810,23.721,15.530,210,23,37,,
T,2023-03-14 10:03:25,6.30199719,-75.56355103,3.22,1515.185,23.721,15.780,210,23,37,,
T,2023-03-14 10:03:26,6.30187498,-75.56361599,3.22,1516.432,23.722,15.260,207,23,37,,
T,2023-03-14 10:03:27,6.30175978,-75.56368663,3.22,1517.971,23.723,15.070,209,23,37,,
T,2023-03-14 10:03:28,6.30163993,-75.56375569,3.22,1518.972,23.723,15.440,210,23,37,,
T,2023-03-14 10:03:29,6.30151422,-75.56383186,3.22,1519.642,23.724,16.040,211,23,37,,
T,2023-03-14 10:03:30,6.30138905,-75.56391368,3.22,1520.912,23.725,16.670,211,23,37,,
T,2023-03-14 10:03:31,6.30125743,-75.56399400,3.22,1521.912,23.725,17.220,214,22,37,,
T,2023-03-14 10:03:32,6.30112768,-75.56408127,3.22,1522.361,23.726,17.600,215,23,37,,
T,2023-03-14 10:03:33,6.30100303,-75.56417188,3.22,1522.715,23.727,16.880,216,23,37,,
T,2023-03-14 10:03:34,6.30088142,-75.56426463,3.22,1523.297,23.728,16.940,219,23,37,,
T,2023-03-14 10:03:35,6.30076114,-75.56436683,3.22,1523.820,23.728,17.470,221,23,37,,
T,2023-03-14 10:03:36,6.30063909,-75.56446903,3.22,1520.839,23.729,18.010,221,23,37,,
T,2023-03-14 10:03:37,6.30051733,-75.56457832,3.22,1522.888,23.730,18.030,223,23,37,,
T,2023-03-14 10:03:38,6.30039986,-75.56469043,3.22,1523.960,23.731,17.680,225,24,37,,
T,2023-03-14 10:03:39,6.30028927,-75.56479460,3.22,1524.950,23.732,16.500,224,24,36,,
T,2023-03-14 10:03:40,6.30018459,-75.56488923,3.22,1525.332,23.732,15.510,222,24,37,,
T,2023-03-14 10:03:41,6.30008106,-75.56498677,3.22,1525.580,23.733,15.210,223,24,37,,
T,2023-03-14 10:03:42,6.29997868,-75.56508100,3.22,1525.539,23.734,14.800,223,24,37,,
T,2023-03-14 10:03:43,6.29988218,-75.56517602,3.22,1526.852,23.735,15.410,223,21,37,,
T,2023-03-14 10:03:44,6.29978339,-75.56527094,3.22,1526.065,23.735,15.370,224,19,37,,
T,2023-03-14 10:03:45,6.29967954,-75.56536648,3.22,1526.676,23.736,15.930,223,19,37,,
T,2023-03-14 10:03:46,6.29957740,-75.56546911,3.22,1527.001,23.737,16.110,224,19,37,,
T,2023-03-14 10:03:47,6.29948115,-75.56557377,4.29,1527.760,23.738,15.620,225,18,37,,
T,2023-03-14 10:03:48,6.29938090,-75.56567646,3.22,1528.173,23.738,15.330,223,17,37,,
T,2023-03-14 10:03:49,6.29926832,-75.56576572,3.22,1527.483,23.739,15.790,224,18,37,,
T,2023-03-14 10:03:50,6.29916998,-75.56586360,3.22,1528.606,23.740,15.620,224,20,37,,
T,2023-03-14 10:03:51,6.29906613,-75.56595017,3.22,1528.741,23.741,15.080,222,21,37,,
T,2023-03-14 10:03:52,6.29895689,-75.56603014,3.22,1528.110,23.741,15.100,214,21,37,,
T,2023-03-14 10:03:53,6.29884841,-75.56610546,3.22,1528.202,23.742,14.390,213,23,37,,
T,2023-03-14 10:03:54,6.29873518,-75.56617560,3.22,1528.259,23.742,15.060,210,23,37,,
T,2023-03-14 10:03:55,6.29861818,-75.56625443,4.29,1523.113,23.743,15.430,212,23,37,,
T,2023-03-14 10:03:56,6.29849223,-75.56632384,4.29,1528.635,23.744,16.220,211,23,37,,
T,2023-03-14 10:03:57,6.29836052,-75.56638509,4.29,1528.709,23.744,16.450,206,23,37,,
T,2023-03-14 10:03:58,6.29822572,-75.56643837,4.29,1528.503,23.745,16.100,202,23,37,,
T,2023-03-14 10:03:59,6.29808837,-75.56648860,4.29,1528.752,23.746,16.370,199,23,37,,
T,2023-03-14 10:04:00,6.29794574,-75.56653760,4.29,1528.645,23.746,16.730,198,22,37,,
T,2023-03-14 10:04:01,6.29779895,-75.56657793,4.29,1529.425,23.747,16.890,196,19,37,,
T,2023-03-14 10:04:02,6.29765465,-75.56662369,3.22,1529.159,23.747,16.940,197,19,37,,
T,2023-03-14 10:04:03,6.29751057,-75.56667183,3.22,1529.433,23.748,17.030,198,20,37,,
T,2023-03-14 10:04:04,6.29736192,-75.56671674,3.22,1529.629,23.748,17.150,199,20,37,,
T,2023-03-14 10:04:05,6.29721475,-75.56676383,3.22,1529.556,23.749,17.040,198,21,37,,
T,2023-03-14 10:04:06,6.29707232,-75.56680973,3.22,1529.622,23.750,16.370,198,21,37,,
T,2023-03-14 10:04:07,6.29692499,-75.56684672,3.22,1530.052,23.750,16.770,195,22,37,,
T,2023-03-14 10:04:08,6.29678367,-75.56689984,3.22,1530.186,23.751,16.800,201,22,37,,
T,2023-03-14 10:04:09,6.29664272,-75.56694576,3.22,1530.632,23.751,16.570,198,21,37,,
T,2023-03-14 10:04:10,6.29649513,-75.56699845,3.22,1530.952,23.752,17.620,199,21,37,,
T,2023-03-14 10:04:11,6.29634328,-75.56704800,3.22,1530.454,23.752,17.860,199,21,37,,
T,2023-03-14 10:04:12,6.29618927,-75.56709254,3.22,1530.690,23.753,17.850,196,23,37,,
T,2023-03-14 10:04:13,6.29603423,-75.56713822,3.22,1530.352,23.754,18.020,196,23,37,,
T,2023-03-14 10:04:14,6.29588400,-75.56719960,3.22,1530.608,23.754,17.920,203,23,37,,
T,2023-03-14 10:04:15,6.29573674,-75.56725315,3.22,1530.861,23.755,17.370,201,23,37,,
T,2023-03-14 10:04:16,6.29558897,-75.56730240,3.22,1530.757,23.756,16.900,199,23,37,,
T,2023-03-14 10:04:17,6.29544849,-75.56734678,3.22,1530.979,23.756,16.170,197,23,37,,
T,2023-03-14 10:04:18,6.29531184,-75.56738471,3.22,1531.027,23.757,15.360,195,22,37,,
T,2023-03-14 10:04:19,6.29517776,-75.56742095,3.22,1530.562,23.757,15.010,197,22,37,,
T,2023-03-14 10:04:20,6.29504944,-75.56745704,3.22,1530.432,23.758,14.690,196,22,37,,
T,2023-03-14 10:04:21,6.29492237,-75.56749209,3.22,1529.998,23.758,14.280,196,22,37,,
T,2023-03-14 10:04:22,6.29479242,-75.56753557,3.22,1529.094,23.759,15.050,197,22,37,,
T,2023-03-14 10:04:23,6.29466031,-75.56757456,3.22,1528.612,23.759,15.200,196,22,37,,
T,2023-03-14 10:04:24,6.29453612,-75.56760931,3.22,1527.532,23.760,14.520,195,21,37,,
T,2023-03-14 10:04:25,6.29439376,-75.56764705,3.22,1527.085,23.760,16.390,195,20,37,,
T,2023-03-14 10:04:26,6.29424598,-75.56768918,3.22,1526.258,23.761,17.570,198,20,37,,
T,2023-03-14 10:04:27,6.29409068,-75.56773673,3.22,1525.322,23.761,18.630,198,22,37,,
T,2023-03-14 10:04:28,6.29392392,-75.56778799,3.22,1524.392,23.762,19.620,197,23,37,,
T,2023-03-14 10:04:29,6.29375549,-75.56784071,3.22,1523.838,23.763,20.020,197,23,37,,
T,2023-03-14 10:04:30,6.29358599,-75.56789382,3.22,1522.557,23.763,19.840,198,23,37,,
T,2023-03-14 10:04:31,6.29341830,-75.56794839,3.22,1522.044,23.764,19.400,197,23,37,,
T,2023-03-14 10:04:32,6.29324942,-75.56800250,3.22,1521.331,23.765,19.990,198,23,37,,
T,2023-03-14 10:04:33,6.29307648,-75.56805809,3.22,1520.657,23.765,20.420,198,23,37,,
T,2023-03-14 10:04:34,6.29289622,-75.56811619,3.22,1519.246,23.766,20.930,199,21,37,,
T,2023-03-14 10:04:35,6.29271001,-75.56817624,3.22,1518.146,23.767,21.530,197,20,37,,
T,2023-03-14 10:04:36,6.29252210,-75.56823704,3.22,1517.072,23.767,21.780,198,20,37,,
T,2023-03-14 10:04:37,6.29233598,-75.56829572,3.22,1516.398,23.768,21.790,198,20,37,,
T,2023-03-14 10:04:38,6.29214857,-75.56835292,3.22,1515.411,23.769,21.550,197,21,37,,
T,2023-03-14 10:04:39,6.29196147,-75.56841914,3.22,1513.361,23.770,21.670,200,21,37,,
T,2023-03-14 10:04:40,6.29177601,-75.56848241,3.22,1512.637,23.770,21.330,199,21,37,,
T,2023-03-14 10:04:41,6.29159818,-75.56854063,3.22,1511.323,23.771,20.570,198,20,37,,
T,2023-03-14 10:04:42,6.29141935,-75.56859829,3.22,1509.818,23.772,20.200,197,20,37,,
T,2023-03-14 10:04:43,6.29125130,-75.56865417,3.22,1509.228,23.772,19.520,198,20,37,,
T,2023-03-14 10:04:44,6.29108146,-75.56871409,3.22,1508.444,23.773,20.130,199,20,37,,
T,2023-03-14 10:04:45,6.29090414,-75.56877503,3.22,1507.538,23.774,21.010,199,21,36,,
T,2023-03-14 10:04:46,6.29072187,-75.56883747,3.22,1506.727,23.775,21.600,199,20,37,,
T,2023-03-14 10:04:47,6.29053583,-75.56889963,3.22,1506.276,23.775,21.700,199,20,37,,
T,2023-03-14 10:04:48,6.29035082,-75.56895727,3.22,1505.648,23.776,21.510,197,21,37,,
T,2023-03-14 10:04:49,6.29016213,-75.56900732,3.22,1505.464,23.777,21.330,196,22,37,,
T,2023-03-14 10:04:50,6.28997552,-75.56904796,3.22,1505.093,23.777,21.150,192,22,37,,
T,2023-03-14 10:04:51,6.28979075,-75.56911635,3.22,1504.260,23.778,21.700,201,22,37,,
T,2023-03-14 10:04:52,6.28960791,-75.56916940,3.22,1502.665,23.779,21.000,197,22,37,,
T,2023-03-14 10:04:53,6.28943024,-75.56922970,3.22,1501.677,23.780,20.640,198,22,37,,
T,2023-03-14 10:04:54,6.28925022,-75.56929020,3.22,1500.089,23.780,20.460,198,20,37,,
T,2023-03-14 10:04:55,6.28907211,-75.56934368,3.22,1499.345,23.781,20.530,197,21,37,,
T,2023-03-14 10:04:56,6.28889655,-75.56939784,3.22,1498.358,23.782,20.450,198,22,37,,
T,2023-03-14 10:04:57,6.28871751,-75.56945513,3.22,1497.648,23.782,20.600,197,22,37,,
T,2023-03-14 10:04:58,6.28854090,-75.56951242,3.22,1496.011,23.783,20.530,198,22,37,,
T,2023-03-14 10:04:59,6.28836319,-75.56956179,3.22,1495.816,23.784,20.300,196,22,37,,
T,2023-03-14 10:05:00,6.28818742,-75.56961142,3.22,1502.837,23.784,19.900,196,21,37,,
T,2023-03-14 10:05:01,6.28799061,-75.56967133,3.22,1499.196,23.785,22.300,197,20,37,,
T,2023-03-14 10:05:02,6.28780588,-75.56973460,3.22,1497.021,23.786,22.270,198,22,37,,
T,2023-03-14 10:05:03,6.28761662,-75.56980171,3.22,1494.500,23.787,22.150,198,22,37,,
T,2023-03-14 10:05:04,6.28743010,-75.56986577,3.22,1492.512,23.788,22.330,200,22,37,,
T,2023-03-14 10:05:05,6.28723979,-75.56993725,3.22,1490.687,23.788,22.880,202,22,37,,
T,2023-03-14 10:05:06,6.28704898,-75.57000058,3.22,1489.671,23.789,22.490,199,22,37,,
T,2023-03-14 10:05:07,6.28686110,-75.57006868,3.22,1488.171,23.790,22.040,199,22,37,,
T,2023-03-14 10:05:08,6.28667361,-75.57013998,3.22,1486.432,23.791,22.030,199,21,37,,
T,2023-03-14 10:05:09,6.28648786,-75.57020230,3.22,1485.472,23.791,21.320,199,21,37,,
T,2023-03-14 10:05:10,6.28630811,-75.57026047,3.22,1484.167,23.792,20.720,198,21,37,,
T,2023-03-14 10:05:11,6.28612912,-75.57031582,3.22,1483.713,23.793,20.670,197,21,37,,
T,2023-03-14 10:05:12,6.28595244,-75.57036858,3.22,1483.270,23.794,20.520,197,22,37,,
T,2023-03-14 10:05:13,6.28577337,-75.57042287,3.22,1482.652,23.794,20.430,197,23,37,,
T,2023-03-14 10:05:14,6.28559867,-75.57047630,3.22,1482.500,23.795,20.190,197,23,37,,
T,2023-03-14 10:05:15,6.28542714,-75.57052968,3.22,1482.240,23.796,19.940,197,23,37,,
T,2023-03-14 10:05:16,6.28525409,-75.57058547,3.22,1482.340,23.796,20.050,198,22,37,,
T,2023-03-14 10:05:17,6.28508195,-75.57064119,3.22,1482.354,23.797,20.210,198,23,37,,
T,2023-03-14 10:05:18,6.28490652,-75.57069601,3.22,1482.075,23.798,20.240,198,23,37,,
T,2023-03-14 10:05:19,6.28473420,-75.57075348,3.22,1481.737,23.798,20.200,198,21,37,,
T,2023-03-14 10:05:20,6.28455815,-75.57080942,3.22,1481.626,23.799,20.270,196,21,37,,
T,2023-03-14 10:05:21,6.28438829,-75.57087657,3.22,1481.927,23.800,20.510,197,23,37,,
T,2023-03-14 10:05:22,6.28421365,-75.57092902,3.22,1481.941,23.800,20.540,197,23,37,,
T,2023-03-14 10:05:23,6.28403795,-75.57098619,3.22,1481.785,23.801,20.270,198,23,37,,
T,2023-03-14 10:05:24,6.28385955,-75.57103808,3.22,1481.127,23.802,20.290,197,23,37,,
T,2023-03-14 10:05:25,6.28368178,-75.57108423,3.22,1480.958,23.802,20.420,195,23,37,,
T,2023-03-14 10:05:26,6.28350568,-75.57115007,3.22,1480.833,23.803,20.200,196,23,37,,
T,2023-03-14 10:05:27,6.28333272,-75.57120322,3.22,1483.240,23.804,20.000,197,23,37,,
T,2023-03-14 10:05:28,6.28315930,-75.57125470,3.22,1481.659,23.805,19.860,197,23,37,,
T,2023-03-14 10:05:29,6.28299065,-75.57130709,3.22,1478.845,23.805,19.150,197,23,37,,
T,2023-03-14 10:05:30,6.28282159,-75.57135642,3.22,1478.127,23.806,19.660,197,23,37,,
T,2023-03-14 10:05:31,6.28264877,-75.57141001,3.22,1477.262,23.807,20.030,198,23,37,,
T,2023-03-14 10:05:32,6.28247536,-75.57146341,3.22,1476.472,23.807,20.060,198,23,37,,
T,2023-03-14 10:05:33,6.28229722,-75.57151888,3.22,1475.084,23.808,20.190,198,19,37,,
T,2023-03-14 10:05:34,6.28212608,-75.57157647,3.22,1474.321,23.809,20.260,199,21,37,,
T,2023-03-14 10:05:35,6.28195046,-75.57164435,3.22,1473.520,23.809,21.020,201,21,37,,
T,2023-03-14 10:05:36,6.28177565,-75.57170396,3.22,1472.549,23.810,20.680,199,23,37,,
T,2023-03-14 10:05:37,6.28160191,-75.57175454,3.22,1471.523,23.811,19.880,195,23,37,,
T,2023-03-14 10:05:38,6.28143230,-75.57179908,3.22,1471.082,23.811,19.230,191,24,37,,
T,2023-03-14 10:05:39,6.28126457,-75.57183140,3.22,1470.213,23.812,18.760,189,24,37,,
T,2023-03-14 10:05:40,6.28109695,-75.57185499,3.22,1469.120,23.812,18.340,188,24,37,,
T,2023-03-14 10:05:41,6.28093642,-75.57187632,3.22,1468.496,23.813,17.870,186,25,37,,
T,2023-03-14 10:05:42,6.28078223,-75.57189771,3.22,1468.162,23.813,16.980,188,25,37,,
T,2023-03-14 10:05:43,6.28063305,-75.57191159,3.22,1468.369,23.814,16.000,187,25,37,,
T,2023-03-14 10:05:44,6.28049642,-75.57193052,3.22,1467.830,23.814,15.050,189,25,37,,
T,2023-03-14 10:05:45,6.28036339,-75.57194746,3.22,1467.670,23.815,14.520,188,25,37,,
T,2023-03-14 10:05:46,6.28023375,-75.57196161,3.22,1467.396,23.815,14.170,188,24,37,,
T,2023-03-14 10:05:47,6.28010907,-75.57197648,3.22,1467.240,23.815,13.690,187,23,37,,
T,2023-03-14 10:05:48,6.27999187,-75.57199140,3.22,1466.761,23.816,13.000,187,22,37,,
T,2023-03-14 10:05:49,6.27988112,-75.57200162,3.22,1467.120,23.816,12.490,187,21,37,,
T,2023-03-14 10:05:50,6.27976476,-75.57201331,3.22,1467.375,23.816,12.520,186,21,37,,
T,2023-03-14 10:05:51,6.27965242,-75.57202330,3.22,1469.614,23.817,12.260,185,21,37,,
T,2023-03-14 10:05:52,6.27953866,-75.57202926,3.22,1469.332,23.817,12.280,184,21,37,,
T,2023-03-14 10:05:53,6.27942358,-75.57204070,3.22,1468.321,23.817,12.600,189,22,37,,
T,2023-03-14 10:05:54,6.27930754,-75.57206424,3.22,1468.460,23.818,13.030,188,23,37,,
T,2023-03-14 10:05:55,6.27918994,-75.57208568,3.22,1467.783,23.818,13.200,191,23,37,,
T,2023-03-14 10:05:56,6.27906475,-75.57211263,3.22,1467.220,23.818,14.390,193,23,37,,
T,2023-03-14 10:05:57,6.27893334,-75.57213566,3.22,1466.722,23.819,15.370,191,24,37,,
T,2023-03-14 10:05:58,6.27879718,-75.57216373,3.22,1466.676,23.819,15.780,192,24,37,,
T,2023-03-14 10:05:59,6.27865072,-75.57218873,3.22,1466.815,23.820,16.390,188,24,37,,
T,2023-03-14 10:06:00,6.27850453,-75.57222029,3.22,1466.728,23.820,16.370,191,23,37,,
T,2023-03-14 10:06:01,6.27835904,-75.57224709,3.22,1466.686,23.821,16.400,191,23,37,,
T,2023-03-14 10:06:02,6.27821816,-75.57228486,3.22,1465.658,23.821,15.890,196,23,37,,
T,2023-03-14 10:06:03,6.27807924,-75.57232723,3.22,1465.781,23.822,15.670,197,23,37,,
T,2023-03-14 10:06:04,6.27794493,-75.57236507,3.22,1465.595,23.822,15.370,196,23,37,,
T,2023-03-14 10:06:05,6.27782104,-75.57240043,3.22,1465.829,23.823,14.240,196,23,37,,
T,2023-03-14 10:06:06,6.27771228,-75.57244081,3.22,1465.199,23.823,12.240,199,23,37,,
T,2023-03-14 10:06:07,6.27761901,-75.57247299,3.22,1465.141,23.824,10.460,200,25,37,,
T,2023-03-14 10:06:08,6.27753968,-75.57250285,3.22,1465.169,23.824,8.760,201,25,37,,
T,2023-03-14 10:06:09,6.27748060,-75.57253170,3.22,1464.513,23.824,6.780,203,25,37,,
T,2023-03-14 10:06:10,6.27742840,-75.57255058,3.22,1464.224,23.824,5.590,203,25,37,,
T,2023-03-14 10:06:11,6.27738325,-75.57257958,3.22,1464.088,23.825,5.660,218,25,37,,
T,2023-03-14 10:06:12,6.27733658,-75.57260198,3.22,1464.020,23.825,5.530,211,25,37,,
T,2023-03-14 10:06:13,6.27728766,-75.57262340,3.22,1463.729,23.825,6.070,202,23,37,,
T,2023-03-14 10:06:14,6.27724889,-75.57263365,3.22,1463.768,23.825,4.250,193,23,37,,
T,2023-03-14 10:06:15,6.27721706,-75.57264472,3.22,1463.594,23.825,3.420,195,24,37,,
T,2023-03-14 10:06:16,6.27719601,-75.57264995,3.22,1463.571,23.825,2.140,198,22,37,,
T,2023-03-14 10:06:17,6.27718098,-75.57264931,3.22,1464.495,23.825,0.430,197,22,37,,
T,2023-03-14 10:06:18,6.27718424,-75.57265073,3.22,1463.840,23.825,0.000,,23,37,,
T,2023-03-14 10:06:19,6.27718487,-75.57265630,3.22,1463.001,23.826,0.000,,23,37,,
T,2023-03-14 10:06:20,6.27718328,-75.57266207,3.22,1462.773,23.826,0.000,,23,37,,
T,2023-03-14 10:06:21,6.27718198,-75.57266475,3.22,1462.453,23.826,0.000,,24,37,,
T,2023-03-14 10:06:22,6.27717992,-75.57267144,3.22,1462.218,23.826,0.000,,24,37,,
T,2023-03-14 10:06:23,6.27718041,-75.57267669,3.22,1462.477,23.826,0.000,,24,37,,
T,2023-03-14 10:06:24,6.27718186,-75.57268266,3.22,1462.988,23.826,0.000,,24,37,,
T,2023-03-14 10:06:25,6.27718289,-75.57268471,3.22,1463.118,23.826,0.000,,22,37,,
T,2023-03-14 10:06:26,6.27717768,-75.57268226,3.22,1463.035,23.826,0.000,,21,37,,
T,2023-03-14 10:06:27,6.27717376,-75.57267809,3.22,1463.198,23.826,0.000,,21,37,,
T,2023-03-14 10:06:28,6.27717383,-75.57267284,3.22,1463.154,23.826,0.000,,21,38,,
T,2023-03-14 10:06:29,6.27717224,-75.57267239,3.22,1463.586,23.826,0.000,,22,38,,
T,2023-03-14 10:06:30,6.27717237,-75.57266946,3.22,1463.336,23.826,0.000,,23,38,,
T,2023-03-14 10:06:31,6.27716814,-75.57266769,3.22,1463.190,23.826,0.000,,24,38,,
T,2023-03-14 10:06:32,6.27716745,-75.57266865,3.22,1463.371,23.826,0.000,,24,38,,
T,2023-03-14 10:06:33,6.27716754,-75.57266815,3.22,1463.506,23.826,0.000,,24,38,,
T,2023-03-14 10:06:34,6.27716696,-75.57266771,3.22,1464.171,23.826,0.000,,24,38,,
T,2023-03-14 10:06:35,6.27716905,-75.57266574,3.22,1464.500,23.826,0.000,,24,38,,
T,2023-03-14 10:06:36,6.27717125,-75.57266308,3.22,1465.305,23.826,0.000,,23,38,,
T,2023-03-14 10:06:37,6.27717212,-75.57266155,3.22,1466.646,23.826,0.000,,22,38,,
T,2023-03-14 10:06:38,6.27717275,-75.57266293,3.22,1467.250,23.826,0.000,,22,38,,
T,2023-03-14 10:06:39,6.27717085,-75.57266258,3.22,1467.355,23.826,0.000,,21,38,,
T,2023-03-14 10:06:40,6.27717057,-75.57266215,3.22,1467.266,23.826,0.000,,22,38,,
T,2023-03-14 10:06:41,6.27716908,-75.57265850,3.22,1467.460,23.826,0.000,,22,38,,
T,2023-03-14 10:06:42,6.27716833,-75.57265601,3.22,1467.784,23.826,0.000,,22,38,,
T,2023-03-14 10:06:43,6.27716732,-75.57265342,3.22,1468.229,23.826,0.000,,21,38,,
T,2023-03-14 10:06:44,6.27716579,-75.57265222,3.22,1468.652,23.826,0.000,,22,38,,
T,2023-03-14 10:06:45,6.27716367,-75.57265156,3.22,1469.363,23.826,0.000,,22,38,,
T,2023-03-14 10:06:46,6.27716202,-75.57265161,3.22,1469.660,23.826,0.000,,22,38,,
T,2023-03-14 10:06:47,6.27716227,-75.57265376,3.22,1469.727,23.826,0.000,,22,38,,
T,2023-03-14 10:06:48,6.27716152,-75.57265403,3.22,1469.705,23.826,0.000,,24,38,,
T,2023-03-14 10:06:49,6.27716119,-75.57265445,3.22,1469.844,23.826,0.000,,24,38,,
T,2023-03-14 10:06:50,6.27715834,-75.57265604,3.22,1469.830,23.826,0.000,,24,38,,
T,2023-03-14 10:06:51,6.27715661,-75.57265602,3.22,1470.169,23.826,0.000,,24,38,,
T,2023-03-14 10:06:52,6.27715456,-75.57265418,3.22,1469.916,23.826,0.000,,24,38,,
T,2023-03-14 10:06:53,6.27715503,-75.57265321,3.22,1469.439,23.826,0.000,,24,38,,
T,2023-03-14 10:06:54,6.27715604,-75.57265256,3.22,1469.436,23.826,0.000,,24,38,,
T,2023-03-14 10:06:55,6.27715771,-75.57265330,3.22,1469.166,23.826,0.280,197,24,38,,
T,2023-03-14 10:06:56,6.27716011,-75.57265479,3.22,1469.601,23.826,0.000,,24,38,,
T,2023-03-14 10:06:57,6.27716106,-75.57265571,3.22,1469.809,23.826,0.000,,24,38,,
T,2023-03-14 10:06:58,6.27716148,-75.57265625,3.22,1469.728,23.826,0.000,,24,38,,
T,2023-03-14 10:06:59,6.27715251,-75.57265929,3.22,1469.933,23.826,1.760,202,24,38,,
T,2023-03-14 10:07:00,6.27713041,-75.57266732,3.22,1470.149,23.826,3.280,201,24,38,,
T,2023-03-14 10:07:01,6.27706193,-75.57267301,3.22,1469.845,23.826,7.830,189,24,38,,
T,2023-03-14 10:07:02,6.27699678,-75.57268584,3.22,1468.865,23.826,8.570,193,25,38,,
T,2023-03-14 10:07:03,6.27691725,-75.57270287,3.22,1468.530,23.826,9.640,193,25,38,,
T,2023-03-14 10:07:04,6.27683090,-75.57272208,3.22,1467.927,23.827,10.740,193,25,38,,
T,2023-03-14 10:07:05,6.27673086,-75.57274740,3.22,1467.811,23.827,11.860,194,25,38,,
T,2023-03-14 10:07:06,6.27661791,-75.57276283,3.22,1467.775,23.827,12.600,194,25,38,,
T,2023-03-14 10:07:07,6.27650228,-75.57279125,3.22,1467.510,23.828,13.200,195,25,38,,
T,2023-03-14 10:07:08,6.27637900,-75.57281849,3.22,1466.928,23.828,13.790,194,25,38,,
T,2023-03-14 10:07:09,6.27626670,-75.57284553,3.22,1466.376,23.829,12.590,196,25,38,,
T,2023-03-14 10:07:10,6.27616379,-75.57287580,3.22,1466.427,23.829,11.900,197,25,38,,
T,2023-03-14 10:07:11,6.27606839,-75.57291258,3.22,1466.344,23.829,11.350,200,25,38,,
T,2023-03-14 10:07:12,6.27597812,-75.57294585,3.22,1466.432,23.830,10.740,201,25,38,,
T,2023-03-14 10:07:13,6.27589549,-75.57298360,3.22,1466.506,23.830,9.790,206,25,38,,
T,2023-03-14 10:07:14,6.27582927,-75.57302617,3.22,1466.704,23.831,8.170,214,25,38,,
T,2023-03-14 10:07:15,6.27577199,-75.57306820,3.22,1466.646,23.831,7.430,222,25,38,,
T,2023-03-14 10:07:16,6.27572618,-75.57312514,3.22,1467.411,23.831,7.770,230,25,38,,
T,2023-03-14 10:07:17,6.27568406,-75.57317964,3.22,1467.760,23.832,7.330,236,25,38,,
T,2023-03-14 10:07:18,6.27564819,-75.57324618,3.22,1468.561,23.832,8.190,243,25,38,,
T,2023-03-14 10:07:19,6.27561662,-75.57331103,3.22,1468.527,23.833,7.640,247,25,38,,
T,2023-03-14 10:07:20,6.27558632,-75.57337286,3.22,1468.962,23.833,7.010,245,25,38,,
T,2023-03-14 10:07:21,6.27555512,-75.57343849,3.22,1468.963,23.833,7.880,245,25,38,,
T,2023-03-14 10:07:22,6.27551612,-75.57351332,3.22,1468.385,23.834,8.490,248,25,38,,
T,2023-03-14 10:07:23,6.27548818,-75.57358429,3.22,1467.876,23.834,8.630,250,24,38,,
T,2023-03-14 10:07:24,6.27545956,-75.57365487,3.22,1468.123,23.835,8.840,248,24,38,,
T,2023-03-14 10:07:25,6.27543596,-75.57372802,3.22,1468.371,23.835,8.430,252,25,38,,
T,2023-03-14 10:07:26,6.27541222,-75.57379786,3.22,1468.094,23.836,7.600,251,25,38,,
T,2023-03-14 10:07:27,6.27538491,-75.57387702,3.22,1468.862,23.836,9.240,250,25,38,,
T,2023-03-14 10:07:28,6.27535330,-75.57395894,3.22,1469.178,23.836,10.300,249,25,38,,
T,2023-03-14 10:07:29,6.27531580,-75.57404574,3.22,1470.052,23.837,11.560,245,25,38,,
T,2023-03-14 10:07:30,6.27527194,-75.57414898,3.22,1470.673,23.838,12.680,247,25,38,,
T,2023-03-14 10:07:31,6.27523086,-75.57425884,3.22,1470.903,23.838,13.140,249,25,38,,
T,2023-03-14 10:07:32,6.27518929,-75.57436823,3.22,1471.317,23.839,13.560,250,25,38,,
T,2023-03-14 10:07:33,6.27515355,-75.57447598,3.22,1470.482,23.840,13.500,251,25,38,,
T,2023-03-14 10:07:34,6.27510977,-75.57459573,3.22,1470.348,23.840,13.830,251,25,38,,
T,2023-03-14 10:07:35,6.27506191,-75.57471385,3.22,1470.825,23.841,13.940,249,25,38,,
T,2023-03-14 10:07:36,6.27501985,-75.57483588,3.22,1471.391,23.842,14.070,252,25,38,,
T,2023-03-14 10:07:37,6.27498162,-75.57495401,3.22,1471.568,23.843,13.570,251,25,38,,
T,2023-03-14 10:07:38,6.27493707,-75.57507508,3.22,1471.916,23.843,14.010,251,25,38,,
T,2023-03-14 10:07:39,6.27489512,-75.57520390,3.22,1472.145,23.844,13.940,251,25,38,,
T,2023-03-14 10:07:40,6.27486111,-75.57531911,3.22,1472.263,23.845,13.660,252,24,38,,
T,2023-03-14 10:07:41,6.27481848,-75.57544084,3.22,1472.878,23.845,15.330,251,24,38,,
T,2023-03-14 10:07:42,6.27476931,-75.57556336,3.22,1472.555,23.846,14.500,249,24,38,,
T,2023-03-14 10:07:43,6.27472987,-75.57568505,3.22,1473.768,23.847,14.440,250,24,38,,
T,2023-03-14 10:07:44,6.27468320,-75.57581474,3.22,1474.699,23.848,14.530,250,24,38,,
T,2023-03-14 10:07:45,6.27464081,-75.57593961,3.22,1475.310,23.848,14.690,253,24,38,,
T,2023-03-14 10:07:46,6.27459499,-75.57606770,3.22,1475.742,23.849,14.410,249,24,38,,
T,2023-03-14 10:07:47,6.27454737,-75.57619496,3.22,1476.680,23.850,15.170,250,24,38,,
T,2023-03-14 10:07:48,6.27450082,-75.57632465,3.22,1477.502,23.851,15.330,252,24,38,,
T,2023-03-14 10:07:49,6.27445596,-75.57644763,3.22,1477.972,23.851,15.100,250,24,38,,
T,2023-03-14 10:07:50,6.27440879,-75.57658221,3.22,1479.214,23.852,15.510,250,24,38,,
T,2023-03-14 10:07:51,6.27436589,-75.57670803,3.22,1479.814,23.853,15.270,251,24,39,,
T,2023-03-14 10:07:52,6.27431627,-75.57683435,3.22,1476.241,23.854,15.270,250,24,39,,
T,2023-03-14 10:07:53,6.27426997,-75.57695899,3.22,1478.191,23.855,14.570,248,24,39,,
T,2023-03-14 10:07:54,6.27422186,-75.57708423,3.22,1479.863,23.855,15.360,249,24,39,,
T,2023-03-14 10:07:55,6.27418202,-75.57721198,3.22,1480.867,23.856,14.970,251,24,39,,
T,2023-03-14 10:07:56,6.27413167,-75.57734150,3.22,1481.417,23.857,15.060,250,24,39,,
T,2023-03-14 10:07:57,6.27408685,-75.57746886,3.22,1481.567,23.858,14.880,250,24,39,,
T,2023-03-14 10:07:58,6.27404302,-75.57758911,3.22,1482.837,23.858,13.680,251,24,39,,
T,2023-03-14 10:07:59,6.27400033,-75.57769917,3.22,1483.125,23.859,12.860,251,24,38,,
T,2023-03-14 10:08:00,6.27396306,-75.57780782,3.22,1482.208,23.860,11.950,251,24,39,,
T,2023-03-14 10:08:01,6.27392994,-75.57791536,3.22,1483.497,23.860,12.160,251,23,39,,
T,2023-03-14 10:08:02,6.27389689,-75.57800186,3.22,1483.848,23.861,10.720,249,23,39,,
T,2023-03-14 10:08:03,6.27385901,-75.57810186,3.22,1485.091,23.861,11.630,250,22,39,,
T,2023-03-14 10:08:04,6.27382617,-75.57820116,3.22,1485.586,23.862,11.140,251,22,39,,
T,2023-03-14 10:08:05,6.27379664,-75.57829791,3.22,1486.788,23.863,10.030,253,22,39,,
T,2023-03-14 10:08:06,6.27376551,-75.57839029,3.22,1487.771,23.863,10.840,254,22,39,,
T,2023-03-14 10:08:07,6.27373055,-75.57847858,3.22,1487.735,23.864,10.870,250,22,39,,
T,2023-03-14 10:08:08,6.27369976,-75.57857001,3.22,1487.962,23.864,10.870,251,22,39,,
T,2023-03-14 10:08:09,6.27366697,-75.57866307,3.22,1488.313,23.865,11.210,251,22,39,,
T,2023-03-14 10:08:10,6.27363140,-75.57876071,3.22,1488.502,23.865,11.810,251,22,39,,
T,2023-03-14 10:08:11,6.27359240,-75.57886068,3.22,1487.491,23.866,11.930,250,22,39,,
T,2023-03-14 10:08:12,6.27355715,-75.57897081,3.22,1489.224,23.867,12.020,252,22,39,,
T,2023-03-14 10:08:13,6.27352845,-75.57907567,3.22,1489.968,23.867,12.380,258,22,39,,
T,2023-03-14 10:08:14,6.27351063,-75.57919295,3.22,1490.917,23.868,12.630,265,21,39,,
T,2023-03-14 10:08:15,6.27350782,-75.57930800,3.22,1491.422,23.869,13.100,271,22,39,,
T,2023-03-14 10:08:16,6.27351220,-75.57942192,3.22,1492.412,23.869,13.010,274,22,39,,
T,2023-03-14 10:08:17,6.27352074,-75.57953485,3.22,1492.630,23.870,12.580,276,22,39,,
T,2023-03-14 10:08:18,6.27353301,-75.57964540,3.22,1493.314,23.870,12.310,278,22,39,,
T,2023-03-14 10:08:19,6.27354892,-75.57974201,3.22,1494.102,23.871,10.610,279,22,38,,
T,2023-03-14 10:08:20,6.27356583,-75.57984628,3.22,1494.906,23.871,11.740,278,22,39,,
T,2023-03-14 10:08:21,6.27358244,-75.57995213,3.22,1494.956,23.872,12.040,278,22,39,,
T,2023-03-14 10:08:22,6.27360423,-75.58005247,3.22,1494.782,23.872,11.460,278,22,39,,
T,2023-03-14 10:08:23,6.27361394,-75.58014709,3.22,1494.679,23.873,10.910,277,22,39,,
T,2023-03-14 10:08:24,6.27362593,-75.58023314,3.22,1496.002,23.873,9.600,276,22,39,,
T,2023-03-14 10:08:25,6.27363435,-75.58032907,3.22,1496.156,23.874,10.620,274,23,39,,
T,2023-03-14 10:08:26,6.27363896,-75.58042879,3.22,1496.298,23.874,11.270,273,23,39,,
T,2023-03-14 10:08:27,6.27364324,-75.58053470,3.22,1496.629,23.875,11.610,273,23,39,,
T,2023-03-14 10:08:28,6.27365416,-75.58063969,3.22,1496.602,23.875,12.320,275,23,39,,
T,2023-03-14 10:08:29,6.27366267,-75.58075883,3.22,1496.216,23.876,12.930,277,22,39,,
T,2023-03-14 10:08:30,6.27367027,-75.58087170,3.22,1496.571,23.876,12.570,274,21,39,,
T,2023-03-14 10:08:31,6.27367259,-75.58098773,3.22,1496.288,23.877,12.910,270,19,39,,
T,2023-03-14 10:08:32,6.27367457,-75.58111457,3.22,1497.385,23.878,13.660,274,19,39,,
T,2023-03-14 10:08:33,6.27367357,-75.58123512,3.22,1497.472,23.878,12.910,271,21,39,,
T,2023-03-14 10:08:34,6.27367162,-75.58134584,3.22,1497.085,23.879,12.530,269,21,39,,
T,2023-03-14 10:08:35,6.27367609,-75.58146175,3.22,1497.279,23.879,12.550,272,22,39,,
T,2023-03-14 10:08:36,6.27368177,-75.58157275,4.29,1497.234,23.880,12.090,272,22,39,,
T,2023-03-14 10:08:37,6.27368003,-75.58168469,4.29,1497.116,23.880,12.230,270,22,39,,
T,2023-03-14 10:08:38,6.27367583,-75.58179320,3.22,1497.531,23.881,11.540,267,22,39,,
T,2023-03-14 10:08:39,6.27366977,-75.58190327,3.22,1498.255,23.882,11.870,267,20,39,,
T,2023-03-14 10:08:40,6.27366346,-75.58201214,3.22,1498.617,23.882,11.970,266,20,39,,
T,2023-03-14 10:08:41,6.27365435,-75.58211416,3.22,1498.196,23.883,11.220,265,18,39,,
T,2023-03-14 10:08:42,6.27364773,-75.58221860,3.22,1497.760,23.883,11.400,266,19,39,,
T,2023-03-14 10:08:43,6.27364014,-75.58232264,3.22,1497.650,23.884,10.950,267,20,39,,
T,2023-03-14 10:08:44,6.27363622,-75.58241909,3.22,1497.492,23.884,10.560,267,21,39,,
T,2023-03-14 10:08:45,6.27363641,-75.58251579,3.22,1499.082,23.885,10.300,271,21,39,,
T,2023-03-14 10:08:46,6.27363377,-75.58261133,3.22,1499.918,23.885,10.000,269,23,39,,
T,2023-03-14 10:08:47,6.27362764,-75.58270017,3.22,1499.584,23.886,9.870,268,23,39,,
T,2023-03-14 10:08:48,6.27362108,-75.58279999,3.22,1498.994,23.886,10.470,269,24,39,,
T,2023-03-14 10:08:49,6.27362022,-75.58286441,3.22,1497.942,23.887,8.340,270,24,39,,
T,2023-03-14 10:08:50,6.27360930,-75.58294889,3.22,1497.909,23.887,9.420,265,23,39,,
T,2023-03-14 10:08:51,6.27359488,-75.58303942,3.22,1497.861,23.888,10.120,263,22,39,,
T,2023-03-14 10:08:52,6.27358537,-75.58312759,3.22,1498.216,23.888,10.290,263,22,39,,
T,2023-03-14 10:08:53,6.27357713,-75.58321585,3.22,1497.531,23.889,10.290,262,21,39,,
T,2023-03-14 10:08:54,6.27356390,-75.58328859,3.22,1495.456,23.889,10.580,261,20,39,,
T,2023-03-14 10:08:55,6.27354785,-75.58338259,3.22,1496.466,23.890,10.780,256,18,39,,
T,2023-03-14 10:08:56,6.27352306,-75.58347824,3.22,1497.909,23.890,11.060,254,18,39,,
T,2023-03-14 10:08:57,6.27349220,-75.58356900,3.22,1499.194,23.891,10.220,251,17,39,,
T,2023-03-14 10:08:58,6.27346391,-75.58365118,3.22,1499.212,23.891,9.090,248,19,39,,
T,2023-03-14 10:08:59,6.27343034,-75.58373437,3.22,1500.817,23.892,9.190,248,21,39,,
T,2023-03-14 10:09:00,6.27340034,-75.58381461,3.22,1501.778,23.892,9.470,247,21,39,,
T,2023-03-14 10:09:01,6.27337078,-75.58389364,3.22,1501.931,23.893,9.480,248,21,39,,
T,2023-03-14 10:09:02,6.27334062,-75.58397836,3.22,1502.804,23.893,9.500,248,21,39,,
T,2023-03-14 10:09:03,6.27330136,-75.58406312,3.22,1503.986,23.894,9.880,244,22,39,,
T,2023-03-14 10:09:04,6.27327378,-75.58414608,3.22,1504.200,23.894,9.720,247,22,39,,
T,2023-03-14 10:09:05,6.27323800,-75.58422116,3.22,1504.015,23.895,9.250,246,22,39,,
T,2023-03-14 10:09:06,6.27319676,-75.58430206,3.22,1504.529,23.895,9.820,246,22,39,,
T,2023-03-14 10:09:07,6.27317296,-75.58438488,3.22,1504.813,23.896,10.120,249,20,39,,
T,2023-03-14 10:09:08,6.27313957,-75.58446270,3.22,1504.552,23.896,9.250,248,22,39,,
T,2023-03-14 10:09:09,6.27310542,-75.58454242,3.22,1504.664,23.897,9.370,245,22,39,,
T,2023-03-14 10:09:10,6.27307459,-75.58460900,3.22,1504.215,23.897,8.320,246,20,38,,
T,2023-03-14 10:09:11,6.27304454,-75.58467265,3.22,1504.185,23.897,7.400,245,18,39,,
T,2023-03-14 10:09:12,6.27300774,-75.58473909,3.22,1504.499,23.898,8.050,245,18,39,,
T,2023-03-14 10:09:13,6.27298012,-75.58480314,3.22,1505.264,23.898,8.410,245,16,39,,
T,2023-03-14 10:09:14,6.27294454,-75.58487947,3.22,1506.193,23.899,8.620,248,19,39,,
T,2023-03-14 10:09:15,6.27290927,-75.58495404,3.22,1505.915,23.899,9.210,248,19,39,,
T,2023-03-14 10:09:16,6.27287894,-75.58502973,4.29,1506.308,23.900,8.630,248,20,39,,
T,2023-03-14 10:09:17,6.27285582,-75.58511062,5.36,1501.260,23.900,8.360,250,20,39,,
T,2023-03-14 10:09:18,6.27281533,-75.58518438,4.29,1504.130,23.901,8.580,246,20,39,,
T,2023-03-14 10:09:19,6.27279615,-75.58525408,4.29,1506.178,23.901,8.120,249,20,39,,
T,2023-03-14 10:09:20,6.27277271,-75.58531100,4.29,1507.298,23.901,8.050,253,21,39,,
T,2023-03-14 10:09:21,6.27273597,-75.58537443,4.29,1510.478,23.902,8.060,252,21,39,,
T,2023-03-14 10:09:22,6.27273334,-75.58545786,3.22,1508.816,23.902,7.930,262,22,39,,
T,2023-03-14 10:09:23,6.27272010,-75.58552229,3.22,1508.846,23.903,7.360,258,21,39,,
T,2023-03-14 10:09:24,6.27270041,-75.58558714,3.22,1508.802,23.903,7.230,255,20,39,,
T,2023-03-14 10:09:25,6.27269331,-75.58564466,3.22,1510.052,23.903,5.910,261,21,39,,
T,2023-03-14 10:09:26,6.27268485,-75.58568335,3.22,1510.290,23.904,5.130,256,22,39,,
T,2023-03-14 10:09:27,6.27267237,-75.58572398,3.22,1510.276,23.904,4.580,258,23,39,,
T,2023-03-14 10:09:28,6.27266589,-75.58576283,3.22,1510.777,23.904,4.150,261,22,39,,
T,2023-03-14 10:09:29,6.27266407,-75.58580739,3.22,1512.093,23.904,5.660,263,21,39,,
T,2023-03-14 10:09:30,6.27265635,-75.58584859,3.22,1512.259,23.904,4.630,260,21,39,,
T,2023-03-14 10:09:31,6.27265152,-75.58589775,3.22,1511.646,23.905,5.370,263,21,39,,
T,2023-03-14 10:09:32,6.27264657,-75.58593936,3.22,1511.881,23.905,4.890,264,20,39,,
T,2023-03-14 10:09:33,6.27265273,-75.58597897,3.22,1512.777,23.905,4.590,291,19,39,,
T,2023-03-14 10:09:34,6.27267270,-75.58600318,3.22,1512.879,23.905,4.460,320,21,39,,
T,2023-03-14 10:09:35,6.27270712,-75.58599974,3.22,1512.677,23.905,3.880,6,21,39,,
T,2023-03-14 10:09:36,6.27273680,-75.58601011,4.29,1511.634,23.905,3.990,358,22,39,,
T,2023-03-14 10:09:37,6.27277455,-75.58596116,3.22,1511.567,23.905,6.210,57,22,39,,
T,2023-03-14 10:09:38,6.27279710,-75.58593522,3.22,1513.627,23.905,4.680,58,22,39,,
T,2023-03-14 10:09:39,6.27282105,-75.58588750,3.22,1514.338,23.904,5.450,68,22,39,,
T,2023-03-14 10:09:40,6.27284061,-75.58585582,3.22,1513.799,23.904,3.820,68,22,39,,
T,2023-03-14 10:09:41,6.27287030,-75.58583571,4.29,1514.967,23.904,3.010,35,22,39,,
T,2023-03-14 10:09:42,6.27288773,-75.58581381,3.22,1513.996,23.904,1.700,51,22,39,,
T,2023-03-14 10:09:43,6.27288847,-75.58579602,3.22,1514.690,23.904,1.600,51,22,39,,
T,2023-03-14 10:09:44,6.27289148,-75.58579224,3.22,1515.439,23.904,0.340,51,22,39,,
T,2023-03-14 10:09:45,6.27289179,-75.58579157,3.22,1516.016,23.904,0.000,,22,39,,
T,2023-03-14 10:09:46,6.27289413,-75.58577617,3.22,1515.356,23.904,0.580,51,22,39,,
T,2023-03-14 10:09:47,6.27289508,-75.58576848,4.29,1515.469,23.903,0.750,51,22,39,,
T,2023-03-14 10:09:48,6.27289445,-75.58576883,4.29,1515.679,23.903,0.240,51,22,39,,
T,2023-03-14 10:09:49,6.27290061,-75.58576043,4.29,1515.383,23.903,0.000,,22,39,,
T,2023-03-14 10:09:50,6.27290166,-75.58575890,4.29,1515.178,23.903,0.000,,22,39,,
T,2023-03-14 10:09:51,6.27290184,-75.58576238,4.29,1514.436,23.903,0.000,,22,39,,
T,2023-03-14 10:09:52,6.27290332,-75.58576416,4.29,1514.455,23.903,0.000,,22,39,,
T,2023-03-14 10:09:53,6.27290531,-75.58576584,4.29,1514.068,23.903,0.000,,22,39,,
T,2023-03-14 10:09:54,6.27290785,-75.58576954,4.29,1514.145,23.903,0.000,,22,39,,
T,2023-03-14 10:09:55,6.27291008,-75.58576923,4.29,1513.787,23.903,0.000,,22,39,,
T,2023-03-14 10:09:56,6.27291462,-75.58577017,4.29,1513.790,23.903,0.000,,21,39,,
T,2023-03-14 10:09:57,6.27291679,-75.58577296,4.29,1513.899,23.903,0.000,,22,39,,
T,2023-03-14 10:09:58,6.27291901,-75.58577489,4.29,1513.871,23.903,0.000,,22,39,,
T,2023-03-14 10:09:59,6.27291773,-75.58577801,4.29,1513.516,23.903,0.000,,21,39,,
T,2023-03-14 10:10:00,6.27291846,-75.58577856,4.29,1513.574,23.903,0.000,,21,39,,
T,2023-03-14 10:10:01,6.27291880,-75.58577878,4.29,1513.581,23.903,0.000,,21,39,,
T,2023-03-14 10:10:02,6.27291856,-75.58577928,4.29,1513.624,23.903,0.000,,20,39,,
T,2023-03-14 10:10:03,6.27291866,-75.58577915,4.29,1513.616,23.903,0.000,,19,39,,
T,2023-03-14 10:10:04,6.27291874,-75.58577896,4.29,1513.614,23.903,0.000,,18,39,,
T,2023-03-14 10:10:05,6.27291877,-75.58577929,4.29,1513.605,23.903,0.000,,18,39,,
T,2023-03-14 10:10:06,6.27291857,-75.58577954,4.29,1513.633,23.903,0.000,,20,39,,
T,2023-03-14 10:10:07,6.27291858,-75.58577960,3.22,1513.641,23.903,0.000,,21,39,,
T,2023-03-14 10:10:08,6.27291855,-75.58577937,3.22,1513.677,23.903,0.000,,21,39,,
T,2023-03-14 10:10:09,6.27291854,-75.58577942,3.22,1513.681,23.903,0.000,,22,39,,
T,2023-03-14 10:10:10,6.27291967,-75.58577724,4.29,1514.606,23.903,0.000,,22,39,,
T,2023-03-14 10:10:11,6.27291804,-75.58578209,4.29,1516.246,23.903,0.000,,22,39,,
T,2023-03-14 10:10:12,6.27291659,-75.58578413,4.29,1515.814,23.904,0.000,,22,39,,
T,2023-03-14 10:10:13,6.27291831,-75.58579013,3.22,1517.294,23.904,0.000,,20,39,,
T,2023-03-14 10:10:14,6.27292025,-75.58579455,3.22,1518.271,23.904,0.000,,21,39,,
T,2023-03-14 10:10:15,6.27292159,-75.58579693,3.22,1517.975,23.904,0.000,,21,39,,
T,2023-03-14 10:10:16,6.27292230,-75.58579643,3.22,1517.956,23.904,0.000,,21,39,,
T,2023-03-14 10:10:17,6.27292235,-75.58579641,3.22,1517.758,23.904,0.000,,21,39,,
T,2023-03-14 10:10:18,6.27292469,-75.58579668,3.22,1517.663,23.904,0.000,,21,39,,
T,2023-03-14 10:10:19,6.27292698,-75.58579669,3.22,1518.305,23.904,0.000,,21,39,,
T,2023-03-14 10:10:20,6.27292773,-75.58579354,3.22,1518.280,23.904,0.000,,21,39,,
T,2023-03-14 10:10:21,6.27292746,-75.58579218,3.22,1518.148,23.904,0.000,,19,39,,
T,2023-03-14 10:10:22,6.27292741,-75.58579129,3.22,1518.100,23.904,0.000,,20,39,,
T,2023-03-14 10:10:23,6.27292721,-75.58579066,3.22,1518.145,23.904,0.000,,20,39,,
T,2023-03-14 10:10:24,6.27292696,-75.58579031,3.22,1518.206,23.904,0.000,,20,39,,
T,2023-03-14 10:10:25,6.27292679,-75.58579004,3.22,1518.207,23.904,0.000,,20,39,,
T,2023-03-14 10:10:26,6.27292664,-75.58578989,3.22,1518.245,23.904,0.000,,21,39,,
T,2023-03-14 10:10:27,6.27292645,-75.58578987,3.22,1518.286,23.904,0.000,,21,39,,
T,2023-03-14 10:10:28,6.27292662,-75.58578961,3.22,1518.125,23.904,0.000,,19,39,,
T,2023-03-14 10:10:29,6.27292692,-75.58578921,3.22,1518.036,23.904,0.000,,21,39,,
T,2023-03-14 10:10:30,6.27292697,-75.58578897,3.22,1518.021,23.904,0.000,,21,39,,
T,2023-03-14 10:10:31,6.27292696,-75.58578885,3.22,1518.023,23.904,0.000,,21,39,,
T,2023-03-14 10:10:32,6.27292415,-75.58579107,3.22,1518.063,23.904,0.350,230,20,39,,
