type,date time,latitude,longitude,accuracy(m),altitude(m),geoid_height(m),speed(m/s),bearing(deg),sat_used,sat_inview,name,desc
T,2023-04-26 01:10:05,6.27378333,-75.59175167,4.30,1511.167,23.933,15.444,254,11,40,20230425-201005,GPS Logger: 20230425-201005 - Recorrido 2
T,2023-04-26 01:10:06,6.27378833,-75.59187333,3.80,1514.567,23.933,15.426,256,11,40,,
T,2023-04-26 01:10:07,6.27378833,-75.59198667,3.50,1520.266,23.934,15.358,257,12,40,,
T,2023-04-26 01:10:08,6.27387000,-75.59207833,3.20,1533.966,23.934,14.508,268,17,40,,
T,2023-04-26 01:10:09,6.27390000,-75.59219167,3.00,1538.465,23.935,13.640,277,18,40,,
T,2023-04-26 01:10:10,6.27391333,-75.59231833,2.80,1539.665,23.935,12.840,274,19,40,,
T,2023-04-26 01:10:11,6.27392000,-75.59244500,2.70,1539.564,23.936,12.553,270,20,40,,
T,2023-04-26 01:10:12,6.27391667,-75.59257333,2.50,1539.164,23.936,11.927,262,20,40,,
T,2023-04-26 01:10:14,6.27386833,-75.59278167,2.30,1537.662,23.938,11.526,255,21,40,,
T,2023-04-26 01:10:15,6.27382500,-75.59287667,2.40,1536.862,23.938,11.384,250,21,40,,
T,2023-04-26 01:10:16,6.27375333,-75.59295333,2.40,1536.961,23.939,11.194,232,21,40,,
T,2023-04-26 01:10:17,6.27368000,-75.59302000,2.30,1536.661,23.939,10.988,224,22,40,,
T,2023-04-26 01:10:18,6.27360000,-75.59308000,2.30,1536.960,23.940,10.653,218,21,40,,
T,2023-04-26 01:10:19,6.27351000,-75.59312500,2.50,1536.460,23.940,9.893,215,21,40,,
T,2023-04-26 01:10:20,6.27342167,-75.59316333,2.50,1535.959,23.941,9.859,209,21,40,,
T,2023-04-26 01:10:21,6.27334000,-75.59319167,2.60,1535.459,23.941,9.629,207,21,40,,
T,2023-04-26 01:10:22,6.27325500,-75.59321500,2.60,1535.759,23.941,8.966,207,20,40,,
T,2023-04-26 01:10:23,6.27317500,-75.59322833,2.50,1535.858,23.942,9.213,210,21,40,,
T,2023-04-26 01:10:24,6.27309667,-75.59327000,2.40,1535.058,23.942,9.388,211,22,40,,
T,2023-04-26 01:10:25,6.27301667,-75.59331500,2.30,1534.458,23.942,8.998,210,21,40,,
T,2023-04-26 01:10:26,6.27294333,-75.59335667,2.30,1533.757,23.943,8.431,208,22,40,,
T,2023-04-26 01:10:27,6.27287500,-75.59339000,2.30,1533.257,23.943,8.184,207,23,40,,
T,2023-04-26 01:10:28,6.27280833,-75.59343000,2.30,1532.357,23.943,7.642,207,22,40,,
T,2023-04-26 01:10:29,6.27274167,-75.59347167,2.50,1531.456,23.944,7.438,205,22,40,,
T,2023-04-26 01:10:30,6.27267500,-75.59349833,2.50,1531.256,23.944,7.973,204,21,39,,
T,2023-04-26 01:10:31,6.27260333,-75.59352833,2.70,1530.656,23.944,8.545,202,20,40,,
T,2023-04-26 01:10:32,6.27252833,-75.59357000,2.70,1528.955,23.945,9.633,206,20,40,,
T,2023-04-26 01:10:33,6.27244667,-75.59361500,2.80,1527.755,23.945,10.113,207,19,40,,
T,2023-04-26 01:10:34,6.27235167,-75.59367333,2.80,1527.154,23.946,11.796,209,20,40,,
T,2023-04-26 01:10:35,6.27224667,-75.59372167,2.90,1527.154,23.946,12.581,211,20,40,,
T,2023-04-26 01:10:36,6.27215500,-75.59377500,2.90,1525.953,23.947,12.262,214,20,40,,
T,2023-04-26 01:10:37,6.27206333,-75.59383833,2.90,1525.853,23.947,12.358,218,17,40,,
T,2023-04-26 01:10:38,6.27197667,-75.59391000,3.10,1525.652,23.948,12.318,220,16,40,,
T,2023-04-26 01:10:39,6.27189833,-75.59399000,3.20,1525.152,23.948,12.798,225,16,40,,
T,2023-04-26 01:10:40,6.27183000,-75.59407333,3.10,1524.451,23.949,12.493,228,17,40,,
T,2023-04-26 01:10:41,6.27177000,-75.59414833,3.10,1523.950,23.950,11.525,230,17,40,,
T,2023-04-26 01:10:42,6.27170833,-75.59421167,3.20,1523.950,23.950,10.555,226,16,40,,
T,2023-04-26 01:10:43,6.27165500,-75.59427500,3.30,1523.249,23.951,9.455,234,15,40,,
T,2023-04-26 01:10:44,6.27159833,-75.59434167,3.20,1523.149,23.951,9.551,233,15,40,,
T,2023-04-26 01:10:45,6.27153000,-75.59441500,3.20,1523.348,23.952,10.409,231,14,40,,
T,2023-04-26 01:10:46,6.27145833,-75.59449500,3.30,1523.148,23.952,11.320,230,12,40,,
T,2023-04-26 01:10:47,6.27139167,-75.59456333,3.30,1523.147,23.953,11.045,226,12,40,,
T,2023-04-26 01:10:48,6.27131500,-75.59463500,3.20,1522.847,23.953,10.808,227,15,40,,
T,2023-04-26 01:10:49,6.27124833,-75.59469500,3.20,1523.546,23.954,10.292,229,16,40,,
T,2023-04-26 01:10:50,6.27118333,-75.59474000,3.20,1522.846,23.954,9.394,227,14,40,,
T,2023-04-26 01:10:51,6.27112333,-75.59480000,3.30,1522.346,23.954,8.595,229,12,40,,
T,2023-04-26 01:10:52,6.27107667,-75.59484333,3.30,1521.345,23.955,6.910,228,11,40,,
T,2023-04-26 01:10:53,6.27102500,-75.59489167,3.30,1520.045,23.955,6.929,221,12,40,,
T,2023-04-26 01:10:54,6.27097000,-75.59493667,3.30,1519.944,23.956,7.398,215,13,40,,
T,2023-04-26 01:10:55,6.27092333,-75.59496667,3.20,1519.944,23.956,6.241,213,14,40,,
T,2023-04-26 01:10:56,6.27088667,-75.59498333,3.10,1519.644,23.956,6.346,209,14,40,,
T,2023-04-26 01:10:57,6.27081833,-75.59502500,3.00,1519.544,23.956,7.363,206,14,40,,
T,2023-04-26 01:10:58,6.27074833,-75.59506667,3.00,1519.643,23.957,8.020,207,14,40,,
T,2023-04-26 01:10:59,6.27068333,-75.59509000,2.90,1519.443,23.957,7.654,203,15,40,,
T,2023-04-26 01:11:00,6.27061833,-75.59510667,3.00,1519.843,23.957,7.132,199,15,40,,
T,2023-04-26 01:11:01,6.27054833,-75.59512833,3.00,1519.842,23.958,6.970,199,15,40,,
T,2023-04-26 01:11:02,6.27050667,-75.59511500,3.00,1520.342,23.958,5.708,194,18,40,,
T,2023-04-26 01:11:03,6.27047167,-75.59511500,2.90,1520.842,23.958,4.927,191,20,40,,
T,2023-04-26 01:11:04,6.27044000,-75.59511667,2.80,1522.042,23.958,4.574,193,20,40,,
T,2023-04-26 01:11:05,6.27040000,-75.59512500,2.80,1522.342,23.958,4.970,201,20,40,,
T,2023-04-26 01:11:06,6.27036167,-75.59513833,2.80,1523.042,23.958,4.813,200,19,40,,
T,2023-04-26 01:11:07,6.27031167,-75.59515167,2.80,1522.142,23.958,4.795,194,20,40,,
T,2023-04-26 01:11:08,6.27027500,-75.59515833,2.80,1522.042,23.958,4.542,192,21,40,,
T,2023-04-26 01:11:09,6.27024333,-75.59516000,2.80,1521.742,23.958,4.265,187,21,40,,
T,2023-04-26 01:11:10,6.27020500,-75.59517667,2.40,1523.741,23.959,4.141,189,21,40,,
T,2023-04-26 01:11:11,6.27016333,-75.59519667,2.10,1523.641,23.959,4.036,196,22,40,,
T,2023-04-26 01:11:12,6.27012667,-75.59521167,2.00,1524.341,23.959,3.875,194,22,40,,
T,2023-04-26 01:11:13,6.27009000,-75.59522833,2.00,1524.541,23.959,3.411,191,22,40,,
T,2023-04-26 01:11:14,6.27006000,-75.59524500,2.00,1523.841,23.959,2.896,190,23,40,,
T,2023-04-26 01:11:15,6.27003000,-75.59526167,1.90,1523.941,23.959,3.148,192,23,40,,
T,2023-04-26 01:11:16,6.27000500,-75.59526667,1.90,1525.041,23.959,2.778,189,23,40,,
T,2023-04-26 01:11:17,6.26998167,-75.59526167,2.00,1525.041,23.959,2.468,194,23,40,,
T,2023-04-26 01:11:18,6.26996167,-75.59527000,2.00,1524.840,23.960,2.244,191,24,40,,
T,2023-04-26 01:11:19,6.26994333,-75.59527500,1.90,1524.540,23.960,1.681,181,24,40,,
T,2023-04-26 01:11:20,6.26993000,-75.59528167,1.80,1524.640,23.960,1.212,181,25,40,,
T,2023-04-26 01:11:21,6.26991667,-75.59529000,1.80,1524.940,23.960,1.580,189,25,40,,
T,2023-04-26 01:11:22,6.26990333,-75.59529333,1.80,1525.240,23.960,1.472,189,25,40,,
T,2023-04-26 01:11:23,6.26989167,-75.59529000,1.70,1525.540,23.960,0.000,,25,40,,
T,2023-04-26 01:11:24,6.26989167,-75.59528667,1.60,1525.640,23.960,0.000,,26,40,,
T,2023-04-26 01:11:25,6.26989333,-75.59528500,1.60,1525.440,23.960,0.000,,25,40,,
T,2023-04-26 01:11:26,6.26989333,-75.59528500,1.60,1525.440,23.960,0.000,,24,40,,
T,2023-04-26 01:11:27,6.26989333,-75.59528500,1.70,1525.440,23.960,0.000,,23,40,,
T,2023-04-26 01:11:28,6.26989333,-75.59528500,1.90,1525.440,23.960,0.000,,22,40,,
T,2023-04-26 01:11:29,6.26989333,-75.59528500,1.20,1525.440,23.960,0.000,,22,40,,
T,2023-04-26 01:11:30,6.26989333,-75.59528500,1.10,1525.440,23.960,0.000,,21,40,,
T,2023-04-26 01:11:31,6.26989333,-75.59528500,1.50,1525.440,23.960,0.000,,21,40,,
T,2023-04-26 01:11:32,6.26989333,-75.59528500,1.80,1525.440,23.960,0.000,,20,40,,
T,2023-04-26 01:11:33,6.26989333,-75.59528500,2.10,1525.440,23.960,0.000,,19,40,,
T,2023-04-26 01:11:34,6.26989333,-75.59528500,2.20,1525.440,23.960,0.000,,18,40,,
T,2023-04-26 01:11:35,6.26989333,-75.59528500,2.40,1525.440,23.960,0.000,,18,40,,
T,2023-04-26 01:11:36,6.26989333,-75.59528500,2.40,1525.440,23.960,0.000,,18,40,,
T,2023-04-26 01:11:37,6.26989333,-75.59528500,2.40,1525.440,23.960,0.000,,19,40,,
T,2023-04-26 01:11:38,6.26989333,-75.59528500,2.40,1525.440,23.960,0.000,,20,40,,
T,2023-04-26 01:11:39,6.26989333,-75.59528500,2.40,1525.440,23.960,0.000,,18,40,,
T,2023-04-26 01:11:40,6.26989333,-75.59528500,2.40,1525.440,23.960,0.000,,18,40,,
T,2023-04-26 01:11:41,6.26989333,-75.59528500,2.50,1525.440,23.960,0.000,,18,40,,
T,2023-04-26 01:11:42,6.26986667,-75.59525833,2.60,1525.340,23.960,1.742,180,17,39,,
T,2023-04-26 01:11:43,6.26984500,-75.59525667,2.70,1525.440,23.960,2.017,170,17,40,,
T,2023-04-26 01:11:44,6.26981500,-75.59525333,2.80,1525.640,23.960,2.633,176,17,40,,
T,2023-04-26 01:11:45,6.26977500,-75.59525000,2.90,1525.740,23.960,3.390,180,16,40,,
T,2023-04-26 01:11:46,6.26972500,-75.59525167,2.90,1525.940,23.960,4.302,185,16,40,,
T,2023-04-26 01:11:47,6.26968167,-75.59525167,2.90,1526.040,23.960,4.267,191,16,40,,
T,2023-04-26 01:11:48,6.26962500,-75.59526167,3.00,1526.140,23.960,4.997,189,15,40,,
T,2023-04-26 01:11:49,6.26955000,-75.59527333,3.10,1526.239,23.961,6.376,191,15,40,,
T,2023-04-26 01:11:50,6.26948333,-75.59528000,3.20,1526.239,23.961,6.408,186,15,39,,
T,2023-04-26 01:11:51,6.26942000,-75.59528667,3.10,1526.539,23.961,6.042,189,15,40,,
T,2023-04-26 01:11:52,6.26934167,-75.59530667,3.20,1526.639,23.961,6.793,192,16,40,,
T,2023-04-26 01:11:53,6.26926500,-75.59532667,3.20,1526.839,23.961,6.941,192,16,40,,
T,2023-04-26 01:11:54,6.26919500,-75.59534167,3.20,1526.738,23.962,6.979,191,15,40,,
T,2023-04-26 01:11:55,6.26913000,-75.59535333,3.30,1526.338,23.962,7.090,190,14,40,,
T,2023-04-26 01:11:56,6.26905667,-75.59537167,3.20,1526.138,23.962,6.985,190,14,40,,
T,2023-04-26 01:11:57,6.26898500,-75.59538500,3.30,1526.038,23.962,7.251,187,13,39,,
T,2023-04-26 01:11:58,6.26890667,-75.59540000,3.30,1525.937,23.963,7.748,187,13,39,,
T,2023-04-26 01:11:59,6.26882500,-75.59542333,3.30,1525.637,23.963,7.957,189,12,39,,
T,2023-04-26 01:12:00,6.26875000,-75.59544500,3.40,1525.437,23.963,7.812,190,11,40,,
T,2023-04-26 01:12:01,6.26866333,-75.59547167,3.50,1525.336,23.964,8.580,190,11,40,,
T,2023-04-26 01:12:02,6.26856000,-75.59551000,3.60,1525.236,23.964,9.381,192,11,40,,
T,2023-04-26 01:12:03,6.26846000,-75.59553667,3.60,1525.636,23.964,9.872,194,12,40,,
T,2023-04-26 01:12:04,6.26836500,-75.59555667,3.60,1525.635,23.965,10.089,190,11,40,,
T,2023-04-26 01:12:05,6.26826667,-75.59558333,3.60,1525.535,23.965,10.372,190,10,40,,
T,2023-04-26 01:12:06,6.26817167,-75.59561167,3.70,1525.135,23.965,10.357,190,10,40,,
T,2023-04-26 01:12:07,6.26808000,-75.59562833,4.00,1524.934,23.966,10.254,190,10,39,,
T,2023-04-26 01:12:08,6.26799167,-75.59565167,3.90,1524.534,23.966,9.077,190,10,39,,
T,2023-04-26 01:12:09,6.26790500,-75.59567333,3.90,1524.434,23.966,8.901,190,9,39,,
T,2023-04-26 01:12:10,6.26780167,-75.59570167,3.90,1523.933,23.967,9.535,192,10,40,,
T,2023-04-26 01:12:11,6.26769167,-75.59572500,4.00,1523.333,23.967,10.004,193,9,40,,
T,2023-04-26 01:12:12,6.26760167,-75.59576667,3.90,1522.932,23.968,9.981,195,10,40,,
T,2023-04-26 01:12:13,6.26750500,-75.59579333,3.80,1522.632,23.968,10.187,194,9,40,,
T,2023-04-26 01:12:14,6.26740833,-75.59581667,3.90,1522.332,23.968,10.482,196,9,40,,
T,2023-04-26 01:12:15,6.26729667,-75.59584500,3.90,1521.631,23.969,10.927,197,9,40,,
T,2023-04-26 01:12:16,6.26717167,-75.59587667,4.00,1521.331,23.969,11.651,197,9,40,,
T,2023-04-26 01:12:17,6.26705667,-75.59590667,3.90,1521.130,23.970,11.167,193,9,40,,
T,2023-04-26 01:12:18,6.26693833,-75.59591333,3.80,1520.630,23.970,11.131,190,10,40,,
T,2023-04-26 01:12:19,6.26682000,-75.59593000,3.80,1520.430,23.970,11.448,191,10,40,,
T,2023-04-26 01:12:20,6.26670167,-75.59595333,3.70,1519.529,23.971,11.146,191,11,40,,
T,2023-04-26 01:12:21,6.26657833,-75.59597333,3.70,1519.129,23.971,11.410,191,11,40,,
T,2023-04-26 01:12:22,6.26647000,-75.59598667,3.70,1518.629,23.971,10.705,189,11,40,,
T,2023-04-26 01:12:23,6.26636333,-75.59600333,3.70,1518.128,23.972,10.605,188,11,40,,
T,2023-04-26 01:12:24,6.26626000,-75.59603167,3.70,1517.528,23.972,10.730,190,11,40,,
T,2023-04-26 01:12:25,6.26617000,-75.59604500,3.80,1517.428,23.972,10.738,189,10,40,,
T,2023-04-26 01:12:26,6.26608167,-75.59605000,3.90,1517.227,23.973,10.733,188,10,40,,
T,2023-04-26 01:12:27,6.26598333,-75.59607667,3.90,1515.527,23.973,10.873,188,11,40,,
T,2023-04-26 01:12:28,6.26587000,-75.59611167,3.90,1514.927,23.973,11.410,191,12,40,,
T,2023-04-26 01:12:29,6.26575667,-75.59615333,3.80,1514.826,23.974,11.406,192,12,40,,
T,2023-04-26 01:12:30,6.26565333,-75.59617500,3.80,1514.426,23.974,10.824,192,12,40,,
T,2023-04-26 01:12:31,6.26555833,-75.59620333,3.80,1513.825,23.975,10.394,194,13,40,,
T,2023-04-26 01:12:32,6.26546000,-75.59623500,3.70,1513.625,23.975,10.401,193,13,40,,
T,2023-04-26 01:12:33,6.26536833,-75.59626000,3.70,1513.425,23.975,10.310,194,12,39,,
T,2023-04-26 01:12:34,6.26529000,-75.59628333,3.70,1513.424,23.976,9.514,193,12,40,,
T,2023-04-26 01:12:35,6.26520833,-75.59630667,3.60,1513.224,23.976,8.842,191,11,40,,
T,2023-04-26 01:12:36,6.26513500,-75.59632000,3.50,1512.924,23.976,8.598,189,11,40,,
T,2023-04-26 01:12:37,6.26505667,-75.59633000,3.50,1512.624,23.976,9.223,189,11,40,,
T,2023-04-26 01:12:38,6.26497667,-75.59635000,3.30,1511.523,23.977,9.523,190,12,40,,
T,2023-04-26 01:12:39,6.26488333,-75.59638167,3.30,1511.423,23.977,9.754,191,13,40,,
T,2023-04-26 01:12:40,6.26479167,-75.59639000,3.10,1510.123,23.977,10.351,189,15,40,,
T,2023-04-26 01:12:41,6.26468000,-75.59641167,3.00,1509.822,23.978,10.656,191,16,40,,
T,2023-04-26 01:12:42,6.26457500,-75.59644000,2.90,1508.522,23.978,10.696,192,18,40,,
T,2023-04-26 01:12:43,6.26448333,-75.59646667,2.80,1506.922,23.978,10.071,192,19,39,,
T,2023-04-26 01:12:44,6.26439167,-75.59649167,3.00,1506.021,23.979,9.332,195,19,39,,
T,2023-04-26 01:12:45,6.26429833,-75.59652000,3.00,1504.721,23.979,9.483,197,20,40,,
T,2023-04-26 01:12:46,6.26420833,-75.59654000,2.90,1504.021,23.979,9.851,198,19,40,,
T,2023-04-26 01:12:47,6.26412000,-75.59656500,2.90,1503.220,23.980,9.547,198,18,40,,
T,2023-04-26 01:12:48,6.26403667,-75.59658500,2.80,1503.020,23.980,8.919,194,18,40,,
T,2023-04-26 01:12:49,6.26395667,-75.59660667,2.80,1502.920,23.980,8.669,197,18,40,,
T,2023-04-26 01:12:50,6.26389167,-75.59664000,2.90,1502.719,23.981,8.497,204,18,40,,
T,2023-04-26 01:12:51,6.26383667,-75.59668667,2.80,1502.419,23.981,8.403,210,17,40,,
T,2023-04-26 01:12:52,6.26379833,-75.59674667,2.80,1502.219,23.981,7.805,220,17,40,,
T,2023-04-26 01:12:53,6.26376500,-75.59682167,3.00,1501.118,23.982,8.120,234,18,40,,
T,2023-04-26 01:12:54,6.26374833,-75.59689833,3.10,1499.918,23.982,8.247,243,16,40,,
T,2023-04-26 01:12:55,6.26373167,-75.59697333,3.10,1499.317,23.983,8.228,246,17,40,,
T,2023-04-26 01:12:56,6.26371833,-75.59704833,3.20,1498.517,23.983,8.606,249,17,40,,
T,2023-04-26 01:12:57,6.26371667,-75.59712500,3.30,1498.016,23.984,8.905,255,17,40,,
T,2023-04-26 01:12:58,6.26371833,-75.59720500,3.40,1497.416,23.984,9.154,260,15,40,,
T,2023-04-26 01:12:59,6.26373333,-75.59727000,3.40,1496.816,23.984,8.275,267,15,40,,
T,2023-04-26 01:13:00,6.26376000,-75.59736333,3.50,1495.415,23.985,8.809,272,12,40,,
T,2023-04-26 01:13:01,6.26379500,-75.59745333,3.50,1494.515,23.985,9.109,275,12,40,,
T,2023-04-26 01:13:02,6.26384000,-75.59756833,3.50,1492.514,23.986,10.280,282,15,40,,
T,2023-04-26 01:13:03,6.26389000,-75.59765167,3.50,1492.514,23.986,9.368,283,15,40,,
T,2023-04-26 01:13:04,6.26393167,-75.59772333,3.40,1492.914,23.986,8.509,283,16,40,,
T,2023-04-26 01:13:05,6.26395667,-75.59779000,3.20,1492.714,23.986,7.460,282,16,40,,
T,2023-04-26 01:13:06,6.26397167,-75.59786167,3.10,1493.413,23.987,6.799,279,15,40,,
T,2023-04-26 01:13:07,6.26398000,-75.59790667,3.00,1493.613,23.987,6.165,280,15,40,,
T,2023-04-26 01:13:08,6.26399667,-75.59795833,3.10,1493.213,23.987,6.197,284,14,40,,
T,2023-04-26 01:13:09,6.26401333,-75.59799333,3.00,1492.613,23.987,4.697,284,14,40,,
T,2023-04-26 01:13:10,6.26402500,-75.59802000,3.00,1492.812,23.988,3.782,284,15,40,,
T,2023-04-26 01:13:11,6.26403833,-75.59806333,2.90,1492.712,23.988,3.445,270,17,40,,
T,2023-04-26 01:13:12,6.26403833,-75.59808000,2.90,1493.212,23.988,2.362,274,16,40,,
T,2023-04-26 01:13:13,6.26402833,-75.59808333,2.80,1493.512,23.988,0.000,,17,40,,
T,2023-04-26 01:13:14,6.26402333,-75.59809000,2.80,1493.212,23.988,0.000,,17,40,,
T,2023-04-26 01:13:15,6.26401667,-75.59809167,2.80,1493.412,23.988,0.000,,15,40,,
T,2023-04-26 01:13:16,6.26401667,-75.59809167,2.80,1493.412,23.988,0.000,,15,40,,
T,2023-04-26 01:13:17,6.26401667,-75.59809167,2.90,1493.412,23.988,0.000,,14,40,,
T,2023-04-26 01:13:18,6.26401667,-75.59809167,3.00,1493.412,23.988,0.000,,14,40,,
T,2023-04-26 01:13:19,6.26402833,-75.59811667,3.00,1493.512,23.988,2.371,289,14,40,,
T,2023-04-26 01:13:20,6.26403167,-75.59814667,3.00,1493.612,23.988,3.599,286,15,40,,
T,2023-04-26 01:13:21,6.26403833,-75.59818500,3.10,1493.612,23.988,3.892,279,16,40,,
T,2023-04-26 01:13:22,6.26404667,-75.59824500,3.10,1493.711,23.989,5.357,282,16,40,,
T,2023-04-26 01:13:23,6.26405333,-75.59831333,3.10,1493.711,23.989,6.066,279,17,40,,
T,2023-04-26 01:13:24,6.26406833,-75.59838500,3.10,1494.411,23.989,6.995,279,17,40,,
T,2023-04-26 01:13:25,6.26408167,-75.59847500,3.20,1494.910,23.990,8.287,279,17,40,,
T,2023-04-26 01:13:26,6.26409500,-75.59856500,3.30,1495.510,23.990,8.772,277,17,40,,
T,2023-04-26 01:13:27,6.26410000,-75.59867000,3.40,1495.809,23.991,9.637,273,15,40,,
T,2023-04-26 01:13:28,6.26411333,-75.59876333,3.50,1495.609,23.991,9.632,277,12,40,,
T,2023-04-26 01:13:29,6.26413000,-75.59884667,3.60,1494.708,23.992,9.302,276,12,40,,
T,2023-04-26 01:13:30,6.26414000,-75.59892500,3.70,1494.608,23.992,9.034,275,13,40,,
T,2023-04-26 01:13:31,6.26414667,-75.59899500,3.80,1494.408,23.992,8.543,272,12,40,,
T,2023-04-26 01:13:32,6.26414833,-75.59905500,3.80,1494.007,23.993,7.841,270,12,39,,
T,2023-04-26 01:13:33,6.26415000,-75.59908833,3.90,1493.907,23.993,6.441,268,11,39,,
T,2023-04-26 01:13:34,6.26414333,-75.59912333,3.80,1494.007,23.993,5.328,264,13,39,,
T,2023-04-26 01:13:35,6.26412167,-75.59916000,3.70,1494.607,23.993,5.050,266,11,40,,
T,2023-04-26 01:13:36,6.26410500,-75.59916500,3.80,1494.907,23.993,3.963,258,11,40,,
T,2023-04-26 01:13:37,6.26409500,-75.59916333,3.70,1495.307,23.993,3.039,246,12,40,,
T,2023-04-26 01:13:38,6.26409833,-75.59914833,3.60,1495.407,23.993,1.962,233,14,40,,
T,2023-04-26 01:13:39,6.26409333,-75.59914167,3.40,1495.707,23.993,1.023,233,15,40,,
T,2023-04-26 01:13:40,6.26409000,-75.59913000,3.30,1495.907,23.993,0.000,,14,40,,
T,2023-04-26 01:13:41,6.26409000,-75.59913167,3.40,1495.707,23.993,0.000,,14,40,,
T,2023-04-26 01:13:42,6.26409000,-75.59913167,3.40,1495.607,23.993,0.000,,15,40,,
T,2023-04-26 01:13:43,6.26409000,-75.59913167,3.40,1495.607,23.993,0.000,,16,40,,
T,2023-04-26 01:13:44,6.26409000,-75.59913167,3.40,1495.607,23.993,0.000,,18,40,,
T,2023-04-26 01:13:45,6.26409000,-75.59913167,3.40,1495.607,23.993,0.000,,18,40,,
T,2023-04-26 01:13:46,6.26409000,-75.59913167,3.50,1495.607,23.993,0.000,,17,40,,
T,2023-04-26 01:13:47,6.26409000,-75.59913167,3.30,1495.607,23.993,0.000,,17,40,,
T,2023-04-26 01:13:48,6.26409000,-75.59913167,3.20,1495.607,23.993,0.000,,16,40,,
T,2023-04-26 01:13:49,6.26409000,-75.59913167,3.10,1495.607,23.993,0.000,,15,40,,
T,2023-04-26 01:13:50,6.26409000,-75.59913167,3.10,1495.607,23.993,0.000,,15,40,,
T,2023-04-26 01:13:51,6.26409000,-75.59913167,3.10,1495.607,23.993,0.000,,14,40,,
T,2023-04-26 01:13:52,6.26409000,-75.59913167,3.20,1495.607,23.993,0.000,,14,40,,
T,2023-04-26 01:13:53,6.26409000,-75.59913167,3.20,1495.607,23.993,0.000,,14,40,,
T,2023-04-26 01:13:54,6.26409000,-75.59913167,3.20,1495.607,23.993,0.000,,15,40,,
T,2023-04-26 01:13:55,6.26409000,-75.59913167,3.10,1495.607,23.993,0.000,,17,40,,
T,2023-04-26 01:13:56,6.26409000,-75.59913167,3.10,1495.607,23.993,0.000,,17,40,,
T,2023-04-26 01:13:57,6.26409000,-75.59913167,3.10,1495.607,23.993,0.000,,15,40,,
T,2023-04-26 01:13:58,6.26403500,-75.59914333,3.10,1493.407,23.993,2.667,203,15,40,,
T,2023-04-26 01:13:59,6.26400667,-75.59914667,3.20,1493.607,23.993,3.114,197,14,40,,
T,2023-04-26 01:14:00,6.26396833,-75.59915833,3.30,1493.606,23.994,3.827,197,15,40,,
T,2023-04-26 01:14:01,6.26391000,-75.59917500,3.50,1493.706,23.994,4.986,197,13,40,,
T,2023-04-26 01:14:02,6.26383833,-75.59919667,3.60,1493.606,23.994,5.902,195,13,40,,
T,2023-04-26 01:14:03,6.26373667,-75.59921667,3.80,1493.906,23.994,7.632,192,12,40,,
T,2023-04-26 01:14:04,6.26361667,-75.59924667,3.80,1494.005,23.995,9.262,192,11,40,,
T,2023-04-26 01:14:05,6.26351500,-75.59928500,3.80,1494.005,23.995,9.767,197,10,40,,
T,2023-04-26 01:14:06,6.26341500,-75.59931167,3.90,1494.004,23.996,9.941,198,10,40,,
T,2023-04-26 01:14:07,6.26330500,-75.59935500,3.90,1493.604,23.996,10.322,196,10,40,,
T,2023-04-26 01:14:08,6.26319000,-75.59940500,3.90,1493.303,23.997,10.921,197,9,40,,
T,2023-04-26 01:14:09,6.26306667,-75.59945167,3.90,1493.003,23.997,11.580,198,9,40,,
T,2023-04-26 01:14:10,6.26295500,-75.59947000,3.80,1493.402,23.998,11.801,197,12,40,,
T,2023-04-26 01:14:11,6.26284167,-75.59949833,3.90,1493.702,23.998,11.839,196,11,40,,
T,2023-04-26 01:14:12,6.26272000,-75.59952333,3.90,1493.502,23.998,12.308,193,10,39,,
T,2023-04-26 01:14:13,6.26260333,-75.59954667,4.00,1493.001,23.999,12.909,194,9,39,,
T,2023-04-26 01:14:14,6.26248833,-75.59957000,4.00,1492.501,23.999,13.006,193,9,39,,
T,2023-04-26 01:14:15,6.26238000,-75.59959667,4.10,1492.101,23.999,12.672,193,9,39,,
T,2023-04-26 01:14:16,6.26228167,-75.59962500,4.10,1491.600,24.000,12.129,193,9,39,,
T,2023-04-26 01:14:17,6.26217667,-75.59967167,4.10,1491.200,24.000,12.017,197,7,39,,
T,2023-04-26 01:14:18,6.26205667,-75.59970333,4.10,1491.099,24.001,12.327,197,7,39,,
T,2023-04-26 01:14:19,6.26195500,-75.59974167,4.30,1491.199,24.001,12.293,198,7,39,,
T,2023-04-26 01:14:20,6.26185000,-75.59977500,4.60,1491.198,24.002,11.748,200,8,39,,
T,2023-04-26 01:14:21,6.26176833,-75.59980833,4.70,1489.998,24.002,10.794,203,8,39,,
T,2023-04-26 01:14:22,6.26175500,-75.59983167,5.00,1489.098,24.002,7.927,205,9,39,,
T,2023-04-26 01:14:23,6.26178000,-75.59983667,4.90,1488.098,24.002,5.403,211,6,39,,
T,2023-04-26 01:14:24,6.26178167,-75.59985167,4.80,1487.398,24.002,5.147,220,6,39,,
T,2023-04-26 01:14:25,6.26179500,-75.59988167,4.60,1487.398,24.002,5.172,233,8,39,,
T,2023-04-26 01:14:26,6.26179667,-75.59991833,4.40,1487.398,24.002,5.676,241,8,39,,
T,2023-04-26 01:14:27,6.26180167,-75.59995500,4.40,1487.197,24.003,5.711,247,7,39,,
T,2023-04-26 01:14:28,6.26183667,-75.60000167,4.40,1487.097,24.003,6.387,264,7,40,,
T,2023-04-26 01:14:29,6.26187833,-75.60005000,4.30,1487.197,24.003,6.407,270,7,40,,
T,2023-04-26 01:14:30,6.26191333,-75.60011000,4.40,1487.097,24.003,6.806,277,8,40,,
T,2023-04-26 01:14:31,6.26195167,-75.60017667,4.40,1487.097,24.003,7.018,282,8,40,,
T,2023-04-26 01:14:32,6.26197667,-75.60025667,4.50,1486.996,24.004,7.434,282,8,40,,
T,2023-04-26 01:14:33,6.26203000,-75.60032167,4.60,1486.896,24.004,7.450,286,6,40,,
T,2023-04-26 01:14:34,6.26208333,-75.60037000,4.50,1487.296,24.004,7.440,288,6,40,,
T,2023-04-26 01:14:35,6.26211667,-75.60044667,4.60,1487.595,24.005,7.961,290,6,40,,
T,2023-04-26 01:14:36,6.26212167,-75.60053000,4.70,1486.895,24.005,8.083,282,6,40,,
T,2023-04-26 01:14:37,6.26212833,-75.60060333,4.90,1486.595,24.005,7.940,280,6,40,,
T,2023-04-26 01:14:38,6.26213167,-75.60066333,5.10,1486.694,24.006,7.530,277,4,40,,
T,2023-04-26 01:14:39,6.26214667,-75.60073000,5.40,1486.694,24.006,7.545,279,4,40,,
T,2023-04-26 01:14:40,6.26215833,-75.60079833,5.70,1486.594,24.006,7.628,279,4,40,,
T,2023-04-26 01:14:41,6.26214833,-75.60081500,5.20,1486.394,24.006,7.031,274,7,39,,
T,2023-04-26 01:14:42,6.26212833,-75.60088333,5.10,1486.093,24.007,6.787,266,8,40,,
T,2023-04-26 01:14:43,6.26210000,-75.60093833,5.00,1486.193,24.007,6.394,257,9,40,,
T,2023-04-26 01:14:44,6.26206333,-75.60098167,4.90,1485.793,24.007,5.986,248,10,40,,
T,2023-04-26 01:14:45,6.26201500,-75.60100167,5.00,1485.792,24.008,5.455,238,10,40,,
T,2023-04-26 01:14:46,6.26195167,-75.60101333,4.80,1485.692,24.008,5.089,224,11,40,,
T,2023-04-26 01:14:47,6.26188000,-75.60102667,4.70,1485.492,24.008,5.514,208,10,40,,
T,2023-04-26 01:14:48,6.26181333,-75.60103667,4.70,1485.292,24.008,5.779,200,10,39,,
T,2023-04-26 01:14:49,6.26173667,-75.60103833,4.80,1484.992,24.008,6.374,191,9,39,,
T,2023-04-26 01:14:50,6.26166000,-75.60100000,4.80,1484.892,24.008,6.756,182,10,40,,
T,2023-04-26 01:14:51,6.26157000,-75.60096500,4.90,1484.592,24.008,7.817,175,8,40,,
T,2023-04-26 01:14:52,6.26148000,-75.60094667,4.90,1484.791,24.009,8.301,176,8,40,,
T,2023-04-26 01:14:53,6.26139167,-75.60092000,5.00,1484.991,24.009,8.681,174,8,40,,
T,2023-04-26 01:14:54,6.26132333,-75.60086333,5.00,1485.092,24.008,9.079,174,7,40,,
T,2023-04-26 01:14:55,6.26123000,-75.60083500,4.80,1485.791,24.009,9.492,176,9,40,,
T,2023-04-26 01:14:56,6.26113667,-75.60082000,4.60,1486.091,24.009,9.856,179,8,40,,
T,2023-04-26 01:14:57,6.26104000,-75.60082000,4.50,1486.091,24.009,10.027,180,9,40,,
T,2023-04-26 01:14:58,6.26098000,-75.60082000,4.50,1486.391,24.009,9.045,180,8,40,,
T,2023-04-26 01:14:59,6.26088667,-75.60083333,4.50,1486.591,24.009,9.572,180,8,40,,
T,2023-04-26 01:15:00,6.26080667,-75.60084667,4.50,1486.390,24.010,9.353,182,6,40,,
T,2023-04-26 01:15:01,6.26072500,-75.60085667,4.70,1486.590,24.010,9.495,183,6,40,,
T,2023-04-26 01:15:02,6.26062667,-75.60087333,4.80,1486.690,24.010,9.715,184,6,40,,
T,2023-04-26 01:15:03,6.26054000,-75.60089333,4.90,1486.690,24.010,9.742,187,6,40,,
T,2023-04-26 01:15:04,6.26045000,-75.60089667,5.30,1486.889,24.011,10.049,185,5,40,,
T,2023-04-26 01:15:05,6.26036833,-75.60088667,5.50,1486.889,24.011,9.631,181,5,40,,
T,2023-04-26 01:15:06,6.26028333,-75.60087000,5.80,1486.989,24.011,9.652,178,5,40,,
T,2023-04-26 01:15:07,6.26022167,-75.60084500,5.80,1487.089,24.011,9.173,174,5,40,,
T,2023-04-26 01:15:08,6.26015333,-75.60081667,5.80,1486.989,24.011,8.951,171,5,40,,
T,2023-04-26 01:15:09,6.26007667,-75.60080667,5.90,1486.989,24.011,9.228,173,5,40,,
T,2023-04-26 01:15:10,6.25999667,-75.60078667,5.90,1486.989,24.011,9.334,171,5,40,,
T,2023-04-26 01:15:11,6.25992000,-75.60074667,5.90,1486.989,24.011,9.586,165,5,40,,
T,2023-04-26 01:15:12,6.25984167,-75.60072500,5.90,1486.989,24.011,9.115,164,4,40,,
T,2023-04-26 01:15:13,6.25973167,-75.60069667,5.90,1486.989,24.011,9.921,165,5,39,,
T,2023-04-26 01:15:14,6.25970000,-75.60065000,5.70,1487.089,24.011,9.885,163,6,39,,
T,2023-04-26 01:15:15,6.25963333,-75.60061833,5.60,1487.289,24.011,9.541,164,6,39,,
T,2023-04-26 01:15:16,6.25957167,-75.60060500,5.40,1487.189,24.011,9.648,171,8,39,,
T,2023-04-26 01:15:17,6.25956500,-75.60058500,5.10,1489.089,24.011,9.644,172,8,39,,
T,2023-04-26 01:15:18,6.25951000,-75.60056000,5.00,1490.289,24.011,9.508,171,8,39,,
T,2023-04-26 01:15:19,6.25948500,-75.60054167,4.70,1492.289,24.011,8.998,171,8,39,,
T,2023-04-26 01:15:20,6.25945167,-75.60052667,4.60,1493.689,24.011,8.022,171,8,39,,
T,2023-04-26 01:15:21,6.25941000,-75.60051000,4.60,1495.189,24.011,7.700,173,8,39,,
T,2023-04-26 01:15:22,6.25935167,-75.60049667,4.60,1495.789,24.011,7.104,174,8,39,,
T,2023-04-26 01:15:23,6.25929667,-75.60047833,4.60,1496.489,24.011,6.868,172,8,39,,
T,2023-04-26 01:15:24,6.25924000,-75.60046500,4.70,1497.589,24.011,6.441,174,8,39,,
T,2023-04-26 01:15:25,6.25918167,-75.60046000,5.10,1497.789,24.011,6.314,175,9,39,,
T,2023-04-26 01:15:26,6.25912833,-75.60048667,4.80,1495.988,24.012,4.479,167,9,39,,
T,2023-04-26 01:15:27,6.25908167,-75.60049667,4.80,1494.788,24.012,5.045,176,7,39,,
T,2023-04-26 01:15:28,6.25901833,-75.60050500,4.80,1493.888,24.012,5.981,178,7,39,,
T,2023-04-26 01:15:29,6.25895167,-75.60051000,5.00,1493.488,24.012,6.443,180,6,39,,
T,2023-04-26 01:15:30,6.25888833,-75.60051000,5.30,1493.488,24.012,6.610,179,6,40,,
T,2023-04-26 01:15:31,6.25882833,-75.60050833,5.90,1493.388,24.012,6.610,179,4,40,,
T,2023-04-26 01:15:32,6.25876833,-75.60050833,37.60,1493.387,24.013,6.599,179,3,40,,
T,2023-04-26 01:15:33,6.25870667,-75.60051000,42.10,1493.387,24.013,6.633,181,3,40,,
T,2023-04-26 01:15:34,6.25865333,-75.60048833,46.90,1493.487,24.013,6.408,174,3,40,,
T,2023-04-26 01:15:35,6.25860667,-75.60048167,53.80,1493.487,24.013,6.115,173,3,40,,
T,2023-04-26 01:15:36,6.25856500,-75.60046667,59.50,1493.487,24.013,5.765,171,3,40,,
T,2023-04-26 01:15:37,6.25857000,-75.60044000,64.30,1493.487,24.013,4.682,163,3,40,,
T,2023-04-26 01:15:38,6.25852167,-75.60043167,70.40,1493.487,24.013,4.889,164,3,40,,
T,2023-04-26 01:15:39,6.25841667,-75.60042500,8.00,1493.387,24.013,5.575,171,5,40,,
T,2023-04-26 01:15:40,6.25832833,-75.60040833,7.90,1493.387,24.013,6.026,173,5,40,,
T,2023-04-26 01:15:41,6.25821833,-75.60038833,7.60,1493.287,24.013,6.780,173,5,40,,
T,2023-04-26 01:15:42,6.25816833,-75.60036000,7.50,1493.787,24.013,6.781,173,5,40,,
T,2023-04-26 01:15:43,6.25811333,-75.60033333,7.30,1494.287,24.013,6.582,174,5,40,,
T,2023-04-26 01:15:44,6.25812333,-75.60030333,7.20,1495.087,24.013,5.572,171,5,40,,
T,2023-04-26 01:15:45,6.25808333,-75.60028500,6.90,1495.887,24.013,5.902,177,5,40,,
T,2023-04-26 01:15:46,6.25802833,-75.60028000,6.80,1495.587,24.013,6.326,174,5,40,,
T,2023-04-26 01:15:47,6.25796667,-75.60028333,6.90,1495.587,24.013,6.293,175,5,40,,
T,2023-04-26 01:15:48,6.25789500,-75.60028333,6.90,1495.387,24.013,6.766,174,5,39,,
T,2023-04-26 01:15:49,6.25781667,-75.60027833,7.00,1495.287,24.013,7.248,173,5,39,,
T,2023-04-26 01:15:50,6.25775000,-75.60027167,7.20,1495.286,24.014,7.481,172,5,39,,
T,2023-04-26 01:15:51,6.25769167,-75.60026333,7.40,1495.386,24.014,7.374,172,4,39,,
T,2023-04-26 01:15:52,6.25764167,-75.60025667,7.70,1495.686,24.014,7.227,173,4,39,,
T,2023-04-26 01:15:53,6.25758500,-75.60025667,63.40,1495.686,24.014,7.116,174,3,39,,
T,2023-04-26 01:15:54,6.25753167,-75.60027000,68.00,1495.786,24.014,7.004,178,3,39,,
T,2023-04-26 01:15:55,6.25750000,-75.60026667,8.50,1495.786,24.014,6.829,177,4,39,,
T,2023-04-26 01:15:56,6.25745333,-75.60024500,8.70,1495.786,24.014,6.669,174,4,39,,
T,2023-04-26 01:15:57,6.25739000,-75.60024667,81.20,1495.786,24.014,6.536,175,3,40,,
T,2023-04-26 01:15:58,6.25733000,-75.60024333,86.60,1495.686,24.014,6.334,176,3,40,,
T,2023-04-26 01:15:59,6.25727333,-75.60023333,92.30,1495.685,24.015,6.297,175,3,40,,
T,2023-04-26 01:16:00,6.25721667,-75.60019833,98.30,1495.686,24.014,6.570,169,3,40,,
T,2023-04-26 01:16:02,6.25710667,-75.60017500,9.90,1495.685,24.015,6.674,168,4,40,,
T,2023-04-26 01:16:05,6.25717667,-75.60023500,7.80,1497.885,24.015,5.010,177,5,40,,
T,2023-04-26 01:16:06,6.25713667,-75.60030667,7.00,1498.585,24.015,5.182,188,5,39,,
T,2023-04-26 01:16:07,6.25709000,-75.60031333,7.50,1498.585,24.015,5.145,189,5,39,,
T,2023-04-26 01:16:08,6.25712167,-75.60035167,6.50,1495.485,24.015,4.196,204,5,39,,
T,2023-04-26 01:16:09,6.25713000,-75.60040000,6.30,1491.384,24.016,3.638,224,6,39,,
T,2023-04-26 01:16:10,6.25713500,-75.60046667,6.00,1486.484,24.016,4.619,238,7,39,,
T,2023-04-26 01:16:11,6.25708833,-75.60052000,6.00,1485.084,24.016,5.218,231,6,39,,
T,2023-04-26 01:16:12,6.25707167,-75.60055333,5.90,1484.483,24.017,5.019,230,6,39,,
T,2023-04-26 01:16:13,6.25705667,-75.60058167,5.80,1484.683,24.017,4.878,230,7,39,,
T,2023-04-26 01:16:14,6.25707000,-75.60058167,5.50,1485.383,24.017,4.336,227,6,39,,
T,2023-04-26 01:16:15,6.25704333,-75.60063000,5.50,1486.083,24.017,4.530,225,5,39,,
T,2023-04-26 01:16:16,6.25702667,-75.60067167,5.50,1486.383,24.017,4.518,232,5,39,,
T,2023-04-26 01:16:17,6.25704500,-75.60071500,5.60,1486.582,24.018,3.934,249,5,40,,
T,2023-04-26 01:16:18,6.25702333,-75.60078333,5.60,1486.682,24.018,5.173,247,5,40,,
T,2023-04-26 01:16:19,6.25700167,-75.60086333,5.60,1486.682,24.018,6.264,249,5,40,,
T,2023-04-26 01:16:20,6.25700167,-75.60094167,5.60,1487.081,24.019,6.651,252,6,40,,
T,2023-04-26 01:16:21,6.25700000,-75.60107000,5.40,1486.281,24.019,7.976,259,6,40,,
T,2023-04-26 01:16:22,6.25697500,-75.60120000,5.20,1485.580,24.020,8.911,259,6,40,,
T,2023-04-26 01:16:23,6.25694833,-75.60131000,5.00,1485.579,24.021,9.375,257,7,40,,
T,2023-04-26 01:16:24,6.25693333,-75.60141167,4.80,1485.979,24.021,9.752,259,7,40,,
T,2023-04-26 01:16:25,6.25691667,-75.60150333,4.70,1486.278,24.022,9.517,258,7,40,,
T,2023-04-26 01:16:26,6.25692167,-75.60158667,4.60,1487.578,24.022,9.539,259,7,39,,
T,2023-04-26 01:16:27,6.25690833,-75.60165500,4.50,1489.477,24.023,9.263,259,8,39,,
T,2023-04-26 01:16:28,6.25687500,-75.60175000,4.40,1490.377,24.023,9.839,256,8,39,,
T,2023-04-26 01:16:29,6.25685000,-75.60183667,4.30,1491.176,24.024,9.813,255,8,39,,
T,2023-04-26 01:16:30,6.25682333,-75.60192333,4.30,1492.276,24.024,9.777,254,8,39,,
T,2023-04-26 01:16:31,6.25679500,-75.60200333,4.30,1493.575,24.025,9.386,253,7,39,,
T,2023-04-26 01:16:32,6.25677333,-75.60208167,4.40,1494.975,24.025,9.410,253,8,40,,
T,2023-04-26 01:16:33,6.25676167,-75.60215333,4.50,1495.274,24.026,8.806,257,9,40,,
T,2023-04-26 01:16:34,6.25673833,-75.60219667,4.40,1494.474,24.026,7.532,254,9,40,,
T,2023-04-26 01:16:35,6.25672000,-75.60226000,4.50,1493.174,24.026,7.296,257,6,40,,
T,2023-04-26 01:16:36,6.25670167,-75.60232833,4.40,1492.773,24.027,7.470,254,6,40,,
T,2023-04-26 01:16:37,6.25668833,-75.60239333,4.30,1491.573,24.027,7.173,254,6,40,,
T,2023-04-26 01:16:38,6.25667833,-75.60245000,4.20,1491.173,24.027,7.046,251,9,40,,
T,2023-04-26 01:16:39,6.25667000,-75.60249333,4.20,1491.472,24.028,6.365,246,9,40,,
T,2023-04-26 01:16:40,6.25665167,-75.60257833,4.10,1492.072,24.028,6.803,250,9,40,,
T,2023-04-26 01:16:41,6.25664000,-75.60266167,4.10,1492.571,24.029,7.120,253,9,40,,
T,2023-04-26 01:16:42,6.25662167,-75.60273333,4.00,1492.071,24.029,7.569,249,10,40,,
T,2023-04-26 01:16:43,6.25661667,-75.60279667,4.00,1494.471,24.029,8.095,246,10,40,,
T,2023-04-26 01:16:44,6.25660333,-75.60287500,3.90,1497.270,24.030,8.635,246,10,40,,
T,2023-04-26 01:16:45,6.25658667,-75.60293333,3.90,1499.370,24.030,7.769,245,10,40,,
T,2023-04-26 01:16:46,6.25656833,-75.60298833,4.00,1503.470,24.030,8.038,241,11,40,,
T,2023-04-26 01:16:47,6.25654333,-75.60305333,4.00,1505.569,24.031,8.285,242,11,40,,
T,2023-04-26 01:16:48,6.25651000,-75.60311667,4.10,1506.969,24.031,8.546,240,9,40,,
T,2023-04-26 01:16:49,6.25648500,-75.60317333,4.20,1508.068,24.032,8.431,241,9,40,,
T,2023-04-26 01:16:50,6.25646333,-75.60321500,4.30,1508.868,24.032,7.576,243,8,39,,
T,2023-04-26 01:16:51,6.25644333,-75.60325833,4.20,1509.168,24.032,7.281,243,8,39,,
T,2023-04-26 01:16:52,6.25643833,-75.60330833,4.10,1509.368,24.032,7.278,247,9,39,,
T,2023-04-26 01:16:53,6.25643000,-75.60335500,4.10,1509.267,24.033,6.491,249,9,39,,
T,2023-04-26 01:16:54,6.25640500,-75.60340500,3.90,1509.267,24.033,6.266,244,9,40,,
T,2023-04-26 01:16:55,6.25638000,-75.60346000,3.90,1509.167,24.033,6.908,244,9,40,,
T,2023-04-26 01:16:56,6.25634667,-75.60351333,3.90,1510.466,24.034,7.163,244,8,40,,
T,2023-04-26 01:16:57,6.25629500,-75.60358500,3.90,1511.066,24.034,7.576,241,11,40,,
T,2023-04-26 01:16:58,6.25626500,-75.60365500,3.80,1512.365,24.035,7.716,243,13,40,,
T,2023-04-26 01:16:59,6.25623000,-75.60373500,3.70,1510.965,24.035,7.868,241,15,40,,
T,2023-04-26 01:17:00,6.25620167,-75.60380833,3.70,1510.564,24.036,7.995,238,13,40,,
T,2023-04-26 01:17:01,6.25618667,-75.60386333,3.60,1511.264,24.036,7.378,241,14,40,,
T,2023-04-26 01:17:02,6.25618667,-75.60391000,3.60,1512.064,24.036,6.667,245,12,40,,
T,2023-04-26 01:17:03,6.25619500,-75.60394833,3.60,1512.864,24.036,5.495,251,11,40,,
T,2023-04-26 01:17:04,6.25618167,-75.60397667,3.60,1512.364,24.036,4.995,247,12,40,,
T,2023-04-26 01:17:05,6.25617833,-75.60400500,3.50,1511.963,24.037,4.536,249,13,40,,
T,2023-04-26 01:17:06,6.25617833,-75.60403167,3.50,1511.763,24.037,4.273,252,13,40,,
T,2023-04-26 01:17:07,6.25616833,-75.60407000,3.50,1512.063,24.037,4.547,251,12,40,,
T,2023-04-26 01:17:08,6.25615333,-75.60409667,3.50,1512.563,24.037,4.244,250,12,40,,
T,2023-04-26 01:17:09,6.25613833,-75.60413500,3.50,1512.763,24.037,4.942,247,13,40,,
T,2023-04-26 01:17:10,6.25612333,-75.60417833,3.40,1513.062,24.038,5.165,247,13,40,,
T,2023-04-26 01:17:11,6.25610667,-75.60422167,3.40,1513.562,24.038,5.060,250,12,40,,
T,2023-04-26 01:17:12,6.25609667,-75.60427833,3.40,1513.762,24.038,5.515,259,12,40,,
T,2023-04-26 01:17:13,6.25608000,-75.60435333,3.40,1513.361,24.039,6.398,259,14,40,,
T,2023-04-26 01:17:14,6.25606333,-75.60442333,3.50,1513.561,24.039,6.628,261,11,40,,
T,2023-04-26 01:17:15,6.25605167,-75.60449833,3.60,1513.561,24.039,6.961,260,11,40,,
T,2023-04-26 01:17:16,6.25604000,-75.60457000,3.70,1513.460,24.040,6.929,259,9,40,,
T,2023-04-26 01:17:17,6.25601333,-75.60464000,3.70,1513.260,24.040,6.615,256,13,40,,
T,2023-04-26 01:17:18,6.25598167,-75.60471167,3.80,1513.059,24.041,6.818,251,12,40,,
T,2023-04-26 01:17:19,6.25595000,-75.60479667,3.80,1513.559,24.041,6.844,251,11,40,,
T,2023-04-26 01:17:20,6.25593000,-75.60486333,3.70,1513.858,24.042,6.822,255,11,40,,
T,2023-04-26 01:17:21,6.25590833,-75.60493833,3.70,1514.158,24.042,6.383,248,12,40,,
T,2023-04-26 01:17:22,6.25588833,-75.60501000,3.70,1514.357,24.043,5.919,249,11,39,,
T,2023-04-26 01:17:23,6.25588000,-75.60507000,3.70,1514.557,24.043,6.034,256,10,39,,
T,2023-04-26 01:17:24,6.25588000,-75.60512667,3.80,1514.757,24.043,6.018,260,10,39,,
T,2023-04-26 01:17:25,6.25586667,-75.60518333,3.80,1515.457,24.043,6.228,257,12,39,,
T,2023-04-26 01:17:26,6.25584167,-75.60524833,3.80,1515.756,24.044,6.622,249,12,39,,
T,2023-04-26 01:17:27,6.25583000,-75.60529833,3.80,1516.256,24.044,6.303,248,11,40,,
T,2023-04-26 01:17:28,6.25583833,-75.60535333,3.80,1516.056,24.044,6.291,250,10,40,,
T,2023-04-26 01:17:29,6.25582500,-75.60540000,3.90,1515.955,24.045,5.782,246,9,40,,
T,2023-04-26 01:17:30,6.25580167,-75.60543833,3.90,1515.955,24.045,5.397,240,9,40,,
T,2023-04-26 01:17:31,6.25574000,-75.60548833,4.00,1515.755,24.045,7.058,223,8,40,,
T,2023-04-26 01:17:32,6.25569667,-75.60554167,4.00,1515.654,24.046,6.600,226,9,40,,
T,2023-04-26 01:17:33,6.25565500,-75.60557667,4.10,1515.554,24.046,6.369,226,8,39,,
T,2023-04-26 01:17:34,6.25561167,-75.60562000,4.20,1515.254,24.046,6.259,224,9,40,,
T,2023-04-26 01:17:35,6.25557167,-75.60565833,4.30,1515.353,24.047,6.392,222,10,40,,
T,2023-04-26 01:17:36,6.25548167,-75.60571167,4.30,1516.453,24.047,9.373,211,10,40,,
T,2023-04-26 01:17:37,6.25540000,-75.60573500,4.20,1516.453,24.047,9.197,206,11,40,,
T,2023-04-26 01:17:38,6.25530667,-75.60576500,4.10,1516.452,24.048,8.792,207,11,40,,
T,2023-04-26 01:17:39,6.25522833,-75.60580000,4.20,1516.252,24.048,8.824,210,11,40,,
T,2023-04-26 01:17:40,6.25516833,-75.60583333,4.20,1516.152,24.048,7.808,210,10,40,,
T,2023-04-26 01:17:41,6.25510500,-75.60586500,4.30,1516.351,24.049,7.473,207,10,40,,
T,2023-04-26 01:17:42,6.25505500,-75.60589167,4.30,1516.751,24.049,6.905,206,11,40,,
T,2023-04-26 01:17:43,6.25502167,-75.60591500,4.20,1517.151,24.049,6.089,205,10,40,,
T,2023-04-26 01:17:44,6.25497500,-75.60594333,4.30,1517.451,24.049,6.126,208,10,40,,
T,2023-04-26 01:17:45,6.25490500,-75.60597833,4.30,1517.850,24.050,6.955,203,10,40,,
T,2023-04-26 01:17:46,6.25483667,-75.60601667,4.30,1518.050,24.050,7.446,207,9,40,,
T,2023-04-26 01:17:47,6.25477500,-75.60603333,4.20,1518.850,24.050,8.042,205,10,40,,
T,2023-04-26 01:17:48,6.25469500,-75.60608667,4.30,1518.949,24.051,8.571,210,8,40,,
T,2023-04-26 01:17:49,6.25461667,-75.60613333,4.40,1519.149,24.051,9.182,209,8,40,,
T,2023-04-26 01:17:50,6.25453500,-75.60618833,4.40,1519.448,24.052,9.468,212,9,40,,
T,2023-04-26 01:17:51,6.25444667,-75.60624167,4.50,1519.548,24.052,10.061,210,9,40,,
T,2023-04-26 01:17:52,6.25435167,-75.60631167,4.50,1519.947,24.053,10.459,211,9,39,,
T,2023-04-26 01:17:53,6.25426333,-75.60637333,4.50,1520.347,24.053,10.249,210,9,39,,
T,2023-04-26 01:17:54,6.25416500,-75.60641667,4.50,1521.546,24.054,10.840,209,10,39,,
T,2023-04-26 01:17:55,6.25405500,-75.60646667,4.40,1522.646,24.054,11.073,210,9,39,,
T,2023-04-26 01:17:56,6.25394333,-75.60653333,4.40,1523.945,24.055,11.371,212,8,39,,
T,2023-04-26 01:17:57,6.25385167,-75.60659667,4.40,1524.445,24.055,10.704,213,7,39,,
T,2023-04-26 01:17:58,6.25377167,-75.60665500,4.40,1524.944,24.056,10.003,213,7,39,,
T,2023-04-26 01:17:59,6.25368833,-75.60671500,4.30,1524.944,24.056,9.547,212,8,39,,
T,2023-04-26 01:18:00,6.25362000,-75.60677333,4.30,1525.343,24.057,8.678,215,9,39,,
T,2023-04-26 01:18:01,6.25354833,-75.60682333,4.30,1525.743,24.057,8.572,216,8,39,,
T,2023-04-26 01:18:02,6.25348500,-75.60686833,4.30,1526.142,24.058,8.002,216,7,39,,
T,2023-04-26 01:18:03,6.25342333,-75.60690000,4.30,1526.442,24.058,7.384,212,7,39,,
T,2023-04-26 01:18:04,6.25336167,-75.60693333,4.40,1526.642,24.058,7.544,212,6,40,,
T,2023-04-26 01:18:05,6.25329667,-75.60697500,4.50,1526.841,24.059,7.786,212,6,40,,
T,2023-04-26 01:18:06,6.25322500,-75.60702500,4.60,1527.041,24.059,8.172,214,6,40,,
T,2023-04-26 01:18:07,6.25315167,-75.60706333,4.70,1527.041,24.059,8.433,212,6,40,,
T,2023-04-26 01:18:08,6.25308000,-75.60710000,4.80,1527.040,24.060,8.455,213,6,40,,
T,2023-04-26 01:18:09,6.25301000,-75.60714000,5.00,1527.140,24.060,8.558,214,6,40,,
T,2023-04-26 01:18:10,6.25295000,-75.60717000,5.10,1527.239,24.061,8.321,215,6,39,,
T,2023-04-26 01:18:11,6.25288500,-75.60724167,5.00,1525.639,24.061,7.859,214,7,39,,
T,2023-04-26 01:18:12,6.25282333,-75.60729833,4.90,1524.839,24.061,7.687,217,7,39,,
T,2023-04-26 01:18:13,6.25277667,-75.60733000,5.00,1524.838,24.062,7.124,218,6,39,,
T,2023-04-26 01:18:14,6.25272167,-75.60736500,5.00,1524.338,24.062,6.629,215,7,39,,
T,2023-04-26 01:18:15,6.25266833,-75.60740167,5.10,1523.938,24.062,6.458,214,8,40,,
T,2023-04-26 01:18:16,6.25261833,-75.60742833,5.10,1523.337,24.063,6.207,212,8,40,,
T,2023-04-26 01:18:17,6.25259167,-75.60744667,5.10,1523.337,24.063,5.883,211,7,40,,
T,2023-04-26 01:18:18,6.25254833,-75.60748333,5.20,1523.437,24.063,5.899,215,6,40,,
T,2023-04-26 01:18:37,6.25291167,-75.60715167,8.30,1517.939,24.061,2.291,208,5,39,,
T,2023-04-26 01:18:38,6.25290000,-75.60714833,8.20,1516.739,24.061,1.700,202,5,40,,
T,2023-04-26 01:18:39,6.25287333,-75.60715167,8.20,1516.539,24.061,2.442,188,4,40,,
T,2023-04-26 01:18:40,6.25284500,-75.60714500,8.20,1516.039,24.061,3.014,177,4,40,,
T,2023-04-26 01:18:41,6.25280500,-75.60715000,8.30,1516.139,24.061,3.259,182,4,40,,
T,2023-04-26 01:18:42,6.25279667,-75.60714833,8.30,1516.239,24.061,2.317,186,4,40,,
T,2023-04-26 01:18:43,6.25279000,-75.60716000,8.40,1516.239,24.061,1.637,206,4,40,,
T,2023-04-26 01:18:44,6.25278167,-75.60718167,72.20,1516.339,24.061,1.732,214,3,40,,
T,2023-04-26 01:18:45,6.25277333,-75.60719167,74.10,1516.539,24.061,1.506,239,3,40,,
T,2023-04-26 01:18:46,6.25274000,-75.60722833,76.30,1516.839,24.061,2.317,250,3,40,,
T,2023-04-26 01:18:47,6.25272833,-75.60726000,78.30,1517.139,24.061,2.901,268,3,39,,
T,2023-04-26 01:18:48,6.25271833,-75.60731167,80.20,1517.138,24.062,3.500,267,3,39,,
T,2023-04-26 01:18:49,6.25272167,-75.60734000,82.50,1517.238,24.062,3.032,259,3,39,,
T,2023-04-26 01:18:50,6.25271667,-75.60735667,84.90,1517.338,24.062,2.869,259,3,39,,
T,2023-04-26 01:18:51,6.25270667,-75.60735167,9.30,1517.538,24.062,2.268,244,4,40,,
T,2023-04-26 01:18:52,6.25268833,-75.60736667,9.20,1517.738,24.062,2.305,232,4,40,,
T,2023-04-26 01:18:53,6.25268000,-75.60738833,9.10,1517.938,24.062,2.176,236,4,40,,
T,2023-04-26 01:18:54,6.25265500,-75.60740500,9.10,1518.238,24.062,2.372,223,4,40,,
T,2023-04-26 01:18:55,6.25264167,-75.60739333,9.10,1518.438,24.062,2.047,213,4,40,,
T,2023-04-26 01:18:56,6.25263333,-75.60738667,9.10,1518.738,24.062,1.613,209,4,40,,
T,2023-04-26 01:18:57,6.25261833,-75.60738667,9.10,1518.938,24.062,1.639,196,4,40,,
T,2023-04-26 01:18:58,6.25261167,-75.60736167,9.10,1519.238,24.062,1.367,196,4,40,,
T,2023-04-26 01:18:59,6.25261000,-75.60735167,9.10,1519.538,24.062,0.000,,4,40,,
T,2023-04-26 01:19:00,6.25259833,-75.60734333,9.10,1519.738,24.062,0.000,,4,40,,
T,2023-04-26 01:19:01,6.25258167,-75.60733167,9.20,1520.038,24.062,2.011,149,4,39,,
T,2023-04-26 01:19:02,6.25255667,-75.60735167,9.20,1520.338,24.062,1.713,170,4,40,,
T,2023-04-26 01:19:03,6.25253500,-75.60735500,9.20,1520.738,24.062,1.531,179,4,40,,
T,2023-04-26 01:19:04,6.25253667,-75.60733333,9.20,1521.138,24.062,0.000,,4,40,,
T,2023-04-26 01:19:05,6.25255167,-75.60728833,9.20,1521.438,24.062,0.000,,4,40,,
T,2023-04-26 01:19:06,6.25254833,-75.60728500,9.20,1521.838,24.062,0.000,,4,40,,
T,2023-04-26 01:19:07,6.25254833,-75.60728500,9.20,1521.838,24.062,0.000,,4,40,,
T,2023-04-26 01:19:08,6.25256500,-75.60728667,9.30,1522.438,24.062,1.872,353,4,40,,
T,2023-04-26 01:19:09,6.25258167,-75.60728833,9.30,1522.738,24.062,2.162,350,4,40,,
T,2023-04-26 01:19:10,6.25258833,-75.60730833,9.30,1523.038,24.062,2.193,338,4,40,,
T,2023-04-26 01:19:11,6.25258333,-75.60733500,9.30,1523.238,24.062,1.704,318,4,39,,
T,2023-04-26 01:19:12,6.25245500,-75.60746000,8.00,1537.337,24.063,1.255,318,5,40,,
T,2023-04-26 01:19:13,6.25241167,-75.60752000,7.40,1545.436,24.064,1.420,318,5,40,,
T,2023-04-26 01:19:14,6.25238667,-75.60754000,7.10,1551.236,24.064,0.000,,5,40,,
T,2023-04-26 01:19:15,6.25237833,-75.60754333,7.00,1552.236,24.064,0.000,,5,40,,
T,2023-04-26 01:19:16,6.25238000,-75.60752833,6.90,1551.936,24.064,0.000,,6,40,,
T,2023-04-26 01:19:17,6.25238333,-75.60750167,6.50,1549.236,24.064,0.126,318,6,40,,
T,2023-04-26 01:19:18,6.25239000,-75.60749333,6.30,1548.637,24.063,0.000,,6,40,,
T,2023-04-26 01:19:19,6.25238167,-75.60749167,6.10,1549.337,24.063,0.000,,6,40,,
T,2023-04-26 01:19:20,6.25237333,-75.60749167,6.10,1549.636,24.064,0.000,,5,40,,
T,2023-04-26 01:19:21,6.25237333,-75.60749167,5.80,1549.636,24.064,0.000,,6,40,,
T,2023-04-26 01:19:22,6.25237333,-75.60749167,5.60,1549.636,24.064,0.000,,6,40,,
T,2023-04-26 01:19:23,6.25237333,-75.60749167,5.50,1549.636,24.064,0.000,,6,40,,
T,2023-04-26 01:19:24,6.25237333,-75.60749167,5.40,1549.636,24.064,0.000,,7,40,,
T,2023-04-26 01:19:25,6.25237333,-75.60749167,5.30,1549.636,24.064,0.000,,6,40,,
T,2023-04-26 01:19:26,6.25237333,-75.60749167,5.30,1549.636,24.064,0.000,,6,40,,
T,2023-04-26 01:19:27,6.25237333,-75.60749167,5.20,1549.636,24.064,0.000,,6,40,,
T,2023-04-26 01:19:28,6.25237333,-75.60749167,5.20,1549.636,24.064,0.000,,8,40,,
T,2023-04-26 01:19:29,6.25237333,-75.60749167,5.10,1549.636,24.064,0.000,,8,40,,
T,2023-04-26 01:19:30,6.25237333,-75.60749167,5.10,1549.636,24.064,0.000,,7,40,,
T,2023-04-26 01:19:31,6.25237333,-75.60749167,5.10,1549.636,24.064,0.000,,7,40,,
T,2023-04-26 01:19:32,6.25237333,-75.60749167,5.10,1549.636,24.064,0.000,,6,40,,
T,2023-04-26 01:19:33,6.25237333,-75.60749167,5.10,1549.636,24.064,0.000,,7,40,,
T,2023-04-26 01:19:34,6.25237333,-75.60749167,1.20,1549.636,24.064,0.000,,8,40,,
T,2023-04-26 01:19:35,6.25237667,-75.60749500,1.90,1554.336,24.064,2.848,199,8,40,,
T,2023-04-26 01:19:36,6.25234833,-75.60751167,2.50,1554.636,24.064,3.295,210,10,39,,
T,2023-04-26 01:19:37,6.25231500,-75.60753667,2.70,1554.936,24.064,3.910,214,12,39,,
T,2023-04-26 01:19:38,6.25228167,-75.60755500,3.00,1555.236,24.064,4.621,202,13,40,,
T,2023-04-26 01:19:39,6.25223333,-75.60758167,3.10,1555.436,24.064,5.422,205,12,40,,
T,2023-04-26 01:19:40,6.25218333,-75.60761333,3.40,1555.735,24.065,5.857,210,10,40,,
T,2023-04-26 01:19:41,6.25215000,-75.60764000,3.60,1555.935,24.065,5.478,211,9,40,,
T,2023-04-26 01:19:42,6.25209667,-75.60768333,3.90,1556.235,24.065,5.939,214,9,40,,
T,2023-04-26 01:19:43,6.25203833,-75.60772667,4.20,1556.535,24.065,6.368,213,9,40,,
T,2023-04-26 01:19:44,6.25197833,-75.60778000,4.30,1556.734,24.066,6.401,215,8,40,,
T,2023-04-26 01:19:45,6.25192667,-75.60783667,4.40,1557.234,24.066,6.492,222,8,40,,
T,2023-04-26 01:19:46,6.25188167,-75.60787167,4.50,1557.533,24.067,5.966,220,6,40,,
T,2023-04-26 01:19:47,6.25184000,-75.60791667,4.70,1557.933,24.067,6.435,224,5,40,,
T,2023-04-26 01:19:48,6.25179833,-75.60795500,4.90,1558.333,24.067,6.463,222,5,40,,
T,2023-04-26 01:19:49,6.25176167,-75.60800333,5.20,1558.632,24.068,6.638,226,5,40,,
T,2023-04-26 01:19:50,6.25173667,-75.60803333,5.40,1558.932,24.068,6.318,227,6,40,,
T,2023-04-26 01:19:51,6.25171667,-75.60805667,5.40,1559.232,24.068,6.185,229,5,40,,
T,2023-04-26 01:19:52,6.25171833,-75.60807500,5.50,1559.532,24.068,5.556,233,5,39,,
T,2023-04-26 01:19:53,6.25171167,-75.60811500,5.70,1559.932,24.068,5.426,243,4,39,,
T,2023-04-26 01:19:54,6.25168333,-75.60817333,5.90,1560.231,24.069,5.985,244,5,39,,
T,2023-04-26 01:19:55,6.25159833,-75.60830333,5.70,1560.630,24.070,7.802,239,7,40,,
T,2023-04-26 01:19:56,6.25149167,-75.60843667,5.60,1561.130,24.070,8.962,235,6,40,,
T,2023-04-26 01:19:57,6.25140833,-75.60853167,5.30,1561.529,24.071,8.984,231,6,40,,
T,2023-04-26 01:19:58,6.25132833,-75.60861667,5.20,1562.028,24.072,8.564,231,5,40,,
T,2023-04-26 01:19:59,6.25122833,-75.60872833,4.80,1562.527,24.073,8.527,230,6,40,,
T,2023-04-26 01:20:00,6.25114167,-75.60885500,4.60,1562.827,24.073,9.412,232,7,40,,
T,2023-04-26 01:20:01,6.25105167,-75.60896167,4.30,1563.126,24.074,10.068,231,7,40,,
T,2023-04-26 01:20:02,6.25098000,-75.60906333,4.20,1563.525,24.075,10.385,231,8,40,,
T,2023-04-26 01:20:03,6.25092667,-75.60914167,4.20,1564.025,24.075,10.250,233,7,40,,
T,2023-04-26 01:20:04,6.25085833,-75.60922000,4.20,1564.124,24.076,10.281,234,6,40,,
T,2023-04-26 01:20:05,6.25078500,-75.60930500,4.10,1564.223,24.077,10.567,234,6,40,,
T,2023-04-26 01:20:06,6.25071500,-75.60939833,4.00,1564.623,24.077,10.896,232,7,40,,
T,2023-04-26 01:20:07,6.25064333,-75.60948667,3.90,1564.722,24.078,10.902,230,9,40,,
T,2023-04-26 01:20:08,6.25057667,-75.60957833,3.90,1564.822,24.078,11.221,231,9,39,,
T,2023-04-26 01:20:09,6.25051000,-75.60966667,3.70,1564.821,24.079,11.365,232,12,39,,
T,2023-04-26 01:20:10,6.25042833,-75.60973500,3.70,1565.220,24.080,10.699,230,11,40,,
T,2023-04-26 01:20:11,6.25036167,-75.60980500,3.60,1565.720,24.080,10.588,233,11,40,,
T,2023-04-26 01:20:12,6.25030000,-75.60988000,3.60,1565.719,24.081,10.499,233,11,40,,
T,2023-04-26 01:20:13,6.25023000,-75.60996667,3.60,1565.819,24.081,10.951,231,9,40,,
T,2023-04-26 01:20:14,6.25017167,-75.61004333,3.70,1566.018,24.082,10.177,233,9,40,,
T,2023-04-26 01:20:15,6.25011333,-75.61012667,3.70,1566.018,24.082,9.972,236,11,40,,
T,2023-04-26 01:20:16,6.25003833,-75.61020833,3.60,1566.417,24.083,10.692,234,11,40,,
T,2023-04-26 01:20:17,6.24996667,-75.61028667,3.50,1566.916,24.084,10.910,232,12,40,,
T,2023-04-26 01:20:18,6.24989667,-75.61037833,3.60,1567.516,24.084,11.429,231,12,40,,
T,2023-04-26 01:20:19,6.24982833,-75.61046000,3.50,1567.815,24.085,11.409,235,11,40,,
T,2023-04-26 01:20:20,6.24977000,-75.61054333,3.60,1567.515,24.085,10.518,234,13,40,,
T,2023-04-26 01:20:21,6.24970667,-75.61063000,3.50,1568.014,24.086,9.979,233,11,40,,
T,2023-04-26 01:20:22,6.24965333,-75.61070333,3.60,1568.314,24.086,9.194,233,9,39,,
T,2023-04-26 01:20:23,6.24960333,-75.61076333,3.60,1568.613,24.087,8.957,230,7,39,,
T,2023-04-26 01:20:24,6.24956500,-75.61082000,3.70,1569.013,24.087,8.405,231,6,39,,
T,2023-04-26 01:20:25,6.24952000,-75.61087500,3.90,1569.413,24.087,7.680,229,6,40,,
T,2023-04-26 01:20:26,6.24948333,-75.61092000,4.00,1569.712,24.088,6.913,225,6,40,,
T,2023-04-26 01:20:27,6.24946167,-75.61095167,4.00,1570.612,24.088,5.612,226,7,40,,
T,2023-04-26 01:20:28,6.24944000,-75.61097333,4.10,1571.112,24.088,4.855,220,8,40,,
T,2023-04-26 01:20:29,6.24939667,-75.61100667,4.10,1571.412,24.088,4.950,220,10,40,,
T,2023-04-26 01:20:30,6.24936833,-75.61102167,4.10,1571.611,24.089,4.661,228,10,40,,
T,2023-04-26 01:20:31,6.24933833,-75.61106667,4.00,1571.911,24.089,4.883,237,12,40,,
T,2023-04-26 01:20:32,6.24934167,-75.61108500,4.00,1572.311,24.089,4.328,248,12,40,,
T,2023-04-26 01:20:33,6.24932333,-75.61115000,3.80,1572.911,24.089,4.998,257,13,40,,
T,2023-04-26 01:20:34,6.24932667,-75.61120667,3.90,1573.610,24.090,5.761,260,13,40,,
T,2023-04-26 01:20:35,6.24934000,-75.61126333,3.90,1574.310,24.090,5.639,265,13,40,,
T,2023-04-26 01:20:36,6.24939500,-75.61131333,3.90,1575.310,24.090,6.367,282,13,40,,
T,2023-04-26 01:20:37,6.24943333,-75.61135167,3.90,1576.110,24.090,5.676,290,14,39,,
T,2023-04-26 01:20:38,6.24950333,-75.61138500,3.80,1576.810,24.090,6.683,296,12,39,,
T,2023-04-26 01:20:39,6.24956667,-75.61143167,3.80,1577.310,24.090,7.631,298,12,39,,
T,2023-04-26 01:20:40,6.24962000,-75.61148667,3.70,1577.810,24.090,7.490,297,12,39,,
T,2023-04-26 01:20:41,6.24967167,-75.61154667,3.70,1578.009,24.091,7.619,298,12,40,,
T,2023-04-26 01:20:42,6.24972167,-75.61161167,3.70,1578.209,24.091,7.641,299,11,40,,
T,2023-04-26 01:20:43,6.24975833,-75.61168000,3.80,1578.509,24.091,7.149,298,11,40,,
T,2023-04-26 01:20:44,6.24979833,-75.61172667,3.80,1578.609,24.091,5.818,298,9,40,,
T,2023-04-26 01:20:45,6.24983667,-75.61177500,3.80,1578.708,24.092,5.992,300,9,40,,
T,2023-04-26 01:20:46,6.24986167,-75.61181833,3.90,1578.908,24.092,5.333,301,11,40,,
T,2023-04-26 01:20:47,6.24996000,-75.61178500,3.40,1572.709,24.091,3.306,315,12,40,,
T,2023-04-26 01:20:48,6.24998333,-75.61180000,3.40,1572.209,24.091,2.853,309,12,40,,
T,2023-04-26 01:20:49,6.25000667,-75.61182000,3.40,1572.409,24.091,3.808,309,12,40,,
T,2023-04-26 01:20:50,6.25002667,-75.61186833,3.40,1572.308,24.092,4.969,301,11,40,,
T,2023-04-26 01:20:51,6.25006167,-75.61191333,3.40,1572.308,24.092,6.013,313,11,40,,
T,2023-04-26 01:20:52,6.25010000,-75.61195333,3.40,1572.608,24.092,6.049,316,12,40,,
T,2023-04-26 01:20:53,6.25014500,-75.61200333,3.30,1573.908,24.092,6.215,310,13,40,,
T,2023-04-26 01:20:54,6.25018333,-75.61205500,3.30,1574.508,24.092,6.517,309,12,40,,
T,2023-04-26 01:20:55,6.25022167,-75.61209000,3.20,1574.608,24.092,5.553,310,13,40,,
T,2023-04-26 01:20:56,6.25025000,-75.61213000,3.20,1574.807,24.093,5.583,309,14,40,,
T,2023-04-26 01:20:57,6.25027167,-75.61217500,3.10,1575.007,24.093,4.455,307,14,40,,
T,2023-04-26 01:20:58,6.25028000,-75.61220833,3.20,1575.207,24.093,3.745,302,14,40,,
T,2023-04-26 01:20:59,6.25028167,-75.61224167,3.20,1574.207,24.093,2.970,290,16,40,,
T,2023-04-26 01:21:00,6.25026833,-75.61227000,3.30,1573.807,24.093,2.474,274,15,40,,
T,2023-04-26 01:21:01,6.25025500,-75.61229833,3.40,1573.507,24.093,2.449,265,14,40,,
T,2023-04-26 01:21:02,6.25024167,-75.61232500,3.40,1573.106,24.094,2.419,258,12,40,,
T,2023-04-26 01:21:03,6.25022333,-75.61234667,3.50,1572.706,24.094,2.084,249,10,40,,
T,2023-04-26 01:21:04,6.25020833,-75.61237167,3.70,1572.606,24.094,2.426,249,10,40,,
T,2023-04-26 01:21:05,6.25019167,-75.61240167,3.80,1572.706,24.094,2.572,253,10,40,,
T,2023-04-26 01:21:06,6.25015500,-75.61243500,4.00,1572.806,24.094,2.936,238,9,39,,
T,2023-04-26 01:21:07,6.25011000,-75.61247833,4.20,1573.005,24.095,3.455,232,7,39,,
T,2023-04-26 01:21:08,6.25003833,-75.61252333,4.30,1572.905,24.095,4.843,223,7,39,,
T,2023-04-26 01:21:09,6.24998167,-75.61257500,4.30,1572.405,24.095,5.382,223,8,39,,
T,2023-04-26 01:21:10,6.24992167,-75.61264167,4.40,1572.904,24.096,6.266,226,9,39,,
T,2023-04-26 01:21:11,6.24985833,-75.61270167,4.50,1573.004,24.096,6.902,225,8,39,,
T,2023-04-26 01:21:12,6.24980833,-75.61274500,4.70,1573.203,24.097,6.928,223,5,39,,
T,2023-04-26 01:21:13,6.24975333,-75.61279000,4.80,1573.403,24.097,6.953,224,7,39,,
T,2023-04-26 01:21:14,6.24969667,-75.61283667,4.80,1573.503,24.097,6.936,221,7,39,,
T,2023-04-26 01:21:15,6.24964833,-75.61287333,4.80,1573.702,24.098,6.515,221,7,39,,
T,2023-04-26 01:21:16,6.24960667,-75.61291833,4.80,1573.902,24.098,6.670,225,7,39,,
T,2023-04-26 01:21:17,6.24955000,-75.61299167,4.60,1574.702,24.098,7.311,230,8,39,,
T,2023-04-26 01:21:18,6.24947000,-75.61308500,4.40,1575.301,24.099,7.976,226,9,39,,
T,2023-04-26 01:21:19,6.24939333,-75.61316167,4.20,1575.200,24.100,7.942,228,9,39,,
T,2023-04-26 01:21:20,6.24933667,-75.61322667,4.20,1575.400,24.100,7.769,228,8,39,,
T,2023-04-26 01:21:21,6.24928167,-75.61329333,4.20,1575.399,24.101,7.740,229,8,39,,
T,2023-04-26 01:21:22,6.24921167,-75.61336667,4.20,1574.899,24.101,7.888,227,9,40,,
T,2023-04-26 01:21:23,6.24913833,-75.61345333,4.20,1574.298,24.102,8.532,228,9,40,,
T,2023-04-26 01:21:24,6.24904500,-75.61356667,4.20,1574.098,24.102,10.598,231,9,40,,
T,2023-04-26 01:21:25,6.24895833,-75.61366333,4.00,1573.597,24.103,10.924,228,9,40,,
T,2023-04-26 01:21:26,6.24888000,-75.61375333,4.00,1573.196,24.104,11.230,227,9,40,,
T,2023-04-26 01:21:27,6.24880333,-75.61384000,4.00,1572.896,24.104,11.535,225,9,40,,
T,2023-04-26 01:21:28,6.24872833,-75.61392167,4.00,1572.295,24.105,11.341,226,9,40,,
T,2023-04-26 01:21:29,6.24863667,-75.61401333,3.90,1572.394,24.106,12.068,226,11,40,,
T,2023-04-26 01:21:30,6.24854833,-75.61410333,3.80,1572.594,24.106,12.060,228,11,40,,
T,2023-04-26 01:21:31,6.24847167,-75.61418500,3.80,1573.093,24.107,12.451,230,11,40,,
T,2023-04-26 01:21:32,6.24840167,-75.61427167,3.60,1573.193,24.107,12.584,229,11,40,,
T,2023-04-26 01:21:33,6.24834167,-75.61435500,3.60,1573.692,24.108,12.468,231,12,40,,
T,2023-04-26 01:21:34,6.24827667,-75.61443667,3.60,1574.092,24.108,11.735,229,12,40,,
T,2023-04-26 01:21:35,6.24821333,-75.61451667,3.70,1575.091,24.109,11.362,231,13,40,,
T,2023-04-26 01:21:36,6.24814167,-75.61460333,3.60,1576.290,24.110,11.094,227,14,40,,
T,2023-04-26 01:21:37,6.24806000,-75.61469000,3.70,1577.390,24.110,11.419,226,14,39,,
T,2023-04-26 01:21:38,6.24799000,-75.61475667,3.70,1577.889,24.111,10.465,223,13,40,,
T,2023-04-26 01:21:39,6.24793333,-75.61482167,3.60,1577.389,24.111,10.815,228,13,40,,
T,2023-04-26 01:21:40,6.24786500,-75.61489833,3.60,1577.888,24.112,10.497,225,12,40,,
T,2023-04-26 01:21:41,6.24779333,-75.61495667,3.50,1578.488,24.112,10.317,224,12,40,,
T,2023-04-26 01:21:42,6.24771833,-75.61502333,3.50,1578.887,24.113,10.624,224,12,40,,
T,2023-04-26 01:21:43,6.24765833,-75.61508833,3.70,1579.687,24.113,10.424,226,9,40,,
T,2023-04-26 01:21:44,6.24759833,-75.61513667,3.80,1580.287,24.113,9.765,221,9,40,,
T,2023-04-26 01:21:45,6.24754333,-75.61518167,3.80,1581.086,24.114,9.195,219,9,40,,
T,2023-04-26 01:21:46,6.24748667,-75.61524167,3.80,1581.486,24.114,9.342,225,12,40,,
T,2023-04-26 01:21:47,6.24743833,-75.61530333,3.80,1582.285,24.115,9.357,228,13,39,,
T,2023-04-26 01:21:48,6.24739333,-75.61536500,3.70,1583.485,24.115,9.222,231,12,40,,
T,2023-04-26 01:21:49,6.24735000,-75.61542167,3.60,1584.185,24.115,8.111,229,13,40,,
T,2023-04-26 01:21:50,6.24732000,-75.61547500,3.60,1584.884,24.116,7.490,233,12,40,,
T,2023-04-26 01:21:51,6.24731500,-75.61552167,3.60,1585.984,24.116,6.551,233,11,40,,
T,2023-04-26 01:21:52,6.24729833,-75.61555167,3.60,1587.184,24.116,6.023,231,12,40,,
T,2023-04-26 01:21:53,6.24727500,-75.61557667,3.50,1588.884,24.116,5.310,230,14,40,,
T,2023-04-26 01:21:54,6.24726000,-75.61559000,3.50,1590.184,24.116,4.774,227,14,40,,
T,2023-04-26 01:21:55,6.24726000,-75.61559500,3.50,1591.684,24.116,3.000,239,14,40,,
T,2023-04-26 01:21:56,6.24727000,-75.61558333,3.40,1592.584,24.116,1.443,239,16,40,,
T,2023-04-26 01:21:57,6.24727833,-75.61557167,3.30,1593.484,24.116,0.000,,16,39,,
T,2023-04-26 01:21:58,6.24728333,-75.61556333,3.30,1593.984,24.116,0.000,,16,40,,
T,2023-04-26 01:21:59,6.24728500,-75.61555167,3.30,1594.484,24.116,0.000,,16,40,,
T,2023-04-26 01:22:00,6.24728500,-75.61555167,3.30,1594.484,24.116,0.000,,16,40,,
T,2023-04-26 01:22:01,6.24728500,-75.61555167,3.30,1594.484,24.116,0.000,,16,40,,
T,2023-04-26 01:22:02,6.24728500,-75.61555167,3.30,1594.484,24.116,0.000,,15,40,,
T,2023-04-26 01:22:03,6.24728500,-75.61555167,3.30,1594.484,24.116,0.000,,13,40,,
T,2023-04-26 01:22:04,6.24728500,-75.61555167,3.30,1594.484,24.116,0.000,,13,40,,
T,2023-04-26 01:22:05,6.24728500,-75.61555167,3.30,1594.484,24.116,0.000,,13,40,,
T,2023-04-26 01:22:06,6.24728500,-75.61555167,3.30,1594.484,24.116,0.000,,14,40,,
T,2023-04-26 01:22:07,6.24728500,-75.61555167,1.20,1594.484,24.116,0.000,,15,40,,
T,2023-04-26 01:22:08,6.24728500,-75.61555167,1.10,1594.484,24.116,0.000,,14,40,,
T,2023-04-26 01:22:09,6.24728500,-75.61555167,1.60,1594.484,24.116,0.000,,14,40,,
T,2023-04-26 01:22:10,6.24728500,-75.61555167,1.80,1594.484,24.116,0.000,,15,40,,
T,2023-04-26 01:22:11,6.24728500,-75.61555167,2.00,1594.484,24.116,0.000,,14,40,,
T,2023-04-26 01:22:12,6.24728500,-75.61555167,2.10,1594.484,24.116,0.000,,14,40,,
T,2023-04-26 01:22:13,6.24728500,-75.61555167,2.20,1594.484,24.116,0.000,,15,40,,
T,2023-04-26 01:22:14,6.24728500,-75.61555167,2.30,1594.484,24.116,0.000,,15,40,,
T,2023-04-26 01:22:15,6.24728500,-75.61555167,1.20,1594.484,24.116,0.000,,14,40,,
T,2023-04-26 01:22:16,6.24727833,-75.61547000,1.10,1599.484,24.116,1.657,222,14,40,,
T,2023-04-26 01:22:17,6.24726000,-75.61548667,1.70,1599.684,24.116,2.668,223,13,41,,
T,2023-04-26 01:22:18,6.24723833,-75.61550667,1.90,1599.884,24.116,3.526,217,14,41,,
T,2023-04-26 01:22:19,6.24720833,-75.61554000,2.10,1599.984,24.116,4.687,229,13,41,,
T,2023-04-26 01:22:20,6.24717000,-75.61558333,2.40,1600.183,24.117,5.631,226,13,41,,
T,2023-04-26 01:22:21,6.24712333,-75.61562667,2.70,1600.383,24.117,6.745,219,12,41,,
T,2023-04-26 01:22:22,6.24707167,-75.61568500,2.80,1600.483,24.117,7.403,226,13,41,,
T,2023-04-26 01:22:23,6.24701500,-75.61574500,3.00,1600.682,24.118,7.854,225,12,41,,
T,2023-04-26 01:22:24,6.24695167,-75.61581500,3.10,1601.282,24.118,8.402,224,12,41,,
T,2023-04-26 01:22:25,6.24688833,-75.61587500,3.10,1601.881,24.119,8.148,221,13,41,,
T,2023-04-26 01:22:26,6.24682167,-75.61593333,3.10,1602.381,24.119,8.781,219,13,40,,
T,2023-04-26 01:22:27,6.24676000,-75.61598333,3.10,1602.681,24.119,8.590,220,13,41,,
T,2023-04-26 01:22:28,6.24671333,-75.61602500,3.20,1603.080,24.120,6.265,216,11,41,,
T,2023-04-26 01:22:29,6.24669333,-75.61605000,3.30,1603.780,24.120,4.330,213,11,41,,
T,2023-04-26 01:22:30,6.24668667,-75.61606833,3.30,1604.580,24.120,2.683,224,9,41,,
T,2023-04-26 01:22:31,6.24666833,-75.61610000,3.30,1605.780,24.120,3.405,220,11,41,,
T,2023-04-26 01:22:32,6.24665000,-75.61613167,3.40,1606.380,24.120,3.419,228,10,41,,
T,2023-04-26 01:22:33,6.24662833,-75.61618000,3.40,1607.379,24.121,4.089,224,13,41,,
T,2023-04-26 01:22:34,6.24659167,-75.61622500,3.40,1608.279,24.121,4.879,221,14,41,,
T,2023-04-26 01:22:35,6.24654667,-75.61625333,3.40,1608.979,24.121,4.798,209,15,41,,
T,2023-04-26 01:22:36,6.24649333,-75.61630500,3.40,1609.778,24.122,5.575,220,14,41,,
T,2023-04-26 01:22:37,6.24643667,-75.61634833,3.40,1610.778,24.122,6.055,216,13,40,,
T,2023-04-26 01:22:38,6.24637667,-75.61639500,3.40,1611.878,24.122,6.774,217,13,40,,
T,2023-04-26 01:22:39,6.24631500,-75.61644333,3.40,1613.277,24.123,7.226,219,14,40,,
T,2023-04-26 01:22:40,6.24625667,-75.61648833,3.30,1614.577,24.123,6.177,215,16,40,,
T,2023-04-26 01:22:41,6.24621000,-75.61652667,3.30,1615.377,24.123,6.448,221,16,40,,
T,2023-04-26 01:22:42,6.24615333,-75.61656167,3.20,1616.376,24.124,7.069,215,16,40,,
T,2023-04-26 01:22:43,6.24609833,-75.61660667,3.10,1617.276,24.124,7.459,215,16,40,,
T,2023-04-26 01:22:44,6.24603833,-75.61665167,3.20,1618.176,24.124,7.449,218,16,40,,
T,2023-04-26 01:22:45,6.24599167,-75.61668833,3.20,1618.575,24.125,6.689,214,15,40,,
T,2023-04-26 01:22:46,6.24593833,-75.61673167,3.20,1619.175,24.125,6.219,217,14,40,,
T,2023-04-26 01:22:47,6.24589500,-75.61677167,3.30,1619.975,24.125,5.471,221,14,40,,
T,2023-04-26 01:22:48,6.24585167,-75.61680833,3.30,1621.374,24.126,5.312,219,14,40,,
T,2023-04-26 01:22:49,6.24580500,-75.61684000,3.30,1622.474,24.126,5.895,216,13,40,,
T,2023-04-26 01:22:50,6.24575333,-75.61686500,3.30,1623.474,24.126,6.556,217,15,39,,
T,2023-04-26 01:22:51,6.24570167,-75.61689167,3.30,1624.374,24.126,6.409,217,16,39,,
T,2023-04-26 01:22:52,6.24565833,-75.61691500,3.30,1625.174,24.126,5.750,216,16,39,,
T,2023-04-26 01:22:53,6.24561000,-75.61694000,3.20,1625.273,24.127,4.947,219,15,39,,
T,2023-04-26 01:22:54,6.24556667,-75.61697167,3.20,1625.473,24.127,5.774,220,16,39,,
T,2023-04-26 01:22:55,6.24552000,-75.61701333,3.10,1625.673,24.127,6.566,218,18,39,,
T,2023-04-26 01:22:56,6.24547333,-75.61705500,3.10,1625.372,24.128,6.703,219,18,40,,
T,2023-04-26 01:22:57,6.24541667,-75.61710333,3.10,1625.372,24.128,7.428,216,15,40,,
T,2023-04-26 01:22:58,6.24536333,-75.61715167,3.10,1625.672,24.128,7.614,220,15,40,,
T,2023-04-26 01:22:59,6.24530667,-75.61721667,3.20,1626.271,24.129,9.147,226,14,40,,
T,2023-04-26 01:23:00,6.24524667,-75.61728333,3.10,1626.571,24.129,9.643,229,16,40,,
T,2023-04-26 01:23:01,6.24518833,-75.61735667,3.10,1626.770,24.130,9.990,234,16,40,,
T,2023-04-26 01:23:02,6.24513500,-75.61743167,3.30,1626.270,24.130,9.987,235,14,40,,
T,2023-04-26 01:23:03,6.24507500,-75.61752167,3.30,1625.769,24.131,10.718,234,13,40,,
T,2023-04-26 01:23:04,6.24501333,-75.61762167,3.40,1625.069,24.131,11.559,236,13,40,,
T,2023-04-26 01:23:05,6.24495833,-75.61771167,3.30,1624.768,24.132,11.232,235,14,40,,
T,2023-04-26 01:23:06,6.24490667,-75.61780500,3.20,1624.567,24.133,10.904,240,15,39,,
T,2023-04-26 01:23:07,6.24486500,-75.61790833,3.10,1624.767,24.133,11.748,246,15,39,,
T,2023-04-26 01:23:08,6.24484000,-75.61803000,3.00,1625.066,24.134,12.255,254,18,40,,
T,2023-04-26 01:23:09,6.24480667,-75.61815667,3.00,1626.465,24.135,11.473,254,17,40,,
T,2023-04-26 01:23:10,6.24476833,-75.61827333,3.00,1627.465,24.135,10.919,252,17,40,,
T,2023-04-26 01:23:11,6.24473667,-75.61836833,3.00,1628.664,24.136,9.357,252,17,40,,
T,2023-04-26 01:23:12,6.24471500,-75.61845333,3.00,1630.064,24.136,8.025,252,17,40,,
T,2023-04-26 01:23:13,6.24470000,-75.61852500,3.00,1631.663,24.137,7.153,254,17,40,,
T,2023-04-26 01:23:14,6.24468833,-75.61857500,3.00,1632.263,24.137,6.278,252,17,40,,
T,2023-04-26 01:23:15,6.24467667,-75.61862167,3.00,1632.163,24.137,6.400,253,18,40,,
T,2023-04-26 01:23:16,6.24467000,-75.61866167,3.00,1631.863,24.137,5.976,256,18,40,,
T,2023-04-26 01:23:17,6.24465667,-75.61872000,3.00,1632.062,24.138,6.781,258,19,40,,
T,2023-04-26 01:23:18,6.24465000,-75.61878833,3.10,1631.962,24.138,7.113,267,18,40,,
T,2023-04-26 01:23:19,6.24465000,-75.61885500,3.10,1631.761,24.139,7.294,267,16,40,,
T,2023-04-26 01:23:20,6.24465500,-75.61891667,3.20,1631.061,24.139,7.742,269,17,40,,
T,2023-04-26 01:23:21,6.24466833,-75.61898000,3.10,1630.461,24.139,8.374,271,17,40,,
T,2023-04-26 01:23:22,6.24467833,-75.61904333,3.20,1630.961,24.139,8.481,276,15,40,,
T,2023-04-26 01:23:23,6.24469167,-75.61911167,3.20,1630.360,24.140,7.980,284,14,40,,
T,2023-04-26 01:23:24,6.24472000,-75.61918667,3.30,1630.160,24.140,8.854,289,14,40,,
T,2023-04-26 01:23:25,6.24475000,-75.61925667,3.30,1629.660,24.140,7.909,286,14,40,,
T,2023-04-26 01:23:26,6.24477500,-75.61934333,3.40,1629.959,24.141,9.073,287,13,40,,
T,2023-04-26 01:23:27,6.24479500,-75.61942833,3.40,1629.659,24.141,8.929,286,11,40,,
T,2023-04-26 01:23:28,6.24481500,-75.61951000,3.50,1629.358,24.142,8.716,283,10,39,,
T,2023-04-26 01:23:29,6.24484000,-75.61958000,3.60,1629.258,24.142,8.174,285,9,39,,
T,2023-04-26 01:23:30,6.24485000,-75.61965833,3.60,1629.558,24.142,7.699,282,8,39,,
T,2023-04-26 01:23:31,6.24485667,-75.61972667,3.50,1629.557,24.143,7.689,278,11,39,,
T,2023-04-26 01:23:32,6.24485333,-75.61978333,3.50,1630.157,24.143,7.492,273,11,39,,
T,2023-04-26 01:23:33,6.24484167,-75.61980667,3.60,1631.057,24.143,6.348,268,10,39,,
T,2023-04-26 01:23:34,6.24481500,-75.61984000,3.80,1631.457,24.143,5.951,260,9,40,,
T,2023-04-26 01:23:35,6.24479333,-75.61987167,3.80,1631.856,24.144,5.846,260,9,40,,
T,2023-04-26 01:23:36,6.24476500,-75.61988500,3.90,1632.356,24.144,5.115,256,8,40,,
T,2023-04-26 01:23:37,6.24473500,-75.61990000,3.90,1633.556,24.144,4.797,253,8,40,,
T,2023-04-26 01:23:38,6.24469167,-75.61992333,3.90,1634.556,24.144,5.377,248,8,40,,
T,2023-04-26 01:23:39,6.24464000,-75.61993000,4.00,1634.856,24.144,4.997,233,9,40,,
T,2023-04-26 01:23:40,6.24459500,-75.61992000,4.00,1635.056,24.144,4.209,218,9,39,,
T,2023-04-26 01:23:41,6.24454833,-75.61991833,4.10,1634.856,24.144,4.241,207,8,39,,
T,2023-04-26 01:23:42,6.24448667,-75.61992333,4.10,1634.656,24.144,5.121,199,8,39,,
T,2023-04-26 01:23:43,6.24442000,-75.61992167,4.10,1634.355,24.145,6.099,192,8,40,,
T,2023-04-26 01:23:44,6.24436833,-75.61991833,4.00,1635.055,24.145,6.949,192,9,40,,
T,2023-04-26 01:23:45,6.24428667,-75.61993833,3.90,1635.055,24.145,7.991,196,10,40,,
T,2023-04-26 01:23:46,6.24418667,-75.61995833,3.90,1635.155,24.145,8.766,195,9,40,,
T,2023-04-26 01:23:47,6.24409333,-75.61997167,3.90,1635.155,24.145,8.671,194,10,40,,
T,2023-04-26 01:23:48,6.24400833,-75.61999000,4.00,1634.854,24.146,8.502,193,10,40,,
T,2023-04-26 01:23:49,6.24393500,-75.62001333,4.20,1634.454,24.146,8.155,195,9,40,,
T,2023-04-26 01:23:50,6.24387167,-75.62003833,4.30,1633.554,24.146,7.789,198,10,39,,
T,2023-04-26 01:23:51,6.24382167,-75.62005000,4.20,1633.654,24.146,7.343,201,9,39,,
T,2023-04-26 01:23:52,6.24376167,-75.62005500,4.20,1633.553,24.147,6.935,197,9,40,,
T,2023-04-26 01:23:53,6.24372833,-75.62006167,4.10,1633.153,24.147,5.922,201,9,40,,
T,2023-04-26 01:23:54,6.24369667,-75.62006000,4.10,1633.053,24.147,4.971,193,8,40,,
T,2023-04-26 01:23:55,6.24367167,-75.62008167,4.10,1633.153,24.147,4.638,203,8,40,,
T,2023-04-26 01:23:56,6.24364500,-75.62009667,4.10,1633.053,24.147,4.348,198,9,40,,
T,2023-04-26 01:23:57,6.24362833,-75.62012333,4.10,1632.253,24.147,3.615,209,9,40,,
T,2023-04-26 01:23:58,6.24362500,-75.62016000,4.10,1632.053,24.147,3.937,221,9,40,,
T,2023-04-26 01:23:59,6.24362833,-75.62019333,4.10,1632.553,24.147,3.274,233,10,39,,
T,2023-04-26 01:24:00,6.24362333,-75.62021333,4.20,1633.052,24.148,3.148,230,8,39,,
T,2023-04-26 01:24:01,6.24361667,-75.62027167,4.20,1633.252,24.148,3.959,242,8,39,,
T,2023-04-26 01:24:02,6.24361667,-75.62034667,4.20,1633.352,24.148,4.385,248,7,40,,
T,2023-04-26 01:24:03,6.24360833,-75.62040333,4.20,1634.251,24.149,4.227,246,7,40,,
T,2023-04-26 01:24:04,6.24357333,-75.62046333,4.20,1633.651,24.149,4.772,241,8,40,,
T,2023-04-26 01:24:05,6.24354000,-75.62051667,4.20,1634.051,24.149,5.128,239,7,40,,
T,2023-04-26 01:24:06,6.24350167,-75.62059333,4.20,1634.650,24.150,5.682,237,8,40,,
T,2023-04-26 01:24:07,6.24347333,-75.62065333,4.30,1635.150,24.150,6.230,241,7,40,,
T,2023-04-26 01:24:08,6.24344000,-75.62073333,4.20,1636.049,24.151,7.006,242,7,40,,
T,2023-04-26 01:24:09,6.24341500,-75.62079667,4.30,1636.849,24.151,7.145,244,7,40,,
T,2023-04-26 01:24:10,6.24338667,-75.62085333,4.20,1638.349,24.151,6.889,243,9,40,,
T,2023-04-26 01:24:11,6.24336500,-75.62090500,4.20,1639.848,24.152,6.135,245,10,40,,
T,2023-04-26 01:24:12,6.24335667,-75.62095667,4.10,1641.548,24.152,5.811,254,10,40,,
T,2023-04-26 01:24:13,6.24335500,-75.62100333,4.00,1643.148,24.152,5.055,257,10,40,,
T,2023-04-26 01:24:14,6.24336167,-75.62103500,3.90,1644.848,24.152,5.201,267,10,40,,
T,2023-04-26 01:24:15,6.24336167,-75.62106000,3.90,1645.347,24.153,4.416,258,10,40,,
T,2023-04-26 01:24:16,6.24336833,-75.62110333,3.80,1646.347,24.153,4.450,268,10,40,,
T,2023-04-26 01:24:17,6.24337333,-75.62114167,3.80,1647.047,24.153,4.457,270,10,40,,
T,2023-04-26 01:24:18,6.24338167,-75.62117833,3.90,1647.847,24.153,4.185,273,11,40,,
T,2023-04-26 01:24:19,6.24340833,-75.62120333,3.80,1649.947,24.153,3.927,286,11,40,,
T,2023-04-26 01:24:20,6.24342500,-75.62123833,3.80,1651.647,24.153,4.125,283,11,39,,
T,2023-04-26 01:24:21,6.24345000,-75.62124333,3.90,1653.147,24.153,3.707,290,10,39,,
T,2023-04-26 01:24:22,6.24347500,-75.62125333,4.10,1654.147,24.153,3.228,295,9,39,,
T,2023-04-26 01:24:23,6.24350167,-75.62125000,4.30,1654.747,24.153,2.297,302,8,39,,
T,2023-04-26 01:24:24,6.24354000,-75.62124333,4.50,1655.147,24.153,2.811,330,8,40,,
T,2023-04-26 01:24:25,6.24359333,-75.62119833,4.70,1655.947,24.153,2.633,359,8,40,,
T,2023-04-26 01:24:26,6.24366500,-75.62115667,4.70,1656.648,24.152,3.652,5,8,40,,
T,2023-04-26 01:24:27,6.24372833,-75.62110833,4.80,1657.348,24.152,3.899,16,7,40,,
T,2023-04-26 01:24:28,6.24378167,-75.62103167,4.70,1658.248,24.152,4.401,37,7,40,,
T,2023-04-26 01:24:29,6.24385833,-75.62095167,4.50,1658.649,24.151,5.381,42,8,40,,
T,2023-04-26 01:24:30,6.24392167,-75.62086833,4.30,1659.150,24.150,5.515,40,9,40,,
T,2023-04-26 01:24:31,6.24396333,-75.62084000,4.20,1659.650,24.150,4.802,35,9,40,,
T,2023-04-26 01:24:32,6.24399667,-75.62082167,4.10,1660.150,24.150,4.583,33,9,40,,
T,2023-04-26 01:24:33,6.24401500,-75.62082500,4.00,1661.150,24.150,3.516,34,10,39,,
T,2023-04-26 01:24:34,6.24404167,-75.62082000,4.00,1661.250,24.150,3.120,26,7,39,,
T,2023-04-26 01:24:35,6.24407000,-75.62082000,4.10,1661.350,24.150,2.922,24,7,39,,
T,2023-04-26 01:24:36,6.24409500,-75.62085000,4.10,1661.250,24.150,2.719,348,8,39,,
T,2023-04-26 01:24:37,6.24413333,-75.62086667,4.10,1662.550,24.150,3.166,333,10,39,,
T,2023-04-26 01:24:38,6.24414833,-75.62088167,3.90,1662.250,24.150,2.836,325,10,39,,
T,2023-04-26 01:24:39,6.24416167,-75.62091000,3.90,1662.850,24.150,2.872,303,10,39,,
T,2023-04-26 01:24:40,6.24417667,-75.62094000,3.90,1663.250,24.150,2.892,298,10,39,,
T,2023-04-26 01:24:41,6.24419500,-75.62094667,3.90,1663.850,24.150,2.772,307,9,39,,
T,2023-04-26 01:24:42,6.24420667,-75.62096167,3.90,1664.150,24.150,2.309,315,10,39,,
T,2023-04-26 01:24:43,6.24421833,-75.62098667,3.80,1665.050,24.150,2.445,305,11,40,,
T,2023-04-26 01:24:44,6.24423667,-75.62100000,3.80,1665.450,24.150,2.461,312,10,40,,
T,2023-04-26 01:24:45,6.24426167,-75.62100500,3.70,1665.850,24.150,2.849,319,10,40,,
T,2023-04-26 01:24:46,6.24428167,-75.62102833,3.60,1665.949,24.151,3.060,318,12,40,,
T,2023-04-26 01:24:47,6.24430500,-75.62107000,3.70,1665.849,24.151,3.854,312,11,40,,
T,2023-04-26 01:24:48,6.24433167,-75.62111167,3.70,1665.349,24.151,4.144,303,10,40,,
T,2023-04-26 01:24:49,6.24435667,-75.62114833,3.60,1665.449,24.151,3.991,305,11,40,,
T,2023-04-26 01:24:50,6.24437667,-75.62119167,3.50,1664.849,24.151,3.990,303,12,40,,
T,2023-04-26 01:24:51,6.24440333,-75.62124000,3.50,1662.849,24.151,3.743,300,14,40,,
T,2023-04-26 01:24:52,6.24441500,-75.62128333,3.40,1662.248,24.152,3.438,303,16,39,,
T,2023-04-26 01:24:53,6.24441833,-75.62133333,3.30,1660.748,24.152,2.149,304,17,40,,
T,2023-04-26 01:24:54,6.24442333,-75.62135333,3.10,1660.648,24.152,1.421,304,20,40,,
T,2023-04-26 01:24:55,6.24442000,-75.62136333,2.90,1660.848,24.152,0.000,,20,40,,
T,2023-04-26 01:24:56,6.24442833,-75.62136500,3.00,1660.648,24.152,0.000,,20,40,,
T,2023-04-26 01:24:57,6.24443500,-75.62136333,2.90,1660.448,24.152,0.000,,20,40,,
T,2023-04-26 01:24:58,6.24443500,-75.62136333,2.80,1660.448,24.152,0.000,,20,40,,
T,2023-04-26 01:24:59,6.24446500,-75.62132667,2.30,1661.648,24.152,1.745,44,21,40,,
T,2023-04-26 01:25:00,6.24447667,-75.62131667,2.00,1663.448,24.152,1.537,50,22,40,,
T,2023-04-26 01:25:01,6.24448667,-75.62130500,1.90,1664.548,24.152,1.101,50,22,40,,
T,2023-04-26 01:25:02,6.24449167,-75.62129333,2.00,1666.448,24.152,1.183,50,24,40,,
T,2023-04-26 01:25:03,6.24449500,-75.62128000,1.90,1667.449,24.151,0.000,,26,40,,
