type,date time,latitude,longitude,accuracy(m),altitude(m),geoid_height(m),speed(m/s),bearing(deg),sat_used,sat_inview,name,desc
T,2023-05-11 12:48:34.866,6.21527333,-75.58449833,2.30,1464.083,24.017,0.641,114,16,41,20230511-074834,GPS Logger: 20230511-074834 - Viaje 10
T,2023-05-11 12:48:35.865,6.21527000,-75.58449500,2.20,1463.983,24.017,0.044,12,16,41,,
T,2023-05-11 12:48:36.866,6.21527000,-75.58448833,2.20,1463.883,24.017,0.150,308,17,41,,
T,2023-05-11 12:48:37.865,6.21527167,-75.58448833,2.10,1463.783,24.017,0.511,251,17,41,,
T,2023-05-11 12:48:39,6.21527000,-75.58449167,2.20,1463.783,24.017,0.465,250,18,41,,
T,2023-05-11 12:48:40,6.21526833,-75.58449167,2.30,1463.783,24.017,0.146,39,18,41,,
T,2023-05-11 12:48:41,6.21527000,-75.58448667,2.30,1463.783,24.017,0.260,24,19,41,,
T,2023-05-11 12:48:42,6.21526833,-75.58448000,2.40,1463.583,24.017,0.330,103,19,41,,
T,2023-05-11 12:48:43,6.21527000,-75.58447000,2.50,1463.383,24.017,0.268,140,19,41,,
T,2023-05-11 12:48:44.009,6.21524333,-75.58445000,2.60,1463.683,24.017,0.000,,19,41,,
T,2023-05-11 12:48:45,6.21524167,-75.58445167,2.70,1463.583,24.017,0.000,,17,41,,
T,2023-05-11 12:48:46,6.21524500,-75.58446500,2.70,1463.483,24.017,0.754,272,16,41,,
T,2023-05-11 12:48:47,6.21524333,-75.58447000,2.70,1463.383,24.017,0.000,,16,41,,
T,2023-05-11 12:48:48,6.21524333,-75.58448333,2.70,1463.483,24.017,0.000,,16,41,,
T,2023-05-11 12:48:49,6.21525000,-75.58448667,2.70,1463.483,24.017,0.334,290,15,41,,
T,2023-05-11 12:48:50,6.21525333,-75.58448667,2.80,1463.483,24.017,0.000,,16,41,,
T,2023-05-11 12:48:51,6.21525667,-75.58449167,2.80,1463.483,24.017,0.000,,16,41,,
T,2023-05-11 12:48:52,6.21526167,-75.58450000,2.80,1463.683,24.017,0.000,,15,41,,
T,2023-05-11 12:48:53,6.21526500,-75.58451167,2.80,1463.783,24.017,0.000,,15,41,,
T,2023-05-11 12:48:54,6.21527000,-75.58451500,2.80,1464.083,24.017,0.000,,16,41,,
T,2023-05-11 12:48:55,6.21527167,-75.58451667,2.80,1464.183,24.017,0.598,278,16,41,,
T,2023-05-11 12:48:56,6.21526667,-75.58451167,2.70,1464.183,24.017,0.551,223,16,41,,
T,2023-05-11 12:48:57,6.21526500,-75.58451000,2.70,1464.183,24.017,0.549,247,17,41,,
T,2023-05-11 12:48:58,6.21526500,-75.58450000,2.70,1464.083,24.017,0.503,201,16,41,,
T,2023-05-11 12:48:59,6.21526667,-75.58449833,2.70,1463.983,24.017,0.000,,16,41,,
T,2023-05-11 12:49:00,6.21527167,-75.58449500,2.80,1464.183,24.017,0.482,308,15,41,,
T,2023-05-11 12:49:01,6.21528333,-75.58450833,2.60,1464.583,24.017,0.449,267,16,41,,
T,2023-05-11 12:49:02,6.21528500,-75.58451500,2.50,1464.983,24.017,0.406,288,17,41,,
T,2023-05-11 12:49:03,6.21528667,-75.58452500,2.40,1465.483,24.017,0.000,,17,41,,
T,2023-05-11 12:49:04,6.21528833,-75.58453333,2.40,1465.683,24.017,0.000,,16,41,,
T,2023-05-11 12:49:05,6.21528667,-75.58453333,2.40,1466.083,24.017,0.000,,16,41,,
T,2023-05-11 12:49:06,6.21528167,-75.58453333,2.30,1466.683,24.017,0.323,230,19,41,,
T,2023-05-11 12:49:07,6.21527333,-75.58454167,2.20,1467.283,24.017,0.372,229,20,41,,
T,2023-05-11 12:49:08,6.21526667,-75.58455000,2.20,1468.183,24.017,0.522,245,20,41,,
T,2023-05-11 12:49:09,6.21525333,-75.58456333,2.20,1468.883,24.017,0.733,231,20,41,,
T,2023-05-11 12:49:10,6.21523500,-75.58457833,2.20,1469.383,24.017,0.994,228,20,41,,
T,2023-05-11 12:49:11,6.21521000,-75.58460167,2.30,1469.982,24.018,1.324,225,20,41,,
T,2023-05-11 12:49:12,6.21519667,-75.58463333,2.40,1470.682,24.018,1.631,233,21,41,,
T,2023-05-11 12:49:13,6.21519667,-75.58467000,2.50,1471.482,24.018,0.000,,21,41,,
T,2023-05-11 12:49:14,6.21521167,-75.58471500,2.60,1472.182,24.018,0.000,,19,41,,
T,2023-05-11 12:49:15,6.21524167,-75.58476667,2.70,1472.582,24.018,0.000,,19,41,,
T,2023-05-11 12:49:16,6.21529333,-75.58485500,2.80,1473.581,24.019,8.623,295,21,41,,
T,2023-05-11 12:49:17,6.21534667,-75.58494833,2.80,1474.581,24.019,10.073,297,19,41,,
T,2023-05-11 12:49:18,6.21540167,-75.58505000,2.70,1475.280,24.020,11.924,297,20,41,,
T,2023-05-11 12:49:19,6.21545833,-75.58515500,2.50,1476.880,24.020,13.048,298,21,41,,
T,2023-05-11 12:49:20,6.21552167,-75.58527333,2.40,1477.679,24.021,13.571,298,21,41,,
T,2023-05-11 12:49:21,6.21558167,-75.58538167,2.40,1478.479,24.021,12.995,298,20,41,,
T,2023-05-11 12:49:22,6.21563167,-75.58547167,2.40,1479.879,24.021,11.046,293,20,41,,
T,2023-05-11 12:49:23,6.21566000,-75.58555667,2.40,1480.978,24.022,8.826,281,20,41,,
T,2023-05-11 12:49:24,6.21566667,-75.58563667,2.50,1482.078,24.022,8.658,279,18,41,,
T,2023-05-11 12:49:25,6.21566167,-75.58569833,2.70,1483.477,24.023,7.858,274,18,41,,
T,2023-05-11 12:49:26,6.21563167,-75.58574833,2.80,1484.777,24.023,7.220,256,17,41,,
T,2023-05-11 12:49:27,6.21555833,-75.58576833,2.90,1485.377,24.023,7.068,236,18,41,,
T,2023-05-11 12:49:28,6.21549000,-75.58578167,2.80,1485.077,24.023,5.928,246,20,41,,
T,2023-05-11 12:49:29,6.21545333,-75.58582500,2.70,1485.376,24.024,5.792,271,21,41,,
T,2023-05-11 12:49:30,6.21544333,-75.58587667,2.70,1485.176,24.024,5.922,266,19,41,,
T,2023-05-11 12:49:31,6.21544333,-75.58593000,2.70,1484.876,24.024,5.021,271,19,41,,
T,2023-05-11 12:49:32,6.21544667,-75.58598500,3.00,1484.576,24.024,4.926,281,22,41,,
T,2023-05-11 12:49:33,6.21546667,-75.58601333,2.70,1483.875,24.025,4.138,304,22,41,,
T,2023-05-11 12:49:34,6.21547500,-75.58603000,2.70,1483.875,24.025,3.546,326,23,41,,
T,2023-05-11 12:49:35,6.21548667,-75.58603667,2.70,1483.375,24.025,3.014,328,23,41,,
T,2023-05-11 12:49:36,6.21552333,-75.58604667,2.60,1483.475,24.025,3.910,336,23,41,,
T,2023-05-11 12:49:37,6.21557667,-75.58604500,2.60,1483.176,24.024,4.412,356,23,41,,
T,2023-05-11 12:49:38,6.21564333,-75.58604167,2.60,1482.876,24.024,5.757,5,23,41,,
T,2023-05-11 12:49:39,6.21574000,-75.58602333,2.70,1482.576,24.024,7.589,10,21,41,,
T,2023-05-11 12:49:40,6.21583500,-75.58600000,2.80,1482.176,24.024,9.270,13,20,41,,
T,2023-05-11 12:49:41,6.21590167,-75.58598667,2.80,1480.776,24.024,9.286,16,21,41,,
T,2023-05-11 12:49:42,6.21599667,-75.58596500,2.90,1480.277,24.023,9.468,17,23,41,,
T,2023-05-11 12:49:43,6.21609333,-75.58594167,2.70,1479.777,24.023,9.201,18,23,41,,
T,2023-05-11 12:49:44,6.21617667,-75.58591667,2.70,1479.377,24.023,9.693,20,23,41,,
T,2023-05-11 12:49:45,6.21626667,-75.58588500,2.60,1479.278,24.022,9.676,23,23,41,,
T,2023-05-11 12:49:46,6.21635333,-75.58584000,2.60,1479.478,24.022,10.291,26,23,41,,
T,2023-05-11 12:49:47,6.21644500,-75.58579333,2.60,1479.479,24.021,10.875,32,23,41,,
T,2023-05-11 12:49:48,6.21653500,-75.58573667,2.60,1479.279,24.021,11.909,28,23,41,,
T,2023-05-11 12:49:49,6.21663500,-75.58569000,2.60,1479.279,24.021,10.265,25,23,41,,
T,2023-05-11 12:49:50,6.21669833,-75.58567500,2.70,1478.480,24.020,8.766,19,20,41,,
T,2023-05-11 12:49:51,6.21676500,-75.58566500,2.70,1478.380,24.020,7.470,14,21,41,,
T,2023-05-11 12:49:52,6.21683833,-75.58568000,2.90,1478.280,24.020,6.942,4,19,41,,
T,2023-05-11 12:49:53,6.21693500,-75.58570833,2.80,1478.480,24.020,8.278,352,20,41,,
T,2023-05-11 12:49:54,6.21703000,-75.58573000,2.60,1477.980,24.020,7.897,351,20,41,,
T,2023-05-11 12:49:55,6.21713167,-75.58574500,2.50,1478.280,24.020,8.314,357,20,41,,
T,2023-05-11 12:49:56,6.21722667,-75.58575333,2.50,1478.680,24.020,9.920,354,19,41,,
T,2023-05-11 12:49:57,6.21733167,-75.58576500,2.40,1479.580,24.020,9.940,356,19,41,,
T,2023-05-11 12:49:58,6.21745500,-75.58576667,2.40,1481.681,24.019,11.259,2,20,41,,
T,2023-05-11 12:49:59,6.21757833,-75.58574833,2.40,1482.781,24.019,12.596,7,21,41,,
T,2023-05-11 12:50:00,6.21769667,-75.58572500,2.50,1484.081,24.019,13.264,11,23,41,,
T,2023-05-11 12:50:01,6.21782000,-75.58570333,2.40,1484.582,24.018,14.093,12,24,41,,
T,2023-05-11 12:50:02,6.21794667,-75.58567167,2.20,1485.282,24.018,14.666,15,25,41,,
T,2023-05-11 12:50:03,6.21808167,-75.58563333,2.20,1486.483,24.017,15.135,19,24,41,,
T,2023-05-11 12:50:04,6.21820500,-75.58557667,2.00,1486.283,24.017,14.315,24,25,41,,
T,2023-05-11 12:50:05,6.21831833,-75.58550833,2.20,1486.084,24.016,13.720,32,25,41,,
T,2023-05-11 12:50:06,6.21841500,-75.58543000,2.30,1486.384,24.016,14.118,37,25,41,,
T,2023-05-11 12:50:07,6.21852500,-75.58535167,2.30,1485.785,24.015,14.776,35,24,41,,
T,2023-05-11 12:50:08,6.21863667,-75.58528667,2.40,1484.685,24.015,14.241,24,24,41,,
T,2023-05-11 12:50:09,6.21876333,-75.58524667,2.50,1482.786,24.014,13.013,14,25,41,,
T,2023-05-11 12:50:10,6.21888667,-75.58524000,2.40,1481.686,24.014,12.091,0,25,41,,
T,2023-05-11 12:50:11,6.21898500,-75.58525833,2.60,1482.286,24.014,9.556,351,25,41,,
T,2023-05-11 12:50:12,6.21906333,-75.58528833,2.40,1482.686,24.014,8.487,345,25,41,,
T,2023-05-11 12:50:13,6.21913333,-75.58531167,2.40,1483.286,24.014,7.775,347,26,41,,
T,2023-05-11 12:50:14,6.21920000,-75.58533833,2.20,1484.786,24.014,6.301,351,26,41,,
T,2023-05-11 12:50:15,6.21925167,-75.58534167,2.10,1485.086,24.014,5.732,4,25,41,,
T,2023-05-11 12:50:16,6.21929500,-75.58533500,2.10,1485.486,24.014,5.473,11,25,41,,
T,2023-05-11 12:50:17,6.21934167,-75.58532000,2.10,1485.587,24.013,6.032,18,25,41,,
T,2023-05-11 12:50:18,6.21939333,-75.58530000,2.00,1485.587,24.013,6.658,22,25,41,,
T,2023-05-11 12:50:19,6.21945000,-75.58527667,2.00,1485.387,24.013,6.956,24,25,41,,
T,2023-05-11 12:50:20,6.21950833,-75.58525000,2.30,1485.087,24.013,7.916,25,25,41,,
T,2023-05-11 12:50:21,6.21957167,-75.58522667,2.40,1485.288,24.012,8.040,27,24,41,,
T,2023-05-11 12:50:22,6.21961667,-75.58520167,2.30,1484.588,24.012,6.766,30,24,41,,
T,2023-05-11 12:50:23,6.21966000,-75.58517500,2.30,1483.688,24.012,6.775,34,24,41,,
T,2023-05-11 12:50:24,6.21971000,-75.58514000,2.40,1483.288,24.012,7.254,33,22,41,,
T,2023-05-11 12:50:25,6.21977000,-75.58510167,2.50,1483.189,24.011,7.787,35,21,41,,
T,2023-05-11 12:50:26,6.21983167,-75.58506500,2.50,1483.089,24.011,7.570,33,22,41,,
T,2023-05-11 12:50:27,6.21989000,-75.58502833,2.60,1482.889,24.011,7.401,34,20,41,,
T,2023-05-11 12:50:28,6.21994667,-75.58500167,2.70,1482.589,24.011,7.364,31,20,41,,
T,2023-05-11 12:50:29,6.22000500,-75.58497333,2.70,1482.590,24.010,7.707,31,21,40,,
T,2023-05-11 12:50:30,6.22007333,-75.58493667,2.80,1482.590,24.010,7.803,30,21,41,,
T,2023-05-11 12:50:31,6.22014333,-75.58490000,2.80,1482.390,24.010,7.969,30,22,41,,
T,2023-05-11 12:50:32,6.22022167,-75.58485500,2.70,1482.491,24.009,8.899,29,22,41,,
T,2023-05-11 12:50:33,6.22033000,-75.58481833,2.80,1482.091,24.009,9.500,24,21,41,,
T,2023-05-11 12:50:34,6.22045167,-75.58477333,2.80,1481.392,24.008,9.512,22,22,41,,
T,2023-05-11 12:50:35,6.22055833,-75.58473167,2.80,1481.092,24.008,10.683,21,21,41,,
T,2023-05-11 12:50:36,6.22067500,-75.58469667,2.70,1481.092,24.008,12.285,17,22,41,,
T,2023-05-11 12:50:37,6.22080500,-75.58466667,2.60,1481.393,24.007,14.086,13,23,41,,
T,2023-05-11 12:50:38,6.22096333,-75.58463000,2.70,1481.793,24.007,14.821,15,23,41,,
T,2023-05-11 12:50:39,6.22110333,-75.58459500,2.70,1482.794,24.006,15.003,17,23,41,,
T,2023-05-11 12:50:40,6.22123833,-75.58455667,2.90,1482.894,24.006,15.214,17,23,41,,
T,2023-05-11 12:50:41,6.22139500,-75.58450833,2.80,1482.695,24.005,16.542,16,23,41,,
T,2023-05-11 12:50:42,6.22155500,-75.58446667,2.70,1482.395,24.005,16.985,15,24,41,,
T,2023-05-11 12:50:43,6.22172500,-75.58442167,2.60,1482.396,24.004,17.290,14,23,41,,
T,2023-05-11 12:50:44,6.22188167,-75.58438500,2.50,1481.596,24.004,17.561,15,23,41,,
T,2023-05-11 12:50:45,6.22205167,-75.58434000,2.50,1481.497,24.003,18.318,16,24,41,,
T,2023-05-11 12:50:46,6.22222167,-75.58429333,2.50,1481.298,24.002,18.344,15,25,41,,
T,2023-05-11 12:50:47,6.22240167,-75.58425500,2.40,1481.098,24.002,18.647,14,25,41,,
T,2023-05-11 12:50:48,6.22259667,-75.58421000,2.50,1480.999,24.001,18.926,13,24,41,,
T,2023-05-11 12:50:49,6.22278167,-75.58417167,2.30,1480.699,24.001,18.938,15,25,41,,
T,2023-05-11 12:50:50,6.22297167,-75.58413500,2.40,1481.300,24.000,19.350,14,25,41,,
T,2023-05-11 12:50:51,6.22315000,-75.58409500,2.30,1481.200,24.000,19.273,16,24,41,,
T,2023-05-11 12:50:52,6.22332333,-75.58405000,2.20,1481.301,23.999,19.130,16,25,41,,
T,2023-05-11 12:50:53,6.22349500,-75.58400833,2.20,1481.802,23.998,19.130,15,26,41,,
T,2023-05-11 12:50:54,6.22366833,-75.58397167,2.10,1481.902,23.998,19.163,14,26,41,,
T,2023-05-11 12:50:55,6.22383833,-75.58392500,2.10,1482.303,23.997,19.142,15,26,41,,
T,2023-05-11 12:50:56,6.22400500,-75.58387500,2.00,1482.003,23.997,19.129,17,26,41,,
T,2023-05-11 12:50:57,6.22417000,-75.58381833,2.00,1482.004,23.996,18.962,18,26,41,,
T,2023-05-11 12:50:58,6.22433500,-75.58377500,2.00,1481.304,23.996,18.315,12,26,41,,
T,2023-05-11 12:50:59,6.22450333,-75.58375667,1.90,1481.205,23.995,18.165,4,26,41,,
T,2023-05-11 12:51:00,6.22467500,-75.58376167,1.90,1482.205,23.995,17.953,358,27,41,,
T,2023-05-11 12:51:01,6.22484667,-75.58378000,2.00,1482.805,23.995,17.953,357,27,41,,
T,2023-05-11 12:51:02,6.22501333,-75.58379667,2.00,1481.806,23.994,18.796,354,27,41,,
T,2023-05-11 12:51:03,6.22518667,-75.58381000,2.40,1482.406,23.994,19.135,356,25,41,,
T,2023-05-11 12:51:04,6.22536167,-75.58381167,2.50,1482.606,23.994,18.937,1,24,41,,
T,2023-05-11 12:51:05,6.22553167,-75.58380167,2.40,1482.907,23.993,19.033,6,26,41,,
T,2023-05-11 12:51:06,6.22570667,-75.58378667,2.30,1488.007,23.993,18.888,10,26,41,,
T,2023-05-11 12:51:07,6.22586833,-75.58375500,2.20,1487.107,23.993,17.461,10,24,41,,
T,2023-05-11 12:51:08,6.22600333,-75.58371167,2.40,1486.208,23.992,15.021,17,23,41,,
T,2023-05-11 12:51:09,6.22611500,-75.58366500,2.30,1485.408,23.992,13.026,22,24,41,,
T,2023-05-11 12:51:10,6.22620833,-75.58362333,2.20,1485.309,23.991,11.536,20,22,41,,
T,2023-05-11 12:51:11,6.22627667,-75.58359167,2.30,1488.409,23.991,8.778,20,21,41,,
T,2023-05-11 12:51:12,6.22632667,-75.58358000,2.40,1488.909,23.991,7.418,20,22,41,,
T,2023-05-11 12:51:13,6.22636833,-75.58356667,2.40,1489.609,23.991,5.933,21,23,41,,
T,2023-05-11 12:51:14,6.22638667,-75.58356333,2.40,1490.110,23.990,4.132,16,24,41,,
T,2023-05-11 12:51:15,6.22640500,-75.58357000,2.30,1490.210,23.990,3.709,6,24,41,,
T,2023-05-11 12:51:16,6.22642500,-75.58356667,2.30,1489.110,23.990,2.828,13,25,41,,
T,2023-05-11 12:51:17,6.22643333,-75.58355667,2.30,1487.810,23.990,1.936,19,25,41,,
T,2023-05-11 12:51:18,6.22644167,-75.58355500,2.10,1487.410,23.990,0.000,,26,41,,
T,2023-05-11 12:51:19,6.22643667,-75.58355500,2.10,1487.310,23.990,0.000,,26,41,,
T,2023-05-11 12:51:20,6.22643167,-75.58355667,2.00,1487.410,23.990,0.000,,26,41,,
T,2023-05-11 12:51:21,6.22643167,-75.58355667,1.90,1487.410,23.990,0.000,,26,41,,
T,2023-05-11 12:51:22,6.22643167,-75.58355667,1.90,1487.410,23.990,0.000,,25,41,,
T,2023-05-11 12:51:23,6.22643167,-75.58355667,1.90,1487.410,23.990,0.000,,24,41,,
T,2023-05-11 12:51:24,6.22643167,-75.58355667,1.80,1487.410,23.990,0.000,,24,40,,
T,2023-05-11 12:51:25,6.22643167,-75.58355667,1.80,1487.410,23.990,0.000,,25,40,,
T,2023-05-11 12:51:26,6.22643167,-75.58355667,1.80,1487.410,23.990,0.000,,25,40,,
T,2023-05-11 12:51:27,6.22643167,-75.58355667,1.70,1487.410,23.990,0.000,,24,40,,
T,2023-05-11 12:51:28,6.22643167,-75.58355667,1.70,1487.410,23.990,0.000,,24,40,,
T,2023-05-11 12:51:29,6.22643167,-75.58355667,1.70,1487.410,23.990,0.000,,25,40,,
T,2023-05-11 12:51:30,6.22643167,-75.58355667,1.80,1487.410,23.990,0.000,,24,40,,
T,2023-05-11 12:51:31,6.22643167,-75.58355667,1.80,1487.410,23.990,0.000,,23,40,,
T,2023-05-11 12:51:32,6.22643167,-75.58355667,1.80,1487.410,23.990,0.000,,24,40,,
T,2023-05-11 12:51:33,6.22647833,-75.58356500,1.90,1488.710,23.990,2.763,20,24,40,,
T,2023-05-11 12:51:34,6.22651167,-75.58355667,2.00,1488.310,23.990,3.632,15,24,40,,
T,2023-05-11 12:51:35,6.22655833,-75.58353833,2.10,1487.510,23.990,4.227,15,25,40,,
T,2023-05-11 12:51:36,6.22661333,-75.58351333,2.10,1486.710,23.990,4.841,20,24,40,,
T,2023-05-11 12:51:37,6.22666667,-75.58348667,2.20,1485.910,23.990,5.899,20,24,40,,
T,2023-05-11 12:51:38,6.22674667,-75.58346000,2.20,1485.411,23.989,7.723,18,25,40,,
T,2023-05-11 12:51:39,6.22686500,-75.58341500,2.40,1484.611,23.989,9.604,21,25,40,,
T,2023-05-11 12:51:40,6.22701000,-75.58338000,2.40,1483.412,23.988,10.605,17,24,40,,
T,2023-05-11 12:51:41,6.22714667,-75.58334667,2.50,1482.412,23.988,12.982,16,23,40,,
T,2023-05-11 12:51:42,6.22728167,-75.58331167,2.40,1482.713,23.987,13.590,18,23,40,,
T,2023-05-11 12:51:43,6.22742167,-75.58327167,2.50,1482.513,23.987,14.666,20,22,40,,
T,2023-05-11 12:51:44,6.22755167,-75.58322667,2.40,1481.514,23.986,15.176,18,25,40,,
T,2023-05-11 12:51:45,6.22769833,-75.58319000,2.20,1481.214,23.986,15.709,16,26,40,,
T,2023-05-11 12:51:46,6.22785500,-75.58315333,2.40,1481.114,23.986,16.569,16,24,40,,
T,2023-05-11 12:51:47,6.22801167,-75.58311167,2.20,1480.415,23.985,17.045,16,23,40,,
T,2023-05-11 12:51:48,6.22816333,-75.58306000,2.30,1479.616,23.984,17.592,15,19,40,,
T,2023-05-11 12:51:49,6.22832833,-75.58302000,2.40,1479.616,23.984,17.725,14,19,40,,
T,2023-05-11 12:51:50,6.22849333,-75.58297000,2.60,1480.517,23.983,17.705,17,19,40,,
T,2023-05-11 12:51:51,6.22864667,-75.58292333,2.70,1481.217,23.983,18.029,18,21,40,,
T,2023-05-11 12:51:52,6.22880667,-75.58288833,2.70,1481.418,23.982,17.467,16,21,40,,
T,2023-05-11 12:51:53,6.22897000,-75.58285500,2.40,1479.118,23.982,17.563,15,21,40,,
T,2023-05-11 12:51:54,6.22913333,-75.58281833,2.50,1478.819,23.981,18.690,14,22,40,,
T,2023-05-11 12:51:55,6.22930500,-75.58277833,2.30,1477.919,23.981,18.207,15,22,40,,
T,2023-05-11 12:51:56,6.22947500,-75.58273833,2.30,1477.720,23.980,19.749,14,22,40,,
T,2023-05-11 12:51:57,6.22965333,-75.58269167,2.40,1476.820,23.980,19.871,11,22,40,,
T,2023-05-11 12:51:58,6.22983833,-75.58266167,2.30,1477.521,23.979,19.724,6,23,40,,
T,2023-05-11 12:51:59,6.23003000,-75.58264833,2.20,1479.321,23.979,19.913,3,24,40,,
T,2023-05-11 12:52:00,6.23022000,-75.58264833,2.20,1482.322,23.978,20.238,2,23,40,,
T,2023-05-11 12:52:01,6.23040333,-75.58266000,2.20,1484.122,23.978,20.333,360,23,40,,
T,2023-05-11 12:52:02,6.23058167,-75.58267000,2.30,1484.022,23.978,20.257,357,23,40,,
T,2023-05-11 12:52:03,6.23075000,-75.58268667,2.20,1485.423,23.977,18.030,357,22,40,,
T,2023-05-11 12:52:04,6.23088833,-75.58269000,2.30,1484.023,23.977,15.992,358,21,40,,
T,2023-05-11 12:52:05,6.23100667,-75.58269500,2.20,1481.323,23.977,12.979,359,22,40,,
T,2023-05-11 12:52:06,6.23110167,-75.58270000,2.30,1481.023,23.977,10.551,358,23,40,,
T,2023-05-11 12:52:07,6.23118000,-75.58271000,2.20,1481.323,23.977,9.002,359,23,40,,
T,2023-05-11 12:52:08,6.23125333,-75.58271667,2.30,1481.423,23.977,8.343,356,23,40,,
T,2023-05-11 12:52:09,6.23131333,-75.58271833,2.30,1481.123,23.977,6.914,356,23,40,,
T,2023-05-11 12:52:10,6.23137667,-75.58272167,2.30,1481.624,23.976,7.336,352,23,40,,
T,2023-05-11 12:52:11,6.23145833,-75.58273167,2.30,1481.824,23.976,8.422,348,22,40,,
T,2023-05-11 12:52:12,6.23154333,-75.58273667,2.30,1481.124,23.976,8.875,353,22,40,,
T,2023-05-11 12:52:13,6.23163333,-75.58273500,2.20,1481.324,23.976,9.465,356,22,40,,
T,2023-05-11 12:52:14,6.23172333,-75.58273500,2.10,1481.124,23.976,9.347,359,23,40,,
T,2023-05-11 12:52:15,6.23181167,-75.58273833,2.10,1481.224,23.976,10.225,360,23,40,,
T,2023-05-11 12:52:16,6.23191333,-75.58273667,2.20,1481.025,23.975,10.905,0,23,40,,
T,2023-05-11 12:52:17,6.23202333,-75.58274333,2.20,1480.925,23.975,12.309,356,24,40,,
T,2023-05-11 12:52:18,6.23214167,-75.58274833,2.20,1480.325,23.975,13.062,357,24,40,,
T,2023-05-11 12:52:19,6.23226500,-75.58275000,2.20,1479.525,23.975,13.686,358,23,40,,
T,2023-05-11 12:52:20,6.23239000,-75.58274833,2.20,1479.925,23.975,14.032,0,23,40,,
T,2023-05-11 12:52:21,6.23251833,-75.58274833,2.20,1479.926,23.974,14.384,2,23,40,,
T,2023-05-11 12:52:22,6.23264167,-75.58274500,2.20,1479.326,23.974,12.444,2,23,40,,
T,2023-05-11 12:52:23,6.23274167,-75.58273833,2.20,1478.726,23.974,10.742,3,24,40,,
T,2023-05-11 12:52:24,6.23283500,-75.58273500,2.20,1478.726,23.974,9.179,1,23,40,,
T,2023-05-11 12:52:25,6.23291500,-75.58273000,2.10,1479.527,23.973,7.919,359,24,40,,
T,2023-05-11 12:52:26,6.23297500,-75.58273333,2.10,1479.527,23.973,6.352,360,24,40,,
T,2023-05-11 12:52:27,6.23302167,-75.58273500,2.00,1478.927,23.973,4.546,1,24,40,,
T,2023-05-11 12:52:28,6.23305000,-75.58273500,1.90,1479.327,23.973,2.642,3,25,40,,
T,2023-05-11 12:52:29,6.23306500,-75.58273167,1.90,1479.227,23.973,2.106,4,25,40,,
T,2023-05-11 12:52:30,6.23308167,-75.58273000,1.90,1479.727,23.973,2.603,359,26,40,,
T,2023-05-11 12:52:31,6.23310000,-75.58273000,1.90,1480.627,23.973,1.954,5,26,40,,
T,2023-05-11 12:52:32,6.23311833,-75.58273333,1.90,1481.127,23.973,1.197,5,26,40,,
T,2023-05-11 12:52:33,6.23312667,-75.58273167,1.90,1481.327,23.973,1.313,5,26,40,,
T,2023-05-11 12:52:34,6.23313333,-75.58272333,1.80,1481.227,23.973,0.000,,26,40,,
T,2023-05-11 12:52:35,6.23313833,-75.58271333,1.80,1480.527,23.973,0.000,,26,40,,
T,2023-05-11 12:52:36,6.23314333,-75.58270833,1.80,1480.127,23.973,1.173,5,26,40,,
T,2023-05-11 12:52:37,6.23314333,-75.58270000,1.90,1480.327,23.973,0.000,,24,40,,
T,2023-05-11 12:52:38,6.23314167,-75.58269333,2.00,1480.227,23.973,0.000,,26,40,,
T,2023-05-11 12:52:39,6.23314333,-75.58268333,1.90,1480.527,23.973,0.000,,26,40,,
T,2023-05-11 12:52:40,6.23314333,-75.58268333,1.90,1480.527,23.973,0.000,,26,40,,
T,2023-05-11 12:52:41,6.23314333,-75.58268333,1.90,1480.527,23.973,0.000,,26,40,,
T,2023-05-11 12:52:42,6.23314333,-75.58268333,1.90,1480.527,23.973,0.000,,26,40,,
T,2023-05-11 12:52:43,6.23314333,-75.58268333,1.90,1480.527,23.973,0.000,,23,40,,
T,2023-05-11 12:52:44,6.23314333,-75.58268333,1.90,1480.527,23.973,0.000,,23,40,,
T,2023-05-11 12:52:45,6.23314333,-75.58268333,1.80,1480.527,23.973,0.000,,25,40,,
T,2023-05-11 12:52:46,6.23314333,-75.58268333,1.80,1480.527,23.973,0.000,,25,40,,
T,2023-05-11 12:52:47,6.23314333,-75.58268333,1.80,1480.527,23.973,0.000,,25,40,,
T,2023-05-11 12:52:48,6.23314333,-75.58268333,1.80,1480.527,23.973,0.000,,25,40,,
T,2023-05-11 12:52:49,6.23314333,-75.58268333,1.80,1480.527,23.973,0.000,,25,40,,
T,2023-05-11 12:52:50,6.23314333,-75.58268333,1.80,1480.527,23.973,0.000,,24,40,,
T,2023-05-11 12:52:51,6.23314333,-75.58268333,1.90,1480.527,23.973,0.000,,24,40,,
T,2023-05-11 12:52:52,6.23314333,-75.58268333,1.90,1480.527,23.973,0.000,,23,40,,
T,2023-05-11 12:52:53,6.23314333,-75.58268333,1.90,1480.527,23.973,0.000,,25,40,,
T,2023-05-11 12:52:54,6.23314333,-75.58268333,1.90,1480.527,23.973,0.000,,26,40,,
T,2023-05-11 12:52:55,6.23314333,-75.58268333,1.90,1480.527,23.973,0.000,,25,40,,
T,2023-05-11 12:52:56,6.23314333,-75.58268333,1.90,1480.527,23.973,0.000,,25,40,,
T,2023-05-11 12:52:57,6.23314333,-75.58268333,1.90,1480.527,23.973,0.000,,25,40,,
T,2023-05-11 12:52:58,6.23314333,-75.58268333,1.80,1480.527,23.973,0.000,,25,40,,
T,2023-05-11 12:52:59,6.23314333,-75.58268333,1.80,1480.527,23.973,0.000,,25,40,,
T,2023-05-11 12:53:00,6.23314333,-75.58268333,1.80,1480.527,23.973,0.000,,25,40,,
T,2023-05-11 12:53:01,6.23314333,-75.58268333,1.80,1480.527,23.973,0.000,,25,40,,
T,2023-05-11 12:53:02,6.23314333,-75.58268333,1.80,1480.527,23.973,0.000,,25,40,,
T,2023-05-11 12:53:03,6.23314333,-75.58268333,1.80,1480.527,23.973,0.000,,24,40,,
T,2023-05-11 12:53:04,6.23314333,-75.58268333,1.80,1480.527,23.973,0.000,,24,40,,
T,2023-05-11 12:53:05,6.23314333,-75.58268333,1.80,1480.527,23.973,0.000,,24,40,,
T,2023-05-11 12:53:06,6.23314333,-75.58268333,1.80,1480.527,23.973,0.000,,23,40,,
T,2023-05-11 12:53:07,6.23314333,-75.58268333,1.10,1480.527,23.973,0.000,,23,40,,
T,2023-05-11 12:53:08,6.23314333,-75.58268333,1.10,1480.527,23.973,0.000,,23,40,,
T,2023-05-11 12:53:09,6.23314333,-75.58268333,1.00,1480.527,23.973,0.000,,23,40,,
T,2023-05-11 12:53:10,6.23314333,-75.58268333,1.20,1480.527,23.973,0.000,,22,40,,
T,2023-05-11 12:53:11,6.23314333,-75.58268333,1.40,1480.527,23.973,0.000,,22,40,,
T,2023-05-11 12:53:12,6.23314333,-75.58268333,1.60,1480.527,23.973,0.000,,22,40,,
T,2023-05-11 12:53:13,6.23314333,-75.58268333,1.70,1480.527,23.973,0.000,,22,40,,
T,2023-05-11 12:53:14,6.23314333,-75.58268333,1.70,1480.527,23.973,0.000,,25,40,,
T,2023-05-11 12:53:15,6.23314333,-75.58268333,1.70,1480.527,23.973,0.000,,25,40,,
T,2023-05-11 12:53:16,6.23314333,-75.58268333,1.80,1480.527,23.973,0.000,,25,40,,
T,2023-05-11 12:53:17,6.23314333,-75.58268333,1.90,1480.527,23.973,0.000,,25,40,,
T,2023-05-11 12:53:18,6.23314333,-75.58268333,1.90,1480.527,23.973,0.000,,25,40,,
T,2023-05-11 12:53:19,6.23314333,-75.58268333,2.00,1480.527,23.973,0.000,,25,40,,
T,2023-05-11 12:53:20,6.23314333,-75.58268333,2.00,1480.527,23.973,0.000,,25,40,,
T,2023-05-11 12:53:21,6.23314333,-75.58268333,2.00,1480.527,23.973,0.000,,25,40,,
T,2023-05-11 12:53:22,6.23314333,-75.58268333,2.00,1480.527,23.973,0.000,,25,40,,
T,2023-05-11 12:53:23,6.23314333,-75.58268333,2.00,1480.527,23.973,0.000,,25,40,,
T,2023-05-11 12:53:24,6.23314333,-75.58268333,2.10,1480.527,23.973,0.000,,25,40,,
T,2023-05-11 12:53:25,6.23314333,-75.58268333,2.10,1480.527,23.973,0.000,,25,40,,
T,2023-05-11 12:53:26,6.23314333,-75.58268333,2.10,1480.527,23.973,0.000,,25,40,,
T,2023-05-11 12:53:27,6.23314333,-75.58268333,2.10,1480.527,23.973,0.000,,25,40,,
T,2023-05-11 12:53:28,6.23314333,-75.58268333,2.10,1480.527,23.973,0.000,,25,40,,
T,2023-05-11 12:53:29,6.23314333,-75.58268333,2.20,1480.527,23.973,0.000,,24,40,,
T,2023-05-11 12:53:30,6.23314333,-75.58268333,2.10,1480.527,23.973,0.000,,24,40,,
T,2023-05-11 12:53:31,6.23314333,-75.58268333,2.00,1480.527,23.973,0.000,,24,40,,
T,2023-05-11 12:53:32,6.23314333,-75.58268333,1.90,1480.527,23.973,0.000,,25,40,,
T,2023-05-11 12:53:33,6.23314333,-75.58268333,1.80,1480.527,23.973,0.000,,25,40,,
T,2023-05-11 12:53:34,6.23323000,-75.58266667,1.90,1481.827,23.973,3.949,4,25,40,,
T,2023-05-11 12:53:35,6.23327833,-75.58267000,2.00,1482.028,23.972,5.199,0,24,40,,
T,2023-05-11 12:53:36,6.23333500,-75.58267167,2.00,1481.728,23.972,6.041,359,25,40,,
T,2023-05-11 12:53:37,6.23339833,-75.58267833,2.10,1481.028,23.972,6.636,360,25,40,,
T,2023-05-11 12:53:38,6.23347000,-75.58267833,2.10,1480.228,23.972,7.570,1,25,40,,
T,2023-05-11 12:53:39,6.23354833,-75.58268167,2.20,1479.928,23.972,8.103,1,25,40,,
T,2023-05-11 12:53:40,6.23362333,-75.58268167,2.10,1479.728,23.972,8.615,360,25,40,,
T,2023-05-11 12:53:41,6.23370500,-75.58268333,2.20,1480.228,23.972,8.575,358,25,40,,
T,2023-05-11 12:53:42,6.23378333,-75.58268500,2.30,1481.228,23.972,8.806,356,25,40,,
T,2023-05-11 12:53:43,6.23386500,-75.58268500,2.30,1481.429,23.971,9.479,359,24,40,,
T,2023-05-11 12:53:44,6.23395333,-75.58268000,2.30,1481.429,23.971,10.042,359,24,40,,
T,2023-05-11 12:53:45,6.23404667,-75.58267000,2.40,1480.829,23.971,10.693,3,23,40,,
T,2023-05-11 12:53:46,6.23415167,-75.58266500,2.40,1480.229,23.971,10.703,4,23,40,,
T,2023-05-11 12:53:47,6.23426500,-75.58266333,2.40,1479.730,23.970,12.330,2,25,40,,
T,2023-05-11 12:53:48,6.23439333,-75.58267500,2.30,1479.430,23.970,13.430,2,24,40,,
T,2023-05-11 12:53:49,6.23453500,-75.58267333,2.30,1479.130,23.970,14.176,1,24,40,,
T,2023-05-11 12:53:50,6.23467167,-75.58268833,2.20,1473.430,23.970,14.747,1,24,40,,
T,2023-05-11 12:53:51,6.23480833,-75.58268500,2.10,1473.930,23.970,15.011,3,25,40,,
T,2023-05-11 12:53:52,6.23495167,-75.58267667,2.10,1474.331,23.969,16.155,2,25,40,,
T,2023-05-11 12:53:53,6.23510167,-75.58266667,2.00,1474.631,23.969,16.432,3,25,40,,
T,2023-05-11 12:53:54,6.23525500,-75.58265500,2.00,1475.031,23.969,16.819,5,25,40,,
T,2023-05-11 12:53:55,6.23541167,-75.58264333,2.00,1475.132,23.968,17.135,4,24,40,,
T,2023-05-11 12:53:56,6.23557167,-75.58263500,2.30,1475.232,23.968,17.803,3,24,40,,
T,2023-05-11 12:53:57,6.23573500,-75.58264333,2.20,1474.632,23.968,18.348,2,24,40,,
T,2023-05-11 12:53:58,6.23589333,-75.58262500,2.30,1472.733,23.967,18.046,2,22,40,,
T,2023-05-11 12:53:59,6.23605333,-75.58262000,2.30,1473.033,23.967,18.432,2,22,40,,
T,2023-05-11 12:54:00,6.23623000,-75.58261000,2.40,1478.734,23.966,18.630,359,23,40,,
T,2023-05-11 12:54:01,6.23641500,-75.58261333,2.30,1480.234,23.966,19.382,359,24,40,,
T,2023-05-11 12:54:02,6.23659333,-75.58262167,2.40,1481.434,23.966,18.952,357,24,40,,
T,2023-05-11 12:54:03,6.23676833,-75.58262833,2.40,1482.335,23.965,19.169,357,23,40,,
T,2023-05-11 12:54:04,6.23694167,-75.58263167,2.50,1482.235,23.965,19.337,356,23,40,,
T,2023-05-11 12:54:05,6.23712500,-75.58264667,2.60,1481.835,23.965,19.424,356,22,40,,
T,2023-05-11 12:54:06,6.23731167,-75.58266167,2.50,1480.935,23.965,19.466,353,23,40,,
T,2023-05-11 12:54:07,6.23747833,-75.58267333,2.50,1478.036,23.964,19.446,349,23,40,,
T,2023-05-11 12:54:08,6.23764000,-75.58270833,2.40,1477.736,23.964,19.028,347,23,40,,
T,2023-05-11 12:54:09,6.23780667,-75.58276333,2.30,1475.936,23.964,19.743,344,23,40,,
T,2023-05-11 12:54:10,6.23797333,-75.58280833,2.20,1475.436,23.964,19.453,343,23,40,,
T,2023-05-11 12:54:11,6.23814333,-75.58285667,2.10,1475.636,23.964,19.476,344,24,40,,
T,2023-05-11 12:54:12,6.23832500,-75.58292500,2.20,1478.736,23.964,19.459,345,24,40,,
T,2023-05-11 12:54:13,6.23849500,-75.58297833,2.40,1478.436,23.964,19.049,347,24,40,,
T,2023-05-11 12:54:14,6.23866333,-75.58302333,2.40,1477.536,23.964,18.860,350,23,40,,
T,2023-05-11 12:54:15,6.23882667,-75.58303667,2.30,1477.436,23.964,18.195,355,23,40,,
T,2023-05-11 12:54:16,6.23898667,-75.58304667,2.30,1476.837,23.963,17.418,357,23,40,,
T,2023-05-11 12:54:17,6.23914167,-75.58304667,2.20,1477.637,23.963,16.935,358,24,40,,
T,2023-05-11 12:54:18,6.23929333,-75.58306333,2.20,1477.437,23.963,16.370,358,24,40,,
T,2023-05-11 12:54:19,6.23943833,-75.58306500,2.10,1477.238,23.962,16.260,357,24,40,,
T,2023-05-11 12:54:20,6.23958833,-75.58306833,2.10,1478.138,23.962,15.984,357,23,40,,
T,2023-05-11 12:54:21,6.23972667,-75.58307500,2.20,1478.038,23.962,15.804,357,23,40,,
T,2023-05-11 12:54:22,6.23987833,-75.58308833,2.30,1478.338,23.962,15.742,356,23,40,,
T,2023-05-11 12:54:23,6.24003000,-75.58310667,2.30,1478.438,23.962,15.568,356,23,40,,
T,2023-05-11 12:54:24,6.24017333,-75.58311833,2.20,1478.339,23.961,16.155,357,23,40,,
T,2023-05-11 12:54:25,6.24033000,-75.58312500,2.20,1477.139,23.961,17.499,356,24,40,,
T,2023-05-11 12:54:26,6.24049333,-75.58314333,2.40,1477.239,23.961,18.244,356,24,40,,
T,2023-05-11 12:54:27,6.24066500,-75.58315667,2.40,1476.539,23.961,19.072,356,24,40,,
T,2023-05-11 12:54:28,6.24082833,-75.58316667,2.20,1474.740,23.960,18.955,357,24,40,,
T,2023-05-11 12:54:29,6.24098667,-75.58317333,2.30,1469.240,23.960,16.583,358,24,40,,
T,2023-05-11 12:54:30,6.24110833,-75.58316833,2.40,1469.140,23.960,14.464,360,23,40,,
T,2023-05-11 12:54:31,6.24122000,-75.58316167,2.20,1467.840,23.960,12.823,3,21,40,,
T,2023-05-11 12:54:32,6.24132833,-75.58316667,2.30,1466.841,23.959,12.838,2,21,40,,
T,2023-05-11 12:54:33,6.24144833,-75.58317833,2.20,1467.741,23.959,13.570,358,21,40,,
T,2023-05-11 12:54:34,6.24157167,-75.58318667,2.30,1467.541,23.959,13.662,357,20,40,,
T,2023-05-11 12:54:35,6.24168833,-75.58318667,2.30,1466.941,23.959,11.700,358,20,40,,
T,2023-05-11 12:54:36,6.24177500,-75.58318667,2.20,1466.741,23.959,8.732,358,21,40,,
T,2023-05-11 12:54:37,6.24183000,-75.58318333,2.20,1466.942,23.958,7.389,5,20,40,,
T,2023-05-11 12:54:38,6.24186000,-75.58317333,2.30,1466.142,23.958,5.072,4,22,40,,
T,2023-05-11 12:54:39,6.24187167,-75.58317500,2.20,1465.442,23.958,2.837,4,22,40,,
T,2023-05-11 12:54:40,6.24187167,-75.58317667,2.20,1465.742,23.958,1.141,4,22,40,,
T,2023-05-11 12:54:41,6.24187500,-75.58317833,2.00,1467.842,23.958,0.000,,23,40,,
T,2023-05-11 12:54:42,6.24187500,-75.58318000,2.10,1467.942,23.958,0.000,,23,40,,
T,2023-05-11 12:54:43,6.24187833,-75.58318167,2.10,1468.042,23.958,0.000,,23,40,,
T,2023-05-11 12:54:44,6.24187833,-75.58318167,2.10,1468.042,23.958,0.000,,23,40,,
T,2023-05-11 12:54:45,6.24187833,-75.58318167,2.10,1468.042,23.958,0.000,,23,40,,
T,2023-05-11 12:54:46,6.24187833,-75.58318167,2.10,1468.042,23.958,0.000,,23,40,,
T,2023-05-11 12:54:47,6.24187833,-75.58318167,2.10,1468.042,23.958,0.000,,23,40,,
T,2023-05-11 12:54:48,6.24187833,-75.58318167,2.10,1468.042,23.958,0.000,,23,40,,
T,2023-05-11 12:54:49,6.24187833,-75.58318167,2.20,1468.042,23.958,0.000,,23,40,,
T,2023-05-11 12:54:50,6.24187833,-75.58318167,2.20,1468.042,23.958,0.000,,23,40,,
T,2023-05-11 12:54:51,6.24187833,-75.58318167,2.20,1468.042,23.958,0.000,,22,40,,
T,2023-05-11 12:54:52,6.24187833,-75.58318167,2.20,1468.042,23.958,0.000,,22,40,,
T,2023-05-11 12:54:53,6.24187833,-75.58318167,2.20,1468.042,23.958,0.000,,22,40,,
T,2023-05-11 12:54:54,6.24187833,-75.58318167,1.20,1468.042,23.958,0.000,,22,40,,
T,2023-05-11 12:54:55,6.24187833,-75.58318167,1.10,1468.042,23.958,0.000,,22,40,,
T,2023-05-11 12:54:56,6.24187833,-75.58318167,1.30,1468.042,23.958,0.000,,22,40,,
T,2023-05-11 12:54:57,6.24187833,-75.58318167,1.50,1468.042,23.958,0.000,,22,40,,
T,2023-05-11 12:54:58,6.24187833,-75.58318167,1.60,1468.042,23.958,0.000,,22,40,,
T,2023-05-11 12:54:59,6.24187833,-75.58318167,1.60,1468.042,23.958,0.000,,22,40,,
T,2023-05-11 12:55:00,6.24187833,-75.58318167,1.70,1468.042,23.958,0.000,,22,40,,
T,2023-05-11 12:55:01,6.24187833,-75.58318167,1.10,1468.042,23.958,0.000,,22,40,,
T,2023-05-11 12:55:02,6.24187833,-75.58318167,1.00,1468.042,23.958,0.000,,22,40,,
T,2023-05-11 12:55:03,6.24187833,-75.58318167,1.00,1468.042,23.958,0.000,,22,40,,
T,2023-05-11 12:55:04,6.24187833,-75.58318167,1.00,1468.042,23.958,0.000,,21,40,,
T,2023-05-11 12:55:05,6.24187833,-75.58318167,1.00,1468.042,23.958,0.000,,21,40,,
T,2023-05-11 12:55:06,6.24187833,-75.58318167,1.00,1468.042,23.958,0.000,,21,40,,
T,2023-05-11 12:55:07,6.24187833,-75.58318167,1.00,1468.042,23.958,0.000,,21,40,,
T,2023-05-11 12:55:08,6.24187833,-75.58318167,1.00,1468.042,23.958,0.000,,21,40,,
T,2023-05-11 12:55:09,6.24187833,-75.58318167,1.10,1468.042,23.958,0.000,,21,40,,
T,2023-05-11 12:55:10,6.24187833,-75.58318167,1.00,1468.042,23.958,0.000,,21,40,,
T,2023-05-11 12:55:11,6.24187833,-75.58318167,1.10,1468.042,23.958,0.000,,21,40,,
T,2023-05-11 12:55:12,6.24187833,-75.58318167,1.10,1468.042,23.958,0.000,,22,40,,
T,2023-05-11 12:55:13,6.24187833,-75.58318167,1.00,1468.042,23.958,0.000,,22,40,,
T,2023-05-11 12:55:14,6.24187833,-75.58318167,1.00,1468.042,23.958,0.000,,22,40,,
T,2023-05-11 12:55:15,6.24187833,-75.58318167,1.00,1468.042,23.958,0.000,,22,40,,
T,2023-05-11 12:55:16,6.24187833,-75.58318167,1.00,1468.042,23.958,0.000,,22,40,,
T,2023-05-11 12:55:17,6.24187833,-75.58318167,1.30,1468.042,23.958,0.000,,22,40,,
T,2023-05-11 12:55:18,6.24187833,-75.58318167,1.30,1468.042,23.958,0.000,,22,40,,
T,2023-05-11 12:55:19,6.24187833,-75.58318167,1.60,1468.042,23.958,0.000,,22,40,,
T,2023-05-11 12:55:20,6.24192500,-75.58318167,1.80,1470.542,23.958,2.874,20,22,40,,
T,2023-05-11 12:55:21,6.24197500,-75.58318167,2.10,1470.342,23.958,4.889,2,22,40,,
T,2023-05-11 12:55:22,6.24206500,-75.58318000,2.40,1469.942,23.958,7.857,1,22,40,,
T,2023-05-11 12:55:23,6.24218167,-75.58318000,2.40,1470.042,23.958,9.864,360,22,40,,
T,2023-05-11 12:55:24,6.24229500,-75.58318333,2.30,1470.242,23.958,11.294,359,23,40,,
T,2023-05-11 12:55:25,6.24241833,-75.58318833,2.30,1470.043,23.957,12.891,357,23,40,,
T,2023-05-11 12:55:26,6.24255167,-75.58320000,2.30,1470.043,23.957,13.979,358,23,40,,
T,2023-05-11 12:55:27,6.24268667,-75.58321167,2.40,1469.543,23.957,14.940,356,23,40,,
T,2023-05-11 12:55:28,6.24282833,-75.58322333,2.50,1469.643,23.957,15.822,355,22,40,,
T,2023-05-11 12:55:29,6.24297667,-75.58321667,2.50,1470.944,23.956,16.294,1,22,40,,
T,2023-05-11 12:55:30,6.24312500,-75.58323833,2.30,1470.344,23.956,16.447,360,23,40,,
T,2023-05-11 12:55:31,6.24327833,-75.58323667,2.60,1470.244,23.956,16.125,360,22,40,,
T,2023-05-11 12:55:32,6.24343000,-75.58324167,2.50,1470.144,23.956,16.745,0,22,40,,
T,2023-05-11 12:55:33,6.24358667,-75.58325500,2.80,1470.145,23.955,16.804,358,20,40,,
T,2023-05-11 12:55:34,6.24372833,-75.58330333,2.70,1471.445,23.955,15.980,354,19,40,,
T,2023-05-11 12:55:35,6.24386500,-75.58329833,2.50,1472.145,23.955,13.318,357,18,40,,
T,2023-05-11 12:55:36,6.24397333,-75.58330333,2.30,1473.945,23.955,11.285,358,19,40,,
T,2023-05-11 12:55:37,6.24405167,-75.58331500,2.60,1474.045,23.955,8.209,353,19,40,,
T,2023-05-11 12:55:38,6.24409333,-75.58332500,2.60,1474.445,23.955,6.922,354,19,40,,
T,2023-05-11 12:55:39,6.24411333,-75.58333833,2.50,1474.945,23.955,4.743,347,22,40,,
T,2023-05-11 12:55:40,6.24411167,-75.58333500,2.40,1475.145,23.955,2.092,352,21,40,,
T,2023-05-11 12:55:41,6.24411167,-75.58333500,2.40,1474.945,23.955,1.477,352,20,40,,
T,2023-05-11 12:55:42,6.24412167,-75.58333500,2.40,1474.545,23.955,1.920,357,21,40,,
T,2023-05-11 12:55:43,6.24414167,-75.58333333,2.40,1474.545,23.955,2.929,356,20,40,,
T,2023-05-11 12:55:44,6.24417500,-75.58332667,2.40,1474.145,23.955,3.700,6,21,40,,
T,2023-05-11 12:55:45,6.24420667,-75.58332000,2.30,1473.545,23.955,3.125,7,22,40,,
T,2023-05-11 12:55:46,6.24423833,-75.58332000,2.30,1473.146,23.954,2.127,355,23,40,,
T,2023-05-11 12:55:47,6.24426333,-75.58332333,2.20,1472.746,23.954,2.045,348,22,40,,
T,2023-05-11 12:55:48,6.24429000,-75.58332833,2.20,1471.946,23.954,2.710,352,23,40,,
T,2023-05-11 12:55:49,6.24432333,-75.58333833,2.20,1471.146,23.954,2.723,341,24,40,,
T,2023-05-11 12:55:50,6.24435167,-75.58333833,2.20,1470.546,23.954,2.250,352,24,40,,
T,2023-05-11 12:55:51,6.24437667,-75.58334000,2.20,1470.046,23.954,1.838,354,24,40,,
T,2023-05-11 12:55:52,6.24440000,-75.58334167,2.20,1469.146,23.954,1.756,343,24,40,,
T,2023-05-11 12:55:53,6.24443167,-75.58333833,2.30,1468.846,23.954,2.644,354,23,40,,
T,2023-05-11 12:55:54,6.24447667,-75.58333167,2.30,1468.246,23.954,3.795,3,23,40,,
T,2023-05-11 12:55:55,6.24454333,-75.58333833,2.30,1467.646,23.954,5.661,350,24,40,,
T,2023-05-11 12:55:56,6.24462500,-75.58336000,2.40,1467.046,23.954,7.343,347,24,40,,
T,2023-05-11 12:55:57,6.24469167,-75.58338333,2.30,1466.146,23.954,6.931,342,24,40,,
T,2023-05-11 12:55:58,6.24475000,-75.58340833,2.20,1465.346,23.954,6.683,339,24,40,,
T,2023-05-11 12:55:59,6.24481167,-75.58342500,2.20,1464.846,23.954,6.698,346,24,40,,
T,2023-05-11 12:56:00,6.24488167,-75.58344000,2.10,1464.246,23.954,6.800,344,24,40,,
T,2023-05-11 12:56:01,6.24495333,-75.58346333,2.40,1463.846,23.954,7.685,345,24,40,,
T,2023-05-11 12:56:02,6.24504333,-75.58350500,2.40,1463.846,23.954,8.313,338,24,40,,
T,2023-05-11 12:56:03,6.24512500,-75.58355167,2.30,1463.946,23.954,6.820,335,23,40,,
T,2023-05-11 12:56:04,6.24518667,-75.58358333,2.40,1463.746,23.954,5.478,336,22,40,,
T,2023-05-11 12:56:05,6.24522833,-75.58361333,2.30,1463.546,23.954,5.461,336,22,40,,
T,2023-05-11 12:56:06,6.24528167,-75.58364000,2.20,1463.646,23.954,6.339,331,20,40,,
T,2023-05-11 12:56:07,6.24534167,-75.58368667,2.20,1464.546,23.954,8.115,327,20,40,,
T,2023-05-11 12:56:08,6.24541167,-75.58372833,2.20,1465.146,23.954,9.352,331,22,40,,
T,2023-05-11 12:56:09,6.24550500,-75.58377833,2.30,1464.946,23.954,10.547,338,22,40,,
T,2023-05-11 12:56:10,6.24561500,-75.58381167,2.30,1464.546,23.954,11.513,344,24,40,,
T,2023-05-11 12:56:11,6.24573000,-75.58383333,2.30,1463.946,23.954,12.344,352,23,40,,
T,2023-05-11 12:56:12,6.24584667,-75.58384000,2.30,1462.846,23.954,13.254,2,23,40,,
T,2023-05-11 12:56:13,6.24598500,-75.58383667,2.40,1462.646,23.954,14.104,8,22,40,,
T,2023-05-11 12:56:14,6.24612500,-75.58381000,2.40,1462.547,23.953,15.105,11,22,40,,
T,2023-05-11 12:56:15,6.24626333,-75.58379167,2.40,1461.747,23.953,15.132,12,21,40,,
T,2023-05-11 12:56:16,6.24639833,-75.58376667,2.20,1460.247,23.953,16.021,12,22,40,,
T,2023-05-11 12:56:17,6.24653667,-75.58373833,2.10,1459.248,23.952,15.572,14,23,40,,
T,2023-05-11 12:56:18,6.24666333,-75.58371000,2.10,1457.948,23.952,13.498,14,24,40,,
T,2023-05-11 12:56:19,6.24678333,-75.58368833,2.50,1457.549,23.951,12.440,11,21,40,,
T,2023-05-11 12:56:20,6.24689667,-75.58367167,2.40,1458.549,23.951,11.223,13,21,40,,
T,2023-05-11 12:56:21,6.24700167,-75.58364500,2.40,1459.749,23.951,10.196,14,22,40,,
T,2023-05-11 12:56:22,6.24709167,-75.58361667,2.60,1459.750,23.950,8.846,20,22,40,,
T,2023-05-11 12:56:23,6.24717333,-75.58359500,2.70,1460.150,23.950,8.207,22,21,40,,
T,2023-05-11 12:56:24,6.24723167,-75.58358167,2.60,1460.350,23.950,6.290,17,22,40,,
T,2023-05-11 12:56:25,6.24727000,-75.58358333,2.60,1460.050,23.950,4.476,13,24,40,,
T,2023-05-11 12:56:26,6.24729833,-75.58357833,2.40,1459.650,23.950,3.078,23,23,40,,
T,2023-05-11 12:56:27,6.24732500,-75.58357000,2.40,1460.250,23.950,3.502,20,21,40,,
T,2023-05-11 12:56:28,6.24734667,-75.58358167,2.40,1461.650,23.950,3.198,359,21,40,,
T,2023-05-11 12:56:29,6.24736500,-75.58357667,2.30,1461.950,23.950,1.928,359,21,40,,
T,2023-05-11 12:56:30,6.24737167,-75.58357833,2.20,1462.550,23.950,0.000,,22,40,,
T,2023-05-11 12:56:31,6.24737833,-75.58357333,2.20,1463.850,23.950,0.000,,21,40,,
T,2023-05-11 12:56:32,6.24737833,-75.58357333,2.20,1463.850,23.950,0.000,,21,40,,
T,2023-05-11 12:56:33,6.24737833,-75.58357333,2.10,1463.850,23.950,0.000,,21,40,,
T,2023-05-11 12:56:34,6.24737833,-75.58357333,2.10,1463.850,23.950,0.000,,22,40,,
T,2023-05-11 12:56:35,6.24737833,-75.58357333,2.10,1463.850,23.950,0.000,,21,40,,
T,2023-05-11 12:56:36,6.24737833,-75.58357333,2.20,1463.850,23.950,0.000,,22,40,,
T,2023-05-11 12:56:37,6.24737833,-75.58357333,2.20,1463.850,23.950,0.000,,22,40,,
T,2023-05-11 12:56:38,6.24737833,-75.58357333,2.20,1463.850,23.950,0.000,,22,40,,
T,2023-05-11 12:56:39,6.24737833,-75.58357333,1.20,1463.850,23.950,0.000,,22,40,,
T,2023-05-11 12:56:40,6.24737833,-75.58357333,1.00,1463.850,23.950,0.000,,22,40,,
T,2023-05-11 12:56:41,6.24737833,-75.58357333,1.00,1463.850,23.950,0.000,,23,40,,
T,2023-05-11 12:56:42,6.24737833,-75.58357333,1.00,1463.850,23.950,0.000,,22,40,,
T,2023-05-11 12:56:43,6.24737833,-75.58357333,1.00,1463.850,23.950,0.000,,22,40,,
T,2023-05-11 12:56:44,6.24737833,-75.58357333,1.00,1463.850,23.950,0.000,,22,40,,
T,2023-05-11 12:56:45,6.24737833,-75.58357333,1.00,1463.850,23.950,0.000,,23,40,,
T,2023-05-11 12:56:46,6.24737833,-75.58357333,1.00,1463.850,23.950,0.000,,22,40,,
T,2023-05-11 12:56:47,6.24737833,-75.58357333,1.00,1463.850,23.950,0.000,,23,40,,
T,2023-05-11 12:56:48,6.24737833,-75.58357333,1.00,1463.850,23.950,0.000,,23,40,,
T,2023-05-11 12:56:49,6.24737833,-75.58357333,1.20,1463.850,23.950,0.000,,23,40,,
T,2023-05-11 12:56:50,6.24737833,-75.58357333,1.40,1463.850,23.950,0.000,,22,40,,
T,2023-05-11 12:56:51,6.24741500,-75.58356000,1.70,1465.950,23.950,2.656,13,22,40,,
T,2023-05-11 12:56:52,6.24744833,-75.58355500,1.70,1466.151,23.949,3.792,9,22,40,,
T,2023-05-11 12:56:53,6.24748833,-75.58354500,2.00,1466.251,23.949,4.020,11,22,40,,
T,2023-05-11 12:56:54,6.24753000,-75.58353333,2.10,1466.651,23.949,3.941,11,22,40,,
T,2023-05-11 12:56:55,6.24756833,-75.58352000,2.10,1466.651,23.949,3.977,19,22,40,,
T,2023-05-11 12:56:56,6.24760333,-75.58349667,2.20,1467.151,23.949,3.340,22,23,40,,
T,2023-05-11 12:56:57,6.24763167,-75.58348333,2.10,1466.751,23.949,3.344,18,24,40,,
T,2023-05-11 12:56:58,6.24765833,-75.58346667,2.10,1466.651,23.949,3.189,23,24,40,,
T,2023-05-11 12:56:59,6.24769167,-75.58345333,2.20,1466.552,23.948,2.787,25,24,40,,
T,2023-05-11 12:57:00,6.24772167,-75.58345000,2.10,1466.452,23.948,2.827,19,23,40,,
T,2023-05-11 12:57:01,6.24775000,-75.58344667,2.10,1466.352,23.948,3.049,10,23,40,,
T,2023-05-11 12:57:02,6.24778333,-75.58344500,2.20,1466.852,23.948,3.826,6,24,40,,
T,2023-05-11 12:57:03,6.24781833,-75.58343833,2.20,1466.852,23.948,3.622,11,23,40,,
T,2023-05-11 12:57:04,6.24786000,-75.58343333,2.20,1467.052,23.948,4.223,4,23,40,,
T,2023-05-11 12:57:05,6.24789500,-75.58342333,2.20,1467.152,23.948,3.585,11,24,40,,
T,2023-05-11 12:57:06,6.24792500,-75.58341833,2.10,1466.752,23.948,3.081,10,24,40,,
T,2023-05-11 12:57:07,6.24795500,-75.58341000,2.00,1465.952,23.948,3.825,16,24,40,,
T,2023-05-11 12:57:08,6.24799667,-75.58339667,1.90,1465.752,23.948,4.925,18,24,40,,
T,2023-05-11 12:57:09,6.24804667,-75.58338333,2.00,1465.153,23.947,6.322,18,23,40,,
T,2023-05-11 12:57:10,6.24811167,-75.58336833,2.00,1464.453,23.947,7.308,13,24,40,,
T,2023-05-11 12:57:11,6.24818500,-75.58335000,2.00,1463.253,23.947,8.127,12,23,40,,
T,2023-05-11 12:57:12,6.24826667,-75.58332333,2.20,1462.653,23.947,9.100,14,23,40,,
T,2023-05-11 12:57:13,6.24837167,-75.58330167,2.30,1461.854,23.946,10.296,13,21,40,,
T,2023-05-11 12:57:14,6.24848167,-75.58327167,2.40,1461.154,23.946,11.597,15,20,40,,
T,2023-05-11 12:57:15,6.24859833,-75.58323167,2.40,1461.054,23.946,12.392,15,21,40,,
T,2023-05-11 12:57:16,6.24872333,-75.58319833,2.40,1461.255,23.945,13.284,12,22,40,,
T,2023-05-11 12:57:17,6.24885667,-75.58318167,2.30,1460.455,23.945,14.158,7,22,40,,
T,2023-05-11 12:57:18,6.24899833,-75.58317500,2.40,1460.556,23.944,14.881,2,22,40,,
T,2023-05-11 12:57:19,6.24913167,-75.58317833,2.20,1460.856,23.944,14.770,359,23,40,,
T,2023-05-11 12:57:20,6.24926667,-75.58318667,2.10,1461.056,23.944,15.185,1,22,40,,
T,2023-05-11 12:57:21,6.24939333,-75.58319333,2.20,1461.956,23.944,12.978,0,22,40,,
T,2023-05-11 12:57:22,6.24952333,-75.58319167,2.40,1462.156,23.944,13.546,3,22,40,,
T,2023-05-11 12:57:23,6.24965167,-75.58318500,2.50,1462.357,23.943,14.604,7,21,40,,
T,2023-05-11 12:57:24,6.24979333,-75.58317833,2.30,1461.357,23.943,15.626,3,21,40,,
T,2023-05-11 12:57:25,6.24994167,-75.58317833,2.20,1459.457,23.943,16.110,2,22,40,,
T,2023-05-11 12:57:26,6.25010000,-75.58316667,2.20,1458.958,23.942,17.190,2,21,40,,
T,2023-05-11 12:57:27,6.25026667,-75.58315667,2.10,1459.358,23.942,17.375,1,22,40,,
T,2023-05-11 12:57:28,6.25043000,-75.58315333,2.00,1459.559,23.941,17.384,2,22,40,,
T,2023-05-11 12:57:29,6.25059167,-75.58315000,1.90,1459.259,23.941,17.762,1,22,40,,
T,2023-05-11 12:57:30,6.25075333,-75.58314500,1.90,1458.759,23.941,18.176,1,22,40,,
T,2023-05-11 12:57:31,6.25091667,-75.58314500,2.20,1458.560,23.940,18.155,1,22,40,,
T,2023-05-11 12:57:32,6.25106167,-75.58314167,2.30,1459.060,23.940,15.372,3,22,40,,
T,2023-05-11 12:57:33,6.25118167,-75.58312833,2.40,1460.260,23.940,12.159,4,22,40,,
T,2023-05-11 12:57:34,6.25127000,-75.58310833,2.30,1462.461,23.939,9.559,8,21,40,,
T,2023-05-11 12:57:35,6.25135167,-75.58309167,2.30,1463.261,23.939,8.371,8,22,40,,
T,2023-05-11 12:57:36,6.25142167,-75.58307333,2.30,1463.961,23.939,7.951,7,22,40,,
T,2023-05-11 12:57:37,6.25148167,-75.58304833,2.40,1464.662,23.938,7.791,20,22,40,,
T,2023-05-11 12:57:38,6.25155833,-75.58301833,2.40,1464.762,23.938,9.258,21,20,40,,
T,2023-05-11 12:57:39,6.25164167,-75.58298667,2.20,1465.662,23.938,10.416,21,20,40,,
T,2023-05-11 12:57:40,6.25173833,-75.58294833,2.30,1466.363,23.937,10.968,23,20,40,,
T,2023-05-11 12:57:41,6.25183833,-75.58290500,2.50,1466.763,23.937,11.752,24,20,40,,
T,2023-05-11 12:57:42,6.25194000,-75.58286667,2.50,1466.764,23.936,12.330,22,21,40,,
T,2023-05-11 12:57:43,6.25205000,-75.58282833,2.30,1466.064,23.936,12.297,23,23,40,,
T,2023-05-11 12:57:44,6.25216667,-75.58278000,2.50,1465.465,23.935,12.997,23,22,40,,
T,2023-05-11 12:57:45,6.25228500,-75.58272500,2.40,1464.665,23.935,13.434,25,20,40,,
T,2023-05-11 12:57:46,6.25240500,-75.58267000,2.30,1465.066,23.934,13.761,25,20,40,,
T,2023-05-11 12:57:47,6.25252500,-75.58261667,2.10,1465.666,23.934,14.536,25,21,40,,
T,2023-05-11 12:57:48,6.25264667,-75.58256833,2.20,1465.767,23.933,14.680,24,22,40,,
T,2023-05-11 12:57:49,6.25276833,-75.58251333,2.40,1464.967,23.933,14.817,26,22,40,,
T,2023-05-11 12:57:50,6.25288667,-75.58246500,2.30,1464.668,23.932,13.351,26,21,40,,
T,2023-05-11 12:57:51,6.25298833,-75.58242333,2.50,1463.568,23.932,11.930,25,20,40,,
T,2023-05-11 12:57:52,6.25308167,-75.58238833,2.60,1462.869,23.931,9.949,24,20,40,,
T,2023-05-11 12:57:53,6.25316167,-75.58235833,2.60,1463.169,23.931,7.613,22,22,40,,
T,2023-05-11 12:57:54,6.25321333,-75.58235167,2.70,1463.069,23.931,6.681,14,22,40,,
T,2023-05-11 12:57:55,6.25326167,-75.58237667,2.70,1463.169,23.931,5.694,1,22,40,,
T,2023-05-11 12:57:56,6.25329667,-75.58241333,2.60,1463.269,23.931,5.348,347,22,40,,
T,2023-05-11 12:57:57,6.25332333,-75.58246500,2.50,1461.569,23.931,5.381,328,23,40,,
T,2023-05-11 12:57:58,6.25335167,-75.58252333,2.50,1460.369,23.931,5.871,318,22,40,,
T,2023-05-11 12:57:59,6.25338167,-75.58259333,2.40,1458.968,23.932,6.583,308,24,40,,
T,2023-05-11 12:58:00,6.25341333,-75.58266667,2.40,1457.768,23.932,7.480,295,24,40,,
T,2023-05-11 12:58:01,6.25343833,-75.58274833,2.50,1456.668,23.932,9.012,290,23,40,,
T,2023-05-11 12:58:02,6.25345667,-75.58284667,2.30,1456.267,23.933,10.440,283,23,40,,
T,2023-05-11 12:58:03,6.25347167,-75.58295333,2.20,1455.867,23.933,10.465,281,23,40,,
T,2023-05-11 12:58:04,6.25348500,-75.58305333,2.20,1455.966,23.934,9.848,284,23,40,,
T,2023-05-11 12:58:05,6.25350000,-75.58315000,2.20,1456.066,23.934,9.839,286,23,40,,
T,2023-05-11 12:58:06,6.25352167,-75.58322833,2.30,1455.765,23.935,9.502,289,22,40,,
T,2023-05-11 12:58:07,6.25354000,-75.58328833,2.40,1455.865,23.935,8.137,294,21,40,,
T,2023-05-11 12:58:08,6.25356833,-75.58332167,2.40,1455.865,23.935,6.317,307,24,40,,
T,2023-05-11 12:58:09,6.25359667,-75.58334167,2.50,1455.965,23.935,5.252,320,23,40,,
T,2023-05-11 12:58:10,6.25363000,-75.58334667,2.50,1456.065,23.935,5.282,335,21,40,,
T,2023-05-11 12:58:11,6.25367833,-75.58333833,2.40,1455.965,23.935,5.714,355,21,40,,
T,2023-05-11 12:58:12,6.25373667,-75.58333000,2.50,1456.165,23.935,6.576,357,20,40,,
T,2023-05-11 12:58:13,6.25378667,-75.58331333,2.40,1456.465,23.935,6.551,12,20,40,,
T,2023-05-11 12:58:14,6.25383333,-75.58329000,2.50,1456.466,23.934,6.639,18,20,40,,
T,2023-05-11 12:58:15,6.25388500,-75.58325833,2.50,1456.566,23.934,6.934,24,20,40,,
T,2023-05-11 12:58:16,6.25393833,-75.58323500,2.50,1456.766,23.934,6.836,26,22,40,,
T,2023-05-11 12:58:17,6.25399167,-75.58321500,2.60,1456.666,23.934,6.827,23,23,40,,
T,2023-05-11 12:58:18,6.25404167,-75.58319000,2.50,1456.467,23.933,7.179,27,23,40,,
T,2023-05-11 12:58:19,6.25409667,-75.58315500,2.60,1456.467,23.933,6.660,33,23,40,,
T,2023-05-11 12:58:20,6.25414167,-75.58312667,2.40,1455.867,23.933,6.881,29,23,40,,
T,2023-05-11 12:58:21,6.25420333,-75.58310167,2.40,1455.768,23.932,7.406,25,23,40,,
T,2023-05-11 12:58:22,6.25428667,-75.58308167,2.30,1455.768,23.932,7.892,20,23,40,,
T,2023-05-11 12:58:23,6.25437000,-75.58306000,2.20,1456.068,23.932,8.495,20,23,40,,
T,2023-05-11 12:58:24,6.25444167,-75.58304000,2.20,1455.268,23.932,8.517,19,21,40,,
T,2023-05-11 12:58:25,6.25452167,-75.58301500,2.20,1455.369,23.931,8.252,17,20,40,,
T,2023-05-11 12:58:26,6.25460167,-75.58299167,2.20,1455.969,23.931,8.231,17,19,40,,
T,2023-05-11 12:58:27,6.25467833,-75.58296833,2.20,1456.769,23.931,8.082,19,19,40,,
T,2023-05-11 12:58:28,6.25475500,-75.58293667,2.20,1457.670,23.930,8.071,24,19,40,,
T,2023-05-11 12:58:29,6.25482833,-75.58289833,2.20,1458.370,23.930,8.487,29,19,40,,
T,2023-05-11 12:58:30,6.25490667,-75.58286167,2.50,1459.470,23.930,7.942,30,19,40,,
T,2023-05-11 12:58:31,6.25497000,-75.58282500,2.60,1460.071,23.929,7.041,32,18,40,,
T,2023-05-11 12:58:32,6.25502500,-75.58278833,2.60,1460.671,23.929,6.672,34,17,40,,
T,2023-05-11 12:58:33,6.25506667,-75.58276333,2.50,1461.471,23.929,5.289,37,15,40,,
T,2023-05-11 12:58:34,6.25509000,-75.58274500,2.50,1462.071,23.929,3.678,42,19,40,,
T,2023-05-11 12:58:35,6.25509667,-75.58273500,2.40,1462.371,23.929,2.355,39,22,40,,
T,2023-05-11 12:58:36,6.25509667,-75.58272667,2.40,1461.572,23.928,1.545,48,21,40,,
T,2023-05-11 12:58:37,6.25510167,-75.58271333,2.40,1462.072,23.928,1.562,55,22,40,,
T,2023-05-11 12:58:38,6.25510833,-75.58271333,2.40,1462.672,23.928,0.000,,21,40,,
T,2023-05-11 12:58:39,6.25510833,-75.58271167,2.40,1463.472,23.928,0.000,,22,40,,
T,2023-05-11 12:58:40,6.25511167,-75.58271167,2.30,1463.772,23.928,0.000,,22,40,,
T,2023-05-11 12:58:41,6.25511167,-75.58271167,2.20,1463.772,23.928,0.000,,22,40,,
T,2023-05-11 12:58:42,6.25511167,-75.58271167,2.20,1463.772,23.928,0.000,,22,40,,
T,2023-05-11 12:58:43,6.25511167,-75.58271167,2.10,1463.772,23.928,0.000,,22,40,,
T,2023-05-11 12:58:44,6.25511167,-75.58271167,2.20,1463.772,23.928,0.000,,22,40,,
T,2023-05-11 12:58:45,6.25515667,-75.58271333,2.20,1464.672,23.928,0.174,55,23,40,,
T,2023-05-11 12:58:46,6.25518333,-75.58270333,2.30,1465.172,23.928,2.291,30,23,40,,
T,2023-05-11 12:58:47,6.25521333,-75.58268000,2.30,1465.272,23.928,2.946,36,21,40,,
T,2023-05-11 12:58:48,6.25525333,-75.58264500,2.40,1465.772,23.928,4.425,40,22,40,,
T,2023-05-11 12:58:49,6.25529833,-75.58261333,2.40,1466.073,23.927,4.927,37,23,40,,
T,2023-05-11 12:58:50,6.25535500,-75.58257833,2.50,1465.873,23.927,5.850,34,22,40,,
T,2023-05-11 12:58:51,6.25542500,-75.58254500,2.50,1466.073,23.927,6.682,28,22,40,,
T,2023-05-11 12:58:52,6.25550667,-75.58251500,2.50,1466.674,23.926,7.822,22,21,40,,
T,2023-05-11 12:58:53,6.25559667,-75.58248833,2.50,1466.974,23.926,7.450,22,22,40,,
T,2023-05-11 12:58:54,6.25567167,-75.58245833,2.50,1466.474,23.926,7.207,25,23,40,,
T,2023-05-11 12:58:55,6.25574000,-75.58243667,2.50,1465.974,23.926,5.983,23,21,40,,
T,2023-05-11 12:58:56,6.25579500,-75.58243333,2.30,1466.175,23.925,5.095,17,21,40,,
T,2023-05-11 12:58:57,6.25583333,-75.58243000,2.40,1466.275,23.925,3.659,15,22,40,,
T,2023-05-11 12:58:58,6.25585500,-75.58243000,2.40,1465.175,23.925,2.043,360,23,40,,
T,2023-05-11 12:58:59,6.25586167,-75.58242667,2.40,1465.075,23.925,1.093,360,23,40,,
T,2023-05-11 12:59:00,6.25586833,-75.58242667,2.30,1465.575,23.925,1.092,360,22,40,,
T,2023-05-11 12:59:01,6.25587333,-75.58242167,2.40,1466.275,23.925,1.447,360,20,40,,
T,2023-05-11 12:59:02,6.25587667,-75.58242000,2.40,1466.275,23.925,0.000,,22,40,,
T,2023-05-11 12:59:03,6.25587667,-75.58241833,2.40,1466.675,23.925,0.000,,23,40,,
T,2023-05-11 12:59:04,6.25587000,-75.58241667,2.50,1467.275,23.925,0.000,,24,40,,
T,2023-05-11 12:59:05,6.25587000,-75.58241667,2.50,1467.275,23.925,0.000,,24,40,,
T,2023-05-11 12:59:06,6.25587000,-75.58241667,2.60,1467.275,23.925,0.000,,24,40,,
T,2023-05-11 12:59:07,6.25587000,-75.58241667,2.60,1467.275,23.925,0.000,,23,40,,
T,2023-05-11 12:59:08,6.25587000,-75.58241667,2.70,1467.275,23.925,0.000,,23,40,,
T,2023-05-11 12:59:09,6.25587000,-75.58241667,2.50,1467.275,23.925,0.000,,23,40,,
T,2023-05-11 12:59:10,6.25587000,-75.58241667,2.60,1467.275,23.925,0.000,,20,40,,
T,2023-05-11 12:59:11,6.25586667,-75.58240667,2.60,1467.875,23.925,0.131,360,18,40,,
T,2023-05-11 12:59:12,6.25586333,-75.58240000,2.70,1468.375,23.925,0.000,,18,40,,
T,2023-05-11 12:59:13,6.25586667,-75.58240000,2.70,1468.575,23.925,0.000,,18,40,,
T,2023-05-11 12:59:14,6.25587000,-75.58240000,2.70,1468.575,23.925,0.000,,21,40,,
T,2023-05-11 12:59:15,6.25587000,-75.58240000,2.70,1468.575,23.925,0.000,,23,40,,
T,2023-05-11 12:59:16,6.25587000,-75.58240000,2.60,1468.575,23.925,0.000,,23,40,,
T,2023-05-11 12:59:17,6.25587000,-75.58240000,2.50,1468.575,23.925,0.000,,24,40,,
T,2023-05-11 12:59:18,6.25587000,-75.58240000,2.50,1468.575,23.925,0.000,,24,40,,
T,2023-05-11 12:59:19,6.25587000,-75.58240000,2.40,1468.575,23.925,0.000,,24,40,,
T,2023-05-11 12:59:20,6.25587000,-75.58240000,2.40,1468.575,23.925,0.000,,22,40,,
T,2023-05-11 12:59:21,6.25587000,-75.58240000,2.40,1468.575,23.925,0.000,,23,40,,
T,2023-05-11 12:59:22,6.25587000,-75.58240000,2.40,1468.575,23.925,0.000,,24,40,,
T,2023-05-11 12:59:23,6.25587000,-75.58240000,2.30,1468.575,23.925,0.000,,24,40,,
T,2023-05-11 12:59:24,6.25587000,-75.58240000,2.30,1468.575,23.925,0.000,,23,40,,
T,2023-05-11 12:59:25,6.25587000,-75.58240000,2.20,1468.575,23.925,0.000,,23,40,,
T,2023-05-11 12:59:26,6.25587000,-75.58240000,1.20,1468.575,23.925,0.000,,23,40,,
T,2023-05-11 12:59:27,6.25587000,-75.58240000,1.40,1468.575,23.925,0.000,,24,40,,
T,2023-05-11 12:59:28,6.25587000,-75.58240000,1.60,1468.575,23.925,0.000,,24,40,,
T,2023-05-11 12:59:29,6.25587000,-75.58240000,1.80,1468.575,23.925,0.000,,24,40,,
T,2023-05-11 12:59:30,6.25587000,-75.58240000,2.00,1468.575,23.925,0.000,,23,39,,
T,2023-05-11 12:59:31,6.25587000,-75.58240000,2.10,1468.575,23.925,0.000,,23,40,,
T,2023-05-11 12:59:32,6.25597167,-75.58238000,2.20,1467.975,23.925,1.126,324,24,40,,
T,2023-05-11 12:59:33,6.25598833,-75.58238500,2.30,1467.975,23.925,0.000,,23,40,,
T,2023-05-11 12:59:34,6.25600167,-75.58238833,2.30,1467.975,23.925,0.000,,23,40,,
T,2023-05-11 12:59:35,6.25601333,-75.58239000,2.30,1467.875,23.925,0.000,,24,40,,
T,2023-05-11 12:59:36,6.25601333,-75.58239000,2.30,1467.875,23.925,0.000,,24,40,,
T,2023-05-11 12:59:37,6.25601333,-75.58239000,2.20,1467.875,23.925,0.000,,24,40,,
T,2023-05-11 12:59:38,6.25601333,-75.58239000,2.20,1467.875,23.925,0.000,,24,40,,
T,2023-05-11 12:59:39,6.25601333,-75.58239000,2.20,1467.875,23.925,0.000,,23,40,,
T,2023-05-11 12:59:40,6.25601333,-75.58239000,2.20,1467.875,23.925,0.000,,23,40,,
T,2023-05-11 12:59:41,6.25601333,-75.58239000,2.30,1467.875,23.925,0.000,,23,40,,
T,2023-05-11 12:59:42,6.25609167,-75.58246333,2.30,1465.575,23.925,1.423,320,23,40,,
T,2023-05-11 12:59:43,6.25610833,-75.58247500,2.40,1465.475,23.925,1.417,308,23,40,,
T,2023-05-11 12:59:44,6.25611833,-75.58248667,2.30,1465.875,23.925,0.000,,22,40,,
T,2023-05-11 12:59:45,6.25612833,-75.58249333,2.30,1465.875,23.925,0.000,,22,40,,
T,2023-05-11 12:59:46,6.25613333,-75.58250167,2.40,1465.875,23.925,0.000,,22,40,,
T,2023-05-11 12:59:47,6.25613333,-75.58250167,2.40,1465.875,23.925,0.000,,22,40,,
T,2023-05-11 12:59:48,6.25613333,-75.58250167,2.40,1465.875,23.925,0.000,,22,40,,
T,2023-05-11 12:59:49,6.25613333,-75.58250167,2.50,1465.875,23.925,0.000,,22,40,,
T,2023-05-11 12:59:50,6.25613333,-75.58250167,2.50,1465.875,23.925,0.000,,23,40,,
T,2023-05-11 12:59:51,6.25613333,-75.58250167,2.60,1465.875,23.925,0.000,,22,40,,
T,2023-05-11 12:59:52,6.25613333,-75.58250167,2.60,1465.875,23.925,0.000,,23,40,,
T,2023-05-11 12:59:53,6.25613333,-75.58250167,2.70,1465.875,23.925,0.000,,24,40,,
T,2023-05-11 12:59:54,6.25613333,-75.58250167,1.20,1465.875,23.925,0.000,,24,40,,
T,2023-05-11 12:59:55,6.25613333,-75.58250167,1.60,1465.875,23.925,0.000,,24,40,,
T,2023-05-11 12:59:56,6.25613333,-75.58250167,1.80,1465.875,23.925,0.000,,24,40,,
T,2023-05-11 12:59:57,6.25613333,-75.58250167,2.00,1465.875,23.925,0.000,,24,40,,
T,2023-05-11 12:59:58,6.25613333,-75.58250167,2.20,1465.875,23.925,0.000,,23,40,,
T,2023-05-11 12:59:59,6.25613333,-75.58250167,2.30,1465.875,23.925,0.000,,23,40,,
T,2023-05-11 13:00:00,6.25613333,-75.58250167,2.40,1465.875,23.925,0.000,,22,40,,
T,2023-05-11 13:00:01,6.25619167,-75.58257167,2.50,1465.475,23.925,0.614,245,21,40,,
T,2023-05-11 13:00:02,6.25620333,-75.58258833,2.50,1465.275,23.925,0.000,,21,40,,
T,2023-05-11 13:00:03,6.25621333,-75.58260167,2.50,1465.575,23.925,0.000,,22,40,,
T,2023-05-11 13:00:04,6.25622167,-75.58261500,2.50,1465.775,23.925,0.000,,22,40,,
T,2023-05-11 13:00:05,6.25622167,-75.58261500,2.50,1465.775,23.925,0.000,,22,40,,
T,2023-05-11 13:00:06,6.25622167,-75.58261500,2.50,1465.775,23.925,0.000,,22,40,,
T,2023-05-11 13:00:07,6.25622167,-75.58261500,2.50,1465.775,23.925,0.000,,22,39,,
T,2023-05-11 13:00:08,6.25622167,-75.58261500,2.50,1465.775,23.925,0.000,,22,40,,
T,2023-05-11 13:00:09,6.25622167,-75.58261500,2.60,1465.775,23.925,0.000,,22,40,,
T,2023-05-11 13:00:10,6.25622167,-75.58261500,2.70,1465.775,23.925,0.000,,22,40,,
T,2023-05-11 13:00:11,6.25622167,-75.58261500,2.70,1465.775,23.925,0.000,,21,40,,
T,2023-05-11 13:00:12,6.25622167,-75.58261500,2.70,1465.775,23.925,0.000,,21,40,,
T,2023-05-11 13:00:13,6.25627167,-75.58270167,2.70,1466.574,23.926,0.757,260,21,40,,
T,2023-05-11 13:00:14,6.25627667,-75.58271500,2.80,1466.674,23.926,0.000,,22,40,,
T,2023-05-11 13:00:15,6.25628000,-75.58273000,2.80,1466.674,23.926,0.000,,22,40,,
T,2023-05-11 13:00:16,6.25629000,-75.58275833,2.70,1466.774,23.926,1.068,269,22,40,,
T,2023-05-11 13:00:17,6.25629333,-75.58277667,2.70,1466.774,23.926,0.000,,21,40,,
T,2023-05-11 13:00:18,6.25629333,-75.58278333,2.70,1466.774,23.926,0.000,,21,40,,
T,2023-05-11 13:00:19,6.25629500,-75.58280000,2.70,1466.374,23.926,0.000,,22,40,,
T,2023-05-11 13:00:20,6.25629500,-75.58280000,2.70,1466.374,23.926,0.000,,22,40,,
T,2023-05-11 13:00:21,6.25629500,-75.58280000,2.70,1466.374,23.926,0.000,,21,40,,
T,2023-05-11 13:00:22,6.25629500,-75.58280000,2.70,1466.374,23.926,0.000,,19,40,,
T,2023-05-11 13:00:23,6.25629500,-75.58280000,2.60,1466.374,23.926,0.000,,19,40,,
T,2023-05-11 13:00:24,6.25629500,-75.58280000,2.70,1466.374,23.926,0.000,,20,40,,
T,2023-05-11 13:00:25,6.25629500,-75.58280000,2.60,1466.374,23.926,0.000,,20,40,,
T,2023-05-11 13:00:26,6.25635167,-75.58287833,2.50,1464.674,23.926,0.169,49,21,40,,
T,2023-05-11 13:00:27,6.25635500,-75.58288667,2.50,1464.474,23.926,0.000,,21,40,,
T,2023-05-11 13:00:28,6.25635833,-75.58289667,2.50,1464.474,23.926,0.000,,20,40,,
T,2023-05-11 13:00:29,6.25636333,-75.58290167,2.60,1464.574,23.926,0.000,,19,40,,
T,2023-05-11 13:00:30,6.25636333,-75.58290167,2.60,1464.574,23.926,0.000,,19,41,,
T,2023-05-11 13:00:31,6.25637000,-75.58291667,2.70,1465.773,23.927,1.315,12,18,41,,
T,2023-05-11 13:00:32,6.25636833,-75.58292167,2.70,1466.573,23.927,1.130,9,17,41,,
T,2023-05-11 13:00:33,6.25637167,-75.58292167,2.80,1466.773,23.927,0.000,,16,41,,
T,2023-05-11 13:00:34,6.25637167,-75.58291833,2.80,1466.873,23.927,0.000,,18,41,,
T,2023-05-11 13:00:35,6.25637333,-75.58292500,2.80,1467.173,23.927,0.000,,19,41,,
T,2023-05-11 13:00:36,6.25637333,-75.58292500,2.90,1467.173,23.927,0.000,,18,41,,
T,2023-05-11 13:00:37,6.25637333,-75.58292500,2.90,1467.173,23.927,0.000,,17,41,,
T,2023-05-11 13:00:38,6.25637333,-75.58292500,3.00,1467.173,23.927,0.000,,16,41,,
T,2023-05-11 13:00:39,6.25637333,-75.58292500,3.00,1467.173,23.927,0.000,,16,41,,
T,2023-05-11 13:00:40,6.25637333,-75.58292500,3.10,1467.173,23.927,0.000,,16,41,,
T,2023-05-11 13:00:41,6.25637333,-75.58292500,3.10,1467.173,23.927,0.000,,17,40,,
T,2023-05-11 13:00:42,6.25635667,-75.58296000,3.00,1468.373,23.927,1.296,299,17,40,,
T,2023-05-11 13:00:43,6.25635333,-75.58297333,3.00,1469.073,23.927,0.000,,16,40,,
T,2023-05-11 13:00:44,6.25635000,-75.58298000,3.00,1469.173,23.927,0.000,,16,40,,
T,2023-05-11 13:00:45,6.25635000,-75.58298833,3.10,1469.273,23.927,0.000,,15,40,,
T,2023-05-11 13:00:46,6.25635000,-75.58298833,3.10,1469.273,23.927,0.000,,16,40,,
T,2023-05-11 13:00:47,6.25635000,-75.58298833,3.20,1469.273,23.927,0.000,,16,40,,
T,2023-05-11 13:00:48,6.25635000,-75.58298833,3.20,1469.273,23.927,0.000,,16,40,,
T,2023-05-11 13:00:49,6.25635000,-75.58298833,3.20,1469.273,23.927,0.000,,17,40,,
T,2023-05-11 13:00:50,6.25635000,-75.58298833,3.20,1469.273,23.927,0.000,,16,40,,
T,2023-05-11 13:00:51,6.25635000,-75.58298833,3.20,1469.273,23.927,0.000,,16,40,,
T,2023-05-11 13:00:52,6.25635000,-75.58298833,3.20,1469.273,23.927,0.000,,18,40,,
T,2023-05-11 13:00:53,6.25635000,-75.58298833,3.00,1469.273,23.927,0.000,,17,40,,
T,2023-05-11 13:00:54,6.25635000,-75.58298833,3.00,1469.273,23.927,0.000,,17,40,,
T,2023-05-11 13:00:55,6.25635000,-75.58298833,3.10,1469.273,23.927,0.000,,16,40,,
T,2023-05-11 13:00:56,6.25635000,-75.58298833,3.00,1469.273,23.927,0.000,,17,40,,
T,2023-05-11 13:00:57,6.25635000,-75.58298833,2.90,1469.273,23.927,0.000,,16,40,,
T,2023-05-11 13:00:58,6.25635000,-75.58298833,2.90,1469.273,23.927,0.000,,17,40,,
T,2023-05-11 13:00:59,6.25635000,-75.58298833,2.90,1469.273,23.927,0.000,,18,40,,
T,2023-05-11 13:01:00,6.25635000,-75.58298833,2.80,1469.273,23.927,0.000,,18,40,,
T,2023-05-11 13:01:01,6.25635000,-75.58298833,2.80,1469.273,23.927,0.000,,17,40,,
T,2023-05-11 13:01:02,6.25635000,-75.58298833,2.80,1469.273,23.927,0.000,,17,40,,
T,2023-05-11 13:01:03,6.25635000,-75.58298833,2.80,1469.273,23.927,0.000,,17,40,,
T,2023-05-11 13:01:04,6.25635000,-75.58298833,2.80,1469.273,23.927,0.000,,17,40,,
T,2023-05-11 13:01:05,6.25635000,-75.58298833,2.80,1469.273,23.927,0.000,,17,40,,
T,2023-05-11 13:01:06,6.25635000,-75.58298833,2.80,1469.273,23.927,0.000,,17,40,,
T,2023-05-11 13:01:07,6.25635000,-75.58298833,2.80,1469.273,23.927,0.000,,16,40,,
T,2023-05-11 13:01:08,6.25635000,-75.58298833,2.80,1469.273,23.927,0.000,,17,40,,
T,2023-05-11 13:01:09,6.25636500,-75.58308000,2.80,1466.773,23.927,0.661,324,19,40,,
T,2023-05-11 13:01:10,6.25636667,-75.58308000,2.80,1466.673,23.927,0.000,,18,40,,
T,2023-05-11 13:01:11,6.25636333,-75.58307833,2.80,1466.573,23.927,0.000,,18,40,,
T,2023-05-11 13:01:12,6.25636333,-75.58307167,2.80,1466.373,23.927,0.000,,15,40,,
T,2023-05-11 13:01:13,6.25636333,-75.58307167,2.80,1466.373,23.927,0.000,,16,40,,
T,2023-05-11 13:01:14,6.25636333,-75.58307167,2.80,1466.373,23.927,0.000,,14,40,,
T,2023-05-11 13:01:15,6.25636333,-75.58307167,2.90,1466.373,23.927,0.000,,13,39,,
T,2023-05-11 13:01:16,6.25636333,-75.58307167,2.90,1466.373,23.927,0.000,,12,39,,
T,2023-05-11 13:01:17,6.25636333,-75.58307167,3.00,1466.373,23.927,0.000,,12,40,,
T,2023-05-11 13:01:18,6.25636333,-75.58307167,3.10,1466.373,23.927,0.000,,11,40,,
T,2023-05-11 13:01:19,6.25636333,-75.58307167,3.20,1466.373,23.927,0.000,,11,40,,
T,2023-05-11 13:01:20,6.25636333,-75.58307167,4.10,1466.373,23.927,0.000,,10,40,,
T,2023-05-11 13:01:21,6.25636333,-75.58307167,3.90,1466.373,23.927,0.000,,11,40,,
T,2023-05-11 13:01:22,6.25636333,-75.58307167,3.90,1466.373,23.927,0.000,,11,40,,
T,2023-05-11 13:01:23,6.25636333,-75.58307167,3.90,1466.373,23.927,0.000,,11,39,,
T,2023-05-11 13:01:24,6.25636333,-75.58307167,3.90,1466.373,23.927,0.000,,11,39,,
T,2023-05-11 13:01:25,6.25639500,-75.58306833,3.90,1464.773,23.927,1.449,301,11,40,,
T,2023-05-11 13:01:26,6.25639833,-75.58308833,3.90,1464.573,23.927,0.000,,11,40,,
T,2023-05-11 13:01:27,6.25640667,-75.58309500,3.90,1464.573,23.927,0.000,,11,40,,
T,2023-05-11 13:01:28,6.25642167,-75.58309500,3.80,1464.573,23.927,0.000,,11,40,,
T,2023-05-11 13:01:29,6.25642167,-75.58309500,3.70,1464.573,23.927,0.000,,11,40,,
T,2023-05-11 13:01:30,6.25642167,-75.58309500,3.60,1464.573,23.927,0.000,,11,40,,
T,2023-05-11 13:01:31,6.25642167,-75.58309500,3.60,1464.573,23.927,0.000,,11,40,,
T,2023-05-11 13:01:32,6.25642167,-75.58309500,3.50,1464.573,23.927,0.000,,10,40,,
T,2023-05-11 13:01:33,6.25642167,-75.58309500,3.40,1464.573,23.927,0.000,,11,40,,
T,2023-05-11 13:01:34,6.25642167,-75.58309500,3.30,1464.573,23.927,0.000,,11,40,,
T,2023-05-11 13:01:35,6.25642167,-75.58309500,3.30,1464.573,23.927,0.000,,11,40,,
T,2023-05-11 13:01:36,6.25642167,-75.58309500,3.50,1464.573,23.927,0.000,,9,40,,
T,2023-05-11 13:01:37,6.25642167,-75.58309500,3.40,1464.573,23.927,0.000,,9,40,,
T,2023-05-11 13:01:38,6.25642167,-75.58309500,3.50,1464.573,23.927,0.000,,8,40,,
T,2023-05-11 13:01:39,6.25642167,-75.58309500,3.50,1464.573,23.927,0.000,,8,40,,
T,2023-05-11 13:01:40,6.25642167,-75.58309500,3.50,1464.573,23.927,0.000,,9,40,,
T,2023-05-11 13:01:41,6.25642167,-75.58309500,3.60,1464.573,23.927,0.000,,9,40,,
T,2023-05-11 13:01:42,6.25642167,-75.58309500,3.60,1464.573,23.927,0.000,,9,40,,
T,2023-05-11 13:01:43,6.25642167,-75.58309500,3.60,1464.573,23.927,0.000,,9,40,,
T,2023-05-11 13:01:44,6.25642167,-75.58309500,3.60,1464.573,23.927,0.000,,10,40,,
T,2023-05-11 13:01:45,6.25642167,-75.58309500,3.50,1464.573,23.927,0.000,,10,40,,
T,2023-05-11 13:01:46,6.25642167,-75.58309500,3.50,1464.573,23.927,0.000,,11,40,,
T,2023-05-11 13:01:47,6.25642167,-75.58309500,3.50,1464.573,23.927,0.000,,12,40,,
T,2023-05-11 13:01:48,6.25642167,-75.58309500,3.50,1464.573,23.927,0.000,,12,40,,
T,2023-05-11 13:01:49,6.25642167,-75.58309500,3.40,1464.573,23.927,0.000,,14,40,,
T,2023-05-11 13:01:50,6.25642167,-75.58309500,3.30,1464.573,23.927,0.000,,14,40,,
T,2023-05-11 13:01:51,6.25642167,-75.58309500,3.30,1464.573,23.927,0.000,,14,40,,
T,2023-05-11 13:01:52,6.25634333,-75.58305000,3.30,1465.873,23.927,0.268,268,14,40,,
T,2023-05-11 13:01:53,6.25634833,-75.58304667,3.30,1466.073,23.927,0.000,,14,40,,
T,2023-05-11 13:01:54,6.25635333,-75.58304000,3.30,1466.273,23.927,0.000,,14,40,,
T,2023-05-11 13:01:55,6.25635500,-75.58302667,3.30,1466.373,23.927,0.000,,14,40,,
T,2023-05-11 13:01:56,6.25635500,-75.58302667,3.30,1466.373,23.927,0.000,,14,40,,
T,2023-05-11 13:01:57,6.25635500,-75.58302667,3.30,1466.373,23.927,0.000,,14,40,,
T,2023-05-11 13:01:58,6.25635500,-75.58302667,3.30,1466.373,23.927,0.000,,14,40,,
T,2023-05-11 13:01:59,6.25635500,-75.58302667,3.30,1466.373,23.927,0.000,,15,40,,
T,2023-05-11 13:02:00,6.25635500,-75.58302667,3.10,1466.373,23.927,0.000,,15,40,,
T,2023-05-11 13:02:01,6.25635500,-75.58302667,2.80,1466.373,23.927,0.000,,15,40,,
T,2023-05-11 13:02:02,6.25635500,-75.58302667,2.80,1466.373,23.927,0.000,,15,40,,
T,2023-05-11 13:02:03,6.25640000,-75.58295833,2.70,1466.973,23.927,1.095,46,15,40,,
T,2023-05-11 13:02:04,6.25640667,-75.58295167,2.70,1467.173,23.927,0.000,,16,40,,
T,2023-05-11 13:02:05,6.25641167,-75.58294833,2.60,1467.473,23.927,0.000,,16,40,,
T,2023-05-11 13:02:06,6.25641500,-75.58295167,2.60,1467.573,23.927,0.000,,15,40,,
T,2023-05-11 13:02:07,6.25641500,-75.58295167,2.70,1467.573,23.927,0.000,,15,40,,
T,2023-05-11 13:02:08,6.25641500,-75.58295167,2.70,1467.573,23.927,0.000,,16,40,,
T,2023-05-11 13:02:09,6.25641500,-75.58295167,2.70,1467.573,23.927,0.000,,15,40,,
T,2023-05-11 13:02:10,6.25641500,-75.58295167,2.70,1467.573,23.927,0.000,,17,40,,
T,2023-05-11 13:02:11,6.25641500,-75.58295167,2.70,1467.573,23.927,0.000,,16,40,,
T,2023-05-11 13:02:12,6.25641500,-75.58295167,2.60,1467.573,23.927,0.000,,17,40,,
T,2023-05-11 13:02:13,6.25641500,-75.58295167,2.60,1467.573,23.927,0.000,,17,40,,
T,2023-05-11 13:02:14,6.25641500,-75.58295167,2.60,1467.573,23.927,0.000,,17,40,,
T,2023-05-11 13:02:15,6.25641500,-75.58295167,2.60,1467.573,23.927,0.000,,17,40,,
T,2023-05-11 13:02:16,6.25641500,-75.58295167,2.60,1467.573,23.927,0.000,,17,40,,
T,2023-05-11 13:02:17,6.25641500,-75.58295167,2.60,1467.573,23.927,0.000,,17,40,,
T,2023-05-11 13:02:18,6.25641500,-75.58295167,2.60,1467.573,23.927,0.000,,18,40,,
T,2023-05-11 13:02:19,6.25641500,-75.58295167,2.80,1467.573,23.927,0.000,,18,40,,
T,2023-05-11 13:02:20,6.25644500,-75.58298833,3.00,1469.773,23.927,2.516,354,17,40,,
T,2023-05-11 13:02:21,6.25644167,-75.58298500,2.90,1470.573,23.927,0.000,,16,40,,
T,2023-05-11 13:02:22,6.25643000,-75.58300000,2.80,1471.373,23.927,0.000,,16,40,,
T,2023-05-11 13:02:23,6.25641000,-75.58300167,2.70,1471.873,23.927,0.000,,15,40,,
