type,date time,latitude,longitude,accuracy(m),altitude(m),geoid_height(m),speed(m/s),bearing(deg),sat_used,sat_inview,name,desc
T,2023-05-03 13:26:22,6.26421333,-75.56633167,4.50,1467.778,23.822,2.682,186,11,43,20230503-082622,GPS Logger: 20230503-082622 - Itinerario
T,2023-05-03 13:26:23,6.26416000,-75.56633500,4.50,1477.177,23.823,3.138,192,10,42,,
T,2023-05-03 13:26:24,6.26410167,-75.56634167,4.40,1485.377,23.823,3.612,194,10,42,,
T,2023-05-03 13:26:25,6.26406000,-75.56634667,4.40,1485.777,23.823,4.051,193,12,42,,
T,2023-05-03 13:26:26,6.26401000,-75.56634833,4.40,1487.277,23.823,4.551,189,13,43,,
T,2023-05-03 13:26:27,6.26394500,-75.56633667,4.30,1491.777,23.823,5.102,185,12,43,,
T,2023-05-03 13:26:28,6.26389167,-75.56634333,4.40,1493.277,23.823,5.280,187,11,43,,
T,2023-05-03 13:26:29,6.26383000,-75.56636000,4.40,1493.577,23.823,6.421,192,11,43,,
T,2023-05-03 13:26:30,6.26376667,-75.56637833,4.50,1493.676,23.824,7.014,194,11,43,,
T,2023-05-03 13:26:31,6.26369833,-75.56639833,4.50,1494.676,23.824,7.650,196,11,43,,
T,2023-05-03 13:26:32,6.26362000,-75.56641333,4.50,1494.076,23.824,8.320,190,9,43,,
T,2023-05-03 13:26:33,6.26353833,-75.56644667,4.40,1492.675,23.825,8.522,190,9,43,,
T,2023-05-03 13:26:34,6.26341333,-75.56644000,4.40,1490.375,23.825,9.217,186,9,43,,
T,2023-05-03 13:26:35,6.26330167,-75.56647000,4.20,1489.075,23.825,9.757,189,10,43,,
T,2023-05-03 13:26:36,6.26317500,-75.56649500,4.20,1487.474,23.826,10.627,189,10,43,,
T,2023-05-03 13:26:37,6.26303000,-75.56650667,4.20,1487.474,23.826,11.065,193,10,43,,
T,2023-05-03 13:26:38,6.26289833,-75.56652167,4.20,1487.874,23.826,10.522,191,10,43,,
T,2023-05-03 13:26:39,6.26277167,-75.56654667,4.20,1487.273,23.827,11.148,195,10,43,,
T,2023-05-03 13:26:40,6.26262500,-75.56658000,4.20,1475.673,23.827,10.798,197,9,43,,
T,2023-05-03 13:26:41,6.26246333,-75.56661500,4.20,1464.672,23.828,11.683,198,7,43,,
T,2023-05-03 13:26:42,6.26232333,-75.56665500,4.20,1460.072,23.828,12.170,200,9,43,,
T,2023-05-03 13:26:43,6.26219833,-75.56669833,4.20,1456.771,23.829,12.213,203,9,43,,
T,2023-05-03 13:26:44,6.26206500,-75.56674000,4.30,1456.071,23.829,13.349,204,9,43,,
T,2023-05-03 13:26:45,6.26194167,-75.56679667,4.40,1456.070,23.830,13.750,207,7,43,,
T,2023-05-03 13:26:46,6.26182000,-75.56685333,4.50,1455.969,23.831,14.150,207,8,42,,
T,2023-05-03 13:26:47,6.26171167,-75.56690833,4.60,1456.169,23.831,13.556,208,9,43,,
T,2023-05-03 13:26:48,6.26161167,-75.56696667,4.80,1456.868,23.832,13.576,211,10,43,,
T,2023-05-03 13:26:49,6.26150833,-75.56701833,5.00,1457.168,23.832,13.269,211,10,43,,
T,2023-05-03 13:26:50,6.26140000,-75.56705833,5.10,1456.867,23.833,13.758,212,10,43,,
T,2023-05-03 13:26:51,6.26128333,-75.56706833,5.10,1456.167,23.833,13.435,211,10,43,,
T,2023-05-03 13:26:52,6.26116333,-75.56707000,5.10,1455.267,23.833,13.605,209,12,43,,
T,2023-05-03 13:26:54,6.26094167,-75.56710167,5.10,1455.566,23.834,12.734,208,9,43,,
T,2023-05-03 13:26:55,6.26085667,-75.56714333,5.10,1456.266,23.834,12.122,212,12,42,,
T,2023-05-03 13:26:56,6.26075500,-75.56717000,5.00,1456.665,23.835,11.993,210,12,42,,
T,2023-05-03 13:26:57,6.26061833,-75.56713167,4.80,1456.065,23.835,11.960,204,13,42,,
T,2023-05-03 13:26:58,6.26052167,-75.56714833,4.60,1456.565,23.835,10.844,202,13,42,,
T,2023-05-03 13:26:59,6.26038333,-75.56710167,4.30,1456.065,23.835,10.965,198,12,42,,
T,2023-05-03 13:27:00,6.26025000,-75.56706833,4.10,1458.165,23.835,11.059,191,13,42,,
T,2023-05-03 13:27:01,6.26013167,-75.56705500,4.10,1459.265,23.835,11.090,187,13,42,,
T,2023-05-03 13:27:02,6.26001500,-75.56704167,4.00,1460.664,23.836,10.998,184,13,42,,
T,2023-05-03 13:27:03,6.25991333,-75.56704000,4.10,1461.264,23.836,10.858,185,10,42,,
T,2023-05-03 13:27:04,6.25982167,-75.56704833,4.10,1462.264,23.836,10.452,187,10,42,,
T,2023-05-03 13:27:05,6.25974833,-75.56705167,4.20,1463.364,23.836,9.756,183,14,42,,
T,2023-05-03 13:27:06,6.25972167,-75.56705000,4.30,1463.564,23.836,8.219,178,14,42,,
T,2023-05-03 13:27:07,6.25971667,-75.56703333,4.30,1465.064,23.836,6.636,170,15,43,,
T,2023-05-03 13:27:08,6.25974000,-75.56701833,4.10,1464.864,23.836,5.148,158,15,43,,
T,2023-05-03 13:27:09,6.25974833,-75.56700000,4.10,1464.964,23.836,4.315,153,15,43,,
T,2023-05-03 13:27:10,6.25973833,-75.56697333,4.00,1465.264,23.836,3.801,143,15,43,,
T,2023-05-03 13:27:11,6.25972667,-75.56694833,3.90,1465.264,23.836,3.603,134,15,43,,
T,2023-05-03 13:27:12,6.25971000,-75.56691000,3.90,1465.064,23.836,3.949,127,15,43,,
T,2023-05-03 13:27:13,6.25969667,-75.56687667,4.00,1465.164,23.836,4.141,122,14,43,,
T,2023-05-03 13:27:14,6.25968667,-75.56684833,4.10,1465.365,23.835,3.659,117,14,43,,
T,2023-05-03 13:27:15,6.25967500,-75.56682833,4.20,1465.365,23.835,3.247,124,14,43,,
T,2023-05-03 13:27:16,6.25966333,-75.56680000,4.30,1465.465,23.835,3.263,126,13,42,,
T,2023-05-03 13:27:17,6.25964833,-75.56677333,4.40,1465.365,23.835,3.124,131,13,42,,
T,2023-05-03 13:27:18,6.25963167,-75.56675167,4.50,1465.465,23.835,2.839,140,14,42,,
T,2023-05-03 13:27:19,6.25961167,-75.56672167,4.60,1465.465,23.835,2.982,146,13,42,,
T,2023-05-03 13:27:20,6.25958667,-75.56669667,4.70,1465.665,23.835,3.376,149,13,42,,
T,2023-05-03 13:27:21,6.25955333,-75.56668000,4.90,1466.065,23.835,3.778,154,11,42,,
T,2023-05-03 13:27:22,6.25952667,-75.56667167,5.00,1466.465,23.835,3.761,161,12,42,,
T,2023-05-03 13:27:23,6.25948500,-75.56666167,5.10,1466.865,23.835,4.397,163,12,42,,
T,2023-05-03 13:27:24,6.25945500,-75.56665000,5.30,1467.265,23.835,4.306,163,13,42,,
T,2023-05-03 13:27:25,6.25941333,-75.56663500,5.60,1467.765,23.835,4.806,165,13,42,,
T,2023-05-03 13:27:26,6.25937500,-75.56663167,5.80,1468.165,23.835,4.961,168,10,42,,
T,2023-05-03 13:27:27,6.25934333,-75.56662333,6.10,1468.765,23.835,4.791,170,10,42,,
T,2023-05-03 13:27:28,6.25930667,-75.56661667,6.30,1469.365,23.835,5.031,173,10,42,,
T,2023-05-03 13:27:29,6.25940667,-75.56660000,6.30,1469.365,23.835,3.328,174,10,42,,
T,2023-05-03 13:27:30,6.25947833,-75.56658500,6.20,1469.665,23.835,2.065,177,10,43,,
T,2023-05-03 13:27:31,6.25951500,-75.56658667,6.10,1470.066,23.834,0.000,,10,43,,
T,2023-05-03 13:27:32,6.25951667,-75.56656500,6.20,1470.366,23.834,0.000,,10,43,,
T,2023-05-03 13:27:33,6.25955333,-75.56656000,5.80,1470.766,23.834,0.106,177,10,43,,
T,2023-05-03 13:27:34,6.25964167,-75.56649000,5.20,1470.066,23.834,0.117,177,12,43,,
T,2023-05-03 13:27:35,6.25962167,-75.56646333,5.00,1468.666,23.834,2.157,118,12,43,,
T,2023-05-03 13:27:36,6.25960667,-75.56645167,4.80,1468.866,23.834,3.082,111,13,43,,
T,2023-05-03 13:27:37,6.25959667,-75.56641833,4.70,1469.167,23.833,3.840,105,15,43,,
T,2023-05-03 13:27:38,6.25958833,-75.56639500,4.60,1469.467,23.833,3.065,106,15,43,,
T,2023-05-03 13:27:39,6.25958667,-75.56635333,4.60,1469.767,23.833,3.291,99,12,43,,
T,2023-05-03 13:27:40,6.25958167,-75.56629333,4.50,1469.867,23.833,3.383,100,12,42,,
T,2023-05-03 13:27:41,6.25958667,-75.56624500,4.60,1470.267,23.833,3.840,88,12,42,,
T,2023-05-03 13:27:42,6.25959667,-75.56621000,4.70,1470.568,23.832,3.927,86,13,42,,
T,2023-05-03 13:27:43,6.25958333,-75.56616167,4.70,1470.868,23.832,4.277,98,13,42,,
T,2023-05-03 13:27:44,6.25957000,-75.56611833,4.80,1471.268,23.832,3.961,102,13,43,,
T,2023-05-03 13:27:45,6.25954167,-75.56602667,4.70,1472.069,23.831,4.956,105,13,43,,
T,2023-05-03 13:27:46,6.25954000,-75.56593833,4.70,1472.869,23.831,4.953,101,15,43,,
T,2023-05-03 13:27:47,6.25953500,-75.56583000,4.50,1472.770,23.830,5.067,100,15,43,,
T,2023-05-03 13:27:48,6.25953333,-75.56578333,4.40,1473.270,23.830,4.008,102,15,43,,
T,2023-05-03 13:27:49,6.25951833,-75.56572333,4.30,1473.570,23.830,3.712,102,18,43,,
T,2023-05-03 13:27:50,6.25951500,-75.56567333,4.10,1473.870,23.830,2.736,103,18,43,,
T,2023-05-03 13:27:51,6.25949333,-75.56559667,3.90,1473.671,23.829,2.211,109,18,43,,
T,2023-05-03 13:27:52,6.25948667,-75.56555833,3.80,1472.971,23.829,1.926,96,18,43,,
T,2023-05-03 13:27:53,6.25948500,-75.56553167,3.70,1472.471,23.829,0.000,,17,43,,
T,2023-05-03 13:27:54,6.25948333,-75.56552500,3.60,1472.871,23.829,0.000,,17,43,,
T,2023-05-03 13:27:55,6.25948000,-75.56552000,3.60,1473.271,23.829,0.000,,18,43,,
T,2023-05-03 13:27:56,6.25948000,-75.56552000,3.60,1473.271,23.829,0.000,,17,43,,
T,2023-05-03 13:27:57,6.25948000,-75.56552000,3.60,1473.271,23.829,0.000,,17,43,,
T,2023-05-03 13:27:58,6.25948000,-75.56552000,3.50,1473.271,23.829,0.000,,17,43,,
T,2023-05-03 13:27:59,6.25948000,-75.56552000,3.30,1473.271,23.829,0.000,,18,43,,
T,2023-05-03 13:28:00,6.25948000,-75.56552000,1.20,1473.271,23.829,0.000,,19,43,,
T,2023-05-03 13:28:01,6.25948000,-75.56552000,1.10,1473.271,23.829,0.000,,19,43,,
T,2023-05-03 13:28:02,6.25946833,-75.56548167,1.30,1470.871,23.829,0.133,96,18,43,,
T,2023-05-03 13:28:03,6.25946500,-75.56546333,1.50,1471.071,23.829,2.023,93,19,43,,
T,2023-05-03 13:28:04,6.25946000,-75.56543667,1.70,1471.171,23.829,2.823,95,19,43,,
T,2023-05-03 13:28:05,6.25945500,-75.56540167,1.80,1471.372,23.828,3.760,98,19,43,,
T,2023-05-03 13:28:06,6.25945000,-75.56536167,1.90,1471.572,23.828,4.574,95,20,43,,
T,2023-05-03 13:28:07,6.25944167,-75.56531333,1.90,1471.672,23.828,5.296,101,21,43,,
T,2023-05-03 13:28:08,6.25943000,-75.56526167,2.00,1471.872,23.828,5.831,103,21,43,,
T,2023-05-03 13:28:09,6.25941667,-75.56520833,2.10,1471.972,23.828,6.096,108,21,43,,
T,2023-05-03 13:28:10,6.25940167,-75.56514833,2.30,1472.173,23.827,6.719,104,19,43,,
T,2023-05-03 13:28:11,6.25938500,-75.56509500,2.40,1472.373,23.827,6.275,109,19,43,,
T,2023-05-03 13:28:12,6.25937000,-75.56504167,2.50,1472.573,23.827,5.830,111,20,43,,
T,2023-05-03 13:28:13,6.25935333,-75.56499167,2.60,1472.773,23.827,5.483,112,20,43,,
T,2023-05-03 13:28:14,6.25933333,-75.56495000,2.70,1472.874,23.826,5.005,121,21,43,,
T,2023-05-03 13:28:15,6.25931000,-75.56491167,2.70,1473.274,23.826,5.404,123,21,43,,
T,2023-05-03 13:28:16,6.25928333,-75.56487333,2.80,1473.474,23.826,5.443,128,21,43,,
T,2023-05-03 13:28:17,6.25925667,-75.56483833,2.90,1473.674,23.826,5.137,127,21,43,,
T,2023-05-03 13:28:18,6.25923167,-75.56479167,2.90,1473.774,23.826,5.855,120,21,43,,
T,2023-05-03 13:28:19,6.25920667,-75.56474667,2.90,1474.074,23.826,5.504,120,19,43,,
T,2023-05-03 13:28:20,6.25918333,-75.56470667,3.00,1474.175,23.825,5.376,118,19,43,,
T,2023-05-03 13:28:21,6.25915667,-75.56466167,3.00,1474.275,23.825,5.351,117,17,43,,
T,2023-05-03 13:28:22,6.25913000,-75.56462167,3.00,1474.575,23.825,5.084,123,18,43,,
T,2023-05-03 13:28:23,6.25911167,-75.56459000,3.10,1474.975,23.825,4.326,121,18,43,,
T,2023-05-03 13:28:24,6.25910333,-75.56456833,3.10,1475.175,23.825,3.192,116,18,43,,
T,2023-05-03 13:28:25,6.25910167,-75.56455833,3.10,1475.375,23.825,1.924,112,17,43,,
T,2023-05-03 13:28:26,6.25909500,-75.56455167,3.10,1475.575,23.825,1.187,112,16,43,,
T,2023-05-03 13:28:27,6.25909000,-75.56455000,3.10,1475.775,23.825,0.000,,16,43,,
T,2023-05-03 13:28:28,6.25908500,-75.56454833,3.10,1475.975,23.825,0.000,,17,42,,
T,2023-05-03 13:28:29,6.25907833,-75.56454167,3.10,1476.175,23.825,1.384,112,18,42,,
T,2023-05-03 13:28:30,6.25907000,-75.56452667,3.00,1476.375,23.825,1.138,112,20,43,,
T,2023-05-03 13:28:31,6.25906667,-75.56452000,2.90,1476.875,23.825,0.000,,20,43,,
T,2023-05-03 13:28:32,6.25905500,-75.56450500,2.90,1477.275,23.825,0.000,,20,43,,
T,2023-05-03 13:28:33,6.25904500,-75.56449000,2.80,1477.575,23.825,1.911,143,20,43,,
T,2023-05-03 13:28:34,6.25903333,-75.56447833,2.80,1477.475,23.825,1.464,143,20,43,,
T,2023-05-03 13:28:35,6.25902667,-75.56446833,2.70,1477.575,23.825,1.434,143,20,43,,
T,2023-05-03 13:28:36,6.25901667,-75.56445167,2.70,1477.676,23.824,1.615,134,20,42,,
T,2023-05-03 13:28:37,6.25900833,-75.56443500,2.70,1477.876,23.824,1.597,130,21,43,,
T,2023-05-03 13:28:38,6.25900500,-75.56440833,2.70,1477.976,23.824,1.874,117,20,43,,
T,2023-05-03 13:28:39,6.25899833,-75.56438167,2.60,1478.376,23.824,2.245,128,20,43,,
T,2023-05-03 13:28:40,6.25898667,-75.56435833,2.60,1478.576,23.824,2.226,130,20,43,,
T,2023-05-03 13:28:41,6.25897333,-75.56433333,2.60,1478.876,23.824,2.636,124,20,43,,
T,2023-05-03 13:28:42,6.25895500,-75.56430500,2.60,1479.176,23.824,3.306,125,18,43,,
T,2023-05-03 13:28:43,6.25893000,-75.56426833,2.70,1479.576,23.824,4.214,129,18,43,,
T,2023-05-03 13:28:44,6.25889667,-75.56421833,2.70,1480.076,23.824,5.025,128,18,43,,
T,2023-05-03 13:28:45,6.25886500,-75.56416167,2.80,1480.377,23.823,5.956,123,18,43,,
T,2023-05-03 13:28:46,6.25883167,-75.56410667,2.80,1480.577,23.823,6.392,122,17,43,,
T,2023-05-03 13:28:47,6.25880333,-75.56403833,2.80,1481.077,23.823,7.011,122,17,43,,
T,2023-05-03 13:28:48,6.25877167,-75.56397500,2.90,1481.577,23.823,7.530,125,17,43,,
T,2023-05-03 13:28:49,6.25873500,-75.56391167,2.90,1481.978,23.822,7.383,124,17,43,,
T,2023-05-03 13:28:50,6.25870333,-75.56384500,2.90,1482.678,23.822,7.407,120,17,42,,
T,2023-05-03 13:28:51,6.25868000,-75.56378833,2.90,1483.278,23.822,6.331,115,17,42,,
T,2023-05-03 13:28:52,6.25866167,-75.56373667,2.90,1483.778,23.822,6.100,114,17,43,,
T,2023-05-03 13:28:53,6.25864500,-75.56369667,3.00,1484.179,23.821,5.267,115,17,43,,
T,2023-05-03 13:28:54,6.25862500,-75.56366000,3.10,1484.679,23.821,5.037,120,17,43,,
T,2023-05-03 13:28:55,6.25860667,-75.56361500,3.10,1485.179,23.821,4.863,123,17,43,,
T,2023-05-03 13:28:56,6.25857833,-75.56357333,3.00,1485.379,23.821,4.334,124,17,43,,
T,2023-05-03 13:28:57,6.25855667,-75.56354333,3.00,1485.879,23.821,3.928,128,18,43,,
T,2023-05-03 13:28:58,6.25853500,-75.56351500,2.90,1486.179,23.821,3.498,130,18,43,,
T,2023-05-03 13:28:59,6.25851667,-75.56349000,3.00,1486.579,23.821,3.231,124,18,43,,
T,2023-05-03 13:29:00,6.25849667,-75.56345833,3.00,1487.179,23.821,3.071,120,17,43,,
T,2023-05-03 13:29:01,6.25848833,-75.56342333,3.10,1487.580,23.820,3.751,102,17,43,,
T,2023-05-03 13:29:02,6.25847833,-75.56336833,3.20,1488.380,23.820,4.465,94,16,43,,
T,2023-05-03 13:29:03,6.25847000,-75.56330667,3.20,1489.380,23.820,5.007,93,16,43,,
T,2023-05-03 13:29:04,6.25844833,-75.56324667,3.30,1490.280,23.820,5.585,104,17,43,,
T,2023-05-03 13:29:05,6.25842333,-75.56319500,3.30,1491.081,23.819,5.881,112,14,42,,
T,2023-05-03 13:29:06,6.25838667,-75.56314333,3.20,1491.981,23.819,5.368,118,13,43,,
T,2023-05-03 13:29:07,6.25836167,-75.56309667,3.20,1492.981,23.819,4.960,119,13,43,,
T,2023-05-03 13:29:08,6.25832333,-75.56306000,3.10,1494.181,23.819,4.700,119,15,43,,
T,2023-05-03 13:29:09,6.25829833,-75.56303667,3.20,1494.981,23.819,4.006,118,16,43,,
T,2023-05-03 13:29:10,6.25827667,-75.56301000,3.20,1495.781,23.819,3.518,121,15,43,,
T,2023-05-03 13:29:11,6.25825833,-75.56298333,3.20,1496.481,23.819,3.370,114,15,43,,
T,2023-05-03 13:29:12,6.25824167,-75.56296000,3.30,1497.181,23.819,3.096,120,15,43,,
T,2023-05-03 13:29:13,6.25823167,-75.56294500,3.30,1497.882,23.818,2.112,115,15,43,,
T,2023-05-03 13:29:14,6.25822833,-75.56293500,3.30,1498.382,23.818,1.474,115,14,42,,
T,2023-05-03 13:29:15,6.25822500,-75.56293167,3.40,1498.982,23.818,1.065,115,14,42,,
T,2023-05-03 13:29:16,6.25821667,-75.56292833,3.40,1499.482,23.818,0.000,,13,42,,
T,2023-05-03 13:29:17,6.25820667,-75.56292333,3.40,1499.982,23.818,0.000,,13,42,,
T,2023-05-03 13:29:18,6.25819500,-75.56292167,3.40,1500.182,23.818,0.000,,15,42,,
T,2023-05-03 13:29:19,6.25819500,-75.56292167,3.30,1500.182,23.818,0.000,,15,42,,
T,2023-05-03 13:29:20,6.25819500,-75.56292167,3.30,1500.182,23.818,0.000,,15,42,,
T,2023-05-03 13:29:21,6.25813833,-75.56292000,3.30,1500.681,23.819,0.127,115,15,42,,
T,2023-05-03 13:29:22,6.25813167,-75.56292000,3.30,1501.281,23.819,0.106,115,15,42,,
T,2023-05-03 13:29:23,6.25812833,-75.56292833,3.40,1501.681,23.819,0.125,115,14,42,,
T,2023-05-03 13:29:24,6.25812500,-75.56292167,3.50,1502.281,23.819,0.104,115,15,42,,
T,2023-05-03 13:29:25,6.25812500,-75.56292667,3.70,1502.581,23.819,0.107,115,12,43,,
T,2023-05-03 13:29:26,6.25813333,-75.56294667,3.60,1502.881,23.819,2.222,280,12,43,,
T,2023-05-03 13:29:27,6.25814667,-75.56295833,3.60,1503.081,23.819,2.615,299,12,43,,
T,2023-05-03 13:29:28,6.25816833,-75.56295000,3.60,1502.781,23.819,1.929,268,11,43,,
T,2023-05-03 13:29:29,6.25817000,-75.56294500,3.70,1502.781,23.819,1.193,268,11,43,,
T,2023-05-03 13:29:30,6.25815833,-75.56292500,3.90,1502.781,23.819,1.216,268,13,43,,
T,2023-05-03 13:29:31,6.25814833,-75.56292000,3.70,1502.681,23.819,1.400,268,13,42,,
T,2023-05-03 13:29:32,6.25816667,-75.56288167,4.10,1502.282,23.818,2.513,91,13,42,,
T,2023-05-03 13:29:33,6.25816333,-75.56284833,4.90,1502.282,23.818,3.215,93,13,42,,
T,2023-05-03 13:29:34,6.25815833,-75.56281833,5.70,1502.282,23.818,3.237,95,11,41,,
T,2023-05-03 13:29:35,6.25810000,-75.56275500,5.30,1502.282,23.818,4.795,115,11,41,,
T,2023-05-03 13:29:36,6.25808167,-75.56270667,5.80,1502.082,23.818,5.052,114,12,42,,
T,2023-05-03 13:29:37,6.25803000,-75.56262833,5.80,1501.883,23.817,6.103,126,12,42,,
T,2023-05-03 13:29:38,6.25799167,-75.56257500,5.80,1502.083,23.817,6.218,127,13,42,,
T,2023-05-03 13:29:39,6.25796167,-75.56250500,5.30,1502.083,23.817,7.052,121,14,42,,
T,2023-05-03 13:29:40,6.25789833,-75.56240667,4.40,1502.284,23.816,7.416,119,16,42,,
T,2023-05-03 13:29:41,6.25786333,-75.56234667,4.20,1502.384,23.816,6.650,118,15,42,,
T,2023-05-03 13:29:42,6.25783000,-75.56228833,4.10,1502.384,23.816,6.755,123,12,42,,
T,2023-05-03 13:29:43,6.25780000,-75.56223333,4.00,1502.184,23.816,6.420,115,12,42,,
T,2023-05-03 13:29:44,6.25777833,-75.56219000,4.10,1502.184,23.816,6.206,117,12,42,,
T,2023-05-03 13:29:45,6.25775667,-75.56214833,4.20,1502.085,23.815,6.198,117,11,42,,
T,2023-05-03 13:29:46,6.25774000,-75.56211833,4.20,1502.085,23.815,6.032,118,11,42,,
T,2023-05-03 13:29:47,6.25771167,-75.56209167,4.10,1502.285,23.815,5.872,121,13,42,,
T,2023-05-03 13:29:48,6.25767000,-75.56206667,4.20,1502.685,23.815,5.987,129,13,42,,
T,2023-05-03 13:29:49,6.25763000,-75.56205000,4.30,1502.885,23.815,6.236,134,11,42,,
T,2023-05-03 13:29:50,6.25760333,-75.56204667,4.10,1503.285,23.815,5.509,135,9,42,,
T,2023-05-03 13:29:51,6.25758167,-75.56201833,4.10,1503.185,23.815,4.880,133,9,41,,
T,2023-05-03 13:29:52,6.25756500,-75.56199500,4.20,1503.285,23.815,4.166,130,8,41,,
T,2023-05-03 13:29:53,6.25756167,-75.56199333,4.20,1503.085,23.815,2.978,127,8,41,,
T,2023-05-03 13:29:54,6.25756833,-75.56200667,4.10,1503.285,23.815,1.669,134,10,41,,
T,2023-05-03 13:29:55,6.25756500,-75.56200833,4.10,1503.085,23.815,1.650,135,10,41,,
T,2023-05-03 13:29:57,6.25757833,-75.56201167,3.90,1503.485,23.815,1.991,122,10,41,,
T,2023-05-03 13:29:58,6.25757000,-75.56198833,3.80,1503.485,23.815,2.909,115,11,41,,
T,2023-05-03 13:29:59,6.25756000,-75.56197000,3.70,1503.485,23.815,2.923,119,13,41,,
T,2023-05-03 13:30:00,6.25754667,-75.56193167,3.60,1503.385,23.815,3.372,110,15,41,,
T,2023-05-03 13:30:01,6.25753667,-75.56192500,3.50,1503.485,23.815,3.853,112,15,41,,
T,2023-05-03 13:30:02,6.25752333,-75.56188833,3.50,1503.985,23.815,4.348,116,15,41,,
T,2023-05-03 13:30:03,6.25750333,-75.56185167,3.40,1503.986,23.814,4.795,118,15,41,,
T,2023-05-03 13:30:04,6.25748833,-75.56181833,3.40,1503.886,23.814,4.410,117,16,41,,
T,2023-05-03 13:30:05,6.25747500,-75.56177667,3.40,1504.086,23.814,4.754,104,16,41,,
T,2023-05-03 13:30:06,6.25746167,-75.56172667,3.40,1504.086,23.814,5.356,107,16,41,,
T,2023-05-03 13:30:07,6.25744667,-75.56167833,3.50,1504.286,23.814,5.502,108,15,41,,
T,2023-05-03 13:30:08,6.25743000,-75.56163333,3.60,1504.387,23.813,5.189,110,15,41,,
T,2023-05-03 13:30:09,6.25741833,-75.56158167,3.60,1504.387,23.813,5.208,107,16,41,,
T,2023-05-03 13:30:10,6.25740667,-75.56152333,3.70,1504.687,23.813,5.608,103,16,41,,
T,2023-05-03 13:30:11,6.25738667,-75.56146833,3.80,1505.587,23.813,5.869,103,14,41,,
T,2023-05-03 13:30:12,6.25736333,-75.56140667,3.80,1505.888,23.812,6.045,102,14,41,,
T,2023-05-03 13:30:13,6.25733833,-75.56135667,3.90,1506.388,23.812,5.937,102,14,41,,
T,2023-05-03 13:30:14,6.25730833,-75.56130500,3.70,1507.288,23.812,6.339,100,14,41,,
T,2023-05-03 13:30:15,6.25728667,-75.56125500,3.70,1508.188,23.812,6.497,99,14,41,,
T,2023-05-03 13:30:16,6.25727167,-75.56119000,3.60,1508.788,23.812,6.533,94,13,41,,
T,2023-05-03 13:30:17,6.25725500,-75.56114000,3.60,1509.089,23.811,5.689,92,13,41,,
T,2023-05-03 13:30:18,6.25724167,-75.56111333,3.60,1509.489,23.811,4.127,89,13,41,,
T,2023-05-03 13:30:19,6.25722833,-75.56109333,3.60,1509.889,23.811,3.337,93,13,41,,
T,2023-05-03 13:30:20,6.25722167,-75.56108167,3.60,1510.289,23.811,2.283,94,13,41,,
T,2023-05-03 13:30:21,6.25719833,-75.56108500,3.50,1510.389,23.811,1.591,89,12,41,,
T,2023-05-03 13:30:22,6.25719667,-75.56108000,3.40,1510.789,23.811,0.000,,13,40,,
T,2023-05-03 13:30:23,6.25719500,-75.56109500,3.40,1511.689,23.811,0.000,,13,41,,
T,2023-05-03 13:30:24,6.25719333,-75.56110500,3.30,1512.289,23.811,0.000,,13,41,,
T,2023-05-03 13:30:25,6.25719333,-75.56110500,3.30,1512.289,23.811,0.000,,12,41,,
T,2023-05-03 13:30:26,6.25719333,-75.56110500,3.40,1512.289,23.811,0.000,,12,41,,
T,2023-05-03 13:30:27,6.25722167,-75.56109500,3.50,1513.389,23.811,0.148,89,12,41,,
T,2023-05-03 13:30:28,6.25723167,-75.56108333,3.50,1513.689,23.811,0.152,89,12,41,,
T,2023-05-03 13:30:29,6.25723833,-75.56107333,3.60,1513.989,23.811,0.163,89,12,41,,
T,2023-05-03 13:30:30,6.25724667,-75.56106000,3.60,1514.189,23.811,2.013,39,11,41,,
T,2023-05-03 13:30:31,6.25725833,-75.56105000,3.60,1514.389,23.811,2.053,29,11,41,,
T,2023-05-03 13:30:32,6.25727667,-75.56104667,3.70,1514.889,23.811,2.668,9,12,41,,
T,2023-05-03 13:30:33,6.25728833,-75.56104000,3.70,1515.389,23.811,2.484,19,12,41,,
T,2023-05-03 13:30:34,6.25729333,-75.56103833,3.70,1516.089,23.811,2.468,26,12,41,,
T,2023-05-03 13:30:35,6.25730333,-75.56103333,3.70,1516.589,23.811,2.826,26,11,41,,
T,2023-05-03 13:30:36,6.25730500,-75.56103333,3.70,1517.189,23.811,1.709,32,12,41,,
T,2023-05-03 13:30:37,6.25730000,-75.56103333,3.70,1517.489,23.811,1.459,32,12,41,,
T,2023-05-03 13:30:38,6.25727667,-75.56103833,3.70,1517.789,23.811,0.000,,10,41,,
T,2023-05-03 13:30:39,6.25728000,-75.56104500,3.80,1518.089,23.811,0.000,,10,41,,
T,2023-05-03 13:30:40,6.25727000,-75.56104000,3.80,1518.389,23.811,0.000,,10,41,,
T,2023-05-03 13:30:41,6.25727000,-75.56104000,3.80,1518.389,23.811,0.000,,10,41,,
T,2023-05-03 13:30:42,6.25725500,-75.56098667,3.90,1519.189,23.811,3.009,91,9,41,,
T,2023-05-03 13:30:43,6.25724500,-75.56095000,3.90,1519.490,23.810,3.564,96,9,41,,
T,2023-05-03 13:30:44,6.25723333,-75.56092333,4.00,1519.690,23.810,3.128,91,9,41,,
T,2023-05-03 13:30:45,6.25721000,-75.56090000,4.00,1520.090,23.810,3.370,100,9,41,,
T,2023-05-03 13:30:46,6.25718833,-75.56087000,3.80,1520.690,23.810,3.469,104,8,41,,
T,2023-05-03 13:30:47,6.25715667,-75.56085333,3.80,1521.590,23.810,3.029,114,10,41,,
T,2023-05-03 13:30:48,6.25710333,-75.56085333,3.60,1522.690,23.810,3.992,122,11,41,,
T,2023-05-03 13:30:49,6.25706000,-75.56083833,3.50,1523.790,23.810,4.306,123,12,41,,
T,2023-05-03 13:30:50,6.25702000,-75.56080000,3.60,1524.090,23.810,4.892,126,13,41,,
T,2023-05-03 13:30:51,6.25697667,-75.56078333,3.50,1524.690,23.810,4.534,128,13,41,,
T,2023-05-03 13:30:52,6.25694667,-75.56075000,3.50,1525.090,23.810,4.405,128,14,41,,
T,2023-05-03 13:30:53,6.25692167,-75.56072333,3.50,1525.690,23.810,3.934,126,16,40,,
T,2023-05-03 13:30:54,6.25690167,-75.56069833,3.60,1526.390,23.810,3.290,116,16,40,,
T,2023-05-03 13:30:55,6.25687667,-75.56069000,3.50,1526.790,23.810,2.639,115,16,41,,
T,2023-05-03 13:30:56,6.25685000,-75.56067833,3.60,1527.090,23.810,2.252,108,16,41,,
T,2023-05-03 13:30:57,6.25682667,-75.56066167,3.60,1527.390,23.810,2.286,105,16,41,,
T,2023-05-03 13:30:58,6.25681333,-75.56064000,3.60,1528.390,23.810,2.497,94,14,41,,
T,2023-05-03 13:30:59,6.25681000,-75.56061667,3.70,1528.990,23.810,2.754,85,14,41,,
T,2023-05-03 13:31:00,6.25680667,-75.56058833,3.90,1529.791,23.809,3.158,75,13,41,,
T,2023-05-03 13:31:01,6.25680167,-75.56057833,4.00,1530.591,23.809,3.187,64,11,41,,
T,2023-05-03 13:31:02,6.25679333,-75.56057167,4.00,1531.291,23.809,2.968,60,11,41,,
T,2023-05-03 13:31:03,6.25679333,-75.56055833,4.00,1531.891,23.809,3.061,53,12,41,,
T,2023-05-03 13:31:04,6.25680833,-75.56055000,4.00,1532.591,23.809,3.038,44,11,41,,
T,2023-05-03 13:31:05,6.25681000,-75.56053000,4.00,1533.191,23.809,2.895,50,11,41,,
T,2023-05-03 13:31:06,6.25680167,-75.56051167,4.10,1533.791,23.809,2.668,55,11,41,,
T,2023-05-03 13:31:07,6.25678000,-75.56048833,4.10,1534.291,23.809,2.358,70,12,41,,
T,2023-05-03 13:31:08,6.25675000,-75.56046500,4.10,1534.791,23.809,2.146,87,12,41,,
T,2023-05-03 13:31:09,6.25673333,-75.56044833,4.20,1535.391,23.809,1.942,105,11,40,,
T,2023-05-03 13:31:10,6.25671667,-75.56044667,4.20,1535.991,23.809,1.065,105,11,40,,
T,2023-05-03 13:31:11,6.25666833,-75.56041667,4.20,1536.691,23.809,2.069,145,10,41,,
T,2023-05-03 13:31:12,6.25660500,-75.56035000,4.10,1536.991,23.809,3.379,129,10,41,,
T,2023-05-03 13:31:13,6.25656833,-75.56030500,4.10,1537.291,23.809,4.105,126,10,41,,
T,2023-05-03 13:31:14,6.25652833,-75.56022833,4.10,1538.392,23.808,5.366,125,10,41,,
T,2023-05-03 13:31:15,6.25650167,-75.56018500,4.30,1539.092,23.808,5.382,125,9,41,,
T,2023-05-03 13:31:16,6.25647500,-75.56014500,4.50,1539.592,23.808,5.208,125,9,41,,
T,2023-05-03 13:31:17,6.25643667,-75.56008000,4.60,1540.092,23.808,5.742,124,10,40,,
T,2023-05-03 13:31:18,6.25638667,-75.56000333,4.50,1540.893,23.807,5.580,126,10,40,,
T,2023-05-03 13:31:19,6.25632500,-75.55991500,4.40,1541.593,23.807,6.084,126,10,40,,
T,2023-05-03 13:31:20,6.25628000,-75.55984833,4.30,1542.093,23.807,5.814,124,12,41,,
T,2023-05-03 13:31:21,6.25625833,-75.55979833,4.20,1542.293,23.807,5.810,120,12,41,,
T,2023-05-03 13:31:22,6.25617833,-75.55972167,3.80,1540.894,23.806,6.126,122,12,41,,
T,2023-05-03 13:31:23,6.25615333,-75.55968333,3.80,1540.894,23.806,6.638,122,12,41,,
T,2023-05-03 13:31:24,6.25611833,-75.55964667,3.70,1540.494,23.806,6.225,124,14,41,,
T,2023-05-03 13:31:25,6.25608500,-75.55960667,3.70,1540.294,23.806,6.217,124,14,41,,
T,2023-05-03 13:31:26,6.25602833,-75.55953833,3.40,1539.894,23.806,6.307,127,15,41,,
T,2023-05-03 13:31:27,6.25600000,-75.55950833,3.30,1539.294,23.806,6.005,126,15,41,,
T,2023-05-03 13:31:28,6.25596500,-75.55946000,3.20,1539.194,23.806,5.322,123,16,41,,
T,2023-05-03 13:31:29,6.25593333,-75.55941167,3.10,1539.195,23.805,4.698,124,16,41,,
T,2023-05-03 13:31:30,6.25590833,-75.55936333,3.00,1539.895,23.805,4.782,119,16,41,,
T,2023-05-03 13:31:31,6.25589000,-75.55933000,3.00,1540.395,23.805,3.232,118,16,41,,
T,2023-05-03 13:31:32,6.25587333,-75.55930000,3.00,1540.795,23.805,3.243,123,16,40,,
T,2023-05-03 13:31:33,6.25586333,-75.55927167,2.90,1541.195,23.805,3.340,116,16,40,,
T,2023-05-03 13:31:34,6.25585167,-75.55924667,2.90,1541.595,23.805,3.308,123,16,41,,
T,2023-05-03 13:31:35,6.25583333,-75.55921333,2.90,1541.795,23.805,3.735,119,15,41,,
T,2023-05-03 13:31:36,6.25581333,-75.55918167,2.90,1542.496,23.804,3.307,126,15,41,,
T,2023-05-03 13:31:37,6.25579500,-75.55915500,2.90,1543.296,23.804,3.220,127,16,41,,
T,2023-05-03 13:31:38,6.25577667,-75.55913000,2.90,1543.996,23.804,2.955,135,16,41,,
T,2023-05-03 13:31:39,6.25576167,-75.55911000,3.00,1544.696,23.804,2.633,131,16,41,,
T,2023-05-03 13:31:40,6.25575167,-75.55909333,3.00,1545.296,23.804,1.946,129,17,40,,
T,2023-05-03 13:31:42,6.25572167,-75.55904500,2.90,1546.596,23.804,1.706,111,18,40,,
T,2023-05-03 13:31:43,6.25571000,-75.55902667,2.90,1546.896,23.804,1.871,123,18,40,,
T,2023-05-03 13:31:44,6.25568500,-75.55900167,2.80,1546.896,23.804,3.000,126,19,41,,
T,2023-05-03 13:31:45,6.25565500,-75.55896667,2.80,1546.196,23.804,3.561,123,19,41,,
T,2023-05-03 13:31:46,6.25563333,-75.55893500,2.80,1546.096,23.804,3.734,121,19,41,,
T,2023-05-03 13:31:48,6.25556333,-75.55886000,2.80,1546.097,23.803,4.827,139,20,41,,
T,2023-05-03 13:31:49,6.25552000,-75.55882667,2.80,1545.997,23.803,5.232,140,20,41,,
T,2023-05-03 13:31:50,6.25546500,-75.55878667,2.80,1544.897,23.803,6.319,139,20,41,,
T,2023-05-03 13:31:51,6.25542667,-75.55876167,2.80,1544.197,23.803,5.762,139,19,41,,
T,2023-05-03 13:31:52,6.25538167,-75.55873000,2.90,1544.297,23.803,5.733,143,18,40,,
T,2023-05-03 13:31:53,6.25534333,-75.55869667,3.00,1544.397,23.803,5.536,145,18,40,,
T,2023-05-03 13:31:54,6.25530500,-75.55866000,3.10,1544.797,23.803,5.774,144,17,40,,
T,2023-05-03 13:31:55,6.25527000,-75.55861167,3.30,1545.097,23.803,5.971,136,17,41,,
T,2023-05-03 13:31:56,6.25523833,-75.55856500,3.40,1545.597,23.803,6.211,134,17,41,,
T,2023-05-03 13:31:57,6.25521667,-75.55852333,3.40,1546.098,23.802,5.633,128,19,41,,
T,2023-05-03 13:31:58,6.25520833,-75.55850333,3.40,1546.498,23.802,3.970,125,17,41,,
T,2023-05-03 13:31:59,6.25519333,-75.55847167,3.50,1546.898,23.802,3.830,134,17,41,,
T,2023-05-03 13:32:00,6.25518167,-75.55844833,3.50,1547.198,23.802,3.157,126,16,41,,
T,2023-05-03 13:32:01,6.25517000,-75.55842833,3.60,1547.398,23.802,2.889,138,16,41,,
T,2023-05-03 13:32:02,6.25517333,-75.55841333,3.60,1547.498,23.802,2.234,139,16,41,,
T,2023-05-03 13:32:03,6.25517167,-75.55838333,3.60,1547.498,23.802,2.588,121,14,41,,
T,2023-05-03 13:32:04,6.25517833,-75.55836833,3.60,1547.598,23.802,1.743,135,12,40,,
T,2023-05-03 13:32:05,6.25519333,-75.55835667,3.60,1547.698,23.802,1.535,101,12,40,,
T,2023-05-03 13:32:06,6.25519667,-75.55834167,3.60,1547.799,23.801,1.449,101,11,40,,
T,2023-05-03 13:32:07,6.25519833,-75.55832333,3.60,1547.999,23.801,1.251,101,9,40,,
T,2023-05-03 13:32:08,6.25520667,-75.55830500,3.70,1548.199,23.801,1.671,100,8,40,,
T,2023-05-03 13:32:09,6.25520833,-75.55829167,3.80,1548.199,23.801,1.590,100,8,40,,
T,2023-05-03 13:32:10,6.25521167,-75.55827500,3.90,1548.299,23.801,1.627,107,9,40,,
T,2023-05-03 13:32:11,6.25520167,-75.55824500,3.90,1548.399,23.801,1.618,114,10,40,,
T,2023-05-03 13:32:12,6.25519833,-75.55821333,3.90,1548.599,23.801,2.062,109,10,41,,
T,2023-05-03 13:32:13,6.25519167,-75.55818667,3.90,1548.499,23.801,1.919,118,10,41,,
T,2023-05-03 13:32:14,6.25518167,-75.55816000,3.90,1548.699,23.801,2.612,120,11,41,,
T,2023-05-03 13:32:15,6.25516167,-75.55813167,3.80,1548.300,23.800,3.434,123,11,41,,
T,2023-05-03 13:32:16,6.25513667,-75.55810000,3.80,1548.100,23.800,3.799,127,12,41,,
T,2023-05-03 13:32:17,6.25512500,-75.55806833,3.80,1548.100,23.800,4.252,133,12,41,,
T,2023-05-03 13:32:18,6.25510000,-75.55803000,3.80,1548.100,23.800,4.683,133,12,41,,
T,2023-05-03 13:32:19,6.25505667,-75.55798167,3.90,1548.300,23.800,5.330,129,12,41,,
T,2023-05-03 13:32:20,6.25501500,-75.55791833,3.90,1548.300,23.800,6.332,123,11,40,,
T,2023-05-03 13:32:21,6.25497167,-75.55787500,3.80,1548.200,23.800,6.501,128,11,40,,
T,2023-05-03 13:32:22,6.25488500,-75.55782333,3.70,1548.601,23.799,6.863,130,14,41,,
T,2023-05-03 13:32:23,6.25484000,-75.55777000,3.70,1548.801,23.799,7.035,129,14,41,,
T,2023-05-03 13:32:24,6.25476833,-75.55772000,3.70,1549.201,23.799,6.837,132,13,41,,
T,2023-05-03 13:32:26,6.25464167,-75.55761167,3.80,1549.801,23.799,7.186,132,13,41,,
T,2023-05-03 13:32:28,6.25456000,-75.55753167,3.80,1550.901,23.799,5.639,128,13,41,,
T,2023-05-03 13:32:29,6.25453500,-75.55749000,3.80,1550.901,23.799,6.035,127,12,41,,
T,2023-05-03 13:32:30,6.25449667,-75.55744833,3.90,1550.902,23.798,6.001,131,12,41,,
T,2023-05-03 13:32:31,6.25445500,-75.55741000,4.10,1551.002,23.798,6.164,135,12,41,,
T,2023-05-03 13:32:32,6.25442833,-75.55739833,4.00,1551.002,23.798,5.424,138,12,40,,
T,2023-05-03 13:32:33,6.25442667,-75.55741000,4.10,1551.102,23.798,4.567,143,11,41,,
T,2023-05-03 13:32:34,6.25441333,-75.55742000,4.20,1551.002,23.798,4.105,150,11,41,,
T,2023-05-03 13:32:35,6.25438000,-75.55740333,4.10,1551.002,23.798,4.879,152,11,41,,
T,2023-05-03 13:32:36,6.25433500,-75.55737833,4.20,1550.802,23.798,5.404,151,11,41,,
T,2023-05-03 13:32:37,6.25430667,-75.55733667,4.00,1550.802,23.798,5.403,142,9,41,,
T,2023-05-03 13:32:38,6.25426167,-75.55730833,3.90,1550.702,23.798,5.777,144,9,41,,
T,2023-05-03 13:32:39,6.25422333,-75.55727000,3.90,1550.402,23.798,5.490,139,9,41,,
T,2023-05-03 13:32:40,6.25420833,-75.55723167,3.90,1550.602,23.798,4.859,126,10,41,,
T,2023-05-03 13:32:41,6.25419667,-75.55721000,3.90,1550.502,23.798,4.185,125,10,41,,
T,2023-05-03 13:32:42,6.25418333,-75.55717500,4.00,1550.502,23.798,4.206,118,13,40,,
T,2023-05-03 13:32:43,6.25417000,-75.55714833,4.20,1550.402,23.798,4.122,122,11,40,,
T,2023-05-03 13:32:44,6.25416000,-75.55714500,4.10,1550.202,23.798,3.275,136,11,40,,
T,2023-05-03 13:32:45,6.25414833,-75.55712500,4.10,1550.102,23.798,2.961,128,11,41,,
T,2023-05-03 13:32:46,6.25413500,-75.55710333,4.10,1550.003,23.797,2.996,130,11,41,,
T,2023-05-03 13:32:47,6.25411833,-75.55706333,4.10,1549.903,23.797,3.231,131,11,41,,
T,2023-05-03 13:32:48,6.25410500,-75.55703833,4.00,1550.103,23.797,2.900,138,12,41,,
T,2023-05-03 13:32:49,6.25408500,-75.55701000,4.00,1550.303,23.797,2.940,138,13,41,,
T,2023-05-03 13:32:50,6.25407167,-75.55699500,4.10,1550.503,23.797,2.942,145,11,41,,
T,2023-05-03 13:32:51,6.25405500,-75.55697000,4.10,1550.903,23.797,3.232,144,11,41,,
T,2023-05-03 13:32:52,6.25404500,-75.55694333,4.10,1551.203,23.797,3.677,137,11,41,,
T,2023-05-03 13:32:53,6.25405000,-75.55693833,4.10,1551.203,23.797,2.816,131,10,41,,
T,2023-05-03 13:32:54,6.25406000,-75.55694667,4.20,1551.303,23.797,2.189,134,10,41,,
T,2023-05-03 13:32:55,6.25407000,-75.55695333,4.20,1551.603,23.797,1.716,139,10,40,,
T,2023-05-03 13:32:56,6.25408333,-75.55697000,4.30,1551.803,23.797,1.308,139,10,41,,
T,2023-05-03 13:32:57,6.25410667,-75.55696833,4.30,1552.103,23.797,1.008,139,10,41,,
T,2023-05-03 13:32:58,6.25412500,-75.55696000,4.50,1552.203,23.797,1.029,139,11,41,,
T,2023-05-03 13:32:59,6.25414167,-75.55692333,4.70,1552.303,23.797,1.896,100,11,41,,
T,2023-05-03 13:33:00,6.25414333,-75.55690833,4.90,1552.404,23.796,1.250,100,11,41,,
T,2023-05-03 13:33:01,6.25410000,-75.55690000,4.60,1552.304,23.796,1.587,175,10,41,,
T,2023-05-03 13:33:02,6.25408833,-75.55690667,4.70,1552.303,23.797,1.744,180,10,41,,
T,2023-05-03 13:33:03,6.25405500,-75.55692333,4.70,1552.503,23.797,2.451,189,12,41,,
T,2023-05-03 13:33:04,6.25404833,-75.55695333,4.80,1552.603,23.797,2.200,197,13,41,,
T,2023-05-03 13:33:05,6.25404167,-75.55697833,4.90,1552.603,23.797,1.943,200,11,41,,
T,2023-05-03 13:33:06,6.25398167,-75.55704333,4.30,1551.402,23.798,2.722,215,11,41,,
T,2023-05-03 13:33:07,6.25395000,-75.55708667,4.20,1551.102,23.798,2.875,226,11,41,,
T,2023-05-03 13:33:08,6.25392500,-75.55712500,4.30,1551.402,23.798,3.424,224,11,41,,
T,2023-05-03 13:33:09,6.25389667,-75.55716667,4.30,1551.602,23.798,3.435,225,11,41,,
T,2023-05-03 13:33:10,6.25384500,-75.55721000,4.30,1551.901,23.799,4.863,221,12,41,,
T,2023-05-03 13:33:12,6.25365500,-75.55726500,4.20,1552.901,23.799,6.784,215,11,41,,
T,2023-05-03 13:33:13,6.25353833,-75.55730833,4.10,1553.300,23.800,7.704,214,11,41,,
T,2023-05-03 13:33:14,6.25346500,-75.55734167,4.10,1553.300,23.800,8.203,210,12,41,,
T,2023-05-03 13:33:15,6.25339333,-75.55737833,4.00,1553.399,23.801,9.173,211,12,41,,
T,2023-05-03 13:33:16,6.25329667,-75.55742667,3.90,1553.499,23.801,9.643,207,11,41,,
T,2023-05-03 13:33:17,6.25320000,-75.55748000,4.00,1553.398,23.802,10.213,209,8,41,,
T,2023-05-03 13:33:18,6.25309500,-75.55752333,4.10,1553.398,23.802,10.737,207,8,41,,
T,2023-05-03 13:33:19,6.25296333,-75.55756833,4.20,1553.497,23.803,12.234,205,8,41,,
T,2023-05-03 13:33:20,6.25284000,-75.55762333,4.40,1552.797,23.803,13.200,206,7,41,,
T,2023-05-03 13:33:21,6.25274500,-75.55778500,4.30,1551.696,23.804,14.920,220,8,41,,
T,2023-05-03 13:33:23,6.25257333,-75.55794333,4.40,1549.595,23.805,13.952,220,5,41,,
T,2023-05-03 13:33:24,6.25250333,-75.55801000,4.40,1548.794,23.806,13.241,221,5,40,,
T,2023-05-03 13:33:25,6.25243333,-75.55808000,4.40,1547.894,23.806,12.712,221,5,40,,
T,2023-05-03 13:33:26,6.25233500,-75.55815167,4.40,1547.493,23.807,12.707,221,6,41,,
T,2023-05-03 13:33:27,6.25228667,-75.55817333,4.50,1546.893,23.807,11.974,218,6,41,,
T,2023-05-03 13:33:28,6.25223500,-75.55820833,4.40,1545.992,23.808,11.040,217,6,41,,
T,2023-05-03 13:33:29,6.25217167,-75.55825000,4.30,1545.592,23.808,10.426,218,7,41,,
T,2023-05-03 13:33:30,6.25212333,-75.55828167,4.40,1545.092,23.808,9.503,220,8,41,,
T,2023-05-03 13:33:31,6.25207333,-75.55832000,4.40,1544.691,23.809,8.867,221,8,41,,
T,2023-05-03 13:33:32,6.25203500,-75.55833667,4.40,1543.791,23.809,8.069,219,9,41,,
T,2023-05-03 13:33:33,6.25199500,-75.55835833,4.40,1542.991,23.809,7.551,218,8,41,,
T,2023-05-03 13:33:34,6.25196833,-75.55838500,4.40,1542.391,23.809,6.699,220,8,41,,
T,2023-05-03 13:33:35,6.25193500,-75.55842500,4.50,1541.791,23.809,6.296,223,10,40,,
T,2023-05-03 13:33:36,6.25194000,-75.55844167,4.50,1541.291,23.809,4.970,229,10,40,,
T,2023-05-03 13:33:37,6.25192833,-75.55848000,4.30,1540.590,23.810,4.446,234,11,40,,
T,2023-05-03 13:33:38,6.25191167,-75.55851500,4.30,1539.990,23.810,3.934,235,11,41,,
T,2023-05-03 13:33:40,6.25186833,-75.55858000,4.30,1538.890,23.810,3.432,230,11,41,,
T,2023-05-03 13:33:41,6.25184833,-75.55860333,4.50,1538.389,23.811,3.145,238,11,41,,
T,2023-05-03 13:33:42,6.25183833,-75.55862833,4.90,1538.389,23.811,2.952,246,10,41,,
T,2023-05-03 13:33:43,6.25183167,-75.55865333,5.70,1538.389,23.811,2.916,250,8,41,,
T,2023-05-03 13:33:44,6.25182167,-75.55867833,6.50,1538.389,23.811,2.915,250,8,41,,
T,2023-05-03 13:33:45,6.25181167,-75.55870333,7.30,1538.389,23.811,2.923,250,8,40,,
T,2023-05-03 13:33:46,6.25181167,-75.55875000,7.80,1538.389,23.811,3.443,257,8,40,,
T,2023-05-03 13:33:47,6.25180667,-75.55878167,8.40,1538.388,23.812,3.534,257,7,41,,
T,2023-05-03 13:33:48,6.25179500,-75.55880667,9.00,1538.388,23.812,3.537,256,7,41,,
T,2023-05-03 13:33:49,6.25178500,-75.55883167,9.50,1538.388,23.812,3.762,256,7,41,,
T,2023-05-03 13:33:50,6.25171500,-75.55871167,6.60,1538.289,23.811,2.235,244,7,41,,
T,2023-05-03 13:33:51,6.25174000,-75.55859167,5.90,1538.289,23.811,0.000,,6,41,,
T,2023-05-03 13:33:52,6.25174000,-75.55858167,5.80,1538.189,23.811,0.000,,6,41,,
T,2023-05-03 13:33:53,6.25174500,-75.55855167,5.80,1538.090,23.810,0.000,,6,41,,
T,2023-05-03 13:33:54,6.25175000,-75.55850333,5.60,1537.890,23.810,1.960,69,7,40,,
T,2023-05-03 13:33:55,6.25176000,-75.55846000,5.50,1537.790,23.810,2.788,68,7,41,,
T,2023-05-03 13:33:56,6.25180667,-75.55837167,4.80,1538.691,23.809,3.526,68,7,41,,
T,2023-05-03 13:33:57,6.25183333,-75.55832833,4.40,1539.291,23.809,3.754,64,9,41,,
T,2023-05-03 13:33:58,6.25184500,-75.55830667,4.10,1538.991,23.809,2.842,64,9,41,,
T,2023-05-03 13:33:59,6.25185333,-75.55829833,4.10,1539.091,23.809,2.051,55,6,41,,
T,2023-05-03 13:34:00,6.25185333,-75.55829833,4.00,1539.191,23.809,0.000,,6,41,,
T,2023-05-03 13:34:01,6.25185667,-75.55829333,4.00,1539.191,23.809,0.000,,7,40,,
T,2023-05-03 13:34:02,6.25186000,-75.55828333,4.00,1539.191,23.809,0.000,,7,40,,
T,2023-05-03 13:34:03,6.25185500,-75.55827833,4.00,1539.091,23.809,0.151,55,6,40,,
T,2023-05-03 13:34:04,6.25184667,-75.55827000,3.90,1539.091,23.809,2.393,65,6,40,,
T,2023-05-03 13:34:05,6.25184500,-75.55825333,3.90,1538.791,23.809,2.798,70,8,41,,
T,2023-05-03 13:34:06,6.25185000,-75.55824500,3.90,1538.791,23.809,2.330,55,8,41,,
T,2023-05-03 13:34:07,6.25184667,-75.55823667,3.90,1538.891,23.809,1.725,78,8,41,,
T,2023-05-03 13:34:08,6.25184833,-75.55823333,3.90,1539.091,23.809,1.547,49,8,41,,
T,2023-05-03 13:34:09,6.25184500,-75.55822667,3.80,1539.191,23.809,1.573,72,8,41,,
T,2023-05-03 13:34:10,6.25184333,-75.55822500,3.80,1538.991,23.809,1.455,72,8,41,,
T,2023-05-03 13:34:11,6.25183833,-75.55823000,3.80,1538.791,23.809,1.203,72,8,41,,
T,2023-05-03 13:34:12,6.25182833,-75.55823500,3.80,1538.791,23.809,1.075,72,8,41,,
T,2023-05-03 13:34:14,6.25182833,-75.55823000,3.90,1538.591,23.809,0.000,,8,41,,
T,2023-05-03 13:34:15,6.25183167,-75.55823833,4.00,1538.691,23.809,0.000,,9,41,,
T,2023-05-03 13:34:16,6.25183167,-75.55823833,3.90,1538.691,23.809,0.000,,9,41,,
T,2023-05-03 13:34:17,6.25183167,-75.55823833,3.90,1538.691,23.809,0.000,,9,41,,
T,2023-05-03 13:34:18,6.25183167,-75.55823833,3.90,1538.691,23.809,0.000,,9,40,,
T,2023-05-03 13:34:19,6.25183167,-75.55823833,3.80,1538.691,23.809,0.000,,10,40,,
T,2023-05-03 13:34:20,6.25183167,-75.55823833,3.80,1538.691,23.809,0.000,,11,40,,
T,2023-05-03 13:34:21,6.25183167,-75.55823833,3.70,1538.691,23.809,0.000,,11,40,,
T,2023-05-03 13:34:22,6.25178667,-75.55821167,3.70,1533.791,23.809,0.136,72,11,40,,
T,2023-05-03 13:34:23,6.25178000,-75.55822833,3.60,1533.791,23.809,0.158,72,10,41,,
T,2023-05-03 13:34:24,6.25177500,-75.55823333,3.50,1533.691,23.809,0.142,72,10,41,,
T,2023-05-03 13:34:25,6.25176667,-75.55823833,3.50,1533.691,23.809,0.147,72,10,41,,
T,2023-05-03 13:34:26,6.25176667,-75.55823667,3.40,1533.791,23.809,0.000,,10,41,,
T,2023-05-03 13:34:27,6.25176333,-75.55823500,3.40,1533.791,23.809,0.000,,10,41,,
T,2023-05-03 13:34:28,6.25176500,-75.55822833,3.40,1533.891,23.809,0.000,,10,41,,
T,2023-05-03 13:34:29,6.25176500,-75.55822833,3.30,1533.891,23.809,0.000,,11,41,,
T,2023-05-03 13:34:30,6.25176500,-75.55822833,3.30,1533.891,23.809,0.000,,11,41,,
T,2023-05-03 13:34:31,6.25176500,-75.55822833,3.20,1533.891,23.809,0.000,,11,41,,
T,2023-05-03 13:34:32,6.25176500,-75.55822833,3.20,1533.891,23.809,0.000,,11,41,,
T,2023-05-03 13:34:33,6.25176500,-75.55822833,3.30,1533.891,23.809,0.000,,11,41,,
T,2023-05-03 13:34:34,6.25176500,-75.55822833,3.20,1533.891,23.809,0.000,,11,41,,
T,2023-05-03 13:34:35,6.25176500,-75.55822833,3.20,1533.891,23.809,0.000,,10,41,,
T,2023-05-03 13:34:36,6.25176500,-75.55822833,3.20,1533.891,23.809,0.000,,10,41,,
T,2023-05-03 13:34:37,6.25176500,-75.55822833,3.10,1533.891,23.809,0.000,,10,41,,
T,2023-05-03 13:34:38,6.25176500,-75.55822833,3.10,1533.891,23.809,0.000,,10,41,,
T,2023-05-03 13:34:39,6.25176500,-75.55822833,3.10,1533.891,23.809,0.000,,10,41,,
T,2023-05-03 13:34:40,6.25176500,-75.55822833,3.10,1533.891,23.809,0.000,,10,41,,
T,2023-05-03 13:34:41,6.25176500,-75.55822833,3.10,1533.891,23.809,0.000,,11,41,,
T,2023-05-03 13:34:42,6.25181500,-75.55815000,3.10,1535.592,23.808,0.085,72,11,41,,
T,2023-05-03 13:34:43,6.25182333,-75.55814667,3.10,1535.892,23.808,0.000,,12,41,,
T,2023-05-03 13:34:44,6.25183167,-75.55814667,3.10,1536.092,23.808,0.000,,12,41,,
T,2023-05-03 13:34:45,6.25183500,-75.55815167,3.00,1536.192,23.808,0.000,,12,41,,
T,2023-05-03 13:34:46,6.25183500,-75.55815167,3.00,1536.192,23.808,0.000,,12,41,,
T,2023-05-03 13:34:47,6.25183500,-75.55815167,3.00,1536.192,23.808,0.000,,13,41,,
T,2023-05-03 13:34:48,6.25183500,-75.55815167,2.90,1536.192,23.808,0.000,,13,41,,
T,2023-05-03 13:34:49,6.25183500,-75.55815167,2.90,1536.192,23.808,0.000,,12,41,,
T,2023-05-03 13:34:50,6.25183500,-75.55815167,2.90,1536.192,23.808,0.000,,12,41,,
T,2023-05-03 13:34:51,6.25183500,-75.55815167,2.90,1536.192,23.808,0.000,,12,41,,
T,2023-05-03 13:34:52,6.25183500,-75.55815167,2.90,1536.192,23.808,0.000,,12,41,,
T,2023-05-03 13:34:53,6.25183500,-75.55815167,3.00,1536.192,23.808,0.000,,13,41,,
T,2023-05-03 13:34:54,6.25183500,-75.55815167,3.00,1536.192,23.808,0.000,,13,41,,
T,2023-05-03 13:34:55,6.25183500,-75.55815167,1.20,1536.192,23.808,0.000,,13,41,,
T,2023-05-03 13:34:56,6.25183500,-75.55815167,1.80,1536.192,23.808,0.000,,11,41,,
T,2023-05-03 13:34:57,6.25183500,-75.55815167,2.40,1536.192,23.808,0.000,,11,41,,
T,2023-05-03 13:34:58,6.25183500,-75.55815167,2.80,1536.192,23.808,0.000,,11,40,,
T,2023-05-03 13:34:59,6.25183500,-75.55815167,3.10,1536.192,23.808,0.000,,10,40,,
T,2023-05-03 13:35:00,6.25183500,-75.55815167,3.30,1536.192,23.808,0.000,,11,40,,
T,2023-05-03 13:35:01,6.25177500,-75.55819333,3.50,1535.591,23.809,1.652,197,10,40,,
T,2023-05-03 13:35:02,6.25174833,-75.55822167,3.50,1535.491,23.809,2.134,199,9,40,,
T,2023-05-03 13:35:03,6.25173000,-75.55824000,3.50,1535.491,23.809,1.540,194,9,40,,
T,2023-05-03 13:35:04,6.25170167,-75.55825667,3.60,1535.491,23.809,2.160,180,9,40,,
T,2023-05-03 13:35:05,6.25167000,-75.55826500,3.60,1535.391,23.809,2.564,171,11,41,,
T,2023-05-03 13:35:06,6.25164500,-75.55825333,3.70,1535.391,23.809,2.714,162,11,41,,
T,2023-05-03 13:35:07,6.25161167,-75.55822833,3.70,1535.291,23.809,3.487,148,10,41,,
T,2023-05-03 13:35:08,6.25156333,-75.55820167,3.60,1535.191,23.809,4.779,141,13,41,,
T,2023-05-03 13:35:09,6.25151833,-75.55816833,3.50,1535.191,23.809,5.363,135,13,41,,
T,2023-05-03 13:35:10,6.25144833,-75.55817167,3.40,1535.291,23.809,5.175,141,13,41,,
T,2023-05-03 13:35:11,6.25139167,-75.55814667,3.40,1535.191,23.809,5.526,142,12,42,,
T,2023-05-03 13:35:12,6.25134167,-75.55811500,3.40,1535.091,23.809,5.695,147,12,42,,
T,2023-05-03 13:35:13,6.25128000,-75.55806667,3.40,1534.991,23.809,7.057,140,14,42,,
T,2023-05-03 13:35:14,6.25122000,-75.55803333,3.40,1534.891,23.809,7.151,140,14,42,,
T,2023-05-03 13:35:15,6.25116167,-75.55800500,3.40,1534.591,23.809,6.699,143,13,42,,
T,2023-05-03 13:35:16,6.25109833,-75.55797167,3.40,1534.491,23.809,6.832,146,13,42,,
T,2023-05-03 13:35:17,6.25103833,-75.55793667,3.50,1534.091,23.809,6.504,148,13,42,,
T,2023-05-03 13:35:18,6.25092333,-75.55783500,3.30,1533.891,23.809,8.092,137,15,42,,
T,2023-05-03 13:35:19,6.25084500,-75.55774667,3.20,1533.792,23.808,8.600,131,15,42,,
T,2023-05-03 13:35:20,6.25079500,-75.55768833,3.30,1533.392,23.808,8.613,131,15,42,,
T,2023-05-03 13:35:21,6.25074500,-75.55764500,3.30,1532.892,23.808,7.859,128,14,42,,
T,2023-05-03 13:35:22,6.25070667,-75.55761000,3.30,1532.592,23.808,6.285,130,14,42,,
T,2023-05-03 13:35:23,6.25069000,-75.55759500,3.30,1532.292,23.808,3.904,125,14,42,,
T,2023-05-03 13:35:24,6.25067167,-75.55757500,3.20,1532.292,23.808,2.536,124,15,42,,
T,2023-05-03 13:35:25,6.25066000,-75.55756667,3.20,1532.092,23.808,1.393,124,16,42,,
T,2023-05-03 13:35:26,6.25064500,-75.55755000,3.10,1531.792,23.808,0.000,,16,42,,
T,2023-05-03 13:35:27,6.25062833,-75.55753000,3.00,1531.492,23.808,0.000,,16,42,,
T,2023-05-03 13:35:28,6.25061333,-75.55751167,2.90,1531.192,23.808,0.000,,15,42,,
T,2023-05-03 13:35:29,6.25061333,-75.55751167,2.90,1531.192,23.808,0.000,,15,42,,
T,2023-05-03 13:35:30,6.25061333,-75.55751167,2.90,1531.192,23.808,0.000,,16,42,,
T,2023-05-03 13:35:31,6.25061333,-75.55751167,2.90,1531.192,23.808,0.000,,17,42,,
T,2023-05-03 13:35:32,6.25061333,-75.55751167,2.90,1531.192,23.808,0.000,,16,42,,
T,2023-05-03 13:35:33,6.25061333,-75.55751167,3.00,1531.192,23.808,0.000,,16,42,,
T,2023-05-03 13:35:34,6.25054833,-75.55743833,3.20,1530.593,23.807,1.407,124,16,42,,
T,2023-05-03 13:35:35,6.25051500,-75.55741667,3.60,1530.493,23.807,2.741,149,16,42,,
T,2023-05-03 13:35:36,6.25050167,-75.55740000,3.80,1530.193,23.807,2.735,145,15,42,,
T,2023-05-03 13:35:37,6.25047833,-75.55737333,4.20,1529.993,23.807,3.623,133,14,42,,
T,2023-05-03 13:35:38,6.25045000,-75.55734000,4.80,1529.993,23.807,4.374,133,13,42,,
T,2023-05-03 13:35:39,6.25042500,-75.55731000,5.30,1529.993,23.807,4.367,133,13,42,,
T,2023-05-03 13:35:40,6.25037833,-75.55723500,4.80,1530.093,23.807,5.790,128,14,42,,
T,2023-05-03 13:35:41,6.25034667,-75.55719500,5.20,1530.093,23.807,5.768,127,13,42,,
T,2023-05-03 13:35:42,6.25029000,-75.55710333,5.10,1530.494,23.806,6.645,123,14,42,,
T,2023-05-03 13:35:43,6.25022500,-75.55700167,4.50,1529.794,23.806,6.941,119,14,42,,
T,2023-05-03 13:35:44,6.25018167,-75.55692667,4.40,1529.294,23.806,6.407,114,15,42,,
T,2023-05-03 13:35:45,6.25012167,-75.55684167,3.80,1529.395,23.805,6.080,116,15,42,,
T,2023-05-03 13:35:46,6.25009000,-75.55678000,3.60,1529.595,23.805,6.111,115,14,42,,
T,2023-05-03 13:35:47,6.25006000,-75.55672333,3.50,1529.595,23.805,5.949,113,16,41,,
T,2023-05-03 13:35:48,6.25004833,-75.55667167,3.40,1529.595,23.805,5.563,112,14,41,,
T,2023-05-03 13:35:49,6.25004333,-75.55663500,3.30,1529.896,23.804,4.838,112,14,42,,
T,2023-05-03 13:35:50,6.25004000,-75.55661167,3.20,1531.196,23.804,4.270,116,15,42,,
T,2023-05-03 13:35:51,6.25003333,-75.55657667,3.10,1533.996,23.804,3.588,105,17,42,,
T,2023-05-03 13:35:52,6.25002667,-75.55654000,3.10,1536.296,23.804,3.577,98,19,42,,
T,2023-05-03 13:35:53,6.25001833,-75.55649333,3.10,1536.096,23.804,3.958,102,19,42,,
T,2023-05-03 13:35:54,6.25000333,-75.55645000,3.00,1535.996,23.804,3.349,99,18,42,,
T,2023-05-03 13:35:55,6.24999167,-75.55640167,3.00,1536.397,23.803,3.443,102,18,42,,
T,2023-05-03 13:35:56,6.24997667,-75.55635000,3.00,1536.797,23.803,4.621,102,18,42,,
T,2023-05-03 13:35:57,6.24995833,-75.55629000,3.00,1537.397,23.803,4.997,108,17,42,,
T,2023-05-03 13:35:58,6.24994500,-75.55622667,2.90,1537.798,23.802,5.012,103,16,42,,
T,2023-05-03 13:35:59,6.24993833,-75.55616667,2.90,1537.798,23.802,5.047,96,16,42,,
T,2023-05-03 13:36:00,6.24993500,-75.55610333,2.80,1537.998,23.802,5.413,85,17,42,,
T,2023-05-03 13:36:01,6.24993667,-75.55604500,2.80,1538.798,23.802,5.415,83,17,42,,
T,2023-05-03 13:36:02,6.24994167,-75.55599500,2.80,1539.999,23.801,5.226,79,17,42,,
T,2023-05-03 13:36:03,6.24994833,-75.55594667,2.90,1540.899,23.801,5.067,72,17,42,,
T,2023-05-03 13:36:04,6.24996167,-75.55589000,2.80,1541.599,23.801,5.157,64,17,42,,
T,2023-05-03 13:36:05,6.24997833,-75.55583500,2.90,1542.300,23.800,5.617,60,17,42,,
T,2023-05-03 13:36:06,6.24999667,-75.55578500,3.00,1542.900,23.800,5.805,57,17,42,,
T,2023-05-03 13:36:07,6.25002333,-75.55575833,3.20,1543.700,23.800,5.145,49,15,42,,
T,2023-05-03 13:36:09,6.25005667,-75.55573500,3.30,1545.300,23.800,3.424,22,15,42,,
T,2023-05-03 13:36:10,6.25003667,-75.55573000,3.30,1545.600,23.800,1.087,22,14,42,,
T,2023-05-03 13:36:11,6.25001333,-75.55572500,3.30,1545.800,23.800,0.000,,14,42,,
T,2023-05-03 13:36:12,6.24998167,-75.55571833,3.20,1545.600,23.800,0.000,,14,42,,
T,2023-05-03 13:36:13,6.24995000,-75.55570833,3.20,1545.300,23.800,1.977,187,14,42,,
T,2023-05-03 13:36:14,6.24991833,-75.55570000,3.10,1545.500,23.800,3.014,180,14,42,,
T,2023-05-03 13:36:15,6.24989167,-75.55569000,3.10,1545.300,23.800,3.438,172,14,42,,
T,2023-05-03 13:36:16,6.24983667,-75.55567333,3.00,1544.900,23.800,4.537,166,13,42,,
T,2023-05-03 13:36:17,6.24979500,-75.55566667,3.20,1544.600,23.800,5.101,173,13,42,,
T,2023-05-03 13:36:18,6.24975667,-75.55566500,3.50,1544.300,23.800,5.365,179,12,42,,
T,2023-05-03 13:36:19,6.24970833,-75.55565833,3.90,1543.800,23.800,5.774,176,12,42,,
T,2023-05-03 13:36:20,6.24966833,-75.55564833,4.30,1543.200,23.800,6.218,174,11,42,,
T,2023-05-03 13:36:21,6.24963000,-75.55564833,4.50,1542.800,23.800,6.531,175,10,42,,
T,2023-05-03 13:36:22,6.24956667,-75.55563500,4.80,1542.800,23.800,7.378,173,10,42,,
T,2023-05-03 13:36:23,6.24947167,-75.55561167,5.00,1542.600,23.800,8.687,171,9,42,,
T,2023-05-03 13:36:24,6.24939333,-75.55557167,5.00,1542.400,23.800,8.877,163,9,42,,
T,2023-05-03 13:36:25,6.24934167,-75.55551000,5.20,1541.500,23.800,8.895,159,10,42,,
T,2023-05-03 13:36:26,6.24944000,-75.55549667,5.30,1541.100,23.800,7.602,156,9,42,,
T,2023-05-03 13:36:27,6.24950500,-75.55542333,5.30,1540.801,23.799,7.623,134,9,42,,
T,2023-05-03 13:36:28,6.24950667,-75.55536000,5.40,1540.601,23.799,7.459,127,8,42,,
T,2023-05-03 13:36:29,6.24951500,-75.55527833,5.60,1540.502,23.798,7.637,121,8,42,,
T,2023-05-03 13:36:30,6.24944833,-75.55513833,5.80,1540.602,23.798,9.261,122,7,42,,
T,2023-05-03 13:36:31,6.24946333,-75.55503167,5.90,1540.803,23.797,9.799,118,7,42,,
T,2023-05-03 13:36:32,6.24945167,-75.55493500,6.20,1541.003,23.797,10.237,117,8,42,,
T,2023-05-03 13:36:33,6.24957000,-75.55482667,6.00,1541.404,23.796,10.543,111,8,42,,
T,2023-05-03 13:36:34,6.24960667,-75.55476167,5.90,1541.004,23.796,10.242,109,8,41,,
T,2023-05-03 13:36:35,6.24965333,-75.55470500,6.10,1540.805,23.795,9.940,102,9,41,,
T,2023-05-03 13:36:36,6.24966500,-75.55462333,6.30,1540.305,23.795,9.978,99,12,41,,
T,2023-05-03 13:36:37,6.24967500,-75.55455333,6.50,1539.906,23.794,9.784,97,10,41,,
T,2023-05-03 13:36:38,6.24971833,-75.55454167,6.70,1539.406,23.794,8.879,95,11,42,,
T,2023-05-03 13:36:39,6.24972667,-75.55452500,6.70,1538.606,23.794,8.393,97,10,42,,
T,2023-05-03 13:36:40,6.24970000,-75.55452667,6.90,1538.106,23.794,8.167,101,10,42,,
T,2023-05-03 13:36:41,6.24963000,-75.55447667,6.50,1537.206,23.794,8.640,107,10,42,,
T,2023-05-03 13:36:42,6.24961500,-75.55448833,6.20,1536.306,23.794,7.409,113,11,42,,
T,2023-05-03 13:36:43,6.24961667,-75.55443167,5.50,1536.406,23.794,6.739,118,14,42,,
T,2023-05-03 13:36:44,6.24960000,-75.55440500,5.10,1535.906,23.794,6.202,123,15,41,,
T,2023-05-03 13:36:45,6.24957333,-75.55439333,4.90,1535.906,23.794,4.829,126,16,42,,
T,2023-05-03 13:36:46,6.24955167,-75.55437000,4.70,1535.606,23.794,3.996,125,17,42,,
T,2023-05-03 13:36:47,6.24954000,-75.55440500,4.40,1535.906,23.794,2.787,144,17,42,,
T,2023-05-03 13:36:48,6.24953333,-75.55446667,4.10,1536.606,23.794,2.456,159,17,42,,
T,2023-05-03 13:36:49,6.24951167,-75.55451833,3.90,1536.506,23.794,2.975,188,17,42,,
T,2023-05-03 13:36:50,6.24947667,-75.55455167,3.70,1536.105,23.795,3.576,196,18,42,,
T,2023-05-03 13:36:51,6.24942333,-75.55458833,3.70,1536.305,23.795,4.566,201,18,41,,
T,2023-05-03 13:36:52,6.24934667,-75.55464333,3.70,1536.705,23.795,6.010,212,17,42,,
T,2023-05-03 13:36:53,6.24928000,-75.55469833,3.70,1536.604,23.796,6.806,215,17,42,,
T,2023-05-03 13:36:54,6.24922000,-75.55475167,3.70,1536.404,23.796,6.796,220,15,42,,
T,2023-05-03 13:36:55,6.24916167,-75.55479500,3.60,1536.303,23.797,6.888,217,15,42,,
T,2023-05-03 13:36:56,6.24910500,-75.55484500,3.60,1536.303,23.797,7.077,218,14,42,,
T,2023-05-03 13:36:57,6.24904167,-75.55489333,3.70,1536.103,23.797,7.584,218,15,42,,
T,2023-05-03 13:36:58,6.24897667,-75.55493500,3.70,1535.902,23.798,7.314,216,13,42,,
T,2023-05-03 13:36:59,6.24891667,-75.55498500,3.70,1535.902,23.798,7.336,218,13,42,,
T,2023-05-03 13:37:00,6.24884333,-75.55502000,3.70,1536.402,23.798,7.497,216,13,42,,
T,2023-05-03 13:37:01,6.24879000,-75.55506167,3.70,1536.301,23.799,6.833,220,13,42,,
T,2023-05-03 13:37:02,6.24873833,-75.55510000,3.70,1536.301,23.799,7.256,222,13,42,,
T,2023-05-03 13:37:03,6.24866833,-75.55514500,3.80,1535.701,23.799,6.545,217,12,42,,
T,2023-05-03 13:37:04,6.24859500,-75.55520500,3.80,1535.000,23.800,7.488,217,12,41,,
T,2023-05-03 13:37:05,6.24849667,-75.55525833,3.70,1535.700,23.800,8.096,217,13,42,,
T,2023-05-03 13:37:06,6.24843500,-75.55530667,3.90,1535.699,23.801,8.319,217,13,42,,
T,2023-05-03 13:37:07,6.24838167,-75.55536500,4.10,1535.799,23.801,8.229,220,13,42,,
T,2023-05-03 13:37:08,6.24832833,-75.55544667,4.20,1536.498,23.802,8.341,225,12,42,,
T,2023-05-03 13:37:09,6.24825833,-75.55547833,4.40,1536.498,23.802,8.091,221,12,42,,
T,2023-05-03 13:37:10,6.24820667,-75.55549500,4.70,1536.498,23.802,7.440,217,9,42,,
T,2023-05-03 13:37:11,6.24816667,-75.55548833,4.80,1536.698,23.802,6.354,212,9,42,,
T,2023-05-03 13:37:12,6.24815333,-75.55548000,4.80,1536.798,23.802,5.123,206,9,42,,
T,2023-05-03 13:37:13,6.24813000,-75.55546500,4.80,1536.698,23.802,4.110,201,10,42,,
T,2023-05-03 13:37:14,6.24809833,-75.55543333,4.70,1536.698,23.802,4.281,185,10,42,,
T,2023-05-03 13:37:15,6.24810000,-75.55542833,4.70,1536.398,23.802,3.509,182,9,42,,
T,2023-05-03 13:37:16,6.24807333,-75.55544833,4.50,1536.298,23.802,3.549,191,9,42,,
T,2023-05-03 13:37:17,6.24806667,-75.55548833,4.30,1535.598,23.802,4.118,198,11,42,,
T,2023-05-03 13:37:18,6.24802833,-75.55550333,4.30,1535.298,23.802,4.521,198,9,42,,
T,2023-05-03 13:37:19,6.24798333,-75.55552500,4.20,1534.997,23.803,5.128,197,11,42,,
T,2023-05-03 13:37:20,6.24792167,-75.55552000,4.10,1533.897,23.803,5.572,194,11,42,,
T,2023-05-03 13:37:21,6.24785667,-75.55554167,4.00,1532.897,23.803,5.931,196,11,42,,
T,2023-05-03 13:37:22,6.24780333,-75.55557833,3.90,1532.397,23.803,5.687,197,11,42,,
T,2023-05-03 13:37:23,6.24774333,-75.55560000,3.90,1532.197,23.803,5.511,194,11,42,,
T,2023-05-03 13:37:24,6.24769333,-75.55563667,3.90,1531.896,23.804,4.915,197,11,42,,
T,2023-05-03 13:37:25,6.24765667,-75.55567167,3.90,1531.196,23.804,4.742,200,9,42,,
T,2023-05-03 13:37:26,6.24762500,-75.55571333,4.00,1530.596,23.804,4.722,204,9,42,,
T,2023-05-03 13:37:27,6.24762000,-75.55574667,4.00,1529.896,23.804,3.683,207,10,42,,
T,2023-05-03 13:37:28,6.24759833,-75.55575833,4.00,1529.695,23.805,3.027,201,10,42,,
T,2023-05-03 13:37:29,6.24757833,-75.55577000,4.00,1528.595,23.805,2.689,194,10,42,,
T,2023-05-03 13:37:30,6.24754167,-75.55577000,3.90,1528.695,23.805,2.602,189,11,42,,
T,2023-05-03 13:37:31,6.24748333,-75.55575833,4.00,1528.695,23.805,3.061,178,11,42,,
T,2023-05-03 13:37:32,6.24742833,-75.55574833,4.10,1528.695,23.805,3.709,178,11,42,,
T,2023-05-03 13:37:33,6.24738667,-75.55573833,4.20,1528.595,23.805,4.030,175,11,42,,
T,2023-05-03 13:37:34,6.24735500,-75.55571667,4.10,1528.595,23.805,4.015,164,12,42,,
T,2023-05-03 13:37:35,6.24731000,-75.55567833,4.10,1528.395,23.805,4.355,152,14,42,,
T,2023-05-03 13:37:36,6.24728167,-75.55566833,4.20,1528.395,23.805,3.934,157,14,41,,
T,2023-05-03 13:37:37,6.24725000,-75.55564000,4.30,1528.195,23.805,4.185,153,12,41,,
T,2023-05-03 13:37:38,6.24722167,-75.55560167,4.30,1528.095,23.805,4.190,141,12,41,,
T,2023-05-03 13:37:39,6.24719000,-75.55556333,4.30,1527.996,23.804,4.195,131,12,41,,
T,2023-05-03 13:37:40,6.24717833,-75.55554000,4.10,1528.096,23.804,2.594,134,15,41,,
T,2023-05-03 13:37:41,6.24715833,-75.55550833,3.70,1528.196,23.804,2.296,122,15,41,,
T,2023-05-03 13:37:42,6.24714167,-75.55546667,3.50,1528.196,23.804,1.565,117,15,41,,
T,2023-05-03 13:37:43,6.24713667,-75.55541500,3.40,1527.596,23.804,0.000,,14,42,,
T,2023-05-03 13:37:44,6.24713667,-75.55539667,3.30,1527.396,23.804,0.000,,12,42,,
T,2023-05-03 13:37:45,6.24713000,-75.55538167,3.20,1527.196,23.804,0.000,,13,42,,
T,2023-05-03 13:37:46,6.24713000,-75.55538167,3.20,1527.196,23.804,0.000,,13,42,,
T,2023-05-03 13:37:47,6.24713000,-75.55538167,3.10,1527.196,23.804,0.000,,10,42,,
T,2023-05-03 13:37:48,6.24713000,-75.55538167,3.10,1527.196,23.804,0.000,,9,42,,
T,2023-05-03 13:37:49,6.24713000,-75.55538167,1.20,1527.196,23.804,0.000,,9,42,,
T,2023-05-03 13:37:50,6.24713000,-75.55538167,1.10,1527.196,23.804,0.000,,9,42,,
T,2023-05-03 13:37:51,6.24713000,-75.55538167,1.10,1527.196,23.804,0.000,,9,42,,
T,2023-05-03 13:37:52,6.24713000,-75.55538167,1.50,1527.196,23.804,0.000,,9,42,,
T,2023-05-03 13:37:53,6.24713000,-75.55538167,1.70,1527.196,23.804,0.000,,9,42,,
T,2023-05-03 13:37:54,6.24713000,-75.55538167,1.90,1527.196,23.804,0.000,,9,42,,
T,2023-05-03 13:37:55,6.24713000,-75.55538167,2.00,1527.196,23.804,0.000,,9,42,,
T,2023-05-03 13:37:56,6.24713000,-75.55538167,2.10,1527.196,23.804,0.000,,9,42,,
T,2023-05-03 13:37:57,6.24713000,-75.55538167,2.20,1527.196,23.804,0.000,,10,42,,
T,2023-05-03 13:37:58,6.24713000,-75.55538167,1.20,1527.196,23.804,0.000,,10,42,,
T,2023-05-03 13:37:59,6.24713000,-75.55538167,1.10,1527.196,23.804,0.000,,10,42,,
T,2023-05-03 13:38:00,6.24713000,-75.55538167,1.10,1527.196,23.804,0.000,,10,42,,
T,2023-05-03 13:38:01,6.24713000,-75.55538167,1.10,1527.196,23.804,0.000,,10,42,,
T,2023-05-03 13:38:02,6.24713000,-75.55538167,1.40,1527.196,23.804,0.000,,10,42,,
T,2023-05-03 13:38:03,6.24710333,-75.55535000,1.70,1529.497,23.803,2.290,120,11,42,,
T,2023-05-03 13:38:04,6.24709000,-75.55533333,2.00,1529.797,23.803,2.488,132,11,42,,
T,2023-05-03 13:38:05,6.24707833,-75.55532167,2.20,1530.197,23.803,1.789,131,11,42,,
T,2023-05-03 13:38:06,6.24706833,-75.55531167,2.40,1530.397,23.803,1.309,144,12,42,,
T,2023-05-03 13:38:07,6.24706500,-75.55531667,2.50,1530.697,23.803,0.000,,12,42,,
T,2023-05-03 13:38:08,6.24705333,-75.55530333,2.60,1530.597,23.803,0.000,,13,42,,
T,2023-05-03 13:38:09,6.24704000,-75.55529333,2.70,1530.797,23.803,1.429,150,14,42,,
T,2023-05-03 13:38:11,6.24700667,-75.55526500,3.10,1531.197,23.803,2.251,140,14,41,,
T,2023-05-03 13:38:12,6.24699333,-75.55525333,3.20,1531.397,23.803,2.083,153,13,41,,
T,2023-05-03 13:38:13,6.24697667,-75.55524000,3.30,1531.597,23.803,2.392,148,13,41,,
T,2023-05-03 13:38:14,6.24696000,-75.55523167,3.40,1531.797,23.803,2.587,155,13,41,,
T,2023-05-03 13:38:15,6.24694500,-75.55522333,3.70,1531.897,23.803,2.598,155,13,41,,
T,2023-05-03 13:38:16,6.24692833,-75.55521333,3.90,1531.997,23.803,2.607,157,13,41,,
T,2023-05-03 13:38:17,6.24693333,-75.55519333,4.00,1532.197,23.803,2.313,147,13,41,,
T,2023-05-03 13:38:18,6.24693000,-75.55517667,4.20,1532.397,23.803,2.192,143,12,41,,
T,2023-05-03 13:38:19,6.24690167,-75.55514833,4.30,1532.497,23.803,2.782,148,10,42,,
T,2023-05-03 13:38:20,6.24687000,-75.55510000,4.20,1532.497,23.803,3.475,141,10,42,,
T,2023-05-03 13:38:21,6.24683167,-75.55504000,3.90,1532.698,23.802,4.320,126,10,42,,
T,2023-05-03 13:38:22,6.24679500,-75.55497833,3.80,1532.698,23.802,4.993,122,11,42,,
T,2023-05-03 13:38:23,6.24677333,-75.55491333,3.80,1532.598,23.802,5.013,124,12,42,,
T,2023-05-03 13:38:24,6.24675333,-75.55486000,3.70,1532.598,23.802,5.153,125,11,42,,
T,2023-05-03 13:38:25,6.24673333,-75.55483000,3.60,1532.899,23.801,4.856,116,9,42,,
T,2023-05-03 13:38:26,6.24670667,-75.55479167,3.60,1533.199,23.801,4.862,110,11,42,,
T,2023-05-03 13:38:27,6.24669833,-75.55475167,3.50,1533.599,23.801,4.447,108,11,42,,
T,2023-05-03 13:38:28,6.24667500,-75.55471667,3.40,1533.799,23.801,3.940,119,11,42,,
T,2023-05-03 13:38:29,6.24664833,-75.55468167,3.40,1533.899,23.801,4.026,123,12,42,,
T,2023-05-03 13:38:30,6.24663000,-75.55464667,3.40,1534.199,23.801,3.869,118,12,42,,
T,2023-05-03 13:38:31,6.24661000,-75.55461333,3.50,1534.399,23.801,3.833,116,12,42,,
T,2023-05-03 13:38:32,6.24660167,-75.55458833,3.50,1534.700,23.800,2.909,117,12,42,,
T,2023-05-03 13:38:33,6.24659833,-75.55457000,3.40,1535.000,23.800,2.159,114,12,42,,
T,2023-05-03 13:38:34,6.24658667,-75.55454833,3.40,1535.200,23.800,2.389,113,12,42,,
T,2023-05-03 13:38:35,6.24657667,-75.55454167,3.30,1535.200,23.800,1.848,110,15,42,,
T,2023-05-03 13:38:36,6.24657500,-75.55452333,3.30,1535.500,23.800,1.344,110,15,42,,
T,2023-05-03 13:38:37,6.24656833,-75.55450500,3.20,1535.900,23.800,1.478,110,15,41,,
T,2023-05-03 13:38:38,6.24656500,-75.55449500,3.10,1536.000,23.800,1.461,110,14,42,,
T,2023-05-03 13:38:39,6.24656000,-75.55447833,3.10,1536.000,23.800,1.816,110,14,42,,
T,2023-05-03 13:38:40,6.24654667,-75.55445500,3.00,1536.200,23.800,2.288,119,13,42,,
T,2023-05-03 13:38:41,6.24652833,-75.55441667,3.00,1536.300,23.800,3.264,119,16,42,,
T,2023-05-03 13:38:42,6.24650333,-75.55437667,3.10,1536.400,23.800,4.082,122,16,42,,
T,2023-05-03 13:38:43,6.24647500,-75.55433500,3.10,1536.601,23.799,4.517,130,15,42,,
T,2023-05-03 13:38:44,6.24644000,-75.55428000,3.20,1537.001,23.799,5.550,128,15,42,,
T,2023-05-03 13:38:45,6.24639500,-75.55421500,3.20,1537.301,23.799,6.178,124,15,42,,
T,2023-05-03 13:38:46,6.24636000,-75.55415833,3.20,1537.701,23.799,6.055,120,15,42,,
T,2023-05-03 13:38:47,6.24632667,-75.55410667,3.30,1538.002,23.798,6.084,119,14,41,,
T,2023-05-03 13:38:48,6.24629167,-75.55405333,3.40,1538.202,23.798,6.102,126,11,41,,
T,2023-05-03 13:38:49,6.24625500,-75.55400333,3.40,1538.602,23.798,6.099,121,11,41,,
T,2023-05-03 13:38:50,6.24622167,-75.55394167,3.40,1539.002,23.798,6.731,120,11,42,,
T,2023-05-03 13:38:51,6.24617000,-75.55385167,3.30,1539.203,23.797,7.983,120,12,42,,
T,2023-05-03 13:38:52,6.24611833,-75.55377333,3.20,1539.403,23.797,8.194,122,14,42,,
T,2023-05-03 13:38:53,6.24605833,-75.55369667,3.10,1539.503,23.797,8.111,124,14,42,,
T,2023-05-03 13:38:54,6.24601333,-75.55363500,3.10,1539.803,23.797,7.426,122,16,42,,
T,2023-05-03 13:38:55,6.24597833,-75.55357167,3.10,1540.104,23.796,7.406,114,16,42,,
T,2023-05-03 13:38:56,6.24596000,-75.55350000,3.10,1540.504,23.796,7.374,103,17,42,,
T,2023-05-03 13:38:57,6.24595333,-75.55343667,3.00,1541.004,23.796,6.644,94,17,42,,
T,2023-05-03 13:38:58,6.24594833,-75.55337167,2.90,1541.305,23.795,6.745,89,18,42,,
T,2023-05-03 13:38:59,6.24595000,-75.55330667,2.90,1541.805,23.795,6.405,85,19,42,,
T,2023-05-03 13:39:00,6.24595833,-75.55324167,2.90,1542.605,23.795,6.743,78,19,42,,
T,2023-05-03 13:39:01,6.24597167,-75.55319000,2.90,1543.306,23.794,6.057,77,17,42,,
T,2023-05-03 13:39:02,6.24598167,-75.55313833,2.90,1544.006,23.794,5.415,77,17,42,,
T,2023-05-03 13:39:03,6.24599500,-75.55309167,2.90,1544.806,23.794,5.412,75,17,42,,
T,2023-05-03 13:39:04,6.24600500,-75.55304833,2.90,1545.506,23.794,4.705,74,17,42,,
T,2023-05-03 13:39:05,6.24601667,-75.55301167,2.90,1546.207,23.793,4.321,78,17,42,,
T,2023-05-03 13:39:06,6.24601167,-75.55297667,2.90,1546.907,23.793,3.418,82,17,42,,
T,2023-05-03 13:39:07,6.24600833,-75.55293500,2.90,1548.107,23.793,4.211,87,16,42,,
T,2023-05-03 13:39:08,6.24601167,-75.55288833,3.00,1548.807,23.793,4.674,87,15,42,,
T,2023-05-03 13:39:09,6.24600833,-75.55284667,3.00,1549.907,23.793,4.512,95,15,42,,
T,2023-05-03 13:39:10,6.24598833,-75.55281000,3.10,1550.908,23.792,4.170,110,15,42,,
T,2023-05-03 13:39:11,6.24595500,-75.55275833,3.10,1551.708,23.792,4.734,123,15,42,,
T,2023-05-03 13:39:12,6.24591833,-75.55270833,3.10,1552.708,23.792,5.187,128,16,42,,
T,2023-05-03 13:39:13,6.24586833,-75.55266000,3.10,1553.408,23.792,5.490,136,14,42,,
T,2023-05-03 13:39:14,6.24582167,-75.55261333,3.10,1554.108,23.792,5.919,135,13,42,,
T,2023-05-03 13:39:15,6.24577000,-75.55256500,3.10,1554.708,23.792,6.399,139,13,42,,
T,2023-05-03 13:39:16,6.24571167,-75.55251833,3.10,1555.509,23.791,6.394,139,13,42,,
T,2023-05-03 13:39:17,6.24567333,-75.55248333,3.00,1556.309,23.791,5.468,135,13,42,,
T,2023-05-03 13:39:18,6.24563167,-75.55244167,3.00,1556.909,23.791,4.929,130,12,42,,
T,2023-05-03 13:39:19,6.24561333,-75.55240500,2.90,1558.009,23.791,4.524,122,14,42,,
T,2023-05-03 13:39:20,6.24558000,-75.55234667,2.90,1559.409,23.791,5.011,113,14,42,,
T,2023-05-03 13:39:21,6.24557167,-75.55229500,2.90,1560.509,23.791,5.329,106,15,42,,
T,2023-05-03 13:39:22,6.24556167,-75.55225000,3.00,1561.810,23.790,5.204,104,15,42,,
T,2023-05-03 13:39:23,6.24555167,-75.55220667,3.00,1562.810,23.790,4.941,104,17,42,,
T,2023-05-03 13:39:24,6.24555000,-75.55217000,3.00,1563.610,23.790,4.450,99,17,42,,
T,2023-05-03 13:39:25,6.24555000,-75.55213833,3.10,1564.410,23.790,4.207,95,16,42,,
T,2023-05-03 13:39:26,6.24556000,-75.55211333,3.00,1565.210,23.790,3.850,94,17,42,,
T,2023-05-03 13:39:27,6.24556333,-75.55208000,3.00,1565.911,23.789,3.766,89,17,42,,
T,2023-05-03 13:39:28,6.24556000,-75.55203833,3.10,1566.611,23.789,4.280,94,18,41,,
T,2023-05-03 13:39:29,6.24555500,-75.55199833,3.00,1567.311,23.789,4.011,94,18,42,,
T,2023-05-03 13:39:30,6.24555000,-75.55196833,3.00,1568.211,23.789,3.218,108,18,42,,
T,2023-05-03 13:39:31,6.24554333,-75.55194667,3.10,1569.111,23.789,2.641,118,18,42,,
T,2023-05-03 13:39:32,6.24553667,-75.55192167,3.10,1570.011,23.789,2.680,118,19,42,,
T,2023-05-03 13:39:33,6.24553333,-75.55189500,3.10,1570.811,23.789,2.334,108,18,42,,
T,2023-05-03 13:39:34,6.24553000,-75.55186167,3.10,1571.812,23.788,2.337,100,18,42,,
T,2023-05-03 13:39:35,6.24552667,-75.55182167,3.10,1572.812,23.788,3.074,103,17,42,,
T,2023-05-03 13:39:36,6.24552500,-75.55178667,3.00,1573.912,23.788,3.204,109,19,42,,
T,2023-05-03 13:39:37,6.24552167,-75.55174333,2.90,1575.112,23.788,3.223,117,20,42,,
T,2023-05-03 13:39:38,6.24552000,-75.55169667,2.80,1576.013,23.787,2.896,108,21,42,,
T,2023-05-03 13:39:39,6.24551833,-75.55166000,2.60,1576.913,23.787,2.863,111,21,42,,
T,2023-05-03 13:39:40,6.24550833,-75.55162500,2.60,1578.313,23.787,2.536,111,21,42,,
T,2023-05-03 13:39:41,6.24550000,-75.55159333,2.50,1579.713,23.787,2.392,108,21,42,,
T,2023-05-03 13:39:42,6.24549667,-75.55157167,2.50,1581.013,23.787,1.924,105,21,42,,
T,2023-05-03 13:39:43,6.24549667,-75.55156167,2.50,1582.513,23.787,1.091,105,21,42,,
T,2023-05-03 13:39:44,6.24549667,-75.55156667,2.50,1583.613,23.787,0.000,,20,42,,
T,2023-05-03 13:39:45,6.24550000,-75.55157167,2.60,1584.413,23.787,0.000,,20,42,,
T,2023-05-03 13:39:46,6.24550167,-75.55156000,2.60,1585.213,23.787,0.000,,20,42,,
T,2023-05-03 13:39:47,6.24550167,-75.55156000,2.50,1585.213,23.787,0.000,,21,42,,
T,2023-05-03 13:39:48,6.24550167,-75.55156000,2.60,1585.213,23.787,0.000,,21,42,,
T,2023-05-03 13:39:49,6.24550167,-75.55156000,2.60,1585.213,23.787,0.000,,21,42,,
T,2023-05-03 13:39:50,6.24549500,-75.55151333,2.60,1585.913,23.787,2.661,102,18,42,,
T,2023-05-03 13:39:51,6.24548833,-75.55148667,2.70,1586.214,23.786,3.128,102,19,42,,
T,2023-05-03 13:39:52,6.24548167,-75.55145667,2.70,1586.414,23.786,3.421,103,19,42,,
T,2023-05-03 13:39:53,6.24548000,-75.55144333,2.60,1586.114,23.786,2.658,95,20,42,,
T,2023-05-03 13:39:54,6.24547167,-75.55141167,2.60,1585.914,23.786,2.881,101,19,42,,
T,2023-05-03 13:39:55,6.24546167,-75.55137333,2.50,1585.914,23.786,3.901,100,19,42,,
T,2023-05-03 13:39:56,6.24545500,-75.55132667,2.50,1585.614,23.786,4.903,97,19,42,,
T,2023-05-03 13:39:57,6.24544833,-75.55128500,2.50,1585.315,23.785,5.415,97,19,42,,
T,2023-05-03 13:39:58,6.24544500,-75.55123500,2.50,1584.915,23.785,5.597,96,19,42,,
T,2023-05-03 13:39:59,6.24544167,-75.55120167,2.40,1584.415,23.785,4.265,101,19,42,,
T,2023-05-03 13:40:00,6.24544167,-75.55117167,2.40,1584.015,23.785,3.136,98,20,42,,
T,2023-05-03 13:40:01,6.24544000,-75.55114667,2.50,1583.815,23.785,3.250,95,20,42,,
T,2023-05-03 13:40:02,6.24544500,-75.55112833,2.50,1583.715,23.785,2.269,89,20,42,,
T,2023-05-03 13:40:03,6.24545000,-75.55111167,2.50,1583.515,23.785,2.258,81,20,42,,
T,2023-05-03 13:40:04,6.24545333,-75.55108833,2.60,1583.416,23.784,2.020,88,21,42,,
T,2023-05-03 13:40:05,6.24545667,-75.55107000,2.70,1583.516,23.784,1.856,77,21,42,,
T,2023-05-03 13:40:06,6.24546000,-75.55105333,2.60,1583.616,23.784,2.754,118,21,42,,
T,2023-05-03 13:40:07,6.24545333,-75.55102833,3.60,1583.616,23.784,3.009,115,20,42,,
T,2023-05-03 13:40:08,6.24545333,-75.55101167,4.60,1583.616,23.784,2.341,101,20,42,,
T,2023-05-03 13:40:09,6.24545167,-75.55099833,5.50,1583.616,23.784,1.930,103,19,42,,
T,2023-05-03 13:40:10,6.24544833,-75.55098167,5.70,1583.616,23.784,1.943,99,17,42,,
T,2023-05-03 13:40:11,6.24544500,-75.55096500,5.90,1583.616,23.784,1.803,101,16,42,,
T,2023-05-03 13:40:12,6.24544333,-75.55095333,6.30,1583.616,23.784,1.558,104,12,41,,
T,2023-05-03 13:40:13,6.24543833,-75.55094000,6.90,1583.616,23.784,1.702,96,12,41,,
T,2023-05-03 13:40:14,6.24543667,-75.55092667,7.00,1583.516,23.784,1.483,96,14,41,,
T,2023-05-03 13:40:15,6.24543333,-75.55091333,7.30,1583.516,23.784,1.460,96,15,41,,
T,2023-05-03 13:40:16,6.24542833,-75.55090167,7.40,1583.516,23.784,1.426,96,13,41,,
T,2023-05-03 13:40:17,6.24543500,-75.55091000,7.60,1584.116,23.784,1.094,96,13,41,,
T,2023-05-03 13:40:18,6.24542833,-75.55090000,7.90,1584.016,23.784,1.089,96,13,41,,
T,2023-05-03 13:40:19,6.24538167,-75.55087333,8.20,1584.317,23.783,0.000,,11,41,,
T,2023-05-03 13:40:20,6.24537833,-75.55086500,8.60,1584.317,23.783,0.000,,8,42,,
T,2023-05-03 13:40:21,6.24538000,-75.55085167,9.10,1584.317,23.783,0.000,,8,42,,
T,2023-05-03 13:40:22,6.24538000,-75.55085167,9.50,1584.317,23.783,0.000,,8,42,,
T,2023-05-03 13:40:23,6.24538000,-75.55085167,9.90,1584.317,23.783,0.000,,8,42,,
T,2023-05-03 13:40:25,6.24538000,-75.55085167,6.90,1584.317,23.783,0.000,,8,42,,
T,2023-05-03 13:40:26,6.24547000,-75.55093000,6.70,1588.216,23.784,0.040,96,8,42,,
T,2023-05-03 13:40:27,6.24550833,-75.55097667,6.30,1588.516,23.784,0.000,,8,42,,
T,2023-05-03 13:40:28,6.24553833,-75.55101333,6.20,1587.716,23.784,0.000,,9,42,,
T,2023-05-03 13:40:29,6.24554833,-75.55102667,5.60,1586.016,23.784,0.105,96,8,41,,
T,2023-05-03 13:40:30,6.24555167,-75.55102667,5.30,1585.316,23.784,0.000,,8,41,,
T,2023-05-03 13:40:31,6.24556667,-75.55102333,5.10,1586.116,23.784,0.000,,8,41,,
T,2023-05-03 13:40:32,6.24556833,-75.55101000,5.30,1586.316,23.784,0.000,,7,41,,
T,2023-05-03 13:40:33,6.24556833,-75.55101000,5.10,1586.316,23.784,0.000,,7,41,,
T,2023-05-03 13:40:34,6.24550833,-75.55096000,4.90,1584.216,23.784,2.025,140,9,41,,
T,2023-05-03 13:40:35,6.24548667,-75.55093667,4.80,1585.316,23.784,2.471,139,8,41,,
T,2023-05-03 13:40:36,6.24546833,-75.55092833,4.70,1583.916,23.784,2.298,142,8,41,,
T,2023-05-03 13:40:37,6.24545667,-75.55092167,4.60,1582.616,23.784,2.471,139,8,41,,
T,2023-05-03 13:40:38,6.24546167,-75.55090500,4.60,1584.217,23.783,2.842,121,8,41,,
T,2023-05-03 13:40:39,6.24547000,-75.55087833,4.50,1583.317,23.783,2.724,106,10,41,,
T,2023-05-03 13:40:41,6.24545667,-75.55082333,4.50,1578.817,23.783,2.499,107,10,42,,
T,2023-05-03 13:40:42,6.24544833,-75.55080167,4.50,1577.317,23.783,2.150,110,10,42,,
T,2023-05-03 13:40:43,6.24544833,-75.55079833,4.50,1575.817,23.783,1.417,110,10,42,,
T,2023-05-03 13:40:44,6.24544500,-75.55080167,4.40,1574.117,23.783,0.000,,10,42,,
T,2023-05-03 13:40:45,6.24543833,-75.55080833,4.30,1573.217,23.783,0.000,,13,42,,
T,2023-05-03 13:40:46,6.24544333,-75.55081167,4.20,1573.417,23.783,0.000,,13,42,,
T,2023-05-03 13:40:47,6.24544333,-75.55081167,4.10,1573.417,23.783,0.000,,13,42,,
T,2023-05-03 13:40:48,6.24544333,-75.55081167,3.90,1573.417,23.783,0.000,,13,42,,
T,2023-05-03 13:40:49,6.24544333,-75.55081167,3.90,1573.417,23.783,0.000,,14,42,,
T,2023-05-03 13:40:50,6.24544333,-75.55081167,3.80,1573.417,23.783,0.000,,13,42,,
T,2023-05-03 13:40:51,6.24544333,-75.55081167,3.60,1573.417,23.783,0.000,,15,42,,
T,2023-05-03 13:40:52,6.24544333,-75.55081167,3.40,1573.417,23.783,0.000,,16,42,,
T,2023-05-03 13:40:53,6.24544333,-75.55081167,3.40,1573.417,23.783,0.000,,17,41,,
T,2023-05-03 13:40:54,6.24544333,-75.55081167,3.30,1573.417,23.783,0.000,,17,41,,
T,2023-05-03 13:40:55,6.24544333,-75.55081167,3.30,1573.417,23.783,0.000,,16,42,,
T,2023-05-03 13:40:56,6.24547167,-75.55085333,3.20,1576.117,23.783,0.158,110,13,42,,
T,2023-05-03 13:40:57,6.24545500,-75.55084333,3.30,1577.517,23.783,2.035,122,15,42,,
T,2023-05-03 13:40:58,6.24543667,-75.55083833,3.40,1579.317,23.783,2.423,145,15,42,,
T,2023-05-03 13:40:59,6.24541667,-75.55082500,3.60,1580.717,23.783,2.799,140,14,42,,
T,2023-05-03 13:41:00,6.24540333,-75.55082667,3.90,1581.017,23.783,2.502,145,13,42,,
T,2023-05-03 13:41:01,6.24538500,-75.55083333,4.10,1581.217,23.783,2.888,157,11,42,,
T,2023-05-03 13:41:02,6.24536833,-75.55084167,4.40,1581.417,23.783,2.985,164,11,42,,
T,2023-05-03 13:41:03,6.24535500,-75.55084667,4.60,1581.517,23.783,2.388,164,10,42,,
T,2023-05-03 13:41:04,6.24534833,-75.55084667,4.80,1581.517,23.783,1.940,161,10,42,,
T,2023-05-03 13:41:05,6.24534667,-75.55084500,4.90,1581.617,23.783,1.748,155,9,42,,
T,2023-05-03 13:41:06,6.24535500,-75.55088833,4.60,1581.216,23.784,1.012,155,10,42,,
T,2023-05-03 13:41:07,6.24536833,-75.55089833,4.50,1581.616,23.784,0.000,,9,42,,
T,2023-05-03 13:41:08,6.24536833,-75.55090667,4.50,1579.916,23.784,0.000,,10,42,,
T,2023-05-03 13:41:09,6.24536333,-75.55089667,4.70,1579.516,23.784,0.000,,9,42,,
T,2023-05-03 13:41:10,6.24536500,-75.55089000,4.10,1578.416,23.784,0.114,155,9,42,,
T,2023-05-03 13:41:11,6.24536167,-75.55088500,4.20,1578.316,23.784,0.000,,11,41,,
T,2023-05-03 13:41:12,6.24535333,-75.55087667,4.30,1578.316,23.784,0.000,,10,41,,
T,2023-05-03 13:41:13,6.24534000,-75.55085333,4.10,1577.817,23.783,1.971,160,9,41,,
T,2023-05-03 13:41:14,6.24532167,-75.55084500,4.30,1578.017,23.783,2.183,164,10,41,,
T,2023-05-03 13:41:15,6.24530333,-75.55082500,4.30,1578.117,23.783,2.166,163,10,41,,
T,2023-05-03 13:41:16,6.24526167,-75.55080333,4.30,1577.417,23.783,2.617,184,10,41,,
T,2023-05-03 13:41:17,6.24522000,-75.55080000,4.30,1577.517,23.783,3.403,194,8,41,,
