type,date time,latitude,longitude,accuracy(m),altitude(m),geoid_height(m),speed(m/s),bearing(deg),sat_used,sat_inview,name,desc
T,2023-05-13 19:01:25,6.27273333,-75.59001667,2.60,1505.174,23.926,3.002,247,14,40,20230513-140125,GPS Logger: 20230513-140125 - 12
T,2023-05-13 19:01:26,6.27272833,-75.59003833,2.70,1505.374,23.926,0.000,,14,40,,
T,2023-05-13 19:01:27,6.27273000,-75.59004333,2.80,1505.574,23.926,0.000,,11,40,,
T,2023-05-13 19:01:28,6.27273333,-75.59004167,2.90,1505.574,23.926,0.000,,11,40,,
T,2023-05-13 19:01:29,6.27274000,-75.59003500,2.90,1505.674,23.926,0.000,,11,40,,
T,2023-05-13 19:01:30,6.27275167,-75.59003333,2.90,1505.574,23.926,0.000,,10,40,,
T,2023-05-13 19:01:31,6.27275833,-75.59003000,3.00,1505.474,23.926,0.000,,10,40,,
T,2023-05-13 19:01:32,6.27276500,-75.59002167,3.00,1505.374,23.926,0.000,,9,40,,
T,2023-05-13 19:01:33,6.27276833,-75.59001000,3.00,1505.274,23.926,0.000,,10,40,,
T,2023-05-13 19:01:34,6.27277167,-75.58999500,3.10,1505.074,23.926,0.000,,10,40,,
T,2023-05-13 19:01:35,6.27277500,-75.58998167,3.10,1504.974,23.926,0.000,,10,40,,
T,2023-05-13 19:01:36,6.27277667,-75.58997000,3.10,1504.774,23.926,0.000,,10,40,,
T,2023-05-13 19:01:37,6.27275333,-75.58993500,3.10,1504.875,23.925,0.000,,10,40,,
T,2023-05-13 19:01:39,6.27274667,-75.58992333,3.20,1504.575,23.925,0.000,,10,40,,
T,2023-05-13 19:01:40,6.27274667,-75.58991167,3.20,1504.475,23.925,0.000,,9,40,,
T,2023-05-13 19:01:41,6.27273667,-75.58990667,3.20,1504.375,23.925,0.000,,9,40,,
T,2023-05-13 19:01:42,6.27272667,-75.58990167,3.20,1504.275,23.925,0.000,,9,40,,
T,2023-05-13 19:01:43,6.27272000,-75.58990167,3.20,1504.175,23.925,0.000,,9,40,,
T,2023-05-13 19:01:44,6.27271333,-75.58990167,3.20,1504.175,23.925,0.000,,9,40,,
T,2023-05-13 19:01:45,6.27270833,-75.58990667,3.20,1504.175,23.925,0.000,,10,40,,
T,2023-05-13 19:01:46,6.27270667,-75.58990833,3.10,1504.175,23.925,0.000,,10,40,,
T,2023-05-13 19:01:47,6.27270667,-75.58990500,3.10,1504.175,23.925,0.000,,11,40,,
T,2023-05-13 19:01:48,6.27271167,-75.58989667,3.00,1504.275,23.925,0.000,,11,40,,
T,2023-05-13 19:01:49,6.27271500,-75.58989333,3.00,1504.275,23.925,0.000,,11,40,,
T,2023-05-13 19:01:50,6.27271833,-75.58989667,2.90,1504.375,23.925,0.000,,10,40,,
T,2023-05-13 19:01:51,6.27272167,-75.58990333,2.90,1504.375,23.925,0.000,,13,40,,
T,2023-05-13 19:01:52,6.27272500,-75.58991000,2.80,1504.475,23.925,0.000,,13,40,,
T,2023-05-13 19:01:53,6.27273333,-75.58990833,2.80,1504.475,23.925,0.000,,13,40,,
T,2023-05-13 19:01:54,6.27273167,-75.58991000,2.80,1504.475,23.925,0.000,,13,40,,
T,2023-05-13 19:01:55,6.27273167,-75.58991000,2.70,1504.575,23.925,0.000,,15,40,,
T,2023-05-13 19:01:56,6.27273333,-75.58991500,2.70,1504.575,23.925,0.000,,15,40,,
T,2023-05-13 19:01:57,6.27273333,-75.58991500,2.70,1504.575,23.925,0.000,,15,40,,
T,2023-05-13 19:01:58,6.27273333,-75.58991500,2.70,1504.575,23.925,0.000,,15,40,,
T,2023-05-13 19:01:59,6.27273333,-75.58991500,2.60,1504.575,23.925,0.000,,15,40,,
T,2023-05-13 19:02:00,6.27273333,-75.58991500,2.60,1504.575,23.925,0.000,,15,40,,
T,2023-05-13 19:02:01,6.27273333,-75.58991500,2.60,1504.575,23.925,0.000,,15,40,,
T,2023-05-13 19:02:02,6.27273000,-75.58994833,2.70,1504.974,23.926,0.000,,15,40,,
T,2023-05-13 19:02:03,6.27272833,-75.58995167,2.70,1505.074,23.926,0.000,,15,40,,
T,2023-05-13 19:02:04,6.27272833,-75.58995333,2.70,1505.274,23.926,0.000,,14,40,,
T,2023-05-13 19:02:05,6.27272333,-75.58995167,2.70,1505.374,23.926,0.000,,15,40,,
T,2023-05-13 19:02:06,6.27272333,-75.58995167,2.70,1505.374,23.926,0.000,,15,40,,
T,2023-05-13 19:02:07,6.27272333,-75.58995167,2.70,1505.374,23.926,0.000,,15,40,,
T,2023-05-13 19:02:08,6.27271333,-75.58995500,2.70,1505.774,23.926,0.000,,15,40,,
T,2023-05-13 19:02:09,6.27272333,-75.58995833,2.70,1505.774,23.926,0.000,,15,40,,
T,2023-05-13 19:02:10,6.27273000,-75.58995667,2.60,1505.774,23.926,0.000,,15,40,,
T,2023-05-13 19:02:12,6.27272667,-75.58995833,2.60,1505.774,23.926,0.000,,15,40,,
T,2023-05-13 19:02:13,6.27273167,-75.58996167,2.60,1505.774,23.926,0.000,,15,40,,
T,2023-05-13 19:02:14,6.27273167,-75.58996667,2.60,1505.874,23.926,0.000,,14,40,,
T,2023-05-13 19:02:15,6.27273000,-75.58996833,2.60,1505.874,23.926,0.000,,14,40,,
T,2023-05-13 19:02:16,6.27272667,-75.58996500,2.60,1506.074,23.926,0.000,,14,40,,
T,2023-05-13 19:02:17,6.27272333,-75.58996333,2.60,1506.174,23.926,0.000,,14,40,,
T,2023-05-13 19:02:18,6.27272167,-75.58996333,2.60,1506.274,23.926,0.000,,14,40,,
T,2023-05-13 19:02:19,6.27271833,-75.58995500,2.60,1506.274,23.926,0.000,,15,40,,
T,2023-05-13 19:02:20,6.27271833,-75.58994833,2.60,1506.374,23.926,0.000,,15,40,,
T,2023-05-13 19:02:21,6.27271833,-75.58994167,2.60,1506.474,23.926,0.000,,16,40,,
T,2023-05-13 19:02:22,6.27271833,-75.58994167,2.50,1506.474,23.926,0.000,,16,40,,
T,2023-05-13 19:02:23,6.27271833,-75.58994167,2.50,1506.474,23.926,0.000,,16,40,,
T,2023-05-13 19:02:24,6.27271833,-75.58994167,2.50,1506.474,23.926,0.000,,15,40,,
T,2023-05-13 19:02:25,6.27271833,-75.58994167,2.50,1506.474,23.926,0.000,,15,40,,
T,2023-05-13 19:02:26,6.27271833,-75.58994167,2.60,1506.474,23.926,0.000,,14,40,,
T,2023-05-13 19:02:27,6.27271833,-75.58994167,2.70,1506.474,23.926,0.000,,13,40,,
T,2023-05-13 19:02:28,6.27271833,-75.58994167,2.80,1506.474,23.926,0.000,,14,40,,
T,2023-05-13 19:02:29,6.27274333,-75.58997500,2.80,1508.374,23.926,0.000,,13,40,,
T,2023-05-13 19:02:30,6.27274167,-75.58998333,2.90,1508.674,23.926,0.000,,13,40,,
T,2023-05-13 19:02:31,6.27273500,-75.58999000,2.80,1509.074,23.926,0.000,,13,40,,
T,2023-05-13 19:02:32,6.27272500,-75.58999833,2.80,1509.374,23.926,0.000,,13,40,,
T,2023-05-13 19:02:33,6.27271667,-75.58999833,2.90,1509.574,23.926,0.000,,13,40,,
T,2023-05-13 19:02:34,6.27270500,-75.58999833,2.90,1509.874,23.926,0.000,,12,40,,
T,2023-05-13 19:02:35,6.27269167,-75.58999833,3.00,1509.874,23.926,0.000,,12,40,,
T,2023-05-13 19:02:36,6.27268333,-75.59001667,3.00,1509.874,23.926,0.000,,12,40,,
T,2023-05-13 19:02:37,6.27267167,-75.59003167,3.10,1510.274,23.926,0.000,,9,40,,
T,2023-05-13 19:02:38,6.27266833,-75.59003333,3.10,1510.474,23.926,0.000,,9,40,,
T,2023-05-13 19:02:39,6.27267667,-75.59002167,3.00,1510.974,23.926,0.000,,10,40,,
T,2023-05-13 19:02:40,6.27267333,-75.59001333,3.00,1511.374,23.926,0.000,,11,40,,
T,2023-05-13 19:02:41,6.27267833,-75.59001167,3.00,1511.474,23.926,0.000,,11,40,,
T,2023-05-13 19:02:42,6.27268667,-75.59001333,3.10,1511.674,23.926,0.000,,10,40,,
T,2023-05-13 19:02:43,6.27269500,-75.59001667,3.20,1511.774,23.926,0.000,,10,40,,
T,2023-05-13 19:02:44,6.27270000,-75.59001333,3.30,1511.874,23.926,0.000,,11,40,,
T,2023-05-13 19:02:45,6.27270000,-75.59001000,3.30,1511.974,23.926,0.000,,11,40,,
T,2023-05-13 19:02:46,6.27270000,-75.59001000,3.40,1511.974,23.926,0.000,,11,40,,
T,2023-05-13 19:02:47,6.27269500,-75.59001500,3.30,1511.874,23.926,0.000,,11,40,,
T,2023-05-13 19:02:48,6.27268333,-75.59002167,3.30,1512.174,23.926,0.000,,12,40,,
T,2023-05-13 19:02:49,6.27267667,-75.59002833,3.30,1512.074,23.926,0.000,,14,40,,
T,2023-05-13 19:02:50,6.27267167,-75.59004833,3.20,1512.074,23.926,0.000,,15,40,,
T,2023-05-13 19:02:51,6.27267333,-75.59006167,3.20,1512.174,23.926,0.000,,15,40,,
T,2023-05-13 19:02:52,6.27267167,-75.59009333,3.20,1512.174,23.926,0.000,,15,40,,
T,2023-05-13 19:02:53,6.27267833,-75.59010500,3.20,1511.573,23.927,0.000,,15,40,,
T,2023-05-13 19:02:54,6.27269500,-75.59014167,3.10,1511.573,23.927,0.000,,16,40,,
T,2023-05-13 19:02:55,6.27270500,-75.59017667,3.00,1511.573,23.927,0.000,,16,40,,
T,2023-05-13 19:02:56,6.27268500,-75.59022167,3.10,1511.673,23.927,0.000,,16,40,,
T,2023-05-13 19:02:57,6.27266333,-75.59027500,3.20,1511.773,23.927,0.000,,15,40,,
T,2023-05-13 19:02:58,6.27265833,-75.59032167,3.20,1512.372,23.928,0.000,,15,39,,
T,2023-05-13 19:02:59,6.27264833,-75.59037167,3.20,1512.572,23.928,0.000,,15,40,,
T,2023-05-13 19:03:00,6.27264500,-75.59041833,3.20,1512.772,23.928,4.079,263,15,40,,
T,2023-05-13 19:03:01,6.27265833,-75.59045167,3.20,1512.872,23.928,4.373,264,15,40,,
T,2023-05-13 19:03:02,6.27268000,-75.59047167,3.10,1513.172,23.928,4.475,271,15,40,,
T,2023-05-13 19:03:03,6.27269333,-75.59049167,3.10,1513.272,23.928,4.553,275,15,40,,
T,2023-05-13 19:03:04,6.27268833,-75.59052333,3.10,1513.371,23.929,4.514,271,15,40,,
T,2023-05-13 19:03:05,6.27271333,-75.59052500,3.10,1513.271,23.929,4.333,276,15,39,,
T,2023-05-13 19:03:06,6.27272667,-75.59052500,3.10,1512.971,23.929,0.000,,15,40,,
T,2023-05-13 19:03:07,6.27273833,-75.59052000,3.20,1513.071,23.929,0.000,,15,40,,
T,2023-05-13 19:03:08,6.27274667,-75.59051500,3.20,1512.972,23.928,3.037,32,16,40,,
T,2023-05-13 19:03:09,6.27275667,-75.59050833,3.20,1512.972,23.928,0.000,,16,40,,
T,2023-05-13 19:03:10,6.27275667,-75.59050167,3.20,1512.972,23.928,0.000,,16,40,,
T,2023-05-13 19:03:11,6.27277500,-75.59048500,3.20,1512.772,23.928,1.952,37,15,39,,
T,2023-05-13 19:03:12,6.27279500,-75.59047000,3.20,1512.572,23.928,0.000,,15,39,,
T,2023-05-13 19:03:13,6.27281167,-75.59046333,3.20,1512.372,23.928,1.585,31,15,39,,
T,2023-05-13 19:03:14,6.27281833,-75.59046500,3.10,1512.172,23.928,1.412,22,15,39,,
T,2023-05-13 19:03:15,6.27282667,-75.59046167,3.10,1511.972,23.928,1.313,29,17,40,,
T,2023-05-13 19:03:16,6.27282000,-75.59046000,3.10,1511.672,23.928,1.263,0,17,40,,
T,2023-05-13 19:03:17,6.27282167,-75.59045667,3.10,1511.672,23.928,1.180,64,17,41,,
T,2023-05-13 19:03:18,6.27282333,-75.59045667,3.10,1511.472,23.928,1.043,273,17,41,,
T,2023-05-13 19:03:19,6.27282500,-75.59045833,3.20,1511.372,23.928,0.904,312,17,41,,
T,2023-05-13 19:03:20,6.27282333,-75.59046000,3.20,1511.272,23.928,0.822,209,18,41,,
T,2023-05-13 19:03:21,6.27281167,-75.59046667,3.20,1511.372,23.928,0.690,134,17,40,,
T,2023-05-13 19:03:22,6.27280333,-75.59047333,3.30,1511.372,23.928,0.000,,15,40,,
T,2023-05-13 19:03:23,6.27279000,-75.59048000,3.30,1511.272,23.928,0.000,,15,41,,
T,2023-05-13 19:03:24,6.27278833,-75.59048333,3.30,1510.972,23.928,0.000,,17,41,,
T,2023-05-13 19:03:25,6.27277000,-75.59049500,3.30,1511.072,23.928,0.000,,17,41,,
T,2023-05-13 19:03:26,6.27273500,-75.59051333,3.30,1511.071,23.929,0.000,,16,41,,
T,2023-05-13 19:03:27,6.27269833,-75.59053000,3.20,1511.171,23.929,0.000,,15,41,,
T,2023-05-13 19:03:28,6.27269167,-75.59053333,3.30,1511.371,23.929,0.000,,15,41,,
T,2023-05-13 19:03:29,6.27269000,-75.59053667,3.30,1511.571,23.929,0.000,,14,41,,
T,2023-05-13 19:03:30,6.27268500,-75.59054167,3.30,1511.771,23.929,0.000,,14,41,,
T,2023-05-13 19:03:31,6.27268500,-75.59054667,3.30,1511.971,23.929,0.000,,14,41,,
T,2023-05-13 19:03:32,6.27267333,-75.59055667,3.30,1511.871,23.929,0.000,,13,41,,
T,2023-05-13 19:03:33,6.27266167,-75.59056833,3.30,1511.771,23.929,0.000,,13,41,,
T,2023-05-13 19:03:34,6.27264500,-75.59057833,3.20,1511.671,23.929,0.000,,13,41,,
T,2023-05-13 19:03:35,6.27262667,-75.59060000,3.20,1511.671,23.929,0.000,,13,40,,
T,2023-05-13 19:03:36,6.27260667,-75.59062833,3.30,1511.671,23.929,0.000,,13,41,,
T,2023-05-13 19:03:37,6.27259333,-75.59067000,3.30,1511.870,23.930,0.000,,13,41,,
T,2023-05-13 19:03:38,6.27258167,-75.59071667,3.30,1512.170,23.930,0.000,,13,41,,
T,2023-05-13 19:03:39,6.27259667,-75.59074333,3.20,1512.270,23.930,0.000,,13,41,,
T,2023-05-13 19:03:40,6.27261000,-75.59077667,3.20,1512.370,23.930,0.000,,14,41,,
T,2023-05-13 19:03:41,6.27264333,-75.59079000,3.20,1512.270,23.930,0.000,,14,41,,
T,2023-05-13 19:03:42,6.27266000,-75.59083000,3.40,1512.170,23.930,0.000,,14,40,,
T,2023-05-13 19:03:43,6.27267500,-75.59088000,3.50,1512.269,23.931,0.000,,14,41,,
T,2023-05-13 19:03:44,6.27269333,-75.59094833,3.70,1512.269,23.931,0.000,,14,41,,
T,2023-05-13 19:03:45,6.27271500,-75.59101500,3.80,1512.469,23.931,4.941,294,13,41,,
T,2023-05-13 19:03:46,6.27273333,-75.59106000,3.70,1512.569,23.931,7.194,297,13,41,,
T,2023-05-13 19:03:47,6.27274167,-75.59113167,3.70,1512.768,23.932,7.795,294,13,41,,
T,2023-05-13 19:03:48,6.27275500,-75.59120500,3.60,1512.968,23.932,7.449,292,13,41,,
T,2023-05-13 19:03:49,6.27277500,-75.59127000,3.60,1513.068,23.932,7.447,295,13,41,,
T,2023-05-13 19:03:50,6.27279333,-75.59133167,3.50,1513.267,23.933,7.125,289,13,41,,
T,2023-05-13 19:03:51,6.27280333,-75.59140000,3.50,1513.267,23.933,6.718,287,14,41,,
T,2023-05-13 19:03:52,6.27280667,-75.59146000,3.40,1513.567,23.933,5.773,288,14,41,,
T,2023-05-13 19:03:53,6.27282333,-75.59150833,3.30,1514.167,23.933,4.958,293,15,41,,
T,2023-05-13 19:03:54,6.27283167,-75.59154833,3.20,1514.866,23.934,3.789,306,15,41,,
T,2023-05-13 19:03:55,6.27284333,-75.59157833,3.20,1515.566,23.934,2.674,306,15,41,,
T,2023-05-13 19:03:56,6.27285167,-75.59159667,3.10,1516.166,23.934,1.612,306,14,41,,
T,2023-05-13 19:03:57,6.27285500,-75.59160333,3.00,1516.966,23.934,0.000,,14,41,,
T,2023-05-13 19:03:58,6.27285333,-75.59161000,3.00,1517.666,23.934,0.000,,15,41,,
T,2023-05-13 19:03:59,6.27285333,-75.59161167,3.00,1518.366,23.934,0.000,,15,41,,
T,2023-05-13 19:04:00,6.27285333,-75.59161167,2.90,1518.366,23.934,0.000,,14,41,,
T,2023-05-13 19:04:01,6.27285333,-75.59161167,2.80,1518.366,23.934,0.000,,14,41,,
T,2023-05-13 19:04:02,6.27285333,-75.59161167,2.80,1518.366,23.934,0.000,,15,41,,
T,2023-05-13 19:04:03,6.27285333,-75.59161167,1.20,1518.366,23.934,0.000,,16,41,,
T,2023-05-13 19:04:04,6.27285333,-75.59161167,1.10,1518.366,23.934,0.000,,15,41,,
T,2023-05-13 19:04:05,6.27285333,-75.59161167,1.50,1518.366,23.934,0.000,,15,41,,
T,2023-05-13 19:04:06,6.27285333,-75.59161167,1.90,1518.366,23.934,0.000,,14,41,,
T,2023-05-13 19:04:07,6.27285667,-75.59160333,2.30,1520.366,23.934,1.145,269,15,41,,
T,2023-05-13 19:04:08,6.27285833,-75.59161667,2.70,1520.366,23.934,1.107,283,15,41,,
T,2023-05-13 19:04:09,6.27286833,-75.59163667,2.80,1520.266,23.934,1.781,299,16,41,,
T,2023-05-13 19:04:10,6.27287833,-75.59166333,2.90,1520.266,23.934,2.345,291,17,41,,
T,2023-05-13 19:04:11,6.27289000,-75.59169333,3.00,1520.166,23.934,2.838,288,14,41,,
T,2023-05-13 19:04:12,6.27290833,-75.59172500,3.10,1520.066,23.934,3.381,292,14,41,,
T,2023-05-13 19:04:13,6.27291667,-75.59176000,3.10,1520.065,23.935,3.065,275,14,41,,
T,2023-05-13 19:04:14,6.27293167,-75.59179833,3.10,1519.865,23.935,3.357,274,17,41,,
T,2023-05-13 19:04:15,6.27295000,-75.59184667,3.10,1519.865,23.935,3.693,289,17,41,,
T,2023-05-13 19:04:16,6.27296167,-75.59189500,3.10,1519.665,23.935,3.681,286,17,41,,
T,2023-05-13 19:04:17,6.27297167,-75.59192667,3.10,1519.565,23.935,2.815,288,17,41,,
T,2023-05-13 19:04:18,6.27297833,-75.59195500,3.10,1519.465,23.935,2.189,274,17,41,,
T,2023-05-13 19:04:19,6.27298667,-75.59197167,3.10,1519.364,23.936,1.680,302,18,40,,
T,2023-05-13 19:04:20,6.27299333,-75.59198167,3.00,1519.164,23.936,1.040,324,18,40,,
T,2023-05-13 19:04:21,6.27300667,-75.59199167,3.00,1519.064,23.936,1.161,323,18,40,,
T,2023-05-13 19:04:22,6.27302333,-75.59200000,3.00,1518.964,23.936,1.899,316,18,41,,
T,2023-05-13 19:04:23,6.27304000,-75.59201500,3.00,1518.864,23.936,2.348,309,18,41,,
T,2023-05-13 19:04:24,6.27305333,-75.59204833,3.00,1518.664,23.936,3.439,292,19,41,,
T,2023-05-13 19:04:25,6.27307167,-75.59208333,3.00,1518.764,23.936,4.031,292,20,41,,
T,2023-05-13 19:04:26,6.27309500,-75.59211333,2.90,1518.964,23.936,3.996,296,19,41,,
T,2023-05-13 19:04:27,6.27311333,-75.59215667,2.90,1518.964,23.936,4.856,295,19,41,,
T,2023-05-13 19:04:28,6.27313333,-75.59220000,2.90,1519.164,23.936,4.631,295,19,41,,
T,2023-05-13 19:04:29,6.27314667,-75.59224000,2.80,1518.963,23.937,3.883,296,19,41,,
T,2023-05-13 19:04:30,6.27316167,-75.59226667,2.80,1518.863,23.937,3.055,307,19,41,,
T,2023-05-13 19:04:31,6.27317833,-75.59228667,2.80,1518.863,23.937,2.169,313,19,41,,
T,2023-05-13 19:04:32,6.27318833,-75.59230167,2.80,1518.763,23.937,1.174,313,18,41,,
T,2023-05-13 19:04:33,6.27319333,-75.59231333,2.80,1518.763,23.937,0.000,,20,41,,
T,2023-05-13 19:04:34,6.27319500,-75.59231667,2.80,1518.763,23.937,0.000,,17,41,,
T,2023-05-13 19:04:35,6.27319833,-75.59231667,2.80,1518.763,23.937,0.000,,16,41,,
T,2023-05-13 19:04:36,6.27319833,-75.59231667,2.80,1518.763,23.937,0.000,,16,41,,
T,2023-05-13 19:04:37,6.27319833,-75.59231667,2.80,1518.763,23.937,0.000,,13,41,,
T,2023-05-13 19:04:38,6.27319833,-75.59231667,2.70,1518.763,23.937,0.000,,13,41,,
T,2023-05-13 19:04:39,6.27319833,-75.59231667,2.70,1518.763,23.937,0.000,,13,41,,
T,2023-05-13 19:04:40,6.27319833,-75.59231667,2.70,1518.763,23.937,0.000,,13,41,,
T,2023-05-13 19:04:41,6.27319833,-75.59231667,2.80,1518.763,23.937,0.000,,12,41,,
T,2023-05-13 19:04:42,6.27323167,-75.59236500,2.80,1518.663,23.937,2.774,317,11,41,,
T,2023-05-13 19:04:43,6.27324667,-75.59239167,2.80,1518.663,23.937,3.365,304,12,41,,
T,2023-05-13 19:04:44,6.27326833,-75.59242667,2.90,1518.663,23.937,4.817,301,11,41,,
T,2023-05-13 19:04:45,6.27328500,-75.59246667,3.00,1518.663,23.937,4.846,299,11,41,,
T,2023-05-13 19:04:46,6.27331000,-75.59250667,3.00,1518.862,23.938,5.638,302,11,41,,
T,2023-05-13 19:04:47,6.27334333,-75.59254500,3.00,1518.862,23.938,5.619,311,11,41,,
T,2023-05-13 19:04:48,6.27338333,-75.59257833,3.10,1518.962,23.938,5.884,324,12,41,,
T,2023-05-13 19:04:49,6.27343500,-75.59260333,3.10,1519.062,23.938,6.247,331,13,41,,
T,2023-05-13 19:04:50,6.27349167,-75.59262000,3.20,1519.162,23.938,6.355,341,14,41,,
T,2023-05-13 19:04:51,6.27355833,-75.59262167,3.20,1519.162,23.938,7.199,354,14,41,,
T,2023-05-13 19:04:52,6.27363000,-75.59260833,3.20,1518.963,23.937,7.206,4,14,41,,
T,2023-05-13 19:04:53,6.27369500,-75.59261333,3.20,1518.763,23.937,7.433,8,14,41,,
T,2023-05-13 19:04:54,6.27375333,-75.59262500,3.20,1518.463,23.937,7.295,6,16,41,,
T,2023-05-13 19:04:55,6.27381167,-75.59261500,3.20,1518.363,23.937,7.271,12,15,41,,
T,2023-05-13 19:04:56,6.27386167,-75.59259333,3.20,1518.363,23.937,6.489,18,15,41,,
T,2023-05-13 19:04:57,6.27390833,-75.59256000,3.40,1518.264,23.936,6.030,22,14,40,,
T,2023-05-13 19:04:58,6.27394500,-75.59250833,3.50,1518.264,23.936,6.056,33,13,41,,
T,2023-05-13 19:04:59,6.27397000,-75.59245500,3.70,1518.264,23.936,5.796,40,13,41,,
T,2023-05-13 19:05:00,6.27399667,-75.59238500,3.80,1518.265,23.935,6.512,50,13,41,,
T,2023-05-13 19:05:01,6.27399667,-75.59231667,3.90,1518.265,23.935,6.231,62,13,41,,
T,2023-05-13 19:05:02,6.27398000,-75.59222500,3.90,1518.165,23.935,6.980,77,12,41,,
T,2023-05-13 19:05:03,6.27397000,-75.59213333,4.00,1518.166,23.934,7.905,83,12,41,,
T,2023-05-13 19:05:04,6.27393833,-75.59203667,4.10,1518.266,23.934,8.689,90,12,41,,
T,2023-05-13 19:05:05,6.27390167,-75.59191667,4.00,1518.267,23.933,9.809,96,12,40,,
T,2023-05-13 19:05:06,6.27385833,-75.59180667,3.90,1518.367,23.933,10.836,103,12,40,,
T,2023-05-13 19:05:07,6.27382667,-75.59171167,3.80,1518.368,23.932,10.817,106,13,40,,
T,2023-05-13 19:05:08,6.27380167,-75.59162333,3.70,1518.468,23.932,10.336,103,12,40,,
T,2023-05-13 19:05:09,6.27378167,-75.59153167,3.80,1518.469,23.931,10.181,104,13,41,,
T,2023-05-13 19:05:10,6.27377333,-75.59143500,3.70,1518.469,23.931,10.072,99,12,41,,
T,2023-05-13 19:05:11,6.27376833,-75.59134000,3.70,1518.370,23.930,9.477,95,13,41,,
T,2023-05-13 19:05:12,6.27378667,-75.59124167,3.60,1518.470,23.930,8.896,83,15,41,,
T,2023-05-13 19:05:13,6.27381333,-75.59114833,3.50,1518.471,23.929,9.278,76,14,41,,
T,2023-05-13 19:05:14,6.27384833,-75.59105500,3.40,1518.471,23.929,9.039,68,13,41,,
T,2023-05-13 19:05:15,6.27388667,-75.59097167,3.40,1518.272,23.928,9.158,61,14,41,,
T,2023-05-13 19:05:16,6.27391833,-75.59088667,3.30,1518.272,23.928,9.158,59,14,41,,
T,2023-05-13 19:05:17,6.27396000,-75.59080667,3.30,1518.373,23.927,9.247,53,14,40,,
T,2023-05-13 19:05:18,6.27401667,-75.59072500,3.20,1518.973,23.927,10.039,51,14,40,,
T,2023-05-13 19:05:19,6.27408833,-75.59064667,3.20,1519.574,23.926,10.742,45,14,40,,
T,2023-05-13 19:05:20,6.27416833,-75.59058000,3.20,1520.274,23.926,10.938,42,14,40,,
T,2023-05-13 19:05:21,6.27425667,-75.59052333,3.20,1520.975,23.925,10.675,36,13,39,,
T,2023-05-13 19:05:22,6.27434000,-75.59046667,3.30,1521.675,23.925,10.262,37,13,39,,
T,2023-05-13 19:05:23,6.27442167,-75.59042500,3.40,1521.976,23.924,9.682,33,13,40,,
T,2023-05-13 19:05:24,6.27451000,-75.59039167,3.50,1522.576,23.924,9.299,28,14,40,,
T,2023-05-13 19:05:25,6.27461333,-75.59037000,3.50,1523.277,23.923,9.060,21,15,40,,
T,2023-05-13 19:05:26,6.27472000,-75.59036167,3.60,1524.077,23.923,9.026,16,16,40,,
T,2023-05-13 19:05:27,6.27484500,-75.59038833,3.50,1524.977,23.923,9.956,1,16,40,,
T,2023-05-13 19:05:28,6.27497000,-75.59041667,3.40,1525.577,23.923,11.101,353,16,39,,
T,2023-05-13 19:05:29,6.27508667,-75.59043167,3.30,1526.277,23.923,11.128,352,14,39,,
T,2023-05-13 19:05:30,6.27518667,-75.59043667,3.30,1526.678,23.922,10.469,357,14,39,,
T,2023-05-13 19:05:31,6.27528333,-75.59043167,3.30,1527.078,23.922,9.981,3,14,39,,
T,2023-05-13 19:05:32,6.27537833,-75.59042333,3.20,1527.678,23.922,10.019,4,14,39,,
T,2023-05-13 19:05:33,6.27547333,-75.59041167,3.20,1528.178,23.922,10.296,6,14,40,,
T,2023-05-13 19:05:34,6.27556000,-75.59039500,3.20,1528.479,23.921,9.954,9,15,40,,
T,2023-05-13 19:05:35,6.27564833,-75.59037000,3.20,1529.479,23.921,9.581,19,15,40,,
T,2023-05-13 19:05:36,6.27571667,-75.59033500,3.10,1529.979,23.921,8.610,25,14,40,,
T,2023-05-13 19:05:37,6.27577167,-75.59029167,3.10,1530.880,23.920,7.828,31,14,40,,
T,2023-05-13 19:05:38,6.27583500,-75.59025167,3.10,1531.280,23.920,8.254,33,14,40,,
T,2023-05-13 19:05:39,6.27589833,-75.59020667,3.00,1531.680,23.920,8.409,29,14,40,,
T,2023-05-13 19:05:40,6.27595833,-75.59016000,3.00,1532.181,23.919,8.617,34,15,40,,
T,2023-05-13 19:05:41,6.27602500,-75.59011000,3.00,1532.681,23.919,8.792,37,15,40,,
T,2023-05-13 19:05:42,6.27609333,-75.59005833,3.00,1533.382,23.918,9.189,36,13,40,,
T,2023-05-13 19:05:43,6.27617167,-75.59001167,3.00,1534.282,23.918,9.947,32,13,40,,
T,2023-05-13 19:05:44,6.27624500,-75.58996500,3.00,1534.982,23.918,9.548,32,13,40,,
T,2023-05-13 19:05:45,6.27632167,-75.58991833,3.00,1536.083,23.917,9.550,31,13,39,,
T,2023-05-13 19:05:46,6.27639500,-75.58987833,3.00,1537.083,23.917,8.888,29,13,39,,
T,2023-05-13 19:05:47,6.27646000,-75.58984167,3.00,1538.284,23.916,7.843,27,14,40,,
T,2023-05-13 19:05:48,6.27651500,-75.58981000,3.00,1539.384,23.916,7.024,28,14,40,,
T,2023-05-13 19:05:49,6.27657500,-75.58978333,3.00,1540.684,23.916,7.249,27,14,40,,
T,2023-05-13 19:05:50,6.27662667,-75.58975833,3.00,1541.584,23.916,6.425,25,15,40,,
T,2023-05-13 19:05:51,6.27666167,-75.58973000,3.00,1542.585,23.915,5.714,27,15,40,,
T,2023-05-13 19:05:52,6.27670333,-75.58970500,3.00,1543.785,23.915,5.179,30,15,40,,
T,2023-05-13 19:05:53,6.27674333,-75.58969333,3.00,1545.485,23.915,3.835,31,15,40,,
T,2023-05-13 19:05:54,6.27677667,-75.58968167,3.00,1546.885,23.915,3.273,24,15,40,,
T,2023-05-13 19:05:55,6.27679500,-75.58966500,3.00,1548.385,23.915,2.572,27,15,40,,
T,2023-05-13 19:05:56,6.27681333,-75.58965500,3.00,1549.485,23.915,2.220,35,15,40,,
T,2023-05-13 19:05:57,6.27683333,-75.58965000,3.00,1550.785,23.915,1.804,15,15,40,,
T,2023-05-13 19:05:58,6.27684667,-75.58965167,3.10,1551.785,23.915,1.450,15,15,40,,
T,2023-05-13 19:05:59,6.27685000,-75.58965167,3.10,1552.685,23.915,0.000,,15,40,,
T,2023-05-13 19:06:00,6.27685167,-75.58965167,3.10,1553.485,23.915,0.000,,16,40,,
T,2023-05-13 19:06:01,6.27685333,-75.58964667,3.10,1553.485,23.915,0.000,,15,40,,
T,2023-05-13 19:06:02,6.27685333,-75.58964667,3.10,1553.485,23.915,0.000,,15,40,,
T,2023-05-13 19:06:03,6.27685333,-75.58964667,3.10,1553.485,23.915,0.000,,12,40,,
T,2023-05-13 19:06:04,6.27685333,-75.58964667,3.10,1553.485,23.915,0.000,,13,40,,
T,2023-05-13 19:06:05,6.27685333,-75.58964667,3.10,1553.485,23.915,0.000,,13,40,,
T,2023-05-13 19:06:06,6.27685333,-75.58964667,3.10,1553.485,23.915,0.000,,13,40,,
T,2023-05-13 19:06:07,6.27685333,-75.58964667,3.10,1553.485,23.915,0.000,,13,40,,
T,2023-05-13 19:06:08,6.27685333,-75.58964667,3.20,1553.485,23.915,0.000,,13,40,,
T,2023-05-13 19:06:09,6.27685333,-75.58964667,3.20,1553.485,23.915,0.000,,13,40,,
T,2023-05-13 19:06:10,6.27685333,-75.58964667,3.30,1553.485,23.915,0.000,,13,40,,
T,2023-05-13 19:06:11,6.27685333,-75.58964667,3.40,1553.485,23.915,0.000,,13,40,,
T,2023-05-13 19:06:12,6.27685333,-75.58964667,3.40,1553.485,23.915,0.000,,13,40,,
T,2023-05-13 19:06:13,6.27685333,-75.58964667,3.30,1553.485,23.915,0.000,,14,40,,
T,2023-05-13 19:06:14,6.27685333,-75.58964667,3.40,1553.485,23.915,0.000,,13,40,,
T,2023-05-13 19:06:15,6.27685333,-75.58964667,3.50,1553.485,23.915,0.000,,13,40,,
T,2023-05-13 19:06:16,6.27685333,-75.58964667,3.60,1553.485,23.915,0.000,,12,40,,
T,2023-05-13 19:06:17,6.27685333,-75.58964667,3.50,1553.485,23.915,0.000,,11,40,,
T,2023-05-13 19:06:18,6.27685333,-75.58964667,3.50,1553.485,23.915,0.000,,11,40,,
T,2023-05-13 19:06:19,6.27685333,-75.58964667,3.50,1553.485,23.915,0.000,,10,39,,
T,2023-05-13 19:06:20,6.27685333,-75.58964667,3.50,1553.485,23.915,0.000,,10,38,,
T,2023-05-13 19:06:21,6.27685333,-75.58964667,3.40,1553.485,23.915,0.000,,10,38,,
T,2023-05-13 19:06:22,6.27685333,-75.58964667,3.40,1553.485,23.915,0.000,,10,38,,
T,2023-05-13 19:06:23,6.27685333,-75.58964667,3.40,1553.485,23.915,0.000,,10,39,,
T,2023-05-13 19:06:24,6.27694667,-75.58963500,3.40,1557.986,23.914,0.027,15,10,39,,
T,2023-05-13 19:06:25,6.27694833,-75.58963667,3.40,1557.886,23.914,0.000,,9,39,,
T,2023-05-13 19:06:26,6.27695167,-75.58963500,3.40,1557.986,23.914,0.000,,9,39,,
T,2023-05-13 19:06:27,6.27695667,-75.58963833,3.50,1557.986,23.914,0.000,,10,40,,
T,2023-05-13 19:06:28,6.27695667,-75.58963833,3.60,1557.986,23.914,0.000,,9,40,,
T,2023-05-13 19:06:29,6.27695667,-75.58963833,3.60,1557.986,23.914,0.000,,9,40,,
T,2023-05-13 19:06:30,6.27695667,-75.58963833,3.70,1557.986,23.914,0.000,,7,40,,
T,2023-05-13 19:06:31,6.27695667,-75.58963833,3.80,1557.986,23.914,0.000,,9,40,,
T,2023-05-13 19:06:32,6.27695667,-75.58963833,3.80,1557.986,23.914,0.000,,7,39,,
T,2023-05-13 19:06:33,6.27695667,-75.58963833,3.80,1557.986,23.914,0.000,,7,39,,
T,2023-05-13 19:06:34,6.27695667,-75.58963833,3.70,1557.986,23.914,0.000,,6,40,,
T,2023-05-13 19:06:35,6.27695667,-75.58963833,3.70,1557.986,23.914,0.000,,6,40,,
T,2023-05-13 19:06:36,6.27695667,-75.58963833,3.70,1557.986,23.914,0.000,,8,40,,
T,2023-05-13 19:06:37,6.27695667,-75.58963833,3.70,1557.986,23.914,0.000,,10,40,,
T,2023-05-13 19:06:38,6.27695667,-75.58963833,3.60,1557.986,23.914,0.000,,10,40,,
T,2023-05-13 19:06:39,6.27695667,-75.58963833,3.50,1557.986,23.914,0.000,,11,40,,
T,2023-05-13 19:06:40,6.27695667,-75.58963833,3.50,1557.986,23.914,0.000,,12,40,,
T,2023-05-13 19:06:41,6.27703167,-75.58967333,3.50,1560.086,23.914,0.172,15,12,40,,
T,2023-05-13 19:06:42,6.27705333,-75.58964667,3.60,1560.686,23.914,2.804,56,12,40,,
T,2023-05-13 19:06:43,6.27708167,-75.58961833,3.60,1561.286,23.914,3.694,46,12,39,,
T,2023-05-13 19:06:44,6.27711667,-75.58958500,3.60,1561.886,23.914,4.376,43,11,39,,
T,2023-05-13 19:06:45,6.27715167,-75.58956167,3.50,1562.187,23.913,4.403,36,11,39,,
T,2023-05-13 19:06:46,6.27719000,-75.58953500,3.50,1562.487,23.913,4.631,36,12,40,,
T,2023-05-13 19:06:47,6.27722833,-75.58951167,3.50,1562.587,23.913,4.398,32,13,40,,
T,2023-05-13 19:06:48,6.27726167,-75.58948833,3.40,1562.587,23.913,4.546,29,13,40,,
T,2023-05-13 19:06:49,6.27729500,-75.58947667,3.50,1562.687,23.913,3.997,22,12,40,,
T,2023-05-13 19:06:50,6.27734000,-75.58946500,3.60,1562.888,23.912,4.746,16,12,40,,
T,2023-05-13 19:06:51,6.27738833,-75.58946500,3.60,1562.888,23.912,4.775,4,11,40,,
T,2023-05-13 19:06:52,6.27743167,-75.58946667,3.60,1563.288,23.912,4.905,2,12,40,,
T,2023-05-13 19:06:53,6.27747000,-75.58947000,3.60,1563.688,23.912,4.123,357,14,40,,
T,2023-05-13 19:06:54,6.27749333,-75.58947167,3.60,1564.188,23.912,2.945,357,14,40,,
T,2023-05-13 19:06:55,6.27751333,-75.58947333,3.50,1564.588,23.912,2.657,355,14,40,,
T,2023-05-13 19:06:56,6.27753167,-75.58948000,3.50,1564.588,23.912,2.454,351,14,40,,
T,2023-05-13 19:06:57,6.27754833,-75.58948500,3.50,1564.788,23.912,2.787,338,14,40,,
T,2023-05-13 19:06:58,6.27757000,-75.58949833,3.50,1564.788,23.912,2.789,338,15,40,,
T,2023-05-13 19:06:59,6.27758833,-75.58950833,3.60,1564.688,23.912,2.434,339,15,40,,
T,2023-05-13 19:07:00,6.27760000,-75.58951500,3.80,1564.688,23.912,1.946,342,13,40,,
T,2023-05-13 19:07:01,6.27761333,-75.58951833,4.00,1564.688,23.912,1.776,344,13,40,,
T,2023-05-13 19:07:02,6.27762167,-75.58955000,4.10,1564.688,23.912,1.673,309,13,40,,
T,2023-05-13 19:07:03,6.27762667,-75.58957833,4.20,1564.688,23.912,1.913,295,13,40,,
T,2023-05-13 19:07:04,6.27765333,-75.58961167,4.40,1564.887,23.913,2.540,295,13,40,,
T,2023-05-13 19:07:05,6.27765000,-75.58967833,4.40,1564.887,23.913,3.368,279,10,39,,
T,2023-05-13 19:07:06,6.27762667,-75.58972833,4.40,1564.787,23.913,4.024,264,11,39,,
T,2023-05-13 19:07:07,6.27760167,-75.58978167,4.50,1564.686,23.914,4.716,257,11,39,,
T,2023-05-13 19:07:08,6.27755833,-75.58982500,4.60,1564.686,23.914,5.413,246,9,39,,
T,2023-05-13 19:07:09,6.27749000,-75.58992167,4.50,1564.485,23.915,7.013,243,8,39,,
T,2023-05-13 19:07:10,6.27744000,-75.59001333,4.50,1564.385,23.915,7.507,245,9,39,,
T,2023-05-13 19:07:11,6.27740833,-75.59008667,4.50,1564.384,23.916,7.642,245,9,39,,
T,2023-05-13 19:07:12,6.27737667,-75.59017167,4.40,1564.384,23.916,8.064,247,10,39,,
T,2023-05-13 19:07:13,6.27734667,-75.59023500,4.20,1564.184,23.916,7.028,248,10,39,,
T,2023-05-13 19:07:14,6.27733833,-75.59027000,4.00,1564.183,23.917,6.196,253,10,39,,
T,2023-05-13 19:07:15,6.27732500,-75.59032500,3.90,1564.183,23.917,5.946,257,12,39,,
T,2023-05-13 19:07:16,6.27731833,-75.59038667,3.90,1564.083,23.917,4.711,257,11,40,,
T,2023-05-13 19:07:17,6.27730333,-75.59044333,3.90,1563.982,23.918,4.712,254,11,40,,
T,2023-05-13 19:07:18,6.27729167,-75.59049667,3.90,1563.982,23.918,4.411,253,7,40,,
T,2023-05-13 19:07:19,6.27728167,-75.59054833,4.00,1564.082,23.918,4.385,258,7,40,,
T,2023-05-13 19:07:20,6.27727333,-75.59058500,4.10,1564.182,23.918,3.702,260,9,40,,
T,2023-05-13 19:07:21,6.27727333,-75.59063000,4.10,1564.081,23.919,3.924,267,9,40,,
T,2023-05-13 19:07:22,6.27727500,-75.59067167,4.10,1564.081,23.919,3.767,268,10,40,,
T,2023-05-13 19:07:23,6.27728333,-75.59070833,4.20,1564.081,23.919,3.904,267,10,40,,
T,2023-05-13 19:07:24,6.27728167,-75.59075833,4.20,1564.081,23.919,4.551,265,10,40,,
T,2023-05-13 19:07:25,6.27730500,-75.59081167,4.20,1564.280,23.920,4.862,275,10,39,,
T,2023-05-13 19:07:26,6.27731333,-75.59086333,4.20,1564.380,23.920,5.309,279,11,39,,
T,2023-05-13 19:07:27,6.27731833,-75.59091667,4.20,1564.580,23.920,5.420,278,11,39,,
T,2023-05-13 19:07:28,6.27732000,-75.59096667,4.30,1564.580,23.920,4.970,276,11,39,,
T,2023-05-13 19:07:29,6.27731000,-75.59100833,4.40,1564.679,23.921,4.505,277,9,39,,
T,2023-05-13 19:07:30,6.27732833,-75.59104000,4.40,1564.679,23.921,4.156,288,10,39,,
T,2023-05-13 19:07:31,6.27733333,-75.59107167,4.50,1564.679,23.921,3.909,286,10,39,,
T,2023-05-13 19:07:32,6.27734333,-75.59109500,4.60,1564.879,23.921,3.387,291,9,40,,
T,2023-05-13 19:07:33,6.27736333,-75.59111500,4.80,1564.879,23.921,3.404,304,9,40,,
T,2023-05-13 19:07:34,6.27739500,-75.59113500,4.70,1564.579,23.921,3.709,312,7,40,,
T,2023-05-13 19:07:35,6.27743833,-75.59114667,4.70,1564.379,23.921,4.148,324,8,40,,
T,2023-05-13 19:07:36,6.27747333,-75.59116333,4.70,1564.279,23.921,4.230,323,7,40,,
T,2023-05-13 19:07:37,6.27751833,-75.59116167,4.80,1564.179,23.921,4.028,333,7,40,,
T,2023-05-13 19:07:38,6.27756000,-75.59117000,4.90,1564.079,23.921,4.001,338,7,40,,
T,2023-05-13 19:07:39,6.27761167,-75.59115167,4.80,1564.379,23.921,4.033,345,9,40,,
T,2023-05-13 19:07:40,6.27765667,-75.59115500,4.90,1564.579,23.921,4.373,343,9,39,,
T,2023-05-13 19:07:41,6.27767833,-75.59118500,4.30,1565.379,23.921,4.379,342,9,39,,
T,2023-05-13 19:07:42,6.27772333,-75.59118167,4.20,1565.479,23.921,4.159,344,9,39,,
T,2023-05-13 19:07:43,6.27776167,-75.59119833,4.10,1565.879,23.921,4.358,341,9,39,,
T,2023-05-13 19:07:44,6.27780000,-75.59121000,4.10,1566.079,23.921,4.372,346,9,39,,
T,2023-05-13 19:07:45,6.27784333,-75.59122833,4.10,1566.380,23.920,4.393,335,8,39,,
T,2023-05-13 19:07:46,6.27788000,-75.59124167,4.20,1566.680,23.920,4.292,336,8,39,,
T,2023-05-13 19:07:47,6.27792333,-75.59125000,4.20,1566.880,23.920,4.676,342,8,39,,
T,2023-05-13 19:07:48,6.27796000,-75.59124667,4.20,1566.980,23.920,4.295,349,11,40,,
T,2023-05-13 19:07:49,6.27799333,-75.59124667,4.10,1567.180,23.920,3.954,347,11,40,,
T,2023-05-13 19:07:50,6.27802833,-75.59123500,4.00,1567.280,23.920,4.079,358,12,40,,
T,2023-05-13 19:07:51,6.27806000,-75.59123000,4.00,1567.280,23.920,3.981,355,11,40,,
T,2023-05-13 19:07:52,6.27809667,-75.59123167,3.90,1567.480,23.920,3.978,352,11,40,,
T,2023-05-13 19:07:53,6.27814333,-75.59122333,3.90,1567.880,23.920,4.463,4,11,40,,
T,2023-05-13 19:07:54,6.27819000,-75.59121000,3.80,1568.180,23.920,5.459,5,11,40,,
T,2023-05-13 19:07:55,6.27825500,-75.59120167,3.80,1568.981,23.919,5.993,8,11,40,,
T,2023-05-13 19:07:56,6.27832000,-75.59119667,3.80,1569.681,23.919,6.633,4,12,39,,
T,2023-05-13 19:07:57,6.27838000,-75.59118500,3.80,1570.081,23.919,6.353,7,12,39,,
T,2023-05-13 19:07:58,6.27843333,-75.59117333,3.70,1570.681,23.919,6.038,14,12,40,,
T,2023-05-13 19:07:59,6.27847500,-75.59116833,3.60,1571.281,23.919,4.921,17,12,40,,
T,2023-05-13 19:08:00,6.27851500,-75.59116333,3.60,1571.881,23.919,4.138,16,12,40,,
T,2023-05-13 19:08:01,6.27854500,-75.59116500,3.60,1572.481,23.919,3.074,6,12,40,,
T,2023-05-13 19:08:02,6.27857000,-75.59116833,3.60,1572.981,23.919,2.402,356,14,40,,
T,2023-05-13 19:08:03,6.27859167,-75.59117833,3.60,1573.481,23.919,2.379,337,14,40,,
T,2023-05-13 19:08:04,6.27861667,-75.59119333,3.70,1573.681,23.919,2.820,324,14,40,,
T,2023-05-13 19:08:05,6.27863667,-75.59121333,3.80,1574.081,23.919,3.067,321,14,40,,
T,2023-05-13 19:08:06,6.27863833,-75.59122333,3.80,1574.881,23.919,1.904,317,13,40,,
T,2023-05-13 19:08:07,6.27864667,-75.59123500,3.70,1575.681,23.919,1.281,317,12,40,,
T,2023-05-13 19:08:08,6.27865000,-75.59124667,3.60,1576.481,23.919,0.000,,12,40,,
T,2023-05-13 19:08:09,6.27865500,-75.59125167,3.60,1576.981,23.919,0.000,,13,40,,
T,2023-05-13 19:08:10,6.27865667,-75.59125667,3.60,1577.881,23.919,0.000,,12,40,,
T,2023-05-13 19:08:11,6.27865667,-75.59125667,3.60,1577.881,23.919,0.000,,13,40,,
T,2023-05-13 19:08:12,6.27867500,-75.59123833,3.60,1578.381,23.919,1.938,39,13,40,,
T,2023-05-13 19:08:13,6.27868500,-75.59121667,3.60,1578.881,23.919,2.858,57,12,40,,
T,2023-05-13 19:08:14,6.27870000,-75.59120167,3.60,1579.282,23.918,2.854,50,12,40,,
T,2023-05-13 19:08:15,6.27871833,-75.59118667,3.70,1579.582,23.918,3.101,45,11,40,,
T,2023-05-13 19:08:16,6.27872500,-75.59115833,3.70,1580.282,23.918,3.140,50,12,40,,
T,2023-05-13 19:08:17,6.27874833,-75.59114167,3.70,1580.582,23.918,3.607,51,12,39,,
T,2023-05-13 19:08:18,6.27877167,-75.59111667,3.90,1581.182,23.918,4.154,54,12,39,,
T,2023-05-13 19:08:19,6.27880167,-75.59109333,4.00,1581.582,23.918,4.561,55,11,39,,
T,2023-05-13 19:08:20,6.27881000,-75.59104667,4.10,1582.183,23.917,4.870,63,11,39,,
T,2023-05-13 19:08:21,6.27883333,-75.59100000,4.00,1582.683,23.917,5.430,60,12,39,,
T,2023-05-13 19:08:22,6.27885667,-75.59094500,4.00,1583.383,23.917,5.467,64,11,39,,
T,2023-05-13 19:08:23,6.27887167,-75.59090333,3.90,1583.984,23.916,5.488,61,11,39,,
T,2023-05-13 19:08:24,6.27888500,-75.59086000,3.90,1584.484,23.916,5.649,60,11,39,,
T,2023-05-13 19:08:25,6.27889167,-75.59081000,3.90,1584.884,23.916,5.075,60,11,39,,
T,2023-05-13 19:08:26,6.27890333,-75.59077667,4.00,1585.284,23.916,4.282,58,10,39,,
T,2023-05-13 19:08:27,6.27892000,-75.59075000,4.10,1585.684,23.916,3.718,57,9,39,,
T,2023-05-13 19:08:28,6.27892333,-75.59072500,4.20,1585.985,23.915,3.386,62,9,39,,
T,2023-05-13 19:08:29,6.27892167,-75.59069667,4.30,1586.185,23.915,2.876,72,8,39,,
T,2023-05-13 19:08:30,6.27891667,-75.59068000,4.30,1586.385,23.915,2.391,90,9,39,,
T,2023-05-13 19:08:31,6.27893167,-75.59065167,4.30,1586.785,23.915,2.387,91,10,39,,
T,2023-05-13 19:08:32,6.27893333,-75.59064167,4.30,1587.385,23.915,1.773,108,10,39,,
T,2023-05-13 19:08:33,6.27894500,-75.59061667,4.40,1588.085,23.915,1.336,108,11,39,,
T,2023-05-13 19:08:34,6.27895167,-75.59061333,4.40,1588.485,23.915,1.556,77,11,39,,
T,2023-05-13 19:08:35,6.27897000,-75.59057833,4.40,1588.785,23.915,2.048,59,10,40,,
T,2023-05-13 19:08:36,6.27899167,-75.59058000,4.30,1588.686,23.914,2.068,40,9,40,,
T,2023-05-13 19:08:37,6.27900667,-75.59057500,4.30,1588.586,23.914,2.060,36,11,40,,
T,2023-05-13 19:08:38,6.27902000,-75.59056833,4.30,1588.686,23.914,2.030,29,11,40,,
T,2023-05-13 19:08:39,6.27903000,-75.59055667,4.30,1588.986,23.914,1.869,37,11,40,,
T,2023-05-13 19:08:40,6.27906333,-75.59052833,4.30,1589.686,23.914,2.680,26,11,39,,
T,2023-05-13 19:08:41,6.27908500,-75.59051000,4.30,1589.886,23.914,3.232,31,11,39,,
T,2023-05-13 19:08:42,6.27910667,-75.59049833,4.40,1590.086,23.914,2.716,21,10,39,,
T,2023-05-13 19:08:43,6.27912167,-75.59049000,4.50,1590.286,23.914,2.381,11,10,39,,
T,2023-05-13 19:08:44,6.27916833,-75.59047000,4.50,1590.686,23.914,3.609,360,10,39,,
T,2023-05-13 19:08:45,6.27921333,-75.59045667,4.50,1591.087,23.913,3.788,359,11,39,,
T,2023-05-13 19:08:46,6.27926333,-75.59045000,4.50,1591.587,23.913,4.345,359,11,39,,
T,2023-05-13 19:08:47,6.27932833,-75.59046833,4.30,1591.687,23.913,4.441,355,13,39,,
T,2023-05-13 19:08:48,6.27939167,-75.59048833,4.20,1591.987,23.913,4.840,352,13,39,,
T,2023-05-13 19:08:49,6.27946500,-75.59050333,4.10,1592.987,23.913,5.067,351,13,39,,
T,2023-05-13 19:08:50,6.27954667,-75.59053333,3.90,1593.787,23.913,4.962,344,10,39,,
T,2023-05-13 19:08:51,6.27963500,-75.59056500,3.80,1594.787,23.913,4.991,345,10,40,,
T,2023-05-13 19:08:52,6.27970500,-75.59059167,3.70,1595.487,23.913,4.676,344,11,40,,
T,2023-05-13 19:08:53,6.27975833,-75.59061167,3.50,1595.987,23.913,4.031,339,11,40,,
T,2023-05-13 19:08:54,6.27980833,-75.59062833,3.40,1596.587,23.913,3.900,340,12,40,,
T,2023-05-13 19:08:55,6.27984000,-75.59063333,3.40,1596.887,23.913,3.231,337,11,40,,
T,2023-05-13 19:08:56,6.27987000,-75.59063667,3.30,1597.187,23.913,3.417,335,10,40,,
T,2023-05-13 19:08:57,6.27990000,-75.59064167,3.30,1597.387,23.913,3.449,336,11,40,,
T,2023-05-13 19:08:58,6.27992500,-75.59064667,3.30,1597.587,23.913,2.595,340,11,40,,
T,2023-05-13 19:08:59,6.27994667,-75.59065000,3.30,1597.887,23.913,2.023,341,11,40,,
T,2023-05-13 19:09:00,6.27996667,-75.59065000,3.20,1598.287,23.913,1.668,358,11,40,,
T,2023-05-13 19:09:01,6.27998667,-75.59065167,3.20,1598.887,23.913,1.439,358,11,40,,
T,2023-05-13 19:09:02,6.27999667,-75.59065333,3.20,1599.587,23.913,0.000,,12,40,,
T,2023-05-13 19:09:03,6.28000333,-75.59064500,3.10,1600.087,23.913,0.000,,12,40,,
T,2023-05-13 19:09:04,6.28002167,-75.59063333,3.10,1600.488,23.912,0.173,358,15,39,,
T,2023-05-13 19:09:05,6.28002833,-75.59063000,3.00,1600.688,23.912,0.000,,16,39,,
T,2023-05-13 19:09:06,6.28003500,-75.59063000,3.00,1601.088,23.912,0.000,,16,39,,
T,2023-05-13 19:09:07,6.28004000,-75.59063167,3.00,1601.188,23.912,0.000,,16,39,,
T,2023-05-13 19:09:08,6.28004000,-75.59063167,3.00,1601.188,23.912,0.000,,17,39,,
T,2023-05-13 19:09:09,6.28004000,-75.59063167,3.00,1601.188,23.912,0.000,,16,39,,
T,2023-05-13 19:09:10,6.28004000,-75.59063167,3.00,1601.188,23.912,0.000,,15,39,,
T,2023-05-13 19:09:11,6.28004000,-75.59063167,1.20,1601.188,23.912,0.000,,15,39,,
T,2023-05-13 19:09:12,6.28004000,-75.59063167,1.50,1601.188,23.912,0.000,,15,39,,
T,2023-05-13 19:09:13,6.28004000,-75.59063167,1.80,1601.188,23.912,0.000,,15,39,,
T,2023-05-13 19:09:14,6.28004000,-75.59063167,2.10,1601.188,23.912,0.000,,15,40,,
T,2023-05-13 19:09:16,6.28004000,-75.59063167,2.40,1601.188,23.912,0.000,,15,40,,
T,2023-05-13 19:09:17,6.28004000,-75.59063167,2.50,1601.188,23.912,0.000,,15,40,,
T,2023-05-13 19:09:18,6.28004000,-75.59063167,2.50,1601.188,23.912,0.000,,14,40,,
T,2023-05-13 19:09:19,6.28004000,-75.59063167,2.60,1601.188,23.912,0.000,,14,40,,
T,2023-05-13 19:09:20,6.28004000,-75.59063167,2.70,1601.188,23.912,0.000,,13,40,,
T,2023-05-13 19:09:21,6.28005667,-75.59068667,2.70,1602.687,23.913,2.842,316,15,39,,
T,2023-05-13 19:09:22,6.28007500,-75.59070833,2.70,1602.687,23.913,3.448,317,15,39,,
T,2023-05-13 19:09:23,6.28009833,-75.59073500,2.70,1602.787,23.913,4.082,316,15,39,,
T,2023-05-13 19:09:24,6.28012333,-75.59076833,2.70,1602.787,23.913,4.415,307,15,39,,
T,2023-05-13 19:09:25,6.28014833,-75.59080167,2.80,1602.887,23.913,4.702,309,15,40,,
T,2023-05-13 19:09:26,6.28018500,-75.59084000,2.80,1602.987,23.913,5.466,311,14,40,,
T,2023-05-13 19:09:27,6.28023000,-75.59089000,2.90,1602.987,23.913,6.793,311,14,40,,
T,2023-05-13 19:09:28,6.28027667,-75.59094500,2.90,1602.987,23.913,6.667,314,15,40,,
T,2023-05-13 19:09:29,6.28032833,-75.59099833,3.00,1603.086,23.914,7.802,317,17,40,,
T,2023-05-13 19:09:30,6.28037833,-75.59105333,3.10,1603.086,23.914,7.717,319,16,40,,
T,2023-05-13 19:09:31,6.28043333,-75.59111167,3.10,1602.986,23.914,8.987,318,16,39,,
T,2023-05-13 19:09:32,6.28048333,-75.59118333,3.10,1603.086,23.914,8.982,314,16,39,,
T,2023-05-13 19:09:33,6.28053333,-75.59125000,3.10,1603.086,23.914,8.971,312,16,39,,
T,2023-05-13 19:09:34,6.28059000,-75.59129500,3.10,1603.085,23.915,8.143,318,15,39,,
T,2023-05-13 19:09:35,6.28064167,-75.59135000,3.10,1603.185,23.915,8.118,320,15,39,,
T,2023-05-13 19:09:36,6.28069667,-75.59139333,3.10,1603.185,23.915,7.972,324,15,39,,
T,2023-05-13 19:09:37,6.28076667,-75.59141500,3.10,1603.285,23.915,8.348,334,16,39,,
T,2023-05-13 19:09:38,6.28084000,-75.59142000,3.10,1603.285,23.915,8.215,342,15,39,,
T,2023-05-13 19:09:39,6.28091667,-75.59142000,3.10,1603.286,23.914,8.795,350,14,39,,
T,2023-05-13 19:09:40,6.28100000,-75.59141333,3.10,1603.286,23.914,9.081,354,14,40,,
T,2023-05-13 19:09:41,6.28107333,-75.59139167,3.20,1603.586,23.914,8.212,356,15,40,,
T,2023-05-13 19:09:42,6.28114167,-75.59136500,3.30,1603.686,23.914,7.933,2,14,40,,
T,2023-05-13 19:09:43,6.28120500,-75.59133333,3.50,1603.887,23.913,7.656,7,13,40,,
T,2023-05-13 19:09:44,6.28125000,-75.59128167,3.60,1603.887,23.913,7.158,14,11,40,,
T,2023-05-13 19:09:46,6.28133833,-75.59122833,3.90,1603.888,23.912,6.289,15,9,39,,
T,2023-05-13 19:09:47,6.28136000,-75.59121167,3.80,1604.088,23.912,5.042,13,10,39,,
T,2023-05-13 19:09:48,6.28137667,-75.59120000,3.80,1604.288,23.912,4.295,19,10,39,,
T,2023-05-13 19:09:49,6.28138833,-75.59118167,3.80,1604.288,23.912,3.653,25,11,39,,
T,2023-05-13 19:09:50,6.28139333,-75.59118167,3.80,1604.288,23.912,2.567,21,12,40,,
T,2023-05-13 19:09:51,6.28139667,-75.59116667,3.80,1604.488,23.912,2.084,34,11,40,,
T,2023-05-13 19:09:52,6.28139333,-75.59116667,3.70,1604.588,23.912,0.000,,10,40,,
T,2023-05-13 19:09:53,6.28138667,-75.59116333,3.70,1604.688,23.912,0.000,,11,40,,
T,2023-05-13 19:09:54,6.28138667,-75.59117000,3.60,1604.688,23.912,0.000,,12,40,,
T,2023-05-13 19:09:55,6.28140167,-75.59118667,3.60,1604.988,23.912,0.149,34,12,40,,
T,2023-05-13 19:09:56,6.28142167,-75.59121667,3.50,1605.188,23.912,2.485,323,13,40,,
T,2023-05-13 19:09:57,6.28142833,-75.59123833,3.50,1605.388,23.912,1.841,310,12,40,,
T,2023-05-13 19:09:58,6.28144833,-75.59126667,3.40,1605.788,23.912,3.141,313,11,40,,
T,2023-05-13 19:09:59,6.28147667,-75.59130667,3.50,1605.987,23.913,4.543,309,11,40,,
T,2023-05-13 19:10:00,6.28152000,-75.59133833,3.40,1606.287,23.913,4.988,314,13,40,,
T,2023-05-13 19:10:01,6.28156000,-75.59137167,3.40,1606.587,23.913,5.346,314,13,40,,
T,2023-05-13 19:10:03,6.28164167,-75.59144333,3.40,1607.287,23.913,5.148,312,13,40,,
T,2023-05-13 19:10:04,6.28167833,-75.59148000,3.30,1607.587,23.913,5.273,308,13,40,,
T,2023-05-13 19:10:05,6.28170667,-75.59150333,3.30,1607.887,23.913,4.739,316,13,40,,
T,2023-05-13 19:10:06,6.28173833,-75.59153167,3.30,1608.187,23.913,5.156,315,12,40,,
T,2023-05-13 19:10:07,6.28177833,-75.59157167,3.30,1608.487,23.913,6.448,310,12,40,,
T,2023-05-13 19:10:08,6.28180333,-75.59162833,3.30,1608.787,23.913,6.583,300,12,40,,
T,2023-05-13 19:10:09,6.28182333,-75.59167167,3.40,1608.886,23.914,5.820,295,11,39,,
T,2023-05-13 19:10:10,6.28183667,-75.59173333,3.40,1609.286,23.914,6.031,287,11,39,,
T,2023-05-13 19:10:11,6.28183667,-75.59180000,3.40,1609.586,23.914,6.291,277,11,40,,
T,2023-05-13 19:10:12,6.28184167,-75.59186833,3.50,1609.785,23.915,6.846,278,11,40,,
T,2023-05-13 19:10:13,6.28185333,-75.59194500,3.50,1610.085,23.915,7.435,275,12,40,,
T,2023-05-13 19:10:14,6.28186667,-75.59201833,3.60,1610.385,23.915,7.467,281,12,40,,
T,2023-05-13 19:10:15,6.28187500,-75.59209833,3.60,1610.684,23.916,7.851,279,12,40,,
T,2023-05-13 19:10:16,6.28187500,-75.59217333,3.60,1610.984,23.916,7.004,281,12,40,,
T,2023-05-13 19:10:17,6.28189167,-75.59223833,3.60,1611.184,23.916,7.012,285,12,40,,
T,2023-05-13 19:10:18,6.28192000,-75.59229167,3.60,1611.483,23.917,6.488,295,11,40,,
T,2023-05-13 19:10:19,6.28193167,-75.59234000,3.60,1611.683,23.917,4.901,292,12,40,,
T,2023-05-13 19:10:20,6.28194333,-75.59237667,3.60,1611.883,23.917,3.914,303,12,40,,
T,2023-05-13 19:10:21,6.28195833,-75.59241167,3.60,1612.183,23.917,4.017,299,12,40,,
T,2023-05-13 19:10:22,6.28196667,-75.59243667,3.60,1612.483,23.917,3.531,287,12,39,,
T,2023-05-13 19:10:23,6.28196500,-75.59245333,3.60,1612.883,23.917,2.558,267,13,39,,
T,2023-05-13 19:10:24,6.28195833,-75.59246500,3.60,1613.183,23.917,1.949,244,13,40,,
T,2023-05-13 19:10:25,6.28195000,-75.59247167,3.60,1613.382,23.918,1.777,236,14,40,,
T,2023-05-13 19:10:26,6.28193500,-75.59248000,3.50,1613.782,23.918,2.131,222,14,40,,
T,2023-05-13 19:10:27,6.28192167,-75.59248667,3.50,1614.082,23.918,1.160,222,14,40,,
T,2023-05-13 19:10:28,6.28191167,-75.59248333,3.50,1614.382,23.918,1.453,222,14,40,,
T,2023-05-13 19:10:29,6.28190167,-75.59248667,3.50,1614.682,23.918,1.337,222,14,40,,
T,2023-05-13 19:10:30,6.28189000,-75.59249333,3.50,1615.082,23.918,1.707,204,15,40,,
T,2023-05-13 19:10:31,6.28187167,-75.59249833,3.40,1615.882,23.918,1.740,198,13,40,,
T,2023-05-13 19:10:32,6.28186000,-75.59250333,3.40,1616.782,23.918,1.986,213,13,40,,
T,2023-05-13 19:10:33,6.28185000,-75.59250667,3.40,1617.782,23.918,1.623,209,13,40,,
T,2023-05-13 19:10:34,6.28183667,-75.59251000,3.40,1618.582,23.918,1.621,214,13,40,,
T,2023-05-13 19:10:35,6.28184000,-75.59250500,3.40,1619.782,23.918,1.044,214,12,40,,
T,2023-05-13 19:10:36,6.28183500,-75.59250333,3.40,1620.482,23.918,1.273,214,12,40,,
T,2023-05-13 19:10:37,6.28183000,-75.59250167,3.40,1621.182,23.918,0.000,,13,40,,
T,2023-05-13 19:10:38,6.28183167,-75.59250167,3.40,1621.882,23.918,0.000,,13,40,,
T,2023-05-13 19:10:39,6.28183333,-75.59250167,3.40,1622.282,23.918,0.000,,14,40,,
T,2023-05-13 19:10:40,6.28183333,-75.59250167,3.40,1622.282,23.918,0.000,,14,40,,
T,2023-05-13 19:10:41,6.28183333,-75.59250167,3.30,1622.282,23.918,0.000,,14,40,,
T,2023-05-13 19:10:42,6.28183333,-75.59250167,3.30,1622.282,23.918,0.000,,14,39,,
T,2023-05-13 19:10:43,6.28188500,-75.59243667,3.30,1624.082,23.918,1.382,214,14,39,,
T,2023-05-13 19:10:44,6.28189000,-75.59243333,3.30,1624.583,23.917,0.000,,14,40,,
T,2023-05-13 19:10:45,6.28190500,-75.59243667,3.30,1624.983,23.917,0.000,,14,40,,
T,2023-05-13 19:10:46,6.28192333,-75.59244667,3.20,1625.483,23.917,2.856,315,13,40,,
T,2023-05-13 19:10:47,6.28194500,-75.59246500,3.30,1626.082,23.918,3.196,305,13,40,,
T,2023-05-13 19:10:48,6.28197667,-75.59248000,3.20,1626.882,23.918,3.382,311,13,40,,
T,2023-05-13 19:10:49,6.28201000,-75.59249667,3.30,1627.782,23.918,3.656,316,13,40,,
T,2023-05-13 19:10:50,6.28204500,-75.59252000,3.30,1628.482,23.918,4.278,325,13,39,,
T,2023-05-13 19:10:51,6.28208833,-75.59252667,3.30,1628.982,23.918,4.065,344,13,39,,
T,2023-05-13 19:10:52,6.28213333,-75.59252000,3.40,1629.183,23.917,4.329,1,13,39,,
T,2023-05-13 19:10:53,6.28217167,-75.59251167,3.50,1629.483,23.917,4.301,10,13,39,,
T,2023-05-13 19:10:54,6.28221500,-75.59250333,3.60,1629.783,23.917,4.828,6,13,39,,
T,2023-05-13 19:10:55,6.28223833,-75.59250333,3.50,1630.583,23.917,4.794,9,13,39,,
T,2023-05-13 19:10:56,6.28227000,-75.59248833,3.60,1631.183,23.917,4.935,17,14,39,,
T,2023-05-13 19:10:57,6.28229333,-75.59247167,3.70,1631.683,23.917,4.412,21,12,40,,
T,2023-05-13 19:10:58,6.28232167,-75.59245500,3.60,1632.483,23.917,4.617,20,12,40,,
T,2023-05-13 19:10:59,6.28237167,-75.59240500,3.50,1633.284,23.916,5.686,26,12,40,,
T,2023-05-13 19:11:00,6.28240833,-75.59236333,3.50,1634.184,23.916,5.840,34,13,40,,
T,2023-05-13 19:11:01,6.28243500,-75.59231333,3.40,1635.184,23.916,6.037,43,13,40,,
T,2023-05-13 19:11:02,6.28247167,-75.59226333,3.40,1636.285,23.915,6.498,46,12,40,,
T,2023-05-13 19:11:03,6.28250000,-75.59222000,3.40,1637.485,23.915,6.316,46,11,40,,
T,2023-05-13 19:11:04,6.28253667,-75.59218000,3.40,1638.485,23.915,6.896,43,11,40,,
T,2023-05-13 19:11:05,6.28257833,-75.59213833,3.30,1639.286,23.914,7.012,48,12,40,,
T,2023-05-13 19:11:06,6.28261667,-75.59209667,3.30,1640.186,23.914,6.497,47,12,40,,
T,2023-05-13 19:11:07,6.28266167,-75.59205833,3.30,1641.386,23.914,6.532,42,14,40,,
T,2023-05-13 19:11:08,6.28270667,-75.59203000,3.20,1642.486,23.914,5.741,38,14,40,,
T,2023-05-13 19:11:09,6.28275833,-75.59200500,3.20,1643.187,23.913,5.743,31,14,40,,
T,2023-05-13 19:11:10,6.28279333,-75.59198000,3.20,1644.487,23.913,5.344,30,14,40,,
T,2023-05-13 19:11:11,6.28282167,-75.59195000,3.30,1645.287,23.913,4.908,38,14,40,,
T,2023-05-13 19:11:12,6.28283500,-75.59192167,3.20,1646.387,23.913,3.922,39,14,40,,
T,2023-05-13 19:11:13,6.28284167,-75.59190500,3.20,1647.387,23.913,2.523,32,14,40,,
T,2023-05-13 19:11:14,6.28285000,-75.59188833,3.20,1648.188,23.912,2.139,36,14,40,,
T,2023-05-13 19:11:15,6.28286167,-75.59187500,3.10,1649.088,23.912,2.718,32,14,40,,
T,2023-05-13 19:11:16,6.28288167,-75.59186500,3.10,1649.588,23.912,2.799,23,13,40,,
T,2023-05-13 19:11:17,6.28291167,-75.59185833,3.10,1650.188,23.912,3.526,14,14,39,,
T,2023-05-13 19:11:18,6.28294333,-75.59185333,3.10,1650.888,23.912,3.336,11,15,39,,
T,2023-05-13 19:11:19,6.28296833,-75.59184667,3.10,1651.688,23.912,2.648,13,14,40,,
T,2023-05-13 19:11:20,6.28299667,-75.59184500,3.10,1652.188,23.912,2.320,353,14,40,,
T,2023-05-13 19:11:21,6.28301667,-75.59185667,3.10,1652.688,23.912,2.352,330,15,40,,
T,2023-05-13 19:11:22,6.28304000,-75.59187333,3.10,1652.988,23.912,2.886,328,15,40,,
T,2023-05-13 19:11:23,6.28306500,-75.59188500,3.20,1653.388,23.912,3.175,337,17,40,,
T,2023-05-13 19:11:24,6.28309000,-75.59191000,3.20,1653.688,23.912,3.059,329,17,40,,
T,2023-05-13 19:11:25,6.28312167,-75.59193500,3.30,1653.988,23.912,3.525,330,17,40,,
T,2023-05-13 19:11:26,6.28316500,-75.59198000,3.40,1654.488,23.912,4.577,318,17,40,,
T,2023-05-13 19:11:27,6.28320333,-75.59202000,3.40,1655.088,23.912,5.476,310,16,40,,
T,2023-05-13 19:11:28,6.28322833,-75.59204167,3.30,1655.688,23.912,4.997,302,16,40,,
T,2023-05-13 19:11:29,6.28325667,-75.59207500,3.30,1656.188,23.912,4.865,301,17,40,,
T,2023-05-13 19:11:30,6.28329833,-75.59208833,3.20,1656.888,23.912,5.081,301,17,40,,
T,2023-05-13 19:11:31,6.28332667,-75.59213167,3.30,1657.587,23.913,5.620,301,17,40,,
T,2023-05-13 19:11:32,6.28334833,-75.59217333,3.30,1658.287,23.913,5.172,295,16,40,,
T,2023-05-13 19:11:33,6.28336500,-75.59221667,3.20,1659.187,23.913,4.622,300,17,40,,
T,2023-05-13 19:11:34,6.28339167,-75.59225500,3.20,1659.987,23.913,4.862,305,17,40,,
T,2023-05-13 19:11:35,6.28341000,-75.59229333,3.20,1660.887,23.913,4.553,303,16,40,,
T,2023-05-13 19:11:36,6.28342333,-75.59233500,3.20,1661.887,23.913,4.728,298,16,40,,
T,2023-05-13 19:11:37,6.28343833,-75.59237000,3.20,1662.786,23.914,4.121,298,15,39,,
T,2023-05-13 19:11:38,6.28345000,-75.59240500,3.10,1663.586,23.914,4.103,306,15,39,,
T,2023-05-13 19:11:39,6.28347167,-75.59244500,3.10,1664.286,23.914,4.950,309,15,39,,
T,2023-05-13 19:11:40,6.28349500,-75.59248500,3.10,1664.986,23.914,5.135,309,15,40,,
T,2023-05-13 19:11:41,6.28352167,-75.59251833,3.10,1665.586,23.914,4.646,313,15,40,,
T,2023-05-13 19:11:42,6.28355000,-75.59254833,3.10,1666.186,23.914,4.646,315,14,40,,
T,2023-05-13 19:11:43,6.28357833,-75.59257667,3.20,1666.886,23.914,4.344,324,14,40,,
T,2023-05-13 19:11:44,6.28361167,-75.59259500,3.20,1667.586,23.914,4.437,331,14,40,,
T,2023-05-13 19:11:45,6.28363667,-75.59262500,3.20,1668.186,23.914,4.088,318,14,40,,
T,2023-05-13 19:11:46,6.28365333,-75.59267167,3.20,1668.885,23.915,3.870,309,13,40,,
T,2023-05-13 19:11:47,6.28368167,-75.59271000,3.20,1669.485,23.915,4.351,317,13,39,,
T,2023-05-13 19:11:48,6.28371000,-75.59274333,3.30,1670.185,23.915,4.593,318,12,39,,
T,2023-05-13 19:11:49,6.28374333,-75.59277333,3.30,1670.885,23.915,4.887,319,12,40,,
T,2023-05-13 19:11:50,6.28376833,-75.59279333,3.40,1671.585,23.915,3.886,323,12,40,,
T,2023-05-13 19:11:51,6.28379333,-75.59281167,3.60,1672.185,23.915,3.544,322,11,40,,
T,2023-05-13 19:11:52,6.28382667,-75.59283333,3.80,1672.685,23.915,4.104,328,9,40,,
T,2023-05-13 19:11:53,6.28384667,-75.59286667,3.80,1673.485,23.915,4.324,326,9,40,,
T,2023-05-13 19:11:54,6.28389167,-75.59288500,3.80,1674.085,23.915,4.651,332,10,40,,
T,2023-05-13 19:11:55,6.28394000,-75.59290667,3.90,1674.785,23.915,5.055,339,9,39,,
T,2023-05-13 19:11:56,6.28399333,-75.59290333,4.10,1675.385,23.915,4.924,346,9,39,,
T,2023-05-13 19:11:57,6.28402333,-75.59288833,4.20,1676.285,23.915,4.258,351,8,39,,
T,2023-05-13 19:11:58,6.28405667,-75.59287167,4.20,1677.185,23.915,3.970,354,9,39,,
T,2023-05-13 19:11:59,6.28408833,-75.59284500,4.20,1678.085,23.915,3.978,5,9,39,,
T,2023-05-13 19:12:00,6.28411667,-75.59280167,4.30,1678.686,23.914,4.162,17,8,39,,
T,2023-05-13 19:12:01,6.28412667,-75.59275833,4.30,1679.286,23.914,2.932,29,8,39,,
T,2023-05-13 19:12:02,6.28411333,-75.59270833,4.20,1680.586,23.914,2.576,37,11,40,,
T,2023-05-13 19:12:03,6.28412500,-75.59269000,4.10,1681.286,23.914,1.178,37,11,40,,
T,2023-05-13 19:12:04,6.28411500,-75.59266833,4.10,1681.886,23.914,1.036,37,11,40,,
T,2023-05-13 19:12:05,6.28412333,-75.59265333,4.00,1683.087,23.913,2.141,46,11,40,,
T,2023-05-13 19:12:06,6.28414333,-75.59263667,3.70,1684.187,23.913,2.993,35,13,40,,
T,2023-05-13 19:12:07,6.28416000,-75.59261667,3.60,1685.087,23.913,2.513,41,13,40,,
T,2023-05-13 19:12:08,6.28418333,-75.59260333,3.50,1685.887,23.913,2.329,46,12,40,,
T,2023-05-13 19:12:09,6.28420667,-75.59258667,3.40,1686.687,23.913,2.670,35,12,40,,
T,2023-05-13 19:12:10,6.28423500,-75.59257333,3.40,1687.387,23.913,3.025,28,12,40,,
T,2023-05-13 19:12:11,6.28426500,-75.59255833,3.30,1688.187,23.913,3.445,23,12,40,,
T,2023-05-13 19:12:12,6.28430333,-75.59254833,3.30,1689.187,23.913,3.898,23,12,40,,
T,2023-05-13 19:12:13,6.28433333,-75.59253000,3.20,1690.088,23.912,3.375,33,12,40,,
T,2023-05-13 19:12:14,6.28436500,-75.59252167,3.20,1690.888,23.912,2.617,13,12,40,,
T,2023-05-13 19:12:15,6.28440000,-75.59252500,3.10,1691.788,23.912,2.299,13,12,40,,
T,2023-05-13 19:12:16,6.28442167,-75.59252333,3.10,1692.588,23.912,1.749,1,12,40,,
T,2023-05-13 19:12:17,6.28443667,-75.59251667,3.10,1693.188,23.912,2.014,29,12,40,,
T,2023-05-13 19:12:18,6.28445000,-75.59250333,3.10,1694.088,23.912,2.349,46,12,40,,
T,2023-05-13 19:12:19,6.28447000,-75.59248333,3.10,1694.888,23.912,3.511,44,12,40,,
T,2023-05-13 19:12:20,6.28450000,-75.59245833,3.20,1695.688,23.912,4.520,42,12,39,,
T,2023-05-13 19:12:21,6.28453833,-75.59242167,3.20,1696.589,23.911,5.931,44,12,39,,
T,2023-05-13 19:12:22,6.28459167,-75.59239000,3.30,1697.589,23.911,6.547,37,12,39,,
T,2023-05-13 19:12:23,6.28463500,-75.59234833,3.30,1698.589,23.911,6.425,40,12,39,,
T,2023-05-13 19:12:24,6.28469500,-75.59232333,3.30,1699.590,23.910,6.415,28,12,40,,
T,2023-05-13 19:12:25,6.28474833,-75.59229167,3.40,1700.490,23.910,6.795,29,12,40,,
T,2023-05-13 19:12:26,6.28481000,-75.59226667,3.40,1701.290,23.910,6.947,22,12,40,,
T,2023-05-13 19:12:27,6.28486833,-75.59224333,3.50,1701.990,23.910,6.833,20,12,40,,
T,2023-05-13 19:12:28,6.28492167,-75.59223000,3.60,1702.791,23.909,6.204,15,12,40,,
T,2023-05-13 19:12:29,6.28497500,-75.59222500,3.80,1703.491,23.909,5.997,9,12,40,,
T,2023-05-13 19:12:30,6.28502667,-75.59222667,4.00,1703.991,23.909,5.833,3,12,39,,
T,2023-05-13 19:12:31,6.28507833,-75.59224333,4.30,1704.691,23.909,5.745,356,9,39,,
T,2023-05-13 19:12:32,6.28515000,-75.59227500,4.50,1705.391,23.909,6.185,349,9,39,,
T,2023-05-13 19:12:33,6.28521667,-75.59231167,4.50,1706.091,23.909,6.374,344,9,39,,
T,2023-05-13 19:12:34,6.28527333,-75.59236667,4.40,1706.891,23.909,6.582,333,10,39,,
T,2023-05-13 19:12:35,6.28530833,-75.59242500,4.40,1707.790,23.910,6.586,322,10,39,,
T,2023-05-13 19:12:36,6.28534167,-75.59247833,4.40,1708.590,23.910,6.462,315,11,40,,
T,2023-05-13 19:12:37,6.28539500,-75.59255500,4.20,1709.090,23.910,6.598,310,11,40,,
T,2023-05-13 19:12:38,6.28544167,-75.59262000,4.20,1709.590,23.910,6.387,311,11,40,,
T,2023-05-13 19:12:39,6.28547500,-75.59266833,4.20,1710.290,23.910,5.818,311,11,40,,
T,2023-05-13 19:12:40,6.28551167,-75.59270500,4.30,1710.989,23.911,5.857,317,11,40,,
T,2023-05-13 19:12:41,6.28553833,-75.59276167,4.30,1712.289,23.911,5.606,312,9,40,,
T,2023-05-13 19:12:42,6.28557667,-75.59280333,4.40,1713.289,23.911,5.578,313,9,40,,
T,2023-05-13 19:12:43,6.28560500,-75.59284333,4.50,1713.889,23.911,5.423,313,10,40,,
T,2023-05-13 19:12:44,6.28562500,-75.59287167,4.50,1714.689,23.911,4.014,310,10,40,,
T,2023-05-13 19:12:45,6.28563500,-75.59290333,4.60,1715.289,23.911,3.704,309,10,40,,
T,2023-05-13 19:12:46,6.28564667,-75.59293333,4.70,1715.989,23.911,3.016,308,10,40,,
T,2023-05-13 19:12:47,6.28565333,-75.59296333,4.70,1716.688,23.912,3.152,297,8,40,,
T,2023-05-13 19:12:48,6.28564167,-75.59300333,4.70,1717.588,23.912,3.286,281,9,40,,
T,2023-05-13 19:12:49,6.28561500,-75.59304167,4.70,1718.388,23.912,3.370,257,9,40,,
T,2023-05-13 19:12:50,6.28554167,-75.59310667,4.40,1719.087,23.913,4.102,246,9,40,,
T,2023-05-13 19:12:51,6.28549833,-75.59316667,4.20,1720.087,23.913,4.676,251,10,40,,
T,2023-05-13 19:12:52,6.28546000,-75.59323167,4.00,1720.087,23.913,4.768,262,12,40,,
T,2023-05-13 19:12:53,6.28544000,-75.59327167,3.90,1721.086,23.914,4.015,256,12,40,,
T,2023-05-13 19:12:54,6.28544333,-75.59329667,4.00,1721.886,23.914,4.028,261,10,40,,
T,2023-05-13 19:12:55,6.28543833,-75.59331667,4.00,1722.686,23.914,3.443,266,10,40,,
T,2023-05-13 19:12:56,6.28547500,-75.59334000,3.90,1722.486,23.914,3.543,289,10,40,,
T,2023-05-13 19:12:57,6.28547167,-75.59335667,3.90,1723.686,23.914,3.443,294,11,40,,
T,2023-05-13 19:12:58,6.28547167,-75.59338167,3.90,1724.886,23.914,3.422,285,11,40,,
T,2023-05-13 19:12:59,6.28548833,-75.59340667,3.90,1725.786,23.914,3.953,291,11,40,,
T,2023-05-13 19:13:00,6.28551167,-75.59342333,4.00,1726.986,23.914,3.823,308,10,40,,
T,2023-05-13 19:13:01,6.28554167,-75.59343000,4.00,1727.586,23.914,4.119,319,11,39,,
T,2023-05-13 19:13:02,6.28557167,-75.59343167,4.00,1728.286,23.914,3.879,317,11,39,,
T,2023-05-13 19:13:03,6.28560167,-75.59344000,4.00,1729.186,23.914,3.424,326,11,39,,
T,2023-05-13 19:13:04,6.28562000,-75.59346500,4.00,1729.986,23.914,2.962,319,12,39,,
T,2023-05-13 19:13:06,6.28565500,-75.59351667,3.80,1731.586,23.914,2.597,340,13,40,,
T,2023-05-13 19:13:07,6.28567333,-75.59354000,3.60,1732.285,23.915,2.147,341,13,40,,
T,2023-05-13 19:13:08,6.28568167,-75.59356167,3.50,1733.185,23.915,1.603,318,13,40,,
T,2023-05-13 19:13:09,6.28568000,-75.59358167,3.50,1734.185,23.915,1.151,318,13,40,,
T,2023-05-13 19:13:10,6.28567833,-75.59359000,3.40,1735.185,23.915,0.000,,13,40,,
T,2023-05-13 19:13:11,6.28567333,-75.59359000,3.40,1736.185,23.915,0.000,,13,40,,
T,2023-05-13 19:13:12,6.28567000,-75.59358667,3.30,1736.385,23.915,0.000,,13,40,,
T,2023-05-13 19:13:13,6.28567000,-75.59358667,3.20,1736.385,23.915,0.000,,14,40,,
T,2023-05-13 19:13:14,6.28567000,-75.59358667,3.20,1736.385,23.915,0.000,,14,40,,
T,2023-05-13 19:13:15,6.28569833,-75.59359333,3.20,1737.785,23.915,2.774,1,14,40,,
T,2023-05-13 19:13:16,6.28572667,-75.59360000,3.10,1738.285,23.915,3.114,356,14,39,,
T,2023-05-13 19:13:17,6.28574833,-75.59359333,3.10,1739.085,23.915,2.672,358,14,40,,
T,2023-05-13 19:13:18,6.28577167,-75.59359167,3.00,1739.685,23.915,2.471,355,14,40,,
T,2023-05-13 19:13:19,6.28579500,-75.59359333,3.00,1740.185,23.915,2.180,351,14,40,,
T,2023-05-13 19:13:20,6.28582000,-75.59359167,3.00,1740.686,23.914,3.103,359,14,40,,
T,2023-05-13 19:13:21,6.28584167,-75.59358667,3.00,1741.086,23.914,2.767,356,14,40,,
T,2023-05-13 19:13:22,6.28586167,-75.59358667,3.00,1741.586,23.914,2.368,349,14,40,,
T,2023-05-13 19:13:23,6.28587833,-75.59358500,3.00,1741.986,23.914,2.105,352,13,40,,
T,2023-05-13 19:13:24,6.28589167,-75.59357833,3.00,1742.486,23.914,1.940,1,13,40,,
T,2023-05-13 19:13:25,6.28590000,-75.59356833,3.00,1743.086,23.914,1.438,1,13,40,,
T,2023-05-13 19:13:26,6.28591500,-75.59356167,3.00,1743.986,23.914,1.971,8,13,40,,
T,2023-05-13 19:13:27,6.28592833,-75.59354833,2.90,1744.986,23.914,2.003,26,13,39,,
T,2023-05-13 19:13:28,6.28595167,-75.59354500,2.90,1745.886,23.914,2.844,10,13,39,,
T,2023-05-13 19:13:29,6.28597500,-75.59354000,2.90,1746.386,23.914,2.275,7,13,39,,
T,2023-05-13 19:13:30,6.28600167,-75.59353167,2.90,1746.886,23.914,3.465,16,13,39,,
T,2023-05-13 19:13:31,6.28602167,-75.59352167,2.80,1747.486,23.914,2.439,20,13,40,,
T,2023-05-13 19:13:32,6.28603333,-75.59350667,2.80,1747.186,23.914,1.883,10,13,40,,
T,2023-05-13 19:13:33,6.28604667,-75.59350333,2.70,1748.087,23.913,1.976,10,14,40,,
T,2023-05-13 19:13:34,6.28606833,-75.59350000,2.70,1748.287,23.913,2.328,6,14,40,,
T,2023-05-13 19:13:35,6.28609333,-75.59350167,2.80,1748.287,23.913,2.767,352,14,40,,
T,2023-05-13 19:13:36,6.28612333,-75.59351167,2.80,1748.387,23.913,3.519,336,14,40,,
T,2023-05-13 19:13:37,6.28615333,-75.59352500,2.80,1748.887,23.913,3.256,334,14,40,,
T,2023-05-13 19:13:38,6.28617833,-75.59354000,2.80,1749.287,23.913,3.019,323,14,40,,
T,2023-05-13 19:13:39,6.28620333,-75.59357000,2.90,1749.687,23.913,3.825,308,14,40,,
T,2023-05-13 19:13:40,6.28623667,-75.59361667,2.90,1750.286,23.914,4.924,307,15,40,,
T,2023-05-13 19:13:41,6.28627167,-75.59367000,3.00,1751.086,23.914,5.795,303,15,40,,
T,2023-05-13 19:13:42,6.28630333,-75.59373667,3.00,1751.486,23.914,6.281,301,15,40,,
T,2023-05-13 19:13:43,6.28633833,-75.59380333,3.10,1751.986,23.914,7.319,302,14,40,,
T,2023-05-13 19:13:44,6.28637500,-75.59386500,3.10,1752.585,23.915,6.984,303,12,40,,
T,2023-05-13 19:13:45,6.28640500,-75.59392833,3.10,1752.985,23.915,6.445,301,11,40,,
T,2023-05-13 19:13:46,6.28643500,-75.59398667,3.00,1753.385,23.915,6.167,303,11,40,,
T,2023-05-13 19:13:47,6.28645833,-75.59403833,3.00,1754.085,23.915,5.401,296,11,40,,
T,2023-05-13 19:13:48,6.28647167,-75.59408333,3.00,1754.584,23.916,3.955,289,12,40,,
T,2023-05-13 19:13:49,6.28648000,-75.59411667,3.10,1754.984,23.916,3.092,282,11,39,,
T,2023-05-13 19:13:50,6.28647500,-75.59415500,3.10,1755.584,23.916,2.968,261,11,39,,
T,2023-05-13 19:13:51,6.28645333,-75.59419667,3.20,1756.384,23.916,3.360,241,10,39,,
T,2023-05-13 19:13:52,6.28642333,-75.59424500,3.20,1756.584,23.916,4.081,243,9,40,,
T,2023-05-13 19:13:53,6.28640333,-75.59428000,3.10,1756.783,23.917,4.384,241,9,40,,
T,2023-05-13 19:13:54,6.28638000,-75.59431333,3.10,1757.283,23.917,4.926,235,11,40,,
T,2023-05-13 19:13:55,6.28635500,-75.59435333,3.10,1757.683,23.917,5.748,238,10,40,,
T,2023-05-13 19:13:56,6.28631500,-75.59438167,3.10,1758.083,23.917,5.329,223,10,40,,
T,2023-05-13 19:13:57,6.28627167,-75.59441833,3.10,1758.382,23.918,5.447,219,9,40,,
T,2023-05-13 19:13:58,6.28623333,-75.59444167,3.10,1758.682,23.918,4.592,217,11,40,,
T,2023-05-13 19:13:59,6.28621167,-75.59445667,3.00,1759.282,23.918,3.469,218,13,40,,
T,2023-05-13 19:14:00,6.28618000,-75.59448500,3.00,1759.682,23.918,3.702,223,13,40,,
T,2023-05-13 19:14:01,6.28615500,-75.59449833,3.00,1759.982,23.918,2.842,212,13,40,,
T,2023-05-13 19:14:02,6.28612333,-75.59452333,3.00,1760.381,23.919,4.147,218,13,39,,
T,2023-05-13 19:14:03,6.28609667,-75.59455333,3.10,1760.781,23.919,4.488,224,13,39,,
T,2023-05-13 19:14:04,6.28606500,-75.59459167,3.10,1760.981,23.919,5.272,228,13,39,,
T,2023-05-13 19:14:05,6.28602000,-75.59463167,3.10,1761.381,23.919,6.308,227,12,40,,
T,2023-05-13 19:14:06,6.28597333,-75.59467500,3.00,1761.680,23.920,6.404,227,14,40,,
T,2023-05-13 19:14:07,6.28592167,-75.59471833,3.00,1761.980,23.920,7.163,227,14,40,,
T,2023-05-13 19:14:08,6.28588333,-75.59476000,3.00,1762.180,23.920,6.253,232,14,40,,
T,2023-05-13 19:14:09,6.28585500,-75.59480167,2.90,1762.679,23.921,5.685,233,13,40,,
T,2023-05-13 19:14:10,6.28582333,-75.59483833,2.90,1762.979,23.921,5.530,229,13,40,,
T,2023-05-13 19:14:11,6.28580000,-75.59487667,2.90,1763.279,23.921,5.084,231,13,40,,
T,2023-05-13 19:14:12,6.28576500,-75.59491000,2.90,1763.779,23.921,5.487,223,13,40,,
T,2023-05-13 19:14:13,6.28573167,-75.59494833,3.00,1764.078,23.922,5.762,222,13,40,,
T,2023-05-13 19:14:14,6.28568500,-75.59498667,3.00,1764.678,23.922,6.720,219,13,40,,
T,2023-05-13 19:14:15,6.28563833,-75.59502500,3.00,1765.178,23.922,6.757,218,13,40,,
T,2023-05-13 19:14:16,6.28560000,-75.59507667,2.90,1765.877,23.923,7.725,225,13,40,,
T,2023-05-13 19:14:17,6.28556333,-75.59513833,2.90,1766.577,23.923,7.756,232,14,40,,
T,2023-05-13 19:14:18,6.28553333,-75.59519500,2.90,1767.177,23.923,6.767,234,13,40,,
T,2023-05-13 19:14:19,6.28551333,-75.59525000,2.90,1767.776,23.924,6.265,244,14,40,,
T,2023-05-13 19:14:20,6.28549833,-75.59530167,3.00,1768.576,23.924,5.367,246,14,40,,
T,2023-05-13 19:14:21,6.28549500,-75.59534167,3.00,1768.676,23.924,4.574,254,15,40,,
T,2023-05-13 19:14:22,6.28551500,-75.59538500,3.20,1768.976,23.924,4.474,268,15,40,,
T,2023-05-13 19:14:23,6.28553833,-75.59541833,3.20,1769.375,23.925,3.976,280,15,40,,
T,2023-05-13 19:14:24,6.28555000,-75.59542167,3.20,1769.675,23.925,2.807,294,15,40,,
T,2023-05-13 19:14:25,6.28555167,-75.59542167,3.20,1769.875,23.925,1.453,294,15,40,,
T,2023-05-13 19:14:26,6.28554333,-75.59541833,3.10,1770.075,23.925,0.000,,14,40,,
T,2023-05-13 19:14:27,6.28555167,-75.59542167,3.10,1770.375,23.925,0.000,,14,40,,
T,2023-05-13 19:14:28,6.28555333,-75.59542500,3.10,1770.675,23.925,0.000,,14,40,,
T,2023-05-13 19:14:29,6.28555333,-75.59542500,3.10,1770.675,23.925,0.000,,16,40,,
T,2023-05-13 19:14:30,6.28555333,-75.59542500,3.10,1770.675,23.925,0.000,,16,40,,
T,2023-05-13 19:14:31,6.28555333,-75.59542500,3.00,1770.675,23.925,0.000,,16,40,,
T,2023-05-13 19:14:32,6.28555333,-75.59542500,2.90,1770.675,23.925,0.000,,16,40,,
T,2023-05-13 19:14:33,6.28555333,-75.59542500,2.90,1770.675,23.925,0.000,,16,40,,
T,2023-05-13 19:14:34,6.28555333,-75.59542500,2.80,1770.675,23.925,0.000,,16,40,,
T,2023-05-13 19:14:35,6.28555333,-75.59542500,2.80,1770.675,23.925,0.000,,16,40,,
T,2023-05-13 19:14:36,6.28555333,-75.59542500,2.70,1770.675,23.925,0.000,,16,40,,
T,2023-05-13 19:14:37,6.28555333,-75.59542500,1.20,1770.675,23.925,0.000,,15,40,,
T,2023-05-13 19:14:38,6.28555333,-75.59542500,1.10,1770.675,23.925,0.000,,15,40,,
T,2023-05-13 19:14:39,6.28555333,-75.59542500,1.00,1770.675,23.925,0.000,,15,40,,
T,2023-05-13 19:14:41,6.28555333,-75.59542500,1.60,1770.675,23.925,0.000,,15,40,,
T,2023-05-13 19:14:42,6.28555333,-75.59542500,1.80,1770.675,23.925,0.000,,15,40,,
T,2023-05-13 19:14:43,6.28555333,-75.59542500,2.00,1770.675,23.925,0.000,,15,40,,
T,2023-05-13 19:14:44,6.28555333,-75.59542500,1.20,1770.675,23.925,0.000,,14,40,,
T,2023-05-13 19:14:45,6.28555333,-75.59542500,1.10,1770.675,23.925,0.000,,14,40,,
T,2023-05-13 19:14:46,6.28555333,-75.59542500,1.50,1770.675,23.925,0.000,,15,40,,
T,2023-05-13 19:14:47,6.28550333,-75.59541667,1.80,1772.575,23.925,1.092,354,15,40,,
T,2023-05-13 19:14:48,6.28551167,-75.59541500,2.00,1772.375,23.925,0.000,,15,40,,
T,2023-05-13 19:14:49,6.28551667,-75.59541833,2.10,1772.175,23.925,0.000,,15,40,,
T,2023-05-13 19:14:50,6.28551667,-75.59542333,2.20,1771.975,23.925,0.000,,16,40,,
T,2023-05-13 19:14:51,6.28551667,-75.59542333,2.30,1771.975,23.925,0.000,,16,40,,
T,2023-05-13 19:14:52,6.28551667,-75.59542333,2.30,1771.975,23.925,0.000,,16,40,,
T,2023-05-13 19:14:53,6.28551667,-75.59542333,2.40,1771.975,23.925,0.000,,18,40,,
T,2023-05-13 19:14:54,6.28551667,-75.59542333,2.60,1771.975,23.925,0.000,,17,40,,
T,2023-05-13 19:14:55,6.28551667,-75.59542333,2.90,1771.975,23.925,0.000,,15,40,,
T,2023-05-13 19:14:56,6.28549667,-75.59549333,3.20,1770.475,23.925,1.842,250,15,40,,
T,2023-05-13 19:14:57,6.28549000,-75.59551000,3.10,1770.175,23.925,2.122,267,12,40,,
T,2023-05-13 19:14:58,6.28548333,-75.59551500,3.20,1769.775,23.925,1.800,263,11,40,,
T,2023-05-13 19:14:59,6.28547833,-75.59552333,3.20,1769.575,23.925,1.555,244,11,40,,
T,2023-05-13 19:15:00,6.28547333,-75.59554167,3.00,1769.275,23.925,1.038,246,13,40,,
T,2023-05-13 19:15:01,6.28546333,-75.59555833,2.90,1769.074,23.926,1.063,233,16,40,,
T,2023-05-13 19:15:02,6.28546000,-75.59556833,2.80,1768.774,23.926,0.000,,16,40,,
T,2023-05-13 19:15:03,6.28545667,-75.59557500,2.70,1768.474,23.926,0.000,,20,40,,
T,2023-05-13 19:15:04,6.28545667,-75.59558167,2.70,1768.174,23.926,0.000,,20,40,,
T,2023-05-13 19:15:05,6.28545667,-75.59558167,2.60,1768.174,23.926,0.000,,21,40,,
T,2023-05-13 19:15:06,6.28545667,-75.59558167,2.60,1768.174,23.926,0.000,,20,40,,
T,2023-05-13 19:15:07,6.28545667,-75.59558167,2.60,1768.174,23.926,0.000,,20,40,,
T,2023-05-13 19:15:08,6.28545667,-75.59558167,2.60,1768.174,23.926,0.000,,20,40,,
T,2023-05-13 19:15:09,6.28545667,-75.59558167,2.60,1768.174,23.926,0.000,,19,40,,
T,2023-05-13 19:15:10,6.28545667,-75.59558167,2.60,1768.174,23.926,0.000,,19,40,,
T,2023-05-13 19:15:11,6.28545667,-75.59558167,2.70,1768.174,23.926,0.000,,19,40,,
T,2023-05-13 19:15:12,6.28545667,-75.59558167,2.70,1768.174,23.926,0.000,,18,40,,
T,2023-05-13 19:15:13,6.28545667,-75.59558167,2.70,1768.174,23.926,0.000,,18,40,,
T,2023-05-13 19:15:14,6.28545667,-75.59558167,2.70,1768.174,23.926,0.000,,18,40,,
T,2023-05-13 19:15:15,6.28545667,-75.59558167,2.80,1768.174,23.926,0.000,,18,40,,
T,2023-05-13 19:15:16,6.28545667,-75.59558167,2.80,1768.174,23.926,0.000,,18,40,,
T,2023-05-13 19:15:17,6.28545667,-75.59558167,2.80,1768.174,23.926,0.000,,18,40,,
T,2023-05-13 19:15:18,6.28545667,-75.59558167,2.80,1768.174,23.926,0.000,,18,40,,
T,2023-05-13 19:15:19,6.28545667,-75.59558167,2.90,1768.174,23.926,0.000,,18,40,,
T,2023-05-13 19:15:20,6.28545667,-75.59558167,2.90,1768.174,23.926,0.000,,18,40,,
T,2023-05-13 19:15:21,6.28545667,-75.59558167,2.90,1768.174,23.926,0.000,,17,40,,
T,2023-05-13 19:15:22,6.28545667,-75.59558167,2.90,1768.174,23.926,0.000,,17,40,,
T,2023-05-13 19:15:23,6.28541667,-75.59563833,2.90,1764.774,23.926,1.221,218,17,40,,
T,2023-05-13 19:15:24,6.28541333,-75.59564333,3.00,1764.574,23.926,0.000,,17,40,,
T,2023-05-13 19:15:25,6.28542667,-75.59563833,3.00,1764.274,23.926,0.000,,17,40,,
T,2023-05-13 19:15:26,6.28542333,-75.59564333,3.00,1764.074,23.926,0.000,,17,40,,
T,2023-05-13 19:15:27,6.28540833,-75.59563833,3.00,1763.874,23.926,1.740,179,17,40,,
T,2023-05-13 19:15:28,6.28539833,-75.59563667,3.10,1763.674,23.926,1.308,182,17,40,,
T,2023-05-13 19:15:29,6.28539333,-75.59563333,3.20,1763.374,23.926,0.000,,17,40,,
T,2023-05-13 19:15:30,6.28539500,-75.59563333,3.20,1763.274,23.926,0.000,,16,40,,
T,2023-05-13 19:15:31,6.28539500,-75.59563000,3.30,1763.074,23.926,0.000,,14,40,,
T,2023-05-13 19:15:32,6.28539500,-75.59563000,3.30,1763.074,23.926,0.000,,14,40,,
T,2023-05-13 19:15:33,6.28539500,-75.59563000,3.30,1763.074,23.926,0.000,,13,40,,
T,2023-05-13 19:15:34,6.28539500,-75.59563000,3.40,1763.074,23.926,0.000,,12,40,,
T,2023-05-13 19:15:35,6.28539500,-75.59563000,1.20,1763.074,23.926,0.000,,11,40,,
T,2023-05-13 19:15:36,6.28539500,-75.59563000,1.10,1763.074,23.926,0.000,,11,40,,
T,2023-05-13 19:15:37,6.28539500,-75.59563000,1.10,1763.074,23.926,0.000,,11,40,,
T,2023-05-13 19:15:38,6.28539500,-75.59563000,1.90,1763.074,23.926,0.000,,11,40,,
T,2023-05-13 19:15:39,6.28539500,-75.59563000,2.50,1763.074,23.926,0.000,,10,40,,
T,2023-05-13 19:15:40,6.28539500,-75.59563000,3.00,1763.074,23.926,0.000,,10,40,,
T,2023-05-13 19:15:41,6.28539500,-75.59563000,3.40,1763.074,23.926,0.000,,10,40,,
T,2023-05-13 19:15:42,6.28539500,-75.59563000,3.80,1763.074,23.926,0.000,,10,40,,
T,2023-05-13 19:15:43,6.28539500,-75.59563000,4.10,1763.074,23.926,0.000,,10,40,,
T,2023-05-13 19:15:44,6.28539500,-75.59563000,4.30,1763.074,23.926,0.000,,10,40,,
T,2023-05-13 19:15:45,6.28539500,-75.59563000,4.60,1763.074,23.926,0.000,,8,40,,
T,2023-05-13 19:15:46,6.28539500,-75.59563000,4.80,1763.074,23.926,0.000,,7,40,,
T,2023-05-13 19:15:47,6.28539500,-75.59563000,5.10,1763.074,23.926,0.000,,7,40,,
T,2023-05-13 19:15:48,6.28539500,-75.59563000,5.40,1763.074,23.926,0.000,,6,40,,
T,2023-05-13 19:15:49,6.28539500,-75.59563000,5.70,1763.074,23.926,0.000,,5,40,,
T,2023-05-13 19:15:50,6.28539500,-75.59563000,6.10,1763.074,23.926,0.000,,5,40,,
T,2023-05-13 19:15:51,6.28531333,-75.59559500,6.50,1761.674,23.926,0.805,174,4,40,,
T,2023-05-13 19:15:52,6.28530833,-75.59559000,6.90,1761.674,23.926,0.000,,4,40,,
T,2023-05-13 19:15:53,6.28531167,-75.59557833,7.30,1761.574,23.926,0.000,,5,40,,
T,2023-05-13 19:15:54,6.28532000,-75.59556667,7.70,1761.574,23.926,0.000,,4,40,,
