type,date time,latitude,longitude,accuracy(m),altitude(m),geoid_height(m),speed(m/s),bearing(deg),sat_used,sat_inview,name,desc
T,2023-03-04 16:31:05,6.22576531,-75.57156014,9.09,1497.496,23.929,0.000,,22,29,20230304-113105,GPS Logger: 20230304-113105 - Fz16-5
T,2023-03-04 16:31:06,6.22575119,-75.57156647,8.38,1497.875,23.929,0.000,,22,28,,
T,2023-03-04 16:31:07,6.22572987,-75.57158257,7.53,1498.096,23.929,0.000,,22,30,,
T,2023-03-04 16:31:08,6.22572259,-75.57158828,6.70,1500.153,23.929,0.000,,22,29,,
T,2023-03-04 16:31:09,6.22572611,-75.57158523,6.61,1500.596,23.929,0.000,,22,29,,
T,2023-03-04 16:31:10,6.22572913,-75.57158132,6.56,1500.587,23.929,0.000,,22,30,,
T,2023-03-04 16:31:11,6.22572619,-75.57158409,6.24,1501.274,23.929,0.000,,21,30,,
T,2023-03-04 16:31:12,6.22572602,-75.57158434,6.00,1501.415,23.929,0.000,,22,30,,
T,2023-03-04 16:31:13,6.22572198,-75.57158597,5.95,1501.937,23.929,0.230,177,22,30,,
T,2023-03-04 16:31:14,6.22572319,-75.57158168,5.72,1502.104,23.929,0.000,,22,31,,
T,2023-03-04 16:31:15,6.22572612,-75.57158135,5.51,1502.289,23.929,0.000,,19,31,,
T,2023-03-04 16:31:16,6.22572620,-75.57157946,5.37,1502.510,23.929,0.000,,23,33,,
T,2023-03-04 16:31:17,6.22572330,-75.57158279,5.16,1502.438,23.929,0.000,,23,33,,
T,2023-03-04 16:31:18,6.22572466,-75.57158517,4.94,1502.337,23.929,0.000,,20,32,,
T,2023-03-04 16:31:19,6.22572551,-75.57158290,4.78,1502.471,23.929,0.000,,19,32,,
T,2023-03-04 16:31:20,6.22572298,-75.57158365,4.51,1502.703,23.929,0.000,,19,32,,
T,2023-03-04 16:31:21,6.22572297,-75.57158480,4.50,1502.976,23.929,0.000,,20,32,,
T,2023-03-04 16:31:22,6.22572281,-75.57158639,4.59,1502.933,23.929,0.000,,20,32,,
T,2023-03-04 16:31:23,6.22572374,-75.57158895,4.45,1502.986,23.929,0.000,,20,32,,
T,2023-03-04 16:31:24,6.22572300,-75.57158997,4.43,1503.013,23.929,0.000,,21,33,,
T,2023-03-04 16:31:25,6.22572310,-75.57158998,4.25,1503.054,23.929,0.000,,21,33,,
T,2023-03-04 16:31:26,6.22572239,-75.57159047,4.11,1503.185,23.929,0.000,,18,31,,
T,2023-03-04 16:31:27,6.22572078,-75.57159204,3.98,1503.345,23.929,0.000,,19,32,,
T,2023-03-04 16:31:28,6.22572073,-75.57159203,3.97,1503.327,23.929,0.000,,18,30,,
T,2023-03-04 16:31:29,6.22572073,-75.57159203,3.95,1503.329,23.929,0.000,,19,32,,
T,2023-03-04 16:31:30,6.22572313,-75.57160506,3.89,1503.243,23.930,1.720,283,18,32,,
T,2023-03-04 16:31:31,6.22573985,-75.57162598,3.96,1502.953,23.930,2.840,298,20,32,,
T,2023-03-04 16:31:32,6.22574816,-75.57165312,4.02,1502.647,23.930,3.260,273,20,32,,
T,2023-03-04 16:31:33,6.22575531,-75.57167518,4.02,1501.908,23.930,2.500,282,21,33,,
T,2023-03-04 16:31:34,6.22577509,-75.57169384,4.12,1500.592,23.930,3.060,289,21,32,,
T,2023-03-04 16:31:35,6.22579252,-75.57171032,4.12,1501.064,23.930,2.510,293,22,33,,
T,2023-03-04 16:31:36,6.22583547,-75.57174710,3.79,1502.631,23.930,5.130,293,22,33,,
T,2023-03-04 16:31:37,6.22584978,-75.57179139,3.79,1503.022,23.930,4.800,298,22,33,,
T,2023-03-04 16:31:38,6.22586090,-75.57181368,3.79,1501.518,23.930,2.920,297,24,33,,
T,2023-03-04 16:31:39,6.22589109,-75.57184684,3.79,1500.633,23.930,5.590,303,24,32,,
T,2023-03-04 16:31:40,6.22591835,-75.57189435,3.79,1500.977,23.931,6.380,301,24,32,,
T,2023-03-04 16:31:41,6.22594855,-75.57194292,3.79,1500.688,23.931,6.130,298,24,32,,
T,2023-03-04 16:31:42,6.22598225,-75.57199532,3.79,1499.989,23.931,6.410,306,23,31,,
T,2023-03-04 16:31:43,6.22601369,-75.57204623,3.79,1499.854,23.931,6.450,307,22,31,,
T,2023-03-04 16:31:44,6.22603909,-75.57209085,3.79,1499.898,23.931,6.010,309,22,30,,
T,2023-03-04 16:31:45,6.22606317,-75.57213366,3.79,1500.056,23.932,5.600,308,23,31,,
T,2023-03-04 16:31:46,6.22608690,-75.57217454,3.79,1499.668,23.932,4.990,306,23,31,,
T,2023-03-04 16:31:47,6.22611209,-75.57221386,3.79,1499.401,23.932,4.760,310,22,30,,
T,2023-03-04 16:31:48,6.22613333,-75.57224974,3.79,1499.263,23.932,4.270,311,22,31,,
T,2023-03-04 16:31:49,6.22615602,-75.57228465,3.79,1499.428,23.932,4.340,311,23,31,,
T,2023-03-04 16:31:50,6.22618248,-75.57231837,3.79,1499.120,23.932,4.360,312,23,31,,
T,2023-03-04 16:31:51,6.22620380,-75.57234704,3.79,1498.984,23.932,4.010,312,23,32,,
T,2023-03-04 16:31:52,6.22621747,-75.57235706,3.79,1499.129,23.932,1.630,317,23,31,,
T,2023-03-04 16:31:53,6.22622790,-75.57236570,3.79,1498.923,23.932,1.650,319,22,30,,
T,2023-03-04 16:31:54,6.22623494,-75.57237330,3.79,1497.965,23.933,1.220,327,23,31,,
T,2023-03-04 16:31:55,6.22624977,-75.57238096,3.79,1497.693,23.933,2.080,343,22,30,,
T,2023-03-04 16:31:56,6.22627367,-75.57238058,3.79,1497.306,23.932,2.830,12,22,31,,
T,2023-03-04 16:31:57,6.22630727,-75.57236549,3.79,1496.887,23.932,4.100,32,21,31,,
T,2023-03-04 16:31:58,6.22636118,-75.57234605,3.79,1496.380,23.932,5.450,31,20,31,,
T,2023-03-04 16:31:59,6.22641904,-75.57232105,3.79,1496.287,23.932,6.780,33,22,33,,
T,2023-03-04 16:32:00,6.22648482,-75.57228935,3.79,1496.103,23.932,7.920,32,24,33,,
T,2023-03-04 16:32:01,6.22655427,-75.57224957,3.79,1495.381,23.931,8.820,45,24,33,,
T,2023-03-04 16:32:02,6.22663104,-75.57219904,3.79,1495.388,23.931,9.650,36,24,32,,
T,2023-03-04 16:32:03,6.22670818,-75.57214767,3.79,1494.824,23.930,10.110,36,25,33,,
T,2023-03-04 16:32:04,6.22678034,-75.57209529,3.79,1494.541,23.930,9.700,38,25,32,,
T,2023-03-04 16:32:05,6.22685429,-75.57203930,3.79,1494.272,23.930,10.050,38,25,33,,
T,2023-03-04 16:32:06,6.22693033,-75.57197999,3.79,1494.079,23.929,10.510,38,25,33,,
T,2023-03-04 16:32:07,6.22701023,-75.57192460,3.79,1493.848,23.929,10.740,35,25,33,,
T,2023-03-04 16:32:08,6.22709287,-75.57186524,3.79,1493.995,23.928,11.090,36,25,33,,
T,2023-03-04 16:32:09,6.22716897,-75.57180135,3.79,1494.864,23.928,11.030,39,24,34,,
T,2023-03-04 16:32:10,6.22724862,-75.57174004,3.79,1494.567,23.927,10.850,39,24,34,,
T,2023-03-04 16:32:11,6.22732463,-75.57168196,3.79,1494.531,23.927,11.050,38,23,34,,
T,2023-03-04 16:32:12,6.22740660,-75.57161975,3.79,1494.584,23.926,11.010,38,24,34,,
T,2023-03-04 16:32:13,6.22748524,-75.57155779,3.79,1494.806,23.926,11.070,39,24,34,,
T,2023-03-04 16:32:14,6.22756205,-75.57149468,3.79,1494.563,23.925,11.140,40,24,34,,
T,2023-03-04 16:32:15,6.22764379,-75.57143222,3.79,1494.236,23.925,11.300,38,25,34,,
T,2023-03-04 16:32:16,6.22772101,-75.57137777,3.79,1494.197,23.924,10.430,38,25,34,,
T,2023-03-04 16:32:17,6.22779293,-75.57131914,3.79,1495.023,23.924,9.720,36,25,34,,
T,2023-03-04 16:32:18,6.22785443,-75.57127017,3.79,1495.380,23.924,8.780,37,25,34,,
T,2023-03-04 16:32:19,6.22790652,-75.57122542,3.79,1495.916,23.923,7.820,39,25,34,,
T,2023-03-04 16:32:20,6.22795276,-75.57118852,3.79,1496.514,23.923,6.740,36,25,34,,
T,2023-03-04 16:32:21,6.22799485,-75.57115962,3.79,1496.996,23.923,5.570,39,25,34,,
T,2023-03-04 16:32:22,6.22802838,-75.57113792,3.79,1496.675,23.923,4.680,40,25,34,,
T,2023-03-04 16:32:23,6.22805979,-75.57111569,3.93,1496.670,23.922,4.410,41,25,34,,
T,2023-03-04 16:32:24,6.22809866,-75.57108717,4.20,1496.905,23.922,4.820,40,25,34,,
T,2023-03-04 16:32:25,6.22815070,-75.57104364,3.85,1496.760,23.922,6.300,38,24,34,,
T,2023-03-04 16:32:26,6.22818345,-75.57099660,3.94,1496.181,23.922,6.370,38,25,34,,
T,2023-03-04 16:32:27,6.22823697,-75.57095608,4.15,1495.968,23.921,6.620,38,25,34,,
T,2023-03-04 16:32:28,6.22828912,-75.57092657,3.79,1495.535,23.921,6.770,38,25,34,,
T,2023-03-04 16:32:29,6.22833094,-75.57088598,3.79,1495.977,23.921,6.870,39,25,34,,
T,2023-03-04 16:32:30,6.22838099,-75.57084616,3.79,1496.296,23.920,7.160,38,25,34,,
T,2023-03-04 16:32:31,6.22842949,-75.57080922,3.79,1496.190,23.920,6.630,38,25,34,,
T,2023-03-04 16:32:32,6.22847381,-75.57078596,3.79,1495.922,23.920,5.380,36,24,34,,
T,2023-03-04 16:32:33,6.22851425,-75.57076652,3.93,1495.749,23.920,4.580,34,24,34,,
T,2023-03-04 16:32:34,6.22855237,-75.57074984,4.21,1495.915,23.920,4.240,28,21,34,,
T,2023-03-04 16:32:35,6.22859250,-75.57074273,4.40,1496.171,23.919,4.350,14,22,34,,
T,2023-03-04 16:32:36,6.22863836,-75.57075645,4.52,1495.681,23.919,4.660,344,20,33,,
T,2023-03-04 16:32:37,6.22867731,-75.57078033,5.00,1495.531,23.919,4.710,326,20,33,,
T,2023-03-04 16:32:38,6.22871322,-75.57081402,4.37,1496.147,23.920,4.780,314,20,33,,
T,2023-03-04 16:32:39,6.22875909,-75.57086878,4.31,1494.621,23.920,5.530,306,19,33,,
T,2023-03-04 16:32:40,6.22880123,-75.57091560,4.17,1495.726,23.920,6.550,305,18,32,,
T,2023-03-04 16:32:41,6.22884601,-75.57097893,4.42,1496.444,23.920,8.040,304,18,33,,
T,2023-03-04 16:32:42,6.22889395,-75.57103753,4.48,1496.697,23.920,7.600,305,18,33,,
T,2023-03-04 16:32:43,6.22894648,-75.57110103,4.60,1496.370,23.921,8.020,307,18,32,,
T,2023-03-04 16:32:44,6.22899431,-75.57117665,4.68,1494.895,23.921,8.920,308,18,32,,
T,2023-03-04 16:32:45,6.22905258,-75.57124778,4.60,1493.170,23.921,8.760,309,18,33,,
T,2023-03-04 16:32:46,6.22909909,-75.57130692,4.68,1492.948,23.921,8.230,309,17,31,,
T,2023-03-04 16:32:47,6.22914076,-75.57137500,4.40,1493.721,23.922,8.780,309,18,32,,
T,2023-03-04 16:32:48,6.22919667,-75.57144172,4.18,1493.787,23.922,9.250,308,19,32,,
T,2023-03-04 16:32:49,6.22924991,-75.57151286,4.04,1494.885,23.922,9.480,307,20,33,,
T,2023-03-04 16:32:50,6.22929663,-75.57158437,4.01,1495.141,23.922,9.260,306,22,33,,
T,2023-03-04 16:32:51,6.22934249,-75.57165002,4.11,1495.365,23.923,8.940,305,22,33,,
T,2023-03-04 16:32:52,6.22938939,-75.57171316,3.92,1496.013,23.923,9.320,305,24,33,,
T,2023-03-04 16:32:53,6.22943451,-75.57178410,3.92,1496.287,23.923,9.580,307,24,32,,
T,2023-03-04 16:32:54,6.22948960,-75.57185092,3.88,1496.945,23.923,9.660,307,24,32,,
T,2023-03-04 16:32:55,6.22953568,-75.57192233,3.84,1497.091,23.924,9.640,306,24,32,,
T,2023-03-04 16:32:56,6.22959143,-75.57198532,3.79,1497.621,23.924,9.470,306,24,32,,
T,2023-03-04 16:32:57,6.22964553,-75.57205416,3.79,1497.410,23.924,9.740,305,23,31,,
T,2023-03-04 16:32:58,6.22969515,-75.57211828,3.79,1497.785,23.924,9.520,306,24,32,,
T,2023-03-04 16:32:59,6.22974447,-75.57218621,3.79,1498.078,23.925,9.610,306,24,32,,
T,2023-03-04 16:33:00,6.22980080,-75.57225931,3.79,1497.328,23.925,9.800,307,24,32,,
T,2023-03-04 16:33:01,6.22985038,-75.57233073,3.79,1497.285,23.925,9.670,308,23,31,,
T,2023-03-04 16:33:02,6.22990412,-75.57240528,3.79,1497.892,23.926,9.680,307,24,32,,
T,2023-03-04 16:33:03,6.22995936,-75.57247842,3.79,1498.303,23.926,9.630,306,23,31,,
T,2023-03-04 16:33:04,6.23000876,-75.57254502,3.79,1498.256,23.926,9.540,306,23,31,,
T,2023-03-04 16:33:05,6.23004702,-75.57260627,3.79,1497.942,23.926,8.730,306,23,32,,
T,2023-03-04 16:33:06,6.23009565,-75.57266750,3.79,1498.452,23.927,8.480,306,23,32,,
T,2023-03-04 16:33:07,6.23014626,-75.57273778,3.79,1498.582,23.927,9.360,306,22,31,,
T,2023-03-04 16:33:08,6.23019542,-75.57280154,3.79,1498.761,23.927,8.840,305,23,32,,
T,2023-03-04 16:33:09,6.23023768,-75.57286918,3.79,1498.830,23.927,8.670,305,23,32,,
T,2023-03-04 16:33:10,6.23027078,-75.57292944,3.97,1498.487,23.928,7.650,306,22,33,,
T,2023-03-04 16:33:11,6.23030664,-75.57297308,3.84,1499.098,23.928,7.200,307,22,32,,
T,2023-03-04 16:33:12,6.23035547,-75.57303140,3.92,1498.521,23.928,7.480,308,24,32,,
T,2023-03-04 16:33:13,6.23040632,-75.57308766,4.15,1497.726,23.928,7.910,310,24,33,,
T,2023-03-04 16:33:14,6.23046673,-75.57315615,3.79,1497.371,23.928,9.250,308,24,34,,
T,2023-03-04 16:33:15,6.23051749,-75.57322393,3.79,1497.240,23.929,9.580,309,25,34,,
T,2023-03-04 16:33:16,6.23057365,-75.57329797,3.79,1497.286,23.929,10.070,306,24,33,,
T,2023-03-04 16:33:17,6.23063159,-75.57337851,3.79,1497.674,23.929,10.490,305,23,33,,
T,2023-03-04 16:33:18,6.23069412,-75.57345664,3.87,1496.484,23.929,11.000,306,24,33,,
T,2023-03-04 16:33:19,6.23075703,-75.57354805,4.17,1496.543,23.930,11.660,305,24,33,,
T,2023-03-04 16:33:20,6.23082061,-75.57363155,4.27,1496.514,23.930,11.340,307,23,33,,
T,2023-03-04 16:33:21,6.23087633,-75.57370844,4.36,1496.423,23.930,10.510,307,22,33,,
T,2023-03-04 16:33:22,6.23093219,-75.57377620,4.10,1496.967,23.931,9.890,307,22,34,,
T,2023-03-04 16:33:23,6.23098767,-75.57383636,3.91,1496.332,23.931,9.150,307,23,34,,
T,2023-03-04 16:33:24,6.23103576,-75.57390006,3.88,1495.562,23.931,8.770,308,24,35,,
T,2023-03-04 16:33:25,6.23108584,-75.57395711,3.86,1495.037,23.931,8.380,311,25,35,,
T,2023-03-04 16:33:26,6.23114321,-75.57400280,3.99,1494.768,23.931,8.540,320,26,35,,
T,2023-03-04 16:33:27,6.23121172,-75.57405102,4.12,1494.213,23.932,9.060,325,25,35,,
T,2023-03-04 16:33:28,6.23128385,-75.57410094,4.25,1493.613,23.932,9.280,325,25,35,,
T,2023-03-04 16:33:29,6.23135216,-75.57414894,4.04,1493.466,23.932,9.190,327,25,35,,
T,2023-03-04 16:33:30,6.23141787,-75.57418728,3.93,1493.377,23.932,8.450,331,21,34,,
T,2023-03-04 16:33:31,6.23147201,-75.57421570,3.85,1493.126,23.932,6.930,335,19,34,,
T,2023-03-04 16:33:32,6.23152298,-75.57423456,4.02,1493.563,23.932,6.080,339,21,33,,
T,2023-03-04 16:33:33,6.23155080,-75.57424530,3.88,1492.770,23.932,3.850,340,21,33,,
T,2023-03-04 16:33:34,6.23157567,-75.57425910,3.84,1491.807,23.932,3.060,339,21,33,,
T,2023-03-04 16:33:35,6.23160108,-75.57426511,3.79,1491.454,23.932,2.660,344,21,33,,
T,2023-03-04 16:33:36,6.23162272,-75.57427554,3.79,1490.507,23.932,2.410,345,21,33,,
T,2023-03-04 16:33:37,6.23163873,-75.57428231,3.79,1490.036,23.932,2.330,340,21,33,,
T,2023-03-04 16:33:38,6.23166243,-75.57428859,3.79,1490.072,23.932,2.650,347,21,33,,
T,2023-03-04 16:33:39,6.23169283,-75.57429676,3.79,1489.901,23.932,3.460,345,20,33,,
T,2023-03-04 16:33:40,6.23173522,-75.57430787,3.79,1489.866,23.932,4.830,344,20,34,,
T,2023-03-04 16:33:41,6.23179589,-75.57432083,3.79,1489.376,23.932,6.180,345,20,34,,
T,2023-03-04 16:33:42,6.23185871,-75.57433908,3.79,1489.504,23.932,7.080,346,22,34,,
T,2023-03-04 16:33:43,6.23193252,-75.57435884,3.79,1489.388,23.932,8.370,347,22,34,,
T,2023-03-04 16:33:44,6.23201622,-75.57437625,3.79,1488.933,23.932,9.410,347,22,35,,
T,2023-03-04 16:33:45,6.23210498,-75.57439506,3.79,1488.610,23.932,10.030,348,25,34,,
T,2023-03-04 16:33:46,6.23219804,-75.57441317,3.79,1488.151,23.932,10.470,349,25,34,,
T,2023-03-04 16:33:47,6.23229205,-75.57443273,3.79,1488.143,23.931,10.620,348,25,35,,
T,2023-03-04 16:33:48,6.23237612,-75.57444915,3.79,1488.018,23.931,9.790,348,26,35,,
T,2023-03-04 16:33:49,6.23245138,-75.57446843,3.79,1488.107,23.931,8.600,344,24,34,,
T,2023-03-04 16:33:50,6.23251095,-75.57448563,3.79,1487.860,23.931,7.130,342,24,34,,
T,2023-03-04 16:33:51,6.23256649,-75.57449994,3.79,1487.564,23.931,6.380,347,25,35,,
T,2023-03-04 16:33:52,6.23261783,-75.57451038,3.79,1487.459,23.931,5.860,351,25,35,,
T,2023-03-04 16:33:53,6.23266442,-75.57451581,3.79,1487.324,23.931,5.200,354,26,35,,
T,2023-03-04 16:33:54,6.23269383,-75.57451861,3.79,1486.689,23.931,4.100,358,26,35,,
T,2023-03-04 16:33:55,6.23271650,-75.57452064,3.79,1486.914,23.931,2.780,353,26,35,,
T,2023-03-04 16:33:56,6.23272868,-75.57452405,3.79,1486.765,23.931,1.670,350,26,35,,
T,2023-03-04 16:33:57,6.23273340,-75.57453041,3.79,1486.407,23.931,0.540,352,26,35,,
T,2023-03-04 16:33:58,6.23273026,-75.57453138,3.79,1485.914,23.931,0.000,,24,34,,
T,2023-03-04 16:33:59,6.23272892,-75.57453035,3.79,1485.603,23.931,0.000,,26,35,,
T,2023-03-04 16:34:00,6.23272734,-75.57453014,3.79,1485.163,23.931,0.000,,26,35,,
T,2023-03-04 16:34:01,6.23272625,-75.57452997,3.79,1485.046,23.931,0.000,,26,35,,
T,2023-03-04 16:34:02,6.23272648,-75.57453140,3.79,1484.883,23.931,0.000,,26,35,,
T,2023-03-04 16:34:03,6.23272755,-75.57453340,3.79,1484.839,23.931,0.000,,26,35,,
T,2023-03-04 16:34:04,6.23272814,-75.57453441,3.79,1484.652,23.931,0.000,,25,35,,
T,2023-03-04 16:34:05,6.23272986,-75.57453614,3.79,1484.555,23.931,0.000,,26,34,,
T,2023-03-04 16:34:06,6.23273028,-75.57453566,3.79,1484.735,23.931,0.000,,24,33,,
T,2023-03-04 16:34:07,6.23272898,-75.57453572,3.79,1484.802,23.931,0.000,,25,34,,
T,2023-03-04 16:34:08,6.23272850,-75.57453543,3.79,1484.739,23.931,0.000,,26,34,,
T,2023-03-04 16:34:09,6.23272836,-75.57453543,3.79,1484.768,23.931,0.000,,26,34,,
T,2023-03-04 16:34:10,6.23272844,-75.57453563,3.79,1484.767,23.931,0.000,,26,34,,
T,2023-03-04 16:34:11,6.23272881,-75.57453571,3.79,1484.792,23.931,0.000,,26,34,,
T,2023-03-04 16:34:12,6.23272882,-75.57453571,3.79,1484.790,23.931,0.000,,26,34,,
T,2023-03-04 16:34:13,6.23272886,-75.57453573,3.79,1484.789,23.931,0.000,,26,34,,
T,2023-03-04 16:34:14,6.23272887,-75.57453574,3.79,1484.787,23.931,0.000,,26,34,,
T,2023-03-04 16:34:15,6.23272888,-75.57453574,3.79,1484.788,23.931,0.000,,26,34,,
T,2023-03-04 16:34:16,6.23272891,-75.57453575,3.79,1484.788,23.931,0.000,,26,33,,
T,2023-03-04 16:34:17,6.23272892,-75.57453575,3.79,1484.788,23.931,0.000,,26,34,,
T,2023-03-04 16:34:18,6.23272893,-75.57453576,3.79,1484.784,23.931,0.000,,26,34,,
T,2023-03-04 16:34:19,6.23272891,-75.57453575,3.79,1484.781,23.931,0.000,,26,34,,
T,2023-03-04 16:34:20,6.23272891,-75.57453576,3.79,1484.779,23.931,0.000,,26,34,,
T,2023-03-04 16:34:21,6.23272891,-75.57453576,3.79,1484.780,23.931,0.000,,24,34,,
T,2023-03-04 16:34:22,6.23272893,-75.57453576,3.79,1484.780,23.931,0.000,,24,34,,
T,2023-03-04 16:34:23,6.23274165,-75.57453784,3.79,1484.481,23.931,1.070,352,24,34,,
T,2023-03-04 16:34:24,6.23277602,-75.57453936,3.79,1484.962,23.931,3.400,355,26,34,,
T,2023-03-04 16:34:25,6.23282971,-75.57454615,3.79,1484.962,23.931,5.300,347,26,34,,
T,2023-03-04 16:34:26,6.23288753,-75.57455624,3.79,1484.399,23.931,5.820,353,26,34,,
T,2023-03-04 16:34:27,6.23294174,-75.57456553,3.79,1483.901,23.931,6.250,350,26,34,,
T,2023-03-04 16:34:28,6.23300735,-75.57457560,3.79,1483.641,23.931,6.600,351,26,35,,
T,2023-03-04 16:34:29,6.23307397,-75.57458502,3.79,1483.524,23.931,7.030,352,26,35,,
T,2023-03-04 16:34:30,6.23313879,-75.57459322,3.79,1483.207,23.931,7.100,352,26,35,,
T,2023-03-04 16:34:31,6.23319913,-75.57460063,3.79,1483.398,23.931,6.910,352,26,35,,
T,2023-03-04 16:34:32,6.23325380,-75.57460818,3.79,1483.307,23.931,6.130,351,26,35,,
T,2023-03-04 16:34:33,6.23328817,-75.57461419,3.79,1483.086,23.930,3.910,343,25,35,,
T,2023-03-04 16:34:34,6.23330886,-75.57461961,3.79,1483.544,23.930,2.760,354,25,34,,
T,2023-03-04 16:34:35,6.23333174,-75.57461987,3.79,1483.079,23.930,2.470,357,25,35,,
T,2023-03-04 16:34:36,6.23335690,-75.57462738,3.79,1482.921,23.930,2.620,354,25,35,,
T,2023-03-04 16:34:37,6.23338969,-75.57463497,3.79,1482.797,23.930,3.760,345,25,35,,
T,2023-03-04 16:34:38,6.23343196,-75.57464397,3.79,1482.619,23.930,4.900,349,25,35,,
T,2023-03-04 16:34:39,6.23347900,-75.57465426,3.79,1482.157,23.930,5.260,346,25,35,,
T,2023-03-04 16:34:40,6.23352841,-75.57466641,3.79,1482.029,23.930,5.750,346,25,35,,
T,2023-03-04 16:34:41,6.23359021,-75.57468147,3.79,1481.659,23.930,6.890,343,25,35,,
T,2023-03-04 16:34:42,6.23365359,-75.57470151,3.79,1481.609,23.930,7.290,343,26,35,,
T,2023-03-04 16:34:43,6.23372058,-75.57471997,3.79,1481.517,23.930,7.650,345,26,35,,
T,2023-03-04 16:34:44,6.23378138,-75.57473391,3.79,1481.571,23.930,6.990,346,26,35,,
T,2023-03-04 16:34:45,6.23383258,-75.57474698,3.79,1481.403,23.930,6.220,344,26,35,,
T,2023-03-04 16:34:46,6.23388494,-75.57476051,3.79,1481.423,23.930,5.920,346,26,35,,
T,2023-03-04 16:34:47,6.23394002,-75.57477585,3.79,1481.577,23.930,6.320,342,26,35,,
T,2023-03-04 16:34:48,6.23400844,-75.57478732,3.79,1481.988,23.930,7.060,339,26,35,,
T,2023-03-04 16:34:49,6.23408523,-75.57481791,3.79,1482.479,23.930,8.800,336,26,35,,
T,2023-03-04 16:34:50,6.23415893,-75.57484232,3.79,1482.923,23.930,8.650,342,25,33,,
T,2023-03-04 16:34:51,6.23424045,-75.57487182,3.79,1483.008,23.930,9.420,342,24,33,,
T,2023-03-04 16:34:52,6.23432768,-75.57490456,3.79,1482.522,23.930,10.040,340,25,34,,
T,2023-03-04 16:34:53,6.23442295,-75.57494197,3.79,1481.840,23.930,10.780,339,25,34,,
T,2023-03-04 16:34:54,6.23451559,-75.57498096,3.79,1480.860,23.930,10.790,338,25,34,,
T,2023-03-04 16:34:55,6.23460075,-75.57501482,3.79,1480.784,23.930,10.240,338,25,34,,
T,2023-03-04 16:34:56,6.23468718,-75.57505017,3.79,1480.601,23.930,10.390,339,24,34,,
T,2023-03-04 16:34:57,6.23478055,-75.57508258,3.79,1480.359,23.930,10.570,340,24,34,,
T,2023-03-04 16:34:58,6.23487163,-75.57511380,3.79,1480.758,23.930,10.730,341,25,34,,
T,2023-03-04 16:34:59,6.23496726,-75.57514397,3.79,1480.464,23.930,10.790,340,25,34,,
T,2023-03-04 16:35:00,6.23505416,-75.57517852,3.79,1480.244,23.930,10.460,339,24,34,,
T,2023-03-04 16:35:01,6.23514414,-75.57521148,3.79,1479.978,23.930,10.560,339,24,34,,
T,2023-03-04 16:35:02,6.23523231,-75.57524624,3.79,1479.374,23.930,10.500,339,25,34,,
T,2023-03-04 16:35:03,6.23532711,-75.57528132,3.79,1479.084,23.930,10.930,342,24,33,,
T,2023-03-04 16:35:04,6.23542237,-75.57531747,3.79,1479.074,23.930,11.550,340,23,33,,
T,2023-03-04 16:35:05,6.23552517,-75.57535067,3.79,1478.912,23.930,11.870,341,23,33,,
T,2023-03-04 16:35:06,6.23562388,-75.57538531,3.79,1478.609,23.930,11.540,341,25,35,,
T,2023-03-04 16:35:07,6.23572327,-75.57542241,3.79,1478.073,23.930,11.400,341,25,35,,
T,2023-03-04 16:35:08,6.23581926,-75.57545515,3.79,1477.670,23.930,10.810,342,24,35,,
T,2023-03-04 16:35:09,6.23591472,-75.57548697,3.79,1477.734,23.930,11.260,343,25,35,,
T,2023-03-04 16:35:10,6.23601657,-75.57551514,3.79,1477.757,23.930,11.680,343,25,35,,
T,2023-03-04 16:35:11,6.23612102,-75.57554719,3.79,1477.192,23.930,11.930,342,23,34,,
T,2023-03-04 16:35:12,6.23621974,-75.57558273,3.79,1477.006,23.930,12.040,340,23,34,,
T,2023-03-04 16:35:13,6.23631992,-75.57562198,3.79,1476.830,23.930,11.930,339,23,35,,
T,2023-03-04 16:35:14,6.23641537,-75.57566473,3.79,1476.484,23.930,11.440,338,23,35,,
T,2023-03-04 16:35:15,6.23651083,-75.57570568,3.79,1476.452,23.930,11.540,337,23,35,,
T,2023-03-04 16:35:16,6.23660650,-75.57574628,3.79,1476.616,23.930,11.680,336,24,34,,
T,2023-03-04 16:35:17,6.23669877,-75.57578857,3.79,1476.519,23.930,11.310,335,24,34,,
T,2023-03-04 16:35:18,6.23678764,-75.57582683,3.79,1476.665,23.930,10.780,335,24,34,,
T,2023-03-04 16:35:19,6.23687485,-75.57586715,3.79,1477.099,23.930,10.580,335,25,35,,
T,2023-03-04 16:35:20,6.23696218,-75.57590847,3.79,1476.772,23.930,10.720,334,25,35,,
T,2023-03-04 16:35:21,6.23705091,-75.57595465,3.79,1476.512,23.930,11.540,334,24,35,,
T,2023-03-04 16:35:22,6.23715560,-75.57600169,3.79,1477.026,23.930,12.250,335,24,35,,
T,2023-03-04 16:35:23,6.23726644,-75.57604645,3.79,1477.229,23.930,12.890,335,23,34,,
T,2023-03-04 16:35:24,6.23737911,-75.57610269,3.79,1476.877,23.930,13.760,337,23,34,,
T,2023-03-04 16:35:25,6.23749963,-75.57614971,3.79,1476.699,23.930,14.210,338,25,35,,
T,2023-03-04 16:35:26,6.23762993,-75.57619678,3.79,1476.784,23.930,14.880,339,24,35,,
T,2023-03-04 16:35:27,6.23776835,-75.57624848,3.79,1477.196,23.930,15.770,344,24,35,,
T,2023-03-04 16:35:28,6.23790366,-75.57630353,3.79,1477.712,23.930,16.030,341,23,34,,
T,2023-03-04 16:35:29,6.23803544,-75.57635466,3.79,1478.185,23.930,15.980,340,23,34,,
T,2023-03-04 16:35:30,6.23817174,-75.57640211,3.79,1478.370,23.930,15.590,340,24,34,,
T,2023-03-04 16:35:31,6.23829921,-75.57644907,3.79,1477.586,23.930,14.860,340,25,35,,
T,2023-03-04 16:35:32,6.23842098,-75.57649236,3.79,1477.608,23.930,14.400,341,25,35,,
T,2023-03-04 16:35:33,6.23854206,-75.57653729,3.79,1477.689,23.930,14.400,341,25,35,,
T,2023-03-04 16:35:34,6.23867505,-75.57658144,3.79,1476.974,23.930,15.070,342,25,35,,
T,2023-03-04 16:35:35,6.23880932,-75.57663023,3.79,1476.286,23.930,15.520,340,25,35,,
T,2023-03-04 16:35:36,6.23894662,-75.57668233,3.79,1476.040,23.930,16.130,338,25,35,,
T,2023-03-04 16:35:37,6.23908821,-75.57673680,3.79,1475.489,23.930,16.380,338,24,35,,
T,2023-03-04 16:35:38,6.23922800,-75.57678977,3.79,1475.332,23.930,16.620,339,23,34,,
T,2023-03-04 16:35:39,6.23936925,-75.57684096,3.79,1474.850,23.930,16.560,340,23,34,,
T,2023-03-04 16:35:40,6.23950715,-75.57689031,3.79,1474.697,23.930,16.120,341,23,34,,
T,2023-03-04 16:35:41,6.23964189,-75.57693903,3.79,1474.913,23.930,15.700,341,24,35,,
T,2023-03-04 16:35:42,6.23977899,-75.57698559,3.79,1474.866,23.930,15.680,339,23,34,,
T,2023-03-04 16:35:43,6.23991396,-75.57703637,3.79,1474.520,23.930,15.660,339,23,34,,
T,2023-03-04 16:35:44,6.24006012,-75.57708537,3.79,1474.212,23.930,16.290,340,24,35,,
T,2023-03-04 16:35:45,6.24020146,-75.57713930,3.79,1473.711,23.930,16.540,340,24,35,,
T,2023-03-04 16:35:46,6.24033846,-75.57720457,3.79,1473.700,23.930,16.790,338,25,35,,
T,2023-03-04 16:35:47,6.24047920,-75.57725986,3.79,1473.305,23.930,16.930,339,25,35,,
T,2023-03-04 16:35:48,6.24062047,-75.57731397,3.79,1473.265,23.930,16.980,339,25,34,,
T,2023-03-04 16:35:49,6.24076697,-75.57736667,3.79,1473.051,23.930,16.940,340,25,34,,
T,2023-03-04 16:35:50,6.24090213,-75.57741839,3.79,1472.224,23.930,17.340,341,25,34,,
T,2023-03-04 16:35:51,6.24105242,-75.57747027,3.79,1471.802,23.930,17.800,341,25,34,,
T,2023-03-04 16:35:52,6.24120859,-75.57752530,3.79,1471.214,23.930,18.090,340,25,34,,
T,2023-03-04 16:35:53,6.24136201,-75.57757916,3.79,1470.844,23.930,18.060,340,25,34,,
T,2023-03-04 16:35:54,6.24151428,-75.57763151,3.79,1470.650,23.930,17.760,341,25,34,,
T,2023-03-04 16:35:55,6.24166785,-75.57768340,3.79,1470.530,23.930,17.800,341,23,34,,
T,2023-03-04 16:35:56,6.24182044,-75.57773543,3.79,1470.271,23.930,17.740,341,23,34,,
T,2023-03-04 16:35:57,6.24197853,-75.57778605,3.79,1470.717,23.930,17.470,341,22,34,,
T,2023-03-04 16:35:58,6.24213412,-75.57784474,3.79,1471.115,23.930,17.550,340,21,34,,
T,2023-03-04 16:35:59,6.24228795,-75.57790673,4.96,1471.056,23.930,17.790,340,20,34,,
T,2023-03-04 16:36:00,6.24244043,-75.57796276,6.89,1470.876,23.930,17.700,340,20,34,,
T,2023-03-04 16:36:01,6.24258452,-75.57801829,9.66,1470.326,23.930,17.670,340,20,34,,
T,2023-03-04 16:36:02,6.24273444,-75.57807362,13.03,1470.357,23.930,17.630,340,20,34,,
T,2023-03-04 16:36:03,6.24288385,-75.57812881,17.33,1470.365,23.930,17.630,340,14,34,,
T,2023-03-04 16:36:04,6.24303326,-75.57818350,22.76,1470.375,23.930,17.620,340,8,34,,
T,2023-03-04 16:36:34,6.24674827,-75.57940991,9.70,1477.127,23.929,13.490,344,24,34,,
T,2023-03-04 16:36:35,6.24685463,-75.57943453,7.92,1478.721,23.929,13.020,343,25,34,,
T,2023-03-04 16:36:36,6.24696918,-75.57947422,6.26,1478.914,23.929,13.710,342,24,33,,
T,2023-03-04 16:36:37,6.24709103,-75.57951548,5.30,1478.807,23.929,14.070,342,24,33,,
T,2023-03-04 16:36:38,6.24720839,-75.57956123,4.77,1478.852,23.929,14.390,341,25,34,,
T,2023-03-04 16:36:39,6.24732023,-75.57960385,4.23,1479.283,23.929,13.840,341,25,34,,
T,2023-03-04 16:36:40,6.24742265,-75.57965123,4.15,1477.569,23.929,12.850,341,24,35,,
T,2023-03-04 16:36:41,6.24752319,-75.57968213,4.02,1477.360,23.929,11.290,341,23,35,,
T,2023-03-04 16:36:42,6.24761298,-75.57970892,3.79,1477.266,23.929,10.060,343,23,34,,
T,2023-03-04 16:36:43,6.24769527,-75.57972951,3.79,1477.461,23.929,9.520,345,23,35,,
T,2023-03-04 16:36:44,6.24776798,-75.57975372,3.79,1476.607,23.929,8.580,348,23,34,,
T,2023-03-04 16:36:45,6.24782085,-75.57976160,3.79,1473.872,23.929,9.060,354,24,35,,
T,2023-03-04 16:36:46,6.24790830,-75.57977194,3.79,1473.742,23.929,9.980,354,24,35,,
T,2023-03-04 16:36:47,6.24804640,-75.57977338,3.79,1472.649,23.929,11.660,357,24,35,,
T,2023-03-04 16:36:48,6.24816103,-75.57976218,3.79,1471.450,23.928,12.500,359,22,34,,
T,2023-03-04 16:36:49,6.24827976,-75.57975670,3.79,1470.495,23.928,13.130,3,22,34,,
T,2023-03-04 16:36:50,6.24840253,-75.57973413,3.79,1471.000,23.928,13.360,11,23,35,,
T,2023-03-04 16:36:51,6.24851816,-75.57970597,3.79,1471.039,23.927,13.140,16,23,35,,
T,2023-03-04 16:36:52,6.24861242,-75.57966965,3.79,1471.633,23.927,11.980,20,24,35,,
T,2023-03-04 16:36:53,6.24868666,-75.57963915,3.79,1470.891,23.927,10.330,24,24,35,,
T,2023-03-04 16:36:54,6.24875492,-75.57960495,3.79,1470.695,23.926,9.280,26,25,35,,
T,2023-03-04 16:36:55,6.24882006,-75.57957465,3.79,1471.056,23.926,9.040,23,25,35,,
T,2023-03-04 16:36:56,6.24890428,-75.57954320,3.79,1471.892,23.926,9.730,24,25,35,,
T,2023-03-04 16:36:57,6.24899607,-75.57950256,3.79,1471.745,23.925,10.390,25,25,35,,
T,2023-03-04 16:36:58,6.24908352,-75.57945812,3.79,1472.704,23.925,11.000,28,24,33,,
T,2023-03-04 16:36:59,6.24917332,-75.57940961,3.79,1473.241,23.925,11.590,30,24,33,,
T,2023-03-04 16:37:00,6.24927059,-75.57935780,3.79,1473.764,23.924,12.230,29,24,33,,
T,2023-03-04 16:37:01,6.24937411,-75.57929664,3.79,1473.710,23.924,13.000,30,25,33,,
T,2023-03-04 16:37:02,6.24947940,-75.57923633,3.79,1473.513,23.923,13.640,31,25,33,,
T,2023-03-04 16:37:03,6.24959321,-75.57917310,3.79,1473.735,23.922,14.120,30,25,33,,
T,2023-03-04 16:37:04,6.24970795,-75.57910761,3.79,1473.833,23.922,14.390,30,25,33,,
T,2023-03-04 16:37:05,6.24982361,-75.57904204,3.79,1473.998,23.921,14.640,29,25,33,,
T,2023-03-04 16:37:06,6.24994020,-75.57897800,3.79,1474.186,23.921,14.770,28,25,33,,
T,2023-03-04 16:37:07,6.25005988,-75.57891429,3.79,1474.001,23.920,15.030,28,25,33,,
T,2023-03-04 16:37:08,6.25017752,-75.57884853,3.79,1473.989,23.920,15.140,28,25,33,,
T,2023-03-04 16:37:09,6.25029743,-75.57878731,3.79,1474.317,23.919,14.890,28,25,33,,
T,2023-03-04 16:37:10,6.25041002,-75.57872596,3.79,1474.150,23.918,14.270,28,25,33,,
T,2023-03-04 16:37:11,6.25051292,-75.57867012,3.79,1474.520,23.918,12.860,27,25,33,,
T,2023-03-04 16:37:12,6.25060084,-75.57862001,3.79,1474.188,23.917,11.420,27,26,33,,
T,2023-03-04 16:37:13,6.25067735,-75.57858067,3.79,1474.547,23.917,9.700,28,26,33,,
T,2023-03-04 16:37:14,6.25075085,-75.57854349,3.79,1474.450,23.917,8.730,30,26,33,,
T,2023-03-04 16:37:15,6.25081727,-75.57850589,3.79,1474.065,23.916,8.270,31,26,33,,
T,2023-03-04 16:37:16,6.25087864,-75.57847010,3.79,1474.548,23.916,8.060,33,26,33,,
T,2023-03-04 16:37:17,6.25093730,-75.57843379,3.79,1474.448,23.916,7.610,33,26,33,,
T,2023-03-04 16:37:18,6.25098954,-75.57839937,3.79,1474.573,23.915,6.940,31,26,33,,
T,2023-03-04 16:37:19,6.25104145,-75.57836415,3.79,1474.725,23.915,6.900,33,26,33,,
T,2023-03-04 16:37:20,6.25108757,-75.57833413,3.79,1474.497,23.915,6.050,30,25,33,,
T,2023-03-04 16:37:21,6.25113199,-75.57831166,3.79,1474.177,23.915,5.710,30,25,33,,
T,2023-03-04 16:37:22,6.25116671,-75.57829359,3.79,1474.217,23.914,5.140,33,25,33,,
T,2023-03-04 16:37:23,6.25120236,-75.57827231,3.79,1474.513,23.914,4.660,30,25,33,,
T,2023-03-04 16:37:24,6.25123932,-75.57825357,3.79,1474.219,23.914,4.410,28,22,33,,
T,2023-03-04 16:37:25,6.25127227,-75.57823618,3.79,1474.061,23.914,4.230,29,22,33,,
T,2023-03-04 16:37:26,6.25130228,-75.57822040,3.79,1474.791,23.914,4.390,28,21,33,,
T,2023-03-04 16:37:27,6.25134129,-75.57819868,3.79,1475.538,23.914,4.810,29,21,33,,
T,2023-03-04 16:37:28,6.25137839,-75.57817826,3.79,1475.772,23.913,4.610,30,21,33,,
T,2023-03-04 16:37:29,6.25142375,-75.57815270,3.79,1474.737,23.913,5.180,29,22,33,,
T,2023-03-04 16:37:30,6.25147568,-75.57813001,3.79,1475.216,23.913,6.290,28,23,33,,
T,2023-03-04 16:37:31,6.25152651,-75.57810505,3.79,1474.897,23.913,6.160,28,23,33,,
T,2023-03-04 16:37:32,6.25156512,-75.57808237,3.79,1475.133,23.912,5.060,30,23,33,,
T,2023-03-04 16:37:33,6.25159610,-75.57806466,3.79,1474.853,23.912,4.190,29,23,33,,
T,2023-03-04 16:37:34,6.25162713,-75.57804932,3.79,1474.444,23.912,3.940,30,23,33,,
T,2023-03-04 16:37:35,6.25166099,-75.57803124,3.79,1474.315,23.912,4.020,30,23,33,,
T,2023-03-04 16:37:36,6.25169125,-75.57801550,3.79,1474.847,23.912,3.960,29,23,33,,
T,2023-03-04 16:37:37,6.25172710,-75.57799642,3.79,1474.638,23.912,4.420,30,22,33,,
T,2023-03-04 16:37:38,6.25175649,-75.57797881,3.79,1474.003,23.911,3.500,30,22,33,,
T,2023-03-04 16:37:39,6.25178129,-75.57796418,3.79,1473.677,23.911,3.040,31,22,33,,
T,2023-03-04 16:37:40,6.25180701,-75.57794821,3.79,1473.520,23.911,3.320,29,22,33,,
T,2023-03-04 16:37:41,6.25183770,-75.57792911,3.79,1473.788,23.911,3.960,33,22,33,,
T,2023-03-04 16:37:42,6.25186753,-75.57790778,3.79,1473.441,23.911,3.940,36,22,33,,
T,2023-03-04 16:37:43,6.25189059,-75.57788721,3.79,1472.912,23.911,3.530,36,22,33,,
T,2023-03-04 16:37:44,6.25191076,-75.57786927,3.79,1472.967,23.911,3.120,35,22,33,,
T,2023-03-04 16:37:45,6.25193066,-75.57785391,3.79,1472.868,23.910,2.900,31,23,33,,
T,2023-03-04 16:37:46,6.25194938,-75.57784088,3.79,1473.170,23.910,2.630,34,23,33,,
T,2023-03-04 16:37:47,6.25196816,-75.57782907,3.79,1473.317,23.910,2.620,35,23,33,,
T,2023-03-04 16:37:48,6.25199228,-75.57781438,3.79,1473.403,23.910,3.310,32,23,33,,
T,2023-03-04 16:37:49,6.25202034,-75.57779887,3.79,1473.555,23.910,3.410,28,23,33,,
T,2023-03-04 16:37:50,6.25205140,-75.57778357,3.79,1473.630,23.910,3.570,28,22,33,,
T,2023-03-04 16:37:51,6.25207743,-75.57776850,3.79,1473.952,23.910,3.060,31,22,33,,
T,2023-03-04 16:37:52,6.25210175,-75.57775542,3.79,1473.856,23.910,2.920,31,21,33,,
T,2023-03-04 16:37:53,6.25212369,-75.57774276,3.79,1473.723,23.909,2.740,29,21,33,,
T,2023-03-04 16:37:54,6.25215116,-75.57772911,3.79,1473.846,23.909,3.410,28,21,33,,
T,2023-03-04 16:37:55,6.25218662,-75.57771016,3.79,1473.107,23.909,4.370,24,23,33,,
T,2023-03-04 16:37:56,6.25222689,-75.57769143,3.79,1473.605,23.909,4.920,24,24,33,,
T,2023-03-04 16:37:57,6.25227709,-75.57766793,3.79,1473.659,23.909,5.900,25,24,33,,
T,2023-03-04 16:37:58,6.25233569,-75.57764430,3.79,1473.612,23.908,6.960,23,24,32,,
T,2023-03-04 16:37:59,6.25240396,-75.57761440,3.79,1473.658,23.908,8.180,24,25,32,,
T,2023-03-04 16:38:00,6.25248043,-75.57757900,3.79,1473.858,23.908,9.110,24,25,32,,
T,2023-03-04 16:38:01,6.25255826,-75.57754417,3.79,1473.930,23.907,9.160,23,25,32,,
T,2023-03-04 16:38:02,6.25263237,-75.57750885,3.79,1473.415,23.907,9.510,24,25,32,,
T,2023-03-04 16:38:03,6.25271837,-75.57746735,3.79,1473.469,23.907,10.320,27,25,32,,
T,2023-03-04 16:38:04,6.25280505,-75.57741834,3.79,1473.417,23.906,11.140,29,25,32,,
T,2023-03-04 16:38:05,6.25289820,-75.57736884,3.79,1473.418,23.906,11.530,28,25,32,,
T,2023-03-04 16:38:06,6.25299438,-75.57732032,3.79,1473.545,23.905,11.980,26,25,32,,
T,2023-03-04 16:38:07,6.25309352,-75.57727153,3.79,1473.018,23.905,12.290,27,24,32,,
T,2023-03-04 16:38:08,6.25319414,-75.57721817,3.79,1473.246,23.904,12.510,28,24,32,,
T,2023-03-04 16:38:09,6.25329431,-75.57716233,3.79,1472.738,23.904,12.610,28,24,32,,
T,2023-03-04 16:38:10,6.25339082,-75.57711275,3.79,1472.885,23.903,12.210,28,24,32,,
T,2023-03-04 16:38:11,6.25348719,-75.57706072,3.79,1472.884,23.903,12.010,28,23,32,,
T,2023-03-04 16:38:12,6.25358517,-75.57700758,3.79,1472.618,23.902,12.130,28,23,32,,
T,2023-03-04 16:38:13,6.25368355,-75.57695764,3.79,1472.255,23.902,12.200,27,23,32,,
T,2023-03-04 16:38:14,6.25378318,-75.57690929,3.79,1472.131,23.901,12.340,28,23,32,,
T,2023-03-04 16:38:15,6.25388041,-75.57686228,3.79,1472.206,23.901,12.280,29,22,32,,
T,2023-03-04 16:38:16,6.25397310,-75.57681479,3.79,1471.962,23.900,11.850,27,22,32,,
T,2023-03-04 16:38:17,6.25406832,-75.57676685,3.79,1472.725,23.900,11.890,28,22,32,,
T,2023-03-04 16:38:18,6.25416496,-75.57670827,3.79,1472.912,23.899,12.120,29,23,32,,
T,2023-03-04 16:38:19,6.25427555,-75.57664886,3.79,1472.339,23.899,12.980,29,23,32,,
T,2023-03-04 16:38:20,6.25437495,-75.57659139,3.79,1472.542,23.898,12.840,30,23,31,,
T,2023-03-04 16:38:21,6.25447623,-75.57652999,3.79,1472.407,23.898,12.950,31,24,32,,
T,2023-03-04 16:38:22,6.25457945,-75.57646704,3.79,1472.235,23.897,13.020,31,25,32,,
T,2023-03-04 16:38:23,6.25467942,-75.57640564,3.79,1472.162,23.897,12.570,30,25,32,,
T,2023-03-04 16:38:24,6.25477290,-75.57634907,3.79,1472.028,23.896,12.060,31,25,32,,
T,2023-03-04 16:38:25,6.25486634,-75.57629253,3.79,1471.929,23.896,11.950,31,25,32,,
T,2023-03-04 16:38:26,6.25495694,-75.57623504,3.79,1472.216,23.895,11.750,32,25,32,,
T,2023-03-04 16:38:27,6.25504984,-75.57617701,3.79,1471.929,23.895,11.730,32,25,32,,
T,2023-03-04 16:38:28,6.25514445,-75.57611988,3.79,1471.773,23.894,12.320,32,25,32,,
T,2023-03-04 16:38:29,6.25524119,-75.57606023,3.79,1471.573,23.893,12.640,32,25,32,,
T,2023-03-04 16:38:30,6.25534080,-75.57600158,3.79,1470.922,23.893,12.880,31,25,32,,
T,2023-03-04 16:38:31,6.25544002,-75.57594399,3.79,1470.737,23.892,12.910,31,25,32,,
T,2023-03-04 16:38:32,6.25554361,-75.57588378,3.79,1470.826,23.892,13.030,31,24,32,,
T,2023-03-04 16:38:33,6.25564367,-75.57582402,3.79,1470.670,23.891,12.990,30,24,32,,
T,2023-03-04 16:38:34,6.25574673,-75.57576608,3.79,1470.613,23.891,13.060,29,23,33,,
T,2023-03-04 16:38:35,6.25585504,-75.57570122,3.79,1470.662,23.890,13.620,30,23,33,,
T,2023-03-04 16:38:36,6.25595757,-75.57563884,3.79,1470.858,23.890,13.840,30,23,33,,
T,2023-03-04 16:38:37,6.25607552,-75.57556831,3.79,1471.369,23.889,14.820,30,25,33,,
T,2023-03-04 16:38:38,6.25619360,-75.57550360,3.79,1471.193,23.888,14.830,30,25,33,,
T,2023-03-04 16:38:39,6.25629718,-75.57544218,3.79,1470.922,23.888,14.470,29,25,33,,
T,2023-03-04 16:38:40,6.25640769,-75.57537854,3.79,1470.856,23.887,14.110,30,25,33,,
T,2023-03-04 16:38:41,6.25651354,-75.57531794,3.79,1471.118,23.887,13.780,30,24,33,,
T,2023-03-04 16:38:42,6.25662192,-75.57525664,3.79,1471.344,23.886,13.910,30,24,33,,
T,2023-03-04 16:38:43,6.25673197,-75.57519157,3.79,1471.017,23.886,13.830,31,25,33,,
T,2023-03-04 16:38:44,6.25684279,-75.57512740,3.79,1471.258,23.885,14.100,31,25,33,,
T,2023-03-04 16:38:45,6.25695020,-75.57506114,3.79,1470.926,23.884,14.260,31,26,33,,
T,2023-03-04 16:38:46,6.25706677,-75.57499833,3.79,1470.605,23.884,14.400,32,26,33,,
T,2023-03-04 16:38:47,6.25718068,-75.57493233,3.79,1470.429,23.883,14.450,31,26,33,,
T,2023-03-04 16:38:48,6.25729677,-75.57486634,3.79,1470.381,23.883,14.670,29,26,33,,
T,2023-03-04 16:38:49,6.25742056,-75.57480183,3.79,1470.224,23.882,15.120,29,26,33,,
T,2023-03-04 16:38:50,6.25754949,-75.57473024,3.79,1470.608,23.881,15.690,28,25,33,,
T,2023-03-04 16:38:51,6.25767795,-75.57465835,3.79,1470.175,23.881,16.430,30,24,34,,
T,2023-03-04 16:38:52,6.25781388,-75.57457599,3.79,1469.851,23.880,17.370,30,25,34,,
T,2023-03-04 16:38:53,6.25795473,-75.57448867,3.79,1469.399,23.879,18.030,32,25,34,,
T,2023-03-04 16:38:54,6.25809752,-75.57439938,3.79,1468.821,23.878,18.620,32,25,34,,
T,2023-03-04 16:38:55,6.25824171,-75.57430405,3.79,1468.533,23.877,19.180,33,25,34,,
T,2023-03-04 16:38:56,6.25839066,-75.57420820,3.79,1468.497,23.877,19.350,33,25,34,,
T,2023-03-04 16:38:57,6.25853410,-75.57411543,3.79,1468.791,23.876,18.880,32,25,34,,
T,2023-03-04 16:38:58,6.25866945,-75.57402582,3.79,1468.970,23.875,18.110,32,25,34,,
T,2023-03-04 16:38:59,6.25880070,-75.57394342,3.79,1469.379,23.874,17.240,32,25,34,,
T,2023-03-04 16:39:00,6.25893149,-75.57386653,3.79,1469.589,23.874,16.480,31,25,34,,
T,2023-03-04 16:39:01,6.25905411,-75.57379475,3.79,1469.677,23.873,15.620,31,25,34,,
T,2023-03-04 16:39:02,6.25917131,-75.57372842,3.79,1469.834,23.872,15.190,32,24,34,,
T,2023-03-04 16:39:03,6.25928397,-75.57365970,3.79,1469.831,23.872,14.770,30,25,34,,
T,2023-03-04 16:39:04,6.25938871,-75.57360426,3.79,1469.807,23.871,13.550,29,24,34,,
T,2023-03-04 16:39:05,6.25948353,-75.57354914,3.79,1469.483,23.871,12.220,30,24,34,,
T,2023-03-04 16:39:06,6.25957845,-75.57349933,3.79,1469.234,23.870,11.710,29,24,34,,
T,2023-03-04 16:39:07,6.25967082,-75.57344975,3.79,1469.115,23.870,11.660,32,24,34,,
T,2023-03-04 16:39:08,6.25976144,-75.57339573,3.79,1469.402,23.869,11.770,31,24,34,,
T,2023-03-04 16:39:09,6.25985131,-75.57335028,3.79,1469.433,23.869,11.330,28,24,34,,
T,2023-03-04 16:39:10,6.25993956,-75.57330835,3.79,1469.648,23.868,10.610,26,24,34,,
T,2023-03-04 16:39:11,6.26001925,-75.57327201,3.79,1469.424,23.868,9.810,24,24,34,,
T,2023-03-04 16:39:12,6.26009114,-75.57324135,3.79,1469.879,23.868,9.040,24,23,34,,
T,2023-03-04 16:39:13,6.26016258,-75.57320663,3.79,1469.423,23.867,8.810,24,23,33,,
T,2023-03-04 16:39:14,6.26023296,-75.57317626,3.79,1469.185,23.867,8.580,23,22,33,,
T,2023-03-04 16:39:15,6.26029426,-75.57315185,3.79,1469.052,23.867,7.870,22,22,34,,
T,2023-03-04 16:39:16,6.26033589,-75.57313720,3.88,1468.792,23.867,6.430,21,22,34,,
T,2023-03-04 16:39:17,6.26040744,-75.57310613,4.59,1468.357,23.866,7.170,21,19,34,,
T,2023-03-04 16:39:18,6.26050295,-75.57307145,4.42,1467.735,23.866,8.830,23,19,34,,
T,2023-03-04 16:39:19,6.26059486,-75.57301828,3.91,1467.955,23.865,10.370,32,19,34,,
T,2023-03-04 16:39:20,6.26067949,-75.57295758,3.79,1467.198,23.865,10.990,43,16,34,,
T,2023-03-04 16:39:21,6.26075958,-75.57288457,3.79,1466.428,23.864,11.410,53,20,34,,
T,2023-03-04 16:39:22,6.26080610,-75.57279222,3.79,1466.471,23.864,11.940,63,21,34,,
T,2023-03-04 16:39:23,6.26084793,-75.57269311,3.79,1467.304,23.863,11.750,75,23,34,,
T,2023-03-04 16:39:24,6.26086333,-75.57257924,3.79,1468.158,23.863,12.320,90,23,34,,
T,2023-03-04 16:39:25,6.26084429,-75.57248061,3.79,1467.755,23.862,10.900,104,23,34,,
T,2023-03-04 16:39:26,6.26080293,-75.57238922,3.79,1468.523,23.862,11.160,120,24,34,,
T,2023-03-04 16:39:27,6.26074294,-75.57231169,3.79,1468.288,23.861,10.640,136,24,34,,
T,2023-03-04 16:39:28,6.26064282,-75.57227622,3.79,1467.126,23.861,10.590,151,24,33,,
T,2023-03-04 16:39:29,6.26055594,-75.57224951,3.79,1467.817,23.862,10.040,168,24,33,,
T,2023-03-04 16:39:30,6.26045503,-75.57225298,3.79,1468.359,23.862,10.540,185,24,33,,
T,2023-03-04 16:39:31,6.26035901,-75.57228528,3.79,1468.924,23.862,10.520,200,24,33,,
T,2023-03-04 16:39:32,6.26026866,-75.57233248,3.79,1468.781,23.863,10.360,214,24,33,,
T,2023-03-04 16:39:33,6.26020732,-75.57240951,3.79,1469.489,23.863,10.340,231,23,33,,
T,2023-03-04 16:39:34,6.26015989,-75.57249103,3.79,1469.053,23.864,10.150,248,23,32,,
T,2023-03-04 16:39:35,6.26014356,-75.57257820,3.79,1470.276,23.864,10.340,263,24,33,,
T,2023-03-04 16:39:36,6.26014497,-75.57265616,3.79,1471.217,23.865,8.880,271,24,33,,
T,2023-03-04 16:39:37,6.26015094,-75.57272869,3.79,1471.349,23.865,7.940,277,24,34,,
T,2023-03-04 16:39:38,6.26017246,-75.57280126,3.82,1472.007,23.865,8.520,287,24,34,,
T,2023-03-04 16:39:39,6.26020530,-75.57287399,3.79,1474.004,23.866,8.450,298,24,34,,
T,2023-03-04 16:39:40,6.26025090,-75.57293442,3.79,1474.176,23.866,8.030,305,25,34,,
T,2023-03-04 16:39:41,6.26030320,-75.57299295,3.79,1474.420,23.866,7.820,311,25,34,,
T,2023-03-04 16:39:42,6.26035331,-75.57304597,3.79,1473.986,23.866,8.000,318,25,34,,
T,2023-03-04 16:39:43,6.26041322,-75.57309800,3.79,1473.734,23.866,8.580,324,25,34,,
T,2023-03-04 16:39:44,6.26048022,-75.57315079,3.79,1473.488,23.866,9.300,324,25,33,,
T,2023-03-04 16:39:45,6.26054912,-75.57320570,3.79,1473.502,23.866,9.710,322,26,34,,
T,2023-03-04 16:39:46,6.26062087,-75.57326489,3.79,1473.430,23.867,10.170,322,26,34,,
T,2023-03-04 16:39:47,6.26069802,-75.57332666,3.79,1473.159,23.867,10.660,323,26,32,,
T,2023-03-04 16:39:48,6.26077867,-75.57339459,3.79,1473.079,23.867,11.540,323,25,33,,
T,2023-03-04 16:39:49,6.26086955,-75.57346798,3.79,1473.073,23.867,12.530,322,25,33,,
T,2023-03-04 16:39:50,6.26095591,-75.57354316,3.79,1473.185,23.867,12.800,322,25,33,,
T,2023-03-04 16:39:51,6.26104771,-75.57361639,3.79,1473.260,23.867,13.140,322,26,33,,
T,2023-03-04 16:39:52,6.26114324,-75.57369284,3.79,1473.237,23.868,13.450,323,26,34,,
T,2023-03-04 16:39:53,6.26124112,-75.57377085,3.79,1473.465,23.868,13.920,324,26,34,,
T,2023-03-04 16:39:54,6.26134479,-75.57385037,3.79,1473.083,23.868,14.410,324,26,34,,
T,2023-03-04 16:39:55,6.26145149,-75.57393303,3.79,1473.073,23.868,14.850,323,26,34,,
T,2023-03-04 16:39:56,6.26155722,-75.57401803,3.79,1472.865,23.868,14.980,323,26,34,,
T,2023-03-04 16:39:57,6.26166766,-75.57410430,3.79,1472.706,23.869,15.610,323,26,34,,
T,2023-03-04 16:39:58,6.26178085,-75.57419208,3.79,1472.144,23.869,15.780,323,25,34,,
T,2023-03-04 16:39:59,6.26189579,-75.57428070,3.79,1471.754,23.869,16.120,323,26,34,,
T,2023-03-04 16:40:00,6.26201161,-75.57437316,3.79,1470.554,23.869,16.470,322,26,34,,
T,2023-03-04 16:40:01,6.26213373,-75.57446791,3.79,1469.758,23.869,17.050,324,26,34,,
T,2023-03-04 16:40:02,6.26225540,-75.57456208,3.79,1468.051,23.870,17.030,328,25,34,,
T,2023-03-04 16:40:03,6.26238290,-75.57464203,3.79,1466.982,23.870,16.760,331,24,34,,
T,2023-03-04 16:40:04,6.26251246,-75.57471454,3.79,1466.309,23.870,16.480,335,23,34,,
T,2023-03-04 16:40:05,6.26265353,-75.57477420,3.79,1466.478,23.870,16.770,339,23,34,,
T,2023-03-04 16:40:06,6.26279569,-75.57482507,3.79,1466.191,23.870,16.700,343,21,34,,
T,2023-03-04 16:40:07,6.26293251,-75.57485358,3.79,1465.251,23.870,16.190,348,23,34,,
T,2023-03-04 16:40:08,6.26306526,-75.57487770,3.79,1465.235,23.869,15.700,352,23,34,,
T,2023-03-04 16:40:09,6.26320809,-75.57489724,3.79,1465.185,23.869,15.120,356,24,34,,
T,2023-03-04 16:40:10,6.26334055,-75.57490754,3.79,1465.008,23.869,14.660,358,24,34,,
T,2023-03-04 16:40:11,6.26346688,-75.57491170,3.79,1465.175,23.869,14.040,360,24,34,,
T,2023-03-04 16:40:12,6.26358857,-75.57491697,3.79,1465.162,23.868,13.070,1,24,34,,
T,2023-03-04 16:40:13,6.26370391,-75.57491553,3.79,1464.305,23.868,12.290,3,24,34,,
T,2023-03-04 16:40:14,6.26381379,-75.57490867,3.79,1463.901,23.868,12.330,5,24,34,,
T,2023-03-04 16:40:15,6.26392728,-75.57490140,3.79,1463.678,23.868,12.400,3,24,34,,
T,2023-03-04 16:40:16,6.26403264,-75.57489613,3.79,1463.253,23.867,11.560,2,24,34,,
T,2023-03-04 16:40:17,6.26413797,-75.57489421,3.79,1463.892,23.867,11.320,3,24,34,,
T,2023-03-04 16:40:18,6.26423919,-75.57489135,3.79,1463.985,23.867,11.090,3,23,34,,
T,2023-03-04 16:40:19,6.26433938,-75.57488608,3.79,1463.979,23.867,11.100,4,22,33,,
T,2023-03-04 16:40:20,6.26444793,-75.57487520,3.79,1466.681,23.866,11.180,6,21,32,,
T,2023-03-04 16:40:21,6.26454916,-75.57486231,3.79,1467.404,23.866,11.410,7,23,32,,
T,2023-03-04 16:40:22,6.26465597,-75.57484599,3.79,1467.418,23.866,11.690,9,23,33,,
T,2023-03-04 16:40:23,6.26476331,-75.57483474,3.79,1467.167,23.865,11.830,9,23,33,,
T,2023-03-04 16:40:24,6.26485653,-75.57482650,3.79,1467.129,23.865,10.690,4,24,33,,
T,2023-03-04 16:40:25,6.26492473,-75.57482407,3.79,1466.890,23.865,7.550,3,24,33,,
T,2023-03-04 16:40:26,6.26496398,-75.57482214,3.79,1466.731,23.865,4.610,3,24,33,,
T,2023-03-04 16:40:27,6.26498123,-75.57482042,3.79,1466.441,23.865,2.330,6,23,33,,
T,2023-03-04 16:40:28,6.26498694,-75.57481973,3.79,1466.302,23.865,0.820,16,23,33,,
T,2023-03-04 16:40:29,6.26498688,-75.57482057,3.79,1466.308,23.865,0.000,,22,33,,
T,2023-03-04 16:40:30,6.26499163,-75.57482222,3.79,1465.561,23.865,0.000,,21,33,,
T,2023-03-04 16:40:31,6.26499709,-75.57482688,3.79,1465.837,23.865,0.740,4,21,33,,
T,2023-03-04 16:40:32,6.26501012,-75.57482739,3.79,1465.642,23.865,1.770,344,23,33,,
T,2023-03-04 16:40:33,6.26501888,-75.57482925,3.79,1465.814,23.865,0.930,4,23,33,,
T,2023-03-04 16:40:34,6.26502433,-75.57482954,3.79,1466.481,23.865,0.720,344,23,33,,
T,2023-03-04 16:40:35,6.26502327,-75.57482837,3.79,1466.516,23.865,0.000,,23,33,,
T,2023-03-04 16:40:36,6.26502181,-75.57482799,3.79,1466.223,23.865,0.000,,23,33,,
T,2023-03-04 16:40:37,6.26502208,-75.57482972,3.79,1466.358,23.865,0.000,,23,33,,
T,2023-03-04 16:40:38,6.26502146,-75.57483044,3.79,1466.468,23.865,0.000,,23,33,,
T,2023-03-04 16:40:39,6.26502100,-75.57483104,3.79,1466.571,23.865,0.000,,23,33,,
T,2023-03-04 16:40:40,6.26502035,-75.57483178,3.79,1465.876,23.865,0.000,,23,33,,
T,2023-03-04 16:40:41,6.26502022,-75.57483105,3.79,1465.419,23.865,0.000,,22,33,,
T,2023-03-04 16:40:42,6.26501939,-75.57483199,3.79,1465.518,23.865,0.000,,22,33,,
T,2023-03-04 16:40:43,6.26501864,-75.57483341,3.79,1465.547,23.865,0.000,,22,33,,
T,2023-03-04 16:40:44,6.26501716,-75.57483426,3.79,1465.311,23.865,0.000,,23,32,,
T,2023-03-04 16:40:45,6.26502313,-75.57483589,3.79,1465.372,23.865,0.850,338,23,32,,
T,2023-03-04 16:40:46,6.26504713,-75.57484181,3.79,1465.154,23.865,2.930,338,23,32,,
T,2023-03-04 16:40:47,6.26509045,-75.57484202,3.79,1464.695,23.865,4.720,355,24,33,,
T,2023-03-04 16:40:48,6.26515676,-75.57482453,3.79,1464.627,23.864,6.220,5,24,32,,
T,2023-03-04 16:40:49,6.26521861,-75.57482492,3.79,1464.057,23.864,6.950,2,24,32,,
T,2023-03-04 16:40:50,6.26528736,-75.57482452,3.79,1463.993,23.864,7.620,2,23,32,,
T,2023-03-04 16:40:51,6.26536140,-75.57483236,3.79,1464.032,23.864,8.020,357,23,33,,
T,2023-03-04 16:40:52,6.26543944,-75.57484982,3.79,1463.864,23.864,8.520,349,25,33,,
T,2023-03-04 16:40:53,6.26550308,-75.57487608,3.79,1464.527,23.864,7.910,338,25,33,,
T,2023-03-04 16:40:54,6.26556533,-75.57491359,3.80,1464.431,23.864,7.860,330,26,32,,
T,2023-03-04 16:40:55,6.26562717,-75.57494904,4.34,1464.255,23.864,8.080,326,25,32,,
T,2023-03-04 16:40:56,6.26568591,-75.57499356,5.28,1464.140,23.864,8.310,326,25,32,,
T,2023-03-04 16:40:57,6.26574801,-75.57503731,6.10,1464.145,23.864,8.210,330,25,32,,
T,2023-03-04 16:40:58,6.26581381,-75.57508929,6.79,1463.888,23.864,8.480,327,26,32,,
T,2023-03-04 16:40:59,6.26587847,-75.57514701,6.72,1464.952,23.864,8.560,321,24,31,,
T,2023-03-04 16:41:00,6.26593479,-75.57521518,6.33,1464.058,23.865,8.460,316,18,32,,
T,2023-03-04 16:41:01,6.26599183,-75.57527201,6.13,1464.510,23.865,8.550,312,21,33,,
T,2023-03-04 16:41:02,6.26604791,-75.57534311,4.50,1465.098,23.865,8.710,308,23,33,,
T,2023-03-04 16:41:03,6.26610468,-75.57540578,4.22,1467.479,23.865,9.100,306,26,33,,
T,2023-03-04 16:41:04,6.26614618,-75.57548025,4.03,1467.406,23.865,9.480,304,26,33,,
T,2023-03-04 16:41:05,6.26618728,-75.57555702,4.16,1467.147,23.866,9.380,303,25,33,,
T,2023-03-04 16:41:06,6.26622541,-75.57562904,4.23,1466.395,23.866,8.960,302,25,33,,
T,2023-03-04 16:41:07,6.26626093,-75.57570372,4.05,1465.770,23.866,9.030,301,25,33,,
T,2023-03-04 16:41:08,6.26630021,-75.57577479,3.96,1465.560,23.867,9.270,303,25,33,,
T,2023-03-04 16:41:09,6.26634577,-75.57584312,3.79,1465.686,23.867,9.460,306,25,33,,
T,2023-03-04 16:41:10,6.26639715,-75.57591969,3.79,1465.352,23.867,9.910,312,24,33,,
T,2023-03-04 16:41:11,6.26646009,-75.57599377,3.79,1464.961,23.867,10.520,318,23,33,,
T,2023-03-04 16:41:12,6.26652673,-75.57606668,3.79,1465.092,23.868,11.250,320,23,33,,
T,2023-03-04 16:41:13,6.26661083,-75.57613745,3.79,1465.205,23.868,11.950,328,23,33,,
T,2023-03-04 16:41:14,6.26670411,-75.57620041,3.79,1465.599,23.868,12.450,334,23,33,,
T,2023-03-04 16:41:15,6.26681540,-75.57625535,3.79,1466.055,23.868,13.160,341,23,33,,
T,2023-03-04 16:41:16,6.26693480,-75.57628800,3.79,1465.906,23.868,13.860,351,23,33,,
T,2023-03-04 16:41:17,6.26705962,-75.57630396,3.79,1465.684,23.868,14.180,1,22,33,,
T,2023-03-04 16:41:18,6.26719197,-75.57629303,3.79,1465.534,23.867,14.690,9,24,33,,
T,2023-03-04 16:41:19,6.26732660,-75.57626833,3.79,1465.560,23.867,15.260,15,24,33,,
T,2023-03-04 16:41:20,6.26746263,-75.57623181,3.79,1465.085,23.866,15.460,20,24,33,,
T,2023-03-04 16:41:21,6.26759664,-75.57618443,3.79,1465.836,23.866,15.640,23,24,33,,
T,2023-03-04 16:41:22,6.26773232,-75.57613041,3.79,1466.568,23.865,16.020,25,24,33,,
T,2023-03-04 16:41:23,6.26786293,-75.57606608,3.79,1466.714,23.865,15.800,31,24,33,,
T,2023-03-04 16:41:24,6.26798595,-75.57599478,3.79,1467.151,23.864,15.680,35,22,33,,
T,2023-03-04 16:41:25,6.26809723,-75.57591780,3.79,1467.515,23.863,15.170,37,22,33,,
T,2023-03-04 16:41:26,6.26820560,-75.57584378,3.79,1467.282,23.863,14.690,37,21,33,,
T,2023-03-04 16:41:27,6.26831480,-75.57577292,3.79,1467.479,23.862,14.380,32,21,33,,
T,2023-03-04 16:41:28,6.26843896,-75.57571630,3.79,1467.944,23.861,14.650,22,21,33,,
T,2023-03-04 16:41:29,6.26855840,-75.57567787,3.79,1468.267,23.861,13.840,16,23,32,,
T,2023-03-04 16:41:30,6.26868008,-75.57565540,3.79,1469.841,23.861,13.540,9,24,32,,
T,2023-03-04 16:41:31,6.26879966,-75.57565299,3.79,1470.580,23.860,13.250,360,25,32,,
T,2023-03-04 16:41:32,6.26891735,-75.57566831,3.79,1471.447,23.860,13.330,352,25,33,,
T,2023-03-04 16:41:33,6.26903438,-75.57569642,3.79,1472.416,23.860,13.140,347,26,33,,
T,2023-03-04 16:41:34,6.26914090,-75.57573110,3.79,1473.029,23.860,12.450,342,26,34,,
T,2023-03-04 16:41:35,6.26924112,-75.57577186,3.79,1473.885,23.860,12.100,337,26,34,,
T,2023-03-04 16:41:36,6.26933179,-75.57581909,3.79,1474.579,23.860,11.380,331,26,34,,
T,2023-03-04 16:41:37,6.26941832,-75.57587747,3.79,1475.281,23.860,11.430,325,26,34,,
T,2023-03-04 16:41:38,6.26950264,-75.57594462,3.79,1477.343,23.860,11.410,319,26,34,,
T,2023-03-04 16:41:39,6.26957225,-75.57601650,3.79,1478.583,23.860,11.080,315,26,34,,
T,2023-03-04 16:41:40,6.26963414,-75.57608814,3.79,1478.845,23.861,10.710,311,26,34,,
T,2023-03-04 16:41:41,6.26969361,-75.57616334,3.79,1479.076,23.861,10.210,307,26,34,,
T,2023-03-04 16:41:42,6.26975203,-75.57624286,3.79,1479.843,23.861,10.210,305,26,34,,
T,2023-03-04 16:41:43,6.26980257,-75.57631182,3.79,1480.139,23.861,9.650,305,26,34,,
T,2023-03-04 16:41:44,6.26985279,-75.57637865,3.79,1480.018,23.862,9.570,304,26,34,,
T,2023-03-04 16:41:45,6.26989748,-75.57644709,3.79,1479.869,23.862,8.960,303,25,34,,
T,2023-03-04 16:41:46,6.26993860,-75.57651622,3.79,1479.957,23.862,8.320,303,25,34,,
T,2023-03-04 16:41:47,6.26998562,-75.57657633,3.79,1480.680,23.862,8.140,311,25,34,,
T,2023-03-04 16:41:48,6.27004136,-75.57663345,3.79,1480.732,23.863,8.850,316,25,34,,
T,2023-03-04 16:41:49,6.27009974,-75.57668851,3.79,1480.698,23.863,8.910,314,25,34,,
T,2023-03-04 16:41:50,6.27014757,-75.57673780,3.79,1481.283,23.863,7.760,315,25,34,,
T,2023-03-04 16:41:51,6.27018388,-75.57677754,3.79,1481.342,23.863,6.220,312,25,34,,
T,2023-03-04 16:41:52,6.27021580,-75.57681762,3.79,1481.367,23.863,5.340,310,24,33,,
T,2023-03-04 16:41:53,6.27023951,-75.57685779,3.79,1481.198,23.863,5.340,306,23,32,,
T,2023-03-04 16:41:54,6.27027526,-75.57689526,3.79,1483.090,23.863,5.790,306,22,31,,
T,2023-03-04 16:41:55,6.27030491,-75.57694332,3.79,1482.879,23.864,5.910,304,22,31,,
T,2023-03-04 16:41:56,6.27032272,-75.57697550,3.79,1483.929,23.864,4.320,307,22,31,,
T,2023-03-04 16:41:57,6.27034664,-75.57700299,3.86,1485.008,23.864,3.810,306,22,30,,
T,2023-03-04 16:41:58,6.27036739,-75.57702919,4.04,1485.730,23.864,3.750,304,22,30,,
T,2023-03-04 16:41:59,6.27039121,-75.57705953,4.21,1487.034,23.864,4.070,306,22,30,,
T,2023-03-04 16:42:00,6.27041463,-75.57708979,4.33,1487.883,23.864,4.160,307,18,30,,
T,2023-03-04 16:42:01,6.27043399,-75.57711573,4.42,1488.381,23.864,3.490,306,19,30,,
T,2023-03-04 16:42:02,6.27045151,-75.57713766,4.51,1488.954,23.864,2.910,305,19,30,,
T,2023-03-04 16:42:03,6.27046634,-75.57715740,4.48,1489.810,23.864,2.640,303,19,30,,
T,2023-03-04 16:42:04,6.27048089,-75.57717577,4.40,1490.342,23.864,2.440,302,19,30,,
T,2023-03-04 16:42:05,6.27049346,-75.57719070,4.38,1490.705,23.864,1.890,302,18,30,,
T,2023-03-04 16:42:06,6.27050349,-75.57719813,4.31,1491.219,23.864,1.250,305,19,30,,
T,2023-03-04 16:42:07,6.27051297,-75.57720287,4.25,1491.820,23.864,0.970,306,18,29,,
T,2023-03-04 16:42:08,6.27052361,-75.57721180,4.25,1491.966,23.864,1.530,309,18,29,,
T,2023-03-04 16:42:09,6.27053521,-75.57722102,4.29,1491.964,23.864,1.420,311,18,29,,
T,2023-03-04 16:42:10,6.27054036,-75.57722298,4.42,1491.875,23.864,0.250,310,18,29,,
T,2023-03-04 16:42:11,6.27054386,-75.57721929,4.68,1491.953,23.864,0.000,,18,29,,
T,2023-03-04 16:42:12,6.27054741,-75.57722160,4.81,1492.224,23.864,0.450,308,17,29,,
T,2023-03-04 16:42:13,6.27055823,-75.57723514,5.03,1492.418,23.864,2.000,305,17,29,,
T,2023-03-04 16:42:14,6.27057760,-75.57726204,4.94,1493.527,23.865,3.560,306,16,29,,
T,2023-03-04 16:42:15,6.27060103,-75.57729574,5.21,1492.696,23.865,4.320,303,16,28,,
T,2023-03-04 16:42:16,6.27062686,-75.57734325,5.11,1493.233,23.865,5.240,304,16,28,,
T,2023-03-04 16:42:17,6.27064713,-75.57737834,5.12,1492.703,23.865,4.220,303,16,27,,
T,2023-03-04 16:42:18,6.27066291,-75.57741511,4.71,1493.462,23.865,3.970,303,16,26,,
T,2023-03-04 16:42:19,6.27068184,-75.57745859,4.52,1493.144,23.865,4.490,301,17,26,,
T,2023-03-04 16:42:20,6.27071816,-75.57749501,4.29,1494.584,23.865,5.390,307,18,26,,
T,2023-03-04 16:42:21,6.27075876,-75.57753779,4.27,1495.578,23.866,6.360,307,19,27,,
T,2023-03-04 16:42:22,6.27080008,-75.57759138,4.28,1495.808,23.866,6.680,307,20,27,,
T,2023-03-04 16:42:23,6.27083679,-75.57763726,4.16,1495.892,23.866,6.410,307,20,27,,
T,2023-03-04 16:42:24,6.27087558,-75.57769093,4.20,1496.236,23.866,6.730,307,20,26,,
T,2023-03-04 16:42:25,6.27091894,-75.57774702,4.27,1496.359,23.866,7.180,307,19,26,,
T,2023-03-04 16:42:26,6.27097599,-75.57779409,4.14,1495.832,23.866,7.890,307,19,25,,
T,2023-03-04 16:42:27,6.27102317,-75.57784643,4.10,1495.251,23.867,7.610,307,19,26,,
T,2023-03-04 16:42:28,6.27106047,-75.57791051,3.93,1495.944,23.867,7.850,305,20,26,,
T,2023-03-04 16:42:29,6.27110746,-75.57795784,3.90,1496.088,23.867,7.520,309,20,30,,
T,2023-03-04 16:42:30,6.27115557,-75.57799928,3.85,1497.271,23.867,7.550,308,25,31,,
T,2023-03-04 16:42:31,6.27119569,-75.57804684,4.27,1497.207,23.867,7.400,304,26,31,,
T,2023-03-04 16:42:32,6.27124425,-75.57811248,4.23,1497.336,23.867,8.450,305,26,31,,
T,2023-03-04 16:42:33,6.27129109,-75.57817962,4.08,1497.688,23.868,9.220,303,26,31,,
T,2023-03-04 16:42:34,6.27133170,-75.57825335,4.04,1497.665,23.868,9.410,298,26,31,,
T,2023-03-04 16:42:35,6.27136800,-75.57833431,3.84,1497.373,23.868,9.740,296,26,31,,
T,2023-03-04 16:42:36,6.27140695,-75.57840615,3.90,1497.226,23.869,9.160,299,26,31,,
T,2023-03-04 16:42:37,6.27144527,-75.57847920,3.87,1497.906,23.869,9.190,299,26,31,,
T,2023-03-04 16:42:38,6.27148719,-75.57855215,3.79,1497.596,23.869,8.970,302,26,31,,
T,2023-03-04 16:42:39,6.27153438,-75.57862243,3.79,1497.786,23.869,8.870,303,26,31,,
T,2023-03-04 16:42:40,6.27157467,-75.57868211,3.79,1497.959,23.870,8.030,305,25,31,,
T,2023-03-04 16:42:41,6.27160978,-75.57873656,3.79,1497.420,23.870,7.340,306,24,31,,
T,2023-03-04 16:42:42,6.27164807,-75.57879058,3.83,1497.320,23.870,7.330,307,24,31,,
T,2023-03-04 16:42:43,6.27169331,-75.57885376,3.79,1497.356,23.870,8.420,307,24,31,,
T,2023-03-04 16:42:44,6.27174085,-75.57891950,3.79,1496.802,23.871,9.300,309,24,31,,
T,2023-03-04 16:42:45,6.27178842,-75.57898638,3.79,1496.612,23.871,9.200,309,24,30,,
T,2023-03-04 16:42:46,6.27183752,-75.57905513,3.79,1496.413,23.871,9.450,307,24,30,,
T,2023-03-04 16:42:47,6.27188931,-75.57912955,3.79,1496.230,23.871,9.810,306,24,30,,
T,2023-03-04 16:42:48,6.27194402,-75.57920094,3.79,1496.485,23.872,9.970,306,24,30,,
T,2023-03-04 16:42:49,6.27199570,-75.57927908,3.79,1496.442,23.872,10.340,306,24,30,,
T,2023-03-04 16:42:50,6.27205600,-75.57935583,3.79,1496.828,23.872,10.690,307,23,30,,
T,2023-03-04 16:42:51,6.27211291,-75.57943374,3.79,1497.227,23.872,10.720,306,23,30,,
T,2023-03-04 16:42:52,6.27216239,-75.57950480,3.79,1496.433,23.873,9.780,308,19,30,,
T,2023-03-04 16:42:53,6.27221539,-75.57957192,3.79,1496.248,23.873,9.560,310,19,30,,
T,2023-03-04 16:42:54,6.27226960,-75.57963836,3.79,1495.739,23.873,9.450,312,19,30,,
T,2023-03-04 16:42:55,6.27232404,-75.57970151,3.79,1494.833,23.873,9.360,317,19,30,,
T,2023-03-04 16:42:56,6.27238796,-75.57975213,3.79,1494.867,23.873,9.120,329,19,30,,
T,2023-03-04 16:42:57,6.27245774,-75.57979858,3.79,1494.368,23.873,9.570,337,19,30,,
T,2023-03-04 16:42:58,6.27253560,-75.57983113,3.79,1494.623,23.873,9.280,341,21,30,,
T,2023-03-04 16:42:59,6.27261062,-75.57985319,3.79,1494.580,23.873,8.510,345,22,30,,
T,2023-03-04 16:43:00,6.27267756,-75.57987087,3.79,1494.877,23.873,7.860,346,22,30,,
T,2023-03-04 16:43:01,6.27274240,-75.57988255,3.79,1494.975,23.873,7.480,349,23,29,,
T,2023-03-04 16:43:02,6.27280161,-75.57989041,3.79,1495.008,23.873,6.840,354,23,30,,
T,2023-03-04 16:43:03,6.27286227,-75.57989566,3.79,1495.391,23.873,6.880,353,23,30,,
T,2023-03-04 16:43:04,6.27292554,-75.57990440,3.79,1495.349,23.873,7.080,353,23,30,,
T,2023-03-04 16:43:05,6.27299317,-75.57991374,3.79,1495.347,23.873,7.120,354,22,29,,
T,2023-03-04 16:43:06,6.27305448,-75.57991692,3.79,1495.726,23.873,6.850,359,22,29,,
T,2023-03-04 16:43:07,6.27310717,-75.57992071,3.79,1495.784,23.873,6.220,5,21,29,,
T,2023-03-04 16:43:08,6.27316562,-75.57991324,3.79,1495.371,23.872,6.130,8,21,29,,
T,2023-03-04 16:43:09,6.27322102,-75.57991194,3.79,1495.334,23.872,6.010,7,21,29,,
T,2023-03-04 16:43:10,6.27326525,-75.57990844,3.79,1495.161,23.872,5.000,5,20,29,,
T,2023-03-04 16:43:11,6.27330208,-75.57991013,3.79,1495.216,23.872,4.140,3,20,29,,
T,2023-03-04 16:43:12,6.27332801,-75.57991171,3.79,1495.687,23.872,3.210,2,19,28,,
T,2023-03-04 16:43:13,6.27334651,-75.57990999,3.79,1495.944,23.872,2.440,1,20,29,,
T,2023-03-04 16:43:14,6.27336086,-75.57990838,3.79,1495.769,23.872,1.700,359,20,31,,
T,2023-03-04 16:43:15,6.27336821,-75.57990347,3.79,1495.985,23.872,0.870,1,21,31,,
T,2023-03-04 16:43:16,6.27337404,-75.57990524,3.79,1496.724,23.872,0.000,,21,31,,
T,2023-03-04 16:43:17,6.27337685,-75.57990677,3.79,1497.040,23.872,0.000,,21,31,,
T,2023-03-04 16:43:18,6.27337946,-75.57990773,3.79,1496.908,23.872,0.000,,22,31,,
T,2023-03-04 16:43:19,6.27338176,-75.57990737,3.79,1496.986,23.872,0.000,,22,31,,
T,2023-03-04 16:43:20,6.27338063,-75.57990816,3.79,1496.956,23.872,0.000,,24,31,,
T,2023-03-04 16:43:21,6.27337958,-75.57990811,3.79,1496.834,23.872,0.000,,24,31,,
T,2023-03-04 16:43:22,6.27337918,-75.57990714,3.79,1496.793,23.872,0.000,,24,31,,
T,2023-03-04 16:43:23,6.27337890,-75.57990694,3.79,1496.858,23.872,0.000,,23,31,,
T,2023-03-04 16:43:24,6.27337907,-75.57990576,3.79,1496.820,23.872,0.000,,23,31,,
T,2023-03-04 16:43:25,6.27337897,-75.57990444,3.79,1496.725,23.872,0.000,,23,31,,
T,2023-03-04 16:43:26,6.27337906,-75.57990360,3.79,1496.593,23.872,0.000,,20,31,,
T,2023-03-04 16:43:27,6.27337909,-75.57990305,3.79,1496.550,23.872,0.000,,21,31,,
T,2023-03-04 16:43:28,6.27337911,-75.57990292,3.79,1496.551,23.872,0.000,,20,31,,
T,2023-03-04 16:43:29,6.27337906,-75.57990286,3.79,1496.530,23.872,0.000,,20,31,,
T,2023-03-04 16:43:30,6.27337933,-75.57990294,3.79,1496.619,23.872,0.000,,19,31,,
T,2023-03-04 16:43:31,6.27337965,-75.57990290,3.79,1496.629,23.872,0.000,,22,30,,
T,2023-03-04 16:43:32,6.27337975,-75.57990290,3.79,1496.633,23.872,0.000,,23,30,,
T,2023-03-04 16:43:33,6.27340174,-75.57989868,3.79,1496.459,23.872,2.370,12,23,30,,
T,2023-03-04 16:43:34,6.27343261,-75.57989292,3.79,1497.089,23.872,3.380,12,23,30,,
T,2023-03-04 16:43:35,6.27346855,-75.57988500,3.79,1497.278,23.872,4.000,17,23,30,,
T,2023-03-04 16:43:36,6.27350755,-75.57986438,3.79,1497.928,23.871,4.920,37,23,31,,
T,2023-03-04 16:43:37,6.27354836,-75.57982547,3.79,1498.841,23.871,5.300,57,22,31,,
T,2023-03-04 16:43:38,6.27358014,-75.57978021,3.79,1498.702,23.871,5.940,58,23,31,,
T,2023-03-04 16:43:39,6.27360990,-75.57973007,3.79,1498.252,23.870,6.550,58,22,31,,
T,2023-03-04 16:43:40,6.27363780,-75.57968610,3.79,1498.576,23.870,5.950,53,22,31,,
T,2023-03-04 16:43:41,6.27366813,-75.57964753,3.79,1498.499,23.870,5.360,51,22,31,,
T,2023-03-04 16:43:42,6.27370170,-75.57961058,3.79,1499.164,23.870,5.460,42,22,31,,
T,2023-03-04 16:43:43,6.27373903,-75.57957822,3.79,1499.386,23.869,5.380,38,22,31,,
T,2023-03-04 16:43:44,6.27378124,-75.57955192,3.79,1499.240,23.869,5.410,36,22,31,,
T,2023-03-04 16:43:45,6.27382654,-75.57952358,3.79,1499.112,23.869,5.880,36,21,31,,
T,2023-03-04 16:43:46,6.27386786,-75.57948953,3.79,1499.447,23.869,5.920,40,23,31,,
T,2023-03-04 16:43:47,6.27391174,-75.57945330,3.79,1499.181,23.868,6.250,39,22,31,,
T,2023-03-04 16:43:48,6.27395694,-75.57941469,3.79,1499.662,23.868,6.880,37,21,31,,
T,2023-03-04 16:43:49,6.27400856,-75.57937498,3.79,1499.524,23.868,7.140,39,22,31,,
T,2023-03-04 16:43:50,6.27406524,-75.57932415,3.79,1499.430,23.867,7.970,39,22,31,,
T,2023-03-04 16:43:51,6.27412404,-75.57928018,3.79,1499.439,23.867,7.940,38,22,31,,
T,2023-03-04 16:43:52,6.27418682,-75.57923426,3.79,1499.240,23.867,8.770,36,22,31,,
T,2023-03-04 16:43:53,6.27425754,-75.57918155,3.79,1499.092,23.866,9.840,37,23,31,,
T,2023-03-04 16:43:54,6.27434292,-75.57912028,3.79,1499.559,23.866,11.030,36,23,31,,
T,2023-03-04 16:43:55,6.27442371,-75.57905803,3.79,1499.903,23.865,11.220,33,23,31,,
T,2023-03-04 16:43:56,6.27451318,-75.57899700,3.79,1501.342,23.865,11.840,34,23,31,,
T,2023-03-04 16:43:57,6.27459526,-75.57893838,3.79,1500.688,23.864,11.480,36,25,31,,
T,2023-03-04 16:43:58,6.27467333,-75.57887629,3.95,1501.178,23.864,10.980,35,24,30,,
T,2023-03-04 16:43:59,6.27474934,-75.57883166,3.96,1501.482,23.863,9.820,26,24,29,,
T,2023-03-04 16:44:00,6.27482299,-75.57881035,3.85,1501.977,23.863,8.700,18,25,30,,
T,2023-03-04 16:44:01,6.27488691,-75.57879182,3.82,1502.020,23.863,7.690,14,25,30,,
T,2023-03-04 16:44:02,6.27494534,-75.57878021,3.79,1502.303,23.862,6.740,14,25,31,,
T,2023-03-04 16:44:03,6.27499120,-75.57877228,3.79,1502.750,23.862,5.270,14,23,31,,
T,2023-03-04 16:44:04,6.27502056,-75.57875982,3.79,1503.056,23.862,3.470,15,21,31,,
T,2023-03-04 16:44:05,6.27504510,-75.57875582,3.79,1503.509,23.862,2.550,12,22,31,,
T,2023-03-04 16:44:06,6.27506591,-75.57874938,3.79,1503.637,23.862,2.390,16,22,31,,
T,2023-03-04 16:44:07,6.27509295,-75.57874195,3.79,1503.756,23.862,3.100,13,22,31,,
T,2023-03-04 16:44:08,6.27513892,-75.57872350,3.79,1502.657,23.862,4.600,13,20,31,,
T,2023-03-04 16:44:09,6.27520133,-75.57871465,3.79,1502.238,23.862,6.420,10,19,31,,
T,2023-03-04 16:44:10,6.27525999,-75.57869408,3.79,1503.996,23.861,6.610,11,20,31,,
T,2023-03-04 16:44:11,6.27532554,-75.57868213,3.79,1505.824,23.861,7.170,8,21,31,,
T,2023-03-04 16:44:12,6.27539481,-75.57867898,3.79,1507.112,23.861,7.600,3,23,31,,
T,2023-03-04 16:44:13,6.27546997,-75.57867561,3.79,1508.191,23.861,8.050,1,24,32,,
T,2023-03-04 16:44:14,6.27554486,-75.57868011,3.79,1508.509,23.861,8.150,357,24,32,,
T,2023-03-04 16:44:15,6.27561706,-75.57868796,3.79,1508.995,23.860,7.960,350,24,32,,
T,2023-03-04 16:44:16,6.27568270,-75.57869904,3.79,1509.703,23.860,7.290,345,24,32,,
T,2023-03-04 16:44:17,6.27574202,-75.57871782,3.79,1509.020,23.860,6.800,344,24,32,,
T,2023-03-04 16:44:18,6.27580022,-75.57873288,3.79,1508.491,23.860,6.230,347,24,32,,
T,2023-03-04 16:44:19,6.27585510,-75.57873718,3.79,1508.773,23.860,5.810,5,24,33,,
T,2023-03-04 16:44:20,6.27590655,-75.57873496,3.79,1509.096,23.860,5.980,355,24,33,,
T,2023-03-04 16:44:21,6.27596317,-75.57876804,3.79,1509.977,23.860,6.820,329,24,32,,
T,2023-03-04 16:44:22,6.27601067,-75.57879936,3.79,1509.951,23.860,6.220,307,25,32,,
T,2023-03-04 16:44:23,6.27603956,-75.57887221,3.79,1511.526,23.860,7.650,287,25,32,,
T,2023-03-04 16:44:24,6.27605591,-75.57893463,3.79,1511.933,23.861,6.950,277,25,32,,
T,2023-03-04 16:44:25,6.27605744,-75.57900953,4.00,1512.958,23.861,7.640,274,25,32,,
T,2023-03-04 16:44:26,6.27607053,-75.57910481,3.83,1514.052,23.862,9.040,274,24,32,,
T,2023-03-04 16:44:27,6.27608082,-75.57919575,3.83,1515.005,23.862,9.500,273,24,32,,
T,2023-03-04 16:44:28,6.27609690,-75.57929195,3.87,1515.638,23.862,10.230,275,22,33,,
T,2023-03-04 16:44:29,6.27610157,-75.57938164,3.99,1515.611,23.863,10.490,275,21,33,,
T,2023-03-04 16:44:30,6.27611233,-75.57949974,3.98,1515.822,23.864,11.140,278,18,33,,
T,2023-03-04 16:44:31,6.27612215,-75.57961513,3.88,1516.392,23.864,11.970,276,17,33,,
T,2023-03-04 16:44:32,6.27612926,-75.57973856,3.99,1516.374,23.865,12.230,275,17,33,,
T,2023-03-04 16:44:33,6.27615048,-75.57984919,4.16,1516.958,23.865,11.960,277,18,33,,
T,2023-03-04 16:44:34,6.27617518,-75.57998080,4.22,1518.070,23.866,13.200,283,18,33,,
T,2023-03-04 16:44:35,6.27620930,-75.58009166,4.29,1519.680,23.866,12.650,291,20,33,,
T,2023-03-04 16:44:36,6.27625873,-75.58020183,4.73,1520.995,23.867,13.240,301,19,33,,
T,2023-03-04 16:44:37,6.27632495,-75.58031515,5.72,1521.322,23.867,13.460,307,19,33,,
T,2023-03-04 16:44:38,6.27639941,-75.58039536,5.24,1523.797,23.868,12.650,310,21,33,,
T,2023-03-04 16:44:39,6.27645712,-75.58047335,5.25,1524.981,23.868,11.470,309,21,33,,
T,2023-03-04 16:44:40,6.27650883,-75.58054210,5.11,1525.228,23.868,9.670,310,21,33,,
T,2023-03-04 16:44:41,6.27654533,-75.58058001,4.66,1525.609,23.868,6.220,311,20,33,,
T,2023-03-04 16:44:42,6.27657750,-75.58060002,4.24,1526.786,23.868,3.220,312,20,33,,
T,2023-03-04 16:44:43,6.27659500,-75.58061434,4.35,1526.642,23.868,2.300,319,21,33,,
T,2023-03-04 16:44:44,6.27660927,-75.58063016,5.15,1526.630,23.868,2.210,313,21,32,,
T,2023-03-04 16:44:45,6.27664454,-75.58067665,4.59,1527.560,23.868,5.070,310,21,32,,
T,2023-03-04 16:44:46,6.27668340,-75.58072103,4.41,1527.993,23.869,6.380,310,21,31,,
T,2023-03-04 16:44:47,6.27672819,-75.58076627,4.07,1528.661,23.869,7.390,311,21,31,,
T,2023-03-04 16:44:48,6.27677670,-75.58082837,4.12,1529.950,23.869,7.680,310,21,31,,
T,2023-03-04 16:44:49,6.27682497,-75.58088123,3.95,1531.901,23.869,7.850,312,20,31,,
T,2023-03-04 16:44:50,6.27688228,-75.58092437,3.79,1532.707,23.869,7.870,312,21,29,,
T,2023-03-04 16:44:51,6.27694155,-75.58099145,3.86,1533.547,23.869,8.920,312,21,29,,
T,2023-03-04 16:44:52,6.27700421,-75.58106179,3.95,1535.328,23.870,9.580,313,22,30,,
T,2023-03-04 16:44:53,6.27706316,-75.58111735,4.23,1536.146,23.870,9.010,319,23,29,,
T,2023-03-04 16:44:54,6.27712037,-75.58115478,4.24,1536.790,23.870,7.430,326,23,30,,
T,2023-03-04 16:44:55,6.27716668,-75.58118124,4.30,1536.717,23.870,5.950,334,23,30,,
T,2023-03-04 16:44:56,6.27720615,-75.58119319,4.36,1537.158,23.870,4.690,343,23,31,,
T,2023-03-04 16:44:57,6.27723110,-75.58119127,4.46,1538.228,23.870,3.060,352,23,30,,
T,2023-03-04 16:44:58,6.27724639,-75.58118947,3.98,1538.326,23.870,2.070,344,23,31,,
T,2023-03-04 16:44:59,6.27726696,-75.58119405,3.95,1538.096,23.870,2.290,344,22,32,,
T,2023-03-04 16:45:00,6.27730455,-75.58119777,3.80,1538.542,23.870,2.780,15,24,32,,
T,2023-03-04 16:45:01,6.27734516,-75.58117807,3.79,1537.963,23.869,4.240,28,25,32,,
T,2023-03-04 16:45:02,6.27740608,-75.58114336,3.85,1536.387,23.869,6.070,33,24,32,,
T,2023-03-04 16:45:03,6.27746895,-75.58110215,4.04,1536.615,23.869,7.260,37,24,32,,
T,2023-03-04 16:45:04,6.27753900,-75.58104728,4.20,1537.696,23.868,8.520,39,25,32,,
T,2023-03-04 16:45:05,6.27761484,-75.58098472,4.09,1538.306,23.868,9.900,41,24,32,,
T,2023-03-04 16:45:06,6.27769121,-75.58092714,4.18,1538.159,23.867,10.390,39,24,33,,
T,2023-03-04 16:45:07,6.27777202,-75.58086612,4.10,1538.773,23.867,11.160,38,24,33,,
T,2023-03-04 16:45:08,6.27785836,-75.58079470,3.90,1539.319,23.866,11.970,39,23,33,,
T,2023-03-04 16:45:09,6.27794954,-75.58071948,3.79,1539.469,23.866,12.640,39,23,33,,
T,2023-03-04 16:45:10,6.27804471,-75.58063925,3.79,1540.433,23.865,13.170,38,23,34,,
T,2023-03-04 16:45:11,6.27814130,-75.58056803,3.79,1540.452,23.864,13.110,37,24,34,,
T,2023-03-04 16:45:12,6.27823723,-75.58050714,3.79,1540.813,23.864,13.230,37,24,34,,
T,2023-03-04 16:45:13,6.27833225,-75.58043140,3.79,1541.587,23.863,12.950,38,23,34,,
T,2023-03-04 16:45:14,6.27841800,-75.58036400,3.79,1542.362,23.863,11.840,36,24,34,,
T,2023-03-04 16:45:15,6.27848701,-75.58030342,3.79,1542.918,23.862,9.950,37,24,34,,
T,2023-03-04 16:45:16,6.27855125,-75.58025331,3.79,1543.261,23.862,9.010,37,25,34,,
T,2023-03-04 16:45:17,6.27861538,-75.58020550,3.79,1543.349,23.861,8.900,38,25,34,,
T,2023-03-04 16:45:18,6.27868912,-75.58014916,3.79,1543.765,23.861,9.900,39,25,34,,
T,2023-03-04 16:45:19,6.27876243,-75.58009114,3.79,1544.098,23.861,10.450,40,24,33,,
T,2023-03-04 16:45:20,6.27883634,-75.58002402,3.79,1544.469,23.860,11.090,40,25,34,,
T,2023-03-04 16:45:21,6.27891633,-75.57995687,3.79,1544.334,23.859,11.420,42,26,34,,
T,2023-03-04 16:45:22,6.27899738,-75.57988680,3.79,1544.923,23.859,11.820,40,24,33,,
T,2023-03-04 16:45:23,6.27908355,-75.57981336,3.79,1545.023,23.858,12.250,37,24,34,,
T,2023-03-04 16:45:24,6.27917875,-75.57974622,3.79,1545.506,23.858,12.630,35,23,34,,
T,2023-03-04 16:45:25,6.27927284,-75.57967465,3.79,1546.248,23.857,12.950,38,22,34,,
T,2023-03-04 16:45:26,6.27936738,-75.57959783,3.79,1547.139,23.857,13.250,38,22,34,,
T,2023-03-04 16:45:27,6.27945768,-75.57952710,3.79,1547.065,23.856,12.950,39,22,34,,
T,2023-03-04 16:45:28,6.27954816,-75.57945368,3.79,1547.644,23.855,12.960,38,21,34,,
T,2023-03-04 16:45:29,6.27963330,-75.57938609,3.79,1548.069,23.855,12.040,37,21,34,,
T,2023-03-04 16:45:30,6.27971291,-75.57932441,3.79,1547.861,23.854,11.370,38,22,34,,
T,2023-03-04 16:45:31,6.27979038,-75.57926551,3.79,1547.465,23.854,10.720,37,22,34,,
T,2023-03-04 16:45:32,6.27986600,-75.57920902,3.79,1547.290,23.853,10.470,38,22,34,,
T,2023-03-04 16:45:33,6.27993705,-75.57915963,3.79,1547.127,23.853,9.860,37,21,33,,
T,2023-03-04 16:45:34,6.27999842,-75.57911209,3.79,1546.975,23.853,8.770,38,22,33,,
T,2023-03-04 16:45:35,6.28005840,-75.57906537,3.79,1546.380,23.852,8.420,40,22,33,,
T,2023-03-04 16:45:36,6.28012060,-75.57901935,3.79,1545.921,23.852,8.220,42,21,34,,
T,2023-03-04 16:45:37,6.28017879,-75.57897735,3.79,1545.304,23.851,7.950,36,22,34,,
T,2023-03-04 16:45:38,6.28023814,-75.57895329,3.79,1545.286,23.851,7.040,16,22,35,,
T,2023-03-04 16:45:39,6.28028768,-75.57895978,3.79,1545.411,23.851,5.590,348,23,34,,
T,2023-03-04 16:45:40,6.28031759,-75.57897667,3.79,1545.474,23.851,3.780,331,24,34,,
T,2023-03-04 16:45:41,6.28033966,-75.57899628,3.79,1545.362,23.851,3.000,326,25,34,,
T,2023-03-04 16:45:42,6.28036791,-75.57902591,3.79,1545.527,23.851,4.330,317,24,33,,
T,2023-03-04 16:45:43,6.28040578,-75.57906744,3.79,1545.954,23.851,6.030,317,24,33,,
T,2023-03-04 16:45:44,6.28044737,-75.57911953,3.79,1546.310,23.852,7.140,316,23,33,,
T,2023-03-04 16:45:45,6.28049927,-75.57917394,3.79,1546.432,23.852,7.750,315,23,33,,
T,2023-03-04 16:45:46,6.28055098,-75.57923567,3.79,1547.141,23.852,8.780,312,22,34,,
T,2023-03-04 16:45:47,6.28060408,-75.57931743,3.79,1546.176,23.852,10.280,310,22,34,,
T,2023-03-04 16:45:48,6.28067326,-75.57938972,3.79,1548.844,23.853,11.100,309,23,34,,
T,2023-03-04 16:45:49,6.28074029,-75.57947131,3.79,1548.250,23.853,11.630,309,23,34,,
T,2023-03-04 16:45:50,6.28079822,-75.57955453,3.79,1548.291,23.853,11.070,308,23,34,,
T,2023-03-04 16:45:51,6.28084811,-75.57964408,3.79,1548.066,23.853,11.040,307,22,33,,
T,2023-03-04 16:45:52,6.28090431,-75.57971080,3.79,1550.145,23.854,9.750,308,23,33,,
T,2023-03-04 16:45:53,6.28095115,-75.57976973,3.79,1550.965,23.854,8.280,308,24,32,,
T,2023-03-04 16:45:54,6.28099584,-75.57982675,3.79,1552.672,23.854,7.590,308,23,32,,
T,2023-03-04 16:45:55,6.28104555,-75.57988644,3.79,1554.433,23.854,8.640,309,23,32,,
T,2023-03-04 16:45:56,6.28108508,-75.57994100,3.79,1555.635,23.854,7.930,309,23,32,,
T,2023-03-04 16:45:57,6.28112559,-75.57999147,3.85,1556.728,23.855,7.450,310,23,32,,
T,2023-03-04 16:45:58,6.28117604,-75.58006056,3.98,1557.231,23.855,8.570,308,23,32,,
T,2023-03-04 16:45:59,6.28124024,-75.58013659,3.79,1558.315,23.855,9.800,307,24,32,,
T,2023-03-04 16:46:00,6.28130356,-75.58021611,3.79,1559.376,23.855,10.170,306,24,32,,
T,2023-03-04 16:46:01,6.28136283,-75.58028438,3.79,1561.013,23.856,10.520,306,24,32,,
T,2023-03-04 16:46:02,6.28142848,-75.58036803,3.79,1560.885,23.856,11.520,307,24,32,,
T,2023-03-04 16:46:03,6.28149463,-75.58045218,3.90,1560.755,23.856,10.900,308,23,32,,
T,2023-03-04 16:46:04,6.28155749,-75.58053372,3.79,1560.591,23.856,11.100,308,25,33,,
T,2023-03-04 16:46:05,6.28162550,-75.58061038,3.84,1562.094,23.857,11.170,307,26,33,,
T,2023-03-04 16:46:06,6.28169645,-75.58069354,3.94,1563.506,23.857,11.430,309,26,33,,
T,2023-03-04 16:46:07,6.28175608,-75.58078232,3.98,1563.461,23.857,11.460,309,26,33,,
T,2023-03-04 16:46:08,6.28181932,-75.58086503,3.89,1564.532,23.858,11.620,307,25,33,,
T,2023-03-04 16:46:09,6.28188531,-75.58095560,3.93,1566.742,23.858,11.980,306,26,33,,
T,2023-03-04 16:46:10,6.28195181,-75.58104000,4.13,1568.202,23.858,11.650,306,26,33,,
T,2023-03-04 16:46:11,6.28202199,-75.58112756,3.90,1569.513,23.858,12.090,306,24,33,,
T,2023-03-04 16:46:12,6.28209006,-75.58120974,3.84,1569.655,23.859,11.700,308,24,33,,
T,2023-03-04 16:46:13,6.28214877,-75.58128968,3.96,1571.189,23.859,11.130,308,24,33,,
T,2023-03-04 16:46:14,6.28221318,-75.58137538,4.02,1573.300,23.859,11.750,308,24,33,,
T,2023-03-04 16:46:15,6.28228760,-75.58146203,4.00,1573.473,23.860,12.150,310,25,33,,
T,2023-03-04 16:46:16,6.28237887,-75.58155138,4.03,1572.711,23.860,12.650,311,25,33,,
T,2023-03-04 16:46:17,6.28246053,-75.58164304,4.19,1573.365,23.860,13.090,310,25,33,,
T,2023-03-04 16:46:18,6.28253741,-75.58173405,4.24,1573.691,23.860,12.990,309,25,33,,
T,2023-03-04 16:46:19,6.28260594,-75.58183124,4.15,1576.388,23.861,12.440,308,25,33,,
T,2023-03-04 16:46:20,6.28267314,-75.58191042,4.12,1578.837,23.861,11.220,309,25,33,,
T,2023-03-04 16:46:21,6.28272607,-75.58197482,4.24,1579.744,23.861,9.500,309,25,33,,
T,2023-03-04 16:46:22,6.28277121,-75.58203221,4.13,1581.892,23.861,8.250,306,25,33,,
T,2023-03-04 16:46:23,6.28281344,-75.58208027,4.10,1583.819,23.862,6.510,307,24,34,,
T,2023-03-04 16:46:24,6.28284911,-75.58211588,4.07,1584.355,23.862,5.060,306,25,33,,
T,2023-03-04 16:46:25,6.28287346,-75.58214126,4.21,1585.783,23.862,3.920,307,26,33,,
T,2023-03-04 16:46:26,6.28288522,-75.58215982,3.97,1587.328,23.862,2.900,309,22,33,,
T,2023-03-04 16:46:27,6.28290240,-75.58218547,3.83,1589.574,23.862,2.900,309,23,33,,
T,2023-03-04 16:46:28,6.28292461,-75.58221602,3.82,1589.950,23.862,3.730,308,24,33,,
T,2023-03-04 16:46:29,6.28293862,-75.58223602,4.07,1590.867,23.862,2.790,307,25,33,,
T,2023-03-04 16:46:30,6.28296539,-75.58227410,3.84,1591.772,23.862,4.610,304,24,32,,
T,2023-03-04 16:46:31,6.28299129,-75.58231148,3.79,1592.203,23.862,4.990,306,24,32,,
T,2023-03-04 16:46:32,6.28301966,-75.58234800,3.79,1593.252,23.862,5.220,305,24,32,,
T,2023-03-04 16:46:33,6.28306321,-75.58239820,3.79,1593.762,23.863,6.470,310,24,32,,
T,2023-03-04 16:46:34,6.28310955,-75.58245437,3.79,1594.870,23.863,7.330,310,24,32,,
T,2023-03-04 16:46:35,6.28315281,-75.58251053,3.79,1595.802,23.863,8.020,309,23,32,,
T,2023-03-04 16:46:36,6.28319781,-75.58257441,3.82,1593.912,23.863,8.040,307,23,32,,
T,2023-03-04 16:46:37,6.28323967,-75.58264030,3.84,1595.580,23.864,8.100,307,22,32,,
T,2023-03-04 16:46:38,6.28329106,-75.58270500,3.81,1596.135,23.864,8.200,306,22,32,,
T,2023-03-04 16:46:39,6.28334557,-75.58276777,3.79,1596.799,23.864,9.140,307,22,32,,
T,2023-03-04 16:46:40,6.28340137,-75.58283600,3.79,1597.732,23.864,9.320,308,23,32,,
T,2023-03-04 16:46:41,6.28345697,-75.58290181,3.79,1598.778,23.864,9.100,308,22,32,,
T,2023-03-04 16:46:42,6.28352048,-75.58298327,3.79,1599.837,23.865,10.090,307,22,30,,
T,2023-03-04 16:46:43,6.28357922,-75.58306303,3.79,1600.613,23.865,10.190,306,23,31,,
T,2023-03-04 16:46:44,6.28363266,-75.58314195,3.79,1600.996,23.865,10.270,306,24,31,,
T,2023-03-04 16:46:45,6.28369269,-75.58321640,3.79,1601.783,23.865,10.210,306,24,32,,
T,2023-03-04 16:46:46,6.28375067,-75.58329562,9.94,1603.560,23.866,10.170,307,25,32,,
T,2023-03-04 16:46:47,6.28381089,-75.58336383,9.94,1605.834,23.866,10.410,309,24,32,,
T,2023-03-04 16:46:48,6.28387610,-75.58344050,9.94,1607.771,23.866,10.490,312,24,32,,
T,2023-03-04 16:46:49,6.28393951,-75.58350615,3.79,1609.032,23.866,10.170,312,24,32,,
T,2023-03-04 16:46:50,6.28399575,-75.58356948,3.79,1609.910,23.867,9.000,312,23,32,,
T,2023-03-04 16:46:51,6.28403873,-75.58361937,3.79,1610.325,23.867,7.070,310,25,33,,
T,2023-03-04 16:46:52,6.28406431,-75.58365176,3.79,1609.931,23.867,4.660,311,25,33,,
T,2023-03-04 16:46:53,6.28408362,-75.58367461,3.79,1610.114,23.867,3.300,311,25,33,,
T,2023-03-04 16:46:54,6.28410030,-75.58369518,3.79,1610.583,23.867,2.610,312,25,34,,
T,2023-03-04 16:46:55,6.28411855,-75.58371452,3.79,1610.752,23.867,2.830,316,25,34,,
T,2023-03-04 16:46:56,6.28414338,-75.58373627,3.79,1610.824,23.867,3.680,318,25,34,,
T,2023-03-04 16:46:57,6.28417423,-75.58376313,3.79,1611.456,23.867,4.680,322,23,34,,
T,2023-03-04 16:46:58,6.28421231,-75.58380133,3.79,1611.245,23.867,5.860,312,23,34,,
T,2023-03-04 16:46:59,6.28424272,-75.58384083,3.79,1611.972,23.867,5.620,315,23,34,,
T,2023-03-04 16:47:00,6.28426679,-75.58387524,3.79,1612.578,23.868,4.530,307,22,34,,
T,2023-03-04 16:47:01,6.28428256,-75.58389915,3.79,1612.788,23.868,3.150,303,25,34,,
T,2023-03-04 16:47:02,6.28429835,-75.58391973,3.79,1613.914,23.868,2.610,304,25,34,,
T,2023-03-04 16:47:03,6.28431171,-75.58394252,3.79,1614.617,23.868,2.800,302,25,34,,
T,2023-03-04 16:47:04,6.28432678,-75.58396265,3.79,1615.670,23.868,2.690,299,23,34,,
T,2023-03-04 16:47:05,6.28433882,-75.58398126,3.79,1615.792,23.868,2.470,306,23,34,,
T,2023-03-04 16:47:06,6.28434924,-75.58399432,3.79,1616.291,23.868,1.860,306,23,34,,
T,2023-03-04 16:47:07,6.28435566,-75.58400201,3.79,1616.176,23.868,1.250,310,23,34,,
T,2023-03-04 16:47:08,6.28435522,-75.58399996,3.88,1616.663,23.868,0.000,,23,34,,
T,2023-03-04 16:47:09,6.28435633,-75.58399993,3.93,1617.148,23.868,0.000,,23,34,,
T,2023-03-04 16:47:10,6.28435728,-75.58399956,3.86,1617.405,23.868,0.000,,22,34,,
T,2023-03-04 16:47:11,6.28435802,-75.58399832,3.85,1617.761,23.868,0.000,,19,34,,
T,2023-03-04 16:47:12,6.28435918,-75.58399647,3.79,1617.864,23.868,0.000,,19,34,,
T,2023-03-04 16:47:13,6.28435952,-75.58399543,3.79,1618.029,23.868,0.000,,19,34,,
T,2023-03-04 16:47:14,6.28435891,-75.58399573,3.79,1617.813,23.868,0.000,,19,34,,
T,2023-03-04 16:47:15,6.28435778,-75.58399656,3.79,1617.519,23.868,0.000,,19,34,,
T,2023-03-04 16:47:16,6.28435767,-75.58399705,3.79,1617.511,23.868,0.000,,19,34,,
T,2023-03-04 16:47:17,6.28435795,-75.58399737,3.79,1617.413,23.868,0.000,,19,34,,
T,2023-03-04 16:47:18,6.28435799,-75.58399763,3.79,1617.402,23.868,0.000,,19,34,,
T,2023-03-04 16:47:19,6.28435799,-75.58399768,3.79,1617.373,23.868,0.000,,20,34,,
T,2023-03-04 16:47:20,6.28435802,-75.58399771,3.79,1617.356,23.868,0.000,,20,34,,
T,2023-03-04 16:47:21,6.28435805,-75.58399775,3.79,1617.352,23.868,0.000,,20,34,,
T,2023-03-04 16:47:22,6.28435814,-75.58399779,3.79,1617.378,23.868,0.000,,21,34,,
T,2023-03-04 16:47:23,6.28435817,-75.58399781,3.79,1617.378,23.868,0.000,,21,33,,
T,2023-03-04 16:47:24,6.28435822,-75.58399784,3.79,1617.388,23.868,0.000,,21,34,,
T,2023-03-04 16:47:25,6.28435825,-75.58399786,3.79,1617.388,23.868,0.000,,22,34,,
T,2023-03-04 16:47:26,6.28435827,-75.58399788,3.79,1617.388,23.868,0.000,,21,34,,
T,2023-03-04 16:47:27,6.28435829,-75.58399790,3.79,1617.387,23.868,0.000,,21,34,,
T,2023-03-04 16:47:28,6.28435834,-75.58399792,3.79,1617.401,23.868,0.000,,21,34,,
T,2023-03-04 16:47:29,6.28435839,-75.58399795,3.79,1617.409,23.868,0.000,,21,34,,
T,2023-03-04 16:47:30,6.28435840,-75.58399798,3.79,1617.408,23.868,0.000,,20,34,,
T,2023-03-04 16:47:31,6.28435841,-75.58399801,3.79,1617.405,23.868,0.000,,19,34,,
T,2023-03-04 16:47:32,6.28435842,-75.58399804,3.79,1617.407,23.868,0.000,,19,34,,
T,2023-03-04 16:47:33,6.28435842,-75.58399808,3.79,1617.403,23.868,0.000,,17,34,,
T,2023-03-04 16:47:34,6.28435842,-75.58399811,3.79,1617.402,23.868,0.000,,18,34,,
T,2023-03-04 16:47:35,6.28435843,-75.58399813,3.79,1617.403,23.868,0.000,,19,34,,
T,2023-03-04 16:47:36,6.28435843,-75.58399815,3.79,1617.404,23.868,0.000,,18,34,,
T,2023-03-04 16:47:37,6.28435787,-75.58399860,3.79,1617.359,23.868,0.000,,19,34,,
T,2023-03-04 16:47:38,6.28435774,-75.58399872,3.79,1617.361,23.868,0.000,,20,34,,
T,2023-03-04 16:47:39,6.28435772,-75.58399875,3.79,1617.362,23.868,0.000,,20,34,,
T,2023-03-04 16:47:40,6.28435774,-75.58399876,3.79,1617.366,23.868,0.000,,20,34,,
T,2023-03-04 16:47:41,6.28435777,-75.58399876,3.79,1617.368,23.868,0.000,,19,34,,
T,2023-03-04 16:47:42,6.28436551,-75.58400775,3.79,1617.401,23.868,1.260,316,19,32,,
T,2023-03-04 16:47:43,6.28438055,-75.58402561,3.79,1618.083,23.868,2.620,315,19,32,,
T,2023-03-04 16:47:44,6.28440247,-75.58405096,3.79,1617.444,23.868,3.620,314,19,31,,
T,2023-03-04 16:47:45,6.28443332,-75.58408133,3.79,1617.076,23.868,4.690,317,21,31,,
T,2023-03-04 16:47:46,6.28447570,-75.58411843,3.79,1616.373,23.868,5.130,313,22,33,,
T,2023-03-04 16:47:47,6.28450825,-75.58415847,3.79,1616.474,23.868,5.410,312,23,32,,
T,2023-03-04 16:47:48,6.28454027,-75.58419436,3.79,1616.992,23.869,5.620,312,23,32,,
T,2023-03-04 16:47:49,6.28456877,-75.58423232,3.79,1617.697,23.869,5.590,309,22,31,,
T,2023-03-04 16:47:50,6.28459561,-75.58427001,3.79,1618.387,23.869,5.180,308,23,32,,
T,2023-03-04 16:47:51,6.28462399,-75.58431268,3.79,1619.440,23.869,5.250,309,23,32,,
T,2023-03-04 16:47:52,6.28465645,-75.58436380,3.86,1618.682,23.869,5.380,308,24,33,,
T,2023-03-04 16:47:53,6.28468217,-75.58440013,3.79,1618.292,23.869,5.190,307,24,33,,
T,2023-03-04 16:47:54,6.28471688,-75.58444301,3.79,1620.008,23.869,5.390,304,24,33,,
T,2023-03-04 16:47:55,6.28473472,-75.58449736,3.85,1618.093,23.870,5.410,304,24,34,,
T,2023-03-04 16:47:56,6.28476924,-75.58454119,3.81,1619.141,23.870,6.160,303,24,34,,
T,2023-03-04 16:47:57,6.28481484,-75.58458729,3.79,1621.494,23.870,7.310,305,24,34,,
T,2023-03-04 16:47:58,6.28485962,-75.58464370,3.79,1625.174,23.870,8.050,306,24,35,,
T,2023-03-04 16:47:59,6.28490190,-75.58470141,3.79,1627.030,23.870,7.890,308,25,35,,
T,2023-03-04 16:48:00,6.28493892,-75.58475853,3.79,1628.319,23.871,7.840,306,23,35,,
T,2023-03-04 16:48:01,6.28498096,-75.58481482,3.80,1630.008,23.871,7.650,304,23,35,,
T,2023-03-04 16:48:02,6.28501919,-75.58487475,3.79,1631.070,23.871,7.300,307,22,35,,
T,2023-03-04 16:48:03,6.28505093,-75.58491589,3.79,1633.960,23.871,6.000,306,22,35,,
T,2023-03-04 16:48:04,6.28507612,-75.58495146,3.89,1636.840,23.871,4.810,306,23,35,,
T,2023-03-04 16:48:05,6.28509340,-75.58498182,3.87,1638.288,23.871,4.610,303,19,34,,
T,2023-03-04 16:48:06,6.28511672,-75.58501738,3.84,1639.513,23.872,4.660,303,21,33,,
T,2023-03-04 16:48:07,6.28514356,-75.58503437,3.85,1641.001,23.872,3.090,326,19,33,,
T,2023-03-04 16:48:08,6.28518158,-75.58503668,4.14,1641.110,23.871,4.260,5,14,33,,
T,2023-03-04 16:48:09,6.28524259,-75.58502492,4.93,1639.246,23.871,7.330,25,16,35,,
T,2023-03-04 16:48:10,6.28530529,-75.58497463,5.61,1637.468,23.871,9.290,28,17,35,,
T,2023-03-04 16:48:11,6.28535944,-75.58494814,5.53,1636.914,23.871,8.890,26,13,35,,
T,2023-03-04 16:48:12,6.28536898,-75.58492403,5.26,1638.234,23.870,6.090,32,16,35,,
T,2023-03-04 16:48:13,6.28531630,-75.58492846,4.63,1635.545,23.871,2.590,36,16,35,,
T,2023-03-04 16:48:14,6.28533848,-75.58490836,4.42,1633.909,23.870,3.700,40,14,35,,
T,2023-03-04 16:48:15,6.28536737,-75.58488627,4.25,1633.142,23.870,4.040,43,15,35,,
T,2023-03-04 16:48:16,6.28539838,-75.58486154,4.15,1631.432,23.870,4.150,42,14,35,,
T,2023-03-04 16:48:17,6.28542871,-75.58483773,4.05,1630.206,23.870,4.270,35,16,35,,
T,2023-03-04 16:48:18,6.28546103,-75.58481923,4.06,1630.416,23.870,4.120,23,18,35,,
T,2023-03-04 16:48:19,6.28548866,-75.58481413,3.97,1630.548,23.870,2.930,9,19,35,,
T,2023-03-04 16:48:20,6.28552153,-75.58481757,3.93,1631.873,23.870,3.210,355,17,35,,
T,2023-03-04 16:48:21,6.28554020,-75.58482690,4.02,1633.286,23.870,3.160,339,20,34,,
T,2023-03-04 16:48:22,6.28554977,-75.58485075,4.04,1634.793,23.870,2.380,324,23,34,,
T,2023-03-04 16:48:23,6.28556169,-75.58486943,3.96,1637.399,23.870,2.120,315,16,33,,
T,2023-03-04 16:48:24,6.28556906,-75.58487944,3.92,1640.647,23.870,1.130,311,16,33,,
T,2023-03-04 16:48:25,6.28557722,-75.58489229,3.93,1643.109,23.870,0.390,313,18,33,,
T,2023-03-04 16:48:26,6.28557920,-75.58489882,3.86,1645.688,23.870,0.750,311,18,33,,
T,2023-03-04 16:48:27,6.28558059,-75.58490707,3.98,1648.501,23.870,1.370,311,17,33,,
T,2023-03-04 16:48:28,6.28558311,-75.58490902,3.85,1647.903,23.870,0.000,,15,33,,
T,2023-03-04 16:48:29,6.28558311,-75.58490902,3.89,1647.903,23.870,0.000,,20,34,,
T,2023-03-04 16:48:30,6.28558311,-75.58490902,3.91,1647.903,23.870,0.000,,18,33,,
T,2023-03-04 16:48:31,6.28558311,-75.58490902,3.98,1647.903,23.870,0.000,,18,33,,
T,2023-03-04 16:48:32,6.28577068,-75.58511666,35.36,1645.656,23.871,0.650,327,10,32,,
T,2023-03-04 16:48:33,6.28577924,-75.58512568,32.76,1647.440,23.871,0.970,318,11,32,,
T,2023-03-04 16:48:34,6.28576511,-75.58512122,21.83,1654.764,23.871,0.940,311,14,32,,
T,2023-03-04 16:48:35,6.28578197,-75.58515091,15.47,1662.919,23.871,0.600,312,17,31,,
T,2023-03-04 16:48:36,6.28580995,-75.58519690,8.16,1672.883,23.871,0.960,315,13,32,,
T,2023-03-04 16:48:37,6.28582426,-75.58521590,3.91,1675.324,23.871,1.110,312,13,31,,
T,2023-03-04 16:48:38,6.28588127,-75.58519776,3.80,1644.790,23.871,0.150,202,15,31,,
T,2023-03-04 16:48:39,6.28588298,-75.58519915,3.86,1644.037,23.871,0.480,270,16,31,,
T,2023-03-04 16:48:40,6.28587240,-75.58519697,3.83,1642.001,23.871,1.930,301,14,31,,
T,2023-03-04 16:48:41,6.28586999,-75.58519619,3.82,1640.276,23.871,0.800,32,14,31,,
T,2023-03-04 16:48:42,6.28587121,-75.58519314,3.95,1638.145,23.871,0.880,30,14,31,,
T,2023-03-04 16:48:43,6.28587573,-75.58519269,3.94,1636.979,23.871,0.210,28,14,31,,
T,2023-03-04 16:48:44,6.28588261,-75.58519655,3.80,1635.395,23.871,0.530,30,14,30,,
T,2023-03-04 16:48:45,6.28587801,-75.58524970,3.79,1652.571,23.871,1.040,63,10,30,,
T,2023-03-04 16:48:46,6.28587282,-75.58524990,3.79,1652.256,23.871,0.300,321,17,31,,
T,2023-03-04 16:48:47,6.28587067,-75.58525063,3.79,1653.195,23.871,0.340,321,17,31,,
T,2023-03-04 16:48:48,6.28586891,-75.58524633,3.79,1653.264,23.871,0.700,321,15,30,,
T,2023-03-04 16:48:49,6.28587130,-75.58524199,3.79,1652.642,23.871,0.520,321,17,31,,
T,2023-03-04 16:48:50,6.28587478,-75.58523865,4.02,1651.665,23.871,0.460,321,18,31,,
T,2023-03-04 16:48:51,6.28587561,-75.58523657,5.19,1651.540,23.871,0.260,321,18,31,,
T,2023-03-04 16:48:52,6.28587139,-75.58523721,6.82,1651.559,23.871,0.290,321,17,31,,
T,2023-03-04 16:48:53,6.28585797,-75.58523936,8.11,1651.623,23.871,0.790,321,18,31,,
T,2023-03-04 16:48:54,6.28587062,-75.58522840,9.67,1652.215,23.871,0.900,66,17,31,,
T,2023-03-04 16:48:55,6.28588974,-75.58521910,12.03,1652.296,23.871,1.000,323,14,31,,
T,2023-03-04 16:48:56,6.28590543,-75.58522221,14.00,1652.353,23.871,0.820,314,12,31,,
T,2023-03-04 16:48:57,6.28590753,-75.58522264,13.58,1652.583,23.871,0.500,32,12,31,,
T,2023-03-04 16:48:58,6.28590306,-75.58523187,10.87,1653.036,23.871,0.630,0,11,31,,
T,2023-03-04 16:48:59,6.28589151,-75.58525600,11.61,1653.454,23.871,0.780,297,11,30,,
T,2023-03-04 16:49:00,6.28588133,-75.58527381,12.61,1653.522,23.871,0.710,291,14,30,,
