type,date time,latitude,longitude,accuracy(m),altitude(m),geoid_height(m),speed(m/s),bearing(deg),sat_used,sat_inview,name,desc
T,2023-03-18 00:41:23,6.16387667,-75.58381333,2.20,1612.087,24.113,0.000,,18,41,20230317-194123,GPS Logger: 20230317-194123 - Victory_Bomber150_Viaje_4
T,2023-03-18 00:41:24,6.16388000,-75.58381667,2.30,1612.186,24.114,0.108,67,18,41,,
T,2023-03-18 00:41:25,6.16388000,-75.58382000,2.30,1611.986,24.114,0.674,75,19,41,,
T,2023-03-18 00:41:26,6.16387833,-75.58381833,2.30,1611.986,24.114,0.712,80,20,41,,
T,2023-03-18 00:41:27,6.16387667,-75.58381500,2.40,1611.886,24.114,0.653,86,21,41,,
T,2023-03-18 00:41:28,6.16387667,-75.58381000,2.40,1612.087,24.113,0.378,320,21,41,,
T,2023-03-18 00:41:29,6.16387833,-75.58381000,2.40,1611.387,24.113,0.084,337,21,42,,
T,2023-03-18 00:41:30,6.16388167,-75.58381000,2.40,1611.087,24.113,0.403,171,21,42,,
T,2023-03-18 00:41:31,6.16388167,-75.58380333,2.30,1610.887,24.113,0.404,253,20,42,,
T,2023-03-18 00:41:32,6.16388833,-75.58380000,2.30,1611.687,24.113,0.444,321,19,42,,
T,2023-03-18 00:41:33,6.16389500,-75.58380000,2.20,1612.087,24.113,0.428,322,19,42,,
T,2023-03-18 00:41:34,6.16389833,-75.58379833,2.20,1612.387,24.113,0.450,275,19,42,,
T,2023-03-18 00:41:35,6.16390167,-75.58379833,2.30,1612.587,24.113,0.402,135,19,42,,
T,2023-03-18 00:41:36,6.16390500,-75.58379667,2.30,1612.887,24.113,0.353,121,19,42,,
T,2023-03-18 00:41:37,6.16391000,-75.58379833,2.20,1613.087,24.113,0.307,338,19,42,,
T,2023-03-18 00:41:38,6.16391500,-75.58380167,2.20,1613.087,24.113,0.317,15,19,42,,
T,2023-03-18 00:41:39,6.16392167,-75.58380167,2.20,1613.087,24.113,0.324,246,20,42,,
T,2023-03-18 00:41:40,6.16391667,-75.58380167,2.10,1613.087,24.113,0.273,187,20,42,,
T,2023-03-18 00:41:41,6.16391667,-75.58380167,2.10,1613.187,24.113,0.000,,20,42,,
T,2023-03-18 00:41:42,6.16391500,-75.58380000,2.10,1613.087,24.113,0.000,,20,42,,
T,2023-03-18 00:41:43,6.16391333,-75.58379667,2.10,1613.187,24.113,0.000,,20,42,,
T,2023-03-18 00:41:44,6.16391333,-75.58379667,2.00,1613.187,24.113,0.000,,19,42,,
T,2023-03-18 00:41:45,6.16391333,-75.58379667,2.00,1613.187,24.113,0.000,,20,42,,
T,2023-03-18 00:41:46,6.16391333,-75.58379667,2.00,1613.187,24.113,0.000,,19,42,,
T,2023-03-18 00:41:47,6.16391333,-75.58379667,2.00,1613.187,24.113,0.000,,19,42,,
T,2023-03-18 00:41:48,6.16391333,-75.58379667,2.00,1613.187,24.113,0.000,,20,42,,
T,2023-03-18 00:41:49,6.16391333,-75.58379667,2.00,1613.187,24.113,0.000,,19,42,,
T,2023-03-18 00:41:50,6.16391333,-75.58379667,2.00,1613.187,24.113,0.000,,20,42,,
T,2023-03-18 00:41:51,6.16391333,-75.58379667,2.00,1613.187,24.113,0.000,,21,42,,
T,2023-03-18 00:41:52,6.16391333,-75.58379667,2.00,1613.187,24.113,0.000,,20,42,,
T,2023-03-18 00:41:53,6.16391333,-75.58379667,2.00,1613.187,24.113,0.000,,20,42,,
T,2023-03-18 00:41:54,6.16391333,-75.58379667,2.00,1613.187,24.113,0.000,,20,42,,
T,2023-03-18 00:41:55,6.16391333,-75.58379667,2.00,1613.187,24.113,0.000,,20,42,,
T,2023-03-18 00:41:56,6.16391333,-75.58379667,1.90,1613.187,24.113,0.000,,19,42,,
T,2023-03-18 00:41:57,6.16391333,-75.58379667,1.90,1613.187,24.113,0.000,,19,42,,
T,2023-03-18 00:41:58,6.16391333,-75.58379667,1.90,1613.187,24.113,0.000,,19,42,,
T,2023-03-18 00:41:59,6.16391333,-75.58379667,1.90,1613.187,24.113,0.000,,18,42,,
T,2023-03-18 00:42:00,6.16391333,-75.58379667,1.90,1613.187,24.113,0.000,,19,42,,
T,2023-03-18 00:42:01,6.16391333,-75.58379667,1.90,1613.187,24.113,0.000,,18,42,,
T,2023-03-18 00:42:02,6.16391333,-75.58379667,1.90,1613.187,24.113,0.000,,19,42,,
T,2023-03-18 00:42:03,6.16391333,-75.58379667,2.00,1613.187,24.113,0.000,,19,42,,
T,2023-03-18 00:42:04,6.16391333,-75.58379667,2.00,1613.187,24.113,0.000,,19,42,,
T,2023-03-18 00:42:05,6.16391333,-75.58379667,1.90,1613.187,24.113,0.000,,20,42,,
T,2023-03-18 00:42:06,6.16391333,-75.58379667,1.90,1613.187,24.113,0.000,,19,42,,
T,2023-03-18 00:42:07,6.16391333,-75.58379667,1.90,1613.187,24.113,0.000,,18,42,,
T,2023-03-18 00:42:08,6.16391333,-75.58379667,1.90,1613.187,24.113,0.000,,19,42,,
T,2023-03-18 00:42:09,6.16391333,-75.58379667,1.90,1613.187,24.113,0.000,,19,42,,
T,2023-03-18 00:42:10,6.16391333,-75.58379667,1.90,1613.187,24.113,0.000,,18,42,,
T,2023-03-18 00:42:11,6.16391333,-75.58379667,1.90,1613.187,24.113,0.000,,19,42,,
T,2023-03-18 00:42:12,6.16391333,-75.58379667,1.90,1613.187,24.113,0.000,,19,42,,
T,2023-03-18 00:42:13,6.16391333,-75.58379667,1.90,1613.187,24.113,0.000,,19,42,,
T,2023-03-18 00:42:14,6.16391333,-75.58379667,1.90,1613.187,24.113,0.000,,20,42,,
T,2023-03-18 00:42:15,6.16391333,-75.58379667,1.90,1613.187,24.113,0.000,,20,42,,
T,2023-03-18 00:42:16,6.16391333,-75.58379667,1.90,1613.187,24.113,0.000,,20,42,,
T,2023-03-18 00:42:17,6.16391333,-75.58379667,1.80,1613.187,24.113,0.000,,20,42,,
T,2023-03-18 00:42:18,6.16391333,-75.58379667,1.80,1613.187,24.113,0.000,,19,42,,
T,2023-03-18 00:42:19,6.16391333,-75.58379667,1.80,1613.187,24.113,0.000,,19,42,,
T,2023-03-18 00:42:20,6.16391333,-75.58379667,1.80,1613.187,24.113,0.000,,19,42,,
T,2023-03-18 00:42:21,6.16391333,-75.58379667,1.80,1613.187,24.113,0.000,,19,42,,
T,2023-03-18 00:42:22,6.16391333,-75.58379667,1.90,1613.187,24.113,0.000,,19,42,,
T,2023-03-18 00:42:23,6.16391333,-75.58379667,1.90,1613.187,24.113,0.000,,19,42,,
T,2023-03-18 00:42:24,6.16391333,-75.58379667,1.80,1613.187,24.113,0.000,,20,42,,
T,2023-03-18 00:42:25,6.16391333,-75.58379667,1.80,1613.187,24.113,0.000,,20,42,,
T,2023-03-18 00:42:26,6.16391333,-75.58379667,1.80,1613.187,24.113,0.000,,20,42,,
T,2023-03-18 00:42:27,6.16391333,-75.58379667,1.70,1613.187,24.113,0.000,,20,42,,
T,2023-03-18 00:42:28,6.16391333,-75.58379667,1.80,1613.187,24.113,0.000,,20,42,,
T,2023-03-18 00:42:29,6.16391333,-75.58379667,1.80,1613.187,24.113,0.000,,20,42,,
T,2023-03-18 00:42:30,6.16391333,-75.58379667,1.70,1613.187,24.113,0.000,,20,42,,
T,2023-03-18 00:42:31,6.16391333,-75.58379667,1.70,1613.187,24.113,0.000,,20,42,,
T,2023-03-18 00:42:32,6.16391333,-75.58379667,1.70,1613.187,24.113,0.000,,19,42,,
T,2023-03-18 00:42:33,6.16391333,-75.58379667,1.70,1613.187,24.113,0.000,,20,42,,
T,2023-03-18 00:42:34,6.16391333,-75.58379667,1.70,1613.187,24.113,0.000,,20,42,,
T,2023-03-18 00:42:35,6.16391333,-75.58379667,1.70,1613.187,24.113,0.000,,20,42,,
T,2023-03-18 00:42:36,6.16391333,-75.58379667,1.70,1613.187,24.113,0.000,,21,42,,
T,2023-03-18 00:42:37,6.16391333,-75.58379667,1.70,1613.187,24.113,0.000,,21,42,,
T,2023-03-18 00:42:38,6.16391333,-75.58379667,1.70,1613.187,24.113,0.000,,21,42,,
T,2023-03-18 00:42:39,6.16391333,-75.58379667,1.70,1613.187,24.113,0.000,,21,42,,
T,2023-03-18 00:42:40,6.16391333,-75.58379667,1.70,1613.187,24.113,0.000,,21,42,,
T,2023-03-18 00:42:41,6.16391333,-75.58379667,1.70,1613.187,24.113,0.000,,21,42,,
T,2023-03-18 00:42:42,6.16391333,-75.58379667,1.70,1613.187,24.113,0.000,,21,42,,
T,2023-03-18 00:42:43,6.16391333,-75.58379667,1.70,1613.187,24.113,0.000,,21,42,,
T,2023-03-18 00:42:44,6.16391333,-75.58379667,1.70,1613.187,24.113,0.000,,21,43,,
T,2023-03-18 00:42:45,6.16391333,-75.58379667,1.70,1613.187,24.113,0.000,,21,43,,
T,2023-03-18 00:42:46,6.16391333,-75.58379667,1.80,1613.187,24.113,0.000,,21,43,,
T,2023-03-18 00:42:47,6.16391333,-75.58379667,1.80,1613.187,24.113,0.000,,21,43,,
T,2023-03-18 00:42:48,6.16391333,-75.58379667,1.80,1613.187,24.113,0.000,,21,43,,
T,2023-03-18 00:42:49,6.16391333,-75.58379667,1.80,1613.187,24.113,0.000,,21,43,,
T,2023-03-18 00:42:50,6.16391333,-75.58379667,1.80,1613.187,24.113,0.000,,21,43,,
T,2023-03-18 00:42:51,6.16391333,-75.58379667,1.80,1613.187,24.113,0.000,,20,43,,
T,2023-03-18 00:42:52,6.16391333,-75.58379667,1.80,1613.187,24.113,0.000,,20,43,,
T,2023-03-18 00:42:53,6.16391333,-75.58379667,1.80,1613.187,24.113,0.000,,21,43,,
T,2023-03-18 00:42:54,6.16391333,-75.58379667,1.80,1613.187,24.113,0.000,,22,43,,
T,2023-03-18 00:42:55,6.16391333,-75.58379667,1.80,1613.187,24.113,0.000,,22,43,,
T,2023-03-18 00:42:56,6.16391333,-75.58379667,1.80,1613.187,24.113,0.000,,22,43,,
T,2023-03-18 00:42:57,6.16391333,-75.58379667,1.80,1613.187,24.113,0.000,,22,43,,
T,2023-03-18 00:42:58,6.16391333,-75.58379667,1.80,1613.187,24.113,0.000,,22,43,,
T,2023-03-18 00:42:59,6.16391333,-75.58379667,1.80,1613.187,24.113,0.000,,23,43,,
T,2023-03-18 00:43:00,6.16389833,-75.58379500,1.80,1615.287,24.113,0.251,275,23,43,,
T,2023-03-18 00:43:01,6.16389667,-75.58379833,1.90,1615.387,24.113,0.275,95,23,43,,
T,2023-03-18 00:43:02,6.16389667,-75.58379500,2.00,1615.587,24.113,0.000,,22,43,,
T,2023-03-18 00:43:03,6.16391167,-75.58376833,2.40,1641.687,24.113,0.000,,21,43,,
T,2023-03-18 00:43:04,6.16391500,-75.58376333,2.40,1644.087,24.113,0.000,,21,43,,
T,2023-03-18 00:43:05,6.16391500,-75.58376333,2.40,1644.087,24.113,0.000,,21,43,,
T,2023-03-18 00:43:06,6.16391500,-75.58376333,2.40,1644.087,24.113,0.000,,21,43,,
T,2023-03-18 00:43:07,6.16391500,-75.58376333,2.40,1644.087,24.113,0.000,,20,43,,
T,2023-03-18 00:43:08,6.16391500,-75.58376333,2.40,1644.087,24.113,0.000,,20,43,,
T,2023-03-18 00:43:09,6.16391500,-75.58376333,2.20,1644.087,24.113,0.000,,20,43,,
T,2023-03-18 00:43:10,6.16391500,-75.58376333,2.00,1644.087,24.113,0.000,,21,43,,
T,2023-03-18 00:43:11,6.16391500,-75.58376333,1.90,1644.087,24.113,0.000,,21,43,,
T,2023-03-18 00:43:12,6.16391500,-75.58376333,1.70,1644.087,24.113,0.000,,20,43,,
T,2023-03-18 00:43:13,6.16391500,-75.58376333,1.70,1644.087,24.113,0.000,,20,43,,
T,2023-03-18 00:43:14,6.16391500,-75.58376333,1.70,1644.087,24.113,0.000,,20,43,,
T,2023-03-18 00:43:15,6.16391500,-75.58376333,1.70,1644.087,24.113,0.000,,20,43,,
T,2023-03-18 00:43:16,6.16391500,-75.58376333,1.80,1644.087,24.113,0.000,,20,43,,
T,2023-03-18 00:43:17,6.16391500,-75.58376333,2.00,1644.087,24.113,0.000,,19,43,,
T,2023-03-18 00:43:18,6.16388833,-75.58378833,2.00,1637.287,24.113,0.306,140,21,43,,
T,2023-03-18 00:43:19,6.16388500,-75.58378667,2.10,1635.587,24.113,0.323,109,20,43,,
T,2023-03-18 00:43:20,6.16388333,-75.58378333,2.10,1634.187,24.113,0.334,175,19,43,,
T,2023-03-18 00:43:21,6.16388500,-75.58378333,2.20,1632.987,24.113,0.355,190,19,43,,
T,2023-03-18 00:43:22,6.16388333,-75.58378333,2.20,1631.687,24.113,0.406,204,21,43,,
T,2023-03-18 00:43:23,6.16388000,-75.58378333,2.20,1630.387,24.113,0.427,223,20,43,,
T,2023-03-18 00:43:24,6.16388000,-75.58378333,2.20,1629.187,24.113,0.449,217,21,42,,
T,2023-03-18 00:43:25,6.16387833,-75.58378333,2.20,1627.587,24.113,0.441,252,19,42,,
T,2023-03-18 00:43:26,6.16387500,-75.58378333,2.10,1626.087,24.113,0.450,347,20,42,,
T,2023-03-18 00:43:27,6.16387833,-75.58378333,2.10,1624.987,24.113,0.425,163,20,42,,
T,2023-03-18 00:43:28,6.16387667,-75.58378000,2.10,1624.287,24.113,0.000,,21,42,,
T,2023-03-18 00:43:29,6.16388000,-75.58377667,2.10,1623.587,24.113,0.395,48,20,42,,
T,2023-03-18 00:43:30,6.16388333,-75.58377000,2.10,1622.687,24.113,0.000,,20,42,,
T,2023-03-18 00:43:31,6.16388667,-75.58377167,2.00,1621.887,24.113,0.000,,21,42,,
T,2023-03-18 00:43:32,6.16389000,-75.58376833,2.00,1621.387,24.113,0.000,,21,42,,
T,2023-03-18 00:43:33,6.16389000,-75.58376833,2.00,1621.387,24.113,0.000,,21,42,,
T,2023-03-18 00:43:34,6.16389000,-75.58376833,2.00,1621.387,24.113,0.000,,21,42,,
T,2023-03-18 00:43:35,6.16389000,-75.58376833,2.00,1621.387,24.113,0.000,,21,42,,
T,2023-03-18 00:43:36,6.16389000,-75.58376833,2.00,1621.387,24.113,0.000,,22,42,,
T,2023-03-18 00:43:37,6.16389000,-75.58376833,2.00,1621.387,24.113,0.000,,22,42,,
T,2023-03-18 00:43:38,6.16389000,-75.58376833,2.00,1621.387,24.113,0.000,,22,42,,
T,2023-03-18 00:43:39,6.16389000,-75.58376833,2.00,1621.387,24.113,0.000,,21,42,,
T,2023-03-18 00:43:40,6.16389000,-75.58376833,1.90,1621.387,24.113,0.000,,21,42,,
T,2023-03-18 00:43:41,6.16389000,-75.58376833,1.90,1621.387,24.113,0.000,,21,42,,
T,2023-03-18 00:43:42,6.16389000,-75.58376833,1.90,1621.387,24.113,0.000,,22,42,,
T,2023-03-18 00:43:43,6.16389000,-75.58376833,1.90,1621.387,24.113,0.000,,22,42,,
T,2023-03-18 00:43:44,6.16389000,-75.58376833,1.90,1621.387,24.113,0.000,,22,42,,
T,2023-03-18 00:43:45,6.16390833,-75.58379000,2.10,1618.187,24.113,0.000,,21,42,,
T,2023-03-18 00:43:46,6.16392167,-75.58379000,2.20,1617.987,24.113,0.000,,19,42,,
T,2023-03-18 00:43:47,6.16393167,-75.58379500,2.40,1617.487,24.113,0.000,,19,42,,
T,2023-03-18 00:43:48,6.16394333,-75.58377833,2.50,1617.187,24.113,0.000,,20,42,,
T,2023-03-18 00:43:49,6.16396833,-75.58376000,2.70,1616.987,24.113,0.000,,18,42,,
T,2023-03-18 00:43:50,6.16399333,-75.58373667,2.70,1616.787,24.113,0.000,,17,42,,
T,2023-03-18 00:43:51,6.16401833,-75.58371833,2.90,1616.687,24.113,0.000,,16,42,,
T,2023-03-18 00:43:52,6.16404500,-75.58370000,3.10,1616.687,24.113,0.000,,14,42,,
T,2023-03-18 00:43:53,6.16406500,-75.58368167,3.30,1616.688,24.112,0.000,,12,42,,
T,2023-03-18 00:43:54,6.16407000,-75.58366333,3.30,1616.888,24.112,0.000,,13,42,,
T,2023-03-18 00:43:55,6.16408333,-75.58363167,3.30,1616.688,24.112,0.000,,12,42,,
T,2023-03-18 00:43:56,6.16409333,-75.58361667,3.10,1615.688,24.112,0.000,,13,42,,
T,2023-03-18 00:43:57,6.16410667,-75.58360500,3.10,1615.288,24.112,3.104,37,13,42,,
T,2023-03-18 00:43:58,6.16411333,-75.58360667,2.80,1614.288,24.112,2.906,25,15,42,,
T,2023-03-18 00:43:59,6.16410833,-75.58360000,2.70,1613.588,24.112,2.655,34,16,42,,
T,2023-03-18 00:44:00,6.16411333,-75.58359000,2.50,1614.588,24.112,2.363,344,16,42,,
T,2023-03-18 00:44:01,6.16410667,-75.58359500,2.50,1614.688,24.112,2.057,352,16,42,,
T,2023-03-18 00:44:02,6.16411167,-75.58359667,2.50,1615.388,24.112,1.720,190,16,42,,
T,2023-03-18 00:44:03,6.16410667,-75.58359000,2.40,1615.188,24.112,1.400,149,17,42,,
T,2023-03-18 00:44:04,6.16411500,-75.58358667,2.30,1614.888,24.112,1.100,29,19,42,,
T,2023-03-18 00:44:05,6.16412000,-75.58358000,2.20,1615.388,24.112,0.791,164,19,42,,
T,2023-03-18 00:44:06,6.16411500,-75.58357000,2.00,1614.988,24.112,0.568,68,19,42,,
T,2023-03-18 00:44:07,6.16410833,-75.58356333,2.00,1613.788,24.112,0.473,57,21,42,,
T,2023-03-18 00:44:08,6.16410167,-75.58355000,1.90,1612.388,24.112,0.497,76,21,42,,
T,2023-03-18 00:44:09,6.16409500,-75.58353833,1.90,1611.088,24.112,0.448,92,21,42,,
T,2023-03-18 00:44:10,6.16409333,-75.58353167,1.90,1610.188,24.112,0.410,70,21,42,,
T,2023-03-18 00:44:11,6.16409833,-75.58352667,1.90,1609.288,24.112,0.402,59,21,42,,
T,2023-03-18 00:44:12,6.16410000,-75.58352500,1.90,1608.788,24.112,0.000,,21,42,,
T,2023-03-18 00:44:13,6.16409833,-75.58352500,1.90,1608.088,24.112,0.000,,21,42,,
T,2023-03-18 00:44:14,6.16410000,-75.58352667,2.00,1607.988,24.112,0.000,,20,42,,
T,2023-03-18 00:44:15,6.16410000,-75.58352667,2.10,1607.988,24.112,0.000,,19,42,,
T,2023-03-18 00:44:16,6.16409667,-75.58352833,2.30,1607.888,24.112,0.000,,18,42,,
T,2023-03-18 00:44:17,6.16409000,-75.58352500,2.40,1607.788,24.112,0.000,,18,42,,
T,2023-03-18 00:44:18,6.16408667,-75.58352667,2.60,1607.788,24.112,0.000,,17,42,,
T,2023-03-18 00:44:19,6.16408500,-75.58352500,2.60,1607.288,24.112,0.000,,16,42,,
T,2023-03-18 00:44:20,6.16408500,-75.58352500,2.40,1607.288,24.112,0.000,,15,42,,
T,2023-03-18 00:44:21,6.16408500,-75.58352500,2.20,1607.288,24.112,0.000,,15,42,,
T,2023-03-18 00:44:22,6.16408500,-75.58352500,2.20,1607.288,24.112,0.000,,15,42,,
T,2023-03-18 00:44:23,6.16408833,-75.58350667,2.30,1605.789,24.111,0.374,88,15,42,,
T,2023-03-18 00:44:24,6.16408667,-75.58349167,2.50,1605.789,24.111,0.000,,16,42,,
T,2023-03-18 00:44:25,6.16407667,-75.58346833,2.70,1605.789,24.111,0.000,,16,42,,
T,2023-03-18 00:44:26,6.16406000,-75.58344167,2.80,1605.889,24.111,0.000,,16,42,,
T,2023-03-18 00:44:27,6.16403500,-75.58340667,2.90,1605.989,24.111,0.000,,16,42,,
T,2023-03-18 00:44:28,6.16396833,-75.58336667,2.90,1606.489,24.111,0.000,,16,42,,
T,2023-03-18 00:44:29,6.16393167,-75.58333833,3.10,1606.589,24.111,0.000,,15,42,,
T,2023-03-18 00:44:30,6.16389667,-75.58331167,3.30,1606.689,24.111,0.000,,13,42,,
T,2023-03-18 00:44:31,6.16386167,-75.58328167,3.50,1606.689,24.111,0.000,,11,42,,
T,2023-03-18 00:44:32,6.16382833,-75.58325667,3.60,1606.789,24.111,0.000,,12,42,,
T,2023-03-18 00:44:33,6.16379333,-75.58323333,3.70,1606.989,24.111,0.000,,12,42,,
T,2023-03-18 00:44:34,6.16376333,-75.58321333,3.70,1606.989,24.111,4.217,141,11,42,,
T,2023-03-18 00:44:35,6.16372833,-75.58319833,3.70,1607.189,24.111,4.452,148,13,42,,
T,2023-03-18 00:44:36,6.16369500,-75.58317667,3.70,1607.389,24.111,4.629,146,14,42,,
T,2023-03-18 00:44:37,6.16366833,-75.58315500,3.70,1607.590,24.110,4.671,142,14,42,,
T,2023-03-18 00:44:38,6.16363500,-75.58313000,3.70,1607.790,24.110,4.649,140,14,42,,
T,2023-03-18 00:44:39,6.16359500,-75.58310500,3.70,1607.790,24.110,4.704,141,13,41,,
T,2023-03-18 00:44:40,6.16356167,-75.58307833,3.80,1608.090,24.110,4.720,139,11,41,,
T,2023-03-18 00:44:41,6.16353000,-75.58304333,3.80,1608.290,24.110,4.744,134,12,41,,
T,2023-03-18 00:44:42,6.16349333,-75.58301833,3.80,1608.890,24.110,4.753,135,15,42,,
T,2023-03-18 00:44:43,6.16345167,-75.58299167,3.80,1609.090,24.110,4.787,138,15,42,,
T,2023-03-18 00:44:44,6.16341500,-75.58298000,3.50,1609.590,24.110,4.843,143,15,42,,
T,2023-03-18 00:44:45,6.16338333,-75.58295167,3.50,1609.590,24.110,4.895,140,14,42,,
T,2023-03-18 00:44:46,6.16335667,-75.58293000,3.60,1609.590,24.110,4.901,140,13,42,,
T,2023-03-18 00:44:47,6.16332500,-75.58290000,3.60,1609.290,24.110,4.858,144,13,42,,
T,2023-03-18 00:44:48,6.16329000,-75.58287500,3.60,1608.990,24.110,4.786,148,12,42,,
T,2023-03-18 00:44:49,6.16325167,-75.58284667,3.60,1608.390,24.110,4.628,149,13,42,,
T,2023-03-18 00:44:50,6.16320167,-75.58282667,3.30,1607.590,24.110,4.546,144,14,41,,
T,2023-03-18 00:44:51,6.16317667,-75.58280333,3.10,1606.590,24.110,4.412,130,13,41,,
T,2023-03-18 00:44:52,6.16317833,-75.58277000,3.20,1606.091,24.109,4.258,109,13,41,,
T,2023-03-18 00:44:53,6.16319833,-75.58273500,3.30,1605.791,24.109,4.119,79,13,41,,
T,2023-03-18 00:44:54,6.16323500,-75.58270500,3.40,1605.691,24.109,4.050,54,14,41,,
T,2023-03-18 00:44:55,6.16327167,-75.58267333,3.40,1605.791,24.109,4.028,51,15,41,,
T,2023-03-18 00:44:56,6.16333000,-75.58264500,3.40,1605.692,24.108,4.069,46,13,41,,
T,2023-03-18 00:44:57,6.16336667,-75.58262000,3.50,1605.492,24.108,4.165,40,12,41,,
T,2023-03-18 00:44:58,6.16342667,-75.58260000,3.60,1604.692,24.108,4.238,32,12,41,,
T,2023-03-18 00:44:59,6.16346000,-75.58256667,3.50,1603.192,24.108,4.250,33,11,41,,
T,2023-03-18 00:45:00,6.16348833,-75.58255000,3.60,1602.892,24.108,4.156,31,11,41,,
T,2023-03-18 00:45:01,6.16352333,-75.58254167,3.70,1602.392,24.108,4.026,24,11,41,,
T,2023-03-18 00:45:02,6.16353333,-75.58252667,3.70,1601.893,24.107,3.839,27,10,41,,
T,2023-03-18 00:45:03,6.16352500,-75.58246333,3.20,1602.093,24.107,3.591,40,12,41,,
T,2023-03-18 00:45:04,6.16354167,-75.58246000,2.80,1603.593,24.107,3.246,20,15,41,,
T,2023-03-18 00:45:05,6.16356833,-75.58247333,2.50,1604.993,24.107,2.865,28,17,41,,
T,2023-03-18 00:45:06,6.16358000,-75.58247667,2.50,1605.393,24.107,2.439,22,17,41,,
T,2023-03-18 00:45:07,6.16358833,-75.58247667,2.40,1606.193,24.107,2.071,24,16,41,,
T,2023-03-18 00:45:08,6.16360667,-75.58247167,2.40,1607.893,24.107,1.735,22,17,41,,
T,2023-03-18 00:45:09,6.16360833,-75.58246500,2.30,1606.693,24.107,1.516,23,19,41,,
T,2023-03-18 00:45:10,6.16362000,-75.58246000,2.30,1606.093,24.107,1.376,22,21,41,,
T,2023-03-18 00:45:11,6.16362667,-75.58245167,2.10,1605.993,24.107,1.216,37,20,41,,
T,2023-03-18 00:45:12,6.16362667,-75.58244833,2.10,1605.793,24.107,1.090,78,20,41,,
T,2023-03-18 00:45:13,6.16362333,-75.58244667,2.10,1605.293,24.107,1.003,103,20,41,,
T,2023-03-18 00:45:14,6.16362167,-75.58244333,2.10,1604.693,24.107,0.954,88,20,41,,
T,2023-03-18 00:45:15,6.16361833,-75.58244167,2.10,1604.493,24.107,0.898,94,19,41,,
T,2023-03-18 00:45:16,6.16362000,-75.58243833,2.20,1604.493,24.107,0.867,176,19,41,,
T,2023-03-18 00:45:17,6.16361833,-75.58244000,2.20,1604.293,24.107,0.810,198,19,41,,
T,2023-03-18 00:45:18,6.16361667,-75.58244333,2.20,1603.993,24.107,0.710,294,19,41,,
T,2023-03-18 00:45:19,6.16362000,-75.58244167,2.20,1604.093,24.107,0.528,1,18,41,,
T,2023-03-18 00:45:20,6.16362667,-75.58243667,2.30,1603.593,24.107,0.534,16,18,41,,
T,2023-03-18 00:45:21,6.16364667,-75.58242833,2.30,1603.593,24.107,0.650,17,19,41,,
T,2023-03-18 00:45:22,6.16366667,-75.58242000,2.40,1603.493,24.107,0.863,21,19,41,,
T,2023-03-18 00:45:23,6.16369333,-75.58240000,2.50,1603.394,24.106,1.131,28,19,41,,
T,2023-03-18 00:45:24,6.16373000,-75.58237333,2.50,1602.994,24.106,1.545,27,18,41,,
T,2023-03-18 00:45:25,6.16376833,-75.58234500,2.50,1602.094,24.106,1.977,31,18,41,,
T,2023-03-18 00:45:26,6.16380333,-75.58231500,2.60,1601.594,24.106,2.336,44,18,41,,
T,2023-03-18 00:45:27,6.16383333,-75.58228833,2.60,1600.494,24.106,0.000,,21,41,,
T,2023-03-18 00:45:28,6.16385000,-75.58226167,2.50,1599.195,24.105,3.047,38,20,41,,
T,2023-03-18 00:45:29,6.16388333,-75.58223833,2.60,1598.095,24.105,3.496,32,20,41,,
T,2023-03-18 00:45:30,6.16391000,-75.58221000,2.60,1596.795,24.105,3.764,39,20,41,,
T,2023-03-18 00:45:31,6.16394500,-75.58218167,2.60,1596.095,24.105,4.047,39,20,41,,
T,2023-03-18 00:45:32,6.16397000,-75.58217000,2.70,1594.795,24.105,4.198,39,17,41,,
T,2023-03-18 00:45:33,6.16399167,-75.58215833,2.60,1593.595,24.105,4.287,34,17,41,,
T,2023-03-18 00:45:34,6.16403167,-75.58214167,2.70,1592.896,24.104,4.270,32,18,41,,
T,2023-03-18 00:45:35,6.16406833,-75.58213000,2.60,1592.496,24.104,4.330,30,18,41,,
T,2023-03-18 00:45:36,6.16407500,-75.58208500,2.60,1592.496,24.104,4.450,34,19,41,,
T,2023-03-18 00:45:37,6.16409833,-75.58205667,2.60,1592.196,24.104,4.541,32,18,41,,
T,2023-03-18 00:45:38,6.16412667,-75.58203167,2.60,1592.296,24.104,4.389,38,19,41,,
T,2023-03-18 00:45:39,6.16415000,-75.58200833,2.60,1592.396,24.104,4.184,42,19,41,,
T,2023-03-18 00:45:40,6.16417167,-75.58199500,2.50,1592.297,24.103,3.928,35,18,41,,
T,2023-03-18 00:45:41,6.16418667,-75.58198667,2.50,1592.097,24.103,3.618,30,19,41,,
T,2023-03-18 00:45:42,6.16421167,-75.58198167,2.50,1592.497,24.103,3.475,23,19,41,,
T,2023-03-18 00:45:43,6.16424000,-75.58199000,2.40,1592.497,24.103,3.369,21,19,41,,
T,2023-03-18 00:45:44,6.16427167,-75.58197500,2.40,1592.797,24.103,3.268,27,18,41,,
T,2023-03-18 00:45:45,6.16429667,-75.58196333,2.30,1592.597,24.103,3.048,32,19,41,,
T,2023-03-18 00:45:46,6.16433333,-75.58195167,2.40,1592.897,24.103,2.924,33,19,41,,
T,2023-03-18 00:45:47,6.16437333,-75.58193167,2.50,1593.197,24.103,2.918,37,19,41,,
T,2023-03-18 00:45:48,6.16440500,-75.58192167,2.50,1592.997,24.103,3.096,33,21,41,,
T,2023-03-18 00:45:49,6.16444167,-75.58190500,2.50,1592.398,24.102,3.359,32,20,41,,
T,2023-03-18 00:45:50,6.16449667,-75.58187500,2.60,1592.498,24.102,3.778,31,19,41,,
T,2023-03-18 00:45:51,6.16456000,-75.58184000,2.70,1592.398,24.102,4.310,31,18,42,,
T,2023-03-18 00:45:52,6.16461667,-75.58180667,2.70,1592.498,24.102,6.631,28,17,42,,
T,2023-03-18 00:45:53,6.16466667,-75.58177667,2.70,1592.399,24.101,6.178,31,17,42,,
T,2023-03-18 00:45:54,6.16471333,-75.58176500,2.70,1591.399,24.101,5.965,30,20,42,,
T,2023-03-18 00:45:55,6.16475833,-75.58175167,2.70,1590.699,24.101,5.473,26,20,42,,
T,2023-03-18 00:45:56,6.16479500,-75.58174667,2.70,1589.499,24.101,4.451,20,19,42,,
T,2023-03-18 00:45:57,6.16482500,-75.58172833,2.70,1588.699,24.101,3.646,24,17,42,,
T,2023-03-18 00:45:58,6.16485500,-75.58171333,2.60,1587.999,24.101,3.297,21,17,42,,
T,2023-03-18 00:45:59,6.16488500,-75.58170500,2.70,1587.899,24.101,2.939,14,15,42,,
T,2023-03-18 00:46:00,6.16491667,-75.58168167,2.70,1587.800,24.100,3.375,21,15,41,,
T,2023-03-18 00:46:01,6.16495000,-75.58165833,2.60,1588.000,24.100,3.135,16,17,41,,
T,2023-03-18 00:46:02,6.16498500,-75.58164500,2.50,1588.300,24.100,2.627,360,17,41,,
T,2023-03-18 00:46:03,6.16501667,-75.58165333,2.40,1588.500,24.100,3.295,333,16,41,,
T,2023-03-18 00:46:04,6.16504333,-75.58167167,2.40,1588.500,24.100,3.882,323,16,41,,
T,2023-03-18 00:46:05,6.16507500,-75.58169667,2.50,1588.500,24.100,4.257,323,16,41,,
T,2023-03-18 00:46:06,6.16510833,-75.58172833,2.60,1589.100,24.100,4.937,316,16,41,,
T,2023-03-18 00:46:07,6.16514333,-75.58177667,2.80,1589.700,24.100,5.716,314,15,41,,
T,2023-03-18 00:46:08,6.16518000,-75.58181500,2.80,1590.399,24.101,5.548,317,18,41,,
T,2023-03-18 00:46:09,6.16520667,-75.58184833,2.90,1590.899,24.101,4.838,320,16,41,,
T,2023-03-18 00:46:10,6.16523167,-75.58188333,2.90,1591.299,24.101,4.362,312,16,41,,
T,2023-03-18 00:46:11,6.16527167,-75.58190500,2.80,1591.599,24.101,3.858,315,14,41,,
T,2023-03-18 00:46:12,6.16527167,-75.58191833,2.80,1591.699,24.101,2.931,302,13,41,,
T,2023-03-18 00:46:13,6.16529167,-75.58194833,2.70,1591.899,24.101,2.755,299,15,41,,
T,2023-03-18 00:46:14,6.16529333,-75.58196667,2.70,1592.499,24.101,2.399,297,14,41,,
T,2023-03-18 00:46:15,6.16529667,-75.58199000,2.60,1592.899,24.101,3.442,302,14,41,,
T,2023-03-18 00:46:16,6.16531500,-75.58203167,2.60,1592.999,24.101,4.880,302,14,41,,
T,2023-03-18 00:46:17,6.16534333,-75.58207833,2.50,1592.798,24.102,5.779,303,15,41,,
T,2023-03-18 00:46:18,6.16537167,-75.58212667,2.50,1592.998,24.102,5.569,305,17,41,,
T,2023-03-18 00:46:19,6.16540000,-75.58217000,2.60,1592.598,24.102,5.353,306,16,41,,
T,2023-03-18 00:46:20,6.16543167,-75.58220833,2.80,1591.498,24.102,6.060,304,15,41,,
T,2023-03-18 00:46:21,6.16546833,-75.58226000,2.90,1590.398,24.102,6.973,303,14,41,,
T,2023-03-18 00:46:22,6.16550333,-75.58231167,2.80,1589.598,24.102,7.357,305,16,41,,
T,2023-03-18 00:46:23,6.16553833,-75.58236333,2.80,1589.297,24.103,7.684,303,16,42,,
T,2023-03-18 00:46:24,6.16557167,-75.58242000,2.80,1589.097,24.103,7.315,301,16,42,,
T,2023-03-18 00:46:25,6.16561167,-75.58248000,2.70,1588.797,24.103,6.642,304,16,42,,
T,2023-03-18 00:46:26,6.16564500,-75.58253167,2.70,1588.797,24.103,5.975,307,15,42,,
T,2023-03-18 00:46:27,6.16568333,-75.58259000,2.60,1588.996,24.104,6.756,306,18,42,,
T,2023-03-18 00:46:28,6.16571833,-75.58264000,2.70,1588.696,24.104,6.604,305,17,42,,
T,2023-03-18 00:46:29,6.16575333,-75.58269167,2.70,1588.796,24.104,7.387,304,17,42,,
T,2023-03-18 00:46:30,6.16579667,-75.58275667,2.80,1588.196,24.104,8.172,307,15,42,,
T,2023-03-18 00:46:31,6.16584500,-75.58282167,2.80,1587.596,24.104,7.987,302,16,42,,
T,2023-03-18 00:46:32,6.16589167,-75.58288000,2.80,1586.995,24.105,7.868,300,17,42,,
T,2023-03-18 00:46:33,6.16593000,-75.58294167,2.90,1586.695,24.105,8.438,298,16,42,,
T,2023-03-18 00:46:34,6.16596833,-75.58300667,2.80,1586.495,24.105,8.335,299,17,42,,
T,2023-03-18 00:46:35,6.16601500,-75.58307667,2.80,1586.395,24.105,9.498,300,16,42,,
T,2023-03-18 00:46:36,6.16605333,-75.58316167,2.80,1586.094,24.106,9.902,299,16,42,,
T,2023-03-18 00:46:37,6.16610167,-75.58324000,2.80,1586.194,24.106,9.121,303,15,42,,
T,2023-03-18 00:46:38,6.16614500,-75.58331000,2.80,1586.294,24.106,8.128,304,14,42,,
T,2023-03-18 00:46:39,6.16618500,-75.58337500,2.90,1586.393,24.107,7.446,304,13,42,,
T,2023-03-18 00:46:40,6.16623333,-75.58343667,3.00,1586.593,24.107,7.582,306,14,42,,
T,2023-03-18 00:46:41,6.16627667,-75.58349833,3.00,1586.893,24.107,7.972,304,15,42,,
T,2023-03-18 00:46:42,6.16631667,-75.58356333,2.90,1587.493,24.107,8.565,302,16,42,,
T,2023-03-18 00:46:43,6.16634833,-75.58361500,2.80,1587.392,24.108,7.660,303,17,42,,
T,2023-03-18 00:46:44,6.16638667,-75.58366667,2.70,1587.492,24.108,7.123,302,17,42,,
T,2023-03-18 00:46:45,6.16641833,-75.58371833,2.70,1587.392,24.108,6.550,301,17,42,,
T,2023-03-18 00:46:46,6.16645333,-75.58376333,2.60,1587.292,24.108,6.040,303,17,42,,
T,2023-03-18 00:46:47,6.16648000,-75.58380833,2.70,1587.092,24.108,5.238,300,17,42,,
T,2023-03-18 00:46:48,6.16650667,-75.58385000,2.70,1586.791,24.109,4.926,302,16,42,,
T,2023-03-18 00:46:49,6.16653000,-75.58388833,2.70,1586.491,24.109,4.694,302,16,42,,
T,2023-03-18 00:46:50,6.16654833,-75.58393333,2.70,1586.191,24.109,5.372,303,16,42,,
T,2023-03-18 00:46:51,6.16657000,-75.58397500,2.80,1585.891,24.109,5.397,299,16,42,,
T,2023-03-18 00:46:52,6.16658667,-75.58401000,2.90,1585.891,24.109,5.028,297,15,42,,
T,2023-03-18 00:46:53,6.16659500,-75.58403500,2.90,1586.091,24.109,4.002,294,15,42,,
T,2023-03-18 00:46:54,6.16660000,-75.58405000,2.90,1587.291,24.109,3.248,293,15,42,,
T,2023-03-18 00:46:55,6.16660500,-75.58407333,2.70,1588.690,24.110,2.691,297,16,42,,
T,2023-03-18 00:46:56,6.16660833,-75.58409500,2.60,1588.690,24.110,2.423,308,16,42,,
T,2023-03-18 00:46:57,6.16663000,-75.58412000,2.60,1588.590,24.110,2.784,308,17,42,,
T,2023-03-18 00:46:58,6.16664500,-75.58414333,2.50,1587.990,24.110,3.649,305,18,42,,
T,2023-03-18 00:46:59,6.16666333,-75.58418000,2.50,1587.390,24.110,5.155,301,19,42,,
T,2023-03-18 00:47:00,6.16669500,-75.58422833,2.60,1587.290,24.110,6.132,310,18,42,,
T,2023-03-18 00:47:01,6.16673167,-75.58427167,2.60,1587.190,24.110,5.928,309,17,42,,
T,2023-03-18 00:47:02,6.16676167,-75.58431167,2.70,1586.790,24.110,5.683,303,16,42,,
T,2023-03-18 00:47:03,6.16679000,-75.58435333,2.90,1585.889,24.111,5.599,303,16,42,,
T,2023-03-18 00:47:04,6.16681333,-75.58438500,2.90,1585.589,24.111,4.871,307,17,42,,
T,2023-03-18 00:47:05,6.16684333,-75.58442667,2.80,1583.889,24.111,5.585,307,17,42,,
T,2023-03-18 00:47:06,6.16686833,-75.58446833,2.90,1583.589,24.111,6.394,303,15,42,,
T,2023-03-18 00:47:07,6.16689500,-75.58450333,2.80,1582.889,24.111,5.478,300,15,42,,
T,2023-03-18 00:47:08,6.16691667,-75.58452667,2.80,1582.789,24.111,4.259,306,16,42,,
T,2023-03-18 00:47:09,6.16693167,-75.58455833,2.70,1583.189,24.111,4.489,308,18,42,,
T,2023-03-18 00:47:10,6.16696833,-75.58459833,2.70,1583.988,24.112,5.288,308,18,42,,
T,2023-03-18 00:47:11,6.16700667,-75.58464667,2.60,1584.388,24.112,5.912,300,16,42,,
T,2023-03-18 00:47:12,6.16704167,-75.58469667,2.50,1584.588,24.112,6.320,301,17,42,,
T,2023-03-18 00:47:13,6.16707500,-75.58474500,2.60,1584.488,24.112,6.341,304,16,42,,
T,2023-03-18 00:47:14,6.16711000,-75.58478500,2.60,1584.488,24.112,5.933,308,15,42,,
T,2023-03-18 00:47:15,6.16714167,-75.58482500,2.60,1584.788,24.112,5.464,304,14,42,,
T,2023-03-18 00:47:16,6.16717167,-75.58487000,2.70,1584.987,24.113,5.598,304,13,42,,
T,2023-03-18 00:47:17,6.16719667,-75.58490833,2.80,1584.887,24.113,5.026,304,11,42,,
T,2023-03-18 00:47:18,6.16721833,-75.58493833,2.90,1584.887,24.113,4.150,309,12,42,,
T,2023-03-18 00:47:19,6.16724000,-75.58497000,3.10,1584.887,24.113,4.241,314,13,42,,
T,2023-03-18 00:47:20,6.16725833,-75.58500000,3.30,1584.487,24.113,3.548,309,11,42,,
T,2023-03-18 00:47:21,6.16726667,-75.58502167,3.40,1584.287,24.113,3.411,315,13,42,,
T,2023-03-18 00:47:22,6.16728167,-75.58507167,3.00,1584.587,24.113,2.877,322,15,42,,
T,2023-03-18 00:47:23,6.16729333,-75.58509167,2.70,1584.686,24.114,2.558,321,17,42,,
T,2023-03-18 00:47:24,6.16730333,-75.58511000,2.70,1584.886,24.114,2.339,319,18,42,,
T,2023-03-18 00:47:25,6.16730500,-75.58512500,2.60,1584.786,24.114,1.869,306,18,42,,
T,2023-03-18 00:47:26,6.16730500,-75.58514667,2.50,1584.986,24.114,1.974,298,18,42,,
T,2023-03-18 00:47:27,6.16731500,-75.58517000,2.50,1585.986,24.114,2.467,296,18,42,,
T,2023-03-18 00:47:28,6.16733333,-75.58519500,2.50,1585.886,24.114,3.603,294,17,42,,
T,2023-03-18 00:47:29,6.16735500,-75.58522333,2.50,1585.486,24.114,4.199,296,19,42,,
T,2023-03-18 00:47:30,6.16738000,-75.58525333,2.60,1585.186,24.114,3.554,299,20,42,,
T,2023-03-18 00:47:31,6.16739833,-75.58527833,2.70,1585.186,24.114,3.567,300,22,42,,
T,2023-03-18 00:47:32,6.16742833,-75.58530833,2.70,1584.986,24.114,3.457,307,22,42,,
T,2023-03-18 00:47:33,6.16744667,-75.58534000,2.70,1584.385,24.115,3.631,298,22,42,,
T,2023-03-18 00:47:34,6.16746167,-75.58536833,2.80,1584.285,24.115,3.650,296,22,42,,
T,2023-03-18 00:47:35,6.16748333,-75.58542667,3.60,1583.985,24.115,3.840,297,22,42,,
T,2023-03-18 00:47:36,6.16751833,-75.58547667,3.80,1583.185,24.115,4.322,295,22,42,,
T,2023-03-18 00:47:37,6.16754000,-75.58550000,3.10,1582.885,24.115,4.361,304,23,42,,
T,2023-03-18 00:47:38,6.16755333,-75.58552833,2.90,1584.485,24.115,3.647,304,23,42,,
T,2023-03-18 00:47:39,6.16757667,-75.58555833,2.80,1585.685,24.115,3.521,301,22,42,,
T,2023-03-18 00:47:40,6.16759667,-75.58558667,2.80,1585.484,24.116,4.449,302,21,42,,
T,2023-03-18 00:47:41,6.16762667,-75.58563167,2.70,1585.684,24.116,5.604,301,21,42,,
T,2023-03-18 00:47:42,6.16764833,-75.58568167,2.70,1585.684,24.116,6.529,302,21,42,,
T,2023-03-18 00:47:43,6.16769333,-75.58574000,2.60,1585.684,24.116,7.275,301,22,42,,
T,2023-03-18 00:47:44,6.16772833,-75.58579667,2.50,1585.084,24.116,7.644,300,22,42,,
T,2023-03-18 00:47:45,6.16776000,-75.58584500,2.50,1585.183,24.117,6.729,304,23,42,,
T,2023-03-18 00:47:46,6.16779167,-75.58589000,2.40,1584.383,24.117,6.271,304,22,42,,
T,2023-03-18 00:47:47,6.16782333,-75.58593000,2.40,1583.683,24.117,6.045,308,22,42,,
T,2023-03-18 00:47:48,6.16785500,-75.58597667,2.50,1583.383,24.117,5.411,304,20,42,,
T,2023-03-18 00:47:49,6.16788333,-75.58601167,2.60,1582.183,24.117,4.504,313,19,42,,
T,2023-03-18 00:47:50,6.16790667,-75.58604000,2.70,1580.983,24.117,3.893,315,19,42,,
T,2023-03-18 00:47:51,6.16793167,-75.58606167,2.70,1579.783,24.117,3.270,315,18,42,,
T,2023-03-18 00:47:52,6.16795667,-75.58610000,2.90,1577.682,24.118,4.953,316,19,42,,
T,2023-03-18 00:47:53,6.16798500,-75.58615167,2.80,1576.982,24.118,5.324,309,19,42,,
T,2023-03-18 00:47:54,6.16801667,-75.58621000,2.80,1575.982,24.118,6.568,302,16,42,,
T,2023-03-18 00:47:55,6.16804667,-75.58626333,2.70,1575.582,24.118,6.911,298,19,42,,
T,2023-03-18 00:47:56,6.16808833,-75.58631500,2.70,1574.582,24.118,6.902,298,19,42,,
T,2023-03-18 00:47:57,6.16812833,-75.58637833,2.60,1573.781,24.119,7.505,297,21,42,,
T,2023-03-18 00:47:58,6.16816167,-75.58643667,2.70,1573.081,24.119,7.241,296,18,42,,
T,2023-03-18 00:47:59,6.16820167,-75.58649167,2.70,1572.181,24.119,7.269,298,17,42,,
T,2023-03-18 00:48:00,6.16823833,-75.58653500,2.70,1571.281,24.119,6.962,300,17,42,,
T,2023-03-18 00:48:01,6.16827333,-75.58657833,2.70,1570.481,24.119,6.452,305,16,42,,
T,2023-03-18 00:48:02,6.16829667,-75.58662333,2.60,1570.780,24.120,5.790,306,16,42,,
T,2023-03-18 00:48:03,6.16831167,-75.58666667,2.60,1570.480,24.120,5.262,302,16,42,,
T,2023-03-18 00:48:04,6.16833167,-75.58671167,2.60,1570.380,24.120,5.296,301,17,42,,
T,2023-03-18 00:48:05,6.16834667,-75.58674833,2.60,1569.980,24.120,5.937,301,16,42,,
T,2023-03-18 00:48:06,6.16836833,-75.58679500,2.70,1570.080,24.120,6.791,299,16,42,,
T,2023-03-18 00:48:07,6.16839667,-75.58684667,2.80,1570.479,24.121,6.627,301,15,42,,
T,2023-03-18 00:48:08,6.16840667,-75.58688500,2.80,1571.979,24.121,5.562,300,15,42,,
T,2023-03-18 00:48:09,6.16841333,-75.58691167,2.70,1572.879,24.121,4.101,298,16,42,,
T,2023-03-18 00:48:10,6.16842000,-75.58693667,2.60,1573.579,24.121,3.248,294,17,42,,
T,2023-03-18 00:48:11,6.16843333,-75.58696500,2.60,1574.379,24.121,2.382,296,17,42,,
T,2023-03-18 00:48:12,6.16842667,-75.58698667,2.50,1575.379,24.121,1.617,287,18,42,,
T,2023-03-18 00:48:13,6.16844333,-75.58700500,2.40,1576.379,24.121,1.986,286,18,42,,
T,2023-03-18 00:48:14,6.16845500,-75.58702333,2.30,1577.479,24.121,2.338,290,19,42,,
T,2023-03-18 00:48:15,6.16846667,-75.58704000,2.30,1578.379,24.121,2.145,294,20,42,,
T,2023-03-18 00:48:16,6.16847833,-75.58706000,2.30,1579.078,24.122,2.258,304,20,42,,
T,2023-03-18 00:48:17,6.16848833,-75.58708167,2.30,1579.678,24.122,2.555,295,20,42,,
T,2023-03-18 00:48:18,6.16850000,-75.58710667,2.30,1580.078,24.122,2.991,289,19,42,,
T,2023-03-18 00:48:19,6.16851500,-75.58713667,2.40,1580.778,24.122,3.634,293,18,42,,
T,2023-03-18 00:48:20,6.16854000,-75.58716833,2.40,1580.978,24.122,3.346,299,18,42,,
T,2023-03-18 00:48:21,6.16855833,-75.58719833,2.50,1581.278,24.122,2.581,300,18,42,,
T,2023-03-18 00:48:22,6.16857333,-75.58722833,2.60,1581.078,24.122,3.165,305,18,42,,
T,2023-03-18 00:48:23,6.16858833,-75.58726500,2.60,1579.878,24.122,3.128,298,18,42,,
T,2023-03-18 00:48:24,6.16860667,-75.58729000,2.60,1578.678,24.122,2.510,304,17,42,,
T,2023-03-18 00:48:25,6.16862833,-75.58731000,2.60,1577.577,24.123,2.529,299,16,42,,
T,2023-03-18 00:48:26,6.16864500,-75.58732833,2.60,1576.877,24.123,2.533,295,16,42,,
T,2023-03-18 00:48:27,6.16866000,-75.58735000,2.50,1576.077,24.123,2.843,292,16,42,,
T,2023-03-18 00:48:28,6.16867000,-75.58737167,2.60,1575.477,24.123,2.645,301,16,42,,
T,2023-03-18 00:48:29,6.16868000,-75.58739000,2.60,1575.777,24.123,2.674,303,18,42,,
T,2023-03-18 00:48:30,6.16868333,-75.58740333,2.60,1575.277,24.123,2.303,297,19,42,,
T,2023-03-18 00:48:31,6.16869667,-75.58742000,2.50,1575.277,24.123,1.754,308,19,42,,
T,2023-03-18 00:48:32,6.16871000,-75.58743333,2.40,1574.577,24.123,1.204,308,20,42,,
T,2023-03-18 00:48:33,6.16872167,-75.58744667,2.40,1574.577,24.123,0.000,,20,42,,
T,2023-03-18 00:48:34,6.16872833,-75.58745500,2.30,1574.477,24.123,0.000,,19,42,,
T,2023-03-18 00:48:35,6.16873167,-75.58745833,2.30,1574.477,24.123,0.000,,18,42,,
T,2023-03-18 00:48:36,6.16873167,-75.58745833,2.40,1574.477,24.123,0.000,,19,42,,
T,2023-03-18 00:48:37,6.16873167,-75.58745833,2.70,1574.477,24.123,0.000,,19,42,,
T,2023-03-18 00:48:38,6.16873167,-75.58745833,2.50,1574.477,24.123,0.000,,19,42,,
T,2023-03-18 00:48:39,6.16875167,-75.58751500,2.50,1574.577,24.123,2.109,288,19,42,,
T,2023-03-18 00:48:40,6.16876000,-75.58753000,2.40,1574.577,24.123,1.369,288,18,42,,
T,2023-03-18 00:48:41,6.16875833,-75.58752333,2.20,1574.077,24.123,0.000,,20,42,,
T,2023-03-18 00:48:42,6.16875500,-75.58751333,2.10,1573.777,24.123,0.000,,19,42,,
T,2023-03-18 00:48:43,6.16875167,-75.58751000,2.00,1573.677,24.123,0.000,,18,42,,
T,2023-03-18 00:48:44,6.16875167,-75.58751000,2.00,1573.677,24.123,0.000,,18,42,,
T,2023-03-18 00:48:45,6.16875167,-75.58751000,2.00,1573.677,24.123,0.000,,19,42,,
T,2023-03-18 00:48:46,6.16875167,-75.58751000,2.20,1573.677,24.123,0.000,,19,42,,
T,2023-03-18 00:48:47,6.16875167,-75.58751000,2.30,1573.677,24.123,0.000,,21,42,,
T,2023-03-18 00:48:48,6.16875167,-75.58751000,2.50,1573.677,24.123,0.000,,20,42,,
T,2023-03-18 00:48:49,6.16875167,-75.58751000,2.40,1573.677,24.123,0.000,,19,42,,
T,2023-03-18 00:48:50,6.16875167,-75.58751000,2.70,1573.677,24.123,0.000,,20,42,,
T,2023-03-18 00:48:51,6.16875167,-75.58751000,2.50,1573.677,24.123,0.000,,20,42,,
T,2023-03-18 00:48:52,6.16875167,-75.58751000,2.50,1573.677,24.123,0.000,,19,42,,
T,2023-03-18 00:48:53,6.16875167,-75.58751000,2.40,1573.677,24.123,0.000,,20,42,,
T,2023-03-18 00:48:54,6.16875167,-75.58751000,2.50,1573.677,24.123,0.000,,20,42,,
T,2023-03-18 00:48:55,6.16875167,-75.58751000,2.40,1573.677,24.123,0.000,,19,42,,
T,2023-03-18 00:48:56,6.16875167,-75.58751000,2.40,1573.677,24.123,0.000,,15,42,,
T,2023-03-18 00:48:57,6.16875167,-75.58751000,2.50,1573.677,24.123,0.000,,16,42,,
T,2023-03-18 00:48:58,6.16875167,-75.58751000,2.70,1573.677,24.123,0.000,,15,42,,
T,2023-03-18 00:48:59,6.16875167,-75.58751000,2.70,1573.677,24.123,0.000,,15,42,,
T,2023-03-18 00:49:00,6.16875167,-75.58751000,2.70,1573.677,24.123,0.000,,15,42,,
T,2023-03-18 00:49:01,6.16875167,-75.58751000,2.50,1573.677,24.123,0.000,,15,42,,
T,2023-03-18 00:49:02,6.16875167,-75.58751000,2.20,1573.677,24.123,0.000,,16,42,,
T,2023-03-18 00:49:03,6.16875167,-75.58751000,2.10,1573.677,24.123,0.000,,17,42,,
T,2023-03-18 00:49:04,6.16875167,-75.58751000,2.00,1573.677,24.123,0.000,,17,42,,
T,2023-03-18 00:49:05,6.16879000,-75.58755000,2.00,1570.977,24.123,1.104,288,18,42,,
T,2023-03-18 00:49:06,6.16879833,-75.58755167,2.00,1570.977,24.123,0.000,,18,42,,
T,2023-03-18 00:49:07,6.16880000,-75.58755333,2.00,1571.277,24.123,0.000,,19,42,,
T,2023-03-18 00:49:08,6.16880333,-75.58755833,2.10,1571.477,24.123,0.000,,19,42,,
T,2023-03-18 00:49:09,6.16880333,-75.58755833,2.20,1571.477,24.123,0.000,,19,42,,
T,2023-03-18 00:49:10,6.16880333,-75.58755833,2.20,1571.477,24.123,0.000,,19,42,,
T,2023-03-18 00:49:11,6.16880333,-75.58755833,2.10,1571.477,24.123,0.000,,22,42,,
T,2023-03-18 00:49:12,6.16880333,-75.58755833,2.10,1571.477,24.123,0.000,,22,42,,
T,2023-03-18 00:49:13,6.16880333,-75.58755833,2.00,1571.477,24.123,0.000,,21,42,,
T,2023-03-18 00:49:14,6.16880333,-75.58755833,2.00,1571.477,24.123,0.000,,22,42,,
T,2023-03-18 00:49:15,6.16885167,-75.58763167,2.00,1572.176,24.124,0.109,288,21,42,,
T,2023-03-18 00:49:16,6.16885500,-75.58764500,2.00,1572.176,24.124,1.177,288,22,42,,
T,2023-03-18 00:49:17,6.16886000,-75.58765667,1.90,1572.176,24.124,0.000,,22,42,,
T,2023-03-18 00:49:18,6.16886333,-75.58766500,2.10,1571.876,24.124,0.000,,22,42,,
T,2023-03-18 00:49:19,6.16886500,-75.58767500,2.20,1571.476,24.124,0.000,,22,43,,
T,2023-03-18 00:49:20,6.16886500,-75.58767500,2.20,1571.476,24.124,0.000,,22,43,,
T,2023-03-18 00:49:21,6.16888000,-75.58770500,2.00,1571.376,24.124,1.135,288,21,43,,
T,2023-03-18 00:49:22,6.16888333,-75.58771667,2.00,1571.476,24.124,0.000,,22,43,,
T,2023-03-18 00:49:23,6.16888667,-75.58772333,2.00,1571.376,24.124,0.000,,22,43,,
T,2023-03-18 00:49:24,6.16888833,-75.58772333,2.00,1571.376,24.124,0.000,,22,43,,
T,2023-03-18 00:49:25,6.16888833,-75.58772333,2.00,1571.376,24.124,0.000,,23,43,,
T,2023-03-18 00:49:26,6.16888833,-75.58772333,2.10,1571.376,24.124,0.000,,23,43,,
T,2023-03-18 00:49:27,6.16888833,-75.58772333,2.20,1571.376,24.124,0.000,,23,43,,
T,2023-03-18 00:49:28,6.16888833,-75.58772333,2.30,1571.376,24.124,0.000,,22,43,,
T,2023-03-18 00:49:29,6.16888833,-75.58772333,2.30,1571.376,24.124,0.000,,22,42,,
T,2023-03-18 00:49:30,6.16888833,-75.58772333,2.40,1571.376,24.124,0.000,,22,42,,
T,2023-03-18 00:49:31,6.16888833,-75.58772333,2.30,1571.376,24.124,0.000,,23,42,,
T,2023-03-18 00:49:32,6.16888833,-75.58772333,2.30,1571.376,24.124,0.000,,22,42,,
T,2023-03-18 00:49:33,6.16888833,-75.58772333,2.20,1571.376,24.124,0.000,,22,42,,
T,2023-03-18 00:49:34,6.16888833,-75.58772333,2.50,1571.376,24.124,0.000,,22,42,,
T,2023-03-18 00:49:35,6.16888833,-75.58772333,2.40,1571.376,24.124,0.000,,22,42,,
T,2023-03-18 00:49:36,6.16888833,-75.58772333,2.30,1571.376,24.124,0.000,,20,42,,
T,2023-03-18 00:49:37,6.16888833,-75.58772333,2.30,1571.376,24.124,0.000,,20,42,,
T,2023-03-18 00:49:38,6.16888833,-75.58772333,2.40,1571.376,24.124,0.000,,20,42,,
T,2023-03-18 00:49:39,6.16888833,-75.58772333,2.40,1571.376,24.124,0.000,,20,42,,
T,2023-03-18 00:49:40,6.16888833,-75.58772333,2.50,1571.376,24.124,0.000,,20,42,,
T,2023-03-18 00:49:41,6.16888833,-75.58772333,2.50,1571.376,24.124,0.000,,21,42,,
T,2023-03-18 00:49:42,6.16888833,-75.58772333,2.50,1571.376,24.124,0.000,,22,42,,
T,2023-03-18 00:49:43,6.16888833,-75.58772333,2.60,1571.376,24.124,0.000,,22,42,,
T,2023-03-18 00:49:44,6.16888833,-75.58772333,2.70,1571.376,24.124,0.000,,22,42,,
T,2023-03-18 00:49:45,6.16888833,-75.58772333,2.70,1571.376,24.124,0.000,,21,42,,
T,2023-03-18 00:49:46,6.16888833,-75.58772333,2.70,1571.376,24.124,0.000,,21,42,,
T,2023-03-18 00:49:47,6.16888833,-75.58772333,2.70,1571.376,24.124,0.000,,21,42,,
T,2023-03-18 00:49:48,6.16888833,-75.58772333,2.80,1571.376,24.124,0.000,,21,42,,
T,2023-03-18 00:49:49,6.16888833,-75.58772333,2.80,1571.376,24.124,0.000,,21,42,,
T,2023-03-18 00:49:50,6.16888833,-75.58772333,2.80,1571.376,24.124,0.000,,21,42,,
T,2023-03-18 00:49:51,6.16888833,-75.58772333,2.80,1571.376,24.124,0.000,,21,42,,
T,2023-03-18 00:49:52,6.16888833,-75.58772333,2.80,1571.376,24.124,0.000,,21,42,,
T,2023-03-18 00:49:53,6.16888833,-75.58772333,2.80,1571.376,24.124,0.000,,21,42,,
T,2023-03-18 00:49:54,6.16888833,-75.58772333,2.80,1571.376,24.124,0.000,,21,42,,
T,2023-03-18 00:49:55,6.16888833,-75.58772333,3.10,1571.376,24.124,0.000,,21,42,,
T,2023-03-18 00:49:56,6.16888833,-75.58772333,3.00,1571.376,24.124,0.000,,20,42,,
T,2023-03-18 00:49:57,6.16895000,-75.58777167,2.60,1577.076,24.124,2.503,311,20,42,,
T,2023-03-18 00:49:58,6.16898167,-75.58780000,2.50,1576.476,24.124,3.892,309,21,42,,
T,2023-03-18 00:49:59,6.16900333,-75.58783667,2.50,1575.775,24.125,3.853,304,22,42,,
T,2023-03-18 00:50:00,6.16902333,-75.58786833,2.40,1576.075,24.125,3.847,302,23,42,,
T,2023-03-18 00:50:01,6.16904500,-75.58789833,2.30,1575.075,24.125,4.359,305,22,42,,
T,2023-03-18 00:50:02,6.16907000,-75.58793333,2.30,1575.275,24.125,4.723,302,22,42,,
T,2023-03-18 00:50:03,6.16910167,-75.58797000,2.30,1574.375,24.125,4.736,310,22,42,,
T,2023-03-18 00:50:04,6.16912500,-75.58800000,2.20,1573.675,24.125,4.168,310,21,42,,
T,2023-03-18 00:50:05,6.16915000,-75.58803500,2.40,1573.075,24.125,3.948,302,22,42,,
T,2023-03-18 00:50:06,6.16916333,-75.58806500,2.20,1572.675,24.125,2.570,291,22,42,,
T,2023-03-18 00:50:07,6.16917000,-75.58808500,2.30,1573.174,24.126,2.567,288,22,42,,
T,2023-03-18 00:50:08,6.16917833,-75.58810167,2.30,1573.674,24.126,2.650,294,23,42,,
T,2023-03-18 00:50:09,6.16919000,-75.58811833,2.20,1574.174,24.126,2.856,298,23,42,,
T,2023-03-18 00:50:10,6.16920167,-75.58814000,2.20,1574.474,24.126,3.248,300,22,42,,
T,2023-03-18 00:50:11,6.16921500,-75.58816333,2.20,1574.674,24.126,3.232,301,22,42,,
T,2023-03-18 00:50:12,6.16922667,-75.58819000,2.10,1574.874,24.126,2.901,299,22,42,,
T,2023-03-18 00:50:13,6.16924000,-75.58821333,2.20,1575.074,24.126,2.678,301,23,42,,
T,2023-03-18 00:50:14,6.16925333,-75.58824000,2.10,1574.874,24.126,2.557,300,23,42,,
T,2023-03-18 00:50:15,6.16926500,-75.58825833,2.00,1574.474,24.126,2.039,306,24,42,,
T,2023-03-18 00:50:16,6.16926833,-75.58827500,2.00,1574.074,24.126,1.775,303,24,42,,
T,2023-03-18 00:50:17,6.16928167,-75.58829500,2.00,1573.974,24.126,1.327,303,24,42,,
T,2023-03-18 00:50:18,6.16929000,-75.58831167,2.10,1573.874,24.126,1.054,303,24,42,,
T,2023-03-18 00:50:19,6.16930333,-75.58833167,2.10,1573.573,24.127,1.958,304,24,42,,
T,2023-03-18 00:50:20,6.16931500,-75.58834833,2.00,1572.473,24.127,1.989,309,24,42,,
T,2023-03-18 00:50:21,6.16932333,-75.58836333,2.00,1571.873,24.127,1.540,303,24,42,,
T,2023-03-18 00:50:22,6.16932833,-75.58837333,1.90,1570.873,24.127,1.513,303,24,42,,
T,2023-03-18 00:50:23,6.16933000,-75.58838667,1.90,1570.173,24.127,1.219,303,24,42,,
T,2023-03-18 00:50:24,6.16933333,-75.58841167,1.80,1570.173,24.127,2.105,272,24,42,,
T,2023-03-18 00:50:25,6.16934000,-75.58843667,1.90,1570.373,24.127,2.883,283,25,42,,
T,2023-03-18 00:50:26,6.16935000,-75.58845667,2.10,1570.973,24.127,3.160,292,25,42,,
T,2023-03-18 00:50:27,6.16936000,-75.58846667,2.10,1571.973,24.127,2.714,304,25,42,,
T,2023-03-18 00:50:28,6.16936667,-75.58847833,2.20,1572.673,24.127,1.683,302,25,42,,
T,2023-03-18 00:50:29,6.16937000,-75.58848833,2.10,1573.173,24.127,1.165,302,25,42,,
T,2023-03-18 00:50:30,6.16937333,-75.58849833,2.10,1573.373,24.127,1.453,302,25,42,,
T,2023-03-18 00:50:31,6.16937833,-75.58850833,2.10,1573.773,24.127,1.364,302,24,42,,
T,2023-03-18 00:50:32,6.16938833,-75.58851500,2.20,1573.973,24.127,1.057,302,24,42,,
T,2023-03-18 00:50:33,6.16940167,-75.58852833,2.30,1574.173,24.127,1.629,309,23,42,,
T,2023-03-18 00:50:34,6.16941500,-75.58855000,2.30,1574.273,24.127,2.613,304,23,42,,
T,2023-03-18 00:50:35,6.16942667,-75.58857333,2.40,1574.372,24.128,2.748,307,22,42,,
T,2023-03-18 00:50:36,6.16944167,-75.58860000,2.40,1574.472,24.128,3.119,307,24,42,,
T,2023-03-18 00:50:37,6.16946333,-75.58863833,2.40,1574.372,24.128,3.951,299,24,42,,
T,2023-03-18 00:50:38,6.16948667,-75.58867833,2.50,1574.372,24.128,4.181,302,23,42,,
T,2023-03-18 00:50:39,6.16950167,-75.58871833,2.50,1573.972,24.128,4.080,298,23,42,,
T,2023-03-18 00:50:40,6.16951500,-75.58875333,2.50,1574.172,24.128,3.925,299,24,42,,
T,2023-03-18 00:50:41,6.16953167,-75.58878833,2.50,1574.072,24.128,3.796,298,24,42,,
T,2023-03-18 00:50:42,6.16954333,-75.58882167,2.40,1573.271,24.129,4.117,295,22,43,,
T,2023-03-18 00:50:43,6.16955167,-75.58885500,2.50,1572.371,24.129,3.807,300,21,43,,
T,2023-03-18 00:50:44,6.16956667,-75.58888167,2.50,1572.271,24.129,4.068,303,20,43,,
T,2023-03-18 00:50:45,6.16958500,-75.58892000,2.50,1571.271,24.129,3.730,295,19,43,,
T,2023-03-18 00:50:46,6.16960500,-75.58896000,2.50,1569.771,24.129,3.887,288,19,42,,
T,2023-03-18 00:50:47,6.16963167,-75.58900667,2.40,1568.871,24.129,4.560,291,21,43,,
T,2023-03-18 00:50:48,6.16967167,-75.58905000,2.30,1568.670,24.130,5.248,296,20,43,,
T,2023-03-18 00:50:49,6.16970667,-75.58909667,2.20,1568.370,24.130,5.219,293,21,43,,
T,2023-03-18 00:50:50,6.16973833,-75.58914500,2.20,1568.370,24.130,5.203,294,23,43,,
T,2023-03-18 00:50:51,6.16977167,-75.58919333,2.30,1567.270,24.130,5.844,296,22,43,,
T,2023-03-18 00:50:52,6.16980167,-75.58925167,2.30,1566.570,24.130,6.029,300,22,43,,
T,2023-03-18 00:50:53,6.16984000,-75.58931000,2.40,1565.869,24.131,6.360,301,22,43,,
T,2023-03-18 00:50:54,6.16987500,-75.58936667,2.40,1565.369,24.131,6.138,303,21,43,,
T,2023-03-18 00:50:55,6.16991000,-75.58942000,2.40,1565.269,24.131,6.165,304,21,43,,
T,2023-03-18 00:50:56,6.16994833,-75.58947167,2.40,1565.669,24.131,7.469,304,22,43,,
T,2023-03-18 00:50:57,6.16998167,-75.58952167,2.30,1566.269,24.131,6.497,304,21,43,,
T,2023-03-18 00:50:58,6.17000667,-75.58955833,2.30,1567.268,24.132,5.125,304,19,43,,
T,2023-03-18 00:50:59,6.17001833,-75.58958167,2.20,1567.768,24.132,3.662,304,18,43,,
T,2023-03-18 00:51:00,6.17003167,-75.58960333,2.20,1568.068,24.132,2.696,303,18,43,,
T,2023-03-18 00:51:01,6.17004000,-75.58962333,2.20,1568.368,24.132,2.468,298,18,43,,
T,2023-03-18 00:51:02,6.17005167,-75.58963333,2.20,1568.668,24.132,1.854,312,19,43,,
T,2023-03-18 00:51:03,6.17005500,-75.58964500,2.30,1568.468,24.132,1.651,278,20,43,,
T,2023-03-18 00:51:04,6.17005167,-75.58966500,2.40,1568.068,24.132,1.807,250,19,43,,
T,2023-03-18 00:51:05,6.17003667,-75.58968167,3.00,1567.668,24.132,1.950,243,19,43,,
T,2023-03-18 00:51:06,6.17002000,-75.58969833,3.40,1566.768,24.132,1.938,230,20,43,,
T,2023-03-18 00:51:07,6.16999667,-75.58973000,2.90,1567.268,24.132,2.906,246,19,42,,
T,2023-03-18 00:51:08,6.16998000,-75.58977500,2.70,1568.167,24.133,2.719,243,21,42,,
T,2023-03-18 00:51:09,6.16994833,-75.58978167,2.40,1568.467,24.133,1.995,242,21,43,,
T,2023-03-18 00:51:10,6.16994000,-75.58977333,2.20,1568.267,24.133,1.147,242,23,43,,
T,2023-03-18 00:51:11,6.16993667,-75.58976333,2.10,1567.567,24.133,0.000,,23,43,,
T,2023-03-18 00:51:12,6.16993500,-75.58975333,2.10,1567.467,24.133,0.000,,23,43,,
T,2023-03-18 00:51:13,6.16993333,-75.58974833,2.20,1567.567,24.133,0.000,,23,43,,
T,2023-03-18 00:51:14,6.16993333,-75.58974833,2.10,1567.567,24.133,0.000,,25,43,,
T,2023-03-18 00:51:15,6.16993333,-75.58974833,2.10,1567.567,24.133,0.000,,26,43,,
T,2023-03-18 00:51:16,6.16993333,-75.58974833,2.10,1567.567,24.133,0.000,,26,43,,
T,2023-03-18 00:51:17,6.16993333,-75.58974833,1.90,1567.567,24.133,0.000,,25,43,,
T,2023-03-18 00:51:18,6.16993333,-75.58974833,1.80,1567.567,24.133,0.000,,25,43,,
T,2023-03-18 00:51:19,6.16993333,-75.58974833,1.70,1567.567,24.133,0.000,,25,43,,
T,2023-03-18 00:51:20,6.16993333,-75.58974833,1.70,1567.567,24.133,0.000,,25,43,,
T,2023-03-18 00:51:21,6.16993333,-75.58974833,1.60,1567.567,24.133,0.000,,26,43,,
T,2023-03-18 00:51:22,6.16993333,-75.58974833,1.60,1567.567,24.133,0.000,,26,43,,
T,2023-03-18 00:51:23,6.16993333,-75.58974833,1.60,1567.567,24.133,0.000,,27,43,,
T,2023-03-18 00:51:24,6.16993333,-75.58974833,1.60,1567.567,24.133,0.000,,27,43,,
T,2023-03-18 00:51:25,6.16993333,-75.58974833,1.60,1567.567,24.133,0.000,,27,43,,
T,2023-03-18 00:51:26,6.16993333,-75.58974833,1.70,1567.567,24.133,0.000,,27,43,,
T,2023-03-18 00:51:27,6.16993333,-75.58974833,1.80,1567.567,24.133,0.000,,27,43,,
T,2023-03-18 00:51:28,6.16993333,-75.58974833,1.80,1567.567,24.133,0.000,,26,43,,
T,2023-03-18 00:51:29,6.16993333,-75.58974833,1.90,1567.567,24.133,0.000,,26,43,,
T,2023-03-18 00:51:30,6.16993333,-75.58974833,1.90,1567.567,24.133,0.000,,26,43,,
T,2023-03-18 00:51:31,6.16987667,-75.58966667,1.80,1566.968,24.132,0.228,242,27,43,,
T,2023-03-18 00:51:32,6.16987500,-75.58966500,1.80,1566.868,24.132,0.000,,27,43,,
T,2023-03-18 00:51:33,6.16987500,-75.58966333,1.70,1566.768,24.132,0.000,,27,43,,
T,2023-03-18 00:51:34,6.16987500,-75.58966167,1.70,1566.568,24.132,0.000,,27,43,,
T,2023-03-18 00:51:35,6.16987500,-75.58966167,1.60,1566.568,24.132,0.000,,25,43,,
T,2023-03-18 00:51:36,6.16987500,-75.58966167,1.60,1566.568,24.132,0.000,,25,43,,
T,2023-03-18 00:51:37,6.16987500,-75.58966167,1.60,1566.568,24.132,0.000,,23,43,,
T,2023-03-18 00:51:38,6.16987500,-75.58966167,1.50,1566.568,24.132,0.000,,23,43,,
T,2023-03-18 00:51:39,6.16987500,-75.58966167,1.60,1566.568,24.132,0.000,,22,43,,
T,2023-03-18 00:51:40,6.16987500,-75.58966167,1.60,1566.568,24.132,0.000,,21,43,,
T,2023-03-18 00:51:41,6.16987500,-75.58966167,1.50,1566.568,24.132,0.000,,23,43,,
T,2023-03-18 00:51:42,6.16987500,-75.58966167,1.60,1566.568,24.132,0.000,,24,43,,
T,2023-03-18 00:51:43,6.16987500,-75.58966167,1.70,1566.568,24.132,0.000,,21,43,,
T,2023-03-18 00:51:44,6.16987500,-75.58966167,1.70,1566.568,24.132,0.000,,20,43,,
T,2023-03-18 00:51:45,6.16987500,-75.58966167,1.80,1566.568,24.132,0.000,,22,43,,
T,2023-03-18 00:51:46,6.16987500,-75.58966167,1.80,1566.568,24.132,0.000,,22,43,,
T,2023-03-18 00:51:47,6.16987500,-75.58966167,1.80,1566.568,24.132,0.000,,22,43,,
T,2023-03-18 00:51:48,6.16987500,-75.58966167,1.80,1566.568,24.132,0.000,,22,43,,
T,2023-03-18 00:51:49,6.16987500,-75.58966167,1.80,1566.568,24.132,0.000,,22,43,,
T,2023-03-18 00:51:50,6.16987500,-75.58966167,1.80,1566.568,24.132,0.000,,23,43,,
T,2023-03-18 00:51:51,6.16987500,-75.58966167,1.90,1566.568,24.132,0.000,,25,43,,
T,2023-03-18 00:51:52,6.16987500,-75.58966167,1.90,1566.568,24.132,0.000,,25,43,,
T,2023-03-18 00:51:53,6.16987500,-75.58966167,1.80,1566.568,24.132,0.000,,24,43,,
T,2023-03-18 00:51:54,6.16987500,-75.58966167,1.70,1566.568,24.132,0.000,,25,43,,
T,2023-03-18 00:51:55,6.16987500,-75.58966167,1.80,1566.568,24.132,0.000,,26,43,,
T,2023-03-18 00:51:56,6.16987500,-75.58966167,1.90,1566.568,24.132,0.000,,26,43,,
T,2023-03-18 00:51:57,6.16987500,-75.58966167,2.00,1566.568,24.132,0.000,,25,43,,
T,2023-03-18 00:51:58,6.16987500,-75.58966167,2.00,1566.568,24.132,0.000,,25,43,,
T,2023-03-18 00:51:59,6.16987500,-75.58966167,2.00,1566.568,24.132,0.000,,25,43,,
T,2023-03-18 00:52:00,6.16987500,-75.58966167,2.10,1566.568,24.132,0.000,,25,43,,
T,2023-03-18 00:52:01,6.16987500,-75.58966167,2.20,1566.568,24.132,0.000,,26,42,,
T,2023-03-18 00:52:02,6.16987500,-75.58966167,2.40,1566.568,24.132,0.000,,23,42,,
T,2023-03-18 00:52:03,6.16987500,-75.58966167,2.60,1566.568,24.132,0.000,,19,42,,
T,2023-03-18 00:52:04,6.16987500,-75.58966167,3.70,1566.568,24.132,0.000,,18,42,,
T,2023-03-18 00:52:05,6.16995000,-75.58973833,3.30,1565.167,24.133,0.028,242,17,43,,
T,2023-03-18 00:52:06,6.16995833,-75.58976167,3.10,1565.867,24.133,0.000,,13,43,,
T,2023-03-18 00:52:07,6.16995333,-75.58976667,3.00,1565.767,24.133,0.000,,15,43,,
T,2023-03-18 00:52:08,6.16994833,-75.58977500,2.90,1565.567,24.133,0.000,,15,43,,
T,2023-03-18 00:52:09,6.16994833,-75.58977500,2.80,1565.567,24.133,0.000,,16,43,,
T,2023-03-18 00:52:10,6.16994833,-75.58977500,2.70,1565.567,24.133,0.000,,15,43,,
T,2023-03-18 00:52:11,6.16994833,-75.58977500,2.70,1565.567,24.133,0.000,,16,42,,
T,2023-03-18 00:52:12,6.16994833,-75.58977500,2.60,1565.567,24.133,0.000,,16,42,,
T,2023-03-18 00:52:13,6.16994833,-75.58977500,1.20,1565.567,24.133,0.000,,15,43,,
T,2023-03-18 00:52:14,6.16994833,-75.58977500,1.10,1565.567,24.133,0.000,,15,43,,
T,2023-03-18 00:52:15,6.16994833,-75.58977500,1.10,1565.567,24.133,0.000,,17,43,,
T,2023-03-18 00:52:16,6.16994833,-75.58977500,1.10,1565.567,24.133,0.000,,17,43,,
T,2023-03-18 00:52:17,6.16994833,-75.58977500,1.10,1565.567,24.133,0.000,,17,43,,
T,2023-03-18 00:52:18,6.16994833,-75.58977500,1.10,1565.567,24.133,0.000,,17,43,,
T,2023-03-18 00:52:19,6.16994833,-75.58977500,1.10,1565.567,24.133,0.000,,17,43,,
T,2023-03-18 00:52:20,6.16994833,-75.58977500,1.10,1565.567,24.133,0.000,,18,43,,
T,2023-03-18 00:52:21,6.16994833,-75.58977500,1.10,1565.567,24.133,0.000,,16,43,,
T,2023-03-18 00:52:22,6.16994833,-75.58977500,1.10,1565.567,24.133,0.000,,17,43,,
T,2023-03-18 00:52:23,6.16994833,-75.58977500,1.00,1565.567,24.133,0.000,,17,43,,
T,2023-03-18 00:52:24,6.16994833,-75.58977500,1.00,1565.567,24.133,0.000,,16,43,,
T,2023-03-18 00:52:25,6.16994833,-75.58977500,1.10,1565.567,24.133,0.000,,16,43,,
T,2023-03-18 00:52:26,6.16994833,-75.58977500,1.50,1565.567,24.133,0.000,,17,43,,
T,2023-03-18 00:52:27,6.16994833,-75.58977500,1.60,1565.567,24.133,0.000,,19,43,,
T,2023-03-18 00:52:28,6.16994833,-75.58977500,1.70,1565.567,24.133,0.000,,19,43,,
T,2023-03-18 00:52:29,6.16994833,-75.58977500,1.80,1565.567,24.133,0.000,,19,43,,
T,2023-03-18 00:52:30,6.16994833,-75.58977500,1.80,1565.567,24.133,0.000,,19,43,,
T,2023-03-18 00:52:31,6.16994833,-75.58977500,1.90,1565.567,24.133,0.000,,19,42,,
T,2023-03-18 00:52:32,6.16994833,-75.58977500,1.20,1565.567,24.133,0.000,,19,42,,
T,2023-03-18 00:52:33,6.16994833,-75.58977500,1.10,1565.567,24.133,0.000,,19,42,,
T,2023-03-18 00:52:34,6.16994833,-75.58977500,1.10,1565.567,24.133,0.000,,19,42,,
T,2023-03-18 00:52:35,6.16994833,-75.58977500,1.10,1565.567,24.133,0.000,,18,42,,
T,2023-03-18 00:52:36,6.16994833,-75.58977500,1.10,1565.567,24.133,0.000,,17,42,,
T,2023-03-18 00:52:37,6.16990167,-75.58975500,1.10,1556.667,24.133,0.000,,18,42,,
T,2023-03-18 00:52:38,6.16989667,-75.58975000,1.10,1556.767,24.133,0.000,,19,42,,
T,2023-03-18 00:52:39,6.16989167,-75.58974500,1.00,1556.867,24.133,0.000,,21,42,,
T,2023-03-18 00:52:40,6.16989000,-75.58974333,1.10,1556.967,24.133,0.000,,21,42,,
T,2023-03-18 00:52:41,6.16989000,-75.58974333,1.30,1556.967,24.133,0.000,,20,42,,
T,2023-03-18 00:52:42,6.16989000,-75.58974333,1.50,1556.967,24.133,0.000,,19,42,,
T,2023-03-18 00:52:43,6.16989000,-75.58974333,1.60,1556.967,24.133,0.000,,20,42,,
T,2023-03-18 00:52:44,6.16989000,-75.58974333,1.70,1556.967,24.133,0.000,,20,42,,
T,2023-03-18 00:52:45,6.16989000,-75.58974333,1.80,1556.967,24.133,0.000,,20,42,,
T,2023-03-18 00:52:46,6.16989000,-75.58974333,1.80,1556.967,24.133,0.000,,20,42,,
T,2023-03-18 00:52:47,6.16989000,-75.58974333,1.90,1556.967,24.133,0.000,,20,42,,
T,2023-03-18 00:52:48,6.16989000,-75.58974333,2.00,1556.967,24.133,0.000,,18,42,,
T,2023-03-18 00:52:49,6.16989000,-75.58974333,2.10,1556.967,24.133,0.000,,18,42,,
T,2023-03-18 00:52:50,6.16989000,-75.58974333,1.20,1556.967,24.133,0.000,,17,42,,
T,2023-03-18 00:52:51,6.16989000,-75.58974333,1.10,1556.967,24.133,0.000,,17,42,,
T,2023-03-18 00:52:52,6.16989000,-75.58974333,1.00,1556.967,24.133,0.000,,19,42,,
T,2023-03-18 00:52:53,6.16989000,-75.58974333,1.00,1556.967,24.133,0.000,,20,42,,
T,2023-03-18 00:52:54,6.16989000,-75.58974333,1.00,1556.967,24.133,0.000,,22,42,,
T,2023-03-18 00:52:55,6.16989000,-75.58974333,1.00,1556.967,24.133,0.000,,21,42,,
T,2023-03-18 00:52:56,6.16989000,-75.58974333,1.00,1556.967,24.133,0.000,,22,42,,
T,2023-03-18 00:52:57,6.16989000,-75.58974333,1.00,1556.967,24.133,0.000,,23,42,,
T,2023-03-18 00:52:58,6.16989000,-75.58974333,1.00,1556.967,24.133,0.000,,23,42,,
T,2023-03-18 00:52:59,6.16989000,-75.58974333,1.00,1556.967,24.133,0.000,,24,42,,
T,2023-03-18 00:53:00,6.16989000,-75.58974333,1.00,1556.967,24.133,0.000,,23,42,,
T,2023-03-18 00:53:01,6.16989000,-75.58974333,1.00,1556.967,24.133,0.000,,23,42,,
T,2023-03-18 00:53:02,6.16989000,-75.58974333,1.00,1556.967,24.133,0.000,,23,42,,
T,2023-03-18 00:53:03,6.16989000,-75.58974333,1.00,1556.967,24.133,0.000,,23,42,,
T,2023-03-18 00:53:04,6.16989000,-75.58974333,1.00,1556.967,24.133,0.000,,23,42,,
T,2023-03-18 00:53:05,6.16989000,-75.58974333,1.30,1556.967,24.133,0.000,,22,42,,
T,2023-03-18 00:53:06,6.16989000,-75.58974333,1.10,1556.967,24.133,0.000,,22,42,,
T,2023-03-18 00:53:07,6.16989000,-75.58974333,1.30,1556.967,24.133,0.000,,22,42,,
T,2023-03-18 00:53:08,6.16989000,-75.58974333,1.60,1556.967,24.133,0.000,,22,42,,
T,2023-03-18 00:53:09,6.16989000,-75.58974333,1.80,1556.967,24.133,0.000,,22,42,,
T,2023-03-18 00:53:10,6.16989000,-75.58974333,2.10,1556.967,24.133,0.000,,22,42,,
T,2023-03-18 00:53:11,6.16989000,-75.58974333,2.30,1556.967,24.133,0.000,,20,42,,
T,2023-03-18 00:53:12,6.16989000,-75.58974333,2.60,1556.967,24.133,0.000,,18,42,,
T,2023-03-18 00:53:13,6.16989000,-75.58974333,2.70,1556.967,24.133,0.000,,15,42,,
T,2023-03-18 00:53:14,6.16989000,-75.58974333,2.80,1556.967,24.133,0.000,,13,42,,
T,2023-03-18 00:53:15,6.16989000,-75.58974333,2.80,1556.967,24.133,0.000,,12,42,,
T,2023-03-18 00:53:16,6.16989000,-75.58974333,2.80,1556.967,24.133,0.000,,10,42,,
T,2023-03-18 00:53:17,6.16989000,-75.58974333,2.90,1556.967,24.133,0.000,,11,42,,
T,2023-03-18 00:53:18,6.16989000,-75.58974333,2.80,1556.967,24.133,0.000,,12,42,,
T,2023-03-18 00:53:19,6.16989000,-75.58974333,2.70,1556.967,24.133,0.000,,14,42,,
T,2023-03-18 00:53:20,6.16989000,-75.58974333,2.70,1556.967,24.133,0.000,,15,42,,
T,2023-03-18 00:53:21,6.16989000,-75.58974333,2.60,1556.967,24.133,0.000,,13,42,,
T,2023-03-18 00:53:22,6.16989000,-75.58974333,2.60,1556.967,24.133,0.000,,14,42,,
T,2023-03-18 00:53:23,6.16989000,-75.58974333,2.70,1556.967,24.133,0.000,,12,42,,
T,2023-03-18 00:53:24,6.16989000,-75.58974333,2.60,1556.967,24.133,0.000,,15,42,,
T,2023-03-18 00:53:25,6.16989000,-75.58974333,2.70,1556.967,24.133,0.000,,15,42,,
T,2023-03-18 00:53:26,6.16989000,-75.58974333,2.60,1556.967,24.133,0.000,,16,42,,
T,2023-03-18 00:53:27,6.16989000,-75.58974333,2.50,1556.967,24.133,0.000,,16,42,,
T,2023-03-18 00:53:28,6.16989000,-75.58974333,2.50,1556.967,24.133,0.000,,17,42,,
T,2023-03-18 00:53:29,6.16989000,-75.58974333,2.40,1556.967,24.133,0.000,,16,42,,
T,2023-03-18 00:53:30,6.16989000,-75.58974333,2.40,1556.967,24.133,0.000,,16,42,,
T,2023-03-18 00:53:31,6.16989000,-75.58974333,2.50,1556.967,24.133,0.000,,16,42,,
T,2023-03-18 00:53:32,6.16989000,-75.58974333,2.50,1556.967,24.133,0.000,,18,42,,
T,2023-03-18 00:53:33,6.16989000,-75.58974333,2.50,1556.967,24.133,0.000,,18,42,,
T,2023-03-18 00:53:34,6.16989000,-75.58974333,2.60,1556.967,24.133,0.000,,21,42,,
T,2023-03-18 00:53:35,6.16989000,-75.58974333,2.40,1556.967,24.133,0.000,,21,42,,
T,2023-03-18 00:53:36,6.16989000,-75.58974333,2.30,1556.967,24.133,0.000,,22,42,,
