type,date time,latitude,longitude,accuracy(m),altitude(m),geoid_height(m),speed(m/s),bearing(deg),sat_used,sat_inview,name,desc
T,2023-04-29 00:47:22,6.27552667,-75.58843500,3.70,1519.889,23.911,0.229,267,12,37,20230428-194722,GPS Logger: 20230428-194722 - Salida
T,2023-04-29 00:47:23,6.27551667,-75.58843500,3.50,1524.689,23.911,0.314,2,15,37,,
T,2023-04-29 00:47:24,6.27550167,-75.58844333,2.80,1528.489,23.911,0.284,2,17,37,,
T,2023-04-29 00:47:25,6.27548500,-75.58843667,2.40,1529.289,23.911,0.248,2,20,37,,
T,2023-04-29 00:47:26,6.27548000,-75.58843833,2.20,1530.189,23.911,0.169,2,22,37,,
T,2023-04-29 00:47:27,6.27547333,-75.58844333,2.10,1530.389,23.911,0.050,2,25,37,,
T,2023-04-29 00:47:28,6.27546833,-75.58844667,2.00,1530.989,23.911,0.069,2,24,37,,
T,2023-04-29 00:47:29,6.27545667,-75.58844500,1.90,1532.288,23.912,0.156,16,24,37,,
T,2023-04-29 00:47:31,6.27546000,-75.58844000,1.80,1532.889,23.911,0.229,59,23,37,,
T,2023-04-29 00:47:32,6.27545833,-75.58843833,1.80,1532.389,23.911,0.362,128,22,37,,
T,2023-04-29 00:47:33,6.27546000,-75.58844167,1.80,1532.389,23.911,0.174,99,23,37,,
T,2023-04-29 00:47:34,6.27546167,-75.58843667,1.80,1532.789,23.911,0.234,80,25,37,,
T,2023-04-29 00:47:35,6.27546333,-75.58843667,1.80,1532.289,23.911,0.173,80,25,37,,
T,2023-04-29 00:47:36,6.27546167,-75.58843833,1.80,1531.689,23.911,0.065,49,25,37,,
T,2023-04-29 00:47:37,6.27546167,-75.58844000,1.80,1531.489,23.911,0.172,35,25,37,,
T,2023-04-29 00:47:38,6.27546167,-75.58843500,1.80,1531.289,23.911,0.186,92,25,37,,
T,2023-04-29 00:47:39,6.27546167,-75.58843500,1.80,1531.089,23.911,0.187,50,23,37,,
T,2023-04-29 00:47:40,6.27546167,-75.58843500,1.80,1531.089,23.911,0.183,171,24,37,,
T,2023-04-29 00:47:41,6.27545833,-75.58843500,1.80,1530.889,23.911,0.177,144,24,37,,
T,2023-04-29 00:47:42,6.27545667,-75.58843167,1.80,1530.489,23.911,0.168,99,22,37,,
T,2023-04-29 00:47:43,6.27545667,-75.58842500,1.80,1530.389,23.911,0.183,106,23,37,,
T,2023-04-29 00:47:44,6.27545500,-75.58842500,1.80,1530.189,23.911,0.196,129,23,37,,
T,2023-04-29 00:47:45,6.27545167,-75.58842833,1.80,1529.789,23.911,0.207,117,23,37,,
T,2023-04-29 00:47:46,6.27545333,-75.58842833,1.80,1529.589,23.911,0.221,99,23,37,,
T,2023-04-29 00:47:47,6.27545500,-75.58843000,1.80,1529.689,23.911,0.231,105,23,37,,
T,2023-04-29 00:47:48,6.27545500,-75.58842500,1.80,1529.989,23.911,0.000,,23,37,,
T,2023-04-29 00:47:49,6.27545500,-75.58842667,1.80,1530.189,23.911,0.000,,22,37,,
T,2023-04-29 00:47:50,6.27545333,-75.58842667,1.70,1530.289,23.911,0.000,,22,37,,
T,2023-04-29 00:47:51,6.27545333,-75.58842667,1.70,1530.289,23.911,0.000,,22,37,,
T,2023-04-29 00:47:52,6.27545333,-75.58842667,1.80,1530.289,23.911,0.000,,23,37,,
T,2023-04-29 00:47:53,6.27545333,-75.58842667,1.80,1530.289,23.911,0.000,,23,37,,
T,2023-04-29 00:47:54,6.27547000,-75.58840667,1.80,1530.789,23.911,0.279,31,23,37,,
T,2023-04-29 00:47:55,6.27547333,-75.58840000,1.80,1531.189,23.911,0.307,45,23,37,,
T,2023-04-29 00:47:56,6.27547500,-75.58839500,1.80,1531.489,23.911,0.354,60,24,37,,
T,2023-04-29 00:47:57,6.27547167,-75.58839500,1.80,1531.289,23.911,0.394,79,24,37,,
T,2023-04-29 00:47:58,6.27547167,-75.58839333,1.80,1531.289,23.911,0.415,73,24,37,,
T,2023-04-29 00:48:00,6.27546833,-75.58840000,1.80,1531.889,23.911,0.443,62,24,37,,
T,2023-04-29 00:48:01,6.27547167,-75.58840167,1.80,1532.189,23.911,0.450,42,24,37,,
T,2023-04-29 00:48:02,6.27547333,-75.58840500,1.80,1532.489,23.911,0.436,37,24,37,,
T,2023-04-29 00:48:03,6.27547500,-75.58840833,1.80,1532.789,23.911,0.000,,23,37,,
T,2023-04-29 00:48:04,6.27547500,-75.58841167,1.80,1533.489,23.911,0.000,,24,37,,
T,2023-04-29 00:48:06,6.27547667,-75.58841333,1.80,1533.889,23.911,0.000,,25,37,,
T,2023-04-29 00:48:07,6.27547667,-75.58841333,1.80,1533.889,23.911,0.000,,25,37,,
T,2023-04-29 00:48:08,6.27547667,-75.58841333,1.80,1533.889,23.911,0.000,,25,37,,
T,2023-04-29 00:48:09,6.27547667,-75.58841333,1.80,1533.889,23.911,0.000,,24,37,,
T,2023-04-29 00:48:10,6.27547667,-75.58841333,1.80,1533.889,23.911,0.000,,24,37,,
T,2023-04-29 00:48:11,6.27547667,-75.58841333,1.80,1533.889,23.911,0.000,,24,37,,
T,2023-04-29 00:48:12,6.27547667,-75.58841333,1.70,1533.889,23.911,0.000,,25,37,,
T,2023-04-29 00:48:13,6.27547667,-75.58841333,1.80,1533.889,23.911,0.000,,25,37,,
T,2023-04-29 00:48:14,6.27547667,-75.58842500,1.80,1535.089,23.911,0.263,340,25,37,,
T,2023-04-29 00:48:15,6.27547667,-75.58842500,1.80,1535.489,23.911,0.000,,26,37,,
T,2023-04-29 00:48:16,6.27548000,-75.58842833,1.80,1535.489,23.911,0.000,,26,37,,
T,2023-04-29 00:48:17,6.27548333,-75.58843000,1.90,1535.389,23.911,0.000,,26,37,,
T,2023-04-29 00:48:18,6.27548333,-75.58843000,1.90,1535.389,23.911,0.000,,26,37,,
T,2023-04-29 00:48:19,6.27548333,-75.58843000,1.90,1535.389,23.911,0.000,,26,37,,
T,2023-04-29 00:48:20,6.27548333,-75.58843000,1.90,1535.389,23.911,0.000,,26,37,,
T,2023-04-29 00:48:21,6.27548333,-75.58843000,1.90,1535.389,23.911,0.000,,25,37,,
T,2023-04-29 00:48:22,6.27548333,-75.58843000,1.80,1535.389,23.911,0.000,,25,37,,
T,2023-04-29 00:48:23,6.27549833,-75.58842167,1.80,1534.989,23.911,0.320,20,25,37,,
T,2023-04-29 00:48:24,6.27550167,-75.58841667,1.90,1534.889,23.911,0.338,17,25,37,,
T,2023-04-29 00:48:25,6.27551000,-75.58841833,1.90,1534.789,23.911,0.419,348,24,37,,
T,2023-04-29 00:48:26,6.27552333,-75.58842500,2.00,1534.689,23.911,0.535,342,24,37,,
T,2023-04-29 00:48:27,6.27553500,-75.58843667,2.10,1534.489,23.911,0.650,337,24,37,,
T,2023-04-29 00:48:28,6.27555000,-75.58844333,2.10,1534.089,23.911,0.773,346,24,37,,
T,2023-04-29 00:48:29,6.27556500,-75.58843667,2.00,1533.489,23.911,0.934,6,24,37,,
T,2023-04-29 00:48:30,6.27558667,-75.58843167,2.10,1533.089,23.911,1.082,8,23,37,,
T,2023-04-29 00:48:31,6.27560833,-75.58843833,2.10,1532.989,23.911,1.214,323,23,37,,
T,2023-04-29 00:48:32,6.27563167,-75.58844500,2.10,1533.289,23.911,1.354,335,25,37,,
T,2023-04-29 00:48:33,6.27567333,-75.58844833,2.10,1533.689,23.911,1.645,342,26,37,,
T,2023-04-29 00:48:34,6.27571667,-75.58845000,2.10,1534.089,23.911,1.966,350,26,37,,
T,2023-04-29 00:48:35,6.27576333,-75.58844833,2.10,1534.389,23.911,2.272,356,26,37,,
T,2023-04-29 00:48:36,6.27581000,-75.58844667,2.20,1534.489,23.911,2.600,0,26,37,,
T,2023-04-29 00:48:37,6.27586000,-75.58844500,2.20,1534.789,23.911,2.963,1,25,37,,
T,2023-04-29 00:48:38,6.27591000,-75.58845333,2.30,1535.489,23.911,3.301,354,26,37,,
T,2023-04-29 00:48:39,6.27595500,-75.58846500,2.30,1536.190,23.910,3.575,351,25,37,,
T,2023-04-29 00:48:40,6.27599833,-75.58847333,2.30,1536.690,23.910,3.781,357,25,37,,
T,2023-04-29 00:48:41,6.27603833,-75.58848333,2.30,1537.190,23.910,3.971,357,24,37,,
T,2023-04-29 00:48:42,6.27607833,-75.58849167,2.40,1537.790,23.910,4.133,355,24,37,,
T,2023-04-29 00:48:43,6.27611500,-75.58850167,2.40,1538.390,23.910,4.106,353,24,37,,
T,2023-04-29 00:48:44,6.27613500,-75.58851500,2.40,1539.390,23.910,3.795,337,24,37,,
T,2023-04-29 00:48:45,6.27614000,-75.58852000,2.40,1539.790,23.910,3.413,293,24,37,,
T,2023-04-29 00:48:46,6.27614833,-75.58852167,2.50,1540.090,23.910,2.953,52,23,37,,
T,2023-04-29 00:48:47,6.27615333,-75.58852500,2.50,1540.090,23.910,2.459,222,22,37,,
T,2023-04-29 00:48:48,6.27615500,-75.58852500,2.50,1540.190,23.910,1.990,236,22,37,,
T,2023-04-29 00:48:49,6.27615167,-75.58852667,2.50,1540.590,23.910,1.574,224,22,37,,
T,2023-04-29 00:48:50,6.27614833,-75.58852667,2.40,1540.990,23.910,1.210,183,22,37,,
T,2023-04-29 00:48:51,6.27615000,-75.58852500,2.40,1541.590,23.910,0.881,179,22,37,,
T,2023-04-29 00:48:52,6.27615667,-75.58852000,2.40,1542.190,23.910,0.549,76,23,37,,
T,2023-04-29 00:48:54,6.27616667,-75.58851333,2.30,1542.790,23.910,0.000,,23,37,,
T,2023-04-29 00:48:55,6.27617500,-75.58850667,2.30,1542.990,23.910,0.000,,23,37,,
T,2023-04-29 00:48:56,6.27617500,-75.58850667,2.30,1542.990,23.910,0.000,,22,37,,
T,2023-04-29 00:48:57,6.27617500,-75.58850667,2.30,1542.990,23.910,0.000,,22,37,,
T,2023-04-29 00:48:58,6.27617500,-75.58850667,2.30,1542.990,23.910,0.000,,23,37,,
T,2023-04-29 00:48:59,6.27617500,-75.58850667,2.30,1542.990,23.910,0.000,,23,37,,
T,2023-04-29 00:49:00,6.27621000,-75.58852333,2.30,1543.490,23.910,0.292,347,23,37,,
T,2023-04-29 00:49:01,6.27622333,-75.58852833,2.30,1543.590,23.910,0.321,338,22,37,,
T,2023-04-29 00:49:02,6.27623000,-75.58852833,2.30,1543.590,23.910,0.000,,22,37,,
T,2023-04-29 00:49:03,6.27623833,-75.58852500,2.30,1543.690,23.910,0.000,,24,37,,
T,2023-04-29 00:49:04,6.27624667,-75.58852333,2.20,1543.790,23.910,0.000,,23,37,,
T,2023-04-29 00:49:05,6.27624667,-75.58852333,2.20,1543.790,23.910,0.000,,22,37,,
T,2023-04-29 00:49:06,6.27624667,-75.58852333,2.20,1543.790,23.910,0.000,,24,37,,
T,2023-04-29 00:49:07,6.27624667,-75.58852333,2.10,1543.790,23.910,0.000,,24,37,,
T,2023-04-29 00:49:08,6.27624667,-75.58852333,2.10,1543.790,23.910,0.000,,22,37,,
T,2023-04-29 00:49:09,6.27624667,-75.58852333,2.10,1543.790,23.910,0.000,,22,37,,
T,2023-04-29 00:49:10,6.27624667,-75.58852333,2.10,1543.790,23.910,0.000,,22,37,,
T,2023-04-29 00:49:11,6.27624667,-75.58852333,2.00,1543.790,23.910,0.000,,25,37,,
T,2023-04-29 00:49:12,6.27624667,-75.58852333,2.00,1543.790,23.910,0.000,,25,37,,
T,2023-04-29 00:49:13,6.27630500,-75.58849333,2.00,1545.590,23.910,0.390,328,25,37,,
T,2023-04-29 00:49:14,6.27632167,-75.58850500,2.00,1545.890,23.910,0.564,323,24,37,,
T,2023-04-29 00:49:15,6.27633500,-75.58853167,2.10,1546.190,23.910,0.776,306,24,37,,
T,2023-04-29 00:49:16,6.27635000,-75.58856000,2.20,1546.690,23.910,1.040,304,25,37,,
T,2023-04-29 00:49:17,6.27636333,-75.58860833,2.30,1547.190,23.910,1.428,292,25,37,,
T,2023-04-29 00:49:18,6.27637500,-75.58866333,2.40,1547.489,23.911,1.890,281,25,37,,
T,2023-04-29 00:49:19,6.27636333,-75.58875167,2.50,1547.889,23.911,7.411,268,25,37,,
T,2023-04-29 00:49:20,6.27636500,-75.58883667,2.50,1548.189,23.911,8.099,272,24,37,,
T,2023-04-29 00:49:21,6.27635833,-75.58893833,2.50,1548.788,23.912,9.185,269,24,37,,
T,2023-04-29 00:49:22,6.27634500,-75.58904500,2.50,1549.087,23.913,10.269,265,23,37,,
T,2023-04-29 00:49:23,6.27630167,-75.58915167,2.40,1549.087,23.913,10.756,253,23,37,,
T,2023-04-29 00:49:24,6.27626500,-75.58925333,2.40,1549.086,23.914,10.955,254,24,37,,
T,2023-04-29 00:49:25,6.27622500,-75.58936000,2.30,1549.085,23.915,10.540,255,23,37,,
T,2023-04-29 00:49:26,6.27619333,-75.58945500,2.30,1548.885,23.915,9.183,259,24,37,,
T,2023-04-29 00:49:27,6.27616500,-75.58955500,2.20,1548.884,23.916,8.979,257,23,37,,
T,2023-04-29 00:49:28,6.27614167,-75.58963667,2.20,1548.984,23.916,8.093,257,24,37,,
T,2023-04-29 00:49:29,6.27612667,-75.58971500,2.10,1549.183,23.917,7.425,260,24,37,,
T,2023-04-29 00:49:30,6.27611333,-75.58978333,2.00,1549.483,23.917,6.214,260,24,37,,
T,2023-04-29 00:49:31,6.27610500,-75.58984167,2.00,1549.383,23.917,5.240,260,23,37,,
T,2023-04-29 00:49:32,6.27609500,-75.58989333,1.90,1548.982,23.918,4.146,258,24,37,,
T,2023-04-29 00:49:33,6.27609167,-75.58992833,1.90,1548.682,23.918,2.656,260,23,37,,
T,2023-04-29 00:49:34,6.27609000,-75.58995500,1.90,1548.382,23.918,1.485,260,23,37,,
T,2023-04-29 00:49:35,6.27609000,-75.58996333,1.80,1548.282,23.918,0.000,,23,37,,
T,2023-04-29 00:49:36,6.27609000,-75.58996167,1.80,1548.382,23.918,0.000,,24,37,,
T,2023-04-29 00:49:37,6.27609000,-75.58996000,1.70,1548.182,23.918,0.000,,23,37,,
T,2023-04-29 00:49:38,6.27609000,-75.58996000,1.70,1548.182,23.918,0.000,,23,37,,
T,2023-04-29 00:49:39,6.27609000,-75.58996000,1.70,1548.182,23.918,0.000,,23,37,,
T,2023-04-29 00:49:40,6.27609000,-75.58996000,1.10,1548.182,23.918,0.000,,23,37,,
T,2023-04-29 00:49:41,6.27609000,-75.58996000,1.00,1548.182,23.918,0.000,,23,37,,
T,2023-04-29 00:49:42,6.27609000,-75.58996000,1.00,1548.182,23.918,0.000,,24,37,,
T,2023-04-29 00:49:43,6.27609000,-75.58996000,1.00,1548.182,23.918,0.000,,23,37,,
T,2023-04-29 00:49:44,6.27609000,-75.58996000,1.00,1548.182,23.918,0.000,,25,37,,
T,2023-04-29 00:49:45,6.27609000,-75.58996000,1.00,1548.182,23.918,0.000,,25,37,,
T,2023-04-29 00:49:46,6.27609000,-75.58996000,1.00,1548.182,23.918,0.000,,25,37,,
T,2023-04-29 00:49:47,6.27609000,-75.58996000,1.00,1548.182,23.918,0.000,,25,37,,
T,2023-04-29 00:49:48,6.27609000,-75.58996000,1.00,1548.182,23.918,0.000,,25,37,,
T,2023-04-29 00:49:49,6.27609000,-75.58996000,0.90,1548.182,23.918,0.000,,24,37,,
T,2023-04-29 00:49:50,6.27609000,-75.58996000,0.90,1548.182,23.918,0.000,,24,37,,
T,2023-04-29 00:49:51,6.27609000,-75.58996000,0.90,1548.182,23.918,0.000,,24,37,,
T,2023-04-29 00:49:53,6.27609000,-75.58996000,1.00,1548.182,23.918,0.000,,24,37,,
T,2023-04-29 00:49:54,6.27609000,-75.58996000,1.00,1548.182,23.918,0.000,,25,37,,
T,2023-04-29 00:49:55,6.27609000,-75.58996000,1.00,1548.182,23.918,0.000,,25,37,,
T,2023-04-29 00:49:56,6.27609000,-75.58996000,1.00,1548.182,23.918,0.000,,26,37,,
T,2023-04-29 00:49:57,6.27609000,-75.58996000,1.00,1548.182,23.918,0.000,,27,37,,
T,2023-04-29 00:49:59,6.27609000,-75.58996000,1.00,1548.182,23.918,0.000,,27,37,,
T,2023-04-29 00:50:00,6.27609000,-75.58996000,0.90,1548.182,23.918,0.000,,26,37,,
T,2023-04-29 00:50:01,6.27609000,-75.58996000,1.00,1548.182,23.918,0.000,,27,37,,
T,2023-04-29 00:50:02,6.27609000,-75.58996000,1.00,1548.182,23.918,0.000,,27,37,,
T,2023-04-29 00:50:03,6.27609000,-75.58996000,1.00,1548.182,23.918,0.000,,27,37,,
T,2023-04-29 00:50:04,6.27609000,-75.58996000,1.00,1548.182,23.918,0.000,,27,37,,
T,2023-04-29 00:50:05,6.27609000,-75.58996000,1.00,1548.182,23.918,0.000,,25,37,,
T,2023-04-29 00:50:06,6.27610333,-75.58999667,1.20,1548.082,23.918,2.189,290,27,37,,
T,2023-04-29 00:50:07,6.27611667,-75.59001833,1.30,1548.382,23.918,2.959,302,27,37,,
T,2023-04-29 00:50:08,6.27613500,-75.59004167,1.40,1548.782,23.918,3.318,316,25,37,,
T,2023-04-29 00:50:09,6.27616667,-75.59005500,1.50,1549.282,23.918,3.668,348,26,37,,
T,2023-04-29 00:50:11,6.27625333,-75.59004667,1.80,1550.282,23.918,5.110,19,26,37,,
T,2023-04-29 00:50:12,6.27630667,-75.59002333,1.80,1551.182,23.918,6.306,31,26,37,,
T,2023-04-29 00:50:13,6.27636333,-75.58999000,1.90,1551.883,23.917,6.951,34,26,37,,
T,2023-04-29 00:50:14,6.27642500,-75.58995000,1.90,1552.783,23.917,7.714,34,26,37,,
T,2023-04-29 00:50:15,6.27649000,-75.58990833,1.90,1553.783,23.917,8.074,35,25,37,,
T,2023-04-29 00:50:16,6.27656000,-75.58987500,1.90,1554.684,23.916,8.098,27,25,37,,
T,2023-04-29 00:50:17,6.27663500,-75.58984333,1.90,1555.384,23.916,8.444,27,26,37,,
T,2023-04-29 00:50:18,6.27670500,-75.58981000,1.90,1556.084,23.916,7.534,28,26,37,,
T,2023-04-29 00:50:19,6.27676667,-75.58977833,1.90,1556.685,23.915,6.682,31,26,37,,
T,2023-04-29 00:50:20,6.27682000,-75.58974667,1.90,1556.785,23.915,5.938,33,25,37,,
T,2023-04-29 00:50:21,6.27686500,-75.58972000,1.90,1557.085,23.915,5.245,35,25,37,,
T,2023-04-29 00:50:22,6.27690333,-75.58969833,1.90,1557.685,23.915,4.277,34,25,37,,
T,2023-04-29 00:50:23,6.27693167,-75.58967667,1.90,1558.085,23.915,3.327,38,25,37,,
T,2023-04-29 00:50:24,6.27695000,-75.58966000,1.90,1558.286,23.914,2.259,45,25,37,,
T,2023-04-29 00:50:25,6.27696167,-75.58965167,1.90,1558.586,23.914,1.414,45,25,37,,
T,2023-04-29 00:50:26,6.27696667,-75.58964667,1.90,1558.786,23.914,0.000,,25,37,,
T,2023-04-29 00:50:27,6.27696667,-75.58965000,1.90,1559.086,23.914,0.000,,25,37,,
T,2023-04-29 00:50:28,6.27697000,-75.58965167,1.90,1558.286,23.914,0.000,,25,37,,
T,2023-04-29 00:50:29,6.27697000,-75.58965167,1.90,1558.286,23.914,0.000,,24,37,,
T,2023-04-29 00:50:30,6.27697000,-75.58965167,1.90,1558.286,23.914,0.000,,24,37,,
T,2023-04-29 00:50:31,6.27697000,-75.58965167,1.10,1558.286,23.914,0.000,,24,37,,
T,2023-04-29 00:50:32,6.27697000,-75.58965167,1.00,1558.286,23.914,0.000,,23,37,,
T,2023-04-29 00:50:33,6.27697000,-75.58965167,1.00,1558.286,23.914,0.000,,23,37,,
T,2023-04-29 00:50:35,6.27697000,-75.58965167,1.00,1558.286,23.914,0.000,,23,37,,
T,2023-04-29 00:50:36,6.27697000,-75.58965167,1.00,1558.286,23.914,0.000,,24,37,,
T,2023-04-29 00:50:37,6.27697000,-75.58965167,1.00,1558.286,23.914,0.000,,24,37,,
T,2023-04-29 00:50:38,6.27697000,-75.58965167,1.00,1558.286,23.914,0.000,,24,37,,
T,2023-04-29 00:50:39,6.27697000,-75.58965167,1.00,1558.286,23.914,0.000,,23,37,,
T,2023-04-29 00:50:40,6.27697000,-75.58965167,1.00,1558.286,23.914,0.000,,24,37,,
T,2023-04-29 00:50:41,6.27697000,-75.58965167,1.00,1558.286,23.914,0.000,,25,37,,
T,2023-04-29 00:50:42,6.27697000,-75.58965167,1.00,1558.286,23.914,0.000,,25,37,,
T,2023-04-29 00:50:43,6.27697000,-75.58965167,1.00,1558.286,23.914,0.000,,25,37,,
T,2023-04-29 00:50:44,6.27697000,-75.58965167,1.00,1558.286,23.914,0.000,,25,37,,
T,2023-04-29 00:50:45,6.27697000,-75.58965167,1.00,1558.286,23.914,0.000,,25,37,,
T,2023-04-29 00:50:46,6.27697000,-75.58965167,1.00,1558.286,23.914,0.000,,24,37,,
T,2023-04-29 00:50:47,6.27697000,-75.58965167,1.00,1558.286,23.914,0.000,,24,37,,
T,2023-04-29 00:50:48,6.27697000,-75.58965167,1.00,1558.286,23.914,0.000,,23,37,,
T,2023-04-29 00:50:49,6.27697000,-75.58965167,1.00,1558.286,23.914,0.000,,24,38,,
T,2023-04-29 00:50:50,6.27697000,-75.58965167,1.00,1558.286,23.914,0.000,,24,38,,
T,2023-04-29 00:50:51,6.27697000,-75.58965167,1.00,1558.286,23.914,0.000,,24,38,,
T,2023-04-29 00:50:52,6.27697000,-75.58965167,1.00,1558.286,23.914,0.000,,24,38,,
T,2023-04-29 00:50:53,6.27697000,-75.58965167,1.00,1558.286,23.914,0.000,,24,38,,
T,2023-04-29 00:50:54,6.27697000,-75.58965167,1.00,1558.286,23.914,0.000,,25,38,,
T,2023-04-29 00:50:55,6.27697000,-75.58965167,1.00,1558.286,23.914,0.000,,25,38,,
T,2023-04-29 00:50:56,6.27697000,-75.58965167,1.00,1558.286,23.914,0.000,,25,38,,
T,2023-04-29 00:50:57,6.27697000,-75.58965167,1.00,1558.286,23.914,0.000,,25,38,,
T,2023-04-29 00:50:58,6.27697000,-75.58965167,1.00,1558.286,23.914,0.000,,26,38,,
T,2023-04-29 00:50:59,6.27698667,-75.58965333,1.10,1558.786,23.914,2.440,32,25,38,,
T,2023-04-29 00:51:00,6.27700833,-75.58963667,1.20,1559.386,23.914,3.142,36,25,38,,
T,2023-04-29 00:51:01,6.27703333,-75.58961833,1.40,1559.986,23.914,3.225,37,25,38,,
T,2023-04-29 00:51:02,6.27706000,-75.58960167,1.50,1560.586,23.914,2.893,31,25,38,,
T,2023-04-29 00:51:03,6.27708500,-75.58958500,1.60,1561.186,23.914,2.666,32,26,38,,
T,2023-04-29 00:51:04,6.27711167,-75.58956833,1.70,1561.886,23.914,3.482,28,26,38,,
T,2023-04-29 00:51:05,6.27714333,-75.58954833,1.70,1562.787,23.913,3.962,28,26,38,,
T,2023-04-29 00:51:06,6.27717833,-75.58952833,1.70,1563.587,23.913,4.473,28,26,38,,
T,2023-04-29 00:51:07,6.27721333,-75.58951000,1.70,1564.387,23.913,3.810,19,26,38,,
T,2023-04-29 00:51:08,6.27724500,-75.58950167,1.70,1564.887,23.913,3.237,15,26,38,,
T,2023-04-29 00:51:09,6.27727500,-75.58949167,1.70,1565.487,23.913,2.873,5,26,38,,
T,2023-04-29 00:51:10,6.27730167,-75.58948667,1.70,1566.187,23.913,2.677,0,27,38,,
T,2023-04-29 00:51:11,6.27732667,-75.58948500,1.70,1566.787,23.913,2.548,350,27,38,,
T,2023-04-29 00:51:12,6.27735000,-75.58949167,1.80,1567.387,23.913,2.776,337,27,38,,
T,2023-04-29 00:51:13,6.27737000,-75.58949833,1.80,1567.887,23.913,2.316,338,27,38,,
T,2023-04-29 00:51:14,6.27739333,-75.58950500,1.80,1568.187,23.913,2.846,338,27,38,,
T,2023-04-29 00:51:15,6.27742167,-75.58951333,1.90,1568.287,23.913,3.399,341,27,38,,
T,2023-04-29 00:51:16,6.27745333,-75.58952833,2.00,1568.487,23.913,4.115,331,27,38,,
T,2023-04-29 00:51:17,6.27748500,-75.58954833,2.00,1568.787,23.913,3.962,322,26,38,,
T,2023-04-29 00:51:18,6.27751000,-75.58957167,2.10,1568.987,23.913,3.483,316,26,38,,
T,2023-04-29 00:51:19,6.27752333,-75.58960167,2.10,1569.287,23.913,3.572,299,25,38,,
T,2023-04-29 00:51:20,6.27753833,-75.58963000,2.00,1568.987,23.913,3.961,298,25,38,,
T,2023-04-29 00:51:21,6.27755667,-75.58967167,2.00,1568.687,23.913,4.263,286,25,38,,
T,2023-04-29 00:51:22,6.27756167,-75.58971500,2.00,1568.887,23.913,4.267,274,25,38,,
T,2023-04-29 00:51:23,6.27756500,-75.58975333,2.10,1569.587,23.913,3.991,274,24,38,,
T,2023-04-29 00:51:24,6.27755667,-75.58979667,2.20,1570.286,23.914,4.376,262,23,38,,
T,2023-04-29 00:51:25,6.27754333,-75.58983500,2.40,1570.886,23.914,4.203,255,23,38,,
T,2023-04-29 00:51:26,6.27752000,-75.58986333,2.50,1571.786,23.914,3.766,239,23,38,,
T,2023-04-29 00:51:27,6.27749500,-75.58989000,2.50,1572.686,23.914,3.463,232,22,38,,
T,2023-04-29 00:51:28,6.27747333,-75.58992833,2.50,1573.485,23.915,4.328,240,23,38,,
T,2023-04-29 00:51:29,6.27744000,-75.58995500,2.60,1574.085,23.915,4.098,236,23,38,,
T,2023-04-29 00:51:30,6.27740500,-75.58997500,2.60,1574.685,23.915,3.366,232,21,38,,
T,2023-04-29 00:51:31,6.27736667,-75.59000167,2.50,1575.385,23.915,3.637,231,20,38,,
T,2023-04-29 00:51:32,6.27726000,-75.59011167,2.30,1574.884,23.916,5.312,238,20,38,,
T,2023-04-29 00:51:33,6.27720500,-75.59019167,2.20,1574.083,23.917,6.135,242,23,38,,
T,2023-04-29 00:51:34,6.27716667,-75.59026333,2.20,1573.583,23.917,6.754,245,23,38,,
T,2023-04-29 00:51:35,6.27713833,-75.59033167,2.20,1573.783,23.917,6.927,249,23,38,,
T,2023-04-29 00:51:36,6.27711167,-75.59039667,2.20,1574.382,23.918,7.335,252,23,38,,
T,2023-04-29 00:51:37,6.27708833,-75.59046333,2.20,1574.582,23.918,7.742,255,23,38,,
T,2023-04-29 00:51:38,6.27706667,-75.59053167,2.30,1574.981,23.919,7.920,254,22,38,,
T,2023-04-29 00:51:39,6.27704500,-75.59060167,2.30,1575.281,23.919,7.643,256,22,38,,
T,2023-04-29 00:51:40,6.27702500,-75.59067500,2.40,1575.380,23.920,7.753,259,19,38,,
T,2023-04-29 00:51:41,6.27701833,-75.59075333,2.50,1575.780,23.920,8.159,265,19,38,,
T,2023-04-29 00:51:42,6.27701833,-75.59082833,2.60,1576.180,23.920,7.735,267,21,38,,
T,2023-04-29 00:51:43,6.27702833,-75.59089667,2.70,1576.579,23.921,7.243,269,21,38,,
T,2023-04-29 00:51:44,6.27702667,-75.59096667,2.90,1577.379,23.921,6.993,268,20,38,,
T,2023-04-29 00:51:45,6.27703000,-75.59103000,2.90,1578.179,23.921,6.247,266,20,38,,
T,2023-04-29 00:51:46,6.27703167,-75.59106167,2.90,1578.779,23.921,4.383,264,20,38,,
T,2023-04-29 00:51:47,6.27703167,-75.59108167,2.90,1579.378,23.922,3.336,257,21,38,,
T,2023-04-29 00:51:48,6.27702333,-75.59110333,2.80,1579.978,23.922,2.345,248,20,38,,
T,2023-04-29 00:51:49,6.27701500,-75.59113167,2.60,1580.778,23.922,2.462,264,19,38,,
T,2023-04-29 00:51:50,6.27701500,-75.59115667,2.50,1581.978,23.922,2.212,286,20,38,,
T,2023-04-29 00:51:51,6.27702333,-75.59118333,2.40,1583.278,23.922,2.414,295,20,38,,
T,2023-04-29 00:51:52,6.27703500,-75.59119667,2.30,1584.578,23.922,2.382,296,23,38,,
T,2023-04-29 00:51:53,6.27705167,-75.59121667,2.20,1585.878,23.922,2.490,311,23,38,,
T,2023-04-29 00:51:54,6.27707167,-75.59122667,2.20,1586.878,23.922,2.492,312,23,38,,
T,2023-04-29 00:51:55,6.27709333,-75.59123500,2.20,1587.778,23.922,2.161,318,23,38,,
T,2023-04-29 00:51:56,6.27711667,-75.59124167,2.20,1589.278,23.922,2.032,318,23,38,,
T,2023-04-29 00:51:57,6.27714167,-75.59124833,2.10,1590.078,23.922,2.041,319,24,38,,
T,2023-04-29 00:51:58,6.27716333,-75.59126167,2.10,1590.578,23.922,2.354,311,24,38,,
T,2023-04-29 00:51:59,6.27719167,-75.59127000,2.00,1591.978,23.922,2.958,323,25,38,,
T,2023-04-29 00:52:00,6.27722833,-75.59127833,2.00,1592.978,23.922,3.832,335,24,38,,
T,2023-04-29 00:52:01,6.27727667,-75.59128333,2.00,1594.178,23.922,5.259,348,24,38,,
T,2023-04-29 00:52:02,6.27733000,-75.59129000,2.00,1595.678,23.922,6.000,353,26,38,,
T,2023-04-29 00:52:03,6.27739500,-75.59129667,2.10,1597.078,23.922,6.679,352,26,38,,
T,2023-04-29 00:52:04,6.27746000,-75.59130833,2.10,1598.578,23.922,6.954,347,27,38,,
T,2023-04-29 00:52:05,6.27755833,-75.59130833,2.20,1600.478,23.922,7.056,353,27,38,,
T,2023-04-29 00:52:06,6.27762167,-75.59131667,2.30,1602.179,23.921,6.249,353,25,38,,
T,2023-04-29 00:52:07,6.27769000,-75.59132500,2.30,1604.279,23.921,5.793,355,25,38,,
T,2023-04-29 00:52:08,6.27775833,-75.59132333,2.30,1605.379,23.921,6.846,355,25,38,,
T,2023-04-29 00:52:09,6.27783500,-75.59132500,2.30,1606.479,23.921,7.633,355,25,38,,
T,2023-04-29 00:52:10,6.27791000,-75.59133167,2.30,1607.279,23.921,7.407,354,24,38,,
T,2023-04-29 00:52:11,6.27798500,-75.59133333,2.30,1608.479,23.921,7.372,358,24,38,,
T,2023-04-29 00:52:12,6.27806167,-75.59132833,2.30,1609.579,23.921,7.396,3,27,38,,
T,2023-04-29 00:52:13,6.27814333,-75.59131000,2.30,1611.280,23.920,8.144,11,27,38,,
T,2023-04-29 00:52:14,6.27822167,-75.59128500,2.30,1612.880,23.920,7.864,18,27,38,,
T,2023-04-29 00:52:15,6.27829667,-75.59125500,2.40,1614.280,23.920,7.476,23,24,38,,
T,2023-04-29 00:52:16,6.27846833,-75.59122000,2.20,1612.481,23.919,8.958,23,24,38,,
T,2023-04-29 00:52:17,6.27855500,-75.59118167,2.20,1612.781,23.919,8.147,30,24,38,,
T,2023-04-29 00:52:18,6.27861167,-75.59114000,2.20,1613.382,23.918,7.356,38,24,38,,
T,2023-04-29 00:52:19,6.27866000,-75.59110000,2.30,1613.382,23.918,6.036,40,24,38,,
T,2023-04-29 00:52:20,6.27870000,-75.59105667,2.20,1613.382,23.918,6.252,52,24,38,,
T,2023-04-29 00:52:21,6.27874000,-75.59100000,2.20,1613.483,23.917,7.438,58,25,38,,
T,2023-04-29 00:52:22,6.27878333,-75.59093333,2.20,1613.083,23.917,8.158,58,25,38,,
T,2023-04-29 00:52:23,6.27882167,-75.59087500,2.20,1612.784,23.916,7.535,57,24,38,,
T,2023-04-29 00:52:24,6.27885833,-75.59082333,2.20,1612.684,23.916,7.067,55,24,38,,
T,2023-04-29 00:52:25,6.27889667,-75.59077333,2.20,1612.384,23.916,6.888,53,23,38,,
T,2023-04-29 00:52:26,6.27893667,-75.59072167,2.20,1611.985,23.915,6.517,52,24,38,,
T,2023-04-29 00:52:27,6.27897667,-75.59067333,2.30,1612.085,23.915,6.357,49,24,38,,
T,2023-04-29 00:52:28,6.27901667,-75.59063000,2.40,1612.385,23.915,6.569,47,24,38,,
T,2023-04-29 00:52:29,6.27906167,-75.59060667,2.30,1613.286,23.914,5.658,36,24,38,,
T,2023-04-29 00:52:30,6.27911167,-75.59058167,2.30,1614.286,23.914,5.673,26,23,38,,
T,2023-04-29 00:52:31,6.27917333,-75.59056500,2.20,1614.986,23.914,6.701,15,23,38,,
T,2023-04-29 00:52:32,6.27924167,-75.59055167,2.20,1615.086,23.914,7.308,11,24,38,,
T,2023-04-29 00:52:33,6.27931333,-75.59054333,2.20,1615.086,23.914,7.210,9,22,38,,
T,2023-04-29 00:52:35,6.27944833,-75.59055333,2.40,1615.087,23.913,7.029,358,24,38,,
T,2023-04-29 00:52:36,6.27951833,-75.59056333,2.40,1614.987,23.913,7.119,355,23,38,,
T,2023-04-29 00:52:37,6.27959167,-75.59057500,2.30,1614.687,23.913,7.375,349,23,38,,
T,2023-04-29 00:52:38,6.27965833,-75.59059333,2.30,1614.487,23.913,7.712,344,23,38,,
T,2023-04-29 00:52:39,6.27971333,-75.59061333,2.30,1613.987,23.913,7.132,341,23,38,,
T,2023-04-29 00:52:41,6.27981833,-75.59066167,2.30,1613.787,23.913,7.481,339,24,38,,
T,2023-04-29 00:52:42,6.27988000,-75.59068500,2.20,1613.287,23.913,6.603,333,24,38,,
T,2023-04-29 00:52:43,6.27993333,-75.59071000,2.20,1612.987,23.913,7.126,331,24,38,,
T,2023-04-29 00:52:44,6.27998167,-75.59073667,2.20,1613.187,23.913,6.823,328,23,38,,
T,2023-04-29 00:52:45,6.28003167,-75.59076667,2.10,1612.987,23.913,7.240,323,23,38,,
T,2023-04-29 00:52:46,6.28008333,-75.59080333,2.10,1612.787,23.913,7.438,323,23,38,,
T,2023-04-29 00:52:47,6.28014000,-75.59085167,2.10,1612.687,23.913,8.082,321,23,38,,
T,2023-04-29 00:52:48,6.28020167,-75.59090500,2.10,1612.687,23.913,8.669,319,24,38,,
T,2023-04-29 00:52:49,6.28026667,-75.59095833,2.10,1612.386,23.914,8.768,318,22,38,,
T,2023-04-29 00:52:50,6.28033167,-75.59101000,2.10,1612.886,23.914,9.383,320,22,38,,
T,2023-04-29 00:52:51,6.28039500,-75.59106833,2.10,1612.986,23.914,9.211,315,21,38,,
T,2023-04-29 00:52:52,6.28046167,-75.59113000,2.10,1612.986,23.914,9.329,317,21,38,,
T,2023-04-29 00:52:53,6.28052667,-75.59119000,2.10,1613.386,23.914,9.068,318,20,38,,
T,2023-04-29 00:52:54,6.28058833,-75.59124500,2.10,1613.486,23.914,8.238,318,22,38,,
T,2023-04-29 00:52:55,6.28063833,-75.59130500,2.10,1612.886,23.914,7.720,312,22,38,,
T,2023-04-29 00:52:56,6.28068667,-75.59134167,2.10,1612.485,23.915,6.266,321,22,38,,
T,2023-04-29 00:52:57,6.28073667,-75.59137000,2.00,1612.485,23.915,5.753,329,23,38,,
T,2023-04-29 00:52:58,6.28079000,-75.59138833,2.00,1613.385,23.915,5.713,343,25,38,,
T,2023-04-29 00:52:59,6.28084833,-75.59139167,2.00,1614.286,23.914,5.930,358,23,38,,
T,2023-04-29 00:53:00,6.28091167,-75.59138833,2.00,1614.986,23.914,6.224,1,23,38,,
T,2023-04-29 00:53:01,6.28097667,-75.59137500,2.10,1615.686,23.914,6.456,12,23,38,,
T,2023-04-29 00:53:02,6.28104167,-75.59134500,2.20,1616.386,23.914,6.584,25,23,38,,
T,2023-04-29 00:53:03,6.28109167,-75.59131333,2.10,1617.587,23.913,5.731,32,22,38,,
T,2023-04-29 00:53:05,6.28115000,-75.59126000,1.90,1619.587,23.913,2.345,50,22,38,,
T,2023-04-29 00:53:06,6.28116333,-75.59124667,1.80,1620.587,23.913,2.028,43,23,38,,
T,2023-04-29 00:53:07,6.28117833,-75.59123333,1.80,1621.787,23.913,1.781,48,23,38,,
T,2023-04-29 00:53:08,6.28118500,-75.59122833,1.70,1622.887,23.913,0.000,,24,38,,
T,2023-04-29 00:53:09,6.28119000,-75.59122500,1.70,1623.487,23.913,0.000,,24,38,,
T,2023-04-29 00:53:11,6.28119167,-75.59122167,1.60,1624.187,23.913,0.000,,25,38,,
T,2023-04-29 00:53:12,6.28119167,-75.59122167,1.60,1624.187,23.913,0.000,,26,38,,
T,2023-04-29 00:53:13,6.28119167,-75.59122167,1.10,1624.187,23.913,0.000,,26,38,,
T,2023-04-29 00:53:14,6.28119167,-75.59122167,1.00,1624.187,23.913,0.000,,26,38,,
T,2023-04-29 00:53:15,6.28119167,-75.59122167,1.00,1624.187,23.913,0.000,,26,38,,
T,2023-04-29 00:53:16,6.28119167,-75.59122167,0.90,1624.187,23.913,0.000,,26,38,,
T,2023-04-29 00:53:17,6.28119167,-75.59122167,0.90,1624.187,23.913,0.000,,26,38,,
T,2023-04-29 00:53:18,6.28119167,-75.59122167,1.00,1624.187,23.913,0.000,,26,38,,
T,2023-04-29 00:53:19,6.28121833,-75.59120333,1.10,1625.787,23.913,2.254,17,25,38,,
T,2023-04-29 00:53:20,6.28124667,-75.59120167,1.30,1626.087,23.913,3.484,353,25,38,,
T,2023-04-29 00:53:21,6.28128333,-75.59121333,1.50,1626.387,23.913,4.622,335,25,38,,
T,2023-04-29 00:53:22,6.28132167,-75.59123500,1.60,1626.687,23.913,5.009,328,25,38,,
T,2023-04-29 00:53:23,6.28135667,-75.59126333,1.70,1626.887,23.913,5.105,317,25,38,,
T,2023-04-29 00:53:24,6.28138833,-75.59129500,1.90,1627.187,23.913,4.595,310,25,38,,
T,2023-04-29 00:53:25,6.28141500,-75.59133000,1.90,1627.487,23.913,3.884,309,25,38,,
T,2023-04-29 00:53:26,6.28144000,-75.59136333,2.00,1628.087,23.913,4.047,304,25,38,,
T,2023-04-29 00:53:27,6.28146167,-75.59139167,2.00,1628.587,23.913,4.033,304,25,38,,
T,2023-04-29 00:53:28,6.28149833,-75.59143000,2.00,1629.387,23.913,4.131,302,25,38,,
T,2023-04-29 00:53:29,6.28153500,-75.59146333,2.00,1630.087,23.913,4.099,308,25,38,,
T,2023-04-29 00:53:30,6.28157000,-75.59149500,2.10,1630.587,23.913,4.652,307,25,38,,
T,2023-04-29 00:53:31,6.28160167,-75.59153000,2.10,1631.187,23.913,4.815,305,25,38,,
T,2023-04-29 00:53:32,6.28164333,-75.59155833,2.10,1631.987,23.913,4.085,306,24,38,,
T,2023-04-29 00:53:33,6.28166500,-75.59159500,2.00,1633.486,23.914,4.122,293,24,38,,
T,2023-04-29 00:53:34,6.28168167,-75.59163500,2.00,1634.686,23.914,4.636,292,24,38,,
T,2023-04-29 00:53:35,6.28169667,-75.59168000,2.00,1635.586,23.914,4.943,279,24,38,,
T,2023-04-29 00:53:36,6.28170333,-75.59172833,2.00,1637.086,23.914,5.164,271,24,38,,
T,2023-04-29 00:53:37,6.28171333,-75.59177667,1.90,1638.586,23.914,5.029,268,24,38,,
T,2023-04-29 00:53:38,6.28171167,-75.59182333,1.90,1639.985,23.915,5.011,265,24,38,,
T,2023-04-29 00:53:39,6.28171333,-75.59186833,1.90,1641.385,23.915,4.484,265,24,38,,
T,2023-04-29 00:53:40,6.28171833,-75.59190833,1.90,1642.485,23.915,4.454,267,23,38,,
T,2023-04-29 00:53:41,6.28172167,-75.59194667,1.90,1643.885,23.915,4.351,269,23,38,,
T,2023-04-29 00:53:42,6.28172333,-75.59198833,1.90,1645.484,23.916,4.817,265,23,38,,
T,2023-04-29 00:53:43,6.28172333,-75.59203000,1.90,1646.384,23.916,4.316,269,25,38,,
T,2023-04-29 00:53:44,6.28172500,-75.59207167,1.90,1647.384,23.916,4.585,270,25,38,,
T,2023-04-29 00:53:45,6.28172833,-75.59211500,1.90,1648.884,23.916,4.955,273,25,38,,
T,2023-04-29 00:53:46,6.28173000,-75.59216333,1.80,1649.984,23.916,5.353,278,25,38,,
T,2023-04-29 00:53:47,6.28173833,-75.59221167,1.80,1650.783,23.917,4.914,285,26,38,,
T,2023-04-29 00:53:48,6.28175167,-75.59225667,1.70,1651.283,23.917,4.317,291,26,38,,
T,2023-04-29 00:53:49,6.28176833,-75.59229500,1.70,1651.883,23.917,3.711,297,26,38,,
T,2023-04-29 00:53:50,6.28178500,-75.59232667,1.70,1652.883,23.917,3.724,295,26,38,,
T,2023-04-29 00:53:51,6.28180000,-75.59235833,1.80,1653.983,23.917,3.726,291,25,38,,
T,2023-04-29 00:53:52,6.28181667,-75.59239000,1.80,1654.983,23.917,3.603,296,25,38,,
T,2023-04-29 00:53:53,6.28182833,-75.59241500,1.80,1655.982,23.918,2.370,295,25,38,,
T,2023-04-29 00:53:54,6.28183500,-75.59243333,1.80,1656.882,23.918,1.207,295,25,38,,
T,2023-04-29 00:53:55,6.28183500,-75.59244000,1.90,1657.382,23.918,0.000,,25,38,,
T,2023-04-29 00:53:56,6.28183500,-75.59244333,1.90,1657.582,23.918,0.000,,26,38,,
T,2023-04-29 00:53:57,6.28182667,-75.59244667,1.80,1657.982,23.918,0.000,,26,38,,
T,2023-04-29 00:53:58,6.28182667,-75.59244667,1.80,1657.982,23.918,0.000,,26,38,,
T,2023-04-29 00:53:59,6.28182667,-75.59244667,1.80,1657.982,23.918,0.000,,25,38,,
T,2023-04-29 00:54:00,6.28182667,-75.59244667,1.80,1657.982,23.918,0.000,,25,38,,
T,2023-04-29 00:54:01,6.28182667,-75.59244667,1.80,1657.982,23.918,0.000,,25,38,,
T,2023-04-29 00:54:02,6.28182667,-75.59244667,1.80,1657.982,23.918,0.000,,25,38,,
T,2023-04-29 00:54:03,6.28182667,-75.59244667,1.80,1657.982,23.918,0.000,,24,38,,
T,2023-04-29 00:54:04,6.28182667,-75.59244667,1.80,1657.982,23.918,0.000,,24,38,,
T,2023-04-29 00:54:05,6.28182667,-75.59244667,1.80,1657.982,23.918,0.000,,26,38,,
T,2023-04-29 00:54:06,6.28182667,-75.59244667,1.10,1657.982,23.918,0.000,,24,38,,
T,2023-04-29 00:54:07,6.28182667,-75.59244667,1.00,1657.982,23.918,0.000,,24,38,,
T,2023-04-29 00:54:08,6.28182667,-75.59244667,1.00,1657.982,23.918,0.000,,23,38,,
T,2023-04-29 00:54:09,6.28182667,-75.59244667,1.00,1657.982,23.918,0.000,,23,38,,
T,2023-04-29 00:54:10,6.28182667,-75.59244667,1.00,1657.982,23.918,0.000,,24,38,,
T,2023-04-29 00:54:11,6.28182667,-75.59244667,1.00,1657.982,23.918,0.000,,24,38,,
T,2023-04-29 00:54:12,6.28182667,-75.59244667,1.00,1657.982,23.918,0.000,,24,38,,
T,2023-04-29 00:54:13,6.28182667,-75.59244667,1.10,1657.982,23.918,0.000,,24,38,,
T,2023-04-29 00:54:14,6.28182667,-75.59244667,1.30,1657.982,23.918,0.000,,24,38,,
T,2023-04-29 00:54:15,6.28182667,-75.59244667,1.40,1657.982,23.918,0.000,,25,38,,
T,2023-04-29 00:54:16,6.28182667,-75.59244667,1.50,1657.982,23.918,0.000,,24,38,,
T,2023-04-29 00:54:17,6.28182667,-75.59244667,1.50,1657.982,23.918,0.000,,25,38,,
T,2023-04-29 00:54:18,6.28182667,-75.59244667,1.60,1657.982,23.918,0.000,,25,38,,
T,2023-04-29 00:54:19,6.28182667,-75.59244667,1.60,1657.982,23.918,0.000,,24,38,,
T,2023-04-29 00:54:20,6.28186333,-75.59250833,1.70,1656.182,23.918,2.084,329,26,38,,
T,2023-04-29 00:54:21,6.28188667,-75.59251833,1.70,1656.282,23.918,2.771,331,26,38,,
T,2023-04-29 00:54:22,6.28191833,-75.59253000,1.80,1656.382,23.918,2.988,341,26,38,,
T,2023-04-29 00:54:23,6.28195167,-75.59253333,1.80,1656.682,23.918,3.323,359,26,38,,
T,2023-04-29 00:54:24,6.28198833,-75.59252500,1.90,1657.082,23.918,4.005,22,26,38,,
T,2023-04-29 00:54:25,6.28203667,-75.59250167,1.90,1657.483,23.917,4.714,27,26,38,,
T,2023-04-29 00:54:26,6.28207833,-75.59247667,1.90,1658.083,23.917,4.380,29,25,38,,
T,2023-04-29 00:54:27,6.28211833,-75.59245333,1.90,1658.783,23.917,5.064,31,25,38,,
T,2023-04-29 00:54:28,6.28216833,-75.59242833,1.90,1659.183,23.917,5.301,38,25,38,,
T,2023-04-29 00:54:29,6.28221500,-75.59240000,1.90,1659.583,23.917,5.183,39,25,38,,
T,2023-04-29 00:54:30,6.28226333,-75.59236833,1.90,1659.784,23.916,5.337,39,25,38,,
T,2023-04-29 00:54:31,6.28231167,-75.59233833,1.90,1659.684,23.916,5.124,38,25,38,,
T,2023-04-29 00:54:32,6.28236167,-75.59230500,1.90,1659.784,23.916,5.258,34,25,38,,
T,2023-04-29 00:54:33,6.28240333,-75.59227500,1.80,1660.285,23.915,4.939,37,25,38,,
T,2023-04-29 00:54:34,6.28244500,-75.59224500,1.80,1660.685,23.915,4.616,39,25,38,,
T,2023-04-29 00:54:35,6.28248167,-75.59221500,1.70,1660.885,23.915,4.436,41,25,38,,
T,2023-04-29 00:54:36,6.28251667,-75.59218500,1.70,1660.785,23.915,4.535,42,25,38,,
T,2023-04-29 00:54:37,6.28255167,-75.59215667,1.70,1661.185,23.915,4.372,41,25,38,,
T,2023-04-29 00:54:38,6.28258333,-75.59213000,1.70,1661.486,23.914,3.773,42,25,38,,
T,2023-04-29 00:54:39,6.28261000,-75.59211000,1.70,1661.886,23.914,3.388,43,25,38,,
T,2023-04-29 00:54:40,6.28263833,-75.59208833,1.70,1662.186,23.914,4.010,41,25,38,,
T,2023-04-29 00:54:41,6.28266833,-75.59206500,1.80,1662.186,23.914,3.901,39,25,38,,
T,2023-04-29 00:54:42,6.28269500,-75.59204333,1.80,1662.486,23.914,3.174,40,25,38,,
T,2023-04-29 00:54:43,6.28272333,-75.59202000,1.80,1662.787,23.913,3.409,36,25,38,,
T,2023-04-29 00:54:44,6.28274833,-75.59200000,1.80,1663.487,23.913,3.298,42,25,38,,
T,2023-04-29 00:54:45,6.28277333,-75.59198333,1.80,1664.087,23.913,2.826,40,25,38,,
T,2023-04-29 00:54:46,6.28279167,-75.59197167,1.70,1664.287,23.913,1.760,40,25,38,,
T,2023-04-29 00:54:47,6.28280167,-75.59196333,1.70,1664.787,23.913,1.135,40,25,38,,
T,2023-04-29 00:54:48,6.28281167,-75.59195667,1.70,1665.187,23.913,0.000,,25,38,,
T,2023-04-29 00:54:49,6.28282167,-75.59194833,1.70,1665.587,23.913,0.000,,25,38,,
T,2023-04-29 00:54:50,6.28283500,-75.59193833,1.70,1666.187,23.913,1.455,40,26,38,,
T,2023-04-29 00:54:51,6.28285000,-75.59192500,1.70,1666.587,23.913,2.062,34,26,38,,
T,2023-04-29 00:54:52,6.28286833,-75.59191500,1.70,1667.187,23.913,2.094,22,27,38,,
T,2023-04-29 00:54:53,6.28288333,-75.59190833,1.70,1667.688,23.912,1.521,24,27,38,,
T,2023-04-29 00:54:54,6.28289167,-75.59190167,1.70,1668.188,23.912,0.000,,27,38,,
T,2023-04-29 00:54:55,6.28289333,-75.59190000,1.80,1668.588,23.912,0.000,,27,39,,
T,2023-04-29 00:54:56,6.28289500,-75.59190167,1.80,1668.388,23.912,0.000,,27,39,,
T,2023-04-29 00:54:57,6.28289500,-75.59190167,1.90,1668.388,23.912,0.000,,27,39,,
T,2023-04-29 00:54:58,6.28289500,-75.59190167,1.90,1668.388,23.912,0.000,,27,39,,
T,2023-04-29 00:54:59,6.28289500,-75.59190167,1.80,1668.388,23.912,0.000,,28,39,,
T,2023-04-29 00:55:00,6.28289500,-75.59190167,1.10,1668.388,23.912,0.000,,28,39,,
T,2023-04-29 00:55:01,6.28289500,-75.59190167,1.00,1668.388,23.912,0.000,,28,39,,
T,2023-04-29 00:55:02,6.28289500,-75.59190167,1.00,1668.388,23.912,0.000,,28,39,,
T,2023-04-29 00:55:03,6.28289500,-75.59190167,1.00,1668.388,23.912,0.000,,28,39,,
T,2023-04-29 00:55:04,6.28292833,-75.59191000,1.20,1668.888,23.912,2.866,329,28,39,,
T,2023-04-29 00:55:05,6.28295667,-75.59193000,1.30,1669.088,23.912,4.239,320,28,39,,
T,2023-04-29 00:55:06,6.28299000,-75.59196000,1.50,1669.488,23.912,5.751,315,28,39,,
T,2023-04-29 00:55:07,6.28303000,-75.59200000,1.50,1669.787,23.913,6.920,315,28,39,,
T,2023-04-29 00:55:08,6.28307667,-75.59204167,1.60,1670.287,23.913,7.146,316,28,39,,
T,2023-04-29 00:55:09,6.28312167,-75.59208667,1.70,1670.587,23.913,7.174,317,28,39,,
T,2023-04-29 00:55:10,6.28316333,-75.59213167,1.70,1671.087,23.913,7.158,313,27,39,,
T,2023-04-29 00:55:11,6.28320167,-75.59217667,1.70,1671.787,23.913,6.982,311,27,39,,
T,2023-04-29 00:55:12,6.28324167,-75.59222500,1.80,1672.387,23.913,7.144,308,26,39,,
T,2023-04-29 00:55:13,6.28328500,-75.59227333,1.80,1672.887,23.913,6.987,307,25,39,,
T,2023-04-29 00:55:14,6.28332000,-75.59232500,1.80,1673.586,23.914,6.883,302,25,39,,
T,2023-04-29 00:55:15,6.28335667,-75.59238167,1.80,1674.286,23.914,7.330,299,25,39,,
T,2023-04-29 00:55:16,6.28339167,-75.59244500,1.80,1674.886,23.914,7.347,296,26,39,,
T,2023-04-29 00:55:17,6.28341833,-75.59250333,1.70,1675.686,23.914,6.859,293,26,39,,
T,2023-04-29 00:55:18,6.28344167,-75.59256000,1.70,1676.285,23.915,6.157,293,25,39,,
T,2023-04-29 00:55:19,6.28346500,-75.59261000,1.80,1676.785,23.915,6.069,297,27,39,,
T,2023-04-29 00:55:20,6.28349667,-75.59266167,1.80,1677.585,23.915,6.462,306,27,39,,
T,2023-04-29 00:55:21,6.28353667,-75.59270667,1.80,1678.185,23.915,6.758,313,27,39,,
T,2023-04-29 00:55:22,6.28357667,-75.59274667,1.90,1678.985,23.915,6.267,320,28,39,,
T,2023-04-29 00:55:23,6.28362000,-75.59278167,1.90,1679.685,23.915,6.116,321,28,39,,
T,2023-04-29 00:55:24,6.28366167,-75.59281667,2.00,1680.385,23.915,5.504,322,25,39,,
T,2023-04-29 00:55:25,6.28369000,-75.59285000,2.00,1680.684,23.916,4.208,314,25,39,,
T,2023-04-29 00:55:26,6.28371667,-75.59287500,2.10,1681.184,23.916,3.981,322,24,39,,
T,2023-04-29 00:55:27,6.28375167,-75.59289333,2.10,1681.984,23.916,3.727,334,26,39,,
T,2023-04-29 00:55:28,6.28378667,-75.59290500,2.20,1683.084,23.916,3.578,340,26,39,,
T,2023-04-29 00:55:29,6.28384167,-75.59291167,2.20,1684.385,23.915,3.937,359,26,39,,
T,2023-04-29 00:55:30,6.28389500,-75.59290000,2.20,1685.785,23.915,4.643,16,26,39,,
T,2023-04-29 00:55:31,6.28394500,-75.59288167,2.20,1687.385,23.915,5.310,24,26,39,,
T,2023-04-29 00:55:32,6.28399833,-75.59285833,2.10,1688.985,23.915,5.211,29,26,39,,
T,2023-04-29 00:55:33,6.28404167,-75.59283500,2.00,1690.485,23.915,4.785,35,25,39,,
T,2023-04-29 00:55:34,6.28408167,-75.59280667,2.00,1692.386,23.914,5.321,38,25,39,,
T,2023-04-29 00:55:35,6.28412167,-75.59277500,2.00,1694.186,23.914,5.328,37,25,39,,
T,2023-04-29 00:55:36,6.28417000,-75.59274000,1.90,1695.786,23.914,5.990,35,25,39,,
T,2023-04-29 00:55:37,6.28422167,-75.59270333,1.90,1697.386,23.914,6.508,34,25,39,,
T,2023-04-29 00:55:38,6.28427500,-75.59266500,1.80,1699.087,23.913,7.317,36,26,39,,
T,2023-04-29 00:55:39,6.28433500,-75.59262167,1.80,1700.387,23.913,7.856,34,26,39,,
T,2023-04-29 00:55:40,6.28439667,-75.59258000,1.90,1701.888,23.912,8.063,33,26,39,,
T,2023-04-29 00:55:41,6.28445667,-75.59254167,1.90,1703.388,23.912,8.060,34,25,39,,
T,2023-04-29 00:55:42,6.28452000,-75.59250000,1.90,1704.388,23.912,8.258,33,26,39,,
T,2023-04-29 00:55:43,6.28458167,-75.59246500,1.90,1705.389,23.911,7.607,31,26,39,,
T,2023-04-29 00:55:44,6.28464000,-75.59243167,2.00,1706.589,23.911,7.434,30,26,39,,
T,2023-04-29 00:55:45,6.28469833,-75.59239833,2.00,1707.989,23.911,6.991,28,26,39,,
T,2023-04-29 00:55:46,6.28475833,-75.59236500,2.00,1709.089,23.911,7.151,30,26,39,,
T,2023-04-29 00:55:47,6.28481500,-75.59233667,2.00,1709.990,23.910,6.657,24,26,39,,
T,2023-04-29 00:55:48,6.28487167,-75.59232000,2.00,1710.490,23.910,6.218,12,26,39,,
T,2023-04-29 00:55:49,6.28493000,-75.59231000,2.00,1711.490,23.910,5.851,6,26,39,,
T,2023-04-29 00:55:50,6.28499167,-75.59231000,2.00,1711.790,23.910,5.771,349,27,39,,
T,2023-04-29 00:55:51,6.28503667,-75.59233167,2.00,1712.490,23.910,5.350,336,27,39,,
T,2023-04-29 00:55:52,6.28508167,-75.59235333,2.10,1713.490,23.910,5.385,335,27,39,,
T,2023-04-29 00:55:53,6.28512667,-75.59237833,2.20,1714.590,23.910,5.527,330,27,39,,
T,2023-04-29 00:55:54,6.28516833,-75.59241167,2.30,1715.590,23.910,5.489,321,27,39,,
T,2023-04-29 00:55:55,6.28520667,-75.59244833,2.20,1716.790,23.910,5.972,315,27,39,,
T,2023-04-29 00:55:56,6.28524167,-75.59249333,2.20,1717.490,23.910,5.871,312,27,39,,
T,2023-04-29 00:55:57,6.28527167,-75.59254500,2.20,1718.390,23.910,5.905,309,27,39,,
T,2023-04-29 00:55:58,6.28530333,-75.59259500,2.20,1719.890,23.910,6.128,304,25,39,,
T,2023-04-29 00:55:59,6.28533167,-75.59264000,2.10,1720.789,23.911,5.994,297,25,39,,
T,2023-04-29 00:56:00,6.28535833,-75.59268500,2.00,1721.389,23.911,5.533,292,27,39,,
T,2023-04-29 00:56:01,6.28537667,-75.59273167,2.00,1721.489,23.911,5.157,284,27,39,,
T,2023-04-29 00:56:02,6.28538667,-75.59279000,1.90,1721.589,23.911,5.921,271,27,39,,
T,2023-04-29 00:56:03,6.28538500,-75.59285833,1.90,1721.788,23.912,6.430,267,27,39,,
T,2023-04-29 00:56:04,6.28538333,-75.59292667,1.90,1722.588,23.912,6.142,265,27,39,,
T,2023-04-29 00:56:05,6.28537667,-75.59299333,1.90,1723.088,23.912,6.544,265,26,39,,
T,2023-04-29 00:56:06,6.28537000,-75.59306167,1.90,1723.787,23.913,6.553,261,25,39,,
T,2023-04-29 00:56:07,6.28535500,-75.59312667,1.80,1724.487,23.913,6.462,253,25,39,,
T,2023-04-29 00:56:08,6.28533833,-75.59319167,1.80,1725.287,23.913,6.496,252,25,39,,
T,2023-04-29 00:56:09,6.28532333,-75.59325500,1.80,1725.886,23.914,6.341,257,23,39,,
T,2023-04-29 00:56:10,6.28531500,-75.59331500,1.80,1726.786,23.914,6.238,263,23,39,,
T,2023-04-29 00:56:11,6.28531333,-75.59336833,1.90,1727.286,23.914,5.623,266,25,39,,
T,2023-04-29 00:56:12,6.28531667,-75.59342167,1.90,1728.085,23.915,5.366,277,25,39,,
T,2023-04-29 00:56:13,6.28533000,-75.59347000,2.00,1728.685,23.915,5.517,289,26,39,,
T,2023-04-29 00:56:14,6.28535167,-75.59350833,2.00,1729.585,23.915,4.655,297,26,39,,
T,2023-04-29 00:56:15,6.28537500,-75.59353667,2.00,1730.285,23.915,3.663,304,26,39,,
T,2023-04-29 00:56:16,6.28540000,-75.59355333,1.90,1730.885,23.915,2.602,321,25,39,,
T,2023-04-29 00:56:17,6.28542167,-75.59356500,1.90,1731.685,23.915,2.008,330,27,39,,
T,2023-04-29 00:56:18,6.28544000,-75.59357667,1.90,1732.685,23.915,1.423,330,26,39,,
T,2023-04-29 00:56:19,6.28545667,-75.59358333,1.90,1733.285,23.915,1.508,334,26,39,,
T,2023-04-29 00:56:20,6.28547500,-75.59359000,1.90,1734.085,23.915,1.596,1,26,39,,
T,2023-04-29 00:56:21,6.28549833,-75.59359333,1.90,1735.185,23.915,2.749,3,26,39,,
T,2023-04-29 00:56:22,6.28553167,-75.59360333,1.90,1735.385,23.915,3.334,356,27,39,,
T,2023-04-29 00:56:23,6.28556833,-75.59361000,2.00,1735.785,23.915,3.895,358,27,39,,
T,2023-04-29 00:56:24,6.28560500,-75.59361167,2.00,1736.585,23.915,4.238,355,27,39,,
T,2023-04-29 00:56:25,6.28564500,-75.59361333,2.00,1737.585,23.915,4.211,357,27,39,,
T,2023-04-29 00:56:26,6.28569000,-75.59361167,2.00,1738.485,23.915,4.517,2,26,39,,
T,2023-04-29 00:56:27,6.28573667,-75.59361000,2.00,1739.585,23.915,5.183,5,26,39,,
T,2023-04-29 00:56:28,6.28578833,-75.59360833,2.00,1740.785,23.915,5.477,5,26,39,,
T,2023-04-29 00:56:29,6.28583833,-75.59360833,2.00,1741.985,23.915,5.225,6,26,39,,
T,2023-04-29 00:56:30,6.28588667,-75.59360833,2.00,1742.986,23.914,4.616,2,26,39,,
T,2023-04-29 00:56:31,6.28593167,-75.59360500,2.00,1743.786,23.914,3.900,4,26,39,,
T,2023-04-29 00:56:32,6.28597667,-75.59359500,2.00,1744.586,23.914,3.860,14,27,39,,
T,2023-04-29 00:56:33,6.28601833,-75.59358833,2.00,1744.986,23.914,3.743,10,27,39,,
T,2023-04-29 00:56:34,6.28605500,-75.59358500,2.00,1745.786,23.914,3.150,2,27,39,,
T,2023-04-29 00:56:35,6.28609167,-75.59358667,1.90,1746.786,23.914,2.743,345,27,39,,
T,2023-04-29 00:56:36,6.28612333,-75.59359000,1.90,1746.986,23.914,2.252,326,27,39,,
T,2023-04-29 00:56:37,6.28614333,-75.59361000,1.90,1747.486,23.914,2.866,309,27,39,,
T,2023-04-29 00:56:38,6.28616500,-75.59363500,1.90,1748.086,23.914,2.886,309,27,39,,
T,2023-04-29 00:56:40,6.28620833,-75.59369500,1.90,1750.686,23.914,4.400,295,27,39,,
T,2023-04-29 00:56:41,6.28622833,-75.59374000,2.00,1751.786,23.914,5.513,294,27,39,,
T,2023-04-29 00:56:42,6.28625667,-75.59379333,2.00,1753.285,23.915,6.346,296,27,39,,
T,2023-04-29 00:56:43,6.28628833,-75.59385167,2.10,1754.585,23.915,6.910,296,27,39,,
T,2023-04-29 00:56:44,6.28632000,-75.59390833,2.10,1755.685,23.915,7.072,298,27,39,,
T,2023-04-29 00:56:45,6.28635167,-75.59396333,2.10,1757.085,23.915,6.410,295,26,39,,
T,2023-04-29 00:56:46,6.28638333,-75.59401667,2.10,1758.385,23.915,6.510,300,26,39,,
T,2023-04-29 00:56:47,6.28641000,-75.59407000,2.10,1759.284,23.916,6.188,302,26,39,,
T,2023-04-29 00:56:48,6.28643500,-75.59411500,2.10,1760.184,23.916,5.024,299,25,39,,
T,2023-04-29 00:56:49,6.28645000,-75.59415167,2.10,1761.184,23.916,3.480,293,25,39,,
T,2023-04-29 00:56:50,6.28646333,-75.59417833,2.10,1761.884,23.916,2.283,290,25,39,,
T,2023-04-29 00:56:51,6.28647500,-75.59419333,2.10,1762.184,23.916,2.247,275,25,39,,
T,2023-04-29 00:56:52,6.28649500,-75.59421500,2.00,1762.484,23.916,1.892,272,25,39,,
T,2023-04-29 00:56:53,6.28650000,-75.59423000,1.90,1763.084,23.916,1.120,272,27,39,,
T,2023-04-29 00:56:54,6.28649500,-75.59424000,1.90,1764.084,23.916,1.691,217,27,39,,
T,2023-04-29 00:56:55,6.28648500,-75.59424833,1.90,1764.984,23.916,2.009,213,27,39,,
T,2023-04-29 00:56:56,6.28647167,-75.59426000,2.00,1765.884,23.916,2.125,215,27,39,,
T,2023-04-29 00:56:58,6.28641833,-75.59430000,2.10,1768.083,23.917,3.813,209,27,39,,
T,2023-04-29 00:56:59,6.28638333,-75.59432667,2.10,1769.083,23.917,4.222,218,27,39,,
T,2023-04-29 00:57:00,6.28635167,-75.59435333,2.10,1770.183,23.917,3.657,215,27,39,,
T,2023-04-29 00:57:01,6.28632333,-75.59437000,2.10,1771.483,23.917,3.173,205,26,39,,
T,2023-04-29 00:57:02,6.28630333,-75.59438500,2.10,1772.483,23.917,2.110,204,25,39,,
T,2023-04-29 00:57:03,6.28628167,-75.59440333,2.10,1773.482,23.918,2.229,208,24,39,,
T,2023-04-29 00:57:04,6.28625667,-75.59442333,2.10,1774.282,23.918,2.631,215,22,39,,
T,2023-04-29 00:57:05,6.28623333,-75.59444333,2.10,1775.182,23.918,2.293,207,22,39,,
T,2023-04-29 00:57:06,6.28621000,-75.59447167,2.10,1775.782,23.918,3.086,220,24,39,,
T,2023-04-29 00:57:07,6.28618333,-75.59450000,2.10,1776.582,23.918,3.435,221,24,39,,
T,2023-04-29 00:57:08,6.28614667,-75.59453000,2.10,1777.381,23.919,4.142,216,24,39,,
T,2023-04-29 00:57:09,6.28609500,-75.59455833,2.20,1777.881,23.919,5.001,212,25,39,,
T,2023-04-29 00:57:10,6.28604333,-75.59460333,2.20,1778.381,23.919,5.992,216,25,39,,
T,2023-04-29 00:57:11,6.28598833,-75.59464667,2.10,1778.480,23.920,5.854,217,24,39,,
T,2023-04-29 00:57:12,6.28593167,-75.59470333,2.10,1777.480,23.920,6.036,221,24,39,,
T,2023-04-29 00:57:13,6.28588667,-75.59476167,2.10,1776.880,23.920,6.051,230,24,39,,
T,2023-04-29 00:57:14,6.28584500,-75.59481833,2.20,1776.279,23.921,6.747,230,24,39,,
T,2023-04-29 00:57:15,6.28580167,-75.59487000,2.20,1775.479,23.921,6.955,230,24,39,,
T,2023-04-29 00:57:16,6.28575333,-75.59491500,2.30,1774.979,23.921,6.778,224,24,39,,
T,2023-04-29 00:57:17,6.28570333,-75.59496667,2.30,1774.878,23.922,6.558,226,23,39,,
T,2023-04-29 00:57:18,6.28565833,-75.59501667,2.30,1774.678,23.922,6.039,230,23,39,,
T,2023-04-29 00:57:19,6.28562000,-75.59507333,2.30,1774.677,23.923,6.036,239,22,39,,
T,2023-04-29 00:57:20,6.28559833,-75.59512667,2.30,1774.277,23.923,5.257,250,23,39,,
T,2023-04-29 00:57:21,6.28558500,-75.59518333,2.20,1772.977,23.923,4.904,262,23,39,,
T,2023-04-29 00:57:22,6.28557500,-75.59523833,2.10,1771.476,23.924,4.097,273,28,39,,
T,2023-04-29 00:57:23,6.28557333,-75.59528167,2.10,1769.876,23.924,3.221,276,28,39,,
T,2023-04-29 00:57:24,6.28557333,-75.59531667,2.00,1768.176,23.924,2.437,279,28,39,,
T,2023-04-29 00:57:25,6.28556833,-75.59534500,2.00,1766.576,23.924,1.807,268,28,39,,
T,2023-04-29 00:57:26,6.28556333,-75.59537000,1.90,1764.976,23.924,1.712,254,28,39,,
T,2023-04-29 00:57:27,6.28555333,-75.59539667,1.90,1763.376,23.924,1.948,238,28,39,,
T,2023-04-29 00:57:28,6.28554833,-75.59541333,1.90,1762.675,23.925,1.659,229,28,39,,
T,2023-04-29 00:57:29,6.28554000,-75.59542500,1.80,1761.675,23.925,1.533,206,28,39,,
T,2023-04-29 00:57:30,6.28553333,-75.59543333,1.80,1760.675,23.925,1.221,206,27,39,,
T,2023-04-29 00:57:31,6.28552833,-75.59543833,1.80,1760.075,23.925,0.000,,27,39,,
T,2023-04-29 00:57:32,6.28552333,-75.59543833,1.70,1759.875,23.925,0.000,,27,39,,
T,2023-04-29 00:57:33,6.28552167,-75.59544167,1.70,1759.375,23.925,0.000,,27,39,,
T,2023-04-29 00:57:34,6.28552167,-75.59544167,1.70,1759.375,23.925,0.000,,26,39,,
T,2023-04-29 00:57:35,6.28552167,-75.59544167,1.70,1759.375,23.925,0.000,,26,39,,
T,2023-04-29 00:57:36,6.28552167,-75.59544167,1.70,1759.375,23.925,0.000,,28,39,,
T,2023-04-29 00:57:37,6.28552167,-75.59544167,1.70,1759.375,23.925,0.000,,28,39,,
T,2023-04-29 00:57:38,6.28552167,-75.59544167,1.70,1759.375,23.925,0.000,,28,39,,
T,2023-04-29 00:57:39,6.28552167,-75.59544167,1.10,1759.375,23.925,0.000,,28,39,,
T,2023-04-29 00:57:40,6.28552167,-75.59544167,1.00,1759.375,23.925,0.000,,29,39,,
T,2023-04-29 00:57:41,6.28552167,-75.59544167,1.00,1759.375,23.925,0.000,,29,39,,
T,2023-04-29 00:57:42,6.28552167,-75.59544167,1.00,1759.375,23.925,0.000,,29,39,,
T,2023-04-29 00:57:43,6.28552167,-75.59544167,0.90,1759.375,23.925,0.000,,29,39,,
T,2023-04-29 00:57:44,6.28552167,-75.59544167,0.90,1759.375,23.925,0.000,,28,39,,
T,2023-04-29 00:57:45,6.28552167,-75.59544167,0.90,1759.375,23.925,0.000,,28,39,,
T,2023-04-29 00:57:46,6.28552167,-75.59544167,0.90,1759.375,23.925,0.000,,27,39,,
T,2023-04-29 00:57:47,6.28552167,-75.59544167,1.00,1759.375,23.925,0.000,,27,39,,
T,2023-04-29 00:57:48,6.28552167,-75.59544167,1.00,1759.375,23.925,0.000,,27,39,,
T,2023-04-29 00:57:49,6.28552167,-75.59544167,0.90,1759.375,23.925,0.000,,28,39,,
T,2023-04-29 00:57:50,6.28552167,-75.59544167,0.90,1759.375,23.925,0.000,,28,39,,
T,2023-04-29 00:57:51,6.28552167,-75.59544167,0.90,1759.375,23.925,0.000,,28,39,,
T,2023-04-29 00:57:52,6.28552167,-75.59544167,1.00,1759.375,23.925,0.000,,27,39,,
T,2023-04-29 00:57:53,6.28552167,-75.59544167,1.00,1759.375,23.925,0.000,,27,39,,
T,2023-04-29 00:57:54,6.28552167,-75.59544167,1.10,1759.375,23.925,0.000,,27,39,,
T,2023-04-29 00:57:55,6.28552167,-75.59544167,1.30,1759.375,23.925,0.000,,27,39,,
T,2023-04-29 00:57:56,6.28552167,-75.59544167,1.40,1759.375,23.925,0.000,,27,39,,
T,2023-04-29 00:57:57,6.28552167,-75.59544167,1.40,1759.375,23.925,0.000,,27,39,,
T,2023-04-29 00:57:58,6.28552167,-75.59544167,1.50,1759.375,23.925,0.000,,27,39,,
T,2023-04-29 00:57:59,6.28552167,-75.59544167,1.10,1759.375,23.925,0.000,,27,39,,
T,2023-04-29 00:58:00,6.28552167,-75.59544167,1.00,1759.375,23.925,0.000,,27,39,,
T,2023-04-29 00:58:01,6.28552167,-75.59544167,1.00,1759.375,23.925,0.000,,27,39,,
T,2023-04-29 00:58:02,6.28552167,-75.59544167,1.00,1759.375,23.925,0.000,,27,39,,
T,2023-04-29 00:58:03,6.28552167,-75.59544167,1.00,1759.375,23.925,0.000,,27,39,,
T,2023-04-29 00:58:04,6.28552167,-75.59544167,1.00,1759.375,23.925,0.000,,27,39,,
T,2023-04-29 00:58:05,6.28552167,-75.59544167,1.00,1759.375,23.925,0.000,,27,39,,
T,2023-04-29 00:58:07,6.28552167,-75.59544167,0.90,1759.375,23.925,0.000,,27,39,,
T,2023-04-29 00:58:08,6.28552167,-75.59544167,0.90,1759.375,23.925,0.000,,27,39,,
T,2023-04-29 00:58:09,6.28552167,-75.59544167,0.90,1759.375,23.925,0.000,,28,39,,
T,2023-04-29 00:58:10,6.28552167,-75.59544167,0.90,1759.375,23.925,0.000,,28,39,,
T,2023-04-29 00:58:11,6.28552167,-75.59544167,1.00,1759.375,23.925,0.000,,27,39,,
T,2023-04-29 00:58:12,6.28552167,-75.59544167,1.00,1759.375,23.925,0.000,,28,39,,
T,2023-04-29 00:58:13,6.28552167,-75.59544167,1.00,1759.375,23.925,0.000,,28,39,,
T,2023-04-29 00:58:14,6.28552167,-75.59544167,1.10,1759.375,23.925,0.000,,28,39,,
T,2023-04-29 00:58:15,6.28552167,-75.59544167,1.30,1759.375,23.925,0.000,,28,39,,
T,2023-04-29 00:58:16,6.28552167,-75.59544167,1.50,1759.375,23.925,0.000,,28,39,,
T,2023-04-29 00:58:17,6.28552167,-75.59544167,1.60,1759.375,23.925,0.000,,28,39,,
T,2023-04-29 00:58:18,6.28552167,-75.59544167,1.70,1759.375,23.925,0.000,,28,39,,
T,2023-04-29 00:58:19,6.28552167,-75.59544167,1.70,1759.375,23.925,0.000,,28,39,,
T,2023-04-29 00:58:20,6.28552167,-75.59544167,1.80,1759.375,23.925,0.000,,28,39,,
T,2023-04-29 00:58:21,6.28552167,-75.59544167,1.80,1759.375,23.925,0.000,,28,39,,
T,2023-04-29 00:58:22,6.28552167,-75.59544167,1.80,1759.375,23.925,0.000,,28,39,,
T,2023-04-29 00:58:23,6.28552167,-75.59544167,1.80,1759.375,23.925,0.000,,28,39,,
T,2023-04-29 00:58:24,6.28552167,-75.59544167,1.80,1759.375,23.925,0.000,,28,39,,
T,2023-04-29 00:58:25,6.28552167,-75.59544167,1.90,1759.375,23.925,0.000,,28,39,,
T,2023-04-29 00:58:26,6.28546833,-75.59551833,1.80,1757.375,23.925,0.568,226,28,39,,
T,2023-04-29 00:58:27,6.28546333,-75.59552333,1.90,1757.175,23.925,0.000,,28,39,,
T,2023-04-29 00:58:28,6.28546167,-75.59552833,1.90,1756.875,23.925,0.000,,28,39,,
T,2023-04-29 00:58:29,6.28546000,-75.59553000,1.90,1756.675,23.925,0.000,,28,39,,
T,2023-04-29 00:58:30,6.28546000,-75.59553000,1.90,1756.675,23.925,0.000,,28,39,,
T,2023-04-29 00:58:31,6.28546000,-75.59553000,2.00,1756.675,23.925,0.000,,28,39,,
T,2023-04-29 00:58:32,6.28546000,-75.59553000,2.00,1756.675,23.925,0.000,,28,39,,
T,2023-04-29 00:58:33,6.28546000,-75.59553000,1.20,1756.675,23.925,0.000,,28,39,,
T,2023-04-29 00:58:34,6.28546000,-75.59553000,1.10,1756.675,23.925,0.000,,27,39,,
T,2023-04-29 00:58:35,6.28546000,-75.59553000,1.00,1756.675,23.925,0.000,,27,39,,
T,2023-04-29 00:58:36,6.28546000,-75.59553000,1.00,1756.675,23.925,0.000,,27,39,,
T,2023-04-29 00:58:37,6.28546000,-75.59553000,1.20,1756.675,23.925,0.000,,28,39,,
T,2023-04-29 00:58:38,6.28546000,-75.59553000,1.40,1756.675,23.925,0.000,,28,39,,
T,2023-04-29 00:58:39,6.28546000,-75.59553000,1.60,1756.675,23.925,0.000,,28,39,,
T,2023-04-29 00:58:40,6.28540333,-75.59555667,1.70,1755.674,23.926,1.182,199,28,39,,
T,2023-04-29 00:58:41,6.28539667,-75.59556167,1.80,1755.574,23.926,0.000,,28,39,,
T,2023-04-29 00:58:42,6.28538833,-75.59556833,1.90,1755.374,23.926,0.000,,28,39,,
T,2023-04-29 00:58:43,6.28537833,-75.59557167,2.00,1755.174,23.926,0.000,,28,39,,
T,2023-04-29 00:58:44,6.28537833,-75.59557167,2.00,1755.174,23.926,0.000,,28,39,,
T,2023-04-29 00:58:45,6.28537833,-75.59557167,2.00,1755.174,23.926,0.000,,28,39,,
T,2023-04-29 00:58:46,6.28537833,-75.59557167,2.00,1755.174,23.926,0.000,,28,39,,
T,2023-04-29 00:58:47,6.28537833,-75.59557167,2.10,1755.174,23.926,0.000,,27,39,,
T,2023-04-29 00:58:48,6.28537833,-75.59557167,2.10,1755.174,23.926,0.000,,27,39,,
T,2023-04-29 00:58:49,6.28537833,-75.59557167,2.10,1755.174,23.926,0.000,,27,39,,
T,2023-04-29 00:58:50,6.28537833,-75.59557167,2.10,1755.174,23.926,0.000,,27,39,,
T,2023-04-29 00:58:51,6.28537833,-75.59557167,2.20,1755.174,23.926,0.000,,27,39,,
T,2023-04-29 00:58:52,6.28537833,-75.59557167,2.30,1755.174,23.926,0.000,,26,39,,
T,2023-04-29 00:58:53,6.28537833,-75.59557167,2.30,1755.174,23.926,0.000,,26,39,,
T,2023-04-29 00:58:54,6.28537833,-75.59557167,1.20,1755.174,23.926,0.000,,26,39,,
T,2023-04-29 00:58:55,6.28537833,-75.59557167,1.10,1755.174,23.926,0.000,,24,39,,
T,2023-04-29 00:58:56,6.28537833,-75.59557167,1.60,1755.174,23.926,0.000,,24,39,,
T,2023-04-29 00:58:57,6.28537833,-75.59557167,2.00,1755.174,23.926,0.000,,25,39,,
T,2023-04-29 00:58:58,6.28537833,-75.59557167,2.30,1755.174,23.926,0.000,,25,39,,
T,2023-04-29 00:58:59,6.28537833,-75.59557167,2.40,1755.174,23.926,0.000,,22,39,,
T,2023-04-29 00:59:00,6.28537833,-75.59557167,2.50,1755.174,23.926,0.000,,22,39,,
T,2023-04-29 00:59:01,6.28537833,-75.59557167,2.70,1755.174,23.926,0.000,,19,39,,
T,2023-04-29 00:59:02,6.28537833,-75.59557167,2.80,1755.174,23.926,0.000,,19,39,,
T,2023-04-29 00:59:03,6.28537833,-75.59557167,2.90,1755.174,23.926,0.000,,20,38,,
T,2023-04-29 00:59:04,6.28537833,-75.59557167,3.00,1755.174,23.926,0.000,,20,38,,
T,2023-04-29 00:59:05,6.28537833,-75.59557167,3.10,1755.174,23.926,0.000,,20,39,,
T,2023-04-29 00:59:06,6.28530000,-75.59555500,3.20,1752.474,23.926,1.467,99,19,39,,
T,2023-04-29 00:59:07,6.28529500,-75.59555167,3.30,1752.474,23.926,1.091,97,17,39,,
T,2023-04-29 00:59:08,6.28529167,-75.59553167,3.30,1752.474,23.926,0.000,,17,39,,
T,2023-04-29 00:59:09,6.28530333,-75.59553000,3.40,1752.374,23.926,0.000,,16,39,,
T,2023-04-29 00:59:10,6.28532167,-75.59552667,3.60,1752.474,23.926,0.000,,16,39,,
T,2023-04-29 00:59:11,6.28533833,-75.59552333,3.70,1752.474,23.926,1.694,345,14,39,,
T,2023-04-29 00:59:12,6.28535000,-75.59553167,3.80,1752.474,23.926,1.554,338,14,39,,
T,2023-04-29 00:59:13,6.28534333,-75.59557500,3.90,1752.374,23.926,1.413,305,13,39,,
T,2023-04-29 00:59:14,6.28534667,-75.59559000,4.20,1752.474,23.926,1.391,302,10,38,,
T,2023-04-29 00:59:15,6.28536333,-75.59562000,4.50,1752.474,23.926,1.643,306,10,38,,
T,2023-04-29 00:59:16,6.28537167,-75.59563167,4.90,1752.474,23.926,1.627,307,10,38,,
T,2023-04-29 00:59:17,6.28538000,-75.59563500,5.30,1752.474,23.926,1.342,316,7,38,,
T,2023-04-29 00:59:18,6.28538833,-75.59562833,5.70,1752.574,23.926,1.021,338,6,38,,
T,2023-04-29 00:59:19,6.28537833,-75.59563167,6.00,1752.574,23.926,0.000,,6,38,,
T,2023-04-29 00:59:20,6.28538167,-75.59564000,6.20,1752.574,23.926,0.000,,6,39,,
T,2023-04-29 00:59:21,6.28540000,-75.59564667,6.50,1752.574,23.926,0.000,,6,39,,
T,2023-04-29 00:59:22,6.28540000,-75.59564667,6.80,1752.574,23.926,0.000,,6,39,,
T,2023-04-29 00:59:23,6.28540000,-75.59564667,7.10,1752.574,23.926,0.000,,6,39,,
T,2023-04-29 00:59:28,6.28543000,-75.59574500,8.20,1752.773,23.927,1.411,301,4,39,,
