type,date time,latitude,longitude,accuracy(m),altitude(m),geoid_height(m),speed(m/s),bearing(deg),sat_used,sat_inview,name,desc
T,2023-04-07 19:33:20.086,6.29941449,-75.55955675,13.21,1450.893,23.707,0.000,,23,26,20230407-143320,GPS Logger: 20230407-143320 - Honda_cb160f_6
T,2023-04-07 19:33:21.086,6.29939279,-75.55952610,13.50,1446.628,23.706,0.000,,25,27,,
T,2023-04-07 19:33:22,6.29937174,-75.55959168,11.41,1448.814,23.707,0.000,,26,28,,
T,2023-04-07 19:33:23,6.29938597,-75.55957697,7.15,1448.516,23.707,0.150,59,27,28,,
T,2023-04-07 19:33:24,6.29939756,-75.55959393,6.16,1443.357,23.707,0.160,12,27,29,,
T,2023-04-07 19:33:25,6.29939612,-75.55958178,6.71,1444.615,23.707,0.000,,28,29,,
T,2023-04-07 19:33:26,6.29939350,-75.55958848,6.10,1443.527,23.707,0.000,,28,29,,
T,2023-04-07 19:33:27,6.29939183,-75.55958941,5.86,1441.782,23.707,0.000,,28,29,,
T,2023-04-07 19:33:28,6.29939117,-75.55959181,5.80,1440.284,23.707,0.000,,28,29,,
T,2023-04-07 19:33:29,6.29939211,-75.55958847,6.06,1440.009,23.707,0.000,,27,29,,
T,2023-04-07 19:33:30,6.29939278,-75.55958804,7.12,1440.000,23.707,0.000,,21,29,,
T,2023-04-07 19:33:31,6.29939243,-75.55958832,7.51,1440.288,23.707,0.000,,17,29,,
T,2023-04-07 19:33:32,6.29939546,-75.55959820,7.66,1441.132,23.707,0.000,,18,29,,
T,2023-04-07 19:33:33,6.29939264,-75.55960138,7.28,1444.097,23.707,0.000,,18,29,,
T,2023-04-07 19:33:34,6.29939033,-75.55960161,6.46,1445.716,23.707,0.000,,19,29,,
T,2023-04-07 19:33:35,6.29939072,-75.55961247,5.92,1446.629,23.707,0.000,,24,29,,
T,2023-04-07 19:33:36,6.29938976,-75.55962329,5.64,1447.866,23.707,0.000,,24,29,,
T,2023-04-07 19:33:37,6.29934353,-75.55964143,4.65,1451.464,23.707,2.450,184,25,29,,
T,2023-04-07 19:33:38,6.29930778,-75.55963444,4.14,1454.549,23.707,1.550,191,24,29,,
T,2023-04-07 19:33:39,6.29927396,-75.55963484,3.97,1456.207,23.707,1.370,180,24,29,,
T,2023-04-07 19:33:40,6.29925870,-75.55963875,3.83,1458.882,23.707,0.860,199,24,29,,
T,2023-04-07 19:33:41,6.29925241,-75.55963722,3.79,1462.273,23.707,0.230,184,24,29,,
T,2023-04-07 19:33:42,6.29924236,-75.55963720,3.79,1463.602,23.707,0.760,184,25,29,,
T,2023-04-07 19:33:43,6.29921925,-75.55963896,3.79,1463.412,23.707,2.820,184,25,29,,
T,2023-04-07 19:33:44,6.29919539,-75.55964587,3.79,1461.990,23.708,2.520,192,26,29,,
T,2023-04-07 19:33:45,6.29918071,-75.55965223,3.79,1462.289,23.708,0.850,201,26,29,,
T,2023-04-07 19:33:46,6.29917639,-75.55965358,3.79,1463.086,23.708,0.370,194,26,29,,
T,2023-04-07 19:33:47,6.29917509,-75.55965380,3.79,1463.096,23.708,0.000,,27,29,,
T,2023-04-07 19:33:48,6.29917609,-75.55965480,3.79,1463.405,23.708,0.000,,25,29,,
T,2023-04-07 19:33:49,6.29917809,-75.55965729,4.23,1463.479,23.708,0.000,,24,29,,
T,2023-04-07 19:33:50,6.29917820,-75.55965912,4.22,1463.370,23.708,0.000,,24,29,,
T,2023-04-07 19:33:51,6.29917724,-75.55966021,4.29,1463.336,23.708,0.000,,23,29,,
T,2023-04-07 19:33:52,6.29917558,-75.55966375,4.40,1462.679,23.708,0.000,,23,29,,
T,2023-04-07 19:33:53,6.29917297,-75.55966693,5.30,1462.499,23.708,0.000,,24,29,,
T,2023-04-07 19:33:54,6.29916932,-75.55967091,5.27,1462.560,23.708,0.000,,24,29,,
T,2023-04-07 19:33:55,6.29916675,-75.55967397,5.68,1462.558,23.708,0.000,,24,29,,
T,2023-04-07 19:33:56,6.29912516,-75.55969307,4.52,1459.355,23.708,3.050,188,24,29,,
T,2023-04-07 19:33:57,6.29907527,-75.55970773,3.94,1461.534,23.708,4.960,198,23,29,,
T,2023-04-07 19:33:58,6.29898539,-75.55973403,3.79,1462.436,23.708,6.100,204,25,29,,
T,2023-04-07 19:33:59,6.29892065,-75.55974280,3.79,1463.183,23.709,6.250,206,25,29,,
T,2023-04-07 19:34:00,6.29885401,-75.55975789,3.79,1462.385,23.709,6.700,204,25,29,,
T,2023-04-07 19:34:01,6.29879242,-75.55977963,3.79,1461.122,23.709,7.190,200,27,29,,
T,2023-04-07 19:34:02,6.29874096,-75.55982212,3.79,1460.468,23.709,6.830,207,26,27,,
T,2023-04-07 19:34:03,6.29869338,-75.55985070,3.79,1460.261,23.710,6.140,200,26,27,,
T,2023-04-07 19:34:04,6.29864182,-75.55986857,3.79,1460.854,23.710,5.810,185,25,27,,
T,2023-04-07 19:34:05,6.29859134,-75.55988287,3.79,1461.491,23.710,5.290,180,24,27,,
T,2023-04-07 19:34:06,6.29854860,-75.55987510,3.79,1461.730,23.710,4.220,175,23,27,,
T,2023-04-07 19:34:07,6.29852212,-75.55985751,3.79,1462.141,23.710,2.950,167,23,27,,
T,2023-04-07 19:34:08,6.29849239,-75.55985962,3.79,1461.419,23.710,3.360,174,23,27,,
T,2023-04-07 19:34:09,6.29844231,-75.55986746,3.79,1460.969,23.710,5.850,195,24,27,,
T,2023-04-07 19:34:10,6.29839044,-75.55988350,3.79,1460.834,23.711,7.010,209,24,27,,
T,2023-04-07 19:34:11,6.29833240,-75.55991185,3.79,1461.279,23.711,8.160,213,24,28,,
T,2023-04-07 19:34:12,6.29826520,-75.55995157,3.79,1461.258,23.711,9.130,212,26,28,,
T,2023-04-07 19:34:13,6.29819540,-75.55999687,3.79,1461.530,23.712,9.810,213,26,30,,
T,2023-04-07 19:34:14,6.29812259,-75.56005236,3.79,1461.899,23.712,10.670,216,28,30,,
T,2023-04-07 19:34:15,6.29804271,-75.56011028,3.79,1461.971,23.713,10.820,218,28,30,,
T,2023-04-07 19:34:16,6.29795941,-75.56016790,3.79,1462.169,23.713,11.540,218,27,29,,
T,2023-04-07 19:34:17,6.29787641,-75.56023150,3.79,1463.040,23.714,11.970,218,27,29,,
T,2023-04-07 19:34:18,6.29779240,-75.56030432,3.79,1463.682,23.714,12.280,220,26,29,,
T,2023-04-07 19:34:19,6.29770196,-75.56037763,3.79,1464.301,23.715,12.510,219,28,29,,
T,2023-04-07 19:34:20,6.29761448,-75.56045181,3.79,1465.310,23.715,12.520,219,26,29,,
T,2023-04-07 19:34:21,6.29752317,-75.56052352,3.79,1465.875,23.716,12.710,219,26,29,,
T,2023-04-07 19:34:22,6.29743711,-75.56059940,3.79,1466.681,23.717,12.750,222,27,29,,
T,2023-04-07 19:34:23,6.29734299,-75.56067535,9.94,1467.112,23.717,13.120,221,27,29,,
T,2023-04-07 19:34:24,6.29724803,-75.56074952,9.94,1467.627,23.718,13.590,220,27,29,,
T,2023-04-07 19:34:25,6.29714941,-75.56082907,9.94,1467.444,23.718,13.880,220,26,29,,
T,2023-04-07 19:34:26,6.29704703,-75.56090483,9.94,1467.084,23.719,14.500,221,26,29,,
T,2023-04-07 19:34:27,6.29694655,-75.56099382,9.94,1467.258,23.720,14.710,220,27,29,,
T,2023-04-07 19:34:28,6.29683950,-75.56108579,9.94,1467.461,23.720,15.020,221,25,29,,
T,2023-04-07 19:34:29,6.29673328,-75.56117882,9.94,1467.485,23.721,15.410,222,25,29,,
T,2023-04-07 19:34:30,6.29662746,-75.56127657,9.94,1467.148,23.722,15.740,222,24,29,,
T,2023-04-07 19:34:31,6.29652518,-75.56137857,9.94,1466.355,23.723,16.020,222,25,29,,
T,2023-04-07 19:34:32,6.29642341,-75.56146987,9.94,1465.580,23.723,15.800,223,23,29,,
T,2023-04-07 19:34:33,6.29632749,-75.56156949,9.94,1465.375,23.724,15.520,226,23,29,,
T,2023-04-07 19:34:34,6.29623703,-75.56165987,9.94,1464.500,23.725,14.610,226,24,29,,
T,2023-04-07 19:34:35,6.29614442,-75.56174745,9.94,1465.396,23.725,13.160,223,24,29,,
T,2023-04-07 19:34:36,6.29606768,-75.56182216,9.94,1465.430,23.726,10.520,223,24,29,,
T,2023-04-07 19:34:37,6.29598635,-75.56189910,9.94,1466.014,23.727,11.390,223,25,29,,
T,2023-04-07 19:34:38,6.29590535,-75.56195429,9.94,1466.860,23.727,11.380,215,24,29,,
T,2023-04-07 19:34:39,6.29582797,-75.56202768,9.94,1466.993,23.728,11.740,220,25,29,,
T,2023-04-07 19:34:40,6.29574063,-75.56208948,9.94,1467.809,23.728,11.570,218,23,29,,
T,2023-04-07 19:34:41,6.29565642,-75.56216557,9.94,1468.622,23.729,12.660,224,23,29,,
T,2023-04-07 19:34:42,6.29556345,-75.56225596,9.94,1467.732,23.729,13.970,226,25,29,,
T,2023-04-07 19:34:43,6.29546968,-75.56233192,9.94,1467.781,23.730,13.430,222,26,29,,
T,2023-04-07 19:34:44,6.29538350,-75.56242091,9.94,1468.485,23.731,13.960,223,26,29,,
T,2023-04-07 19:34:45,6.29528274,-75.56250960,9.94,1468.861,23.731,14.630,223,26,29,,
T,2023-04-07 19:34:46,6.29518607,-75.56260384,9.94,1469.107,23.732,14.970,222,27,29,,
T,2023-04-07 19:34:47,6.29508772,-75.56269383,9.94,1469.123,23.733,15.110,221,27,29,,
T,2023-04-07 19:34:48,6.29498492,-75.56278747,9.94,1468.693,23.733,15.800,221,27,29,,
T,2023-04-07 19:34:49,6.29487593,-75.56288420,9.94,1467.254,23.734,16.030,222,28,29,,
T,2023-04-07 19:34:50,6.29477212,-75.56298539,9.94,1467.012,23.735,15.800,223,28,29,,
T,2023-04-07 19:34:51,6.29466897,-75.56309286,9.94,1467.182,23.736,16.140,224,28,30,,
T,2023-04-07 19:34:52,6.29456588,-75.56318671,9.94,1467.867,23.737,15.800,224,28,30,,
T,2023-04-07 19:34:53,6.29446348,-75.56328813,9.94,1468.130,23.737,15.770,222,28,30,,
T,2023-04-07 19:34:54,6.29435858,-75.56337057,9.94,1467.872,23.738,14.890,218,28,30,,
T,2023-04-07 19:34:55,6.29425606,-75.56344780,9.94,1466.973,23.739,13.600,215,28,30,,
T,2023-04-07 19:34:56,6.29417045,-75.56350259,9.94,1467.262,23.739,11.870,211,28,30,,
T,2023-04-07 19:34:57,6.29408903,-75.56354066,9.94,1466.819,23.739,9.880,208,24,30,,
T,2023-04-07 19:34:58,6.29400959,-75.56356565,9.94,1466.431,23.740,9.280,201,23,30,,
T,2023-04-07 19:34:59,6.29392813,-75.56359813,9.94,1466.436,23.740,9.770,196,23,30,,
T,2023-04-07 19:35:00,6.29383768,-75.56362666,9.94,1465.432,23.740,10.470,193,24,30,,
T,2023-04-07 19:35:01,6.29373419,-75.56365173,9.94,1464.112,23.741,11.640,192,25,29,,
T,2023-04-07 19:35:02,6.29362534,-75.56368143,9.94,1463.322,23.741,12.660,194,24,29,,
T,2023-04-07 19:35:03,6.29351166,-75.56370953,9.94,1461.324,23.742,13.440,193,25,29,,
T,2023-04-07 19:35:04,6.29339238,-75.56374220,9.96,1461.928,23.742,14.130,192,26,29,,
T,2023-04-07 19:35:05,6.29326265,-75.56376810,10.08,1461.986,23.743,14.600,192,26,29,,
T,2023-04-07 19:35:06,6.29312232,-75.56380863,10.08,1462.191,23.743,15.330,193,24,29,,
T,2023-04-07 19:35:07,6.29298278,-75.56384003,10.05,1460.968,23.744,15.950,192,23,29,,
T,2023-04-07 19:35:08,6.29283537,-75.56387298,10.07,1459.269,23.744,16.340,192,22,29,,
T,2023-04-07 19:35:09,6.29269147,-75.56390746,10.17,1458.742,23.745,16.590,193,21,30,,
T,2023-04-07 19:35:10,6.29254405,-75.56394032,9.97,1458.346,23.745,17.080,193,21,30,,
T,2023-04-07 19:35:11,6.29240152,-75.56398074,10.06,1458.040,23.746,16.350,194,21,30,,
T,2023-04-07 19:35:12,6.29225214,-75.56402159,10.07,1458.136,23.746,17.200,195,22,30,,
T,2023-04-07 19:35:13,6.29210603,-75.56406128,10.01,1459.258,23.747,16.800,195,22,30,,
T,2023-04-07 19:35:14,6.29196258,-75.56410421,10.02,1459.498,23.747,16.650,197,21,29,,
T,2023-04-07 19:35:15,6.29181711,-75.56415254,9.96,1460.035,23.748,16.530,201,22,29,,
T,2023-04-07 19:35:16,6.29168494,-75.56421075,9.94,1460.774,23.748,16.240,209,23,29,,
T,2023-04-07 19:35:17,6.29156393,-75.56429245,9.94,1461.490,23.749,15.910,214,22,29,,
T,2023-04-07 19:35:18,6.29144817,-75.56438175,9.94,1461.795,23.750,15.850,218,24,29,,
T,2023-04-07 19:35:19,6.29133718,-75.56446853,9.94,1461.715,23.751,15.460,220,23,29,,
T,2023-04-07 19:35:20,6.29122956,-75.56457115,10.36,1461.902,23.751,15.760,220,22,27,,
T,2023-04-07 19:35:21,6.29111775,-75.56465703,9.94,1463.677,23.752,15.610,220,21,27,,
T,2023-04-07 19:35:22,6.29100778,-75.56474415,9.94,1463.993,23.753,16.030,220,22,27,,
T,2023-04-07 19:35:23,6.29090023,-75.56483756,9.94,1463.317,23.753,15.940,220,21,27,,
T,2023-04-07 19:35:24,6.29079408,-75.56492615,9.94,1462.714,23.754,15.850,219,21,27,,
T,2023-04-07 19:35:25,6.29067597,-75.56502248,10.28,1462.776,23.755,16.470,220,22,27,,
T,2023-04-07 19:35:26,6.29056300,-75.56510471,10.22,1463.040,23.756,16.760,220,22,27,,
T,2023-04-07 19:35:27,6.29044219,-75.56519672,10.22,1462.759,23.756,16.630,219,21,27,,
T,2023-04-07 19:35:28,6.29031774,-75.56529125,10.25,1462.834,23.757,17.290,218,21,27,,
T,2023-04-07 19:35:29,6.29018601,-75.56537762,10.14,1463.611,23.758,17.590,219,21,28,,
T,2023-04-07 19:35:30,6.29005343,-75.56548440,10.28,1463.124,23.759,18.130,218,22,28,,
T,2023-04-07 19:35:31,6.28993120,-75.56558012,10.04,1464.039,23.760,17.480,218,22,28,,
T,2023-04-07 19:35:32,6.28981293,-75.56567992,9.94,1464.507,23.760,17.870,218,24,28,,
T,2023-04-07 19:35:33,6.28967990,-75.56578745,9.94,1463.485,23.761,17.920,218,24,27,,
T,2023-04-07 19:35:34,6.28956189,-75.56588559,9.94,1463.197,23.762,16.940,218,23,27,,
T,2023-04-07 19:35:35,6.28943904,-75.56596741,9.94,1464.955,23.763,16.090,213,23,28,,
T,2023-04-07 19:35:36,6.28931245,-75.56604158,9.94,1465.633,23.763,16.110,206,24,28,,
T,2023-04-07 19:35:37,6.28917742,-75.56610532,9.94,1467.071,23.764,16.110,200,24,28,,
T,2023-04-07 19:35:38,6.28903591,-75.56614719,9.94,1467.771,23.765,15.750,196,24,28,,
T,2023-04-07 19:35:39,6.28888874,-75.56617865,9.94,1468.587,23.765,15.850,190,24,28,,
T,2023-04-07 19:35:40,6.28875061,-75.56620050,9.94,1469.352,23.765,15.250,188,25,28,,
T,2023-04-07 19:35:41,6.28860969,-75.56622154,9.94,1469.783,23.766,15.030,189,25,29,,
T,2023-04-07 19:35:42,6.28847612,-75.56623817,9.94,1470.868,23.766,14.810,188,24,29,,
T,2023-04-07 19:35:43,6.28834308,-75.56625556,9.94,1471.425,23.767,14.580,187,24,29,,
T,2023-04-07 19:35:44,6.28822108,-75.56626847,9.94,1470.901,23.767,13.790,187,23,29,,
T,2023-04-07 19:35:45,6.28809983,-75.56628569,9.94,1471.222,23.767,13.230,188,23,29,,
T,2023-04-07 19:35:46,6.28798632,-75.56630183,9.94,1471.358,23.768,12.850,188,24,28,,
T,2023-04-07 19:35:47,6.28787623,-75.56631817,9.94,1472.579,23.768,12.380,186,24,27,,
T,2023-04-07 19:35:48,6.28776577,-75.56633418,9.94,1472.924,23.768,12.460,188,25,27,,
T,2023-04-07 19:35:49,6.28765253,-75.56635073,9.94,1473.393,23.769,12.660,192,24,27,,
T,2023-04-07 19:35:50,6.28753679,-75.56637977,9.94,1473.075,23.769,13.000,196,24,28,,
T,2023-04-07 19:35:51,6.28742658,-75.56641668,9.94,1472.623,23.770,13.160,203,24,29,,
T,2023-04-07 19:35:52,6.28731666,-75.56646795,9.94,1472.577,23.770,13.420,210,28,29,,
T,2023-04-07 19:35:53,6.28721468,-75.56654055,9.94,1472.450,23.771,13.520,218,28,29,,
T,2023-04-07 19:35:54,6.28712153,-75.56662106,9.94,1472.172,23.771,13.730,223,28,29,,
T,2023-04-07 19:35:55,6.28703145,-75.56670953,9.94,1472.049,23.772,14.030,225,27,29,,
T,2023-04-07 19:35:56,6.28693559,-75.56680118,9.94,1471.481,23.773,14.480,225,27,29,,
T,2023-04-07 19:35:57,6.28684479,-75.56690239,9.94,1471.531,23.773,14.730,224,27,29,,
T,2023-04-07 19:35:58,6.28673769,-75.56700189,9.94,1471.973,23.774,15.870,223,28,29,,
T,2023-04-07 19:35:59,6.28663238,-75.56709352,9.94,1471.118,23.775,15.390,221,28,30,,
T,2023-04-07 19:36:00,6.28652012,-75.56719104,9.94,1470.991,23.776,16.040,221,29,30,,
T,2023-04-07 19:36:01,6.28640470,-75.56729042,9.94,1470.833,23.777,16.640,222,28,30,,
T,2023-04-07 19:36:02,6.28629246,-75.56739348,9.94,1470.427,23.777,17.100,223,29,30,,
T,2023-04-07 19:36:03,6.28618975,-75.56750017,9.94,1470.940,23.778,17.450,223,29,30,,
T,2023-04-07 19:36:04,6.28606572,-75.56761305,9.94,1470.741,23.779,17.760,222,28,30,,
T,2023-04-07 19:36:05,6.28593786,-75.56771523,9.94,1470.893,23.780,18.120,222,28,30,,
T,2023-04-07 19:36:06,6.28581140,-75.56782451,9.94,1471.147,23.781,18.450,221,28,30,,
T,2023-04-07 19:36:07,6.28567774,-75.56793080,9.94,1470.994,23.782,18.610,220,28,30,,
T,2023-04-07 19:36:08,6.28554439,-75.56802845,9.94,1470.792,23.782,18.490,216,28,30,,
T,2023-04-07 19:36:09,6.28540355,-75.56812482,9.94,1471.253,23.783,18.410,211,28,29,,
T,2023-04-07 19:36:10,6.28525708,-75.56820414,9.94,1471.416,23.784,18.510,207,28,29,,
T,2023-04-07 19:36:11,6.28510826,-75.56828631,9.94,1471.313,23.785,18.650,207,28,30,,
T,2023-04-07 19:36:12,6.28495305,-75.56835603,9.94,1471.197,23.785,18.740,206,29,30,,
T,2023-04-07 19:36:13,6.28480877,-75.56843632,9.94,1471.155,23.786,18.250,207,29,30,,
T,2023-04-07 19:36:14,6.28467681,-75.56851222,9.94,1471.221,23.787,16.910,208,29,30,,
T,2023-04-07 19:36:15,6.28454845,-75.56857911,9.94,1470.327,23.787,16.100,207,28,30,,
T,2023-04-07 19:36:16,6.28441539,-75.56865212,9.94,1470.332,23.788,16.260,208,28,30,,
T,2023-04-07 19:36:17,6.28427856,-75.56872291,9.94,1469.226,23.789,16.700,208,27,30,,
T,2023-04-07 19:36:18,6.28413798,-75.56878958,9.94,1467.789,23.789,17.120,207,27,30,,
T,2023-04-07 19:36:19,6.28400184,-75.56885812,9.94,1466.367,23.790,16.870,206,26,29,,
T,2023-04-07 19:36:20,6.28386624,-75.56891954,9.94,1465.674,23.791,16.450,202,24,29,,
T,2023-04-07 19:36:21,6.28372348,-75.56897825,9.94,1464.709,23.791,17.040,202,26,28,,
T,2023-04-07 19:36:22,6.28357181,-75.56902369,9.94,1464.133,23.792,17.610,196,25,29,,
T,2023-04-07 19:36:23,6.28341518,-75.56906263,9.94,1463.463,23.793,17.930,189,26,29,,
T,2023-04-07 19:36:24,6.28324993,-75.56907442,9.94,1462.840,23.793,18.270,183,26,30,,
T,2023-04-07 19:36:25,6.28308147,-75.56908450,9.94,1462.912,23.793,18.660,180,28,30,,
T,2023-04-07 19:36:26,6.28291161,-75.56908167,9.94,1462.720,23.794,18.830,180,28,30,,
T,2023-04-07 19:36:27,6.28274453,-75.56908183,9.94,1462.781,23.794,18.870,179,29,30,,
T,2023-04-07 19:36:28,6.28257615,-75.56907693,9.94,1463.661,23.795,18.850,179,28,29,,
T,2023-04-07 19:36:29,6.28240648,-75.56907635,9.94,1464.166,23.795,18.780,179,27,30,,
T,2023-04-07 19:36:30,6.28223941,-75.56907445,9.94,1464.128,23.795,18.690,180,27,30,,
T,2023-04-07 19:36:31,6.28207060,-75.56906989,9.94,1465.010,23.796,18.690,180,28,30,,
T,2023-04-07 19:36:32,6.28190337,-75.56907209,9.94,1466.421,23.796,18.720,181,28,30,,
T,2023-04-07 19:36:33,6.28173352,-75.56908385,9.94,1466.901,23.797,18.830,183,28,30,,
T,2023-04-07 19:36:34,6.28156407,-75.56909632,9.94,1467.140,23.797,18.960,186,28,30,,
T,2023-04-07 19:36:35,6.28139177,-75.56912160,9.94,1467.164,23.798,19.140,188,29,30,,
T,2023-04-07 19:36:36,6.28121887,-75.56914464,9.94,1467.104,23.798,19.260,188,28,30,,
T,2023-04-07 19:36:37,6.28104587,-75.56917024,9.94,1467.158,23.799,19.410,190,27,29,,
T,2023-04-07 19:36:38,6.28087086,-75.56920274,9.94,1467.146,23.799,19.600,192,27,29,,
T,2023-04-07 19:36:39,6.28069772,-75.56923933,9.94,1467.060,23.800,19.850,193,27,29,,
T,2023-04-07 19:36:40,6.28052273,-75.56927840,9.94,1466.897,23.800,19.990,193,26,28,,
T,2023-04-07 19:36:41,6.28034109,-75.56931634,9.94,1467.030,23.801,20.250,193,26,29,,
T,2023-04-07 19:36:42,6.28015694,-75.56935528,9.94,1467.226,23.802,20.430,193,28,30,,
T,2023-04-07 19:36:43,6.27997212,-75.56939718,9.94,1466.852,23.802,20.610,194,29,30,,
T,2023-04-07 19:36:44,6.27979618,-75.56943768,9.94,1466.222,23.803,20.340,193,29,30,,
T,2023-04-07 19:36:45,6.27962018,-75.56948221,9.94,1465.715,23.803,20.010,194,29,30,,
T,2023-04-07 19:36:46,6.27944163,-75.56952250,9.94,1465.411,23.804,20.010,193,29,30,,
T,2023-04-07 19:36:47,6.27926366,-75.56956171,9.94,1465.282,23.805,20.170,192,29,30,,
T,2023-04-07 19:36:48,6.27908205,-75.56959545,9.94,1465.258,23.805,20.320,192,28,30,,
T,2023-04-07 19:36:49,6.27890110,-75.56963374,9.94,1465.737,23.806,20.490,193,29,30,,
T,2023-04-07 19:36:50,6.27871936,-75.56967577,9.94,1465.975,23.807,20.270,193,29,30,,
T,2023-04-07 19:36:51,6.27854716,-75.56971492,9.94,1465.750,23.807,19.410,193,29,30,,
T,2023-04-07 19:36:52,6.27837840,-75.56975352,9.94,1465.475,23.808,19.130,193,29,30,,
T,2023-04-07 19:36:53,6.27821745,-75.56979164,9.94,1465.893,23.808,18.290,193,28,30,,
T,2023-04-07 19:36:54,6.27806055,-75.56982826,9.94,1465.847,23.809,17.570,199,29,30,,
T,2023-04-07 19:36:55,6.27791310,-75.56986445,9.94,1466.325,23.809,16.700,191,29,30,,
T,2023-04-07 19:36:56,6.27776406,-75.56990238,9.94,1466.138,23.810,16.800,191,29,30,,
T,2023-04-07 19:36:57,6.27761508,-75.56993307,9.94,1466.637,23.810,17.120,190,29,30,,
T,2023-04-07 19:36:58,6.27745981,-75.56996416,9.94,1466.860,23.811,17.520,191,28,29,,
T,2023-04-07 19:36:59,6.27730346,-75.57000534,9.94,1466.630,23.811,17.930,192,27,29,,
T,2023-04-07 19:37:00,6.27714693,-75.57003867,9.94,1466.202,23.812,18.190,192,28,29,,
T,2023-04-07 19:37:01,6.27698397,-75.57007434,9.94,1465.887,23.813,18.520,192,28,29,,
T,2023-04-07 19:37:02,6.27680961,-75.57010900,9.94,1465.635,23.813,18.800,192,28,29,,
T,2023-04-07 19:37:03,6.27663996,-75.57014184,9.94,1465.325,23.814,19.050,193,28,29,,
T,2023-04-07 19:37:04,6.27647187,-75.57018497,9.94,1465.989,23.814,19.250,194,28,29,,
T,2023-04-07 19:37:05,6.27630111,-75.57022377,9.94,1466.189,23.815,19.420,193,28,29,,
T,2023-04-07 19:37:06,6.27612758,-75.57026353,9.94,1466.148,23.816,19.760,193,27,29,,
T,2023-04-07 19:37:07,6.27595262,-75.57030033,9.94,1466.175,23.816,19.860,193,27,29,,
T,2023-04-07 19:37:08,6.27577909,-75.57034175,9.94,1466.602,23.817,19.850,192,27,30,,
T,2023-04-07 19:37:09,6.27560455,-75.57037994,9.94,1466.818,23.817,19.920,193,28,30,,
T,2023-04-07 19:37:10,6.27542612,-75.57041802,9.94,1467.038,23.818,19.850,193,29,30,,
T,2023-04-07 19:37:11,6.27525949,-75.57045479,9.94,1467.495,23.818,18.990,193,29,30,,
T,2023-04-07 19:37:12,6.27510004,-75.57048893,9.94,1467.827,23.819,18.010,193,29,30,,
T,2023-04-07 19:37:13,6.27494984,-75.57051780,9.94,1467.209,23.820,16.840,192,29,30,,
T,2023-04-07 19:37:14,6.27480482,-75.57054502,9.94,1466.745,23.820,15.770,191,29,30,,
T,2023-04-07 19:37:15,6.27467092,-75.57056654,9.94,1466.674,23.820,15.010,191,29,30,,
T,2023-04-07 19:37:16,6.27453850,-75.57058988,9.94,1467.018,23.821,14.950,190,29,30,,
T,2023-04-07 19:37:17,6.27440150,-75.57061836,9.94,1467.291,23.821,15.340,193,29,30,,
T,2023-04-07 19:37:18,6.27426763,-75.57065056,9.94,1467.256,23.822,15.700,193,28,30,,
T,2023-04-07 19:37:19,6.27412003,-75.57068905,9.94,1466.920,23.822,16.540,192,27,30,,
T,2023-04-07 19:37:20,6.27397273,-75.57072345,9.94,1466.606,23.823,16.780,193,26,30,,
T,2023-04-07 19:37:21,6.27381820,-75.57076271,9.94,1466.793,23.823,17.310,194,25,30,,
T,2023-04-07 19:37:22,6.27365972,-75.57079691,9.94,1466.591,23.824,17.760,194,25,29,,
T,2023-04-07 19:37:23,6.27349618,-75.57083565,9.94,1466.486,23.825,18.310,193,25,29,,
T,2023-04-07 19:37:24,6.27333287,-75.57086952,9.94,1466.742,23.825,18.430,192,25,29,,
T,2023-04-07 19:37:25,6.27315300,-75.57090820,9.94,1466.635,23.826,19.100,192,24,29,,
T,2023-04-07 19:37:26,6.27298072,-75.57094137,9.94,1466.244,23.826,19.520,192,25,29,,
T,2023-04-07 19:37:27,6.27280694,-75.57098382,9.94,1466.326,23.827,19.870,192,26,29,,
T,2023-04-07 19:37:28,6.27263100,-75.57102391,9.94,1466.688,23.827,19.890,192,26,29,,
T,2023-04-07 19:37:29,6.27245036,-75.57107223,9.94,1466.588,23.828,20.360,193,26,29,,
T,2023-04-07 19:37:30,6.27226161,-75.57112132,10.09,1466.119,23.829,20.740,194,25,29,,
T,2023-04-07 19:37:31,6.27208476,-75.57116550,9.96,1466.103,23.829,20.210,194,24,29,,
T,2023-04-07 19:37:32,6.27191168,-75.57119578,10.01,1465.925,23.830,20.050,193,23,29,,
T,2023-04-07 19:37:33,6.27173500,-75.57122364,9.94,1465.922,23.831,20.130,193,22,29,,
T,2023-04-07 19:37:34,6.27156227,-75.57125121,9.94,1465.372,23.831,20.270,192,20,29,,
T,2023-04-07 19:37:35,6.27139168,-75.57127551,9.94,1466.134,23.832,20.150,192,20,29,,
T,2023-04-07 19:37:36,6.27120421,-75.57132546,9.94,1466.183,23.832,20.580,192,22,29,,
T,2023-04-07 19:37:37,6.27102495,-75.57136050,9.94,1466.369,23.833,20.530,192,23,29,,
T,2023-04-07 19:37:38,6.27084298,-75.57140445,9.94,1465.888,23.834,20.500,192,23,29,,
T,2023-04-07 19:37:39,6.27065583,-75.57144504,9.94,1465.803,23.834,20.790,192,25,29,,
T,2023-04-07 19:37:40,6.27048273,-75.57149155,9.94,1464.080,23.835,20.600,193,26,29,,
T,2023-04-07 19:37:41,6.27029933,-75.57153838,9.94,1463.581,23.835,20.640,194,26,29,,
T,2023-04-07 19:37:42,6.27011937,-75.57158309,9.94,1463.542,23.836,20.810,194,27,29,,
T,2023-04-07 19:37:43,6.26993530,-75.57162595,9.94,1463.735,23.837,20.860,194,26,30,,
T,2023-04-07 19:37:44,6.26974785,-75.57166217,9.94,1464.021,23.837,20.430,191,28,30,,
T,2023-04-07 19:37:45,6.26956231,-75.57169728,9.94,1464.378,23.838,20.370,192,29,30,,
T,2023-04-07 19:37:46,6.26937973,-75.57173535,9.94,1465.132,23.839,20.500,192,29,30,,
T,2023-04-07 19:37:47,6.26919533,-75.57177168,9.94,1465.932,23.839,20.660,192,28,30,,
T,2023-04-07 19:37:48,6.26900693,-75.57181183,9.94,1465.605,23.840,20.840,192,28,30,,
T,2023-04-07 19:37:49,6.26881645,-75.57185312,9.94,1464.912,23.841,21.180,194,27,30,,
T,2023-04-07 19:37:50,6.26863103,-75.57188721,9.94,1464.870,23.841,21.230,193,29,30,,
T,2023-04-07 19:37:51,6.26844598,-75.57193628,9.94,1464.560,23.842,21.200,195,26,30,,
T,2023-04-07 19:37:52,6.26826151,-75.57198329,9.94,1464.949,23.842,20.990,193,26,30,,
T,2023-04-07 19:37:53,6.26808112,-75.57202548,9.94,1465.852,23.843,20.660,193,27,30,,
T,2023-04-07 19:37:54,6.26789720,-75.57206573,9.94,1466.125,23.844,20.450,193,28,30,,
T,2023-04-07 19:37:55,6.26772154,-75.57210457,9.94,1466.102,23.844,20.220,192,28,30,,
T,2023-04-07 19:37:56,6.26754472,-75.57214263,9.94,1466.399,23.845,19.810,193,28,30,,
T,2023-04-07 19:37:57,6.26737961,-75.57218269,9.94,1466.656,23.846,18.680,193,29,30,,
T,2023-04-07 19:37:58,6.26722586,-75.57221752,9.94,1467.215,23.846,17.100,192,29,30,,
T,2023-04-07 19:37:59,6.26709223,-75.57224888,9.94,1467.458,23.847,15.320,195,29,30,,
T,2023-04-07 19:38:00,6.26697693,-75.57228192,9.94,1466.812,23.847,14.030,202,29,30,,
T,2023-04-07 19:38:01,6.26686441,-75.57234486,9.94,1466.863,23.848,13.870,218,29,30,,
T,2023-04-07 19:38:02,6.26676899,-75.57243521,9.94,1467.260,23.848,14.300,227,29,30,,
T,2023-04-07 19:38:03,6.26668207,-75.57253869,9.94,1468.015,23.849,14.910,229,29,30,,
T,2023-04-07 19:38:04,6.26659864,-75.57264952,9.94,1468.134,23.850,15.320,233,29,30,,
T,2023-04-07 19:38:05,6.26651686,-75.57276775,9.94,1467.763,23.851,15.760,233,29,30,,
T,2023-04-07 19:38:06,6.26643001,-75.57288491,9.94,1468.531,23.851,16.480,233,29,30,,
T,2023-04-07 19:38:07,6.26635106,-75.57300906,9.94,1468.713,23.852,16.630,237,28,30,,
T,2023-04-07 19:38:08,6.26627891,-75.57314007,9.94,1468.734,23.853,16.980,243,26,30,,
T,2023-04-07 19:38:09,6.26620420,-75.57327080,9.94,1469.808,23.854,16.480,243,25,30,,
T,2023-04-07 19:38:10,6.26613581,-75.57339216,9.94,1468.355,23.855,15.640,241,28,30,,
T,2023-04-07 19:38:11,6.26607159,-75.57351718,9.94,1468.655,23.855,15.200,242,28,30,,
T,2023-04-07 19:38:12,6.26599404,-75.57363829,9.94,1470.091,23.856,15.340,238,28,30,,
T,2023-04-07 19:38:13,6.26592748,-75.57374952,9.94,1470.883,23.857,13.820,240,28,30,,
T,2023-04-07 19:38:14,6.26587108,-75.57384283,9.94,1470.847,23.858,11.220,241,28,30,,
T,2023-04-07 19:38:15,6.26582119,-75.57392892,9.94,1471.768,23.858,10.850,245,27,30,,
T,2023-04-07 19:38:16,6.26579599,-75.57402711,9.94,1473.795,23.859,11.120,258,27,30,,
T,2023-04-07 19:38:17,6.26578930,-75.57413119,9.94,1473.256,23.859,12.320,272,29,30,,
T,2023-04-07 19:38:18,6.26579523,-75.57423742,9.94,1473.925,23.860,12.090,276,29,30,,
T,2023-04-07 19:38:19,6.26581789,-75.57434452,9.94,1474.283,23.860,12.130,281,29,30,,
T,2023-04-07 19:38:20,6.26583296,-75.57444714,9.94,1474.204,23.861,11.240,277,29,30,,
T,2023-04-07 19:38:21,6.26583920,-75.57453406,9.94,1474.531,23.861,10.590,270,29,30,,
T,2023-04-07 19:38:22,6.26583805,-75.57462103,9.94,1474.592,23.862,9.550,257,29,30,,
T,2023-04-07 19:38:23,6.26581377,-75.57468688,9.94,1474.391,23.862,7.420,251,28,30,,
T,2023-04-07 19:38:24,6.26580050,-75.57471390,9.94,1474.825,23.862,4.120,247,27,30,,
T,2023-04-07 19:38:25,6.26579104,-75.57473414,9.94,1475.043,23.862,2.490,247,27,30,,
T,2023-04-07 19:38:26,6.26578172,-75.57474797,9.94,1474.610,23.863,1.830,246,26,30,,
T,2023-04-07 19:38:27,6.26577913,-75.57475811,9.94,1474.898,23.863,1.010,234,24,30,,
T,2023-04-07 19:38:28,6.26577734,-75.57475735,10.06,1474.906,23.863,0.000,,22,30,,
T,2023-04-07 19:38:29,6.26577773,-75.57475747,10.10,1475.029,23.863,0.000,,20,30,,
T,2023-04-07 19:38:30,6.26577753,-75.57475718,10.16,1475.089,23.863,0.000,,17,30,,
T,2023-04-07 19:38:31,6.26577573,-75.57475610,10.18,1475.151,23.863,0.000,,14,30,,
T,2023-04-07 19:38:32,6.26577852,-75.57475613,10.21,1474.906,23.863,0.000,,13,30,,
T,2023-04-07 19:38:33,6.26577958,-75.57475598,10.35,1475.013,23.863,0.000,,14,30,,
T,2023-04-07 19:38:34,6.26577821,-75.57475611,10.58,1475.116,23.863,0.000,,15,30,,
T,2023-04-07 19:38:35,6.26578036,-75.57475602,10.59,1475.140,23.863,0.000,,15,30,,
T,2023-04-07 19:38:36,6.26578129,-75.57475621,10.60,1475.024,23.863,0.000,,15,30,,
T,2023-04-07 19:38:37,6.26578268,-75.57475606,10.53,1474.953,23.863,0.000,,17,30,,
T,2023-04-07 19:38:38,6.26578219,-75.57475632,10.56,1475.091,23.863,0.000,,18,30,,
T,2023-04-07 19:38:39,6.26578185,-75.57475662,10.52,1475.092,23.863,0.000,,18,30,,
T,2023-04-07 19:38:40,6.26578125,-75.57475650,10.56,1475.148,23.863,0.000,,17,30,,
T,2023-04-07 19:38:41,6.26578158,-75.57475598,10.52,1475.132,23.863,0.000,,17,30,,
T,2023-04-07 19:38:42,6.26578122,-75.57475583,10.58,1475.160,23.863,0.000,,17,30,,
T,2023-04-07 19:38:43,6.26578103,-75.57475576,10.63,1475.178,23.863,0.000,,15,30,,
T,2023-04-07 19:38:44,6.26578102,-75.57475565,10.69,1475.183,23.863,0.000,,14,28,,
T,2023-04-07 19:38:45,6.26578113,-75.57475567,10.73,1475.177,23.863,0.000,,15,26,,
T,2023-04-07 19:38:46,6.26578109,-75.57475562,10.85,1475.183,23.863,0.000,,15,26,,
T,2023-04-07 19:38:47,6.26578137,-75.57475571,10.85,1475.161,23.863,0.000,,15,24,,
T,2023-04-07 19:38:48,6.26578139,-75.57475562,10.96,1475.152,23.863,0.000,,14,23,,
T,2023-04-07 19:38:49,6.26578140,-75.57475559,10.97,1475.155,23.863,0.000,,14,22,,
T,2023-04-07 19:38:50,6.26578140,-75.57475555,11.03,1475.159,23.863,0.000,,15,22,,
T,2023-04-07 19:38:51,6.26578147,-75.57475526,11.05,1475.169,23.863,0.000,,14,21,,
T,2023-04-07 19:38:52,6.26578135,-75.57475516,11.06,1475.183,23.863,0.000,,15,20,,
T,2023-04-07 19:38:53,6.26576018,-75.57478509,11.03,1476.283,23.863,3.910,228,16,20,,
T,2023-04-07 19:38:54,6.26573892,-75.57481835,11.20,1478.237,23.863,4.910,243,16,20,,
T,2023-04-07 19:38:55,6.26571095,-75.57485039,11.42,1478.772,23.863,5.130,232,15,19,,
T,2023-04-07 19:38:56,6.26566991,-75.57489226,12.19,1478.846,23.864,6.110,227,13,19,,
T,2023-04-07 19:38:57,6.26562827,-75.57493670,13.10,1478.885,23.864,6.410,227,13,19,,
T,2023-04-07 19:38:58,6.26555902,-75.57509315,11.48,1477.067,23.865,9.100,222,12,22,,
T,2023-04-07 19:38:59,6.26548604,-75.57517286,11.10,1475.709,23.865,9.260,199,11,24,,
T,2023-04-07 19:39:00,6.26540252,-75.57520093,11.39,1476.076,23.866,8.980,187,13,25,,
T,2023-04-07 19:39:01,6.26527092,-75.57519343,11.16,1475.782,23.866,10.500,182,15,27,,
T,2023-04-07 19:39:02,6.26515731,-75.57519784,11.01,1474.959,23.866,11.560,181,21,27,,
T,2023-04-07 19:39:03,6.26504249,-75.57518951,10.85,1474.671,23.867,12.800,180,20,28,,
T,2023-04-07 19:39:04,6.26489864,-75.57515253,10.36,1473.466,23.867,13.630,178,23,28,,
T,2023-04-07 19:39:05,6.26477471,-75.57513580,10.13,1474.210,23.867,14.100,178,24,28,,
T,2023-04-07 19:39:06,6.26463464,-75.57512228,9.98,1473.151,23.867,15.210,178,21,28,,
T,2023-04-07 19:39:07,6.26450045,-75.57511969,9.94,1471.658,23.867,15.620,178,21,28,,
T,2023-04-07 19:39:08,6.26435282,-75.57510991,9.94,1471.090,23.868,16.240,176,23,28,,
T,2023-04-07 19:39:09,6.26419942,-75.57510226,9.94,1471.519,23.868,16.870,175,23,28,,
T,2023-04-07 19:39:10,6.26404655,-75.57510052,9.94,1470.766,23.868,17.050,176,23,28,,
T,2023-04-07 19:39:11,6.26388900,-75.57509342,9.94,1471.539,23.869,17.410,177,22,28,,
T,2023-04-07 19:39:12,6.26373295,-75.57508657,9.94,1472.069,23.869,17.530,180,23,28,,
T,2023-04-07 19:39:13,6.26356068,-75.57509465,9.94,1472.255,23.869,18.290,181,23,28,,
T,2023-04-07 19:39:14,6.26339123,-75.57509537,9.94,1472.531,23.870,18.420,179,21,28,,
T,2023-04-07 19:39:15,6.26322249,-75.57509195,9.94,1473.237,23.870,18.640,178,21,28,,
T,2023-04-07 19:39:16,6.26305265,-75.57508541,9.94,1473.074,23.871,18.890,177,21,28,,
T,2023-04-07 19:39:17,6.26288124,-75.57508257,9.94,1473.662,23.871,19.030,177,22,29,,
T,2023-04-07 19:39:18,6.26270379,-75.57507659,9.94,1474.086,23.871,19.280,177,23,29,,
T,2023-04-07 19:39:19,6.26252477,-75.57507198,9.94,1473.365,23.872,19.520,177,23,29,,
T,2023-04-07 19:39:20,6.26235121,-75.57506908,9.94,1473.188,23.872,19.400,179,25,29,,
T,2023-04-07 19:39:21,6.26216872,-75.57507173,9.94,1473.454,23.872,20.090,178,25,28,,
T,2023-04-07 19:39:22,6.26198738,-75.57506965,9.94,1473.208,23.873,20.230,179,25,27,,
T,2023-04-07 19:39:23,6.26179815,-75.57507237,9.94,1473.119,23.873,20.420,179,24,27,,
T,2023-04-07 19:39:24,6.26161015,-75.57506455,9.94,1473.531,23.874,20.780,179,24,27,,
T,2023-04-07 19:39:25,6.26141753,-75.57507828,9.94,1473.201,23.874,21.180,180,24,27,,
T,2023-04-07 19:39:26,6.26123937,-75.57509370,9.94,1473.369,23.875,20.560,181,22,27,,
T,2023-04-07 19:39:27,6.26105060,-75.57509566,9.94,1473.704,23.875,20.710,181,21,27,,
T,2023-04-07 19:39:28,6.26086586,-75.57509782,9.94,1474.221,23.876,20.140,180,22,27,,
T,2023-04-07 19:39:29,6.26069477,-75.57510315,9.94,1473.825,23.876,19.140,181,23,27,,
T,2023-04-07 19:39:30,6.26052934,-75.57510081,9.94,1474.373,23.876,18.260,180,23,27,,
T,2023-04-07 19:39:31,6.26037468,-75.57510236,9.94,1474.555,23.877,17.410,181,23,27,,
T,2023-04-07 19:39:32,6.26022131,-75.57511373,9.94,1474.554,23.877,16.700,183,24,27,,
T,2023-04-07 19:39:33,6.26008159,-75.57512475,9.94,1475.122,23.878,15.890,189,23,29,,
T,2023-04-07 19:39:34,6.25994076,-75.57516722,9.94,1475.109,23.878,16.160,199,23,30,,
T,2023-04-07 19:39:35,6.25981571,-75.57523328,9.94,1475.704,23.879,15.530,212,25,30,,
T,2023-04-07 19:39:36,6.25971398,-75.57533796,9.94,1475.292,23.879,15.300,227,27,30,,
T,2023-04-07 19:39:37,6.25964755,-75.57546173,9.94,1476.130,23.880,15.540,241,28,30,,
T,2023-04-07 19:39:38,6.25959524,-75.57559027,9.94,1476.218,23.881,15.610,247,28,30,,
T,2023-04-07 19:39:39,6.25955691,-75.57573028,9.94,1476.023,23.882,16.390,253,28,30,,
T,2023-04-07 19:39:40,6.25951866,-75.57587851,9.94,1475.757,23.883,17.300,256,29,30,,
T,2023-04-07 19:39:41,6.25948082,-75.57602916,9.94,1476.490,23.884,17.490,257,29,30,,
T,2023-04-07 19:39:42,6.25945511,-75.57618452,9.94,1477.024,23.884,17.640,260,27,30,,
T,2023-04-07 19:39:43,6.25943515,-75.57634298,9.94,1478.160,23.885,17.490,264,27,30,,
T,2023-04-07 19:39:44,6.25942558,-75.57649971,9.94,1478.113,23.886,17.590,267,27,30,,
T,2023-04-07 19:39:45,6.25942216,-75.57666069,9.94,1478.736,23.887,17.770,270,27,30,,
T,2023-04-07 19:39:46,6.25942558,-75.57681689,9.94,1479.722,23.888,17.210,271,26,30,,
T,2023-04-07 19:39:47,6.25941991,-75.57697553,9.94,1480.258,23.889,17.600,268,26,30,,
T,2023-04-07 19:39:48,6.25941627,-75.57713993,9.94,1480.681,23.890,17.970,268,27,30,,
T,2023-04-07 19:39:49,6.25941921,-75.57730945,9.94,1480.766,23.890,18.420,268,27,30,,
T,2023-04-07 19:39:50,6.25941139,-75.57747707,9.94,1480.406,23.891,18.450,268,27,30,,
T,2023-04-07 19:39:51,6.25940539,-75.57764398,9.94,1481.917,23.892,18.230,269,27,30,,
T,2023-04-07 19:39:52,6.25940077,-75.57780692,9.94,1482.694,23.893,18.210,282,27,30,,
T,2023-04-07 19:39:53,6.25938877,-75.57797013,9.94,1482.314,23.894,18.430,275,27,30,,
T,2023-04-07 19:39:54,6.25936379,-75.57812168,9.94,1483.264,23.895,16.290,262,27,30,,
T,2023-04-07 19:39:55,6.25933440,-75.57826061,3.79,1483.861,23.896,15.390,257,27,30,,
T,2023-04-07 19:39:56,6.25928585,-75.57839832,3.79,1484.212,23.896,15.580,248,25,29,,
T,2023-04-07 19:39:57,6.25922359,-75.57851958,3.79,1485.157,23.897,14.760,238,25,29,,
T,2023-04-07 19:39:58,6.25915084,-75.57863515,3.79,1484.329,23.898,14.890,238,27,30,,
T,2023-04-07 19:39:59,6.25907878,-75.57873997,3.79,1484.717,23.899,14.040,235,26,30,,
T,2023-04-07 19:40:00,6.25901096,-75.57885208,3.79,1484.820,23.899,14.130,237,27,31,,
T,2023-04-07 19:40:01,6.25895027,-75.57896439,3.79,1484.745,23.900,13.890,244,28,32,,
T,2023-04-07 19:40:02,6.25890508,-75.57907793,3.79,1484.793,23.901,13.500,253,30,32,,
T,2023-04-07 19:40:03,6.25887692,-75.57919637,3.79,1484.094,23.901,13.240,261,31,32,,
T,2023-04-07 19:40:04,6.25885481,-75.57932027,3.79,1483.245,23.902,14.070,266,31,32,,
T,2023-04-07 19:40:05,6.25885595,-75.57944327,3.79,1483.061,23.903,13.700,274,31,32,,
T,2023-04-07 19:40:06,6.25887385,-75.57957271,3.79,1482.338,23.903,14.900,281,29,32,,
T,2023-04-07 19:40:07,6.25889869,-75.57970507,3.79,1482.030,23.904,15.280,283,29,32,,
T,2023-04-07 19:40:08,6.25892635,-75.57983086,3.79,1482.148,23.905,14.590,285,28,32,,
T,2023-04-07 19:40:09,6.25896227,-75.57995770,3.79,1481.333,23.905,14.500,287,27,32,,
T,2023-04-07 19:40:10,6.25899593,-75.58008970,3.79,1482.849,23.906,15.560,284,24,32,,
T,2023-04-07 19:40:11,6.25903386,-75.58022044,3.79,1482.916,23.906,14.950,287,24,32,,
T,2023-04-07 19:40:12,6.25906452,-75.58036583,3.79,1482.890,23.907,15.630,286,23,32,,
T,2023-04-07 19:40:13,6.25910511,-75.58050879,3.79,1484.548,23.908,15.930,286,26,32,,
T,2023-04-07 19:40:14,6.25914099,-75.58065126,3.79,1484.382,23.908,16.070,285,26,32,,
T,2023-04-07 19:40:15,6.25917942,-75.58079693,3.79,1485.210,23.909,16.280,287,26,32,,
T,2023-04-07 19:40:16,6.25921952,-75.58093516,3.79,1485.140,23.910,16.300,287,26,32,,
T,2023-04-07 19:40:17,6.25926037,-75.58108218,3.79,1485.679,23.910,16.770,286,25,32,,
T,2023-04-07 19:40:18,6.25929804,-75.58122553,3.79,1485.762,23.911,16.110,286,25,32,,
T,2023-04-07 19:40:19,6.25933586,-75.58136820,3.79,1487.439,23.912,16.370,287,25,32,,
T,2023-04-07 19:40:20,6.25937913,-75.58151084,3.79,1488.040,23.912,16.340,286,25,32,,
T,2023-04-07 19:40:21,6.25942469,-75.58164860,3.79,1487.628,23.913,16.300,287,27,32,,
T,2023-04-07 19:40:22,6.25947175,-75.58179068,3.79,1487.663,23.914,16.560,291,27,32,,
T,2023-04-07 19:40:23,6.25954253,-75.58191992,3.79,1486.826,23.914,16.640,299,29,32,,
T,2023-04-07 19:40:24,6.25962228,-75.58204912,3.79,1486.160,23.915,16.960,304,29,32,,
T,2023-04-07 19:40:25,6.25971230,-75.58218071,3.79,1485.880,23.915,17.340,305,28,32,,
T,2023-04-07 19:40:26,6.25980277,-75.58231503,3.79,1485.787,23.916,17.720,305,28,32,,
T,2023-04-07 19:40:27,6.25989593,-75.58245448,3.79,1485.239,23.916,17.930,304,28,31,,
T,2023-04-07 19:40:28,6.25998561,-75.58259329,3.79,1485.906,23.917,18.130,304,26,31,,
T,2023-04-07 19:40:29,6.26007721,-75.58273275,3.79,1485.951,23.917,18.320,304,27,31,,
T,2023-04-07 19:40:30,6.26017250,-75.58287575,3.79,1487.545,23.918,18.420,304,27,31,,
T,2023-04-07 19:40:31,6.26026854,-75.58301567,3.79,1488.516,23.918,18.200,305,27,31,,
T,2023-04-07 19:40:32,6.26036947,-75.58314395,3.79,1488.600,23.919,17.850,311,27,31,,
T,2023-04-07 19:40:33,6.26048682,-75.58325340,3.79,1488.816,23.919,17.620,319,27,30,,
T,2023-04-07 19:40:34,6.26062030,-75.58334149,3.79,1489.105,23.919,17.360,328,29,31,,
T,2023-04-07 19:40:35,6.26076278,-75.58341382,3.79,1488.905,23.919,17.390,335,30,31,,
T,2023-04-07 19:40:36,6.26091281,-75.58347306,3.79,1488.611,23.919,17.410,337,29,31,,
T,2023-04-07 19:40:37,6.26106065,-75.58352317,3.79,1488.345,23.919,16.660,340,28,31,,
T,2023-04-07 19:40:38,6.26119117,-75.58357194,3.79,1488.668,23.919,15.310,340,27,31,,
T,2023-04-07 19:40:39,6.26130442,-75.58361510,3.79,1488.534,23.919,13.890,340,27,31,,
T,2023-04-07 19:40:40,6.26140653,-75.58364605,3.79,1488.123,23.919,12.230,341,27,31,,
T,2023-04-07 19:40:41,6.26150725,-75.58367630,3.79,1488.269,23.919,11.700,342,25,31,,
T,2023-04-07 19:40:42,6.26160444,-75.58370555,3.79,1488.267,23.919,11.710,340,26,31,,
T,2023-04-07 19:40:43,6.26170451,-75.58374356,3.79,1488.500,23.919,11.780,336,26,31,,
T,2023-04-07 19:40:44,6.26179320,-75.58378704,3.79,1488.925,23.919,11.270,332,26,31,,
T,2023-04-07 19:40:45,6.26187253,-75.58383390,3.79,1488.702,23.919,10.410,326,25,31,,
T,2023-04-07 19:40:46,6.26193626,-75.58387577,3.79,1488.668,23.919,8.520,320,25,31,,
T,2023-04-07 19:40:47,6.26198459,-75.58392747,3.79,1488.869,23.919,7.140,314,25,31,,
T,2023-04-07 19:40:48,6.26202687,-75.58396773,3.79,1488.723,23.919,6.430,320,26,31,,
T,2023-04-07 19:40:49,6.26205644,-75.58398796,3.79,1489.802,23.919,4.060,326,26,31,,
T,2023-04-07 19:40:50,6.26207865,-75.58400108,3.79,1489.608,23.919,2.580,322,26,31,,
T,2023-04-07 19:40:51,6.26209582,-75.58401454,3.79,1491.110,23.919,2.060,311,26,31,,
T,2023-04-07 19:40:52,6.26212258,-75.58403691,3.79,1491.723,23.919,3.580,316,26,31,,
T,2023-04-07 19:40:53,6.26216536,-75.58406772,3.79,1491.801,23.919,5.350,321,26,30,,
T,2023-04-07 19:40:54,6.26221329,-75.58409875,3.79,1492.253,23.919,6.090,328,25,30,,
T,2023-04-07 19:40:55,6.26227524,-75.58412232,3.79,1492.451,23.919,7.420,335,25,30,,
T,2023-04-07 19:40:56,6.26234416,-75.58415280,3.79,1492.424,23.919,8.480,337,26,29,,
T,2023-04-07 19:40:57,6.26243131,-75.58419448,3.79,1492.034,23.919,9.640,334,26,29,,
T,2023-04-07 19:40:58,6.26250991,-75.58424584,3.79,1492.248,23.919,10.220,325,26,27,,
T,2023-04-07 19:40:59,6.26258995,-75.58430617,3.79,1492.762,23.920,10.810,322,26,27,,
T,2023-04-07 19:41:00,6.26266890,-75.58437583,3.79,1492.746,23.920,11.500,316,26,27,,
T,2023-04-07 19:41:01,6.26274123,-75.58445720,3.79,1493.426,23.920,12.080,313,26,27,,
T,2023-04-07 19:41:02,6.26282213,-75.58454240,3.79,1493.918,23.920,12.540,313,26,27,,
T,2023-04-07 19:41:03,6.26290332,-75.58462769,3.79,1494.140,23.920,12.960,315,26,27,,
T,2023-04-07 19:41:04,6.26299061,-75.58471321,3.79,1494.128,23.921,13.290,317,26,27,,
T,2023-04-07 19:41:05,6.26307997,-75.58480101,3.79,1494.534,23.921,13.760,320,26,27,,
T,2023-04-07 19:41:06,6.26317357,-75.58488766,3.79,1494.580,23.921,14.200,318,26,27,,
T,2023-04-07 19:41:07,6.26326879,-75.58498269,3.79,1495.288,23.921,14.580,316,26,27,,
T,2023-04-07 19:41:08,6.26336246,-75.58507493,3.79,1495.607,23.922,14.750,314,26,27,,
T,2023-04-07 19:41:09,6.26345870,-75.58516833,3.79,1496.262,23.922,15.210,315,26,27,,
T,2023-04-07 19:41:10,6.26355559,-75.58526661,3.79,1496.287,23.922,15.580,315,26,27,,
T,2023-04-07 19:41:11,6.26365587,-75.58536958,3.79,1496.430,23.923,15.860,314,26,27,,
T,2023-04-07 19:41:12,6.26375860,-75.58546971,3.79,1496.997,23.923,15.980,316,25,27,,
T,2023-04-07 19:41:13,6.26386131,-75.58557353,3.79,1496.705,23.923,16.260,317,25,27,,
T,2023-04-07 19:41:14,6.26397226,-75.58567179,3.79,1497.079,23.923,16.450,319,25,27,,
T,2023-04-07 19:41:15,6.26408521,-75.58576570,3.79,1496.833,23.924,16.820,320,26,27,,
T,2023-04-07 19:41:16,6.26420300,-75.58586314,3.79,1496.747,23.924,17.220,321,26,27,,
T,2023-04-07 19:41:17,6.26432888,-75.58595858,3.79,1497.017,23.924,17.520,325,26,27,,
T,2023-04-07 19:41:18,6.26445343,-75.58605409,3.79,1497.274,23.924,17.380,323,25,27,,
T,2023-04-07 19:41:19,6.26457631,-75.58614875,3.79,1497.617,23.925,17.220,323,25,28,,
T,2023-04-07 19:41:20,6.26471014,-75.58624022,3.79,1497.316,23.925,17.400,326,26,28,,
T,2023-04-07 19:41:21,6.26484593,-75.58632956,3.79,1497.495,23.925,17.580,329,26,29,,
T,2023-04-07 19:41:22,6.26498461,-75.58640412,3.87,1498.131,23.925,17.400,333,27,29,,
T,2023-04-07 19:41:23,6.26512436,-75.58646620,3.90,1498.860,23.925,17.270,334,27,29,,
T,2023-04-07 19:41:24,6.26526370,-75.58652808,3.90,1499.319,23.925,16.860,337,26,29,,
T,2023-04-07 19:41:25,6.26540128,-75.58658407,3.88,1499.783,23.925,16.690,338,24,28,,
T,2023-04-07 19:41:26,6.26553620,-75.58662889,3.79,1500.576,23.925,15.980,339,24,28,,
T,2023-04-07 19:41:27,6.26565597,-75.58667368,3.79,1500.854,23.925,14.210,341,24,28,,
T,2023-04-07 19:41:28,6.26575823,-75.58670164,3.79,1502.170,23.925,12.110,344,22,29,,
T,2023-04-07 19:41:29,6.26585884,-75.58672659,3.79,1502.871,23.925,11.400,342,21,29,,
T,2023-04-07 19:41:30,6.26593135,-75.58675611,3.79,1503.221,23.925,8.540,331,21,29,,
T,2023-04-07 19:41:31,6.26596869,-75.58678289,3.79,1502.638,23.925,5.500,306,21,29,,
T,2023-04-07 19:41:32,6.26597251,-75.58681868,3.79,1502.625,23.925,3.980,263,24,29,,
T,2023-04-07 19:41:33,6.26594703,-75.58686179,3.79,1502.636,23.925,4.910,229,24,29,,
T,2023-04-07 19:41:34,6.26589697,-75.58689725,3.79,1502.024,23.925,6.640,215,24,29,,
T,2023-04-07 19:41:35,6.26584339,-75.58693517,4.12,1501.336,23.926,7.280,216,25,29,,
T,2023-04-07 19:41:36,6.26577196,-75.58696238,4.63,1499.667,23.926,8.420,208,26,29,,
T,2023-04-07 19:41:37,6.26572643,-75.58703378,4.09,1498.467,23.927,9.680,237,26,30,,
T,2023-04-07 19:41:38,6.26571538,-75.58711109,3.79,1496.939,23.927,9.830,267,25,30,,
T,2023-04-07 19:41:39,6.26572153,-75.58718820,3.79,1496.717,23.927,9.880,287,25,30,,
T,2023-04-07 19:41:40,6.26576779,-75.58726380,3.79,1497.251,23.928,9.950,308,25,30,,
T,2023-04-07 19:41:41,6.26581517,-75.58734053,3.79,1498.202,23.928,10.820,312,26,30,,
T,2023-04-07 19:41:42,6.26587655,-75.58742369,3.79,1498.812,23.928,11.690,310,26,30,,
T,2023-04-07 19:41:43,6.26594662,-75.58750100,3.79,1498.668,23.928,11.940,311,26,30,,
T,2023-04-07 19:41:44,6.26601589,-75.58759588,3.79,1498.452,23.929,13.140,306,26,30,,
T,2023-04-07 19:41:45,6.26608662,-75.58769633,4.19,1498.153,23.929,13.100,306,27,30,,
T,2023-04-07 19:41:46,6.26614519,-75.58780491,4.42,1499.006,23.930,13.320,302,27,30,,
T,2023-04-07 19:41:47,6.26621278,-75.58791392,4.29,1499.379,23.930,13.650,300,27,30,,
T,2023-04-07 19:41:48,6.26627485,-75.58802435,4.15,1499.723,23.930,14.400,299,26,29,,
T,2023-04-07 19:41:49,6.26634458,-75.58814321,3.90,1498.926,23.931,14.920,301,26,29,,
T,2023-04-07 19:41:50,6.26641703,-75.58826418,3.79,1498.551,23.931,15.450,301,26,29,,
T,2023-04-07 19:41:51,6.26648679,-75.58839286,3.79,1498.558,23.932,15.790,300,26,29,,
T,2023-04-07 19:41:52,6.26655807,-75.58852695,3.79,1500.014,23.932,16.060,299,25,29,,
T,2023-04-07 19:41:53,6.26662914,-75.58866165,3.79,1501.200,23.933,16.310,300,25,29,,
T,2023-04-07 19:41:54,6.26669941,-75.58879845,3.79,1503.311,23.933,16.430,299,25,29,,
T,2023-04-07 19:41:55,6.26677155,-75.58893609,3.79,1504.496,23.934,17.100,299,25,29,,
T,2023-04-07 19:41:56,6.26685233,-75.58906702,3.79,1504.803,23.934,16.850,300,24,29,,
T,2023-04-07 19:41:57,6.26693038,-75.58919623,3.79,1505.012,23.935,16.410,300,24,29,,
T,2023-04-07 19:41:58,6.26701722,-75.58932791,3.79,1505.946,23.935,17.240,301,22,29,,
T,2023-04-07 19:41:59,6.26709609,-75.58946434,3.79,1506.686,23.936,17.100,301,23,29,,
T,2023-04-07 19:42:00,6.26717322,-75.58960545,3.79,1507.253,23.937,17.360,302,24,29,,
T,2023-04-07 19:42:01,6.26725492,-75.58973742,3.79,1507.075,23.937,17.490,303,24,29,,
T,2023-04-07 19:42:02,6.26733966,-75.58987138,9.94,1506.332,23.938,17.680,305,24,29,,
T,2023-04-07 19:42:03,6.26743818,-75.59000521,9.94,1506.551,23.938,18.090,310,25,30,,
T,2023-04-07 19:42:04,6.26754567,-75.59012773,9.94,1507.155,23.938,18.010,314,25,30,,
T,2023-04-07 19:42:05,6.26765495,-75.59024893,9.94,1507.165,23.939,17.730,317,26,30,,
T,2023-04-07 19:42:06,6.26777184,-75.59033991,9.94,1506.895,23.939,16.810,323,26,30,,
T,2023-04-07 19:42:07,6.26789118,-75.59043277,9.94,1506.501,23.939,16.680,322,26,30,,
T,2023-04-07 19:42:08,6.26801145,-75.59052473,9.94,1506.375,23.939,16.970,320,26,29,,
T,2023-04-07 19:42:09,6.26813283,-75.59062521,9.94,1505.922,23.940,17.060,319,25,28,,
T,2023-04-07 19:42:10,6.26825078,-75.59072651,9.94,1505.519,23.940,17.060,319,25,28,,
T,2023-04-07 19:42:11,6.26836260,-75.59082622,9.94,1505.863,23.940,16.900,317,24,28,,
T,2023-04-07 19:42:12,6.26847699,-75.59093293,9.94,1506.500,23.940,16.870,316,24,28,,
T,2023-04-07 19:42:13,6.26857305,-75.59103315,9.94,1507.304,23.941,15.280,317,22,28,,
T,2023-04-07 19:42:14,6.26865363,-75.59111145,9.94,1507.376,23.941,13.000,317,22,28,,
T,2023-04-07 19:42:15,6.26872909,-75.59118449,9.94,1508.067,23.941,11.400,319,23,28,,
T,2023-04-07 19:42:16,6.26880320,-75.59124527,9.94,1508.576,23.941,10.950,318,23,28,,
T,2023-04-07 19:42:17,6.26887742,-75.59130916,3.79,1509.125,23.941,10.700,319,23,28,,
T,2023-04-07 19:42:18,6.26895464,-75.59137591,3.79,1509.321,23.942,11.420,321,23,27,,
T,2023-04-07 19:42:19,6.26902641,-75.59144996,3.79,1510.260,23.942,11.570,316,24,28,,
T,2023-04-07 19:42:20,6.26910193,-75.59152242,3.79,1511.406,23.942,11.690,318,25,28,,
T,2023-04-07 19:42:21,6.26918085,-75.59159518,3.79,1512.811,23.942,11.950,317,23,28,,
T,2023-04-07 19:42:22,6.26926120,-75.59166942,3.79,1513.311,23.942,12.250,319,23,28,,
T,2023-04-07 19:42:23,6.26934687,-75.59174319,3.79,1513.581,23.943,12.410,319,24,28,,
T,2023-04-07 19:42:24,6.26943824,-75.59181936,3.79,1513.648,23.943,12.910,320,24,28,,
T,2023-04-07 19:42:25,6.26953369,-75.59189230,3.79,1513.684,23.943,13.380,323,24,28,,
T,2023-04-07 19:42:26,6.26963090,-75.59197226,3.79,1513.521,23.943,13.840,323,24,27,,
T,2023-04-07 19:42:27,6.26973501,-75.59205248,3.79,1514.090,23.943,14.330,325,22,27,,
T,2023-04-07 19:42:28,6.26984506,-75.59213318,3.79,1514.184,23.944,14.920,327,22,27,,
T,2023-04-07 19:42:29,6.26995556,-75.59221469,3.79,1513.919,23.944,15.340,326,22,27,,
T,2023-04-07 19:42:30,6.27006888,-75.59230344,3.79,1514.391,23.944,15.750,324,22,27,,
T,2023-04-07 19:42:31,6.27018312,-75.59239475,3.79,1514.545,23.944,16.040,322,22,27,,
T,2023-04-07 19:42:32,6.27029696,-75.59248883,3.79,1514.876,23.944,16.280,321,23,27,,
T,2023-04-07 19:42:33,6.27041135,-75.59258486,3.79,1515.219,23.945,16.530,321,24,27,,
T,2023-04-07 19:42:34,6.27052879,-75.59268251,3.79,1515.971,23.945,16.730,322,24,28,,
T,2023-04-07 19:42:35,6.27064624,-75.59277554,3.79,1516.969,23.945,16.880,322,25,28,,
T,2023-04-07 19:42:36,6.27076928,-75.59287080,3.79,1517.561,23.945,16.980,322,25,27,,
T,2023-04-07 19:42:37,6.27089156,-75.59295965,3.79,1518.400,23.945,16.930,322,26,28,,
T,2023-04-07 19:42:38,6.27101465,-75.59305221,3.79,1518.970,23.946,16.940,322,27,29,,
T,2023-04-07 19:42:39,6.27113225,-75.59314902,3.79,1521.062,23.946,16.820,321,28,29,,
T,2023-04-07 19:42:40,6.27125022,-75.59324596,3.79,1522.848,23.946,16.770,321,28,30,,
T,2023-04-07 19:42:41,6.27136608,-75.59333971,3.79,1524.371,23.946,16.620,320,29,30,,
T,2023-04-07 19:42:42,6.27147833,-75.59343501,3.79,1525.364,23.947,16.560,319,28,30,,
T,2023-04-07 19:42:43,6.27158785,-75.59352984,3.79,1526.433,23.947,16.190,319,28,30,,
T,2023-04-07 19:42:44,6.27169643,-75.59362573,3.79,1527.600,23.947,15.960,319,28,30,,
T,2023-04-07 19:42:45,6.27180301,-75.59372350,3.79,1528.803,23.947,16.040,320,28,30,,
T,2023-04-07 19:42:46,6.27191861,-75.59381310,3.79,1529.824,23.948,16.270,322,28,31,,
T,2023-04-07 19:42:47,6.27203952,-75.59390221,3.79,1530.130,23.948,16.570,325,28,31,,
T,2023-04-07 19:42:48,6.27216379,-75.59398616,3.79,1530.349,23.948,16.610,328,29,31,,
T,2023-04-07 19:42:49,6.27229235,-75.59406867,3.79,1530.630,23.948,16.990,326,29,32,,
T,2023-04-07 19:42:50,6.27242498,-75.59415582,3.79,1530.317,23.948,17.630,327,30,32,,
T,2023-04-07 19:42:51,6.27256458,-75.59424296,3.79,1530.007,23.948,18.130,329,30,32,,
T,2023-04-07 19:42:52,6.27270522,-75.59433485,3.79,1529.883,23.948,18.320,327,30,32,,
T,2023-04-07 19:42:53,6.27284371,-75.59443187,3.79,1529.429,23.949,18.690,323,29,32,,
T,2023-04-07 19:42:54,6.27297192,-75.59454561,3.79,1529.684,23.949,18.810,316,29,32,,
T,2023-04-07 19:42:55,6.27308186,-75.59467576,3.79,1529.682,23.949,19.000,307,29,32,,
T,2023-04-07 19:42:56,6.27316765,-75.59482838,3.79,1530.276,23.950,19.360,298,28,32,,
T,2023-04-07 19:42:57,6.27323720,-75.59499460,3.79,1530.818,23.951,19.560,291,28,32,,
T,2023-04-07 19:42:58,6.27327609,-75.59517020,3.79,1531.509,23.951,19.760,281,28,32,,
T,2023-04-07 19:42:59,6.27329030,-75.59535259,3.79,1532.219,23.952,20.060,274,27,32,,
T,2023-04-07 19:43:00,6.27329106,-75.59553467,3.79,1533.244,23.953,20.300,270,26,32,,
T,2023-04-07 19:43:01,6.27329916,-75.59572088,3.79,1534.101,23.954,20.530,274,24,32,,
T,2023-04-07 19:43:02,6.27331433,-75.59590384,3.79,1534.738,23.955,20.490,275,22,32,,
T,2023-04-07 19:43:03,6.27333930,-75.59608442,3.79,1535.217,23.956,20.530,278,21,32,,
T,2023-04-07 19:43:04,6.27337620,-75.59626720,3.79,1536.373,23.957,20.570,283,21,32,,
T,2023-04-07 19:43:05,6.27343136,-75.59644409,3.79,1537.374,23.958,20.510,290,22,32,,
T,2023-04-07 19:43:06,6.27350632,-75.59661138,3.79,1538.629,23.958,20.430,296,23,32,,
T,2023-04-07 19:43:07,6.27359351,-75.59677358,3.79,1539.816,23.959,20.340,299,25,31,,
T,2023-04-07 19:43:08,6.27368027,-75.59693083,3.79,1540.823,23.960,20.330,300,26,31,,
T,2023-04-07 19:43:09,6.27377065,-75.59709241,3.79,1541.940,23.960,20.260,298,26,31,,
T,2023-04-07 19:43:10,6.27385612,-75.59725794,3.79,1542.889,23.961,20.350,296,26,31,,
T,2023-04-07 19:43:11,6.27393427,-75.59742069,3.79,1543.951,23.962,20.240,293,26,30,,
T,2023-04-07 19:43:12,6.27400235,-75.59758917,3.79,1545.046,23.962,20.180,290,25,31,,
T,2023-04-07 19:43:13,6.27406334,-75.59776374,3.79,1546.121,23.963,20.280,289,25,31,,
T,2023-04-07 19:43:14,6.27412806,-75.59793841,3.79,1547.135,23.964,20.270,290,25,31,,
T,2023-04-07 19:43:15,6.27420079,-75.59810990,3.79,1548.339,23.965,20.330,294,24,30,,
T,2023-04-07 19:43:16,6.27429269,-75.59827005,3.79,1549.359,23.965,20.260,301,25,30,,
T,2023-04-07 19:43:17,6.27439747,-75.59841993,3.79,1550.497,23.966,20.180,307,25,30,,
T,2023-04-07 19:43:18,6.27451248,-75.59855652,3.79,1551.740,23.966,20.050,311,25,30,,
T,2023-04-07 19:43:19,6.27463312,-75.59868594,3.79,1553.174,23.967,19.810,312,25,30,,
T,2023-04-07 19:43:20,6.27475556,-75.59881688,3.79,1554.219,23.967,19.680,313,24,29,,
T,2023-04-07 19:43:21,6.27487510,-75.59894481,3.79,1554.980,23.967,19.510,311,24,29,,
T,2023-04-07 19:43:22,6.27498869,-75.59908063,3.79,1556.290,23.968,19.390,308,21,29,,
T,2023-04-07 19:43:23,6.27509274,-75.59922305,3.79,1557.044,23.968,19.350,303,21,29,,
T,2023-04-07 19:43:24,6.27517570,-75.59937854,3.79,1558.010,23.969,19.220,297,21,29,,
T,2023-04-07 19:43:25,6.27524020,-75.59953721,3.79,1559.646,23.970,19.110,290,21,29,,
T,2023-04-07 19:43:26,6.27529008,-75.59970038,3.79,1560.843,23.970,18.990,285,23,30,,
T,2023-04-07 19:43:27,6.27533093,-75.59986631,3.79,1562.779,23.971,18.750,283,24,30,,
T,2023-04-07 19:43:28,6.27536239,-75.60003190,3.79,1564.333,23.972,18.520,281,26,30,,
T,2023-04-07 19:43:29,6.27539433,-75.60019306,3.79,1565.377,23.973,17.980,281,26,30,,
T,2023-04-07 19:43:30,6.27542915,-75.60034915,3.79,1566.081,23.973,17.910,281,26,30,,
T,2023-04-07 19:43:31,6.27546629,-75.60050366,3.79,1567.197,23.974,17.950,284,26,30,,
T,2023-04-07 19:43:32,6.27550244,-75.60066372,3.79,1568.652,23.975,17.970,283,27,30,,
T,2023-04-07 19:43:33,6.27554689,-75.60081732,3.79,1569.686,23.976,18.000,288,26,30,,
T,2023-04-07 19:43:34,6.27559806,-75.60097287,3.79,1570.760,23.976,17.960,287,24,30,,
T,2023-04-07 19:43:35,6.27565283,-75.60112842,3.79,1571.944,23.977,18.050,290,25,29,,
T,2023-04-07 19:43:36,6.27571188,-75.60128242,3.79,1573.308,23.978,18.200,291,26,29,,
T,2023-04-07 19:43:37,6.27577407,-75.60143916,3.79,1574.581,23.978,18.340,293,27,28,,
T,2023-04-07 19:43:38,6.27583927,-75.60159280,3.79,1575.869,23.979,18.530,295,28,28,,
T,2023-04-07 19:43:39,6.27590632,-75.60174687,3.79,1577.277,23.980,18.750,293,28,28,,
T,2023-04-07 19:43:40,6.27597403,-75.60190328,3.79,1578.587,23.980,18.920,294,28,28,,
T,2023-04-07 19:43:41,6.27604106,-75.60205560,3.79,1579.930,23.981,18.910,294,27,28,,
T,2023-04-07 19:43:42,6.27610874,-75.60221202,3.79,1581.007,23.982,18.910,293,26,28,,
T,2023-04-07 19:43:43,6.27617143,-75.60236778,3.79,1582.181,23.982,18.870,291,27,29,,
T,2023-04-07 19:43:44,6.27622306,-75.60253041,3.79,1583.800,23.983,18.900,287,28,29,,
T,2023-04-07 19:43:45,6.27625438,-75.60270059,3.79,1586.230,23.984,18.940,282,28,29,,
T,2023-04-07 19:43:46,6.27628200,-75.60286680,3.79,1588.450,23.985,19.110,279,28,29,,
T,2023-04-07 19:43:47,6.27630044,-75.60304200,3.79,1589.687,23.985,19.310,275,28,29,,
T,2023-04-07 19:43:48,6.27630461,-75.60322321,3.79,1591.187,23.986,19.820,271,27,29,,
T,2023-04-07 19:43:49,6.27630141,-75.60340200,3.79,1592.315,23.987,20.270,268,25,29,,
T,2023-04-07 19:43:50,6.27629899,-75.60358444,3.79,1593.079,23.988,20.520,268,24,29,,
T,2023-04-07 19:43:51,6.27629262,-75.60376580,3.79,1594.085,23.989,20.480,269,23,29,,
T,2023-04-07 19:43:52,6.27629465,-75.60394936,3.79,1595.000,23.990,20.520,272,24,29,,
T,2023-04-07 19:43:53,6.27631596,-75.60413142,3.79,1596.423,23.991,20.440,277,23,30,,
T,2023-04-07 19:43:54,6.27635259,-75.60431350,3.79,1598.114,23.992,20.210,282,24,30,,
T,2023-04-07 19:43:55,6.27641045,-75.60448153,3.79,1600.450,23.993,19.920,288,26,30,,
T,2023-04-07 19:43:56,6.27647564,-75.60464832,3.79,1601.026,23.993,19.770,293,27,30,,
T,2023-04-07 19:43:57,6.27654755,-75.60481304,3.79,1601.810,23.994,19.730,295,27,30,,
T,2023-04-07 19:43:58,6.27662603,-75.60497408,3.79,1601.866,23.995,19.980,297,27,30,,
T,2023-04-07 19:43:59,6.27670369,-75.60514037,3.79,1602.461,23.995,20.360,297,27,30,,
T,2023-04-07 19:44:00,6.27678774,-75.60530556,3.79,1602.090,23.996,20.600,296,26,30,,
T,2023-04-07 19:44:01,6.27686965,-75.60547712,3.79,1602.560,23.997,20.830,295,26,30,,
T,2023-04-07 19:44:02,6.27693914,-75.60565203,3.79,1602.590,23.998,20.970,294,26,30,,
T,2023-04-07 19:44:03,6.27700133,-75.60582970,3.79,1602.838,23.998,20.860,288,26,30,,
T,2023-04-07 19:44:04,6.27704366,-75.60601491,3.79,1603.665,23.999,20.730,281,26,30,,
T,2023-04-07 19:44:05,6.27706084,-75.60620642,3.79,1605.081,24.000,20.890,276,27,29,,
T,2023-04-07 19:44:06,6.27707149,-75.60639021,3.79,1606.298,24.001,20.570,274,27,29,,
T,2023-04-07 19:44:07,6.27708261,-75.60657321,3.79,1607.868,24.002,20.270,274,24,28,,
T,2023-04-07 19:44:08,6.27709722,-75.60675364,3.79,1609.760,24.003,20.080,277,22,28,,
T,2023-04-07 19:44:09,6.27712937,-75.60693090,3.79,1611.127,24.004,19.990,283,20,28,,
T,2023-04-07 19:44:10,6.27717756,-75.60710031,3.79,1612.402,24.004,19.600,287,20,28,,
T,2023-04-07 19:44:11,6.27722852,-75.60727309,3.79,1614.346,24.005,19.420,288,19,28,,
T,2023-04-07 19:44:12,6.27728381,-75.60743865,3.79,1615.642,24.006,19.140,288,19,28,,
T,2023-04-07 19:44:13,6.27733188,-75.60759716,3.79,1617.312,24.007,18.650,286,19,28,,
T,2023-04-07 19:44:14,6.27736768,-75.60776094,3.79,1618.661,24.007,18.560,281,19,28,,
T,2023-04-07 19:44:15,6.27738791,-75.60792528,3.79,1620.199,24.008,18.520,276,20,28,,
T,2023-04-07 19:44:16,6.27739141,-75.60809579,3.79,1621.973,24.009,18.440,270,23,29,,
T,2023-04-07 19:44:17,6.27738322,-75.60826406,3.79,1623.922,24.010,18.420,266,23,29,,
T,2023-04-07 19:44:18,6.27736563,-75.60843189,3.79,1625.555,24.011,18.400,261,24,29,,
T,2023-04-07 19:44:19,6.27733619,-75.60859314,3.79,1627.210,24.012,18.390,257,24,29,,
T,2023-04-07 19:44:20,6.27729265,-75.60875335,3.79,1628.815,24.013,18.380,254,24,29,,
T,2023-04-07 19:44:21,6.27724626,-75.60891457,3.79,1630.675,24.014,18.430,254,24,29,,
T,2023-04-07 19:44:22,6.27720713,-75.60907325,3.79,1632.256,24.015,18.440,255,23,29,,
T,2023-04-07 19:44:23,6.27716749,-75.60923032,3.79,1633.120,24.016,18.450,254,23,29,,
T,2023-04-07 19:44:24,6.27712128,-75.60938588,3.79,1635.463,24.016,18.090,252,22,29,,
T,2023-04-07 19:44:25,6.27707611,-75.60955013,3.79,1636.311,24.017,18.200,253,20,29,,
T,2023-04-07 19:44:26,6.27702446,-75.60970954,3.79,1637.844,24.018,18.100,252,20,29,,
T,2023-04-07 19:44:27,6.27696748,-75.60986414,3.79,1639.247,24.019,18.060,248,20,29,,
T,2023-04-07 19:44:28,6.27689635,-75.61000801,3.79,1641.087,24.020,17.970,242,19,29,,
T,2023-04-07 19:44:29,6.27680626,-75.61014574,3.79,1642.527,24.021,17.940,235,19,29,,
T,2023-04-07 19:44:30,6.27670198,-75.61027240,3.79,1643.184,24.022,18.050,229,19,29,,
T,2023-04-07 19:44:31,6.27658638,-75.61039122,3.79,1644.090,24.023,18.060,225,20,30,,
T,2023-04-07 19:44:32,6.27646591,-75.61050558,3.79,1644.814,24.024,18.180,223,21,30,,
T,2023-04-07 19:44:33,6.27634543,-75.61061712,3.79,1645.754,24.025,18.230,222,24,30,,
T,2023-04-07 19:44:34,6.27622594,-75.61073129,3.79,1646.965,24.026,18.410,223,24,29,,
T,2023-04-07 19:44:35,6.27610560,-75.61084735,3.79,1647.938,24.026,18.490,223,24,28,,
T,2023-04-07 19:44:36,6.27598980,-75.61096563,3.79,1649.090,24.027,18.580,226,24,28,,
T,2023-04-07 19:44:37,6.27588217,-75.61109558,3.79,1650.324,24.028,18.530,232,23,28,,
T,2023-04-07 19:44:38,6.27579490,-75.61123923,3.79,1651.319,24.029,18.580,239,23,28,,
T,2023-04-07 19:44:39,6.27571641,-75.61138547,3.79,1652.128,24.030,18.700,244,22,28,,
T,2023-04-07 19:44:40,6.27564486,-75.61153659,3.79,1653.080,24.031,18.690,244,23,28,,
T,2023-04-07 19:44:41,6.27556865,-75.61168852,3.79,1654.497,24.032,18.660,243,22,28,,
T,2023-04-07 19:44:42,6.27548763,-75.61183582,3.79,1656.131,24.033,18.650,242,22,28,,
T,2023-04-07 19:44:43,6.27540002,-75.61197989,3.79,1657.229,24.034,18.560,239,24,28,,
T,2023-04-07 19:44:44,6.27530253,-75.61211292,3.79,1658.280,24.035,18.430,232,24,28,,
T,2023-04-07 19:44:45,6.27518831,-75.61223853,3.79,1659.168,24.036,18.620,226,24,28,,
T,2023-04-07 19:44:46,6.27506597,-75.61235436,3.79,1660.061,24.037,18.770,223,24,28,,
T,2023-04-07 19:44:47,6.27494484,-75.61247339,3.79,1661.165,24.038,18.890,223,24,28,,
T,2023-04-07 19:44:48,6.27481852,-75.61259517,3.79,1661.718,24.038,19.090,224,24,28,,
T,2023-04-07 19:44:49,6.27469667,-75.61271711,3.79,1662.802,24.039,19.210,225,23,28,,
T,2023-04-07 19:44:50,6.27457735,-75.61284092,3.79,1663.675,24.040,19.230,225,23,28,,
T,2023-04-07 19:44:51,6.27445535,-75.61296452,3.79,1664.980,24.041,19.140,225,23,28,,
T,2023-04-07 19:44:52,6.27433298,-75.61309163,3.79,1666.261,24.042,19.140,228,22,28,,
T,2023-04-07 19:44:53,6.27422589,-75.61322491,3.79,1667.257,24.043,18.920,232,22,28,,
T,2023-04-07 19:44:54,6.27412811,-75.61336476,3.79,1668.940,24.044,19.020,237,22,29,,
T,2023-04-07 19:44:55,6.27404594,-75.61351258,3.79,1670.351,24.045,18.980,242,22,29,,
T,2023-04-07 19:44:56,6.27397913,-75.61367344,3.79,1670.556,24.046,19.090,249,23,29,,
T,2023-04-07 19:44:57,6.27392609,-75.61383814,3.79,1671.670,24.047,18.990,254,23,28,,
T,2023-04-07 19:44:58,6.27388242,-75.61400394,3.79,1673.241,24.048,18.850,258,23,26,,
T,2023-04-07 19:44:59,6.27384081,-75.61416478,3.79,1674.355,24.049,18.900,256,23,26,,
T,2023-04-07 19:45:00,6.27381397,-75.61432881,3.79,1675.315,24.050,18.690,260,23,26,,
T,2023-04-07 19:45:01,6.27378551,-75.61449242,3.79,1675.493,24.051,18.620,259,23,25,,
T,2023-04-07 19:45:02,6.27376638,-75.61465508,3.79,1676.662,24.052,18.450,260,23,25,,
T,2023-04-07 19:45:03,6.27372984,-75.61481913,3.79,1678.070,24.053,18.400,259,23,24,,
T,2023-04-07 19:45:04,6.27369842,-75.61498011,3.79,1679.320,24.053,18.340,259,23,24,,
T,2023-04-07 19:45:05,6.27366435,-75.61514070,3.79,1680.702,24.054,18.210,257,23,25,,
T,2023-04-07 19:45:06,6.27362625,-75.61529705,3.79,1681.142,24.055,18.130,256,23,25,,
T,2023-04-07 19:45:07,6.27357812,-75.61545449,3.79,1682.725,24.056,18.020,252,23,25,,
T,2023-04-07 19:45:08,6.27351821,-75.61560704,3.79,1684.010,24.057,17.850,248,23,25,,
T,2023-04-07 19:45:09,6.27344942,-75.61575798,3.79,1685.261,24.058,17.990,244,23,25,,
T,2023-04-07 19:45:10,6.27337820,-75.61590395,3.79,1685.854,24.059,17.950,242,23,25,,
T,2023-04-07 19:45:11,6.27329917,-75.61604413,3.79,1686.904,24.060,17.710,239,23,24,,
T,2023-04-07 19:45:12,6.27321886,-75.61618495,3.79,1687.773,24.061,18.010,240,22,24,,
T,2023-04-07 19:45:13,6.27314423,-75.61632843,3.79,1688.714,24.062,18.050,242,22,24,,
T,2023-04-07 19:45:14,6.27306662,-75.61647152,3.79,1689.537,24.063,17.940,242,22,24,,
T,2023-04-07 19:45:15,6.27298379,-75.61661403,3.79,1690.757,24.064,17.960,241,22,24,,
T,2023-04-07 19:45:16,6.27290557,-75.61675746,9.94,1691.752,24.064,18.200,242,21,24,,
T,2023-04-07 19:45:17,6.27282700,-75.61689943,9.94,1692.452,24.065,18.150,242,21,24,,
T,2023-04-07 19:45:18,6.27275848,-75.61704982,9.94,1693.243,24.066,18.380,247,21,25,,
T,2023-04-07 19:45:19,6.27269964,-75.61721032,9.94,1694.537,24.067,18.490,254,22,25,,
T,2023-04-07 19:45:20,6.27266173,-75.61737706,9.94,1695.655,24.068,18.650,261,22,25,,
T,2023-04-07 19:45:21,6.27264423,-75.61754500,9.94,1696.417,24.069,18.770,267,22,25,,
T,2023-04-07 19:45:22,6.27264125,-75.61771642,9.94,1697.373,24.070,18.840,271,23,25,,
T,2023-04-07 19:45:23,6.27264504,-75.61788812,9.94,1698.289,24.071,18.960,274,23,25,,
T,2023-04-07 19:45:24,6.27265087,-75.61806158,9.94,1700.083,24.072,19.100,272,23,26,,
T,2023-04-07 19:45:25,6.27265296,-75.61823655,9.94,1701.428,24.073,19.350,272,24,26,,
T,2023-04-07 19:45:26,6.27265338,-75.61841593,9.94,1702.920,24.074,19.440,271,24,26,,
T,2023-04-07 19:45:27,6.27265372,-75.61859678,9.94,1704.608,24.075,19.610,271,24,26,,
T,2023-04-07 19:45:28,6.27265905,-75.61877490,9.94,1705.837,24.076,19.750,272,24,26,,
T,2023-04-07 19:45:29,6.27266687,-75.61895476,9.94,1707.327,24.076,19.900,274,24,26,,
T,2023-04-07 19:45:30,6.27268493,-75.61913539,9.94,1708.550,24.077,20.020,276,24,26,,
T,2023-04-07 19:45:31,6.27271458,-75.61931607,9.94,1709.914,24.078,20.150,282,24,25,,
T,2023-04-07 19:45:32,6.27276473,-75.61949381,9.94,1711.151,24.079,20.150,288,24,26,,
T,2023-04-07 19:45:33,6.27283120,-75.61965873,9.94,1712.535,24.080,20.210,295,24,26,,
T,2023-04-07 19:45:34,6.27291520,-75.61982489,9.94,1713.975,24.080,20.140,299,24,26,,
T,2023-04-07 19:45:35,6.27300441,-75.61998326,9.94,1715.481,24.081,20.110,303,24,26,,
T,2023-04-07 19:45:36,6.27310621,-75.62013896,9.94,1716.859,24.082,20.100,306,24,26,,
T,2023-04-07 19:45:37,6.27321709,-75.62029021,9.94,1718.691,24.082,20.160,308,24,26,,
T,2023-04-07 19:45:38,6.27332490,-75.62043656,9.94,1720.442,24.083,20.210,309,24,26,,
T,2023-04-07 19:45:39,6.27343628,-75.62058967,9.94,1722.239,24.083,20.380,308,24,27,,
T,2023-04-07 19:45:40,6.27354866,-75.62074044,9.94,1723.710,24.084,20.450,309,26,28,,
T,2023-04-07 19:45:41,6.27366586,-75.62088451,9.94,1725.797,24.084,20.520,312,27,28,,
T,2023-04-07 19:45:42,6.27379584,-75.62102045,9.94,1727.916,24.085,20.470,317,27,28,,
T,2023-04-07 19:45:43,6.27393459,-75.62114413,9.94,1728.645,24.085,20.670,320,27,28,,
T,2023-04-07 19:45:44,6.27407816,-75.62126711,9.94,1730.236,24.085,20.550,321,26,28,,
T,2023-04-07 19:45:45,6.27421887,-75.62137992,9.94,1731.751,24.085,20.540,321,25,28,,
T,2023-04-07 19:45:46,6.27436251,-75.62149744,9.94,1733.972,24.086,20.520,322,26,28,,
T,2023-04-07 19:45:47,6.27450925,-75.62161226,9.94,1735.956,24.086,20.560,321,26,28,,
T,2023-04-07 19:45:48,6.27464866,-75.62173870,9.94,1737.216,24.086,20.590,319,26,28,,
T,2023-04-07 19:45:49,6.27477635,-75.62187619,9.94,1738.795,24.087,20.540,312,26,29,,
T,2023-04-07 19:45:50,6.27487980,-75.62202738,9.94,1740.594,24.087,20.450,305,27,29,,
T,2023-04-07 19:45:51,6.27496084,-75.62219141,9.94,1742.413,24.088,20.350,296,28,29,,
T,2023-04-07 19:45:52,6.27501036,-75.62236474,9.94,1744.567,24.089,20.190,286,27,28,,
T,2023-04-07 19:45:53,6.27502905,-75.62254863,9.94,1746.881,24.090,20.190,276,27,28,,
T,2023-04-07 19:45:54,6.27502564,-75.62273070,9.94,1748.598,24.091,20.260,269,27,28,,
T,2023-04-07 19:45:55,6.27500726,-75.62291247,9.94,1750.313,24.092,20.310,264,27,28,,
T,2023-04-07 19:45:56,6.27498406,-75.62309228,9.94,1751.786,24.093,20.400,261,25,28,,
T,2023-04-07 19:45:57,6.27495734,-75.62327512,9.94,1753.212,24.094,20.650,261,24,28,,
T,2023-04-07 19:45:58,6.27491182,-75.62345084,9.94,1754.267,24.095,20.730,255,24,28,,
T,2023-04-07 19:45:59,6.27486125,-75.62362385,9.94,1756.082,24.096,20.480,254,24,28,,
T,2023-04-07 19:46:00,6.27483077,-75.62380595,9.94,1757.011,24.097,20.540,262,24,28,,
T,2023-04-07 19:46:01,6.27480519,-75.62398939,9.94,1758.749,24.098,20.520,265,24,28,,
T,2023-04-07 19:46:02,6.27480500,-75.62417047,9.94,1759.394,24.099,20.630,273,25,28,,
T,2023-04-07 19:46:03,6.27483378,-75.62435117,9.94,1760.761,24.100,20.490,282,25,28,,
T,2023-04-07 19:46:04,6.27487238,-75.62452831,9.94,1761.886,24.100,20.420,285,25,28,,
T,2023-04-07 19:46:05,6.27492055,-75.62470833,9.94,1763.042,24.101,20.280,286,24,28,,
T,2023-04-07 19:46:06,6.27496959,-75.62488539,9.94,1764.220,24.102,20.320,287,23,28,,
T,2023-04-07 19:46:07,6.27502365,-75.62506221,9.94,1765.264,24.103,20.270,287,23,28,,
T,2023-04-07 19:46:08,6.27507744,-75.62523462,9.94,1766.152,24.104,20.270,288,23,28,,
T,2023-04-07 19:46:09,6.27514434,-75.62540492,9.94,1767.231,24.104,20.380,293,22,28,,
T,2023-04-07 19:46:10,6.27521971,-75.62557374,9.94,1768.274,24.105,20.500,296,22,28,,
T,2023-04-07 19:46:11,6.27531278,-75.62573237,9.94,1769.766,24.106,20.390,302,22,28,,
T,2023-04-07 19:46:12,6.27542121,-75.62588675,9.94,1771.266,24.106,20.610,308,23,28,,
T,2023-04-07 19:46:13,6.27553608,-75.62602938,9.94,1772.954,24.107,20.460,312,23,28,,
T,2023-04-07 19:46:14,6.27565538,-75.62617368,9.94,1774.171,24.107,20.360,311,24,28,,
T,2023-04-07 19:46:15,6.27577852,-75.62631015,9.94,1775.521,24.108,20.350,315,24,29,,
T,2023-04-07 19:46:16,6.27590606,-75.62644573,9.94,1776.796,24.108,20.410,315,24,31,,
T,2023-04-07 19:46:17,6.27603445,-75.62657882,9.94,1778.303,24.108,20.340,315,27,31,,
T,2023-04-07 19:46:18,6.27614773,-75.62672317,9.94,1780.514,24.109,20.180,308,27,31,,
T,2023-04-07 19:46:19,6.27626152,-75.62686937,9.94,1782.318,24.109,20.040,307,28,31,,
T,2023-04-07 19:46:20,6.27635426,-75.62702240,9.94,1783.341,24.110,20.040,299,28,31,,
T,2023-04-07 19:46:21,6.27641658,-75.62719104,9.94,1785.345,24.111,20.190,287,27,31,,
T,2023-04-07 19:46:22,6.27646201,-75.62736528,9.94,1786.188,24.111,20.010,280,28,30,,
T,2023-04-07 19:46:23,6.27647286,-75.62754267,9.94,1788.021,24.112,19.930,270,26,30,,
T,2023-04-07 19:46:24,6.27646043,-75.62772330,9.94,1789.166,24.113,19.610,266,25,30,,
T,2023-04-07 19:46:25,6.27641522,-75.62789667,9.94,1791.050,24.114,19.460,253,25,29,,
T,2023-04-07 19:46:26,6.27634534,-75.62805306,9.94,1792.395,24.115,19.280,243,26,30,,
T,2023-04-07 19:46:27,6.27624768,-75.62819987,9.94,1793.763,24.116,19.070,233,25,30,,
T,2023-04-07 19:46:28,6.27612901,-75.62831997,9.94,1795.029,24.117,18.840,222,20,30,,
T,2023-04-07 19:46:29,6.27600569,-75.62842762,9.94,1796.174,24.118,18.680,218,21,30,,
T,2023-04-07 19:46:30,6.27589400,-75.62852405,9.94,1797.050,24.119,16.470,220,21,30,,
T,2023-04-07 19:46:31,6.27579662,-75.62860945,9.94,1798.003,24.119,14.610,220,22,30,,
T,2023-04-07 19:46:32,6.27571257,-75.62868408,9.94,1798.452,24.120,12.860,220,22,29,,
T,2023-04-07 19:46:33,6.27563734,-75.62875534,9.94,1799.181,24.121,11.690,225,22,29,,
T,2023-04-07 19:46:34,6.27557456,-75.62883113,9.94,1799.637,24.121,11.010,235,21,29,,
T,2023-04-07 19:46:35,6.27552995,-75.62891042,9.94,1799.679,24.122,10.290,244,22,29,,
T,2023-04-07 19:46:36,6.27549286,-75.62899102,9.94,1798.901,24.122,9.880,247,23,29,,
T,2023-04-07 19:46:37,6.27545674,-75.62906923,9.94,1798.803,24.123,9.610,248,23,29,,
T,2023-04-07 19:46:38,6.27544932,-75.62915921,9.94,1797.651,24.123,9.830,266,23,29,,
T,2023-04-07 19:46:39,6.27545573,-75.62925423,9.94,1797.521,24.124,10.520,278,23,30,,
T,2023-04-07 19:46:40,6.27547571,-75.62934910,9.94,1797.297,24.124,10.650,283,23,30,,
T,2023-04-07 19:46:41,6.27549791,-75.62944512,9.94,1796.729,24.124,10.460,283,21,30,,
T,2023-04-07 19:46:42,6.27551776,-75.62953980,9.94,1795.682,24.125,11.010,280,23,28,,
T,2023-04-07 19:46:43,6.27553338,-75.62963579,9.94,1795.288,24.125,10.440,281,23,28,,
T,2023-04-07 19:46:44,6.27556160,-75.62972170,9.94,1794.710,24.126,9.460,292,22,28,,
T,2023-04-07 19:46:45,6.27561666,-75.62978804,9.94,1793.739,24.126,9.070,314,22,28,,
T,2023-04-07 19:46:46,6.27568199,-75.62984385,9.94,1792.722,24.126,10.230,325,22,28,,
T,2023-04-07 19:46:47,6.27578633,-75.62984663,9.94,1792.810,24.126,12.050,357,22,28,,
T,2023-04-07 19:46:48,6.27587019,-75.62988656,9.94,1792.587,24.126,10.530,334,22,28,,
T,2023-04-07 19:46:49,6.27595535,-75.62995247,9.94,1791.739,24.126,11.000,319,22,28,,
T,2023-04-07 19:46:50,6.27602017,-75.63001831,9.94,1791.617,24.126,10.250,314,23,27,,
T,2023-04-07 19:46:51,6.27608124,-75.63007970,9.94,1791.950,24.126,9.130,313,23,27,,
T,2023-04-07 19:46:52,6.27612886,-75.63013508,9.94,1791.988,24.127,7.710,310,23,27,,
T,2023-04-07 19:46:53,6.27615331,-75.63019320,9.94,1791.967,24.127,6.530,282,23,28,,
T,2023-04-07 19:46:54,6.27615717,-75.63024914,9.94,1792.305,24.127,6.500,274,23,28,,
T,2023-04-07 19:46:55,6.27613060,-75.63031668,9.94,1792.456,24.128,7.850,250,25,28,,
T,2023-04-07 19:46:56,6.27608446,-75.63037940,9.94,1792.295,24.128,8.960,236,24,28,,
T,2023-04-07 19:46:57,6.27601902,-75.63044107,9.94,1792.910,24.128,9.890,222,24,27,,
T,2023-04-07 19:46:58,6.27596838,-75.63050550,9.94,1792.525,24.129,9.400,229,24,27,,
T,2023-04-07 19:46:59,6.27592236,-75.63057384,9.94,1791.880,24.129,9.180,242,24,26,,
T,2023-04-07 19:47:00,6.27591372,-75.63063997,9.94,1792.282,24.130,8.050,259,24,26,,
T,2023-04-07 19:47:01,6.27592319,-75.63071099,9.94,1792.763,24.130,7.730,286,22,25,,
T,2023-04-07 19:47:02,6.27596247,-75.63077125,9.94,1792.794,24.130,7.700,306,22,25,,
T,2023-04-07 19:47:03,6.27601280,-75.63081562,9.94,1792.728,24.130,7.630,326,22,25,,
T,2023-04-07 19:47:04,6.27607668,-75.63084251,9.94,1792.344,24.130,7.820,341,21,25,,
T,2023-04-07 19:47:05,6.27615336,-75.63084689,9.94,1791.933,24.130,8.170,5,21,25,,
T,2023-04-07 19:47:06,6.27623860,-75.63084556,9.94,1792.672,24.130,8.910,355,21,25,,
T,2023-04-07 19:47:07,6.27632017,-75.63087634,9.94,1792.808,24.130,9.680,337,23,25,,
T,2023-04-07 19:47:08,6.27637520,-75.63094664,9.94,1794.435,24.130,10.260,302,24,26,,
T,2023-04-07 19:47:09,6.27640730,-75.63102861,9.94,1795.443,24.131,10.090,284,26,26,,
T,2023-04-07 19:47:10,6.27644035,-75.63110895,9.94,1796.492,24.131,9.940,285,25,28,,
T,2023-04-07 19:47:11,6.27647787,-75.63119013,9.94,1797.841,24.131,9.740,293,26,28,,
T,2023-04-07 19:47:12,6.27652086,-75.63125792,9.94,1799.174,24.132,8.940,305,26,28,,
T,2023-04-07 19:47:13,6.27657242,-75.63131315,9.94,1800.776,24.132,8.230,324,22,28,,
T,2023-04-07 19:47:14,6.27663782,-75.63134199,9.94,1802.887,24.132,8.310,348,23,28,,
T,2023-04-07 19:47:15,6.27670300,-75.63135603,9.94,1804.000,24.132,7.570,354,23,28,,
T,2023-04-07 19:47:16,6.27676179,-75.63137354,9.94,1804.238,24.132,6.600,341,23,30,,
T,2023-04-07 19:47:17,6.27681315,-75.63140863,9.94,1803.926,24.132,6.720,321,25,30,,
T,2023-04-07 19:47:18,6.27684982,-75.63145721,9.94,1803.165,24.132,6.800,297,26,30,,
T,2023-04-07 19:47:19,6.27686746,-75.63152464,9.94,1804.402,24.132,8.090,279,25,30,,
T,2023-04-07 19:47:20,6.27687349,-75.63159280,9.94,1805.174,24.132,7.780,273,25,30,,
T,2023-04-07 19:47:21,6.27686809,-75.63166208,9.94,1806.273,24.133,7.800,265,24,30,,
T,2023-04-07 19:47:22,6.27686671,-75.63173838,9.94,1806.941,24.133,8.320,268,24,30,,
T,2023-04-07 19:47:23,6.27686765,-75.63181375,9.94,1807.787,24.134,8.370,271,24,30,,
T,2023-04-07 19:47:24,6.27687687,-75.63189154,9.94,1808.473,24.134,8.630,276,24,30,,
T,2023-04-07 19:47:25,6.27689368,-75.63196672,9.94,1809.299,24.134,8.950,283,25,29,,
T,2023-04-07 19:47:26,6.27690887,-75.63205328,9.94,1809.651,24.135,9.290,283,25,29,,
T,2023-04-07 19:47:27,6.27692221,-75.63213339,9.94,1810.643,24.135,8.930,281,26,28,,
T,2023-04-07 19:47:28,6.27694758,-75.63220781,9.94,1811.653,24.135,8.950,297,27,28,,
T,2023-04-07 19:47:29,6.27700053,-75.63227703,9.94,1812.206,24.136,9.190,312,27,29,,
T,2023-04-07 19:47:30,6.27707809,-75.63233614,9.94,1812.396,24.136,10.600,328,28,29,,
T,2023-04-07 19:47:31,6.27715707,-75.63239216,9.94,1812.475,24.136,10.970,325,27,29,,
T,2023-04-07 19:47:32,6.27723312,-75.63245337,9.94,1813.284,24.136,10.830,319,28,30,,
T,2023-04-07 19:47:33,6.27728324,-75.63253509,9.94,1814.563,24.136,10.320,299,28,30,,
T,2023-04-07 19:47:34,6.27732253,-75.63260682,9.94,1816.968,24.137,8.930,293,28,31,,
T,2023-04-07 19:47:35,6.27735334,-75.63267695,9.94,1817.006,24.137,8.100,290,28,31,,
T,2023-04-07 19:47:36,6.27737626,-75.63273230,9.94,1817.151,24.137,5.840,290,27,30,,
T,2023-04-07 19:47:37,6.27739267,-75.63277244,9.94,1818.769,24.137,4.060,291,27,30,,
T,2023-04-07 19:47:38,6.27740021,-75.63280092,9.94,1819.136,24.138,2.260,278,27,30,,
T,2023-04-07 19:47:39,6.27740724,-75.63282169,9.94,1819.802,24.138,2.140,279,26,30,,
T,2023-04-07 19:47:40,6.27742270,-75.63284970,9.94,1819.708,24.138,3.350,295,27,30,,
T,2023-04-07 19:47:41,6.27743742,-75.63289646,9.94,1820.745,24.138,5.890,294,25,29,,
T,2023-04-07 19:47:42,6.27745549,-75.63294581,9.94,1821.685,24.138,5.760,289,27,30,,
T,2023-04-07 19:47:43,6.27747542,-75.63299577,9.94,1822.550,24.138,6.330,292,28,30,,
T,2023-04-07 19:47:44,6.27748655,-75.63305434,9.94,1823.635,24.139,6.700,276,28,30,,
T,2023-04-07 19:47:45,6.27749400,-75.63312057,9.94,1823.103,24.139,7.450,277,28,30,,
T,2023-04-07 19:47:46,6.27749424,-75.63319955,9.94,1823.684,24.139,8.590,274,27,31,,
T,2023-04-07 19:47:47,6.27749963,-75.63327955,9.94,1824.665,24.140,9.280,276,28,31,,
T,2023-04-07 19:47:48,6.27750514,-75.63336462,9.94,1826.116,24.140,9.440,277,27,31,,
T,2023-04-07 19:47:49,6.27751841,-75.63344735,3.79,1826.522,24.141,9.580,279,27,31,,
T,2023-04-07 19:47:50,6.27752710,-75.63353589,3.79,1826.758,24.141,9.860,279,29,31,,
T,2023-04-07 19:47:51,6.27754655,-75.63361964,3.79,1828.301,24.141,9.390,282,29,31,,
T,2023-04-07 19:47:52,6.27756351,-75.63370541,3.79,1829.968,24.142,9.420,282,28,31,,
T,2023-04-07 19:47:53,6.27758111,-75.63378808,3.79,1830.307,24.142,9.140,283,29,31,,
T,2023-04-07 19:47:54,6.27759756,-75.63386254,3.79,1831.064,24.143,8.920,280,30,31,,
T,2023-04-07 19:47:55,6.27760261,-75.63394593,3.79,1832.697,24.143,9.000,277,30,31,,
T,2023-04-07 19:47:56,6.27760642,-75.63402640,3.79,1833.837,24.143,8.590,274,29,31,,
T,2023-04-07 19:47:57,6.27760858,-75.63408787,3.79,1834.616,24.144,6.410,271,29,31,,
T,2023-04-07 19:47:58,6.27761252,-75.63413034,3.79,1835.679,24.144,4.660,270,28,31,,
T,2023-04-07 19:47:59,6.27761076,-75.63416106,3.79,1837.044,24.144,3.270,267,29,31,,
T,2023-04-07 19:48:00,6.27761328,-75.63418931,3.79,1836.721,24.144,3.660,260,29,30,,
T,2023-04-07 19:48:01,6.27761025,-75.63421336,3.79,1837.031,24.144,3.430,256,29,30,,
T,2023-04-07 19:48:02,6.27760202,-75.63425963,3.79,1837.473,24.145,5.040,258,29,30,,
T,2023-04-07 19:48:03,6.27759579,-75.63431391,3.79,1836.795,24.145,5.870,255,29,30,,
T,2023-04-07 19:48:04,6.27758671,-75.63437759,3.79,1836.465,24.145,6.820,260,29,30,,
T,2023-04-07 19:48:05,6.27757255,-75.63444506,3.79,1835.620,24.146,8.030,258,29,30,,
T,2023-04-07 19:48:06,6.27755155,-75.63452501,3.79,1835.674,24.146,8.650,253,29,30,,
T,2023-04-07 19:48:07,6.27752231,-75.63460136,3.79,1835.152,24.147,9.170,249,29,30,,
T,2023-04-07 19:48:08,6.27749348,-75.63466997,3.79,1835.484,24.147,8.220,247,29,30,,
T,2023-04-07 19:48:09,6.27746609,-75.63472481,3.79,1835.592,24.147,7.390,246,28,30,,
T,2023-04-07 19:48:10,6.27744966,-75.63476749,3.79,1836.227,24.148,6.290,243,28,30,,
T,2023-04-07 19:48:11,6.27742867,-75.63480710,3.79,1836.827,24.148,4.640,251,28,30,,
T,2023-04-07 19:48:12,6.27741024,-75.63483561,3.79,1837.332,24.148,3.900,234,28,30,,
T,2023-04-07 19:48:13,6.27738942,-75.63486929,3.79,1836.811,24.148,4.220,223,29,30,,
T,2023-04-07 19:48:14,6.27736376,-75.63491565,3.79,1836.796,24.149,5.420,239,29,30,,
T,2023-04-07 19:48:15,6.27735412,-75.63496665,3.79,1835.938,24.149,5.630,262,29,30,,
T,2023-04-07 19:48:16,6.27733897,-75.63503019,3.79,1837.625,24.149,6.940,267,29,30,,
T,2023-04-07 19:48:17,6.27733473,-75.63509855,3.79,1837.913,24.150,6.950,272,29,30,,
T,2023-04-07 19:48:18,6.27734890,-75.63515829,3.79,1837.260,24.150,6.850,283,29,30,,
T,2023-04-07 19:48:19,6.27737767,-75.63521091,3.79,1836.592,24.150,6.310,309,30,30,,
T,2023-04-07 19:48:20,6.27742731,-75.63524618,3.79,1836.982,24.150,6.410,333,29,30,,
T,2023-04-07 19:48:21,6.27748472,-75.63527312,3.79,1837.427,24.150,6.940,336,29,30,,
T,2023-04-07 19:48:22,6.27754350,-75.63531911,3.79,1837.751,24.150,8.040,322,28,30,,
T,2023-04-07 19:48:23,6.27759732,-75.63535518,3.79,1838.205,24.150,7.410,328,28,30,,
T,2023-04-07 19:48:24,6.27764497,-75.63539606,3.79,1839.322,24.150,7.010,320,27,30,,
T,2023-04-07 19:48:25,6.27769578,-75.63543467,3.79,1840.420,24.151,6.530,328,27,30,,
T,2023-04-07 19:48:26,6.27773433,-75.63547756,3.79,1841.107,24.151,6.100,316,27,30,,
T,2023-04-07 19:48:27,6.27776009,-75.63553288,3.79,1841.845,24.151,6.450,292,26,30,,
T,2023-04-07 19:48:28,6.27777341,-75.63559163,3.79,1842.330,24.151,6.840,275,26,30,,
T,2023-04-07 19:48:29,6.27778281,-75.63563723,3.79,1842.704,24.151,4.870,274,26,30,,
T,2023-04-07 19:48:30,6.27779310,-75.63567213,3.79,1842.525,24.152,3.350,293,26,30,,
T,2023-04-07 19:48:31,6.27781344,-75.63569581,3.79,1842.980,24.152,3.130,329,26,30,,
T,2023-04-07 19:48:32,6.27784241,-75.63570508,3.79,1843.807,24.152,4.020,359,25,30,,
T,2023-04-07 19:48:33,6.27787989,-75.63568487,3.79,1843.607,24.151,4.450,35,27,31,,
T,2023-04-07 19:48:34,6.27790327,-75.63565764,3.79,1843.514,24.151,3.970,58,27,31,,
T,2023-04-07 19:48:35,6.27789953,-75.63561957,3.79,1844.110,24.151,3.870,102,27,31,,
T,2023-04-07 19:48:36,6.27790333,-75.63557600,3.79,1843.959,24.151,4.480,74,27,31,,
T,2023-04-07 19:48:37,6.27791369,-75.63551165,3.79,1843.231,24.150,5.130,77,28,31,,
T,2023-04-07 19:48:38,6.27791750,-75.63544321,3.79,1842.283,24.150,6.120,92,28,31,,
T,2023-04-07 19:48:39,6.27792741,-75.63539173,3.79,1841.642,24.150,4.760,95,28,31,,
T,2023-04-07 19:48:40,6.27793218,-75.63535630,3.79,1840.709,24.150,3.900,82,28,31,,
T,2023-04-07 19:48:41,6.27795884,-75.63534496,3.79,1841.687,24.149,3.250,49,28,31,,
T,2023-04-07 19:48:42,6.27798533,-75.63532862,3.79,1842.410,24.149,3.920,28,27,31,,
T,2023-04-07 19:48:43,6.27801903,-75.63532127,3.79,1842.659,24.149,4.240,24,25,31,,
T,2023-04-07 19:48:44,6.27805511,-75.63530972,3.79,1842.286,24.149,4.350,24,24,29,,
T,2023-04-07 19:48:45,6.27808785,-75.63530027,3.79,1842.931,24.149,3.870,20,25,29,,
T,2023-04-07 19:48:46,6.27812579,-75.63530261,4.04,1844.266,24.149,4.310,6,25,29,,
T,2023-04-07 19:48:47,6.27816069,-75.63531781,3.79,1846.138,24.149,4.110,352,26,29,,
T,2023-04-07 19:48:48,6.27819743,-75.63533721,3.79,1846.756,24.149,4.330,352,28,29,,
T,2023-04-07 19:48:49,6.27823181,-75.63535122,3.79,1848.768,24.149,4.050,356,27,29,,
T,2023-04-07 19:48:50,6.27826812,-75.63535878,3.79,1849.468,24.149,4.190,359,27,29,,
T,2023-04-07 19:48:51,6.27830225,-75.63536368,9.94,1850.404,24.149,3.720,360,27,29,,
T,2023-04-07 19:48:52,6.27834053,-75.63536433,10.22,1850.834,24.149,4.130,3,26,29,,
T,2023-04-07 19:48:53,6.27838020,-75.63536729,10.33,1851.480,24.149,4.490,357,25,29,,
T,2023-04-07 19:48:54,6.27841495,-75.63537570,9.94,1852.275,24.149,4.120,352,25,29,,
T,2023-04-07 19:48:55,6.27844859,-75.63538523,9.94,1851.495,24.149,4.070,351,27,29,,
T,2023-04-07 19:48:56,6.27848216,-75.63539746,9.94,1851.811,24.149,4.110,345,27,29,,
T,2023-04-07 19:48:57,6.27851684,-75.63541140,9.94,1852.418,24.149,4.210,339,27,29,,
T,2023-04-07 19:48:58,6.27855507,-75.63542011,9.94,1852.126,24.148,4.180,350,27,28,,
T,2023-04-07 19:48:59,6.27859299,-75.63542364,9.94,1853.441,24.148,4.260,355,27,28,,
T,2023-04-07 19:49:00,6.27863054,-75.63542491,9.94,1854.296,24.148,4.130,352,27,28,,
T,2023-04-07 19:49:01,6.27866670,-75.63542541,9.94,1855.188,24.148,3.950,3,26,28,,
T,2023-04-07 19:49:02,6.27870641,-75.63542858,9.94,1856.458,24.148,4.390,358,25,28,,
T,2023-04-07 19:49:03,6.27874426,-75.63543381,9.94,1856.746,24.148,4.040,360,25,28,,
T,2023-04-07 19:49:04,6.27877622,-75.63544385,9.94,1858.965,24.148,3.600,351,27,28,,
T,2023-04-07 19:49:05,6.27880035,-75.63545418,9.94,1859.202,24.148,2.690,338,27,28,,
T,2023-04-07 19:49:06,6.27881636,-75.63547323,9.94,1860.932,24.148,2.440,288,27,28,,
T,2023-04-07 19:49:07,6.27881945,-75.63551336,9.94,1862.649,24.148,3.870,264,27,28,,
T,2023-04-07 19:49:08,6.27881541,-75.63555636,9.94,1863.381,24.149,4.490,258,28,28,,
T,2023-04-07 19:49:09,6.27880757,-75.63559699,9.94,1864.803,24.149,5.140,247,28,28,,
T,2023-04-07 19:49:10,6.27878841,-75.63563964,9.94,1865.807,24.149,5.530,248,28,28,,
T,2023-04-07 19:49:11,6.27877098,-75.63568723,9.94,1866.370,24.149,6.030,245,28,28,,
T,2023-04-07 19:49:12,6.27875397,-75.63574257,9.94,1866.107,24.150,6.350,252,27,27,,
T,2023-04-07 19:49:13,6.27874118,-75.63579585,9.94,1866.608,24.150,6.520,253,27,27,,
T,2023-04-07 19:49:14,6.27873222,-75.63584879,9.94,1866.313,24.150,6.600,250,26,27,,
T,2023-04-07 19:49:15,6.27872316,-75.63592720,9.94,1864.160,24.151,7.990,247,26,28,,
T,2023-04-07 19:49:16,6.27870886,-75.63600745,9.94,1863.762,24.151,8.730,253,27,28,,
T,2023-04-07 19:49:17,6.27869469,-75.63609276,9.94,1862.826,24.152,9.220,259,26,29,,
T,2023-04-07 19:49:18,6.27868461,-75.63617119,9.94,1862.732,24.152,8.600,264,27,29,,
T,2023-04-07 19:49:19,6.27869195,-75.63623093,9.94,1862.658,24.152,6.820,272,27,29,,
T,2023-04-07 19:49:20,6.27869863,-75.63627621,9.94,1862.619,24.153,4.690,277,27,29,,
T,2023-04-07 19:49:21,6.27870199,-75.63631184,9.94,1863.542,24.153,3.300,272,28,29,,
T,2023-04-07 19:49:22,6.27870321,-75.63633050,9.94,1863.744,24.153,1.480,268,28,29,,
T,2023-04-07 19:49:23,6.27870082,-75.63633534,9.94,1864.599,24.153,0.000,,28,30,,
T,2023-04-07 19:49:24,6.27870111,-75.63633677,9.94,1864.344,24.153,0.000,,29,30,,
T,2023-04-07 19:49:25,6.27870071,-75.63635041,9.94,1864.612,24.153,0.620,279,28,30,,
T,2023-04-07 19:49:26,6.27869627,-75.63637759,9.94,1865.343,24.153,2.860,270,28,30,,
T,2023-04-07 19:49:27,6.27870237,-75.63641210,9.94,1865.596,24.153,5.040,274,28,30,,
T,2023-04-07 19:49:28,6.27870238,-75.63644967,9.94,1866.182,24.153,4.660,270,26,30,,
T,2023-04-07 19:49:29,6.27868495,-75.63649150,9.94,1866.799,24.154,5.510,248,26,30,,
T,2023-04-07 19:49:30,6.27867219,-75.63653137,9.94,1868.178,24.154,5.060,252,26,30,,
T,2023-04-07 19:49:31,6.27865572,-75.63658305,9.94,1869.359,24.154,6.040,252,27,30,,
T,2023-04-07 19:49:32,6.27863807,-75.63664201,9.94,1870.266,24.155,7.310,254,27,30,,
T,2023-04-07 19:49:33,6.27862166,-75.63670749,9.94,1870.993,24.155,7.630,254,26,30,,
T,2023-04-07 19:49:34,6.27860365,-75.63677579,9.94,1872.537,24.155,7.810,259,27,30,,
T,2023-04-07 19:49:35,6.27859618,-75.63683695,9.94,1873.667,24.156,7.090,261,28,30,,
T,2023-04-07 19:49:36,6.27859479,-75.63689431,9.94,1873.464,24.156,6.360,263,28,30,,
T,2023-04-07 19:49:37,6.27860000,-75.63693880,9.94,1872.910,24.156,5.060,261,26,30,,
T,2023-04-07 19:49:38,6.27860014,-75.63696875,9.94,1873.174,24.156,3.110,274,24,30,,
T,2023-04-07 19:49:39,6.27859958,-75.63699019,9.94,1874.103,24.157,2.170,283,25,29,,
T,2023-04-07 19:49:40,6.27860217,-75.63700844,9.94,1874.941,24.157,1.810,316,25,30,,
T,2023-04-07 19:49:41,6.27863800,-75.63702513,9.94,1876.874,24.157,2.750,343,29,31,,
T,2023-04-07 19:49:42,6.27868208,-75.63701813,9.94,1877.578,24.156,3.380,349,29,31,,
T,2023-04-07 19:49:43,6.27871987,-75.63702629,9.94,1877.904,24.156,3.710,346,30,31,,
T,2023-04-07 19:49:44,6.27875866,-75.63703169,9.94,1878.333,24.156,4.090,358,30,31,,
T,2023-04-07 19:49:45,6.27879812,-75.63703299,9.94,1878.719,24.156,4.160,3,30,31,,
T,2023-04-07 19:49:46,6.27883573,-75.63703623,9.94,1878.725,24.156,3.970,359,29,31,,
T,2023-04-07 19:49:47,6.27887425,-75.63704211,9.94,1878.550,24.156,3.960,358,29,31,,
T,2023-04-07 19:49:48,6.27890884,-75.63704488,9.94,1881.105,24.156,3.560,7,29,31,,
T,2023-04-07 19:49:49,6.27893793,-75.63705547,9.94,1880.915,24.156,3.110,346,25,31,,
T,2023-04-07 19:49:50,6.27895787,-75.63706787,9.94,1881.303,24.156,2.440,334,22,31,,
T,2023-04-07 19:49:51,6.27896692,-75.63706987,9.94,1881.154,24.156,0.670,1,22,31,,
T,2023-04-07 19:49:52,6.27896686,-75.63707109,9.94,1880.561,24.156,0.000,,23,31,,
T,2023-04-07 19:49:53,6.27896419,-75.63707018,9.94,1880.777,24.156,0.000,,23,31,,
T,2023-04-07 19:49:54,6.27896339,-75.63706828,9.94,1880.658,24.156,0.000,,23,31,,
T,2023-04-07 19:49:55,6.27896272,-75.63706691,9.94,1880.474,24.156,0.000,,21,31,,
T,2023-04-07 19:49:56,6.27896353,-75.63706514,9.94,1880.360,24.156,0.000,,21,30,,
T,2023-04-07 19:49:57,6.27896369,-75.63706447,9.94,1880.352,24.156,0.000,,19,29,,
T,2023-04-07 19:49:58,6.27896423,-75.63706362,9.94,1880.157,24.156,0.000,,18,29,,
T,2023-04-07 19:49:59,6.27896540,-75.63706158,9.94,1880.513,24.156,0.000,,18,29,,
T,2023-04-07 19:50:00,6.27896355,-75.63705733,9.94,1880.635,24.156,0.000,,20,29,,
T,2023-04-07 19:50:01,6.27896472,-75.63705220,9.94,1880.111,24.156,0.000,,21,28,,
T,2023-04-07 19:50:02,6.27896277,-75.63705110,9.94,1880.151,24.156,0.000,,21,28,,
T,2023-04-07 19:50:03,6.27896289,-75.63704724,9.94,1879.584,24.156,0.000,,22,28,,
T,2023-04-07 19:50:04,6.27896335,-75.63704452,9.94,1879.020,24.156,0.000,,23,28,,
T,2023-04-07 19:50:05,6.27895605,-75.63704918,9.94,1878.834,24.156,0.910,217,23,28,,
T,2023-04-07 19:50:06,6.27894994,-75.63704988,9.94,1878.779,24.156,0.370,217,23,26,,
T,2023-04-07 19:50:07,6.27893906,-75.63704996,9.94,1879.151,24.156,0.920,216,22,25,,
T,2023-04-07 19:50:08,6.27893118,-75.63705196,9.94,1879.988,24.156,0.650,217,22,25,,
T,2023-04-07 19:50:09,6.27893090,-75.63704739,9.94,1879.536,24.156,0.000,,22,25,,
T,2023-04-07 19:50:10,6.27892990,-75.63704629,9.94,1879.266,24.156,0.230,215,22,25,,
T,2023-04-07 19:50:11,6.27893130,-75.63704435,9.94,1879.099,24.156,0.000,,21,25,,
T,2023-04-07 19:50:12,6.27893165,-75.63704374,9.94,1879.073,24.156,0.000,,21,25,,
T,2023-04-07 19:50:13,6.27893161,-75.63704278,9.94,1878.998,24.156,0.000,,21,25,,
T,2023-04-07 19:50:14,6.27893142,-75.63704291,10.04,1879.023,24.156,0.000,,21,25,,
T,2023-04-07 19:50:15,6.27893135,-75.63704307,10.30,1879.032,24.156,0.000,,20,25,,
T,2023-04-07 19:50:16,6.27893138,-75.63704280,10.58,1879.052,24.156,0.000,,20,25,,
T,2023-04-07 19:50:17,6.27893134,-75.63704159,10.99,1879.083,24.156,0.000,,14,25,,
T,2023-04-07 19:50:18,6.27893134,-75.63704125,11.07,1879.086,24.156,0.000,,8,24,,
