type,date time,latitude,longitude,accuracy(m),altitude(m),geoid_height(m),speed(m/s),bearing(deg),sat_used,sat_inview,name,desc
T,2023-05-09 14:50:46,6.24498915,-75.57062339,4.11,1476.562,23.887,0.000,,15,38,20230509-095046,GPS Logger: 20230509-095046 - Viaje 12
T,2023-05-09 14:50:47,6.24499951,-75.57064820,3.79,1478.272,23.887,0.000,,16,38,,
T,2023-05-09 14:50:48,6.24498816,-75.57063997,3.79,1479.597,23.887,0.000,,20,38,,
T,2023-05-09 14:50:49,6.24498084,-75.57064102,3.79,1480.063,23.887,0.000,,20,38,,
T,2023-05-09 14:50:50,6.24497581,-75.57064140,3.79,1480.699,23.887,0.000,,20,38,,
T,2023-05-09 14:50:51,6.24497864,-75.57064380,3.79,1479.888,23.887,0.000,,20,38,,
T,2023-05-09 14:50:52,6.24497736,-75.57065048,3.79,1479.986,23.887,0.000,,20,38,,
T,2023-05-09 14:50:53,6.24498120,-75.57064894,3.79,1478.452,23.887,0.000,,21,38,,
T,2023-05-09 14:50:54,6.24497563,-75.57064273,3.79,1478.891,23.887,0.000,,21,38,,
T,2023-05-09 14:50:55,6.24497485,-75.57064010,3.79,1478.850,23.887,0.000,,21,38,,
T,2023-05-09 14:50:56,6.24497570,-75.57064028,3.79,1478.780,23.887,0.000,,21,38,,
T,2023-05-09 14:50:57,6.24497536,-75.57064044,3.79,1478.897,23.887,0.000,,21,38,,
T,2023-05-09 14:50:58,6.24497552,-75.57064061,3.79,1478.957,23.887,0.000,,21,38,,
T,2023-05-09 14:50:59,6.24497470,-75.57064113,3.79,1479.051,23.887,0.000,,21,38,,
T,2023-05-09 14:51:00,6.24497358,-75.57064126,3.79,1479.226,23.887,0.000,,21,38,,
T,2023-05-09 14:51:01,6.24497274,-75.57064104,3.79,1479.370,23.887,0.000,,21,38,,
T,2023-05-09 14:51:02,6.24497267,-75.57064108,3.79,1479.372,23.887,0.000,,21,38,,
T,2023-05-09 14:51:03,6.24497191,-75.57064099,3.79,1479.507,23.887,0.000,,21,38,,
T,2023-05-09 14:51:04,6.24497143,-75.57064098,3.79,1479.587,23.887,0.000,,20,38,,
T,2023-05-09 14:51:05,6.24497096,-75.57064086,3.79,1479.672,23.887,0.000,,21,38,,
T,2023-05-09 14:51:06,6.24497035,-75.57064069,3.79,1479.776,23.887,0.000,,21,38,,
T,2023-05-09 14:51:07,6.24496996,-75.57064057,3.79,1479.838,23.887,0.000,,21,38,,
T,2023-05-09 14:51:08,6.24496830,-75.57064164,3.79,1479.877,23.887,0.000,,21,38,,
T,2023-05-09 14:51:09,6.24496831,-75.57064149,3.79,1479.887,23.887,0.000,,22,38,,
T,2023-05-09 14:51:10,6.24496823,-75.57064148,3.79,1479.902,23.887,0.000,,22,38,,
T,2023-05-09 14:51:11,6.24496782,-75.57064180,3.79,1479.891,23.887,0.000,,21,38,,
T,2023-05-09 14:51:12,6.24496787,-75.57064177,3.79,1479.876,23.887,0.000,,21,38,,
T,2023-05-09 14:51:13,6.24496768,-75.57064191,3.79,1479.856,23.887,0.000,,21,38,,
T,2023-05-09 14:51:14,6.24496769,-75.57064185,3.79,1479.852,23.887,0.000,,21,38,,
T,2023-05-09 14:51:15,6.24496763,-75.57064187,3.79,1479.841,23.887,0.000,,21,38,,
T,2023-05-09 14:51:16,6.24496764,-75.57064183,3.79,1479.840,23.887,0.000,,21,38,,
T,2023-05-09 14:51:17,6.24496756,-75.57064193,3.79,1479.831,23.887,0.000,,21,38,,
T,2023-05-09 14:51:18,6.24496754,-75.57064192,3.79,1479.825,23.887,0.000,,21,38,,
T,2023-05-09 14:51:19,6.24496749,-75.57064196,3.79,1479.824,23.887,0.000,,21,38,,
T,2023-05-09 14:51:20,6.24496743,-75.57064202,3.79,1479.817,23.887,0.000,,21,38,,
T,2023-05-09 14:51:21,6.24496737,-75.57064213,3.79,1479.811,23.887,0.000,,21,38,,
T,2023-05-09 14:51:22,6.24496738,-75.57064223,3.79,1479.807,23.887,0.000,,20,38,,
T,2023-05-09 14:51:23,6.24496733,-75.57064229,3.79,1479.808,23.887,0.000,,21,38,,
T,2023-05-09 14:51:24,6.24496728,-75.57064237,3.79,1479.817,23.887,0.000,,21,38,,
T,2023-05-09 14:51:25,6.24496723,-75.57064239,3.79,1479.824,23.887,0.000,,21,38,,
T,2023-05-09 14:51:26,6.24496718,-75.57064241,3.79,1479.836,23.887,0.000,,21,38,,
T,2023-05-09 14:51:27,6.24496709,-75.57064238,3.79,1479.846,23.887,0.000,,21,38,,
T,2023-05-09 14:51:28,6.24496706,-75.57064239,3.79,1479.850,23.887,0.000,,20,38,,
T,2023-05-09 14:51:29,6.24496699,-75.57064238,3.79,1479.848,23.887,0.000,,21,38,,
T,2023-05-09 14:51:30,6.24496692,-75.57064235,3.79,1479.847,23.887,0.000,,21,38,,
T,2023-05-09 14:51:31,6.24496688,-75.57064231,3.79,1479.844,23.887,0.000,,20,38,,
T,2023-05-09 14:51:32,6.24496676,-75.57064234,3.79,1479.857,23.887,0.000,,20,38,,
T,2023-05-09 14:51:33,6.24496671,-75.57064232,3.79,1479.861,23.887,0.000,,20,38,,
T,2023-05-09 14:51:34,6.24495953,-75.57064326,3.79,1479.754,23.887,0.490,192,20,38,,
T,2023-05-09 14:51:35,6.24494447,-75.57064995,3.79,1478.963,23.887,1.460,201,20,38,,
T,2023-05-09 14:51:36,6.24492148,-75.57066328,3.79,1478.642,23.887,2.750,220,21,38,,
T,2023-05-09 14:51:37,6.24488378,-75.57070694,3.79,1479.104,23.888,5.320,220,21,38,,
T,2023-05-09 14:51:38,6.24485090,-75.57073740,3.79,1479.051,23.888,4.850,223,22,38,,
T,2023-05-09 14:51:39,6.24483179,-75.57076727,3.79,1478.984,23.888,4.000,239,22,38,,
T,2023-05-09 14:51:40,6.24481561,-75.57079911,3.79,1479.079,23.888,4.050,246,22,38,,
T,2023-05-09 14:51:41,6.24480715,-75.57085403,3.79,1478.708,23.889,5.770,276,22,38,,
T,2023-05-09 14:51:42,6.24482532,-75.57092435,3.79,1478.478,23.889,7.640,282,22,38,,
T,2023-05-09 14:51:43,6.24485716,-75.57099483,3.79,1478.065,23.889,8.240,297,22,38,,
T,2023-05-09 14:51:44,6.24489532,-75.57106226,3.79,1477.714,23.889,8.240,302,22,38,,
T,2023-05-09 14:51:45,6.24493059,-75.57112411,3.79,1476.944,23.890,7.400,300,21,38,,
T,2023-05-09 14:51:46,6.24496020,-75.57117686,3.79,1476.479,23.890,6.560,299,21,38,,
T,2023-05-09 14:51:47,6.24497985,-75.57122033,3.79,1475.797,23.890,4.990,295,22,38,,
T,2023-05-09 14:51:48,6.24499482,-75.57125115,3.79,1475.431,23.890,3.670,301,21,38,,
T,2023-05-09 14:51:49,6.24500711,-75.57127425,3.79,1474.843,23.890,2.820,297,21,38,,
T,2023-05-09 14:51:50,6.24501815,-75.57128960,3.79,1474.581,23.890,1.840,303,21,38,,
T,2023-05-09 14:51:51,6.24503426,-75.57129996,3.79,1473.143,23.890,1.700,291,21,38,,
T,2023-05-09 14:51:52,6.24503858,-75.57131204,3.79,1473.012,23.890,1.350,278,22,38,,
T,2023-05-09 14:51:53,6.24504260,-75.57131994,3.79,1472.270,23.890,0.960,284,22,38,,
T,2023-05-09 14:51:54,6.24504589,-75.57131911,3.79,1471.740,23.890,0.000,,20,38,,
T,2023-05-09 14:51:55,6.24504709,-75.57131658,3.79,1471.252,23.890,0.000,,20,38,,
T,2023-05-09 14:51:56,6.24504785,-75.57131585,3.79,1471.200,23.890,0.000,,19,38,,
T,2023-05-09 14:51:57,6.24504982,-75.57131476,3.79,1470.767,23.890,0.000,,20,38,,
T,2023-05-09 14:51:58,6.24504979,-75.57131579,3.79,1470.964,23.890,0.000,,19,38,,
T,2023-05-09 14:51:59,6.24505063,-75.57131426,3.79,1470.885,23.890,0.000,,19,38,,
T,2023-05-09 14:52:00,6.24505165,-75.57131444,3.79,1470.957,23.890,0.000,,20,38,,
T,2023-05-09 14:52:01,6.24505286,-75.57131438,3.79,1470.956,23.890,0.000,,20,38,,
T,2023-05-09 14:52:02,6.24505397,-75.57131224,3.79,1470.838,23.890,0.000,,21,38,,
T,2023-05-09 14:52:03,6.24505482,-75.57131110,3.79,1470.649,23.890,0.000,,21,38,,
T,2023-05-09 14:52:04,6.24505447,-75.57131106,3.79,1470.499,23.890,0.000,,20,38,,
T,2023-05-09 14:52:05,6.24505420,-75.57131115,3.79,1470.305,23.890,0.000,,19,38,,
T,2023-05-09 14:52:06,6.24505356,-75.57131160,3.79,1470.327,23.890,0.000,,17,38,,
T,2023-05-09 14:52:07,6.24506192,-75.57132355,3.79,1470.238,23.890,2.210,300,18,38,,
T,2023-05-09 14:52:08,6.24508254,-75.57136704,3.79,1469.988,23.891,5.960,294,18,38,,
T,2023-05-09 14:52:09,6.24510299,-75.57141607,3.79,1469.729,23.891,6.260,295,18,38,,
T,2023-05-09 14:52:10,6.24512766,-75.57148985,3.79,1469.253,23.891,8.370,292,18,38,,
T,2023-05-09 14:52:11,6.24515714,-75.57157249,3.79,1469.302,23.892,9.620,291,20,38,,
T,2023-05-09 14:52:12,6.24519370,-75.57165907,3.79,1469.107,23.892,10.170,295,21,38,,
T,2023-05-09 14:52:13,6.24523403,-75.57174820,3.79,1469.023,23.892,10.680,293,20,38,,
T,2023-05-09 14:52:14,6.24527697,-75.57183622,3.79,1468.917,23.893,10.760,297,21,38,,
T,2023-05-09 14:52:15,6.24532101,-75.57192645,3.79,1468.750,23.893,11.120,295,22,38,,
T,2023-05-09 14:52:16,6.24536417,-75.57201406,3.79,1468.709,23.893,10.920,296,22,38,,
T,2023-05-09 14:52:17,6.24539716,-75.57209362,3.79,1468.553,23.894,9.520,289,21,38,,
T,2023-05-09 14:52:18,6.24541933,-75.57215321,3.79,1468.560,23.894,7.250,286,21,38,,
T,2023-05-09 14:52:19,6.24543705,-75.57220638,3.79,1468.565,23.894,6.310,284,21,38,,
T,2023-05-09 14:52:20,6.24544519,-75.57225282,3.79,1468.313,23.895,5.210,275,22,38,,
T,2023-05-09 14:52:21,6.24545376,-75.57230185,3.79,1468.249,23.895,5.200,281,20,38,,
T,2023-05-09 14:52:22,6.24546327,-75.57234468,3.79,1468.183,23.895,4.570,289,20,38,,
T,2023-05-09 14:52:23,6.24548476,-75.57238837,3.79,1467.603,23.895,4.960,283,21,38,,
T,2023-05-09 14:52:24,6.24550096,-75.57243685,3.79,1467.252,23.895,5.640,288,22,38,,
T,2023-05-09 14:52:25,6.24552202,-75.57249361,3.79,1466.992,23.896,6.670,287,21,38,,
T,2023-05-09 14:52:26,6.24554949,-75.57255524,3.79,1467.214,23.896,7.210,293,20,37,,
T,2023-05-09 14:52:27,6.24557824,-75.57261877,3.79,1467.487,23.896,7.460,288,21,38,,
T,2023-05-09 14:52:28,6.24559358,-75.57268652,3.79,1467.830,23.897,7.410,284,21,38,,
T,2023-05-09 14:52:29,6.24561300,-75.57274830,3.79,1468.054,23.897,7.010,286,22,38,,
T,2023-05-09 14:52:30,6.24563323,-75.57282090,3.79,1467.882,23.897,8.230,283,22,38,,
T,2023-05-09 14:52:31,6.24565930,-75.57290453,3.79,1467.970,23.898,9.860,288,22,38,,
T,2023-05-09 14:52:32,6.24569252,-75.57299669,3.79,1468.372,23.898,10.970,289,22,38,,
T,2023-05-09 14:52:33,6.24573156,-75.57310503,3.79,1468.456,23.898,12.380,290,22,38,,
T,2023-05-09 14:52:34,6.24576999,-75.57321555,3.79,1468.797,23.899,12.900,289,21,38,,
T,2023-05-09 14:52:35,6.24581092,-75.57333060,3.79,1468.550,23.899,13.650,289,20,37,,
T,2023-05-09 14:52:36,6.24585154,-75.57344976,3.79,1468.432,23.900,13.760,289,21,38,,
T,2023-05-09 14:52:37,6.24588660,-75.57356043,3.79,1468.875,23.901,12.950,290,22,38,,
T,2023-05-09 14:52:38,6.24591786,-75.57366029,3.79,1469.126,23.901,11.750,289,22,38,,
T,2023-05-09 14:52:39,6.24595047,-75.57376014,3.79,1469.803,23.901,11.500,290,22,38,,
T,2023-05-09 14:52:40,6.24598305,-75.57385268,3.79,1470.109,23.902,10.900,288,22,38,,
T,2023-05-09 14:52:41,6.24601142,-75.57393553,3.79,1470.472,23.902,9.970,289,21,38,,
T,2023-05-09 14:52:42,6.24604136,-75.57401347,3.79,1470.708,23.903,9.120,290,21,38,,
T,2023-05-09 14:52:43,6.24606870,-75.57408605,3.79,1470.716,23.903,8.640,291,22,38,,
T,2023-05-09 14:52:44,6.24609431,-75.57414766,3.79,1470.812,23.903,7.600,291,21,38,,
T,2023-05-09 14:52:45,6.24611259,-75.57419192,3.79,1470.974,23.903,5.450,292,21,38,,
T,2023-05-09 14:52:46,6.24613242,-75.57422885,3.79,1471.252,23.904,4.680,292,21,38,,
T,2023-05-09 14:52:47,6.24614161,-75.57427022,3.79,1471.660,23.904,4.330,286,21,38,,
T,2023-05-09 14:52:48,6.24615575,-75.57429909,3.79,1471.628,23.904,3.460,284,21,38,,
T,2023-05-09 14:52:49,6.24617050,-75.57434223,3.79,1470.929,23.904,4.770,282,20,38,,
T,2023-05-09 14:52:50,6.24618447,-75.57439408,3.79,1470.941,23.904,5.650,288,19,38,,
T,2023-05-09 14:52:51,6.24619662,-75.57443468,3.79,1470.732,23.904,4.780,292,18,38,,
T,2023-05-09 14:52:52,6.24620802,-75.57446420,3.79,1470.571,23.905,3.650,292,18,38,,
T,2023-05-09 14:52:53,6.24622064,-75.57447723,3.79,1468.774,23.905,1.840,330,18,38,,
T,2023-05-09 14:52:54,6.24622408,-75.57449519,3.79,1469.143,23.905,1.490,296,21,38,,
T,2023-05-09 14:52:55,6.24622767,-75.57450779,3.79,1469.168,23.905,1.210,297,20,38,,
T,2023-05-09 14:52:56,6.24622919,-75.57451524,3.79,1469.716,23.905,0.610,298,19,38,,
T,2023-05-09 14:52:57,6.24622838,-75.57451740,3.79,1469.851,23.905,0.000,,19,38,,
T,2023-05-09 14:52:58,6.24622769,-75.57451849,3.79,1469.929,23.905,0.000,,19,38,,
T,2023-05-09 14:52:59,6.24622858,-75.57452541,3.79,1469.569,23.905,0.670,292,18,38,,
T,2023-05-09 14:53:00,6.24623375,-75.57453707,3.79,1469.916,23.905,1.260,299,18,38,,
T,2023-05-09 14:53:01,6.24626804,-75.57459905,3.79,1469.311,23.905,5.030,297,18,38,,
T,2023-05-09 14:53:02,6.24631261,-75.57465673,3.79,1469.429,23.905,7.270,310,19,38,,
T,2023-05-09 14:53:03,6.24637042,-75.57471440,3.79,1469.011,23.906,8.610,315,20,38,,
T,2023-05-09 14:53:04,6.24643732,-75.57478094,3.79,1468.647,23.906,10.210,316,20,38,,
T,2023-05-09 14:53:05,6.24650833,-75.57485252,3.79,1468.267,23.906,11.270,316,21,38,,
T,2023-05-09 14:53:06,6.24658043,-75.57492444,3.79,1467.459,23.906,11.260,316,22,38,,
T,2023-05-09 14:53:07,6.24664576,-75.57499671,3.79,1467.292,23.907,10.820,310,23,38,,
T,2023-05-09 14:53:08,6.24670190,-75.57507113,3.79,1467.022,23.907,10.190,301,23,38,,
T,2023-05-09 14:53:09,6.24674107,-75.57514681,3.79,1467.151,23.907,9.490,288,23,38,,
T,2023-05-09 14:53:10,6.24676082,-75.57522048,3.79,1468.194,23.907,8.190,273,23,38,,
T,2023-05-09 14:53:11,6.24675884,-75.57529423,3.79,1468.453,23.908,7.720,259,23,38,,
T,2023-05-09 14:53:12,6.24672359,-75.57537575,3.79,1466.733,23.908,9.050,245,24,38,,
T,2023-05-09 14:53:13,6.24666885,-75.57546947,3.79,1467.080,23.909,11.350,240,24,38,,
T,2023-05-09 14:53:14,6.24661325,-75.57555769,3.79,1467.324,23.909,11.720,237,23,38,,
T,2023-05-09 14:53:15,6.24655526,-75.57564012,3.79,1467.591,23.910,10.520,231,23,38,,
T,2023-05-09 14:53:16,6.24649987,-75.57569909,3.79,1467.246,23.910,9.010,221,23,38,,
T,2023-05-09 14:53:17,6.24645609,-75.57573534,3.79,1467.581,23.911,6.710,216,24,38,,
T,2023-05-09 14:53:18,6.24641815,-75.57576554,3.79,1468.125,23.911,5.180,210,24,38,,
T,2023-05-09 14:53:19,6.24639433,-75.57577434,3.79,1468.836,23.911,3.010,184,24,38,,
T,2023-05-09 14:53:20,6.24637497,-75.57577844,3.79,1468.727,23.911,1.630,151,24,38,,
T,2023-05-09 14:53:21,6.24636390,-75.57577634,3.79,1468.877,23.911,1.330,169,24,38,,
T,2023-05-09 14:53:22,6.24635565,-75.57577469,3.79,1469.249,23.911,0.920,180,24,38,,
T,2023-05-09 14:53:23,6.24634959,-75.57577482,3.79,1469.340,23.911,0.540,174,24,38,,
T,2023-05-09 14:53:24,6.24634132,-75.57577444,3.79,1469.622,23.911,0.850,172,24,38,,
T,2023-05-09 14:53:25,6.24632607,-75.57577185,3.79,1470.384,23.911,1.300,156,24,38,,
T,2023-05-09 14:53:26,6.24629181,-75.57576573,4.08,1470.605,23.911,3.230,166,24,38,,
T,2023-05-09 14:53:27,6.24621193,-75.57574807,4.34,1470.171,23.911,5.600,151,24,38,,
T,2023-05-09 14:53:28,6.24611399,-75.57567986,3.93,1470.489,23.911,9.950,148,24,38,,
T,2023-05-09 14:53:29,6.24602760,-75.57563457,3.82,1470.966,23.911,10.780,151,24,38,,
T,2023-05-09 14:53:30,6.24590906,-75.57556930,3.79,1471.228,23.911,13.480,151,24,38,,
T,2023-05-09 14:53:31,6.24579263,-75.57550981,3.79,1471.445,23.911,13.940,151,24,38,,
T,2023-05-09 14:53:32,6.24568324,-75.57545752,3.79,1470.932,23.911,12.590,154,24,38,,
T,2023-05-09 14:53:33,6.24557328,-75.57542004,3.79,1471.034,23.911,12.630,161,24,38,,
T,2023-05-09 14:53:34,6.24545293,-75.57540048,3.79,1470.947,23.911,13.540,173,24,38,,
T,2023-05-09 14:53:35,6.24532013,-75.57540459,3.79,1471.558,23.911,14.570,183,24,38,,
T,2023-05-09 14:53:36,6.24518415,-75.57541289,3.79,1471.701,23.912,15.310,182,24,38,,
T,2023-05-09 14:53:37,6.24503970,-75.57541646,3.79,1472.093,23.912,15.840,181,24,38,,
T,2023-05-09 14:53:38,6.24488737,-75.57541968,3.79,1472.394,23.912,16.430,181,24,38,,
T,2023-05-09 14:53:39,6.24473007,-75.57542836,3.79,1472.212,23.912,17.220,182,24,38,,
T,2023-05-09 14:53:40,6.24457621,-75.57543361,3.79,1472.419,23.913,17.020,182,24,38,,
T,2023-05-09 14:53:41,6.24443198,-75.57543368,3.82,1473.177,23.913,16.130,178,24,38,,
T,2023-05-09 14:53:42,6.24428370,-75.57544015,4.17,1473.096,23.913,16.260,181,24,38,,
T,2023-05-09 14:53:43,6.24415444,-75.57544393,4.27,1473.381,23.914,15.110,175,24,38,,
T,2023-05-09 14:53:44,6.24402392,-75.57544215,4.38,1473.354,23.914,14.570,177,24,38,,
T,2023-05-09 14:53:45,6.24387921,-75.57544156,4.37,1473.606,23.914,16.190,178,24,38,,
T,2023-05-09 14:53:46,6.24372562,-75.57544181,4.38,1473.231,23.914,17.010,179,22,38,,
T,2023-05-09 14:53:47,6.24356662,-75.57544351,4.35,1473.198,23.915,17.410,179,23,38,,
T,2023-05-09 14:53:48,6.24341117,-75.57545047,4.19,1474.150,23.915,17.190,180,24,38,,
T,2023-05-09 14:53:49,6.24325078,-75.57546057,4.03,1473.726,23.916,17.440,178,23,38,,
T,2023-05-09 14:53:50,6.24308502,-75.57546268,3.79,1473.877,23.916,17.950,178,23,38,,
T,2023-05-09 14:53:51,6.24292093,-75.57546515,3.79,1473.889,23.916,18.110,181,24,38,,
T,2023-05-09 14:53:52,6.24275429,-75.57546484,3.79,1474.426,23.917,18.030,178,24,38,,
T,2023-05-09 14:53:53,6.24257801,-75.57544831,3.79,1474.718,23.917,18.580,178,24,38,,
T,2023-05-09 14:53:54,6.24240268,-75.57543951,3.79,1474.372,23.917,19.070,177,24,38,,
T,2023-05-09 14:53:55,6.24222806,-75.57543693,3.79,1474.536,23.917,19.500,178,24,38,,
T,2023-05-09 14:53:56,6.24204799,-75.57543347,3.79,1474.625,23.918,19.990,179,24,38,,
T,2023-05-09 14:53:57,6.24186399,-75.57542238,3.79,1474.996,23.918,20.680,179,24,38,,
T,2023-05-09 14:53:58,6.24167278,-75.57541999,3.79,1476.309,23.918,21.290,180,24,38,,
T,2023-05-09 14:53:59,6.24148491,-75.57542287,3.79,1476.942,23.919,20.770,182,24,38,,
T,2023-05-09 14:54:00,6.24130473,-75.57542711,3.79,1477.187,23.919,20.050,182,23,38,,
T,2023-05-09 14:54:01,6.24113066,-75.57543329,3.79,1478.346,23.919,19.210,182,22,38,,
T,2023-05-09 14:54:02,6.24095872,-75.57544350,3.79,1479.183,23.920,18.820,183,23,38,,
T,2023-05-09 14:54:03,6.24079589,-75.57545543,3.79,1480.353,23.920,17.800,183,23,38,,
T,2023-05-09 14:54:04,6.24064501,-75.57546454,3.79,1480.565,23.921,16.750,182,22,38,,
T,2023-05-09 14:54:05,6.24049360,-75.57547959,3.79,1480.512,23.921,16.550,182,23,38,,
T,2023-05-09 14:54:06,6.24033925,-75.57549176,3.79,1481.938,23.921,16.880,183,23,38,,
T,2023-05-09 14:54:07,6.24018476,-75.57550349,3.79,1481.972,23.922,16.830,185,22,38,,
T,2023-05-09 14:54:08,6.24002568,-75.57551614,3.79,1482.836,23.922,17.500,185,22,38,,
T,2023-05-09 14:54:09,6.23986592,-75.57553543,3.79,1483.329,23.922,17.420,187,23,38,,
T,2023-05-09 14:54:10,6.23971941,-75.57555577,3.79,1483.762,23.923,16.360,188,23,38,,
T,2023-05-09 14:54:11,6.23958052,-75.57557585,3.79,1483.704,23.923,15.540,189,23,38,,
T,2023-05-09 14:54:12,6.23944137,-75.57559890,3.79,1483.575,23.924,15.580,190,24,38,,
T,2023-05-09 14:54:13,6.23929958,-75.57562320,3.79,1483.325,23.924,16.080,191,24,38,,
T,2023-05-09 14:54:14,6.23915666,-75.57564636,3.79,1483.157,23.924,16.150,189,24,38,,
T,2023-05-09 14:54:15,6.23900549,-75.57567669,3.79,1483.455,23.925,16.860,191,24,38,,
T,2023-05-09 14:54:16,6.23885598,-75.57571630,3.79,1483.643,23.925,16.870,195,24,38,,
T,2023-05-09 14:54:17,6.23870482,-75.57575750,3.79,1484.235,23.926,17.040,196,24,38,,
T,2023-05-09 14:54:18,6.23855106,-75.57579874,3.79,1484.510,23.926,17.460,195,24,38,,
T,2023-05-09 14:54:19,6.23839810,-75.57584505,3.79,1484.959,23.927,17.510,197,24,38,,
T,2023-05-09 14:54:20,6.23823560,-75.57588463,3.79,1485.868,23.927,18.260,197,24,38,,
T,2023-05-09 14:54:21,6.23807708,-75.57593344,3.79,1485.892,23.928,18.290,197,24,38,,
T,2023-05-09 14:54:22,6.23791792,-75.57598371,3.79,1485.999,23.929,18.490,198,23,38,,
T,2023-05-09 14:54:23,6.23776334,-75.57604307,3.79,1486.520,23.929,18.460,200,23,38,,
T,2023-05-09 14:54:24,6.23761579,-75.57611185,3.79,1486.102,23.930,17.810,204,23,38,,
T,2023-05-09 14:54:25,6.23746758,-75.57618716,3.79,1486.605,23.931,18.540,208,23,38,,
T,2023-05-09 14:54:26,6.23732730,-75.57626606,3.79,1486.705,23.931,17.980,210,23,38,,
T,2023-05-09 14:54:27,6.23719802,-75.57634519,3.79,1487.142,23.932,16.880,214,23,38,,
T,2023-05-09 14:54:28,6.23707748,-75.57642205,3.79,1486.945,23.933,16.040,215,24,38,,
T,2023-05-09 14:54:29,6.23696602,-75.57649180,3.79,1486.365,23.933,14.830,211,24,38,,
T,2023-05-09 14:54:30,6.23687021,-75.57655102,3.79,1485.931,23.934,12.690,210,24,38,,
T,2023-05-09 14:54:31,6.23678594,-75.57660216,3.79,1486.352,23.934,11.250,210,24,38,,
T,2023-05-09 14:54:32,6.23669466,-75.57665096,3.79,1486.162,23.934,11.710,207,24,38,,
T,2023-05-09 14:54:33,6.23659632,-75.57670699,3.79,1486.294,23.935,12.400,207,24,38,,
T,2023-05-09 14:54:34,6.23649305,-75.57677143,3.79,1486.321,23.935,13.330,209,24,38,,
T,2023-05-09 14:54:35,6.23637365,-75.57684517,3.79,1486.304,23.936,15.080,209,24,38,,
T,2023-05-09 14:54:36,6.23625189,-75.57692045,3.79,1485.458,23.937,16.400,210,24,38,,
T,2023-05-09 14:54:37,6.23611582,-75.57698709,3.79,1485.389,23.937,16.850,205,24,38,,
T,2023-05-09 14:54:38,6.23596089,-75.57704564,3.79,1485.217,23.938,17.650,200,24,38,,
T,2023-05-09 14:54:39,6.23579900,-75.57709690,3.79,1484.642,23.939,18.650,197,24,38,,
T,2023-05-09 14:54:40,6.23563336,-75.57714172,3.79,1484.594,23.939,19.610,196,24,38,,
T,2023-05-09 14:54:41,6.23545663,-75.57718834,3.79,1484.266,23.940,20.500,196,24,38,,
T,2023-05-09 14:54:42,6.23526533,-75.57723986,3.79,1483.133,23.940,21.600,196,23,38,,
T,2023-05-09 14:54:43,6.23508068,-75.57729833,3.79,1483.274,23.941,21.450,195,23,38,,
T,2023-05-09 14:54:44,6.23489177,-75.57735558,3.79,1482.955,23.942,21.870,197,23,38,,
T,2023-05-09 14:54:45,6.23469620,-75.57740029,3.79,1482.865,23.942,22.010,196,21,38,,
T,2023-05-09 14:54:46,6.23449835,-75.57744610,3.79,1482.734,23.943,22.510,196,21,38,,
T,2023-05-09 14:54:47,6.23430442,-75.57749049,3.79,1482.601,23.943,22.170,195,21,38,,
T,2023-05-09 14:54:48,6.23410916,-75.57752917,3.79,1482.315,23.944,22.090,193,21,38,,
T,2023-05-09 14:54:49,6.23391511,-75.57756926,3.79,1482.225,23.945,21.860,192,22,38,,
T,2023-05-09 14:54:50,6.23371922,-75.57760013,3.79,1482.532,23.945,21.680,190,22,39,,
T,2023-05-09 14:54:51,6.23352461,-75.57763197,3.79,1483.046,23.946,22.010,189,24,39,,
T,2023-05-09 14:54:52,6.23332107,-75.57764776,3.79,1483.818,23.946,22.140,186,24,39,,
T,2023-05-09 14:54:53,6.23312332,-75.57766437,3.79,1483.764,23.947,21.820,185,24,39,,
T,2023-05-09 14:54:54,6.23292421,-75.57766833,3.79,1483.640,23.947,21.800,182,24,39,,
T,2023-05-09 14:54:55,6.23273045,-75.57766788,3.79,1484.380,23.947,21.410,180,24,39,,
T,2023-05-09 14:54:56,6.23254189,-75.57766526,3.79,1484.817,23.948,20.680,175,24,39,,
T,2023-05-09 14:54:57,6.23235297,-75.57765339,3.79,1486.067,23.948,21.010,176,23,39,,
T,2023-05-09 14:54:58,6.23215750,-75.57764337,3.79,1486.790,23.948,21.360,176,23,39,,
T,2023-05-09 14:54:59,6.23195961,-75.57762685,3.79,1487.537,23.949,21.740,175,23,39,,
T,2023-05-09 14:55:00,6.23176088,-75.57760071,3.79,1487.719,23.949,21.990,173,23,39,,
T,2023-05-09 14:55:01,6.23155886,-75.57757372,3.79,1488.009,23.949,22.270,171,23,39,,
T,2023-05-09 14:55:02,6.23136195,-75.57754259,3.79,1487.595,23.949,22.190,170,23,39,,
T,2023-05-09 14:55:03,6.23116405,-75.57750740,3.79,1487.678,23.950,22.070,168,23,39,,
T,2023-05-09 14:55:04,6.23096929,-75.57746681,3.79,1486.957,23.950,21.980,166,23,39,,
T,2023-05-09 14:55:05,6.23077780,-75.57742141,3.79,1485.956,23.950,21.810,164,22,39,,
T,2023-05-09 14:55:06,6.23058979,-75.57737027,3.79,1484.992,23.950,21.580,163,23,39,,
T,2023-05-09 14:55:07,6.23040033,-75.57731510,3.79,1484.203,23.950,21.790,161,23,39,,
T,2023-05-09 14:55:08,6.23020840,-75.57726238,3.79,1483.281,23.950,22.000,163,23,39,,
T,2023-05-09 14:55:09,6.23001254,-75.57721558,3.79,1482.966,23.950,22.000,165,24,39,,
T,2023-05-09 14:55:10,6.22982485,-75.57718072,3.79,1482.106,23.951,21.520,171,24,39,,
T,2023-05-09 14:55:11,6.22963131,-75.57716082,3.79,1482.061,23.951,21.190,176,23,39,,
T,2023-05-09 14:55:12,6.22944845,-75.57715772,3.79,1482.324,23.951,20.380,180,24,39,,
T,2023-05-09 14:55:13,6.22928073,-75.57716964,3.79,1482.510,23.952,18.780,186,24,39,,
T,2023-05-09 14:55:14,6.22911603,-75.57718934,3.79,1482.681,23.952,18.400,190,24,39,,
T,2023-05-09 14:55:15,6.22898430,-75.57723123,3.79,1482.673,23.952,16.070,197,23,39,,
T,2023-05-09 14:55:16,6.22886192,-75.57728324,3.79,1482.748,23.953,15.090,200,23,39,,
T,2023-05-09 14:55:17,6.22873941,-75.57734392,3.79,1482.798,23.954,15.160,205,24,39,,
T,2023-05-09 14:55:18,6.22861763,-75.57740164,3.79,1483.104,23.954,14.910,205,24,39,,
T,2023-05-09 14:55:19,6.22849443,-75.57746000,3.79,1483.135,23.955,14.700,201,24,39,,
T,2023-05-09 14:55:20,6.22836987,-75.57751402,3.79,1483.180,23.955,15.030,201,24,39,,
T,2023-05-09 14:55:21,6.22824634,-75.57756195,3.79,1483.154,23.956,14.670,197,24,39,,
T,2023-05-09 14:55:22,6.22811227,-75.57761155,3.79,1482.858,23.956,15.380,198,24,39,,
T,2023-05-09 14:55:23,6.22798008,-75.57766093,3.79,1483.161,23.957,15.740,199,24,39,,
T,2023-05-09 14:55:24,6.22785163,-75.57771612,3.79,1483.095,23.957,15.820,201,24,39,,
T,2023-05-09 14:55:25,6.22771410,-75.57775618,3.79,1483.060,23.958,15.810,198,24,39,,
T,2023-05-09 14:55:26,6.22758761,-75.57781085,3.79,1483.079,23.958,15.930,201,24,39,,
T,2023-05-09 14:55:27,6.22745627,-75.57786699,3.79,1483.035,23.959,15.870,203,23,39,,
T,2023-05-09 14:55:28,6.22733419,-75.57792199,3.79,1482.678,23.959,14.960,202,23,39,,
T,2023-05-09 14:55:29,6.22721778,-75.57796846,3.79,1482.785,23.960,14.000,201,23,39,,
T,2023-05-09 14:55:30,6.22710157,-75.57801421,3.79,1482.537,23.960,13.790,202,23,39,,
T,2023-05-09 14:55:31,6.22698915,-75.57805389,3.79,1482.845,23.961,13.320,197,23,39,,
T,2023-05-09 14:55:32,6.22687499,-75.57809282,3.79,1482.564,23.961,13.450,198,23,39,,
T,2023-05-09 14:55:33,6.22676043,-75.57813062,3.79,1483.634,23.961,12.940,198,23,39,,
T,2023-05-09 14:55:34,6.22664574,-75.57816903,3.79,1484.675,23.962,12.210,201,24,39,,
T,2023-05-09 14:55:35,6.22655415,-75.57820890,3.79,1485.477,23.962,11.490,201,24,39,,
T,2023-05-09 14:55:36,6.22645901,-75.57823953,3.79,1486.380,23.963,10.720,200,24,39,,
T,2023-05-09 14:55:37,6.22637409,-75.57826500,3.79,1487.453,23.963,8.690,198,24,39,,
T,2023-05-09 14:55:38,6.22630946,-75.57828620,3.79,1487.734,23.963,7.490,198,24,39,,
T,2023-05-09 14:55:39,6.22626457,-75.57829757,3.79,1487.706,23.963,5.480,196,24,39,,
T,2023-05-09 14:55:40,6.22624210,-75.57830426,3.79,1487.640,23.963,3.370,200,24,39,,
T,2023-05-09 14:55:41,6.22622286,-75.57830448,3.79,1487.838,23.963,2.330,204,24,39,,
T,2023-05-09 14:55:42,6.22621393,-75.57830744,3.79,1487.504,23.963,1.040,201,24,39,,
T,2023-05-09 14:55:43,6.22621076,-75.57830465,3.79,1488.032,23.963,0.210,191,24,39,,
T,2023-05-09 14:55:44,6.22620151,-75.57829722,3.79,1489.049,23.963,0.000,,23,39,,
T,2023-05-09 14:55:45,6.22620157,-75.57829728,3.79,1488.808,23.963,0.000,,23,39,,
T,2023-05-09 14:55:46,6.22620575,-75.57829529,3.79,1488.110,23.963,0.000,,23,39,,
T,2023-05-09 14:55:47,6.22620514,-75.57829579,3.79,1487.967,23.963,0.000,,23,39,,
T,2023-05-09 14:55:48,6.22620889,-75.57829858,3.79,1487.663,23.963,0.000,,23,39,,
T,2023-05-09 14:55:49,6.22621088,-75.57830087,3.79,1487.378,23.963,0.000,,23,39,,
T,2023-05-09 14:55:50,6.22621461,-75.57830256,3.79,1486.912,23.963,0.000,,23,39,,
T,2023-05-09 14:55:51,6.22621744,-75.57830440,3.79,1486.698,23.963,0.000,,23,39,,
T,2023-05-09 14:55:52,6.22621850,-75.57830527,3.79,1486.515,23.963,0.000,,22,39,,
T,2023-05-09 14:55:53,6.22621927,-75.57830635,3.79,1486.087,23.963,0.000,,21,39,,
T,2023-05-09 14:55:54,6.22621991,-75.57830631,3.79,1485.993,23.963,0.000,,19,39,,
T,2023-05-09 14:55:55,6.22621992,-75.57830629,3.79,1485.982,23.963,0.000,,22,39,,
T,2023-05-09 14:55:56,6.22621903,-75.57830580,3.79,1486.110,23.963,0.000,,22,39,,
T,2023-05-09 14:55:57,6.22621877,-75.57830548,3.79,1486.171,23.963,0.000,,23,39,,
T,2023-05-09 14:55:58,6.22621878,-75.57830549,3.79,1486.172,23.963,0.000,,23,39,,
T,2023-05-09 14:55:59,6.22621880,-75.57830543,3.79,1486.180,23.963,0.000,,23,39,,
T,2023-05-09 14:56:00,6.22621862,-75.57830552,3.79,1486.188,23.963,0.000,,23,39,,
T,2023-05-09 14:56:01,6.22621862,-75.57830551,3.79,1486.188,23.963,0.000,,24,39,,
T,2023-05-09 14:56:02,6.22621864,-75.57830551,3.79,1486.188,23.963,0.000,,24,39,,
T,2023-05-09 14:56:03,6.22621864,-75.57830550,3.79,1486.187,23.963,0.000,,24,39,,
T,2023-05-09 14:56:04,6.22621864,-75.57830549,3.79,1486.187,23.963,0.000,,19,39,,
T,2023-05-09 14:56:05,6.22621865,-75.57830548,3.79,1486.187,23.963,0.000,,18,39,,
T,2023-05-09 14:56:06,6.22618822,-75.57830673,3.79,1486.719,23.964,2.100,198,21,39,,
T,2023-05-09 14:56:07,6.22616716,-75.57831704,3.79,1486.679,23.964,2.380,211,24,39,,
T,2023-05-09 14:56:08,6.22614649,-75.57832687,3.79,1486.717,23.964,2.540,207,24,39,,
T,2023-05-09 14:56:09,6.22613249,-75.57833611,3.79,1486.416,23.964,1.940,220,24,39,,
T,2023-05-09 14:56:10,6.22611920,-75.57834200,3.79,1486.516,23.964,1.600,203,24,39,,
T,2023-05-09 14:56:11,6.22611900,-75.57834151,3.79,1485.858,23.964,0.000,,24,39,,
T,2023-05-09 14:56:12,6.22611628,-75.57834278,3.79,1486.040,23.964,0.430,202,24,39,,
T,2023-05-09 14:56:13,6.22611421,-75.57834653,3.79,1485.620,23.964,0.000,,24,39,,
T,2023-05-09 14:56:14,6.22611259,-75.57834955,3.79,1486.012,23.964,0.000,,24,39,,
T,2023-05-09 14:56:15,6.22611332,-75.57835120,3.79,1486.037,23.964,0.000,,24,39,,
T,2023-05-09 14:56:16,6.22609335,-75.57835645,3.79,1486.158,23.964,2.440,194,24,39,,
T,2023-05-09 14:56:17,6.22606583,-75.57836648,3.79,1485.722,23.964,3.090,197,23,39,,
T,2023-05-09 14:56:18,6.22601000,-75.57839222,3.79,1485.167,23.964,5.260,199,24,39,,
T,2023-05-09 14:56:19,6.22595554,-75.57841180,3.79,1486.023,23.965,6.320,207,24,39,,
T,2023-05-09 14:56:20,6.22589371,-75.57844120,3.79,1485.512,23.965,7.930,197,24,39,,
T,2023-05-09 14:56:21,6.22581529,-75.57847234,3.79,1485.572,23.965,9.150,201,24,39,,
T,2023-05-09 14:56:22,6.22572402,-75.57850584,3.79,1486.141,23.965,10.290,203,23,39,,
T,2023-05-09 14:56:23,6.22563843,-75.57854020,3.79,1485.872,23.966,10.260,201,23,39,,
T,2023-05-09 14:56:24,6.22555159,-75.57857983,3.79,1485.208,23.966,10.500,203,22,39,,
T,2023-05-09 14:56:25,6.22546429,-75.57861433,3.79,1485.491,23.967,10.890,200,22,39,,
T,2023-05-09 14:56:26,6.22536537,-75.57864511,3.79,1484.694,23.967,11.300,199,22,39,,
T,2023-05-09 14:56:27,6.22526882,-75.57868126,3.79,1484.401,23.967,11.370,197,22,39,,
T,2023-05-09 14:56:28,6.22517015,-75.57872057,3.79,1484.246,23.968,11.740,198,22,39,,
T,2023-05-09 14:56:29,6.22506255,-75.57876432,3.79,1484.378,23.968,12.510,202,22,39,,
T,2023-05-09 14:56:30,6.22495454,-75.57880555,3.79,1485.202,23.969,12.860,200,22,39,,
T,2023-05-09 14:56:31,6.22484867,-75.57884406,3.79,1485.393,23.969,12.560,199,22,39,,
T,2023-05-09 14:56:32,6.22474041,-75.57888576,3.79,1485.416,23.969,12.800,198,22,39,,
T,2023-05-09 14:56:33,6.22463138,-75.57892669,3.79,1485.556,23.970,12.860,199,21,39,,
T,2023-05-09 14:56:34,6.22452140,-75.57896870,3.79,1485.717,23.970,12.930,199,22,39,,
T,2023-05-09 14:56:35,6.22441131,-75.57900788,3.79,1485.952,23.971,12.910,200,22,39,,
T,2023-05-09 14:56:36,6.22430553,-75.57904764,3.79,1485.720,23.971,12.380,199,22,39,,
T,2023-05-09 14:56:37,6.22419704,-75.57908635,3.79,1486.186,23.971,12.230,199,22,39,,
T,2023-05-09 14:56:38,6.22409174,-75.57912424,3.79,1486.267,23.972,12.200,199,22,39,,
T,2023-05-09 14:56:39,6.22399813,-75.57916276,3.79,1485.429,23.972,11.770,198,22,39,,
T,2023-05-09 14:56:40,6.22389390,-75.57920267,3.79,1485.631,23.973,12.070,201,23,39,,
T,2023-05-09 14:56:41,6.22379840,-75.57924206,3.79,1485.885,23.973,11.630,202,23,39,,
T,2023-05-09 14:56:42,6.22370249,-75.57928177,3.79,1485.674,23.973,11.410,200,23,39,,
T,2023-05-09 14:56:43,6.22359999,-75.57931621,3.79,1486.149,23.974,11.650,199,23,39,,
T,2023-05-09 14:56:44,6.22350026,-75.57935205,3.79,1487.408,23.974,11.820,199,23,39,,
T,2023-05-09 14:56:45,6.22340092,-75.57939375,3.79,1487.266,23.975,11.880,197,23,39,,
T,2023-05-09 14:56:46,6.22329861,-75.57942810,3.79,1487.248,23.975,12.180,197,23,39,,
T,2023-05-09 14:56:47,6.22319403,-75.57946235,3.79,1487.077,23.975,12.330,198,23,39,,
T,2023-05-09 14:56:48,6.22309258,-75.57949765,3.79,1487.006,23.976,12.050,195,23,39,,
T,2023-05-09 14:56:49,6.22298991,-75.57953893,3.79,1486.719,23.976,12.320,196,23,39,,
T,2023-05-09 14:56:50,6.22288153,-75.57957634,3.79,1486.835,23.977,12.340,197,23,39,,
T,2023-05-09 14:56:51,6.22277591,-75.57961376,3.79,1487.142,23.977,12.170,197,23,39,,
T,2023-05-09 14:56:52,6.22267617,-75.57965106,3.79,1487.079,23.977,11.810,195,23,39,,
T,2023-05-09 14:56:53,6.22258195,-75.57968196,3.79,1487.013,23.978,11.010,197,23,39,,
T,2023-05-09 14:56:54,6.22248874,-75.57971805,3.79,1487.044,23.978,11.090,198,23,39,,
T,2023-05-09 14:56:55,6.22240297,-75.57975305,3.79,1487.067,23.978,10.470,198,23,39,,
T,2023-05-09 14:56:56,6.22231485,-75.57978728,3.79,1486.978,23.979,10.500,200,23,39,,
T,2023-05-09 14:56:57,6.22222456,-75.57981561,3.79,1487.011,23.979,10.490,196,23,39,,
T,2023-05-09 14:56:58,6.22213334,-75.57984719,3.79,1487.003,23.979,10.660,195,23,39,,
T,2023-05-09 14:56:59,6.22204146,-75.57987799,3.79,1487.027,23.980,10.700,196,22,39,,
T,2023-05-09 14:57:00,6.22195825,-75.57991161,3.79,1486.808,23.980,9.900,197,22,39,,
T,2023-05-09 14:57:01,6.22189307,-75.57993042,3.79,1486.983,23.980,7.660,192,22,39,,
T,2023-05-09 14:57:02,6.22184393,-75.57994790,3.79,1487.311,23.981,5.900,194,22,39,,
T,2023-05-09 14:57:03,6.22179382,-75.57996777,3.79,1487.072,23.981,6.020,189,21,39,,
T,2023-05-09 14:57:04,6.22173625,-75.57998264,3.79,1487.415,23.981,6.730,191,21,39,,
T,2023-05-09 14:57:05,6.22167509,-75.58000030,3.79,1486.627,23.981,6.990,188,22,39,,
T,2023-05-09 14:57:06,6.22161522,-75.58001378,3.79,1486.919,23.981,7.130,190,22,39,,
T,2023-05-09 14:57:07,6.22155126,-75.58003061,3.79,1487.118,23.982,7.430,190,22,39,,
T,2023-05-09 14:57:08,6.22148392,-75.58004496,3.79,1487.403,23.982,7.420,188,22,39,,
T,2023-05-09 14:57:09,6.22142121,-75.58005631,3.79,1487.903,23.982,7.170,189,22,39,,
T,2023-05-09 14:57:10,6.22137061,-75.58006724,3.79,1488.084,23.982,5.800,189,22,39,,
T,2023-05-09 14:57:11,6.22131841,-75.58007540,3.79,1488.869,23.982,5.650,183,22,39,,
T,2023-05-09 14:57:12,6.22125576,-75.58009290,3.79,1488.652,23.982,6.940,189,23,39,,
T,2023-05-09 14:57:13,6.22118409,-75.58011219,3.79,1488.753,23.983,8.130,191,24,39,,
T,2023-05-09 14:57:14,6.22110097,-75.58013230,3.79,1488.519,23.983,9.310,190,24,39,,
T,2023-05-09 14:57:15,6.22100171,-75.58015617,3.79,1489.601,23.983,10.810,194,24,39,,
T,2023-05-09 14:57:16,6.22089613,-75.58018100,3.79,1489.478,23.984,11.860,194,24,39,,
T,2023-05-09 14:57:17,6.22078196,-75.58020364,3.79,1491.164,23.984,12.820,192,24,39,,
T,2023-05-09 14:57:18,6.22066735,-75.58022426,3.79,1491.230,23.984,12.790,192,24,39,,
T,2023-05-09 14:57:19,6.22054679,-75.58025265,3.79,1491.136,23.985,13.610,196,24,39,,
T,2023-05-09 14:57:20,6.22042116,-75.58028562,3.79,1491.285,23.985,14.160,196,24,39,,
T,2023-05-09 14:57:21,6.22029915,-75.58031595,3.79,1491.959,23.985,13.860,194,24,39,,
T,2023-05-09 14:57:22,6.22018499,-75.58034356,3.79,1491.165,23.986,12.810,200,24,39,,
T,2023-05-09 14:57:23,6.22007661,-75.58036612,3.79,1490.943,23.986,12.280,194,23,39,,
T,2023-05-09 14:57:24,6.21997149,-75.58038846,3.79,1492.119,23.986,12.200,193,23,39,,
T,2023-05-09 14:57:25,6.21986847,-75.58040902,3.79,1492.436,23.987,11.370,191,23,39,,
T,2023-05-09 14:57:26,6.21976853,-75.58043164,3.79,1492.900,23.987,11.240,192,23,39,,
T,2023-05-09 14:57:27,6.21966741,-75.58045772,3.79,1492.815,23.987,11.480,193,23,39,,
T,2023-05-09 14:57:28,6.21956652,-75.58048373,3.79,1492.816,23.988,11.620,194,23,39,,
T,2023-05-09 14:57:29,6.21947313,-75.58050704,3.79,1492.856,23.988,10.910,192,23,39,,
T,2023-05-09 14:57:30,6.21938312,-75.58052471,3.79,1493.725,23.988,10.270,192,24,39,,
T,2023-05-09 14:57:31,6.21928508,-75.58054870,3.79,1493.675,23.989,10.810,195,24,39,,
T,2023-05-09 14:57:32,6.21919153,-75.58057028,3.79,1493.797,23.989,10.630,193,24,39,,
T,2023-05-09 14:57:33,6.21909747,-75.58058893,3.79,1493.991,23.989,10.520,190,24,39,,
T,2023-05-09 14:57:34,6.21899957,-75.58060958,3.79,1493.954,23.989,11.030,191,24,39,,
T,2023-05-09 14:57:35,6.21889772,-75.58063507,3.79,1494.295,23.990,11.780,193,24,39,,
T,2023-05-09 14:57:36,6.21878807,-75.58066010,3.79,1494.455,23.990,12.230,195,24,39,,
T,2023-05-09 14:57:37,6.21867944,-75.58068636,3.79,1494.412,23.991,12.570,194,22,39,,
T,2023-05-09 14:57:38,6.21856729,-75.58071224,3.79,1494.606,23.991,12.700,194,22,39,,
T,2023-05-09 14:57:39,6.21845936,-75.58073831,3.79,1494.331,23.991,12.080,192,22,39,,
T,2023-05-09 14:57:40,6.21835749,-75.58076427,3.79,1494.626,23.992,11.710,194,23,39,,
T,2023-05-09 14:57:41,6.21826779,-75.58078901,3.79,1493.924,23.992,10.790,195,23,39,,
T,2023-05-09 14:57:42,6.21817458,-75.58080842,3.79,1493.981,23.992,10.170,189,23,39,,
T,2023-05-09 14:57:43,6.21808462,-75.58082677,3.79,1494.285,23.992,10.120,192,22,39,,
T,2023-05-09 14:57:44,6.21800201,-75.58084707,3.79,1494.186,23.993,9.350,192,22,39,,
T,2023-05-09 14:57:45,6.21792657,-75.58086247,3.79,1494.327,23.993,8.570,189,23,39,,
T,2023-05-09 14:57:46,6.21783991,-75.58088443,3.79,1494.218,23.993,9.820,196,22,39,,
T,2023-05-09 14:57:47,6.21774483,-75.58091399,3.79,1493.924,23.994,10.830,195,23,38,,
T,2023-05-09 14:57:48,6.21764402,-75.58093579,3.79,1494.327,23.994,11.140,192,23,38,,
T,2023-05-09 14:57:49,6.21754151,-75.58095484,3.79,1494.050,23.994,11.780,191,23,38,,
T,2023-05-09 14:57:50,6.21743712,-75.58097482,3.79,1494.017,23.994,11.640,191,23,38,,
T,2023-05-09 14:57:51,6.21733847,-75.58099481,3.79,1493.914,23.995,11.260,191,24,38,,
T,2023-05-09 14:57:52,6.21723495,-75.58102013,3.79,1493.968,23.995,11.810,196,24,38,,
T,2023-05-09 14:57:53,6.21713118,-75.58104498,3.79,1494.550,23.995,11.860,191,24,38,,
T,2023-05-09 14:57:54,6.21703262,-75.58106900,3.79,1494.912,23.996,11.440,194,24,38,,
T,2023-05-09 14:57:55,6.21693100,-75.58109692,3.79,1494.868,23.996,11.770,194,24,38,,
T,2023-05-09 14:57:56,6.21682665,-75.58112100,3.79,1494.493,23.996,11.840,193,24,38,,
T,2023-05-09 14:57:57,6.21672601,-75.58114345,3.79,1494.246,23.997,11.750,190,24,38,,
T,2023-05-09 14:57:58,6.21661350,-75.58116828,3.79,1494.259,23.997,12.580,192,21,38,,
T,2023-05-09 14:57:59,6.21649495,-75.58119772,3.79,1494.276,23.997,13.230,195,22,38,,
T,2023-05-09 14:58:00,6.21637340,-75.58122960,3.79,1494.296,23.998,13.670,195,22,38,,
T,2023-05-09 14:58:01,6.21626170,-75.58125696,3.79,1494.482,23.998,12.900,195,22,38,,
T,2023-05-09 14:58:02,6.21616335,-75.58128141,3.79,1494.423,23.999,11.390,192,21,38,,
T,2023-05-09 14:58:03,6.21607803,-75.58130129,3.79,1494.359,23.999,10.070,194,21,38,,
T,2023-05-09 14:58:04,6.21600127,-75.58132009,3.79,1494.845,23.999,8.530,193,21,38,,
T,2023-05-09 14:58:05,6.21593687,-75.58133612,3.79,1494.271,23.999,7.250,191,20,38,,
T,2023-05-09 14:58:06,6.21587075,-75.58134917,3.79,1494.670,23.999,7.620,190,22,38,,
T,2023-05-09 14:58:07,6.21580995,-75.58136974,3.79,1494.447,24.000,6.920,201,23,38,,
T,2023-05-09 14:58:08,6.21576311,-75.58138671,3.79,1494.361,24.000,5.580,200,23,38,,
T,2023-05-09 14:58:09,6.21572685,-75.58140135,3.79,1494.502,24.000,4.340,208,23,38,,
T,2023-05-09 14:58:10,6.21569454,-75.58141998,3.79,1493.914,24.000,4.340,216,23,38,,
T,2023-05-09 14:58:11,6.21566071,-75.58143962,3.79,1493.660,24.000,4.160,206,23,38,,
T,2023-05-09 14:58:12,6.21562526,-75.58145524,3.79,1493.553,24.000,4.120,208,23,38,,
T,2023-05-09 14:58:13,6.21560208,-75.58147006,3.79,1493.359,24.001,3.200,210,23,38,,
T,2023-05-09 14:58:14,6.21558336,-75.58147908,3.79,1493.733,24.001,2.350,197,23,38,,
T,2023-05-09 14:58:15,6.21556625,-75.58148297,3.79,1494.756,24.001,1.440,191,23,38,,
T,2023-05-09 14:58:16,6.21555730,-75.58148461,3.79,1495.053,24.001,0.770,190,24,38,,
T,2023-05-09 14:58:17,6.21554760,-75.58148531,3.79,1495.182,24.001,0.900,191,24,38,,
T,2023-05-09 14:58:18,6.21553002,-75.58149330,3.79,1495.375,24.001,2.190,205,24,38,,
T,2023-05-09 14:58:19,6.21549605,-75.58150898,3.79,1495.287,24.001,4.060,211,24,38,,
T,2023-05-09 14:58:20,6.21544090,-75.58153667,3.79,1495.227,24.001,5.680,208,24,38,,
T,2023-05-09 14:58:21,6.21539422,-75.58156541,3.79,1495.071,24.001,5.770,214,24,38,,
T,2023-05-09 14:58:22,6.21535743,-75.58158836,3.79,1494.661,24.002,4.700,209,23,38,,
T,2023-05-09 14:58:23,6.21532884,-75.58160159,3.79,1494.738,24.002,3.280,214,23,38,,
T,2023-05-09 14:58:24,6.21530800,-75.58161675,3.79,1495.324,24.002,2.880,215,23,38,,
T,2023-05-09 14:58:25,6.21528975,-75.58163793,3.79,1495.184,24.002,3.040,232,23,38,,
T,2023-05-09 14:58:26,6.21526622,-75.58166955,3.79,1495.591,24.002,4.290,228,23,38,,
T,2023-05-09 14:58:27,6.21523751,-75.58170542,3.79,1495.669,24.003,4.960,230,24,38,,
T,2023-05-09 14:58:28,6.21521123,-75.58175099,3.79,1495.822,24.003,5.660,233,24,38,,
T,2023-05-09 14:58:29,6.21518525,-75.58180181,3.79,1495.955,24.003,6.320,240,24,38,,
T,2023-05-09 14:58:30,6.21515945,-75.58185955,3.79,1496.180,24.003,6.960,246,24,38,,
T,2023-05-09 14:58:31,6.21512565,-75.58192015,3.79,1495.936,24.004,7.570,243,24,38,,
T,2023-05-09 14:58:32,6.21507614,-75.58197746,3.79,1496.143,24.004,8.130,224,24,38,,
T,2023-05-09 14:58:33,6.21501090,-75.58202267,3.79,1495.505,24.005,8.660,210,24,38,,
T,2023-05-09 14:58:34,6.21494327,-75.58204826,3.79,1495.060,24.005,8.370,195,24,38,,
T,2023-05-09 14:58:35,6.21486606,-75.58206850,3.79,1495.017,24.005,8.610,182,24,38,,
T,2023-05-09 14:58:36,6.21478526,-75.58204852,3.79,1495.489,24.005,8.680,174,24,38,,
T,2023-05-09 14:58:37,6.21468689,-75.58204984,3.79,1496.040,24.005,10.330,183,24,38,,
T,2023-05-09 14:58:38,6.21458843,-75.58206855,3.79,1496.353,24.006,10.810,191,24,38,,
T,2023-05-09 14:58:39,6.21450087,-75.58210263,3.79,1496.183,24.006,10.380,203,24,38,,
T,2023-05-09 14:58:40,6.21441634,-75.58214956,3.79,1496.171,24.006,10.710,211,24,38,,
T,2023-05-09 14:58:41,6.21433660,-75.58219448,3.79,1496.038,24.007,10.050,213,24,38,,
T,2023-05-09 14:58:42,6.21428138,-75.58223432,3.79,1495.389,24.007,8.090,220,24,38,,
T,2023-05-09 14:58:43,6.21425727,-75.58228303,3.79,1494.197,24.007,5.930,242,24,38,,
T,2023-05-09 14:58:44,6.21425645,-75.58233581,3.79,1493.924,24.008,5.690,281,24,38,,
T,2023-05-09 14:58:45,6.21427148,-75.58239178,3.79,1493.992,24.008,6.080,285,24,38,,
T,2023-05-09 14:58:46,6.21430342,-75.58245393,3.79,1494.559,24.008,7.530,294,24,38,,
T,2023-05-09 14:58:47,6.21433803,-75.58252794,3.79,1495.074,24.009,8.470,295,24,38,,
T,2023-05-09 14:58:48,6.21436653,-75.58259727,3.79,1495.655,24.009,8.190,297,24,38,,
T,2023-05-09 14:58:49,6.21440000,-75.58266428,3.79,1495.538,24.009,7.860,294,24,38,,
T,2023-05-09 14:58:50,6.21441728,-75.58272149,3.79,1495.381,24.009,6.880,288,24,38,,
T,2023-05-09 14:58:51,6.21443368,-75.58277394,3.79,1494.801,24.010,5.870,286,24,38,,
T,2023-05-09 14:58:52,6.21443261,-75.58281514,3.79,1494.359,24.010,4.630,250,22,38,,
T,2023-05-09 14:58:53,6.21440190,-75.58286588,3.79,1494.265,24.010,5.780,227,23,38,,
T,2023-05-09 14:58:54,6.21435925,-75.58290571,3.79,1493.881,24.010,6.310,211,23,38,,
T,2023-05-09 14:58:55,6.21427170,-75.58295101,3.79,1494.289,24.011,9.350,213,22,38,,
T,2023-05-09 14:58:56,6.21420438,-75.58299489,3.79,1494.855,24.011,9.060,220,22,38,,
T,2023-05-09 14:58:57,6.21415333,-75.58305207,3.79,1494.653,24.012,8.440,235,22,38,,
T,2023-05-09 14:58:58,6.21412017,-75.58310896,3.79,1494.259,24.012,7.330,251,23,38,,
T,2023-05-09 14:58:59,6.21412208,-75.58315176,3.79,1494.873,24.012,4.840,284,23,38,,
T,2023-05-09 14:59:00,6.21413767,-75.58318890,3.79,1494.874,24.012,4.140,312,24,38,,
T,2023-05-09 14:59:01,6.21415496,-75.58323064,3.79,1495.574,24.013,4.820,307,24,38,,
T,2023-05-09 14:59:02,6.21418293,-75.58328147,3.79,1495.966,24.013,6.060,297,24,38,,
T,2023-05-09 14:59:03,6.21421069,-75.58333922,3.79,1495.897,24.013,7.010,295,24,38,,
T,2023-05-09 14:59:04,6.21424491,-75.58340281,3.79,1495.498,24.013,7.880,300,24,38,,
T,2023-05-09 14:59:05,6.21428043,-75.58347056,3.79,1495.061,24.014,8.350,296,24,38,,
T,2023-05-09 14:59:06,6.21432724,-75.58354171,3.79,1494.999,24.014,8.930,298,23,38,,
T,2023-05-09 14:59:07,6.21437242,-75.58362000,3.79,1494.638,24.014,9.520,299,21,38,,
T,2023-05-09 14:59:08,6.21441501,-75.58369271,3.79,1494.530,24.014,9.760,301,22,38,,
T,2023-05-09 14:59:09,6.21445727,-75.58376162,3.79,1494.469,24.015,8.950,302,22,38,,
T,2023-05-09 14:59:10,6.21449359,-75.58382986,3.79,1493.985,24.015,8.460,301,22,38,,
T,2023-05-09 14:59:11,6.21453146,-75.58389694,3.79,1494.781,24.015,7.510,301,21,38,,
T,2023-05-09 14:59:12,6.21455425,-75.58394983,3.79,1495.497,24.016,6.420,302,21,38,,
T,2023-05-09 14:59:13,6.21456661,-75.58397485,3.79,1495.520,24.016,4.000,301,21,38,,
T,2023-05-09 14:59:14,6.21458053,-75.58401438,3.79,1495.973,24.016,3.730,292,21,38,,
T,2023-05-09 14:59:15,6.21460242,-75.58405223,3.79,1496.028,24.016,4.240,309,21,38,,
T,2023-05-09 14:59:16,6.21464391,-75.58406940,3.79,1495.362,24.016,4.230,335,21,38,,
T,2023-05-09 14:59:17,6.21469034,-75.58406676,3.79,1494.624,24.016,5.030,10,22,38,,
T,2023-05-09 14:59:18,6.21472893,-75.58404149,3.79,1494.585,24.016,4.990,36,24,38,,
T,2023-05-09 14:59:19,6.21476763,-75.58402088,3.79,1494.362,24.016,4.800,21,24,38,,
T,2023-05-09 14:59:20,6.21480506,-75.58402090,3.79,1493.715,24.015,3.940,347,24,38,,
T,2023-05-09 14:59:21,6.21484355,-75.58402785,3.79,1493.897,24.015,3.730,312,24,38,,
T,2023-05-09 14:59:22,6.21486107,-75.58408180,3.79,1493.751,24.016,4.870,297,24,38,,
T,2023-05-09 14:59:23,6.21490510,-75.58416196,3.79,1493.822,24.016,7.770,297,24,38,,
T,2023-05-09 14:59:24,6.21493884,-75.58423554,3.79,1494.501,24.016,8.960,301,24,38,,
T,2023-05-09 14:59:25,6.21497590,-75.58429545,3.79,1495.077,24.017,8.500,299,24,38,,
T,2023-05-09 14:59:26,6.21501166,-75.58434966,3.79,1495.351,24.017,6.640,302,24,38,,
T,2023-05-09 14:59:27,6.21502863,-75.58438801,3.79,1495.794,24.017,4.820,306,24,38,,
T,2023-05-09 14:59:28,6.21504973,-75.58442197,3.79,1496.120,24.017,4.290,302,23,38,,
T,2023-05-09 14:59:29,6.21506181,-75.58445240,3.79,1496.849,24.017,3.670,297,23,38,,
T,2023-05-09 14:59:30,6.21509093,-75.58448766,3.79,1497.518,24.017,4.320,311,23,38,,
T,2023-05-09 14:59:31,6.21510814,-75.58452699,3.79,1497.898,24.017,4.540,290,23,38,,
T,2023-05-09 14:59:32,6.21512806,-75.58456884,3.79,1497.319,24.018,4.690,296,23,38,,
T,2023-05-09 14:59:33,6.21514698,-75.58459872,3.79,1497.204,24.018,3.600,306,23,38,,
T,2023-05-09 14:59:34,6.21516670,-75.58461165,3.79,1496.578,24.018,2.620,342,23,38,,
T,2023-05-09 14:59:35,6.21519144,-75.58460431,3.79,1495.393,24.018,2.760,19,23,38,,
T,2023-05-09 14:59:36,6.21521740,-75.58458271,3.79,1494.309,24.018,3.380,48,23,38,,
T,2023-05-09 14:59:37,6.21523909,-75.58456270,3.79,1493.704,24.017,2.900,53,23,38,,
T,2023-05-09 14:59:38,6.21525507,-75.58455032,3.79,1494.294,24.017,1.980,86,23,38,,
T,2023-05-09 14:59:39,6.21526328,-75.58454323,3.79,1493.524,24.017,1.010,113,24,38,,
T,2023-05-09 14:59:40,6.21526790,-75.58453983,3.79,1494.140,24.017,0.530,119,24,38,,
T,2023-05-09 14:59:41,6.21527535,-75.58453897,3.79,1496.129,24.017,0.000,,24,38,,
T,2023-05-09 14:59:42,6.21527852,-75.58453653,3.79,1496.465,24.017,0.000,,24,38,,
T,2023-05-09 14:59:43,6.21527910,-75.58453387,3.79,1497.086,24.017,0.000,,24,38,,
T,2023-05-09 14:59:44,6.21527772,-75.58452836,3.79,1497.961,24.017,0.000,,24,38,,
T,2023-05-09 14:59:45,6.21527804,-75.58452502,3.79,1498.224,24.017,0.000,,24,38,,
T,2023-05-09 14:59:46,6.21527745,-75.58452286,3.79,1497.937,24.017,0.000,,24,38,,
T,2023-05-09 14:59:47,6.21527665,-75.58452076,3.79,1497.739,24.017,0.000,,23,38,,
T,2023-05-09 14:59:48,6.21527057,-75.58451758,3.79,1497.879,24.017,0.000,,24,38,,
T,2023-05-09 14:59:49,6.21526945,-75.58451585,3.79,1497.908,24.017,0.000,,24,38,,
T,2023-05-09 14:59:50,6.21526930,-75.58451517,3.79,1498.025,24.017,0.000,,24,38,,
T,2023-05-09 14:59:51,6.21526995,-75.58451186,3.79,1498.648,24.017,0.480,115,24,38,,
T,2023-05-09 14:59:52,6.21526906,-75.58451230,3.79,1498.745,24.017,0.000,,24,38,,
T,2023-05-09 14:59:53,6.21527085,-75.58451028,3.79,1498.612,24.017,0.310,90,24,38,,
T,2023-05-09 14:59:54,6.21527444,-75.58451376,3.79,1497.214,24.017,1.070,107,23,38,,
T,2023-05-09 14:59:55,6.21527728,-75.58451218,3.79,1497.342,24.017,0.000,,23,38,,
T,2023-05-09 14:59:56,6.21527928,-75.58451118,3.79,1497.228,24.017,0.270,107,23,38,,
T,2023-05-09 14:59:57,6.21528138,-75.58451055,3.79,1497.339,24.017,0.260,107,24,38,,
T,2023-05-09 14:59:58,6.21527880,-75.58450755,3.79,1496.747,24.017,0.560,107,23,38,,
T,2023-05-09 14:59:59,6.21528015,-75.58449891,3.79,1496.697,24.017,0.000,,24,37,,
T,2023-05-09 15:00:00,6.21528207,-75.58449699,3.79,1496.850,24.017,0.000,,24,38,,
T,2023-05-09 15:00:01,6.21528346,-75.58449614,3.79,1497.467,24.017,0.000,,24,38,,
T,2023-05-09 15:00:02,6.21528688,-75.58449372,3.79,1497.428,24.017,0.420,132,24,38,,
T,2023-05-09 15:00:03,6.21529176,-75.58449149,3.79,1497.146,24.017,0.000,,23,38,,
T,2023-05-09 15:00:04,6.21529347,-75.58449141,3.79,1496.697,24.017,0.150,97,24,38,,
T,2023-05-09 15:00:05,6.21529517,-75.58449078,3.79,1496.981,24.017,0.000,,24,38,,
T,2023-05-09 15:00:06,6.21529644,-75.58449128,3.79,1496.971,24.017,0.000,,24,38,,
T,2023-05-09 15:00:07,6.21529665,-75.58449156,3.79,1497.024,24.017,0.000,,24,38,,
T,2023-05-09 15:00:08,6.21529656,-75.58449159,3.79,1497.162,24.017,0.000,,23,38,,
T,2023-05-09 15:00:09,6.21529656,-75.58449041,3.79,1497.138,24.017,0.000,,20,38,,
T,2023-05-09 15:00:10,6.21529604,-75.58449116,3.79,1497.113,24.017,0.000,,20,38,,
T,2023-05-09 15:00:11,6.21529603,-75.58449060,3.79,1496.969,24.017,0.000,,19,38,,
T,2023-05-09 15:00:12,6.21529628,-75.58449031,3.79,1497.163,24.017,0.000,,20,38,,
T,2023-05-09 15:00:13,6.21529669,-75.58448993,3.79,1497.208,24.017,0.000,,21,38,,
T,2023-05-09 15:00:14,6.21529605,-75.58449093,3.79,1497.236,24.017,0.000,,23,38,,
T,2023-05-09 15:00:15,6.21529559,-75.58449084,3.79,1497.098,24.017,0.000,,21,38,,
T,2023-05-09 15:00:16,6.21529532,-75.58449094,3.79,1497.106,24.017,0.000,,22,38,,
T,2023-05-09 15:00:17,6.21529500,-75.58449093,3.79,1497.036,24.017,0.000,,22,38,,
T,2023-05-09 15:00:18,6.21529493,-75.58449089,3.79,1497.034,24.017,0.000,,22,38,,
T,2023-05-09 15:00:19,6.21529497,-75.58449109,3.79,1497.013,24.017,0.000,,22,38,,
T,2023-05-09 15:00:20,6.21529502,-75.58449118,3.79,1497.022,24.017,0.000,,19,38,,
T,2023-05-09 15:00:21,6.21529505,-75.58449124,3.79,1497.024,24.017,0.000,,20,38,,
T,2023-05-09 15:00:22,6.21529505,-75.58449126,3.79,1497.022,24.017,0.000,,19,38,,
T,2023-05-09 15:00:23,6.21529481,-75.58449110,3.79,1496.984,24.017,0.000,,19,38,,
T,2023-05-09 15:00:24,6.21529477,-75.58449108,3.88,1496.980,24.017,0.000,,22,38,,
T,2023-05-09 15:00:25,6.21529476,-75.58449107,4.22,1496.981,24.017,0.000,,22,38,,
T,2023-05-09 15:00:26,6.21529475,-75.58449107,4.82,1496.980,24.017,0.000,,22,38,,
T,2023-05-09 15:00:27,6.21529473,-75.58449107,5.52,1496.978,24.017,0.000,,21,38,,
T,2023-05-09 15:00:28,6.21529472,-75.58449106,6.39,1496.978,24.017,0.000,,19,38,,
T,2023-05-09 15:00:29,6.21529471,-75.58449106,7.31,1496.977,24.017,0.000,,19,37,,
T,2023-05-09 15:00:30,6.21529474,-75.58449108,8.55,1496.982,24.017,0.000,,13,38,,
T,2023-05-09 15:00:31,6.21529481,-75.58449110,8.29,1496.989,24.017,0.000,,9,38,,
T,2023-05-09 15:00:32,6.21529486,-75.58449114,9.03,1496.980,24.017,0.000,,10,38,,
T,2023-05-09 15:00:33,6.21529481,-75.58449112,9.13,1496.972,24.017,0.000,,12,38,,
T,2023-05-09 15:00:34,6.21529480,-75.58449111,9.72,1496.972,24.017,0.000,,15,38,,
T,2023-05-09 15:00:35,6.21529475,-75.58449109,10.09,1496.965,24.017,0.000,,15,38,,
T,2023-05-09 15:00:36,6.21529474,-75.58449109,10.11,1496.965,24.017,0.000,,17,38,,
T,2023-05-09 15:00:37,6.21529473,-75.58449109,10.50,1496.964,24.017,0.000,,17,38,,
T,2023-05-09 15:00:38,6.21529473,-75.58449110,11.17,1496.964,24.017,0.000,,17,38,,
T,2023-05-09 15:00:39,6.21529477,-75.58449111,10.61,1496.972,24.017,0.000,,15,38,,
T,2023-05-09 15:00:40,6.21529479,-75.58449111,10.29,1496.972,24.017,0.000,,12,37,,
T,2023-05-09 15:00:41,6.21529479,-75.58449111,10.61,1496.972,24.017,0.000,,13,38,,
T,2023-05-09 15:00:42,6.21529479,-75.58449111,10.79,1496.971,24.017,0.000,,11,37,,
T,2023-05-09 15:00:43,6.21529478,-75.58449110,10.91,1496.971,24.017,0.000,,9,38,,
T,2023-05-09 15:00:44,6.21529478,-75.58449110,11.14,1496.971,24.017,0.000,,8,38,,
T,2023-05-09 15:00:45,6.21529478,-75.58449110,11.64,1496.971,24.017,0.000,,10,38,,
T,2023-05-09 15:00:46,6.21529478,-75.58449110,12.53,1496.971,24.017,0.000,,8,38,,
T,2023-05-09 15:00:47,6.21529475,-75.58449110,13.29,1496.969,24.017,0.000,,7,36,,
T,2023-05-09 15:00:48,6.21529475,-75.58449109,13.59,1496.969,24.017,0.000,,9,38,,
T,2023-05-09 15:00:49,6.21529474,-75.58449109,13.48,1496.968,24.017,0.000,,10,37,,
T,2023-05-09 15:00:50,6.21529474,-75.58449109,14.13,1496.969,24.017,0.000,,11,38,,
T,2023-05-09 15:00:51,6.21529475,-75.58449109,13.38,1496.970,24.017,0.000,,10,37,,
T,2023-05-09 15:00:52,6.21529475,-75.58449108,12.94,1496.969,24.017,0.000,,12,36,,
T,2023-05-09 15:00:53,6.21529475,-75.58449108,12.98,1496.969,24.017,0.000,,12,36,,
T,2023-05-09 15:00:54,6.21529475,-75.58449109,13.39,1496.969,24.017,0.000,,11,37,,
T,2023-05-09 15:00:55,6.21529474,-75.58449109,12.96,1496.968,24.017,0.000,,10,38,,
T,2023-05-09 15:00:56,6.21529473,-75.58449117,12.16,1496.964,24.017,0.000,,10,38,,
T,2023-05-09 15:00:57,6.21529473,-75.58449119,12.69,1496.963,24.017,0.000,,12,38,,
T,2023-05-09 15:00:58,6.21529473,-75.58449119,12.93,1496.963,24.017,0.000,,10,38,,
T,2023-05-09 15:00:59,6.21529473,-75.58449120,12.93,1496.964,24.017,0.000,,10,38,,
T,2023-05-09 15:01:00,6.21529473,-75.58449120,13.16,1496.964,24.017,0.000,,10,38,,
T,2023-05-09 15:01:01,6.21529472,-75.58449119,12.54,1496.963,24.017,0.000,,10,38,,
T,2023-05-09 15:01:02,6.21529472,-75.58449119,12.34,1496.961,24.017,0.000,,10,38,,
T,2023-05-09 15:01:03,6.21529474,-75.58449120,14.58,1496.965,24.017,0.000,,10,38,,
T,2023-05-09 15:01:04,6.21529475,-75.58449120,14.74,1496.966,24.017,0.000,,11,38,,
T,2023-05-09 15:01:05,6.21529475,-75.58449121,15.02,1496.966,24.017,0.000,,10,38,,
T,2023-05-09 15:01:06,6.21529476,-75.58449121,14.71,1496.967,24.017,0.000,,10,38,,
T,2023-05-09 15:01:07,6.21529476,-75.58449121,14.25,1496.967,24.017,0.000,,11,38,,
T,2023-05-09 15:01:08,6.21529477,-75.58449121,14.74,1496.967,24.017,0.000,,11,38,,
T,2023-05-09 15:01:09,6.21529477,-75.58449121,15.49,1496.967,24.017,0.000,,11,38,,
T,2023-05-09 15:01:10,6.21529477,-75.58449122,15.92,1496.967,24.017,0.000,,10,38,,
T,2023-05-09 15:01:11,6.21529477,-75.58449122,16.72,1496.967,24.017,0.000,,11,38,,
T,2023-05-09 15:01:12,6.21529477,-75.58449122,17.58,1496.967,24.017,0.000,,11,38,,
T,2023-05-09 15:01:13,6.21529477,-75.58449122,18.92,1496.967,24.017,0.000,,10,38,,
T,2023-05-09 15:01:14,6.21529476,-75.58449121,19.15,1496.966,24.017,0.000,,9,38,,
T,2023-05-09 15:01:15,6.21529474,-75.58449121,17.14,1496.964,24.017,0.000,,10,38,,
T,2023-05-09 15:01:16,6.21529466,-75.58449116,14.43,1496.952,24.017,0.000,,12,38,,
T,2023-05-09 15:01:17,6.21529446,-75.58449103,13.48,1496.926,24.017,0.000,,12,38,,
T,2023-05-09 15:01:18,6.21529428,-75.58449093,12.88,1496.905,24.017,0.000,,14,38,,
T,2023-05-09 15:01:19,6.21529425,-75.58449090,12.60,1496.908,24.017,0.000,,15,38,,
T,2023-05-09 15:01:20,6.21529423,-75.58449088,12.49,1496.906,24.017,0.000,,16,38,,
T,2023-05-09 15:01:21,6.21529422,-75.58449088,12.15,1496.905,24.017,0.000,,16,38,,
T,2023-05-09 15:01:22,6.21529421,-75.58449088,12.06,1496.904,24.017,0.000,,16,38,,
T,2023-05-09 15:01:23,6.21529419,-75.58449087,12.17,1496.903,24.017,0.000,,17,38,,
T,2023-05-09 15:01:24,6.21529417,-75.58449087,12.02,1496.900,24.017,0.000,,14,38,,
T,2023-05-09 15:01:25,6.21529415,-75.58449086,12.11,1496.898,24.017,0.000,,13,38,,
T,2023-05-09 15:01:26,6.21529412,-75.58449086,12.50,1496.894,24.017,0.000,,14,38,,
T,2023-05-09 15:01:27,6.21529411,-75.58449085,12.49,1496.892,24.017,0.000,,14,38,,
T,2023-05-09 15:01:28,6.21529410,-75.58449085,12.96,1496.892,24.017,0.000,,14,38,,
T,2023-05-09 15:01:29,6.21529410,-75.58449086,13.00,1496.892,24.017,0.000,,14,38,,
T,2023-05-09 15:01:30,6.21529411,-75.58449087,13.15,1496.893,24.017,0.000,,15,38,,
T,2023-05-09 15:01:31,6.21529406,-75.58449084,13.20,1496.885,24.017,0.000,,13,38,,
T,2023-05-09 15:01:32,6.21529405,-75.58449083,12.85,1496.886,24.017,0.000,,13,38,,
T,2023-05-09 15:01:33,6.21529404,-75.58449083,13.04,1496.885,24.017,0.000,,12,38,,
T,2023-05-09 15:01:34,6.21529404,-75.58449083,12.87,1496.885,24.017,0.000,,12,38,,
T,2023-05-09 15:01:35,6.21529403,-75.58449083,12.90,1496.885,24.017,0.000,,12,38,,
T,2023-05-09 15:01:36,6.21529402,-75.58449082,12.25,1496.883,24.017,0.000,,11,38,,
T,2023-05-09 15:01:37,6.21529398,-75.58449080,12.42,1496.878,24.017,0.000,,12,37,,
T,2023-05-09 15:01:38,6.21529397,-75.58449079,12.30,1496.877,24.017,0.000,,12,38,,
T,2023-05-09 15:01:39,6.21529408,-75.58449087,12.20,1496.895,24.017,0.000,,12,38,,
T,2023-05-09 15:01:40,6.21529411,-75.58449090,12.11,1496.896,24.017,0.000,,12,38,,
T,2023-05-09 15:01:41,6.21529410,-75.58449089,11.49,1496.891,24.017,0.000,,13,37,,
T,2023-05-09 15:01:42,6.21529409,-75.58449088,11.45,1496.891,24.017,0.000,,16,37,,
T,2023-05-09 15:01:43,6.21529408,-75.58449088,11.58,1496.891,24.017,0.000,,16,38,,
T,2023-05-09 15:01:44,6.21529408,-75.58449087,11.76,1496.892,24.017,0.000,,16,38,,
T,2023-05-09 15:01:45,6.21529408,-75.58449087,12.01,1496.892,24.017,0.000,,15,38,,
T,2023-05-09 15:01:46,6.21529408,-75.58449087,12.24,1496.892,24.017,0.000,,15,38,,
T,2023-05-09 15:01:47,6.21529408,-75.58449087,11.99,1496.892,24.017,0.000,,14,38,,
T,2023-05-09 15:01:48,6.21529407,-75.58449087,11.80,1496.889,24.017,0.000,,11,38,,
T,2023-05-09 15:01:49,6.21529406,-75.58449086,11.97,1496.890,24.017,0.000,,13,38,,
T,2023-05-09 15:01:50,6.21529406,-75.58449086,12.16,1496.889,24.017,0.000,,14,38,,
T,2023-05-09 15:01:51,6.21529406,-75.58449086,12.23,1496.891,24.017,0.000,,16,38,,
T,2023-05-09 15:01:52,6.21529407,-75.58449085,12.32,1496.891,24.017,0.000,,18,38,,
T,2023-05-09 15:01:53,6.21529406,-75.58449084,12.43,1496.890,24.017,0.000,,18,38,,
T,2023-05-09 15:01:54,6.21529405,-75.58449084,12.60,1496.889,24.017,0.000,,17,38,,
T,2023-05-09 15:01:55,6.21529406,-75.58449084,12.75,1496.889,24.017,0.000,,16,38,,
T,2023-05-09 15:01:56,6.21529405,-75.58449084,12.58,1496.889,24.017,0.000,,14,38,,
T,2023-05-09 15:01:57,6.21529405,-75.58449084,12.56,1496.888,24.017,0.000,,14,38,,
T,2023-05-09 15:01:58,6.21529406,-75.58449084,12.32,1496.889,24.017,0.000,,13,38,,
T,2023-05-09 15:01:59,6.21529406,-75.58449084,12.09,1496.889,24.017,0.000,,13,38,,
T,2023-05-09 15:02:00,6.21529406,-75.58449085,12.07,1496.888,24.017,0.000,,13,38,,
T,2023-05-09 15:02:01,6.21529405,-75.58449084,12.12,1496.887,24.017,0.000,,14,38,,
T,2023-05-09 15:02:02,6.21529403,-75.58449082,12.18,1496.885,24.017,0.000,,13,38,,
T,2023-05-09 15:02:03,6.21529402,-75.58449082,12.15,1496.884,24.017,0.000,,12,38,,
T,2023-05-09 15:02:04,6.21529401,-75.58449080,12.21,1496.882,24.017,0.000,,12,38,,
T,2023-05-09 15:02:05,6.21529400,-75.58449081,12.04,1496.882,24.017,0.000,,15,38,,
T,2023-05-09 15:02:06,6.21529400,-75.58449080,11.94,1496.881,24.017,0.000,,14,38,,
T,2023-05-09 15:02:07,6.21529399,-75.58449080,12.07,1496.880,24.017,0.000,,14,38,,
T,2023-05-09 15:02:08,6.21529398,-75.58449080,12.06,1496.879,24.017,0.000,,14,38,,
T,2023-05-09 15:02:09,6.21529398,-75.58449080,12.01,1496.879,24.017,0.000,,13,38,,
T,2023-05-09 15:02:10,6.21529398,-75.58449079,12.07,1496.880,24.017,0.000,,13,38,,
T,2023-05-09 15:02:11,6.21529398,-75.58449079,12.36,1496.880,24.017,0.000,,13,38,,
T,2023-05-09 15:02:12,6.21529399,-75.58449080,12.35,1496.880,24.017,0.000,,12,37,,
T,2023-05-09 15:02:13,6.21529398,-75.58449079,12.25,1496.878,24.017,0.000,,13,38,,
T,2023-05-09 15:02:14,6.21529397,-75.58449079,12.30,1496.877,24.017,0.000,,13,37,,
T,2023-05-09 15:02:15,6.21529396,-75.58449078,11.99,1496.876,24.017,0.000,,13,38,,
T,2023-05-09 15:02:16,6.21529397,-75.58449079,11.80,1496.876,24.017,0.000,,14,38,,
T,2023-05-09 15:02:17,6.21529397,-75.58449079,11.80,1496.876,24.017,0.000,,13,38,,
T,2023-05-09 15:02:18,6.21529397,-75.58449079,11.69,1496.875,24.017,0.000,,14,37,,
T,2023-05-09 15:02:19,6.21529396,-75.58449079,11.63,1496.874,24.017,0.000,,14,37,,
T,2023-05-09 15:02:20,6.21529394,-75.58449079,11.76,1496.871,24.017,0.000,,14,38,,
T,2023-05-09 15:02:21,6.21529393,-75.58449078,11.63,1496.870,24.017,0.000,,13,38,,
T,2023-05-09 15:02:22,6.21529393,-75.58449078,11.72,1496.869,24.017,0.000,,14,38,,
T,2023-05-09 15:02:23,6.21529392,-75.58449077,11.92,1496.869,24.017,0.000,,14,38,,
T,2023-05-09 15:02:24,6.21529392,-75.58449077,11.62,1496.869,24.017,0.000,,15,38,,
T,2023-05-09 15:02:25,6.21529391,-75.58449077,11.54,1496.867,24.017,0.000,,13,38,,
T,2023-05-09 15:02:26,6.21529390,-75.58449077,11.46,1496.866,24.017,0.000,,13,38,,
T,2023-05-09 15:02:27,6.21529390,-75.58449076,11.66,1496.866,24.017,0.000,,13,38,,
T,2023-05-09 15:02:28,6.21529390,-75.58449076,11.90,1496.866,24.017,0.000,,12,38,,
T,2023-05-09 15:02:29,6.21529388,-75.58449075,11.87,1496.864,24.017,0.000,,12,38,,
T,2023-05-09 15:02:30,6.21529387,-75.58449074,11.98,1496.863,24.017,0.000,,11,38,,
T,2023-05-09 15:02:31,6.21529387,-75.58449074,12.33,1496.863,24.017,0.000,,12,38,,
T,2023-05-09 15:02:32,6.21529387,-75.58449074,12.56,1496.863,24.017,0.000,,12,38,,
T,2023-05-09 15:02:33,6.21529387,-75.58449074,12.41,1496.862,24.017,0.000,,12,37,,
T,2023-05-09 15:02:34,6.21529386,-75.58449074,12.63,1496.861,24.017,0.000,,12,38,,
T,2023-05-09 15:02:35,6.21529385,-75.58449088,12.43,1496.873,24.017,0.000,,12,38,,
T,2023-05-09 15:02:36,6.21529385,-75.58449092,12.26,1496.873,24.017,0.000,,14,38,,
T,2023-05-09 15:02:37,6.21529384,-75.58449092,12.29,1496.873,24.017,0.000,,13,38,,
T,2023-05-09 15:02:38,6.21529384,-75.58449093,12.22,1496.873,24.017,0.000,,13,38,,
T,2023-05-09 15:02:39,6.21529383,-75.58449093,12.45,1496.872,24.017,0.000,,13,38,,
T,2023-05-09 15:02:40,6.21529383,-75.58449107,12.32,1496.887,24.017,0.000,,14,38,,
T,2023-05-09 15:02:41,6.21529381,-75.58449109,11.73,1496.886,24.017,0.000,,14,38,,
T,2023-05-09 15:02:42,6.21529380,-75.58449110,11.78,1496.883,24.017,0.000,,13,37,,
T,2023-05-09 15:02:43,6.21529379,-75.58449109,11.70,1496.883,24.017,0.000,,13,37,,
T,2023-05-09 15:02:44,6.21529379,-75.58449109,11.43,1496.883,24.017,0.000,,13,38,,
T,2023-05-09 15:02:45,6.21529379,-75.58449110,11.14,1496.884,24.017,0.000,,13,38,,
T,2023-05-09 15:02:46,6.21529378,-75.58449110,10.94,1496.881,24.017,0.000,,14,38,,
T,2023-05-09 15:02:47,6.21529377,-75.58449119,11.26,1496.890,24.017,0.000,,16,38,,
T,2023-05-09 15:02:48,6.21529376,-75.58449121,11.59,1496.890,24.017,0.000,,18,38,,
T,2023-05-09 15:02:49,6.21529376,-75.58449122,11.95,1496.889,24.017,0.000,,18,38,,
T,2023-05-09 15:02:50,6.21529376,-75.58449122,12.30,1496.889,24.017,0.000,,19,38,,
T,2023-05-09 15:02:51,6.21529376,-75.58449122,12.16,1496.889,24.017,0.000,,19,38,,
T,2023-05-09 15:02:52,6.21529376,-75.58449122,12.19,1496.889,24.017,0.000,,20,38,,
T,2023-05-09 15:02:53,6.21529376,-75.58449123,11.88,1496.889,24.017,0.000,,17,38,,
T,2023-05-09 15:02:54,6.21529376,-75.58449123,11.72,1496.888,24.017,0.000,,17,38,,
T,2023-05-09 15:02:55,6.21529376,-75.58449123,11.32,1496.888,24.017,0.000,,18,38,,
T,2023-05-09 15:02:56,6.21529376,-75.58449123,11.28,1496.888,24.017,0.000,,18,38,,
T,2023-05-09 15:02:57,6.21529376,-75.58449123,11.20,1496.888,24.017,0.000,,18,38,,
T,2023-05-09 15:02:58,6.21529375,-75.58449122,11.03,1496.887,24.017,0.000,,19,38,,
T,2023-05-09 15:02:59,6.21529375,-75.58449122,11.15,1496.887,24.017,0.000,,19,38,,
T,2023-05-09 15:03:00,6.21529374,-75.58449121,11.25,1496.886,24.017,0.000,,17,38,,
T,2023-05-09 15:03:01,6.21529373,-75.58449121,11.30,1496.883,24.017,0.000,,17,38,,
T,2023-05-09 15:03:02,6.21529373,-75.58449120,11.43,1496.884,24.017,0.000,,13,38,,
T,2023-05-09 15:03:03,6.21529373,-75.58449120,11.76,1496.884,24.017,0.000,,14,38,,
T,2023-05-09 15:03:04,6.21529373,-75.58449119,11.95,1496.884,24.017,0.000,,14,38,,
T,2023-05-09 15:03:05,6.21529373,-75.58449119,12.29,1496.884,24.017,0.000,,14,38,,
T,2023-05-09 15:03:06,6.21529373,-75.58449119,12.65,1496.882,24.017,0.000,,13,38,,
T,2023-05-09 15:03:07,6.21529372,-75.58449119,12.81,1496.882,24.017,0.000,,12,38,,
T,2023-05-09 15:03:08,6.21529372,-75.58449119,12.10,1496.882,24.017,0.000,,16,38,,
T,2023-05-09 15:03:09,6.21529371,-75.58449118,11.57,1496.882,24.017,0.000,,18,38,,
T,2023-05-09 15:03:10,6.21529371,-75.58449118,11.12,1496.882,24.017,0.000,,19,38,,
T,2023-05-09 15:03:11,6.21529370,-75.58449118,10.89,1496.882,24.017,0.000,,19,38,,
T,2023-05-09 15:03:12,6.21529369,-75.58449117,10.73,1496.882,24.017,0.000,,20,38,,
T,2023-05-09 15:03:13,6.21529368,-75.58449117,10.55,1496.882,24.017,0.000,,19,38,,
T,2023-05-09 15:03:14,6.21529367,-75.58449117,10.44,1496.882,24.017,0.000,,19,38,,
T,2023-05-09 15:03:15,6.21529367,-75.58449117,10.53,1496.882,24.017,0.000,,18,38,,
T,2023-05-09 15:03:16,6.21529366,-75.58449116,10.60,1496.882,24.017,0.000,,18,38,,
T,2023-05-09 15:03:17,6.21529365,-75.58449116,10.41,1496.882,24.017,0.000,,15,38,,
T,2023-05-09 15:03:18,6.21529365,-75.58449116,10.57,1496.883,24.017,0.000,,15,38,,
T,2023-05-09 15:03:19,6.21529364,-75.58449115,10.38,1496.883,24.017,0.000,,16,38,,
T,2023-05-09 15:03:20,6.21529363,-75.58449115,10.45,1496.881,24.017,0.000,,16,38,,
T,2023-05-09 15:03:21,6.21529362,-75.58449114,10.48,1496.881,24.017,0.000,,17,38,,
T,2023-05-09 15:03:22,6.21529363,-75.58449115,10.51,1496.879,24.017,0.000,,18,38,,
T,2023-05-09 15:03:23,6.21529363,-75.58449116,10.58,1496.880,24.017,0.000,,20,38,,
T,2023-05-09 15:03:24,6.21529363,-75.58449116,10.60,1496.881,24.017,0.000,,19,38,,
T,2023-05-09 15:03:25,6.21529362,-75.58449115,10.64,1496.878,24.017,0.000,,18,38,,
T,2023-05-09 15:03:26,6.21529361,-75.58449115,10.74,1496.876,24.017,0.000,,18,38,,
T,2023-05-09 15:03:27,6.21529360,-75.58449115,10.83,1496.877,24.017,0.000,,18,38,,
T,2023-05-09 15:03:28,6.21529360,-75.58449115,10.89,1496.876,24.017,0.000,,18,38,,
T,2023-05-09 15:03:29,6.21529361,-75.58449122,10.93,1496.885,24.017,0.000,,18,38,,
T,2023-05-09 15:03:30,6.21529395,-75.58449154,11.00,1496.941,24.017,0.000,,17,38,,
T,2023-05-09 15:03:31,6.21529403,-75.58449163,11.00,1496.939,24.017,0.000,,16,38,,
T,2023-05-09 15:03:32,6.21529405,-75.58449165,11.07,1496.937,24.017,0.000,,16,38,,
T,2023-05-09 15:03:33,6.21529406,-75.58449166,11.12,1496.936,24.017,0.000,,17,38,,
T,2023-05-09 15:03:34,6.21529406,-75.58449166,11.15,1496.934,24.017,0.000,,17,38,,
T,2023-05-09 15:03:35,6.21529407,-75.58449167,11.10,1496.934,24.017,0.000,,16,38,,
T,2023-05-09 15:03:36,6.21529408,-75.58449172,11.06,1496.939,24.017,0.000,,16,38,,
T,2023-05-09 15:03:37,6.21529410,-75.58449174,10.97,1496.942,24.017,0.000,,17,38,,
T,2023-05-09 15:03:38,6.21529411,-75.58449175,10.79,1496.941,24.017,0.000,,17,38,,
T,2023-05-09 15:03:39,6.21529410,-75.58449175,10.56,1496.941,24.017,0.000,,16,38,,
T,2023-05-09 15:03:40,6.21529410,-75.58449175,10.51,1496.941,24.017,0.000,,15,38,,
T,2023-05-09 15:03:41,6.21529411,-75.58449176,10.52,1496.942,24.017,0.000,,16,38,,
T,2023-05-09 15:03:42,6.21529411,-75.58449175,10.50,1496.942,24.017,0.000,,14,38,,
T,2023-05-09 15:03:43,6.21529410,-75.58449175,10.53,1496.940,24.017,0.000,,17,38,,
T,2023-05-09 15:03:44,6.21529411,-75.58449175,10.67,1496.940,24.017,0.000,,17,38,,
T,2023-05-09 15:03:45,6.21529411,-75.58449175,10.82,1496.940,24.017,0.000,,16,38,,
T,2023-05-09 15:03:46,6.21529412,-75.58449177,10.51,1496.940,24.017,0.000,,17,38,,
T,2023-05-09 15:03:47,6.21529416,-75.58449183,10.27,1496.944,24.017,0.000,,16,38,,
T,2023-05-09 15:03:48,6.21529416,-75.58449184,9.94,1496.944,24.017,0.000,,19,38,,
T,2023-05-09 15:03:49,6.21529417,-75.58449184,9.94,1496.943,24.017,0.000,,18,38,,
T,2023-05-09 15:03:50,6.21529418,-75.58449185,9.94,1496.946,24.017,0.000,,18,38,,
T,2023-05-09 15:03:51,6.21529418,-75.58449186,10.10,1496.947,24.017,0.000,,18,38,,
T,2023-05-09 15:03:52,6.21529419,-75.58449187,10.59,1496.947,24.017,0.000,,16,38,,
T,2023-05-09 15:03:53,6.21529420,-75.58449187,11.11,1496.947,24.017,0.000,,17,38,,
T,2023-05-09 15:03:54,6.21529420,-75.58449187,11.12,1496.946,24.017,0.000,,16,38,,
T,2023-05-09 15:03:55,6.21529420,-75.58449188,11.00,1496.947,24.017,0.000,,16,38,,
T,2023-05-09 15:03:56,6.21529420,-75.58449187,11.11,1496.946,24.017,0.000,,17,38,,
T,2023-05-09 15:03:57,6.21529420,-75.58449187,11.11,1496.946,24.017,0.000,,16,38,,
T,2023-05-09 15:03:58,6.21529420,-75.58449187,11.12,1496.946,24.017,0.000,,15,38,,
T,2023-05-09 15:03:59,6.21529420,-75.58449187,11.18,1496.945,24.017,0.000,,15,38,,
T,2023-05-09 15:04:00,6.21529420,-75.58449188,11.42,1496.944,24.017,0.000,,15,38,,
T,2023-05-09 15:04:01,6.21529420,-75.58449188,11.93,1496.944,24.017,0.000,,15,38,,
T,2023-05-09 15:04:02,6.21529420,-75.58449188,12.41,1496.944,24.017,0.000,,12,37,,
T,2023-05-09 15:04:03,6.21529419,-75.58449188,12.76,1496.944,24.017,0.000,,10,38,,
T,2023-05-09 15:04:04,6.21529419,-75.58449188,12.97,1496.944,24.017,0.000,,10,38,,
T,2023-05-09 15:04:05,6.21529419,-75.58449188,13.39,1496.944,24.017,0.000,,10,38,,
T,2023-05-09 15:04:06,6.21529419,-75.58449188,13.76,1496.944,24.017,0.000,,8,38,,
T,2023-05-09 15:04:07,6.21529420,-75.58449189,13.94,1496.944,24.017,0.000,,7,38,,
T,2023-05-09 15:04:08,6.21529420,-75.58449189,14.52,1496.944,24.017,0.000,,8,37,,
T,2023-05-09 15:04:09,6.21529420,-75.58449189,15.36,1496.944,24.017,0.000,,8,38,,
T,2023-05-09 15:04:10,6.21529419,-75.58449189,16.49,1496.944,24.017,0.000,,8,38,,
T,2023-05-09 15:04:11,6.21529419,-75.58449188,18.17,1496.944,24.017,0.000,,8,38,,
T,2023-05-09 15:04:12,6.21529419,-75.58449188,19.76,1496.944,24.017,0.000,,7,38,,
T,2023-05-09 15:04:13,6.21529419,-75.58449188,21.68,1496.944,24.017,0.000,,6,38,,
T,2023-05-09 15:04:14,6.21529419,-75.58449188,27.20,1496.944,24.017,0.000,,4,38,,
T,2023-05-09 15:04:15,6.21529419,-75.58449188,28.67,1496.944,24.017,0.000,,4,38,,
T,2023-05-09 15:04:16,6.21529419,-75.58449188,29.61,1496.944,24.017,0.000,,6,38,,
T,2023-05-09 15:04:17,6.21529419,-75.58449188,30.38,1496.944,24.017,0.000,,6,36,,
T,2023-05-09 15:04:18,6.21529419,-75.58449188,32.09,1496.944,24.017,0.000,,7,38,,
T,2023-05-09 15:04:19,6.21529419,-75.58449188,30.86,1496.944,24.017,0.000,,7,36,,
T,2023-05-09 15:04:20,6.21529419,-75.58449189,33.18,1496.944,24.017,0.000,,8,37,,
T,2023-05-09 15:04:21,6.21529419,-75.58449189,33.74,1496.944,24.017,0.000,,8,38,,
T,2023-05-09 15:04:22,6.21529419,-75.58449189,35.00,1496.944,24.017,0.000,,7,38,,
T,2023-05-09 15:04:23,6.21529419,-75.58449189,37.67,1496.944,24.017,0.000,,7,38,,
T,2023-05-09 15:04:24,6.21529419,-75.58449189,37.88,1496.944,24.017,0.000,,7,37,,
T,2023-05-09 15:04:25,6.21529419,-75.58449189,35.42,1496.944,24.017,0.000,,6,38,,
T,2023-05-09 15:04:26,6.21529419,-75.58449189,37.03,1496.944,24.017,0.000,,7,37,,
T,2023-05-09 15:04:27,6.21529419,-75.58449189,38.78,1496.945,24.017,0.000,,7,38,,
T,2023-05-09 15:04:28,6.21529419,-75.58449189,33.92,1496.944,24.017,0.000,,7,38,,
T,2023-05-09 15:04:29,6.21529418,-75.58449189,16.74,1496.944,24.017,0.000,,8,38,,
T,2023-05-09 15:04:30,6.21529419,-75.58449190,12.19,1496.944,24.017,0.000,,10,37,,
T,2023-05-09 15:04:31,6.21529419,-75.58449190,11.71,1496.944,24.017,0.000,,13,38,,
T,2023-05-09 15:04:32,6.21529419,-75.58449190,11.40,1496.943,24.017,0.000,,13,38,,
T,2023-05-09 15:04:33,6.21529419,-75.58449191,11.16,1496.944,24.017,0.000,,13,38,,
T,2023-05-09 15:04:34,6.21529420,-75.58449193,11.09,1496.944,24.017,0.000,,13,38,,
T,2023-05-09 15:04:35,6.21529420,-75.58449193,11.13,1496.944,24.017,0.000,,12,37,,
T,2023-05-09 15:04:36,6.21529420,-75.58449193,10.94,1496.943,24.017,0.000,,12,38,,
T,2023-05-09 15:04:37,6.21529419,-75.58449194,11.01,1496.942,24.017,0.000,,12,38,,
T,2023-05-09 15:04:38,6.21529419,-75.58449194,11.17,1496.942,24.017,0.000,,12,38,,
T,2023-05-09 15:04:39,6.21529419,-75.58449194,10.96,1496.942,24.017,0.000,,12,38,,
T,2023-05-09 15:04:40,6.21529419,-75.58449194,10.86,1496.942,24.017,0.000,,11,38,,
T,2023-05-09 15:04:41,6.21529419,-75.58449194,10.71,1496.942,24.017,0.000,,12,38,,
T,2023-05-09 15:04:42,6.21529419,-75.58449195,10.47,1496.943,24.017,0.000,,14,38,,
T,2023-05-09 15:04:43,6.21529420,-75.58449196,10.18,1496.943,24.017,0.000,,15,38,,
T,2023-05-09 15:04:44,6.21529420,-75.58449197,9.94,1496.944,24.017,0.000,,15,38,,
T,2023-05-09 15:04:45,6.21529420,-75.58449199,9.94,1496.944,24.017,0.000,,15,38,,
T,2023-05-09 15:04:46,6.21529420,-75.58449201,10.01,1496.946,24.017,0.000,,15,38,,
T,2023-05-09 15:04:47,6.21529421,-75.58449202,10.15,1496.946,24.017,0.000,,14,38,,
T,2023-05-09 15:04:48,6.21529423,-75.58449205,10.29,1496.949,24.017,0.000,,14,38,,
T,2023-05-09 15:04:49,6.21529424,-75.58449206,10.38,1496.950,24.017,0.000,,15,38,,
T,2023-05-09 15:04:50,6.21529424,-75.58449207,10.56,1496.950,24.017,0.000,,15,38,,
T,2023-05-09 15:04:51,6.21529424,-75.58449207,10.74,1496.950,24.017,0.000,,16,38,,
T,2023-05-09 15:04:52,6.21529424,-75.58449208,10.73,1496.950,24.017,0.000,,15,38,,
T,2023-05-09 15:04:53,6.21529423,-75.58449208,10.92,1496.950,24.017,0.000,,16,38,,
T,2023-05-09 15:04:54,6.21529423,-75.58449208,11.17,1496.951,24.017,0.000,,16,38,,
T,2023-05-09 15:04:55,6.21529423,-75.58449208,11.41,1496.951,24.017,0.000,,15,38,,
T,2023-05-09 15:04:56,6.21529423,-75.58449208,11.72,1496.950,24.017,0.000,,15,38,,
T,2023-05-09 15:04:57,6.21529423,-75.58449208,11.98,1496.950,24.017,0.000,,10,38,,
T,2023-05-09 15:04:58,6.21529423,-75.58449208,12.20,1496.950,24.017,0.000,,8,38,,
T,2023-05-09 15:04:59,6.21529423,-75.58449209,12.04,1496.951,24.017,0.000,,8,38,,
T,2023-05-09 15:05:00,6.21529425,-75.58449211,11.16,1496.953,24.017,0.000,,10,38,,
T,2023-05-09 15:05:01,6.21529425,-75.58449212,10.86,1496.954,24.017,0.000,,15,38,,
T,2023-05-09 15:05:02,6.21529427,-75.58449214,10.52,1496.956,24.017,0.000,,15,38,,
T,2023-05-09 15:05:03,6.21529428,-75.58449216,10.20,1496.957,24.017,0.000,,15,38,,
T,2023-05-09 15:05:04,6.21529430,-75.58449218,10.19,1496.958,24.017,0.000,,15,38,,
T,2023-05-09 15:05:05,6.21529430,-75.58449218,10.27,1496.958,24.017,0.000,,15,38,,
T,2023-05-09 15:05:06,6.21529430,-75.58449219,10.32,1496.958,24.017,0.000,,15,38,,
T,2023-05-09 15:05:07,6.21529431,-75.58449219,10.28,1496.958,24.017,0.000,,14,38,,
T,2023-05-09 15:05:08,6.21529430,-75.58449220,10.09,1496.958,24.017,0.000,,15,38,,
T,2023-05-09 15:05:09,6.21529432,-75.58449222,10.10,1496.961,24.017,0.000,,16,38,,
T,2023-05-09 15:05:10,6.21529434,-75.58449223,10.12,1496.963,24.017,0.000,,18,38,,
T,2023-05-09 15:05:11,6.21529435,-75.58449224,10.18,1496.964,24.017,0.000,,17,38,,
T,2023-05-09 15:05:12,6.21529435,-75.58449225,10.27,1496.964,24.017,0.000,,17,38,,
T,2023-05-09 15:05:13,6.21529435,-75.58449225,10.34,1496.963,24.017,0.000,,16,38,,
T,2023-05-09 15:05:14,6.21529435,-75.58449225,10.54,1496.963,24.017,0.000,,15,38,,
T,2023-05-09 15:05:15,6.21529435,-75.58449225,10.56,1496.964,24.017,0.000,,14,38,,
T,2023-05-09 15:05:16,6.21529435,-75.58449226,10.58,1496.964,24.017,0.000,,11,38,,
T,2023-05-09 15:05:17,6.21529435,-75.58449226,10.68,1496.964,24.017,0.000,,11,38,,
T,2023-05-09 15:05:18,6.21529435,-75.58449226,10.88,1496.964,24.017,0.000,,11,38,,
T,2023-05-09 15:05:19,6.21529435,-75.58449226,11.07,1496.964,24.017,0.000,,11,38,,
T,2023-05-09 15:05:20,6.21529435,-75.58449226,11.02,1496.963,24.017,0.000,,11,38,,
T,2023-05-09 15:05:21,6.21529435,-75.58449226,10.77,1496.964,24.017,0.000,,10,38,,
T,2023-05-09 15:05:22,6.21529435,-75.58449227,10.54,1496.965,24.017,0.000,,11,38,,
T,2023-05-09 15:05:23,6.21529435,-75.58449227,10.31,1496.965,24.017,0.000,,12,38,,
T,2023-05-09 15:05:24,6.21529436,-75.58449228,10.13,1496.965,24.017,0.000,,12,38,,
T,2023-05-09 15:05:25,6.21529436,-75.58449228,10.16,1496.965,24.017,0.000,,12,38,,
T,2023-05-09 15:05:26,6.21529437,-75.58449229,10.05,1496.966,24.017,0.000,,12,38,,
T,2023-05-09 15:05:27,6.21529438,-75.58449230,9.99,1496.966,24.017,0.000,,12,38,,
T,2023-05-09 15:05:28,6.21529438,-75.58449231,10.03,1496.968,24.017,0.000,,12,38,,
T,2023-05-09 15:05:29,6.21529439,-75.58449233,9.94,1496.969,24.017,0.000,,11,38,,
T,2023-05-09 15:05:30,6.21529440,-75.58449234,9.94,1496.970,24.017,0.000,,12,38,,
T,2023-05-09 15:05:31,6.21529440,-75.58449235,10.10,1496.971,24.017,0.000,,14,38,,
T,2023-05-09 15:05:32,6.21529441,-75.58449235,10.44,1496.972,24.017,0.000,,14,38,,
T,2023-05-09 15:05:33,6.21529440,-75.58449234,10.63,1496.971,24.017,0.000,,14,38,,
T,2023-05-09 15:05:34,6.21529440,-75.58449234,10.90,1496.971,24.017,0.000,,14,38,,
T,2023-05-09 15:05:35,6.21529440,-75.58449234,11.29,1496.972,24.017,0.000,,14,38,,
T,2023-05-09 15:05:36,6.21529440,-75.58449234,11.15,1496.972,24.017,0.000,,12,38,,
T,2023-05-09 15:05:37,6.21529442,-75.58449237,10.93,1496.975,24.017,0.000,,10,38,,
T,2023-05-09 15:05:38,6.21529444,-75.58449239,10.70,1496.977,24.017,0.000,,8,38,,
T,2023-05-09 15:05:39,6.21529446,-75.58449241,10.61,1496.978,24.017,0.000,,10,38,,
T,2023-05-09 15:05:40,6.21529447,-75.58449242,10.74,1496.977,24.017,0.000,,9,38,,
T,2023-05-09 15:05:41,6.21529448,-75.58449244,10.79,1496.979,24.017,0.000,,10,38,,
T,2023-05-09 15:05:42,6.21529449,-75.58449245,10.78,1496.978,24.017,0.000,,10,38,,
T,2023-05-09 15:05:43,6.21529450,-75.58449245,10.80,1496.978,24.017,0.000,,9,38,,
T,2023-05-09 15:05:44,6.21529451,-75.58449247,10.80,1496.979,24.017,0.000,,9,38,,
T,2023-05-09 15:05:45,6.21529453,-75.58449249,10.55,1496.981,24.017,0.000,,9,38,,
T,2023-05-09 15:05:46,6.21529455,-75.58449253,10.27,1496.985,24.017,0.000,,10,38,,
T,2023-05-09 15:05:47,6.21529456,-75.58449255,10.13,1496.985,24.017,0.000,,12,38,,
T,2023-05-09 15:05:48,6.21529456,-75.58449255,10.16,1496.985,24.017,0.000,,12,38,,
T,2023-05-09 15:05:49,6.21529457,-75.58449256,10.16,1496.985,24.017,0.000,,12,38,,
T,2023-05-09 15:05:50,6.21529459,-75.58449258,10.06,1496.987,24.017,0.000,,13,38,,
T,2023-05-09 15:05:51,6.21529460,-75.58449259,10.02,1496.988,24.017,0.000,,14,38,,
T,2023-05-09 15:05:52,6.21529462,-75.58449260,9.96,1496.989,24.017,0.000,,13,38,,
T,2023-05-09 15:05:53,6.21529463,-75.58449262,10.01,1496.990,24.017,0.000,,13,38,,
T,2023-05-09 15:05:54,6.21529466,-75.58449266,10.06,1496.992,24.017,0.000,,13,38,,
T,2023-05-09 15:05:55,6.21529468,-75.58449269,10.10,1496.994,24.017,0.000,,14,38,,
T,2023-05-09 15:05:56,6.21529469,-75.58449271,10.04,1496.996,24.017,0.000,,14,38,,
T,2023-05-09 15:05:57,6.21529472,-75.58449274,10.09,1497.000,24.017,0.000,,13,38,,
T,2023-05-09 15:05:58,6.21529474,-75.58449278,10.00,1497.003,24.017,0.000,,12,38,,
T,2023-05-09 15:05:59,6.21529475,-75.58449280,9.94,1497.005,24.017,0.000,,12,38,,
T,2023-05-09 15:06:00,6.21529476,-75.58449282,9.94,1497.006,24.017,0.000,,12,38,,
T,2023-05-09 15:06:01,6.21529478,-75.58449284,9.94,1497.008,24.017,0.000,,13,38,,
T,2023-05-09 15:06:02,6.21529478,-75.58449284,9.94,1497.008,24.017,0.000,,11,38,,
T,2023-05-09 15:06:03,6.21529478,-75.58449285,9.94,1497.008,24.017,0.000,,11,38,,
T,2023-05-09 15:06:04,6.21529480,-75.58449287,9.94,1497.011,24.017,0.000,,12,38,,
T,2023-05-09 15:06:05,6.21529480,-75.58449289,9.94,1497.012,24.017,0.000,,11,38,,
T,2023-05-09 15:06:06,6.21529482,-75.58449290,9.94,1497.013,24.017,0.000,,12,38,,
T,2023-05-09 15:06:07,6.21529483,-75.58449292,9.94,1497.015,24.017,0.000,,12,38,,
T,2023-05-09 15:06:08,6.21529485,-75.58449294,9.94,1497.016,24.017,0.000,,13,38,,
T,2023-05-09 15:06:09,6.21529486,-75.58449295,9.94,1497.017,24.017,0.000,,13,38,,
T,2023-05-09 15:06:10,6.21529486,-75.58449295,9.94,1497.018,24.017,0.000,,11,38,,
T,2023-05-09 15:06:11,6.21529487,-75.58449297,9.94,1497.018,24.017,0.000,,12,38,,
T,2023-05-09 15:06:12,6.21529488,-75.58449299,9.94,1497.021,24.017,0.000,,10,38,,
T,2023-05-09 15:06:13,6.21529488,-75.58449299,9.94,1497.021,24.017,0.000,,10,38,,
T,2023-05-09 15:06:14,6.21529489,-75.58449299,9.94,1497.022,24.017,0.000,,10,37,,
T,2023-05-09 15:06:15,6.21529490,-75.58449300,9.94,1497.021,24.017,0.000,,10,38,,
T,2023-05-09 15:06:16,6.21529490,-75.58449301,9.97,1497.021,24.017,0.000,,11,38,,
T,2023-05-09 15:06:17,6.21529492,-75.58449302,9.94,1497.022,24.017,0.000,,10,38,,
T,2023-05-09 15:06:18,6.21529492,-75.58449303,9.94,1497.024,24.017,0.000,,11,38,,
T,2023-05-09 15:06:19,6.21529493,-75.58449304,9.94,1497.025,24.017,0.000,,12,38,,
T,2023-05-09 15:06:20,6.21529495,-75.58449308,9.94,1497.028,24.017,0.000,,13,38,,
T,2023-05-09 15:06:21,6.21529496,-75.58449309,9.94,1497.027,24.017,0.000,,14,37,,
T,2023-05-09 15:06:22,6.21529499,-75.58449312,9.94,1497.031,24.017,0.000,,15,38,,
T,2023-05-09 15:06:23,6.21529500,-75.58449314,9.94,1497.033,24.017,0.000,,17,38,,
T,2023-05-09 15:06:24,6.21529502,-75.58449316,9.94,1497.035,24.017,0.000,,17,38,,
T,2023-05-09 15:06:25,6.21529502,-75.58449318,9.94,1497.035,24.017,0.000,,17,38,,
T,2023-05-09 15:06:26,6.21529502,-75.58449318,9.94,1497.035,24.017,0.000,,19,38,,
T,2023-05-09 15:06:27,6.21529503,-75.58449319,10.24,1497.034,24.017,0.000,,18,38,,
T,2023-05-09 15:06:28,6.21529504,-75.58449320,10.54,1497.036,24.017,0.000,,17,38,,
T,2023-05-09 15:06:29,6.21529505,-75.58449321,10.27,1497.037,24.017,0.000,,13,38,,
T,2023-05-09 15:06:30,6.21529505,-75.58449322,10.12,1497.038,24.017,0.000,,13,38,,
T,2023-05-09 15:06:31,6.21529506,-75.58449323,10.19,1497.038,24.017,0.000,,13,38,,
T,2023-05-09 15:06:32,6.21529506,-75.58449323,10.36,1497.039,24.017,0.000,,12,38,,
T,2023-05-09 15:06:33,6.21529507,-75.58449324,10.19,1497.040,24.017,0.000,,12,38,,
T,2023-05-09 15:06:34,6.21529507,-75.58449325,10.22,1497.040,24.017,0.000,,12,38,,
T,2023-05-09 15:06:35,6.21529508,-75.58449326,10.39,1497.041,24.017,0.000,,14,38,,
T,2023-05-09 15:06:36,6.21529508,-75.58449326,10.51,1497.041,24.017,0.000,,14,38,,
T,2023-05-09 15:06:37,6.21529508,-75.58449327,10.24,1497.042,24.017,0.000,,14,38,,
T,2023-05-09 15:06:38,6.21529512,-75.58449331,10.49,1497.044,24.017,0.000,,14,38,,
T,2023-05-09 15:06:39,6.21529513,-75.58449333,10.68,1497.045,24.017,0.000,,13,38,,
T,2023-05-09 15:06:40,6.21529514,-75.58449334,10.78,1497.046,24.017,0.000,,14,38,,
T,2023-05-09 15:06:41,6.21529514,-75.58449334,10.73,1497.046,24.017,0.000,,13,38,,
T,2023-05-09 15:06:42,6.21529515,-75.58449334,10.55,1497.047,24.017,0.000,,14,38,,
T,2023-05-09 15:06:43,6.21529514,-75.58449335,10.48,1497.047,24.017,0.000,,14,38,,
T,2023-05-09 15:06:44,6.21529515,-75.58449335,10.58,1497.047,24.017,0.000,,13,38,,
T,2023-05-09 15:06:45,6.21529515,-75.58449337,10.52,1497.048,24.017,0.000,,15,38,,
T,2023-05-09 15:06:46,6.21529516,-75.58449337,10.59,1497.049,24.017,0.000,,18,38,,
T,2023-05-09 15:06:47,6.21529516,-75.58449338,10.82,1497.049,24.017,0.000,,16,38,,
T,2023-05-09 15:06:48,6.21529516,-75.58449339,10.73,1497.050,24.017,0.000,,16,38,,
T,2023-05-09 15:06:49,6.21529518,-75.58449341,10.77,1497.052,24.017,0.000,,17,38,,
T,2023-05-09 15:06:50,6.21529519,-75.58449344,10.26,1497.052,24.017,0.000,,18,38,,
T,2023-05-09 15:06:51,6.21529522,-75.58449347,9.94,1497.054,24.017,0.000,,17,38,,
T,2023-05-09 15:06:52,6.21529523,-75.58449348,9.94,1497.054,24.017,0.000,,16,38,,
T,2023-05-09 15:06:53,6.21529523,-75.58449348,9.94,1497.054,24.017,0.000,,16,38,,
T,2023-05-09 15:06:54,6.21529523,-75.58449348,10.13,1497.054,24.017,0.000,,16,38,,
T,2023-05-09 15:06:55,6.21529523,-75.58449348,10.42,1497.054,24.017,0.000,,14,38,,
T,2023-05-09 15:06:56,6.21529523,-75.58449349,9.94,1497.054,24.017,0.000,,14,38,,
T,2023-05-09 15:06:57,6.21529524,-75.58449349,9.94,1497.053,24.017,0.000,,16,38,,
T,2023-05-09 15:06:58,6.21529524,-75.58449349,9.94,1497.053,24.017,0.000,,12,38,,
T,2023-05-09 15:06:59,6.21529523,-75.58449348,9.94,1497.052,24.017,0.000,,15,38,,
T,2023-05-09 15:07:00,6.21529523,-75.58449349,10.05,1497.053,24.017,0.000,,16,38,,
T,2023-05-09 15:07:01,6.21529523,-75.58449349,10.14,1497.052,24.017,0.000,,17,38,,
T,2023-05-09 15:07:02,6.21529523,-75.58449349,10.17,1497.052,24.017,0.000,,18,38,,
T,2023-05-09 15:07:03,6.21529523,-75.58449349,10.26,1497.052,24.017,0.000,,13,38,,
T,2023-05-09 15:07:04,6.21529523,-75.58449348,10.45,1497.052,24.017,0.000,,14,38,,
T,2023-05-09 15:07:05,6.21529523,-75.58449349,10.69,1497.052,24.017,0.000,,9,38,,
T,2023-05-09 15:07:06,6.21529523,-75.58449349,11.11,1497.052,24.017,0.000,,9,38,,
T,2023-05-09 15:07:07,6.21529523,-75.58449349,11.84,1497.052,24.017,0.000,,11,38,,
T,2023-05-09 15:07:08,6.21529523,-75.58449349,12.52,1497.052,24.017,0.000,,13,38,,
T,2023-05-09 15:07:09,6.21529523,-75.58449349,13.49,1497.052,24.017,0.000,,16,38,,
T,2023-05-09 15:07:10,6.21529523,-75.58449349,14.29,1497.052,24.017,0.000,,15,38,,
T,2023-05-09 15:07:11,6.21529523,-75.58449349,15.11,1497.052,24.017,0.000,,16,38,,
T,2023-05-09 15:07:12,6.21529523,-75.58449349,15.12,1497.052,24.017,0.000,,15,38,,
T,2023-05-09 15:07:13,6.21529523,-75.58449348,14.32,1497.050,24.017,0.000,,17,37,,
T,2023-05-09 15:07:14,6.21529522,-75.58449348,13.65,1497.050,24.017,0.000,,14,38,,
T,2023-05-09 15:07:15,6.21529522,-75.58449347,12.62,1497.048,24.017,0.000,,16,38,,
T,2023-05-09 15:07:16,6.21529522,-75.58449347,12.12,1497.047,24.017,0.000,,17,38,,
T,2023-05-09 15:07:17,6.21529521,-75.58449347,11.42,1497.047,24.017,0.000,,16,38,,
T,2023-05-09 15:07:18,6.21529523,-75.58449350,10.51,1497.051,24.017,0.000,,18,38,,
T,2023-05-09 15:07:19,6.21529523,-75.58449349,10.43,1497.049,24.017,0.000,,19,38,,
T,2023-05-09 15:07:20,6.21529524,-75.58449351,10.48,1497.048,24.017,0.000,,18,38,,
T,2023-05-09 15:07:21,6.21529526,-75.58449354,10.56,1497.050,24.017,0.000,,17,38,,
T,2023-05-09 15:07:22,6.21529530,-75.58449359,10.68,1497.054,24.017,0.000,,17,38,,
T,2023-05-09 15:07:23,6.21529534,-75.58449364,10.63,1497.058,24.017,0.000,,18,38,,
T,2023-05-09 15:07:24,6.21529539,-75.58449372,10.82,1497.063,24.017,0.000,,17,38,,
T,2023-05-09 15:07:25,6.21529543,-75.58449375,10.97,1497.065,24.017,0.000,,17,38,,
T,2023-05-09 15:07:26,6.21529545,-75.58449379,10.82,1497.068,24.017,0.000,,18,38,,
T,2023-05-09 15:07:27,6.21529546,-75.58449381,10.19,1497.068,24.017,0.000,,19,38,,
T,2023-05-09 15:07:28,6.21529549,-75.58449384,10.59,1497.066,24.017,0.000,,17,38,,
T,2023-05-09 15:07:29,6.21529551,-75.58449386,11.00,1497.067,24.017,0.000,,16,38,,
T,2023-05-09 15:07:30,6.21529552,-75.58449389,11.12,1497.070,24.017,0.000,,17,38,,
T,2023-05-09 15:07:31,6.21529553,-75.58449390,11.02,1497.070,24.017,0.000,,17,38,,
T,2023-05-09 15:07:32,6.21529554,-75.58449391,11.04,1497.070,24.017,0.000,,16,38,,
T,2023-05-09 15:07:33,6.21529553,-75.58449390,10.91,1497.070,24.017,0.000,,15,38,,
T,2023-05-09 15:07:34,6.21529552,-75.58449389,10.69,1497.069,24.017,0.000,,13,38,,
T,2023-05-09 15:07:35,6.21529551,-75.58449388,10.64,1497.068,24.017,0.000,,12,38,,
T,2023-05-09 15:07:36,6.21529550,-75.58449388,10.52,1497.067,24.017,0.000,,10,38,,
T,2023-05-09 15:07:37,6.21529550,-75.58449387,10.45,1497.067,24.017,0.000,,11,38,,
T,2023-05-09 15:07:38,6.21529550,-75.58449387,10.48,1497.067,24.017,0.000,,11,38,,
T,2023-05-09 15:07:39,6.21529549,-75.58449386,10.44,1497.066,24.017,0.000,,12,38,,
T,2023-05-09 15:07:40,6.21529549,-75.58449385,10.49,1497.065,24.017,0.000,,13,38,,
T,2023-05-09 15:07:41,6.21529550,-75.58449387,10.54,1497.067,24.017,0.000,,12,38,,
T,2023-05-09 15:07:42,6.21529550,-75.58449388,10.55,1497.068,24.017,0.000,,14,38,,
T,2023-05-09 15:07:43,6.21529552,-75.58449390,10.62,1497.071,24.017,0.000,,13,38,,
T,2023-05-09 15:07:44,6.21529553,-75.58449392,10.68,1497.072,24.017,0.000,,12,38,,
T,2023-05-09 15:07:45,6.21529555,-75.58449394,10.86,1497.073,24.017,0.000,,12,37,,
T,2023-05-09 15:07:46,6.21529554,-75.58449394,10.91,1497.073,24.017,0.000,,11,38,,
T,2023-05-09 15:07:47,6.21529554,-75.58449394,11.05,1497.073,24.017,0.000,,12,38,,
T,2023-05-09 15:07:48,6.21529555,-75.58449395,11.08,1497.074,24.017,0.000,,10,38,,
T,2023-05-09 15:07:49,6.21529555,-75.58449395,11.16,1497.074,24.017,0.000,,10,38,,
T,2023-05-09 15:07:50,6.21529558,-75.58449399,11.29,1497.078,24.017,0.000,,12,38,,
T,2023-05-09 15:07:51,6.21529560,-75.58449400,11.18,1497.077,24.017,0.000,,12,38,,
T,2023-05-09 15:07:52,6.21529561,-75.58449402,11.21,1497.080,24.017,0.000,,12,38,,
T,2023-05-09 15:07:53,6.21529562,-75.58449402,11.19,1497.078,24.017,0.000,,12,38,,
T,2023-05-09 15:07:54,6.21529561,-75.58449401,11.42,1497.079,24.017,0.000,,12,38,,
T,2023-05-09 15:07:55,6.21529561,-75.58449401,11.55,1497.081,24.017,0.000,,12,38,,
