type,date time,latitude,longitude,accuracy(m),altitude(m),geoid_height(m),speed(m/s),bearing(deg),sat_used,sat_inview,name,desc
T,2023-03-25 23:35:42,6.13867500,-75.61147667,1.40,1673.293,24.307,0.000,,26,42,20230325-183542,GPS Logger: 20230325-183542 - Nmax_viaje_17
T,2023-03-25 23:35:43,6.13867500,-75.61147667,1.40,1673.293,24.307,0.000,,25,42,,
T,2023-03-25 23:35:44,6.13867500,-75.61147667,1.40,1673.293,24.307,0.000,,26,42,,
T,2023-03-25 23:35:45,6.13867500,-75.61147667,1.40,1673.293,24.307,0.000,,26,42,,
T,2023-03-25 23:35:46,6.13867500,-75.61147667,1.40,1673.293,24.307,0.000,,26,42,,
T,2023-03-25 23:35:47,6.13867500,-75.61147667,1.30,1673.293,24.307,0.000,,26,42,,
T,2023-03-25 23:35:48,6.13867500,-75.61147667,1.30,1673.293,24.307,0.000,,26,42,,
T,2023-03-25 23:35:49,6.13867500,-75.61147667,1.30,1673.293,24.307,0.000,,26,42,,
T,2023-03-25 23:35:50,6.13867500,-75.61147667,1.30,1673.293,24.307,0.000,,25,42,,
T,2023-03-25 23:35:51,6.13867500,-75.61147667,1.30,1673.293,24.307,0.000,,24,42,,
T,2023-03-25 23:35:52,6.13867500,-75.61147667,1.30,1673.293,24.307,0.000,,24,42,,
T,2023-03-25 23:35:53,6.13867500,-75.61147667,1.30,1673.293,24.307,0.000,,24,42,,
T,2023-03-25 23:35:54,6.13867500,-75.61147667,1.30,1673.293,24.307,0.000,,24,42,,
T,2023-03-25 23:35:55,6.13867500,-75.61147667,1.40,1673.293,24.307,0.000,,24,42,,
T,2023-03-25 23:35:56,6.13867500,-75.61147667,1.40,1673.293,24.307,0.000,,24,42,,
T,2023-03-25 23:35:57,6.13867500,-75.61147667,1.40,1673.293,24.307,0.000,,23,42,,
T,2023-03-25 23:35:58,6.13867500,-75.61147667,1.40,1673.293,24.307,0.000,,24,42,,
T,2023-03-25 23:35:59,6.13867500,-75.61147667,1.40,1673.293,24.307,0.000,,25,42,,
T,2023-03-25 23:36:00,6.13867500,-75.61147667,1.50,1673.293,24.307,0.000,,25,42,,
T,2023-03-25 23:36:01,6.13867500,-75.61147667,1.50,1673.293,24.307,0.000,,25,42,,
T,2023-03-25 23:36:02,6.13867500,-75.61147667,1.50,1673.293,24.307,0.000,,25,42,,
T,2023-03-25 23:36:03,6.13867500,-75.61147667,1.50,1673.293,24.307,0.000,,25,42,,
T,2023-03-25 23:36:04,6.13867500,-75.61147667,1.50,1673.293,24.307,0.000,,25,42,,
T,2023-03-25 23:36:05,6.13867500,-75.61147667,1.50,1673.293,24.307,0.000,,25,42,,
T,2023-03-25 23:36:06,6.13867500,-75.61147667,1.50,1673.293,24.307,0.000,,25,42,,
T,2023-03-25 23:36:07,6.13867500,-75.61147667,1.50,1673.293,24.307,0.000,,26,42,,
T,2023-03-25 23:36:08,6.13867500,-75.61147667,1.50,1673.293,24.307,0.000,,26,42,,
T,2023-03-25 23:36:09,6.13867500,-75.61147667,1.50,1673.293,24.307,0.000,,26,42,,
T,2023-03-25 23:36:10,6.13867500,-75.61147667,1.40,1673.293,24.307,0.000,,26,42,,
T,2023-03-25 23:36:11,6.13867500,-75.61147667,1.40,1673.293,24.307,0.000,,26,42,,
T,2023-03-25 23:36:12,6.13867500,-75.61147667,1.50,1673.293,24.307,0.000,,26,42,,
T,2023-03-25 23:36:13,6.13867500,-75.61147667,1.60,1673.293,24.307,0.000,,26,42,,
T,2023-03-25 23:36:14,6.13867500,-75.61147667,1.60,1673.293,24.307,0.000,,26,42,,
T,2023-03-25 23:36:15,6.13867500,-75.61147667,1.60,1673.293,24.307,0.000,,26,42,,
T,2023-03-25 23:36:16,6.13867500,-75.61147667,1.60,1673.293,24.307,0.000,,25,42,,
T,2023-03-25 23:36:17,6.13867500,-75.61147667,1.50,1673.293,24.307,0.000,,26,42,,
T,2023-03-25 23:36:18,6.13867500,-75.61147667,1.50,1673.293,24.307,0.000,,26,42,,
T,2023-03-25 23:36:19,6.13867500,-75.61147667,1.50,1673.293,24.307,0.000,,27,42,,
T,2023-03-25 23:36:20,6.13867500,-75.61147667,1.40,1673.293,24.307,0.000,,27,42,,
T,2023-03-25 23:36:21,6.13867500,-75.61147667,1.40,1673.293,24.307,0.000,,27,42,,
T,2023-03-25 23:36:22,6.13867500,-75.61147667,1.40,1673.293,24.307,0.000,,27,42,,
T,2023-03-25 23:36:23,6.13867500,-75.61147667,1.40,1673.293,24.307,0.000,,27,42,,
T,2023-03-25 23:36:24,6.13867500,-75.61147667,1.40,1673.293,24.307,0.000,,26,42,,
T,2023-03-25 23:36:25,6.13871333,-75.61150333,1.50,1670.293,24.307,3.673,294,26,42,,
T,2023-03-25 23:36:26,6.13872500,-75.61156667,1.70,1670.192,24.308,6.633,284,26,42,,
T,2023-03-25 23:36:26.998,6.13874833,-75.61166500,1.90,1669.792,24.308,9.905,286,26,42,,
T,2023-03-25 23:36:28,6.13878000,-75.61178000,1.90,1669.291,24.309,10.610,289,26,42,,
T,2023-03-25 23:36:29,6.13881333,-75.61187500,1.90,1668.391,24.309,9.303,292,26,42,,
T,2023-03-25 23:36:30,6.13884000,-75.61194667,1.90,1667.390,24.310,7.960,295,26,42,,
T,2023-03-25 23:36:31,6.13886833,-75.61199667,1.90,1666.990,24.310,6.370,300,25,42,,
T,2023-03-25 23:36:32,6.13890167,-75.61204000,1.80,1666.590,24.310,5.720,313,24,42,,
T,2023-03-25 23:36:33,6.13893833,-75.61205833,1.80,1666.590,24.310,6.012,334,25,42,,
T,2023-03-25 23:36:34,6.13900000,-75.61205333,1.90,1666.590,24.310,6.716,350,25,42,,
T,2023-03-25 23:36:35,6.13909333,-75.61205000,2.00,1666.890,24.310,7.656,357,25,42,,
T,2023-03-25 23:36:36,6.13920167,-75.61203667,1.90,1666.791,24.309,10.187,3,25,42,,
T,2023-03-25 23:36:37,6.13932667,-75.61202333,2.10,1666.991,24.309,11.037,360,24,42,,
T,2023-03-25 23:36:38,6.13945500,-75.61202500,2.10,1667.491,24.309,11.217,354,23,42,,
T,2023-03-25 23:36:39,6.13957000,-75.61206167,2.00,1667.691,24.309,10.691,349,24,42,,
T,2023-03-25 23:36:40,6.13965167,-75.61208833,1.90,1666.991,24.309,8.294,343,23,42,,
T,2023-03-25 23:36:41,6.13971333,-75.61210500,1.70,1666.991,24.309,6.827,349,24,42,,
T,2023-03-25 23:36:42,6.13975333,-75.61211000,1.70,1666.591,24.309,4.953,346,25,42,,
T,2023-03-25 23:36:43,6.13978333,-75.61211667,1.70,1666.391,24.309,4.719,336,26,42,,
T,2023-03-25 23:36:44,6.13981333,-75.61213000,1.60,1666.391,24.309,3.106,343,26,42,,
T,2023-03-25 23:36:45,6.13982667,-75.61212833,1.50,1666.091,24.309,1.168,343,26,42,,
T,2023-03-25 23:36:46,6.13983833,-75.61212667,1.50,1665.691,24.309,1.158,343,26,42,,
T,2023-03-25 23:36:47,6.13985000,-75.61212500,1.50,1665.692,24.308,1.943,354,24,42,,
T,2023-03-25 23:36:48,6.13987333,-75.61212667,1.50,1665.292,24.308,3.393,347,25,42,,
T,2023-03-25 23:36:49,6.13991333,-75.61213667,1.50,1664.892,24.308,5.410,342,25,42,,
T,2023-03-25 23:36:50,6.13997167,-75.61215333,1.60,1664.192,24.308,7.476,345,26,42,,
T,2023-03-25 23:36:51,6.14005167,-75.61217667,1.60,1663.892,24.308,9.360,344,26,42,,
T,2023-03-25 23:36:52,6.14013667,-75.61220000,1.60,1662.992,24.308,9.755,345,25,42,,
T,2023-03-25 23:36:53,6.14021333,-75.61222333,1.50,1661.692,24.308,8.424,338,24,42,,
T,2023-03-25 23:36:54,6.14027833,-75.61225500,1.80,1659.892,24.308,8.215,332,24,42,,
T,2023-03-25 23:36:55,6.14034667,-75.61228833,1.80,1658.092,24.308,8.672,330,24,41,,
T,2023-03-25 23:36:56,6.14042000,-75.61233833,1.80,1657.292,24.308,9.155,327,24,41,,
T,2023-03-25 23:36:57,6.14048667,-75.61237833,1.60,1656.991,24.309,8.511,334,24,41,,
T,2023-03-25 23:36:58,6.14056167,-75.61240500,1.50,1656.391,24.309,9.049,342,23,42,,
T,2023-03-25 23:36:59,6.14063667,-75.61242833,1.80,1655.691,24.309,8.683,343,24,42,,
T,2023-03-25 23:37:00,6.14071500,-75.61244167,1.90,1655.392,24.308,8.427,344,23,42,,
T,2023-03-25 23:37:01,6.14078667,-75.61246667,2.00,1655.592,24.308,8.390,345,23,42,,
T,2023-03-25 23:37:02,6.14085667,-75.61249500,2.00,1655.992,24.308,8.125,339,24,42,,
T,2023-03-25 23:37:03,6.14092667,-75.61253000,1.80,1655.491,24.309,8.470,336,25,42,,
T,2023-03-25 23:37:04,6.14099000,-75.61257667,1.90,1653.891,24.309,7.850,333,24,42,,
T,2023-03-25 23:37:05,6.14104333,-75.61261167,1.90,1653.891,24.309,7.137,334,24,42,,
T,2023-03-25 23:37:06,6.14108500,-75.61265167,1.90,1653.791,24.309,6.107,332,25,42,,
T,2023-03-25 23:37:07,6.14112000,-75.61268167,1.90,1653.891,24.309,4.861,326,25,42,,
T,2023-03-25 23:37:08,6.14114667,-75.61271500,1.80,1654.191,24.309,4.639,321,26,42,,
T,2023-03-25 23:37:09,6.14118500,-75.61274167,1.80,1653.591,24.309,6.476,325,26,42,,
T,2023-03-25 23:37:10,6.14124833,-75.61277833,1.80,1653.391,24.309,8.495,326,26,42,,
T,2023-03-25 23:37:11,6.14132500,-75.61280667,2.00,1653.491,24.309,9.209,322,26,42,,
T,2023-03-25 23:37:12,6.14139167,-75.61285500,2.10,1653.591,24.309,9.056,317,26,42,,
T,2023-03-25 23:37:13,6.14144667,-75.61290667,1.90,1653.091,24.309,8.873,313,24,42,,
T,2023-03-25 23:37:14,6.14150000,-75.61296333,1.90,1652.490,24.310,8.906,313,25,42,,
T,2023-03-25 23:37:15,6.14156333,-75.61301500,2.10,1650.890,24.310,8.910,314,25,42,,
T,2023-03-25 23:37:16,6.14161833,-75.61306500,2.00,1649.590,24.310,8.925,315,25,42,,
T,2023-03-25 23:37:17,6.14166833,-75.61311500,2.00,1647.590,24.310,8.649,312,25,42,,
T,2023-03-25 23:37:18,6.14171667,-75.61316333,1.80,1645.990,24.310,7.944,312,25,42,,
T,2023-03-25 23:37:19,6.14176000,-75.61321333,1.90,1645.690,24.310,6.690,308,24,42,,
T,2023-03-25 23:37:20,6.14179500,-75.61325667,1.90,1645.189,24.311,5.257,308,25,42,,
T,2023-03-25 23:37:21,6.14181833,-75.61328667,1.80,1644.889,24.311,4.346,311,25,42,,
T,2023-03-25 23:37:22,6.14184000,-75.61331333,1.80,1644.389,24.311,3.712,312,26,42,,
T,2023-03-25 23:37:23,6.14186000,-75.61334000,1.60,1643.689,24.311,3.513,308,26,42,,
T,2023-03-25 23:37:24,6.14188000,-75.61337000,1.50,1643.089,24.311,3.704,309,26,42,,
T,2023-03-25 23:37:25,6.14190500,-75.61339167,1.40,1642.789,24.311,3.898,320,26,42,,
T,2023-03-25 23:37:26,6.14194333,-75.61341667,1.40,1642.589,24.311,5.612,327,26,42,,
T,2023-03-25 23:37:27,6.14199667,-75.61345167,1.70,1641.589,24.311,7.613,327,25,42,,
T,2023-03-25 23:37:28,6.14205333,-75.61348833,1.70,1640.489,24.311,7.354,327,25,42,,
T,2023-03-25 23:37:29,6.14210000,-75.61351667,1.80,1638.989,24.311,6.365,330,25,42,,
T,2023-03-25 23:37:30,6.14214667,-75.61355000,1.90,1638.489,24.311,6.589,331,25,42,,
T,2023-03-25 23:37:31,6.14220333,-75.61358167,1.80,1638.288,24.312,6.564,328,25,42,,
T,2023-03-25 23:37:32,6.14225000,-75.61361667,1.70,1638.188,24.312,7.487,325,25,42,,
T,2023-03-25 23:37:33,6.14231167,-75.61365167,1.90,1637.888,24.312,7.524,322,25,42,,
T,2023-03-25 23:37:34,6.14236833,-75.61369167,1.70,1637.588,24.312,7.212,320,25,42,,
T,2023-03-25 23:37:35,6.14242333,-75.61373833,1.80,1636.888,24.312,6.924,320,23,42,,
T,2023-03-25 23:37:36,6.14247167,-75.61377667,1.90,1636.988,24.312,6.355,319,23,42,,
T,2023-03-25 23:37:37,6.14251333,-75.61381333,1.90,1636.788,24.312,6.252,323,23,42,,
T,2023-03-25 23:37:38,6.14255667,-75.61384833,1.80,1636.688,24.312,6.068,319,24,42,,
T,2023-03-25 23:37:39,6.14259333,-75.61388000,1.90,1636.888,24.312,6.086,318,24,42,,
T,2023-03-25 23:37:40,6.14263333,-75.61392000,1.90,1636.088,24.312,6.270,319,24,42,,
T,2023-03-25 23:37:41,6.14266000,-75.61396167,1.90,1635.287,24.313,6.173,315,25,42,,
T,2023-03-25 23:37:42,6.14269333,-75.61399667,1.80,1635.187,24.313,5.771,313,26,42,,
T,2023-03-25 23:37:43,6.14272000,-75.61403000,1.70,1635.487,24.313,4.752,306,25,42,,
T,2023-03-25 23:37:44,6.14275167,-75.61407000,1.90,1634.987,24.313,3.963,306,24,42,,
T,2023-03-25 23:37:45,6.14278000,-75.61410167,1.90,1634.987,24.313,3.937,308,25,42,,
T,2023-03-25 23:37:46,6.14281667,-75.61413667,1.80,1635.587,24.313,4.574,307,24,42,,
T,2023-03-25 23:37:47,6.14284500,-75.61417000,1.80,1636.687,24.313,5.395,310,25,42,,
T,2023-03-25 23:37:48,6.14288667,-75.61420833,1.80,1637.187,24.313,5.991,316,25,42,,
T,2023-03-25 23:37:49,6.14293000,-75.61425000,1.90,1637.586,24.314,6.296,317,25,42,,
T,2023-03-25 23:37:50,6.14297667,-75.61429167,1.70,1637.686,24.314,6.256,319,25,42,,
T,2023-03-25 23:37:51,6.14302167,-75.61433667,1.90,1637.286,24.314,5.746,320,21,42,,
T,2023-03-25 23:37:52,6.14306167,-75.61436833,1.80,1637.186,24.314,6.387,319,22,42,,
T,2023-03-25 23:37:53,6.14311000,-75.61440667,1.70,1636.986,24.314,7.035,318,23,42,,
T,2023-03-25 23:37:54,6.14315333,-75.61445167,1.70,1636.886,24.314,7.036,313,22,42,,
T,2023-03-25 23:37:55,6.14320667,-75.61448667,1.60,1636.886,24.314,7.684,318,22,42,,
T,2023-03-25 23:37:56,6.14326333,-75.61453000,1.60,1636.786,24.314,8.452,322,22,42,,
T,2023-03-25 23:37:57,6.14332500,-75.61457833,2.00,1636.985,24.315,9.196,320,22,42,,
T,2023-03-25 23:37:58,6.14338833,-75.61463333,1.90,1636.985,24.315,9.501,319,21,42,,
T,2023-03-25 23:37:59,6.14345500,-75.61468500,1.80,1636.885,24.315,9.624,319,20,42,,
T,2023-03-25 23:38:00,6.14352500,-75.61473500,1.80,1635.985,24.315,9.619,320,19,42,,
T,2023-03-25 23:38:01,6.14360000,-75.61478667,1.80,1634.985,24.315,9.438,322,21,42,,
T,2023-03-25 23:38:02,6.14367167,-75.61483167,1.80,1633.685,24.315,9.434,323,23,42,,
T,2023-03-25 23:38:03,6.14374167,-75.61488000,1.80,1632.685,24.315,9.425,324,23,42,,
T,2023-03-25 23:38:04,6.14381000,-75.61492500,1.70,1631.885,24.315,8.883,323,22,42,,
T,2023-03-25 23:38:05,6.14387000,-75.61497167,1.80,1631.084,24.316,7.310,324,21,42,,
T,2023-03-25 23:38:06,6.14391500,-75.61500500,1.80,1630.584,24.316,5.705,324,21,42,,
T,2023-03-25 23:38:07,6.14393667,-75.61503500,1.90,1629.984,24.316,3.507,320,21,42,,
T,2023-03-25 23:38:08,6.14396000,-75.61505000,1.80,1629.984,24.316,3.083,319,23,42,,
T,2023-03-25 23:38:09,6.14399167,-75.61507167,1.70,1629.684,24.316,4.344,326,23,42,,
T,2023-03-25 23:38:10,6.14403500,-75.61509667,1.60,1629.384,24.316,5.635,323,23,42,,
T,2023-03-25 23:38:11,6.14408500,-75.61513500,1.60,1628.784,24.316,6.985,324,23,42,,
T,2023-03-25 23:38:12,6.14412667,-75.61517667,1.80,1627.184,24.316,6.681,321,22,42,,
T,2023-03-25 23:38:13,6.14417000,-75.61522500,1.90,1626.484,24.316,6.297,317,21,42,,
T,2023-03-25 23:38:14,6.14421500,-75.61526000,1.90,1624.984,24.316,6.825,317,22,42,,
T,2023-03-25 23:38:15,6.14425833,-75.61531000,1.90,1623.983,24.317,7.587,319,23,42,,
T,2023-03-25 23:38:16,6.14430000,-75.61534667,1.80,1623.483,24.317,5.742,321,23,42,,
T,2023-03-25 23:38:17,6.14432500,-75.61537500,1.90,1623.483,24.317,3.893,318,23,42,,
T,2023-03-25 23:38:18,6.14434167,-75.61539167,1.90,1623.183,24.317,2.578,323,23,42,,
T,2023-03-25 23:38:19,6.14435333,-75.61540833,1.80,1623.183,24.317,2.114,326,23,42,,
T,2023-03-25 23:38:20,6.14437167,-75.61542333,1.70,1623.783,24.317,2.773,330,23,42,,
T,2023-03-25 23:38:21,6.14439167,-75.61543667,1.60,1624.383,24.317,2.994,330,25,42,,
T,2023-03-25 23:38:22,6.14441167,-75.61545000,1.60,1624.583,24.317,3.120,325,25,42,,
T,2023-03-25 23:38:23,6.14443333,-75.61546667,1.70,1623.883,24.317,2.792,319,24,42,,
T,2023-03-25 23:38:24,6.14445333,-75.61548833,1.70,1623.483,24.317,3.057,319,22,42,,
T,2023-03-25 23:38:25,6.14447833,-75.61550667,1.60,1623.283,24.317,3.356,320,23,42,,
T,2023-03-25 23:38:26,6.14450500,-75.61552833,1.60,1622.883,24.317,3.342,324,22,42,,
T,2023-03-25 23:38:27,6.14452667,-75.61554500,1.60,1622.883,24.317,2.854,320,23,42,,
T,2023-03-25 23:38:28,6.14454667,-75.61557000,1.60,1622.983,24.317,3.428,316,22,42,,
T,2023-03-25 23:38:29,6.14457000,-75.61559333,1.60,1623.183,24.317,3.342,323,22,42,,
T,2023-03-25 23:38:30,6.14460000,-75.61561167,1.80,1623.483,24.317,4.135,326,22,42,,
T,2023-03-25 23:38:31,6.14464333,-75.61562333,1.80,1623.683,24.317,5.241,337,23,42,,
T,2023-03-25 23:38:32,6.14469167,-75.61563833,1.90,1623.683,24.317,4.925,337,24,42,,
T,2023-03-25 23:38:33,6.14473167,-75.61565167,2.00,1623.783,24.317,4.243,333,24,42,,
T,2023-03-25 23:38:34,6.14476500,-75.61565667,2.20,1623.683,24.317,3.791,340,24,42,,
T,2023-03-25 23:38:35,6.14479500,-75.61565500,2.10,1624.083,24.317,3.282,345,25,42,,
T,2023-03-25 23:38:36,6.14482167,-75.61566167,2.10,1624.683,24.317,2.615,340,25,42,,
T,2023-03-25 23:38:37,6.14484833,-75.61565833,2.10,1625.083,24.317,1.832,341,25,42,,
T,2023-03-25 23:38:38,6.14487000,-75.61565333,2.00,1625.483,24.317,1.296,341,25,42,,
T,2023-03-25 23:38:39,6.14488500,-75.61564167,2.00,1625.683,24.317,0.000,,25,42,,
T,2023-03-25 23:38:40,6.14490667,-75.61563000,2.00,1625.983,24.317,0.000,,25,42,,
T,2023-03-25 23:38:41,6.14492500,-75.61561833,2.00,1626.283,24.317,1.445,341,25,42,,
T,2023-03-25 23:38:42,6.14494667,-75.61560000,2.00,1626.383,24.317,2.112,23,24,42,,
T,2023-03-25 23:38:43,6.14497500,-75.61558333,1.90,1626.483,24.317,2.609,21,24,42,,
T,2023-03-25 23:38:44,6.14500833,-75.61556000,1.90,1626.784,24.316,2.866,23,25,42,,
T,2023-03-25 23:38:45,6.14505000,-75.61553833,2.00,1627.284,24.316,3.813,17,25,42,,
T,2023-03-25 23:38:46,6.14509333,-75.61551500,2.00,1627.784,24.316,3.348,19,25,42,,
T,2023-03-25 23:38:47,6.14513000,-75.61549500,2.00,1627.984,24.316,3.191,18,25,42,,
T,2023-03-25 23:38:48,6.14516833,-75.61548167,2.00,1628.084,24.316,3.395,15,25,42,,
T,2023-03-25 23:38:49,6.14520833,-75.61546333,2.00,1628.385,24.315,3.852,26,25,42,,
T,2023-03-25 23:38:50,6.14525167,-75.61544667,2.00,1628.285,24.315,4.096,28,25,42,,
T,2023-03-25 23:38:51,6.14529500,-75.61543167,2.00,1628.285,24.315,3.492,26,25,42,,
T,2023-03-25 23:38:52,6.14533167,-75.61541000,2.10,1628.385,24.315,3.012,34,25,42,,
T,2023-03-25 23:38:53,6.14536667,-75.61539500,2.10,1628.585,24.315,2.586,31,26,42,,
T,2023-03-25 23:38:54,6.14540667,-75.61538000,2.00,1628.685,24.315,2.774,12,26,42,,
T,2023-03-25 23:38:55,6.14544167,-75.61537167,1.90,1628.585,24.315,2.669,8,26,42,,
T,2023-03-25 23:38:56,6.14547333,-75.61536833,1.90,1628.886,24.314,2.103,8,26,42,,
T,2023-03-25 23:38:57,6.14549833,-75.61536500,1.80,1628.986,24.314,1.520,9,25,42,,
T,2023-03-25 23:38:58,6.14551667,-75.61536333,1.80,1628.986,24.314,1.236,9,24,42,,
T,2023-03-25 23:38:59,6.14553333,-75.61536333,1.70,1628.886,24.314,1.214,9,24,42,,
T,2023-03-25 23:39:00,6.14554833,-75.61536333,1.70,1628.986,24.314,0.000,,24,42,,
T,2023-03-25 23:39:01,6.14555667,-75.61536667,1.70,1629.186,24.314,0.000,,23,42,,
T,2023-03-25 23:39:02,6.14556000,-75.61537167,1.70,1629.486,24.314,0.000,,24,42,,
T,2023-03-25 23:39:03,6.14556000,-75.61537167,1.70,1629.486,24.314,0.000,,24,42,,
T,2023-03-25 23:39:04,6.14556000,-75.61537167,1.70,1629.486,24.314,0.000,,24,42,,
T,2023-03-25 23:39:05,6.14556000,-75.61537167,1.70,1629.486,24.314,0.000,,24,42,,
T,2023-03-25 23:39:06,6.14562500,-75.61539167,1.80,1630.486,24.314,3.474,353,25,42,,
T,2023-03-25 23:39:07,6.14567667,-75.61538833,1.80,1630.586,24.314,4.113,357,26,42,,
T,2023-03-25 23:39:08,6.14573667,-75.61539833,1.80,1631.386,24.314,5.586,352,26,42,,
T,2023-03-25 23:39:09,6.14580500,-75.61541000,1.80,1632.286,24.314,6.599,348,26,42,,
T,2023-03-25 23:39:10,6.14588167,-75.61542667,1.70,1633.286,24.314,7.314,346,25,42,,
T,2023-03-25 23:39:11,6.14596000,-75.61544333,1.70,1633.886,24.314,7.479,349,24,42,,
T,2023-03-25 23:39:12,6.14602667,-75.61546000,1.80,1634.286,24.314,6.032,344,25,42,,
T,2023-03-25 23:39:13,6.14607333,-75.61548000,1.80,1634.486,24.314,4.272,340,25,42,,
T,2023-03-25 23:39:14,6.14610667,-75.61549667,1.70,1635.086,24.314,4.156,336,25,42,,
T,2023-03-25 23:39:15,6.14614000,-75.61551500,1.60,1635.286,24.314,4.067,329,25,42,,
T,2023-03-25 23:39:16,6.14617500,-75.61554333,1.60,1635.486,24.314,4.987,317,25,42,,
T,2023-03-25 23:39:17,6.14621167,-75.61558333,1.60,1635.586,24.314,6.742,305,25,42,,
T,2023-03-25 23:39:18,6.14624833,-75.61564667,1.60,1635.586,24.314,8.518,298,25,42,,
T,2023-03-25 23:39:19,6.14628500,-75.61572000,1.70,1635.585,24.315,9.156,294,25,42,,
T,2023-03-25 23:39:20,6.14632500,-75.61580333,1.80,1635.285,24.315,10.160,295,24,42,,
T,2023-03-25 23:39:21,6.14638667,-75.61589167,1.80,1634.785,24.315,11.570,305,24,42,,
T,2023-03-25 23:39:22,6.14646167,-75.61597000,1.80,1634.084,24.316,11.576,311,24,42,,
T,2023-03-25 23:39:23,6.14654167,-75.61604667,1.70,1633.384,24.316,11.437,316,23,42,,
T,2023-03-25 23:39:24,6.14661667,-75.61611500,1.70,1632.384,24.316,10.492,317,25,42,,
T,2023-03-25 23:39:25,6.14669333,-75.61617500,1.70,1631.284,24.316,9.683,323,25,42,,
T,2023-03-25 23:39:26,6.14676500,-75.61621833,1.70,1630.684,24.316,8.620,328,26,42,,
T,2023-03-25 23:39:27,6.14683667,-75.61625167,1.80,1629.884,24.316,8.185,338,26,42,,
T,2023-03-25 23:39:28,6.14690833,-75.61627167,1.80,1629.384,24.316,8.038,344,26,42,,
T,2023-03-25 23:39:29,6.14697333,-75.61628167,2.00,1628.784,24.316,7.173,349,24,42,,
T,2023-03-25 23:39:30,6.14703167,-75.61628333,2.10,1628.384,24.316,6.591,350,23,42,,
T,2023-03-25 23:39:31,6.14708500,-75.61627167,2.10,1627.684,24.316,6.164,1,24,42,,
T,2023-03-25 23:39:32,6.14713833,-75.61626167,2.10,1626.884,24.316,6.125,5,26,42,,
T,2023-03-25 23:39:33,6.14719500,-75.61625000,2.10,1626.884,24.316,5.731,9,26,42,,
T,2023-03-25 23:39:34,6.14725333,-75.61623500,2.10,1626.684,24.316,5.985,13,26,42,,
T,2023-03-25 23:39:35,6.14733167,-75.61623000,2.10,1626.085,24.315,6.646,6,23,42,,
T,2023-03-25 23:39:36,6.14739667,-75.61623667,2.00,1625.685,24.315,5.741,360,21,42,,
T,2023-03-25 23:39:37,6.14746167,-75.61623833,2.00,1625.385,24.315,6.139,1,19,42,,
T,2023-03-25 23:39:38,6.14752667,-75.61623500,2.20,1625.785,24.315,6.319,6,19,42,,
T,2023-03-25 23:39:39,6.14758667,-75.61622167,2.00,1625.385,24.315,6.122,3,24,42,,
T,2023-03-25 23:39:40,6.14763833,-75.61621500,1.80,1624.585,24.315,4.641,2,24,42,,
T,2023-03-25 23:39:41,6.14768000,-75.61621333,1.80,1624.085,24.315,4.228,1,21,42,,
T,2023-03-25 23:39:42,6.14771667,-75.61621333,1.80,1623.086,24.314,4.251,355,26,42,,
T,2023-03-25 23:39:43,6.14775167,-75.61622500,1.80,1622.086,24.314,5.091,347,27,42,,
T,2023-03-25 23:39:44,6.14779500,-75.61625833,1.90,1621.585,24.315,5.753,335,26,42,,
T,2023-03-25 23:39:45,6.14783833,-75.61627833,1.90,1621.185,24.315,5.964,326,24,42,,
T,2023-03-25 23:39:46,6.14787833,-75.61630333,1.80,1620.785,24.315,4.857,320,23,42,,
T,2023-03-25 23:39:47,6.14790833,-75.61632500,1.80,1620.485,24.315,4.300,316,23,42,,
T,2023-03-25 23:39:48,6.14793833,-75.61635500,1.90,1619.785,24.315,3.869,317,21,42,,
T,2023-03-25 23:39:49,6.14797500,-75.61637667,1.80,1619.585,24.315,4.701,317,22,42,,
T,2023-03-25 23:39:50,6.14801500,-75.61640500,1.80,1619.385,24.315,5.245,322,23,42,,
T,2023-03-25 23:39:51,6.14806167,-75.61643500,1.80,1619.285,24.315,6.523,321,23,42,,
T,2023-03-25 23:39:52,6.14811833,-75.61647667,1.80,1618.785,24.315,7.873,318,23,42,,
T,2023-03-25 23:39:53,6.14817167,-75.61652500,1.80,1618.185,24.315,7.300,315,24,42,,
T,2023-03-25 23:39:54,6.14822167,-75.61656667,1.80,1617.985,24.315,6.519,310,24,42,,
T,2023-03-25 23:39:55,6.14825667,-75.61661833,1.80,1617.584,24.316,7.336,303,25,42,,
T,2023-03-25 23:39:56,6.14829333,-75.61667667,1.80,1617.584,24.316,7.351,302,23,42,,
T,2023-03-25 23:39:57,6.14833000,-75.61673333,1.80,1617.884,24.316,7.340,299,23,42,,
T,2023-03-25 23:39:58,6.14836000,-75.61679167,1.90,1618.084,24.316,7.338,295,24,42,,
T,2023-03-25 23:39:59,6.14838833,-75.61685500,1.90,1618.283,24.317,7.816,292,23,42,,
T,2023-03-25 23:40:00,6.14841333,-75.61692000,1.90,1618.483,24.317,7.986,291,21,42,,
T,2023-03-25 23:40:01,6.14843500,-75.61697667,2.10,1617.383,24.317,7.993,287,20,42,,
T,2023-03-25 23:40:02,6.14845333,-75.61703167,2.10,1617.383,24.317,6.638,286,20,42,,
T,2023-03-25 23:40:03,6.14846500,-75.61708000,2.10,1617.282,24.318,5.715,281,19,42,,
T,2023-03-25 23:40:04,6.14847833,-75.61711667,2.00,1617.082,24.318,4.039,282,20,42,,
T,2023-03-25 23:40:05,6.14847500,-75.61713333,1.90,1616.882,24.318,2.739,282,17,42,,
T,2023-03-25 23:40:06,6.14848500,-75.61715000,2.00,1616.282,24.318,3.202,280,17,42,,
T,2023-03-25 23:40:07,6.14849667,-75.61716667,2.00,1615.982,24.318,3.407,282,17,42,,
T,2023-03-25 23:40:08,6.14851167,-75.61719000,2.00,1615.982,24.318,3.056,291,17,42,,
T,2023-03-25 23:40:09,6.14852833,-75.61721000,2.00,1615.982,24.318,3.408,304,18,42,,
T,2023-03-25 23:40:10,6.14855500,-75.61724500,2.00,1615.882,24.318,5.117,300,19,42,,
T,2023-03-25 23:40:11,6.14857833,-75.61729500,2.10,1615.682,24.318,5.705,294,20,42,,
T,2023-03-25 23:40:12,6.14860667,-75.61735000,1.90,1614.881,24.319,6.010,297,19,42,,
T,2023-03-25 23:40:13,6.14863667,-75.61739667,1.90,1614.081,24.319,4.889,291,20,42,,
T,2023-03-25 23:40:14,6.14864833,-75.61743500,1.80,1613.181,24.319,4.166,284,21,42,,
T,2023-03-25 23:40:15,6.14866000,-75.61746167,1.70,1612.681,24.319,2.910,287,21,42,,
T,2023-03-25 23:40:16,6.14867000,-75.61748000,1.70,1612.581,24.319,2.278,290,21,42,,
T,2023-03-25 23:40:17,6.14867833,-75.61749000,1.70,1611.981,24.319,0.000,,22,42,,
T,2023-03-25 23:40:18,6.14868167,-75.61749500,1.70,1611.581,24.319,0.000,,21,42,,
T,2023-03-25 23:40:19,6.14868333,-75.61750000,1.60,1611.481,24.319,0.000,,23,42,,
T,2023-03-25 23:40:20,6.14868333,-75.61750000,1.60,1611.481,24.319,0.000,,23,42,,
T,2023-03-25 23:40:21,6.14868333,-75.61750000,1.60,1611.481,24.319,0.000,,24,42,,
T,2023-03-25 23:40:22,6.14871000,-75.61755500,1.60,1611.080,24.320,3.322,298,25,42,,
T,2023-03-25 23:40:23,6.14873000,-75.61758667,1.60,1611.280,24.320,4.732,303,25,42,,
T,2023-03-25 23:40:24,6.14875667,-75.61763500,1.60,1611.180,24.320,6.091,299,26,42,,
T,2023-03-25 23:40:25,6.14879000,-75.61769167,1.80,1610.880,24.320,7.164,299,26,42,,
T,2023-03-25 23:40:26,6.14883167,-75.61774833,1.80,1610.480,24.320,6.970,305,26,42,,
T,2023-03-25 23:40:27,6.14887333,-75.61780833,1.70,1610.079,24.321,7.593,305,27,42,,
T,2023-03-25 23:40:28,6.14892000,-75.61786833,1.70,1609.779,24.321,7.866,307,26,42,,
T,2023-03-25 23:40:29,6.14896167,-75.61792500,1.70,1609.279,24.321,7.051,305,26,42,,
T,2023-03-25 23:40:30,6.14900833,-75.61798167,1.70,1608.979,24.321,8.240,305,24,42,,
T,2023-03-25 23:40:31,6.14906167,-75.61805167,1.70,1608.479,24.321,9.285,308,24,42,,
T,2023-03-25 23:40:32,6.14912333,-75.61812000,1.80,1607.778,24.322,9.433,314,24,42,,
T,2023-03-25 23:40:33,6.14918333,-75.61818167,1.80,1606.878,24.322,8.339,314,24,42,,
T,2023-03-25 23:40:34,6.14924000,-75.61822833,1.80,1605.478,24.322,6.829,315,24,42,,
T,2023-03-25 23:40:35,6.14928833,-75.61825500,1.70,1604.178,24.322,4.626,322,24,42,,
T,2023-03-25 23:40:36,6.14931333,-75.61827667,1.70,1603.178,24.322,2.939,322,24,42,,
T,2023-03-25 23:40:37,6.14932833,-75.61829333,1.70,1602.478,24.322,1.494,322,25,42,,
T,2023-03-25 23:40:38,6.14933333,-75.61829500,1.70,1601.878,24.322,0.000,,24,42,,
T,2023-03-25 23:40:39,6.14933500,-75.61829167,1.60,1602.178,24.322,0.000,,24,42,,
T,2023-03-25 23:40:40,6.14933333,-75.61828667,1.60,1602.378,24.322,0.000,,24,42,,
T,2023-03-25 23:40:41,6.14933333,-75.61828667,1.60,1602.378,24.322,0.000,,24,42,,
T,2023-03-25 23:40:42,6.14933333,-75.61828667,1.60,1602.378,24.322,0.000,,24,42,,
T,2023-03-25 23:40:43,6.14933333,-75.61828667,1.60,1602.378,24.322,0.000,,22,42,,
T,2023-03-25 23:40:44,6.14933333,-75.61828667,1.60,1602.378,24.322,0.000,,22,42,,
T,2023-03-25 23:40:45,6.14933333,-75.61828667,1.50,1602.378,24.322,0.000,,23,42,,
T,2023-03-25 23:40:46,6.14933333,-75.61828667,1.50,1602.378,24.322,0.000,,23,42,,
T,2023-03-25 23:40:47,6.14933333,-75.61828667,1.50,1602.378,24.322,0.000,,23,42,,
T,2023-03-25 23:40:48,6.14933333,-75.61828667,1.50,1602.378,24.322,0.000,,24,42,,
T,2023-03-25 23:40:49,6.14933333,-75.61828667,1.50,1602.378,24.322,0.000,,24,42,,
T,2023-03-25 23:40:50,6.14933333,-75.61828667,1.50,1602.378,24.322,0.000,,24,42,,
T,2023-03-25 23:40:51,6.14933333,-75.61828667,1.40,1602.378,24.322,0.000,,25,42,,
T,2023-03-25 23:40:52,6.14933333,-75.61828667,1.40,1602.378,24.322,0.000,,25,42,,
T,2023-03-25 23:40:53,6.14933333,-75.61828667,1.40,1602.378,24.322,0.000,,25,42,,
T,2023-03-25 23:40:54,6.14933333,-75.61828667,1.40,1602.378,24.322,0.000,,24,42,,
T,2023-03-25 23:40:55,6.14933333,-75.61828667,1.40,1602.378,24.322,0.000,,25,42,,
T,2023-03-25 23:40:56,6.14933333,-75.61828667,1.40,1602.378,24.322,0.000,,25,42,,
T,2023-03-25 23:40:57,6.14933333,-75.61828667,1.40,1602.378,24.322,0.000,,26,42,,
T,2023-03-25 23:40:58,6.14933333,-75.61828667,1.40,1602.378,24.322,0.000,,25,42,,
T,2023-03-25 23:40:59,6.14933333,-75.61828667,1.40,1602.378,24.322,0.000,,24,42,,
T,2023-03-25 23:41:00,6.14933333,-75.61828667,1.40,1602.378,24.322,0.000,,23,42,,
T,2023-03-25 23:41:01,6.14933333,-75.61828667,1.40,1602.378,24.322,0.000,,24,42,,
T,2023-03-25 23:41:02,6.14933333,-75.61828667,1.40,1602.378,24.322,0.000,,23,42,,
T,2023-03-25 23:41:03,6.14933333,-75.61828667,1.40,1602.378,24.322,0.000,,25,42,,
T,2023-03-25 23:41:04,6.14933333,-75.61828667,1.40,1602.378,24.322,0.000,,24,42,,
T,2023-03-25 23:41:05,6.14933333,-75.61828667,1.40,1602.378,24.322,0.000,,23,42,,
T,2023-03-25 23:41:06,6.14933333,-75.61828667,1.30,1602.378,24.322,0.000,,23,42,,
T,2023-03-25 23:41:07,6.14933333,-75.61828667,1.30,1602.378,24.322,0.000,,24,42,,
T,2023-03-25 23:41:08,6.14933333,-75.61828667,1.30,1602.378,24.322,0.000,,25,42,,
T,2023-03-25 23:41:09,6.14933333,-75.61828667,1.30,1602.378,24.322,0.000,,25,42,,
T,2023-03-25 23:41:10,6.14933333,-75.61828667,1.30,1602.378,24.322,0.000,,25,42,,
T,2023-03-25 23:41:11,6.14933333,-75.61828667,1.30,1602.378,24.322,0.000,,24,42,,
T,2023-03-25 23:41:12,6.14933333,-75.61828667,1.30,1602.378,24.322,0.000,,24,42,,
T,2023-03-25 23:41:13,6.14933333,-75.61828667,1.30,1602.378,24.322,0.000,,24,42,,
T,2023-03-25 23:41:14,6.14933333,-75.61828667,1.30,1602.378,24.322,0.000,,24,42,,
T,2023-03-25 23:41:15,6.14933333,-75.61828667,1.30,1602.378,24.322,0.000,,23,42,,
T,2023-03-25 23:41:16,6.14933333,-75.61828667,1.30,1602.378,24.322,0.000,,22,42,,
T,2023-03-25 23:41:17,6.14933333,-75.61828667,1.40,1602.378,24.322,0.000,,22,42,,
T,2023-03-25 23:41:18,6.14933333,-75.61828667,1.40,1602.378,24.322,0.000,,23,42,,
T,2023-03-25 23:41:19,6.14933333,-75.61828667,1.40,1602.378,24.322,0.000,,24,42,,
T,2023-03-25 23:41:20,6.14933333,-75.61828667,1.40,1602.378,24.322,0.000,,26,42,,
T,2023-03-25 23:41:21,6.14933333,-75.61828667,1.30,1602.378,24.322,0.000,,26,42,,
T,2023-03-25 23:41:22,6.14933333,-75.61828667,1.30,1602.378,24.322,0.000,,25,42,,
T,2023-03-25 23:41:23,6.14933333,-75.61828667,1.30,1602.378,24.322,0.000,,25,42,,
T,2023-03-25 23:41:24,6.14933333,-75.61828667,1.30,1602.378,24.322,0.000,,25,42,,
T,2023-03-25 23:41:25,6.14933333,-75.61828667,1.30,1602.378,24.322,0.000,,25,42,,
T,2023-03-25 23:41:26,6.14933333,-75.61828667,1.30,1602.378,24.322,0.000,,25,42,,
T,2023-03-25 23:41:27,6.14933333,-75.61828667,1.30,1602.378,24.322,0.000,,25,42,,
T,2023-03-25 23:41:28,6.14933333,-75.61828667,1.30,1602.378,24.322,0.000,,25,42,,
T,2023-03-25 23:41:29,6.14933333,-75.61828667,1.30,1602.378,24.322,0.000,,24,42,,
T,2023-03-25 23:41:30,6.14933333,-75.61828667,1.30,1602.378,24.322,0.000,,24,42,,
T,2023-03-25 23:41:31,6.14933333,-75.61828667,1.30,1602.378,24.322,0.000,,24,42,,
T,2023-03-25 23:41:32,6.14933333,-75.61828667,1.30,1602.378,24.322,0.000,,24,42,,
T,2023-03-25 23:41:33,6.14933333,-75.61828667,1.30,1602.378,24.322,0.000,,24,42,,
T,2023-03-25 23:41:34,6.14933333,-75.61828667,1.30,1602.378,24.322,0.000,,24,42,,
T,2023-03-25 23:41:35,6.14933333,-75.61828667,1.30,1602.378,24.322,0.000,,23,42,,
T,2023-03-25 23:41:36,6.14933333,-75.61828667,1.30,1602.378,24.322,0.000,,24,42,,
T,2023-03-25 23:41:37,6.14933333,-75.61828667,1.30,1602.378,24.322,0.000,,24,42,,
T,2023-03-25 23:41:38,6.14933333,-75.61828667,1.30,1602.378,24.322,0.000,,25,42,,
T,2023-03-25 23:41:39,6.14933333,-75.61828667,1.30,1602.378,24.322,0.000,,26,42,,
T,2023-03-25 23:41:40,6.14933333,-75.61828667,1.30,1602.378,24.322,0.000,,28,42,,
T,2023-03-25 23:41:41,6.14933333,-75.61828667,1.30,1602.378,24.322,0.000,,28,42,,
T,2023-03-25 23:41:42,6.14933333,-75.61828667,1.20,1602.378,24.322,0.000,,28,42,,
T,2023-03-25 23:41:43,6.14933333,-75.61828667,1.20,1602.378,24.322,0.000,,27,42,,
T,2023-03-25 23:41:44,6.14933333,-75.61828667,1.20,1602.378,24.322,0.000,,24,42,,
T,2023-03-25 23:41:45,6.14933333,-75.61828667,1.20,1602.378,24.322,0.000,,26,42,,
T,2023-03-25 23:41:46,6.14933333,-75.61828667,1.30,1602.378,24.322,0.000,,25,42,,
T,2023-03-25 23:41:47,6.14939167,-75.61827667,1.40,1600.178,24.322,4.894,324,26,42,,
T,2023-03-25 23:41:48,6.14943833,-75.61831500,1.50,1600.378,24.322,6.709,323,29,42,,
T,2023-03-25 23:41:49,6.14949000,-75.61836000,1.50,1600.478,24.322,7.415,322,28,42,,
T,2023-03-25 23:41:50,6.14954333,-75.61840667,1.50,1600.478,24.322,6.963,325,28,42,,
T,2023-03-25 23:41:51,6.14958833,-75.61844667,1.50,1600.477,24.323,5.165,323,28,42,,
T,2023-03-25 23:41:52,6.14961833,-75.61847833,1.50,1600.277,24.323,3.746,321,28,42,,
T,2023-03-25 23:41:53,6.14964333,-75.61850500,1.50,1600.077,24.323,3.768,315,28,42,,
T,2023-03-25 23:41:54,6.14967667,-75.61853833,1.60,1599.677,24.323,5.154,324,27,42,,
T,2023-03-25 23:41:55,6.14972333,-75.61857667,1.60,1599.077,24.323,6.177,327,25,42,,
T,2023-03-25 23:41:56,6.14977000,-75.61861333,1.50,1598.477,24.323,6.033,326,24,42,,
T,2023-03-25 23:41:57,6.14981000,-75.61865000,1.50,1597.877,24.323,5.436,320,24,42,,
T,2023-03-25 23:41:58,6.14984500,-75.61868500,1.60,1597.277,24.323,4.971,318,24,42,,
T,2023-03-25 23:41:59,6.14987667,-75.61871833,1.60,1596.677,24.323,4.935,317,24,42,,
T,2023-03-25 23:42:00,6.14991333,-75.61875500,1.60,1596.277,24.323,6.141,318,23,42,,
T,2023-03-25 23:42:01,6.14995667,-75.61879833,1.70,1595.876,24.324,6.703,315,22,42,,
T,2023-03-25 23:42:02,6.15000500,-75.61883833,1.70,1595.276,24.324,6.866,321,25,42,,
T,2023-03-25 23:42:03,6.15005833,-75.61887833,1.70,1594.876,24.324,8.096,324,25,42,,
T,2023-03-25 23:42:04,6.15012333,-75.61891667,1.80,1593.776,24.324,8.401,322,26,42,,
T,2023-03-25 23:42:05,6.15018333,-75.61896167,1.80,1593.376,24.324,9.018,322,26,42,,
T,2023-03-25 23:42:06,6.15024500,-75.61900833,1.80,1592.476,24.324,9.470,320,23,42,,
T,2023-03-25 23:42:07,6.15030333,-75.61905667,1.80,1591.376,24.324,9.023,321,24,42,,
T,2023-03-25 23:42:08,6.15036000,-75.61910333,1.90,1590.276,24.324,8.325,321,22,42,,
T,2023-03-25 23:42:09,6.15041333,-75.61915500,1.90,1589.575,24.325,7.664,319,23,42,,
T,2023-03-25 23:42:10,6.15045667,-75.61920500,1.90,1588.975,24.325,6.611,316,20,42,,
T,2023-03-25 23:42:11,6.15049333,-75.61924667,2.00,1588.575,24.325,5.510,315,22,42,,
T,2023-03-25 23:42:12,6.15052833,-75.61928167,2.00,1588.275,24.325,5.256,318,20,42,,
T,2023-03-25 23:42:13,6.15056333,-75.61931833,1.90,1587.575,24.325,6.582,319,19,42,,
T,2023-03-25 23:42:14,6.15060833,-75.61936667,1.90,1587.375,24.325,6.265,317,19,42,,
T,2023-03-25 23:42:15,6.15064167,-75.61941333,1.90,1587.074,24.326,5.659,316,21,42,,
T,2023-03-25 23:42:16,6.15067833,-75.61945000,1.90,1586.774,24.326,5.342,307,21,42,,
T,2023-03-25 23:42:17,6.15070667,-75.61949167,1.90,1586.574,24.326,5.152,304,22,42,,
T,2023-03-25 23:42:18,6.15073333,-75.61953167,1.90,1586.274,24.326,5.126,305,23,42,,
T,2023-03-25 23:42:19,6.15076000,-75.61956333,2.00,1585.974,24.326,4.072,309,22,42,,
T,2023-03-25 23:42:20,6.15077500,-75.61958667,2.10,1585.574,24.326,3.030,313,22,42,,
T,2023-03-25 23:42:21,6.15078667,-75.61960667,2.10,1585.274,24.326,2.407,310,24,42,,
T,2023-03-25 23:42:22,6.15080500,-75.61963000,2.10,1585.874,24.326,2.405,300,24,42,,
T,2023-03-25 23:42:23,6.15082167,-75.61965833,2.00,1586.674,24.326,2.550,306,24,42,,
T,2023-03-25 23:42:24,6.15084833,-75.61968333,2.00,1587.773,24.327,2.666,309,24,42,,
T,2023-03-25 23:42:25,6.15086833,-75.61971167,2.10,1588.873,24.327,3.043,313,24,42,,
T,2023-03-25 23:42:26,6.15090000,-75.61974167,2.10,1589.773,24.327,4.134,313,24,42,,
T,2023-03-25 23:42:27,6.15093667,-75.61977167,1.90,1590.373,24.327,4.167,311,24,42,,
T,2023-03-25 23:42:28,6.15096667,-75.61980333,1.90,1591.073,24.327,4.171,303,24,42,,
T,2023-03-25 23:42:29,6.15100000,-75.61982500,2.00,1592.473,24.327,3.349,313,23,42,,
T,2023-03-25 23:42:30,6.15103500,-75.61984167,2.00,1593.973,24.327,3.247,312,24,42,,
T,2023-03-25 23:42:31,6.15106333,-75.61985667,2.00,1595.373,24.327,2.660,315,24,42,,
T,2023-03-25 23:42:32,6.15108500,-75.61987667,1.90,1596.173,24.327,2.624,316,24,42,,
T,2023-03-25 23:42:33,6.15110167,-75.61989333,1.90,1596.773,24.327,2.143,315,24,42,,
T,2023-03-25 23:42:34,6.15111833,-75.61990667,2.00,1597.173,24.327,1.824,312,24,42,,
T,2023-03-25 23:42:35,6.15113667,-75.61992500,1.90,1597.573,24.327,2.202,304,24,42,,
T,2023-03-25 23:42:36,6.15115833,-75.61994167,1.80,1597.573,24.327,2.638,302,26,42,,
T,2023-03-25 23:42:37,6.15117333,-75.61996667,1.90,1597.773,24.327,3.401,306,24,42,,
T,2023-03-25 23:42:38,6.15119833,-75.61999833,1.80,1597.973,24.327,4.555,310,25,42,,
T,2023-03-25 23:42:39,6.15123500,-75.62003333,1.70,1597.972,24.328,4.892,315,24,42,,
T,2023-03-25 23:42:40,6.15126333,-75.62006667,2.00,1597.572,24.328,4.321,313,23,42,,
T,2023-03-25 23:42:41,6.15128833,-75.62009500,2.00,1597.472,24.328,4.115,313,24,42,,
T,2023-03-25 23:42:42,6.15130833,-75.62011500,2.00,1597.472,24.328,2.522,316,25,42,,
T,2023-03-25 23:42:43,6.15131833,-75.62012000,2.00,1598.472,24.328,0.000,,24,42,,
T,2023-03-25 23:42:44,6.15132333,-75.62012500,2.00,1598.472,24.328,0.000,,24,42,,
T,2023-03-25 23:42:45,6.15133333,-75.62013500,1.90,1599.672,24.328,0.000,,25,42,,
T,2023-03-25 23:42:46,6.15136500,-75.62015667,1.90,1600.372,24.328,3.405,313,25,42,,
T,2023-03-25 23:42:47,6.15139667,-75.62019000,1.80,1600.772,24.328,5.174,313,24,42,,
T,2023-03-25 23:42:48,6.15143833,-75.62023000,1.80,1600.672,24.328,6.003,314,23,42,,
T,2023-03-25 23:42:49,6.15147667,-75.62027000,1.80,1600.872,24.328,5.780,310,23,42,,
T,2023-03-25 23:42:50,6.15151333,-75.62031000,1.80,1600.472,24.328,5.389,310,24,42,,
T,2023-03-25 23:42:51,6.15154000,-75.62035000,2.00,1600.471,24.329,4.822,307,24,42,,
T,2023-03-25 23:42:52,6.15157333,-75.62038333,1.90,1599.871,24.329,4.676,312,24,42,,
T,2023-03-25 23:42:53,6.15160667,-75.62041333,1.90,1599.171,24.329,4.475,311,24,42,,
T,2023-03-25 23:42:54,6.15163500,-75.62044167,1.90,1598.871,24.329,3.949,312,25,42,,
T,2023-03-25 23:42:55,6.15165500,-75.62046500,1.90,1598.671,24.329,3.134,316,25,42,,
T,2023-03-25 23:42:56,6.15167667,-75.62048333,1.90,1598.071,24.329,2.374,317,25,42,,
T,2023-03-25 23:42:57,6.15169167,-75.62049500,1.90,1598.171,24.329,1.639,314,23,42,,
T,2023-03-25 23:42:58,6.15169833,-75.62051000,1.80,1598.171,24.329,1.983,298,24,42,,
T,2023-03-25 23:42:59,6.15170833,-75.62053000,1.80,1598.271,24.329,2.290,293,24,42,,
T,2023-03-25 23:43:00,6.15172000,-75.62054833,1.80,1597.971,24.329,1.879,294,24,42,,
T,2023-03-25 23:43:01,6.15174000,-75.62056833,1.70,1598.471,24.329,2.263,306,24,42,,
T,2023-03-25 23:43:02,6.15177500,-75.62059167,1.70,1598.071,24.329,3.117,307,24,42,,
T,2023-03-25 23:43:03,6.15180833,-75.62061500,1.70,1597.470,24.330,4.363,314,24,42,,
T,2023-03-25 23:43:04,6.15185833,-75.62064667,1.90,1597.570,24.330,5.673,317,24,42,,
T,2023-03-25 23:43:05,6.15191333,-75.62068167,1.80,1597.470,24.330,5.962,317,24,42,,
T,2023-03-25 23:43:06,6.15195667,-75.62071333,1.80,1597.670,24.330,5.705,319,25,42,,
T,2023-03-25 23:43:07,6.15199000,-75.62075000,1.80,1597.570,24.330,5.227,316,25,42,,
T,2023-03-25 23:43:08,6.15201333,-75.62078000,1.80,1597.670,24.330,4.181,315,25,42,,
T,2023-03-25 23:43:09,6.15203167,-75.62081000,1.90,1597.870,24.330,3.656,308,26,42,,
T,2023-03-25 23:43:10,6.15204667,-75.62083333,1.80,1598.470,24.330,2.877,315,26,42,,
T,2023-03-25 23:43:11,6.15206500,-75.62085667,1.80,1598.770,24.330,2.635,316,26,42,,
T,2023-03-25 23:43:12,6.15208000,-75.62088333,1.90,1598.770,24.330,2.318,314,26,42,,
T,2023-03-25 23:43:13,6.15209500,-75.62090500,1.80,1598.970,24.330,2.316,319,26,42,,
T,2023-03-25 23:43:14,6.15211667,-75.62092833,1.80,1599.069,24.331,3.177,316,23,42,,
T,2023-03-25 23:43:15,6.15215000,-75.62095500,1.80,1599.069,24.331,4.560,324,23,42,,
T,2023-03-25 23:43:16,6.15218167,-75.62099167,1.80,1599.069,24.331,4.785,316,22,42,,
T,2023-03-25 23:43:17,6.15221500,-75.62102333,1.70,1599.269,24.331,3.836,314,23,42,,
T,2023-03-25 23:43:18,6.15223667,-75.62104833,1.70,1599.369,24.331,2.872,316,24,42,,
T,2023-03-25 23:43:19,6.15225500,-75.62106167,1.70,1599.669,24.331,2.208,319,24,42,,
T,2023-03-25 23:43:20,6.15226833,-75.62107833,1.80,1599.869,24.331,2.025,313,24,42,,
T,2023-03-25 23:43:21,6.15228333,-75.62109500,1.80,1599.869,24.331,1.990,304,25,42,,
T,2023-03-25 23:43:22,6.15229333,-75.62111500,1.70,1600.169,24.331,2.190,298,24,42,,
T,2023-03-25 23:43:23,6.15231167,-75.62114000,1.70,1599.869,24.331,3.399,305,24,42,,
T,2023-03-25 23:43:24,6.15234167,-75.62116333,1.70,1599.769,24.331,3.713,320,25,42,,
T,2023-03-25 23:43:25,6.15238500,-75.62118167,1.70,1599.169,24.331,3.259,327,24,42,,
T,2023-03-25 23:43:26,6.15241667,-75.62119000,1.70,1598.969,24.331,2.491,338,25,42,,
T,2023-03-25 23:43:27,6.15244167,-75.62119167,1.70,1599.269,24.331,2.200,340,27,42,,
T,2023-03-25 23:43:28,6.15248833,-75.62119500,1.60,1597.969,24.331,4.246,342,26,42,,
T,2023-03-25 23:43:29,6.15253667,-75.62119833,1.60,1597.069,24.331,5.040,341,25,42,,
T,2023-03-25 23:43:30,6.15259167,-75.62121500,1.60,1596.469,24.331,6.204,337,27,42,,
T,2023-03-25 23:43:31,6.15264833,-75.62123667,1.60,1595.469,24.331,6.390,331,26,42,,
T,2023-03-25 23:43:32,6.15270333,-75.62126167,1.70,1594.769,24.331,6.423,330,25,42,,
T,2023-03-25 23:43:33,6.15275833,-75.62128667,1.60,1594.069,24.331,5.797,333,25,42,,
T,2023-03-25 23:43:34,6.15280500,-75.62130333,1.60,1593.269,24.331,4.417,335,25,42,,
T,2023-03-25 23:43:35,6.15284500,-75.62132000,1.70,1593.369,24.331,4.434,332,24,42,,
T,2023-03-25 23:43:36,6.15288667,-75.62133333,1.80,1593.169,24.331,3.966,347,25,42,,
T,2023-03-25 23:43:37,6.15291833,-75.62133167,1.70,1593.169,24.331,3.362,2,25,42,,
T,2023-03-25 23:43:38,6.15294500,-75.62132833,1.60,1592.769,24.331,2.022,14,26,42,,
T,2023-03-25 23:43:39,6.15296333,-75.62132000,1.70,1593.469,24.331,1.561,30,26,42,,
T,2023-03-25 23:43:40,6.15298333,-75.62130333,1.60,1593.969,24.331,2.774,45,27,42,,
T,2023-03-25 23:43:41,6.15300500,-75.62127333,1.60,1594.169,24.331,3.566,60,27,42,,
T,2023-03-25 23:43:42,6.15302333,-75.62123167,1.60,1594.770,24.330,4.782,70,28,42,,
T,2023-03-25 23:43:43,6.15304667,-75.62117000,1.80,1594.470,24.330,6.092,69,28,42,,
T,2023-03-25 23:43:44,6.15306667,-75.62109667,1.80,1593.370,24.330,6.908,71,28,42,,
T,2023-03-25 23:43:45,6.15308167,-75.62102500,1.80,1591.671,24.329,7.547,70,28,42,,
T,2023-03-25 23:43:46,6.15311333,-75.62095000,1.80,1590.271,24.329,8.774,73,28,42,,
T,2023-03-25 23:43:47,6.15314167,-75.62086167,1.70,1588.572,24.328,9.862,73,28,41,,
T,2023-03-25 23:43:48,6.15316500,-75.62077167,1.70,1587.072,24.328,10.036,73,28,41,,
T,2023-03-25 23:43:49,6.15318167,-75.62068000,1.70,1585.673,24.327,10.488,75,29,41,,
T,2023-03-25 23:43:50,6.15321000,-75.62058833,1.70,1584.773,24.327,10.660,74,29,41,,
T,2023-03-25 23:43:51,6.15323500,-75.62049333,1.70,1584.774,24.326,10.852,74,28,41,,
T,2023-03-25 23:43:52,6.15326500,-75.62040167,1.80,1584.874,24.326,11.033,76,27,41,,
T,2023-03-25 23:43:53,6.15328333,-75.62030500,1.80,1583.975,24.325,10.545,76,26,41,,
T,2023-03-25 23:43:54,6.15330500,-75.62021000,1.90,1583.676,24.324,10.066,76,28,41,,
T,2023-03-25 23:43:55,6.15333167,-75.62012000,2.00,1582.776,24.324,10.634,74,28,41,,
T,2023-03-25 23:43:56,6.15335833,-75.62002000,2.00,1581.777,24.323,10.747,75,25,41,,
T,2023-03-25 23:43:57,6.15339000,-75.61993000,2.00,1581.777,24.323,10.187,74,25,41,,
T,2023-03-25 23:43:58,6.15341667,-75.61984833,2.00,1582.178,24.322,9.319,74,26,41,,
T,2023-03-25 23:43:59,6.15343833,-75.61978000,1.90,1582.678,24.322,7.498,73,27,41,,
T,2023-03-25 23:44:00,6.15345000,-75.61973000,1.90,1582.378,24.322,5.424,78,27,41,,
T,2023-03-25 23:44:01,6.15344667,-75.61969667,1.90,1582.278,24.322,3.559,91,27,41,,
T,2023-03-25 23:44:02,6.15344000,-75.61966833,1.80,1583.079,24.321,3.472,102,27,41,,
T,2023-03-25 23:44:03,6.15343000,-75.61964167,1.70,1584.279,24.321,3.504,118,27,41,,
T,2023-03-25 23:44:04,6.15341500,-75.61961500,1.70,1585.379,24.321,2.893,130,28,41,,
T,2023-03-25 23:44:05,6.15339500,-75.61959500,1.70,1585.179,24.321,2.603,120,28,41,,
T,2023-03-25 23:44:06,6.15338500,-75.61957167,1.70,1585.079,24.321,2.929,103,28,41,,
T,2023-03-25 23:44:07,6.15338500,-75.61953333,1.70,1584.879,24.321,4.329,85,28,41,,
T,2023-03-25 23:44:08,6.15339500,-75.61947500,1.80,1584.580,24.320,6.225,82,28,41,,
T,2023-03-25 23:44:09,6.15341333,-75.61941500,1.90,1584.380,24.320,5.234,83,28,41,,
T,2023-03-25 23:44:10,6.15342667,-75.61937333,1.90,1584.180,24.320,3.708,85,28,41,,
T,2023-03-25 23:44:11,6.15344000,-75.61935167,1.90,1583.980,24.320,2.193,91,28,41,,
T,2023-03-25 23:44:12,6.15343000,-75.61933167,1.80,1582.680,24.320,0.000,,28,41,,
T,2023-03-25 23:44:13,6.15343333,-75.61932500,1.80,1582.580,24.320,0.000,,29,41,,
T,2023-03-25 23:44:14,6.15344333,-75.61932667,1.70,1581.480,24.320,0.000,,29,41,,
T,2023-03-25 23:44:15,6.15344333,-75.61932667,1.60,1581.480,24.320,0.000,,27,41,,
T,2023-03-25 23:44:16,6.15344333,-75.61932667,1.60,1581.480,24.320,0.000,,27,41,,
T,2023-03-25 23:44:17,6.15344333,-75.61932667,1.50,1581.480,24.320,0.000,,26,41,,
T,2023-03-25 23:44:18,6.15344333,-75.61932667,1.50,1581.480,24.320,0.000,,28,41,,
T,2023-03-25 23:44:19,6.15344333,-75.61932667,1.50,1581.480,24.320,0.000,,29,41,,
T,2023-03-25 23:44:20,6.15344333,-75.61932667,1.50,1581.480,24.320,0.000,,29,41,,
T,2023-03-25 23:44:21,6.15344333,-75.61932667,1.50,1581.480,24.320,0.000,,29,41,,
T,2023-03-25 23:44:22,6.15344333,-75.61932667,1.40,1581.480,24.320,0.000,,29,41,,
T,2023-03-25 23:44:23,6.15344333,-75.61932667,1.50,1581.480,24.320,0.000,,28,41,,
T,2023-03-25 23:44:24,6.15344333,-75.61932667,1.50,1581.480,24.320,0.000,,26,41,,
T,2023-03-25 23:44:25,6.15344333,-75.61932667,1.60,1581.480,24.320,0.000,,27,41,,
T,2023-03-25 23:44:26,6.15344333,-75.61932667,1.60,1581.480,24.320,0.000,,27,41,,
T,2023-03-25 23:44:27,6.15344333,-75.61932667,1.50,1581.480,24.320,0.000,,28,41,,
T,2023-03-25 23:44:28,6.15344333,-75.61932667,1.50,1581.480,24.320,0.000,,28,41,,
T,2023-03-25 23:44:29,6.15344333,-75.61932667,1.60,1581.480,24.320,0.000,,28,41,,
T,2023-03-25 23:44:30,6.15344333,-75.61932667,1.60,1581.480,24.320,0.000,,29,41,,
T,2023-03-25 23:44:31,6.15344333,-75.61932667,1.60,1581.480,24.320,0.000,,29,41,,
T,2023-03-25 23:44:32,6.15344333,-75.61932667,1.60,1581.480,24.320,0.000,,27,41,,
T,2023-03-25 23:44:33,6.15344333,-75.61932667,1.60,1581.480,24.320,0.000,,29,41,,
T,2023-03-25 23:44:34,6.15344333,-75.61932667,1.60,1581.480,24.320,0.000,,29,41,,
T,2023-03-25 23:44:35,6.15344333,-75.61932667,1.70,1581.480,24.320,0.000,,28,41,,
T,2023-03-25 23:44:36,6.15344333,-75.61932667,1.70,1581.480,24.320,0.000,,29,41,,
T,2023-03-25 23:44:37,6.15344333,-75.61932667,1.70,1581.480,24.320,0.000,,29,41,,
T,2023-03-25 23:44:38,6.15344333,-75.61932667,1.70,1581.480,24.320,0.000,,28,41,,
T,2023-03-25 23:44:39,6.15343333,-75.61941833,1.70,1580.780,24.320,0.032,91,27,41,,
T,2023-03-25 23:44:40,6.15344000,-75.61942167,1.70,1580.880,24.320,0.000,,27,41,,
T,2023-03-25 23:44:41,6.15344833,-75.61942833,1.70,1581.080,24.320,0.000,,28,41,,
T,2023-03-25 23:44:42,6.15344500,-75.61942667,1.10,1581.080,24.320,0.000,,28,41,,
T,2023-03-25 23:44:43,6.15344500,-75.61942667,1.00,1581.080,24.320,0.000,,28,41,,
T,2023-03-25 23:44:44,6.15344500,-75.61942667,1.00,1581.080,24.320,0.000,,27,41,,
T,2023-03-25 23:44:45,6.15344500,-75.61942667,1.30,1581.080,24.320,0.000,,27,41,,
T,2023-03-25 23:44:46,6.15344500,-75.61942667,1.30,1581.080,24.320,0.000,,27,41,,
T,2023-03-25 23:44:47,6.15344500,-75.61942667,1.40,1581.080,24.320,0.000,,26,41,,
T,2023-03-25 23:44:48,6.15344500,-75.61942667,1.50,1581.080,24.320,0.000,,26,41,,
T,2023-03-25 23:44:49,6.15344500,-75.61942667,1.60,1581.080,24.320,0.000,,26,41,,
T,2023-03-25 23:44:50,6.15344500,-75.61942667,1.70,1581.080,24.320,0.000,,27,41,,
T,2023-03-25 23:44:51,6.15344500,-75.61942667,1.80,1581.080,24.320,0.000,,27,41,,
T,2023-03-25 23:44:52,6.15344500,-75.61942667,1.80,1581.080,24.320,0.000,,27,41,,
T,2023-03-25 23:44:53,6.15344500,-75.61942667,1.90,1581.080,24.320,0.000,,28,41,,
