type,date time,latitude,longitude,accuracy(m),altitude(m),geoid_height(m),speed(m/s),bearing(deg),sat_used,sat_inview,name,desc
T,2023-02-23 20:35:59.771,6.27278333,-75.58595167,2.90,1517.995,23.905,0.224,331,15,30,20230223-153559,GPS Logger: 20230223-153559 - Suzuki_Vstron_Viaje_8
T,2023-02-23 20:36:00.779,6.27277000,-75.58593667,2.50,1523.295,23.905,0.130,357,15,30,,
T,2023-02-23 20:36:02,6.27277333,-75.58594000,2.50,1522.895,23.905,0.000,,14,30,,
T,2023-02-23 20:36:03,6.27277667,-75.58594167,2.50,1522.295,23.905,0.000,,13,30,,
T,2023-02-23 20:36:04,6.27277667,-75.58594167,2.60,1522.295,23.905,0.000,,11,31,,
T,2023-02-23 20:36:05,6.27277833,-75.58594333,2.60,1521.895,23.905,0.000,,11,31,,
T,2023-02-23 20:36:06,6.27277667,-75.58594500,2.70,1521.195,23.905,0.000,,12,31,,
T,2023-02-23 20:36:07,6.27277000,-75.58594000,2.70,1521.095,23.905,0.000,,9,31,,
T,2023-02-23 20:36:08,6.27276833,-75.58594000,2.50,1518.695,23.905,0.000,,10,31,,
T,2023-02-23 20:36:09,6.27276167,-75.58593333,2.20,1518.895,23.905,0.000,,11,31,,
T,2023-02-23 20:36:10,6.27276667,-75.58592667,2.10,1518.795,23.905,0.171,91,13,31,,
T,2023-02-23 20:36:11,6.27276500,-75.58592500,2.00,1519.195,23.905,0.220,76,14,31,,
T,2023-02-23 20:36:12,6.27276500,-75.58592000,1.90,1519.395,23.905,0.220,86,14,31,,
T,2023-02-23 20:36:13,6.27276167,-75.58591833,1.80,1519.495,23.905,0.209,98,15,31,,
T,2023-02-23 20:36:14,6.27275833,-75.58592000,1.80,1519.295,23.905,0.217,113,15,31,,
T,2023-02-23 20:36:15,6.27275500,-75.58592167,1.80,1519.295,23.905,0.208,52,15,31,,
T,2023-02-23 20:36:16,6.27275667,-75.58591833,1.80,1519.595,23.905,0.211,316,15,31,,
T,2023-02-23 20:36:17,6.27276000,-75.58592167,1.80,1519.695,23.905,0.222,268,15,31,,
T,2023-02-23 20:36:18,6.27276333,-75.58592500,1.90,1519.195,23.905,0.230,268,15,31,,
T,2023-02-23 20:36:19,6.27276667,-75.58593167,1.90,1518.995,23.905,0.241,285,15,31,,
T,2023-02-23 20:36:20,6.27276667,-75.58593167,2.00,1519.095,23.905,0.233,252,15,31,,
T,2023-02-23 20:36:21,6.27276667,-75.58593167,2.00,1518.995,23.905,0.240,230,15,31,,
T,2023-02-23 20:36:22,6.27276500,-75.58592667,2.00,1518.795,23.905,0.000,,14,31,,
T,2023-02-23 20:36:23,6.27276333,-75.58592667,2.00,1518.595,23.905,0.000,,14,31,,
T,2023-02-23 20:36:24,6.27276500,-75.58592833,1.90,1518.395,23.905,0.000,,15,31,,
T,2023-02-23 20:36:25,6.27276500,-75.58592833,2.50,1518.395,23.905,0.000,,15,31,,
T,2023-02-23 20:36:26,6.27276500,-75.58592833,2.30,1518.395,23.905,0.000,,15,30,,
T,2023-02-23 20:36:27,6.27276500,-75.58592833,2.30,1518.395,23.905,0.000,,14,31,,
T,2023-02-23 20:36:28,6.27276500,-75.58592833,2.20,1518.395,23.905,0.000,,15,31,,
T,2023-02-23 20:36:29,6.27276500,-75.58592833,2.10,1518.395,23.905,0.000,,14,31,,
T,2023-02-23 20:36:30,6.27276500,-75.58592833,2.00,1518.395,23.905,0.000,,17,31,,
T,2023-02-23 20:36:31,6.27276500,-75.58592833,2.00,1518.395,23.905,0.000,,17,31,,
T,2023-02-23 20:36:32,6.27276500,-75.58592833,2.10,1518.395,23.905,0.000,,16,31,,
T,2023-02-23 20:36:33,6.27276500,-75.58592833,2.10,1518.395,23.905,0.000,,16,31,,
T,2023-02-23 20:36:34,6.27276500,-75.58592833,2.10,1518.395,23.905,0.000,,17,31,,
T,2023-02-23 20:36:35,6.27274500,-75.58596833,2.10,1518.095,23.905,0.451,139,17,31,,
T,2023-02-23 20:36:36,6.27272333,-75.58594000,2.20,1517.895,23.905,0.709,116,17,31,,
T,2023-02-23 20:36:37,6.27271500,-75.58590333,2.20,1517.395,23.905,1.051,84,17,31,,
T,2023-02-23 20:36:38,6.27270500,-75.58586833,2.20,1517.096,23.904,1.446,79,17,31,,
T,2023-02-23 20:36:39,6.27269000,-75.58584167,2.30,1516.996,23.904,1.828,89,16,31,,
T,2023-02-23 20:36:40,6.27267167,-75.58580000,2.90,1514.696,23.904,0.000,,17,31,,
T,2023-02-23 20:36:41,6.27267500,-75.58574333,2.80,1514.196,23.904,0.000,,17,31,,
T,2023-02-23 20:36:42,6.27269333,-75.58568833,2.80,1513.396,23.904,0.000,,15,31,,
T,2023-02-23 20:36:43,6.27270833,-75.58562667,2.80,1513.197,23.903,4.102,74,15,31,,
T,2023-02-23 20:36:44,6.27272667,-75.58554667,2.90,1512.997,23.903,4.806,74,16,31,,
T,2023-02-23 20:36:45,6.27273667,-75.58546000,2.70,1512.198,23.902,5.490,78,15,31,,
T,2023-02-23 20:36:46,6.27275833,-75.58536667,2.70,1512.498,23.902,6.116,76,15,31,,
T,2023-02-23 20:36:47,6.27277667,-75.58525833,2.70,1512.599,23.901,6.722,76,16,31,,
T,2023-02-23 20:36:48,6.27280333,-75.58516333,2.70,1512.299,23.901,7.326,74,17,31,,
T,2023-02-23 20:36:49,6.27283500,-75.58507833,2.90,1512.300,23.900,7.888,69,16,31,,
T,2023-02-23 20:36:50,6.27288000,-75.58499333,3.10,1512.101,23.899,9.882,66,15,31,,
T,2023-02-23 20:36:51,6.27291333,-75.58489833,3.10,1512.101,23.899,10.006,68,14,31,,
T,2023-02-23 20:36:52,6.27295167,-75.58480000,3.20,1511.702,23.898,10.471,68,14,31,,
T,2023-02-23 20:36:53,6.27299500,-75.58471500,3.20,1511.502,23.898,10.471,65,13,31,,
T,2023-02-23 20:36:54,6.27303833,-75.58462833,3.30,1511.303,23.897,10.310,64,12,30,,
T,2023-02-23 20:36:55,6.27309167,-75.58453000,3.30,1511.303,23.897,10.864,62,14,31,,
T,2023-02-23 20:36:56,6.27314000,-75.58443167,3.20,1512.304,23.896,11.451,61,13,31,,
T,2023-02-23 20:36:57,6.27318833,-75.58433333,3.10,1512.705,23.895,11.963,64,14,31,,
T,2023-02-23 20:36:58,6.27323500,-75.58423667,3.10,1512.705,23.895,11.873,61,14,31,,
T,2023-02-23 20:36:59,6.27327667,-75.58412833,3.20,1512.806,23.894,12.096,64,10,31,,
T,2023-02-23 20:37:00,6.27331833,-75.58401500,3.10,1512.307,23.893,12.309,68,11,31,,
T,2023-02-23 20:37:01,6.27337333,-75.58391167,3.10,1511.507,23.893,12.325,67,13,31,,
T,2023-02-23 20:37:02,6.27342167,-75.58380500,3.00,1511.408,23.892,12.408,68,13,31,,
T,2023-02-23 20:37:03,6.27347167,-75.58370333,3.00,1511.409,23.891,12.500,68,13,31,,
T,2023-02-23 20:37:04,6.27351167,-75.58357667,3.00,1512.109,23.891,12.729,69,13,31,,
T,2023-02-23 20:37:05,6.27355833,-75.58346333,2.90,1511.810,23.890,12.378,70,14,31,,
T,2023-02-23 20:37:06,6.27359333,-75.58334833,2.70,1512.011,23.889,12.258,72,14,31,,
T,2023-02-23 20:37:07,6.27361833,-75.58323333,2.70,1511.911,23.889,12.469,76,15,31,,
T,2023-02-23 20:37:08,6.27363667,-75.58312333,2.70,1511.912,23.888,12.002,78,15,31,,
T,2023-02-23 20:37:09,6.27365000,-75.58300167,2.70,1512.113,23.887,12.333,80,14,31,,
T,2023-02-23 20:37:10,6.27365833,-75.58288833,2.90,1512.413,23.887,11.951,82,13,31,,
T,2023-02-23 20:37:11,6.27366667,-75.58277500,3.00,1512.214,23.886,11.925,85,14,31,,
T,2023-02-23 20:37:12,6.27366000,-75.58266167,3.00,1512.214,23.886,11.656,86,14,31,,
T,2023-02-23 20:37:13,6.27365667,-75.58256000,3.00,1512.215,23.885,11.641,89,14,31,,
T,2023-02-23 20:37:14,6.27365667,-75.58247333,3.10,1511.415,23.885,10.712,86,13,31,,
T,2023-02-23 20:37:15,6.27366000,-75.58239000,3.10,1510.616,23.884,9.698,85,13,31,,
T,2023-02-23 20:37:16,6.27366667,-75.58232333,3.10,1509.916,23.884,8.692,83,14,31,,
T,2023-02-23 20:37:17,6.27368500,-75.58225333,3.10,1508.717,23.883,7.691,84,16,31,,
T,2023-02-23 20:37:18,6.27367667,-75.58222167,3.10,1508.417,23.883,6.767,85,15,31,,
T,2023-02-23 20:37:19,6.27367500,-75.58218000,3.10,1508.017,23.883,6.303,88,14,31,,
T,2023-02-23 20:37:20,6.27368167,-75.58215333,3.20,1508.017,23.883,5.284,85,13,31,,
T,2023-02-23 20:37:21,6.27368833,-75.58213833,3.20,1508.217,23.883,4.335,83,14,31,,
T,2023-02-23 20:37:22,6.27370500,-75.58213167,3.10,1508.417,23.883,3.236,81,14,31,,
T,2023-02-23 20:37:23,6.27369667,-75.58212000,3.00,1507.417,23.883,2.026,91,14,31,,
T,2023-02-23 20:37:24,6.27368667,-75.58210833,3.00,1506.317,23.883,0.000,,14,31,,
T,2023-02-23 20:37:25,6.27367167,-75.58210000,2.80,1505.617,23.883,0.000,,16,31,,
T,2023-02-23 20:37:26,6.27367000,-75.58210667,2.80,1504.917,23.883,0.000,,16,31,,
T,2023-02-23 20:37:27,6.27367000,-75.58210667,2.70,1504.917,23.883,0.000,,16,31,,
T,2023-02-23 20:37:28,6.27367000,-75.58210667,2.70,1504.917,23.883,0.000,,16,31,,
T,2023-02-23 20:37:29,6.27367000,-75.58210667,2.70,1504.917,23.883,0.000,,15,31,,
T,2023-02-23 20:37:30,6.27367000,-75.58210667,1.20,1504.917,23.883,0.000,,16,31,,
T,2023-02-23 20:37:31,6.27367000,-75.58210667,1.10,1504.917,23.883,0.000,,16,31,,
T,2023-02-23 20:37:32,6.27367000,-75.58210667,1.10,1504.917,23.883,0.000,,16,31,,
T,2023-02-23 20:37:33,6.27367000,-75.58210667,1.10,1504.917,23.883,0.000,,17,31,,
T,2023-02-23 20:37:34,6.27367000,-75.58210667,1.10,1504.917,23.883,0.000,,17,31,,
T,2023-02-23 20:37:35,6.27367000,-75.58210667,1.10,1504.917,23.883,0.000,,16,31,,
T,2023-02-23 20:37:36,6.27367000,-75.58210667,1.10,1504.917,23.883,0.000,,17,31,,
T,2023-02-23 20:37:37,6.27367000,-75.58210667,1.00,1504.917,23.883,0.000,,18,31,,
T,2023-02-23 20:37:38,6.27367000,-75.58210667,1.20,1504.917,23.883,0.000,,19,31,,
T,2023-02-23 20:37:39,6.27367500,-75.58211167,1.40,1505.717,23.883,1.090,91,19,31,,
T,2023-02-23 20:37:40,6.27367667,-75.58209833,1.70,1505.717,23.883,1.621,76,18,31,,
T,2023-02-23 20:37:41,6.27368667,-75.58207833,2.00,1505.718,23.882,2.574,65,18,31,,
T,2023-02-23 20:37:42,6.27369000,-75.58205667,2.10,1505.618,23.882,2.452,82,19,31,,
T,2023-02-23 20:37:43,6.27369333,-75.58203000,2.20,1505.618,23.882,2.950,83,19,31,,
T,2023-02-23 20:37:44,6.27369500,-75.58199667,2.20,1505.618,23.882,3.839,88,19,31,,
T,2023-02-23 20:37:45,6.27368833,-75.58196000,2.30,1505.518,23.882,3.650,99,18,31,,
T,2023-02-23 20:37:46,6.27368333,-75.58192833,2.40,1505.318,23.882,3.643,87,18,31,,
T,2023-02-23 20:37:47,6.27367667,-75.58190000,2.40,1505.218,23.882,3.009,86,19,31,,
T,2023-02-23 20:37:48,6.27368000,-75.58187000,2.40,1506.219,23.881,3.032,86,19,31,,
T,2023-02-23 20:37:49,6.27368333,-75.58184167,2.40,1507.219,23.881,2.735,85,19,31,,
T,2023-02-23 20:37:50,6.27368667,-75.58180000,2.40,1509.019,23.881,3.494,93,19,31,,
T,2023-02-23 20:37:51,6.27369167,-75.58176333,2.50,1509.719,23.881,3.385,91,19,31,,
T,2023-02-23 20:37:52,6.27369500,-75.58172500,2.50,1510.819,23.881,3.837,98,18,31,,
T,2023-02-23 20:37:53,6.27369833,-75.58170167,2.50,1512.619,23.881,2.960,92,17,31,,
T,2023-02-23 20:37:54,6.27370500,-75.58167500,2.60,1512.820,23.880,2.590,82,17,31,,
T,2023-02-23 20:37:55,6.27371500,-75.58165167,2.50,1514.420,23.880,2.555,88,18,31,,
T,2023-02-23 20:37:56,6.27371667,-75.58162500,2.50,1517.120,23.880,2.895,86,18,31,,
T,2023-02-23 20:37:57,6.27372000,-75.58159833,2.40,1517.420,23.880,2.003,86,18,31,,
T,2023-02-23 20:37:58,6.27371500,-75.58157167,2.50,1517.520,23.880,2.284,96,19,31,,
T,2023-02-23 20:37:59,6.27371000,-75.58154000,2.50,1517.620,23.880,2.792,97,19,31,,
T,2023-02-23 20:38:00,6.27370333,-75.58149000,2.50,1518.021,23.879,3.679,97,18,31,,
T,2023-02-23 20:38:01,6.27369667,-75.58144167,2.50,1518.221,23.879,4.128,95,18,31,,
T,2023-02-23 20:38:02,6.27369000,-75.58139833,2.60,1518.521,23.879,3.823,96,18,31,,
T,2023-02-23 20:38:03,6.27369167,-75.58135667,2.60,1518.521,23.879,3.673,85,17,31,,
T,2023-02-23 20:38:04,6.27369833,-75.58131167,2.60,1518.422,23.878,3.821,84,19,31,,
T,2023-02-23 20:38:05,6.27370000,-75.58127000,2.60,1518.422,23.878,4.123,83,18,31,,
T,2023-02-23 20:38:06,6.27370000,-75.58123167,2.60,1518.122,23.878,3.847,82,17,31,,
T,2023-02-23 20:38:07,6.27370000,-75.58120000,2.60,1518.022,23.878,3.193,88,17,31,,
T,2023-02-23 20:38:08,6.27369667,-75.58116333,2.60,1518.222,23.878,3.283,90,17,31,,
T,2023-02-23 20:38:09,6.27369500,-75.58113167,2.60,1518.522,23.878,3.042,92,18,31,,
T,2023-02-23 20:38:10,6.27369167,-75.58108500,2.60,1518.723,23.877,3.857,90,18,31,,
T,2023-02-23 20:38:11,6.27369667,-75.58103667,2.60,1518.823,23.877,3.766,86,18,31,,
T,2023-02-23 20:38:12,6.27369500,-75.58099833,2.60,1519.123,23.877,3.087,85,18,31,,
T,2023-02-23 20:38:13,6.27369000,-75.58096500,2.60,1520.123,23.877,2.706,87,17,31,,
T,2023-02-23 20:38:14,6.27368167,-75.58093833,2.50,1519.923,23.877,2.535,84,18,31,,
T,2023-02-23 20:38:15,6.27367167,-75.58091667,2.50,1520.324,23.876,2.525,96,18,31,,
T,2023-02-23 20:38:16,6.27366000,-75.58088833,2.50,1520.824,23.876,2.547,91,18,31,,
T,2023-02-23 20:38:17,6.27365500,-75.58085167,2.60,1521.624,23.876,3.632,89,16,31,,
T,2023-02-23 20:38:18,6.27364500,-75.58081167,2.50,1522.124,23.876,4.280,97,16,31,,
T,2023-02-23 20:38:19,6.27363833,-75.58076667,2.40,1522.324,23.876,5.179,98,17,31,,
T,2023-02-23 20:38:20,6.27364000,-75.58072333,2.40,1522.724,23.876,5.729,100,16,31,,
T,2023-02-23 20:38:21,6.27363833,-75.58067167,2.40,1523.025,23.875,5.927,97,17,31,,
T,2023-02-23 20:38:22,6.27363333,-75.58061833,2.30,1523.225,23.875,5.821,93,17,31,,
T,2023-02-23 20:38:23,6.27363000,-75.58056167,2.30,1523.325,23.875,6.347,97,18,31,,
T,2023-02-23 20:38:24,6.27362333,-75.58050000,2.20,1522.926,23.874,6.717,94,18,31,,
T,2023-02-23 20:38:25,6.27362167,-75.58043500,2.20,1522.526,23.874,6.871,91,18,31,,
T,2023-02-23 20:38:26,6.27361333,-75.58037167,2.30,1522.026,23.874,6.769,91,17,31,,
T,2023-02-23 20:38:27,6.27360667,-75.58031333,2.30,1521.926,23.874,6.322,95,17,31,,
T,2023-02-23 20:38:28,6.27360167,-75.58026333,2.40,1521.627,23.873,5.590,97,17,31,,
T,2023-02-23 20:38:29,6.27359833,-75.58021667,2.30,1521.527,23.873,5.035,100,17,31,,
T,2023-02-23 20:38:30,6.27359000,-75.58017000,2.30,1520.727,23.873,4.861,101,18,31,,
T,2023-02-23 20:38:31,6.27358000,-75.58012000,2.30,1520.127,23.873,5.016,104,18,31,,
T,2023-02-23 20:38:32,6.27356167,-75.58007500,2.40,1519.528,23.872,4.577,110,18,31,,
T,2023-02-23 20:38:33,6.27354167,-75.58004000,2.40,1519.428,23.872,3.962,113,17,31,,
T,2023-02-23 20:38:34,6.27352667,-75.58000833,2.40,1519.428,23.872,3.709,113,16,31,,
T,2023-02-23 20:38:35,6.27351833,-75.57999833,2.30,1519.128,23.872,2.122,125,15,31,,
T,2023-02-23 20:38:36,6.27351667,-75.57999667,2.20,1518.328,23.872,0.000,,15,31,,
T,2023-02-23 20:38:37,6.27351500,-75.57999833,2.10,1517.328,23.872,0.000,,15,31,,
T,2023-02-23 20:38:38,6.27351500,-75.58000167,2.10,1517.028,23.872,0.000,,14,31,,
T,2023-02-23 20:38:39,6.27351500,-75.58000167,2.10,1517.028,23.872,0.000,,16,31,,
T,2023-02-23 20:38:40,6.27351500,-75.58000167,2.80,1517.028,23.872,0.000,,18,31,,
T,2023-02-23 20:38:41,6.27351500,-75.58000167,2.50,1517.028,23.872,0.000,,19,31,,
T,2023-02-23 20:38:42,6.27351500,-75.58000167,2.50,1517.028,23.872,0.000,,19,31,,
T,2023-02-23 20:38:43,6.27340500,-75.57998333,2.40,1511.828,23.872,2.661,152,19,31,,
T,2023-02-23 20:38:44,6.27333333,-75.57997167,2.40,1510.828,23.872,4.468,168,19,31,,
T,2023-02-23 20:38:45,6.27326333,-75.57996667,2.40,1510.328,23.872,5.448,170,19,31,,
T,2023-02-23 20:38:46,6.27318667,-75.57995667,2.50,1510.427,23.873,7.054,169,19,31,,
T,2023-02-23 20:38:47,6.27308000,-75.57995500,2.60,1511.427,23.873,8.935,173,17,31,,
T,2023-02-23 20:38:48,6.27295500,-75.57993833,2.60,1511.327,23.873,10.319,172,18,31,,
T,2023-02-23 20:38:49,6.27282833,-75.57992000,2.60,1511.327,23.873,11.064,169,17,31,,
T,2023-02-23 20:38:50,6.27272000,-75.57989833,2.70,1511.327,23.873,10.764,163,17,31,,
T,2023-02-23 20:38:51,6.27261500,-75.57986500,2.80,1511.027,23.873,10.562,160,17,31,,
T,2023-02-23 20:38:52,6.27251333,-75.57982333,2.80,1510.627,23.873,10.898,154,17,31,,
T,2023-02-23 20:38:53,6.27241833,-75.57976500,2.70,1510.127,23.873,11.291,149,18,31,,
T,2023-02-23 20:38:54,6.27233500,-75.57971667,2.70,1510.027,23.873,11.714,143,17,31,,
T,2023-02-23 20:38:55,6.27225500,-75.57966000,2.60,1509.527,23.873,11.746,134,17,31,,
T,2023-02-23 20:38:56,6.27218333,-75.57959333,2.60,1509.127,23.873,11.999,133,17,31,,
T,2023-02-23 20:38:57,6.27211833,-75.57950500,2.60,1509.627,23.873,12.310,128,18,31,,
T,2023-02-23 20:38:58,6.27205000,-75.57940833,2.50,1510.028,23.872,13.436,126,19,31,,
T,2023-02-23 20:38:59,6.27197500,-75.57930500,2.40,1511.328,23.872,14.035,124,17,31,,
T,2023-02-23 20:39:00,6.27190333,-75.57919667,2.30,1511.428,23.872,13.447,123,17,31,,
T,2023-02-23 20:39:01,6.27183667,-75.57909167,2.30,1511.929,23.871,13.177,123,17,31,,
T,2023-02-23 20:39:02,6.27177000,-75.57899167,2.30,1511.629,23.871,13.358,124,18,31,,
T,2023-02-23 20:39:03,6.27170000,-75.57889167,2.20,1511.330,23.870,13.350,125,19,31,,
T,2023-02-23 20:39:04,6.27163167,-75.57879500,2.20,1511.230,23.870,12.704,123,19,31,,
T,2023-02-23 20:39:05,6.27157667,-75.57870000,2.40,1511.130,23.870,12.112,124,19,31,,
T,2023-02-23 20:39:06,6.27151167,-75.57860833,2.40,1510.631,23.869,11.689,124,19,31,,
T,2023-02-23 20:39:07,6.27144833,-75.57852000,2.30,1510.331,23.869,11.408,124,19,31,,
T,2023-02-23 20:39:08,6.27138500,-75.57844000,2.30,1509.931,23.869,11.065,127,19,31,,
T,2023-02-23 20:39:09,6.27132500,-75.57835833,2.60,1509.631,23.869,10.281,126,19,31,,
T,2023-02-23 20:39:10,6.27127333,-75.57828167,2.70,1509.432,23.868,9.635,125,19,31,,
T,2023-02-23 20:39:11,6.27121667,-75.57820667,2.70,1509.632,23.868,9.205,127,18,31,,
T,2023-02-23 20:39:12,6.27116833,-75.57814500,2.80,1510.032,23.868,8.205,126,18,31,,
T,2023-02-23 20:39:13,6.27112333,-75.57809333,2.80,1510.332,23.868,7.206,130,18,31,,
T,2023-02-23 20:39:14,6.27107833,-75.57804000,2.60,1510.333,23.867,7.012,127,19,31,,
T,2023-02-23 20:39:15,6.27104000,-75.57799333,2.50,1510.033,23.867,6.369,129,19,31,,
T,2023-02-23 20:39:16,6.27101167,-75.57796167,2.40,1512.733,23.867,5.525,128,19,31,,
T,2023-02-23 20:39:17,6.27097000,-75.57793167,2.40,1512.133,23.867,4.818,123,20,31,,
T,2023-02-23 20:39:18,6.27094000,-75.57790000,2.40,1511.433,23.867,4.541,122,20,31,,
T,2023-02-23 20:39:19,6.27090667,-75.57787333,2.40,1510.933,23.867,4.303,123,20,31,,
T,2023-02-23 20:39:20,6.27087333,-75.57784000,2.30,1510.033,23.867,3.762,125,19,31,,
T,2023-02-23 20:39:21,6.27084833,-75.57780833,2.40,1509.333,23.867,3.564,123,18,31,,
T,2023-02-23 20:39:22,6.27083167,-75.57778167,2.30,1508.933,23.867,3.172,125,18,31,,
T,2023-02-23 20:39:23,6.27081500,-75.57775833,2.30,1508.233,23.867,2.639,123,19,31,,
T,2023-02-23 20:39:24,6.27079833,-75.57773667,2.30,1507.933,23.867,2.402,124,18,31,,
T,2023-02-23 20:39:25,6.27079167,-75.57772333,2.30,1507.934,23.866,1.721,124,18,31,,
T,2023-02-23 20:39:26,6.27078333,-75.57771667,2.20,1507.534,23.866,0.000,,17,31,,
T,2023-02-23 20:39:27,6.27077833,-75.57770833,2.30,1507.334,23.866,0.000,,17,31,,
T,2023-02-23 20:39:28,6.27077333,-75.57770333,2.30,1506.934,23.866,0.000,,17,31,,
T,2023-02-23 20:39:29,6.27077333,-75.57770333,2.40,1506.934,23.866,0.000,,17,31,,
T,2023-02-23 20:39:30,6.27075000,-75.57767833,2.30,1507.334,23.866,2.730,133,17,31,,
T,2023-02-23 20:39:31,6.27072833,-75.57765667,2.30,1507.834,23.866,3.282,125,18,31,,
T,2023-02-23 20:39:32,6.27070333,-75.57763833,2.30,1508.334,23.866,3.386,134,19,31,,
T,2023-02-23 20:39:33,6.27067833,-75.57760667,2.30,1508.434,23.866,3.962,127,19,31,,
T,2023-02-23 20:39:34,6.27064500,-75.57756000,2.20,1508.234,23.866,5.676,130,19,31,,
T,2023-02-23 20:39:35,6.27061500,-75.57751500,2.20,1508.234,23.866,5.427,125,19,31,,
T,2023-02-23 20:39:36,6.27058000,-75.57747000,2.20,1508.234,23.866,5.993,127,18,31,,
T,2023-02-23 20:39:37,6.27053833,-75.57741500,2.20,1508.235,23.865,6.744,128,19,31,,
T,2023-02-23 20:39:38,6.27048833,-75.57735500,2.40,1507.835,23.865,8.301,131,19,31,,
T,2023-02-23 20:39:39,6.27043000,-75.57727000,2.40,1508.035,23.865,9.859,125,18,31,,
T,2023-02-23 20:39:40,6.27037000,-75.57718833,2.40,1508.035,23.865,10.334,126,18,31,,
T,2023-02-23 20:39:41,6.27030833,-75.57710333,2.50,1507.636,23.864,11.064,125,18,31,,
T,2023-02-23 20:39:42,6.27024333,-75.57702000,2.60,1507.536,23.864,11.038,128,17,31,,
T,2023-02-23 20:39:43,6.27018500,-75.57693000,2.60,1507.236,23.864,11.192,127,17,31,,
T,2023-02-23 20:39:44,6.27012667,-75.57684000,2.70,1507.237,23.863,11.507,124,16,31,,
T,2023-02-23 20:39:45,6.27006667,-75.57675500,2.80,1507.037,23.863,11.474,125,15,31,,
T,2023-02-23 20:39:46,6.27001333,-75.57665833,2.80,1504.537,23.863,11.265,126,15,31,,
T,2023-02-23 20:39:47,6.26994833,-75.57657833,2.90,1504.638,23.862,11.284,137,13,31,,
T,2023-02-23 20:39:48,6.26987167,-75.57651667,3.00,1503.838,23.862,11.312,136,13,31,,
T,2023-02-23 20:39:49,6.26979500,-75.57646000,3.10,1503.338,23.862,11.058,139,11,31,,
T,2023-02-23 20:39:50,6.26970833,-75.57640000,3.10,1503.138,23.862,11.246,143,10,31,,
T,2023-02-23 20:39:51,6.26961000,-75.57635000,3.20,1503.138,23.862,11.455,147,10,31,,
T,2023-02-23 20:39:52,6.26950667,-75.57632333,3.20,1503.438,23.862,11.212,152,11,31,,
T,2023-02-23 20:39:53,6.26938500,-75.57634000,3.30,1503.537,23.863,11.589,168,11,31,,
T,2023-02-23 20:39:54,6.26927500,-75.57634167,3.30,1503.337,23.863,11.189,171,15,31,,
T,2023-02-23 20:39:55,6.26918333,-75.57634167,3.30,1503.237,23.863,10.091,173,16,31,,
T,2023-02-23 20:39:56,6.26906333,-75.57637000,3.00,1499.737,23.863,10.606,187,17,31,,
T,2023-02-23 20:39:57,6.26896000,-75.57638333,2.80,1497.336,23.864,11.498,191,16,31,,
T,2023-02-23 20:39:58,6.26885167,-75.57640667,2.70,1496.336,23.864,12.876,193,16,31,,
T,2023-02-23 20:39:59,6.26873000,-75.57644167,2.50,1492.835,23.865,13.045,193,17,31,,
T,2023-02-23 20:40:00,6.26861333,-75.57648833,2.70,1491.235,23.865,12.037,194,17,31,,
T,2023-02-23 20:40:01,6.26850167,-75.57656000,2.50,1488.734,23.866,11.462,195,18,31,,
T,2023-02-23 20:40:02,6.26840167,-75.57659500,2.40,1487.634,23.866,10.827,197,18,31,,
T,2023-02-23 20:40:03,6.26831167,-75.57663167,2.50,1486.833,23.867,10.412,198,17,31,,
T,2023-02-23 20:40:04,6.26821667,-75.57666167,2.50,1485.933,23.867,10.089,196,18,31,,
T,2023-02-23 20:40:05,6.26812333,-75.57669833,2.40,1485.133,23.867,10.059,194,19,31,,
T,2023-02-23 20:40:06,6.26803000,-75.57671833,2.40,1484.732,23.868,10.055,187,18,31,,
T,2023-02-23 20:40:07,6.26794167,-75.57672000,2.50,1484.132,23.868,10.273,177,20,31,,
T,2023-02-23 20:40:08,6.26784333,-75.57670167,2.60,1483.032,23.868,10.827,171,21,31,,
T,2023-02-23 20:40:09,6.26774500,-75.57667000,2.60,1481.432,23.868,12.183,164,22,31,,
T,2023-02-23 20:40:10,6.26763000,-75.57663167,2.50,1479.832,23.868,13.034,160,21,31,,
T,2023-02-23 20:40:11,6.26750500,-75.57659333,2.50,1478.932,23.868,13.954,160,22,31,,
T,2023-02-23 20:40:12,6.26737667,-75.57654000,2.30,1478.132,23.868,15.045,159,20,31,,
T,2023-02-23 20:40:13,6.26723833,-75.57649167,2.60,1477.032,23.868,14.836,158,20,31,,
T,2023-02-23 20:40:14,6.26710500,-75.57644000,2.60,1476.232,23.868,13.933,162,18,31,,
T,2023-02-23 20:40:15,6.26696667,-75.57641000,2.50,1473.332,23.868,14.530,161,19,31,,
T,2023-02-23 20:40:16,6.26684000,-75.57635333,2.60,1472.732,23.868,14.063,160,20,31,,
T,2023-02-23 20:40:17,6.26674000,-75.57632667,2.40,1474.131,23.869,13.391,160,20,31,,
T,2023-02-23 20:40:18,6.26662333,-75.57628500,2.40,1475.131,23.869,13.908,159,19,31,,
T,2023-02-23 20:40:19,6.26651167,-75.57623167,2.40,1474.531,23.869,13.873,154,19,31,,
T,2023-02-23 20:40:20,6.26640000,-75.57617333,2.40,1472.931,23.869,13.968,148,19,31,,
T,2023-02-23 20:40:21,6.26629333,-75.57610500,2.40,1467.932,23.868,13.759,145,19,31,,
T,2023-02-23 20:40:22,6.26618500,-75.57603667,2.40,1465.032,23.868,14.095,142,18,31,,
T,2023-02-23 20:40:23,6.26608167,-75.57595833,2.60,1464.132,23.868,14.084,141,19,31,,
T,2023-02-23 20:40:24,6.26596833,-75.57588000,2.50,1466.432,23.868,14.615,138,20,31,,
T,2023-02-23 20:40:25,6.26586000,-75.57579333,2.50,1464.932,23.868,14.757,137,19,31,,
T,2023-02-23 20:40:26,6.26577667,-75.57571333,2.50,1468.132,23.868,14.202,138,19,31,,
T,2023-02-23 20:40:27,6.26568333,-75.57563167,2.60,1468.533,23.867,13.212,137,19,31,,
T,2023-02-23 20:40:28,6.26560000,-75.57555000,2.60,1469.033,23.867,13.471,136,19,31,,
T,2023-02-23 20:40:29,6.26552333,-75.57547167,2.60,1469.233,23.867,13.284,141,19,31,,
T,2023-02-23 20:40:30,6.26542167,-75.57539500,2.70,1469.733,23.867,13.114,141,19,31,,
T,2023-02-23 20:40:31,6.26533333,-75.57533000,2.80,1470.233,23.867,11.597,143,18,31,,
T,2023-02-23 20:40:32,6.26525333,-75.57528000,2.70,1469.634,23.866,10.276,141,16,31,,
T,2023-02-23 20:40:33,6.26520167,-75.57524000,2.70,1469.434,23.866,8.296,137,16,31,,
T,2023-02-23 20:40:34,6.26517000,-75.57524333,2.60,1470.234,23.866,6.127,129,17,31,,
T,2023-02-23 20:40:35,6.26516667,-75.57525167,2.60,1470.933,23.867,3.872,134,17,31,,
T,2023-02-23 20:40:36,6.26517333,-75.57526833,2.50,1471.433,23.867,1.862,130,17,31,,
T,2023-02-23 20:40:37,6.26517833,-75.57528833,2.30,1472.233,23.867,0.000,,16,31,,
T,2023-02-23 20:40:38,6.26518500,-75.57530000,2.20,1472.733,23.867,0.000,,16,31,,
T,2023-02-23 20:40:39,6.26519000,-75.57530833,2.10,1472.833,23.867,0.000,,16,31,,
T,2023-02-23 20:40:40,6.26519000,-75.57530833,2.00,1472.833,23.867,0.000,,17,31,,
T,2023-02-23 20:40:41,6.26519000,-75.57530833,2.00,1472.833,23.867,0.000,,20,31,,
T,2023-02-23 20:40:42,6.26519000,-75.57530833,1.10,1472.833,23.867,0.000,,18,31,,
T,2023-02-23 20:40:43,6.26519000,-75.57530833,1.00,1472.833,23.867,0.000,,19,31,,
T,2023-02-23 20:40:44,6.26519000,-75.57530833,1.00,1472.833,23.867,0.000,,19,31,,
T,2023-02-23 20:40:45,6.26519000,-75.57530833,1.00,1472.833,23.867,0.000,,18,31,,
T,2023-02-23 20:40:46,6.26519000,-75.57530833,1.00,1472.833,23.867,0.000,,19,31,,
T,2023-02-23 20:40:47,6.26519000,-75.57530833,1.00,1472.833,23.867,0.000,,19,31,,
T,2023-02-23 20:40:48,6.26519000,-75.57530833,1.00,1472.833,23.867,0.000,,20,31,,
T,2023-02-23 20:40:49,6.26519000,-75.57530833,1.00,1472.833,23.867,0.000,,20,31,,
T,2023-02-23 20:40:50,6.26519000,-75.57530833,1.00,1472.833,23.867,0.000,,19,31,,
T,2023-02-23 20:40:51,6.26519000,-75.57530833,1.00,1472.833,23.867,0.000,,19,31,,
T,2023-02-23 20:40:52,6.26519000,-75.57530833,1.00,1472.833,23.867,0.000,,20,31,,
T,2023-02-23 20:40:53,6.26519000,-75.57530833,1.00,1472.833,23.867,0.000,,20,31,,
T,2023-02-23 20:40:54,6.26519000,-75.57530833,1.00,1472.833,23.867,0.000,,20,31,,
T,2023-02-23 20:40:55,6.26518000,-75.57530667,1.20,1474.733,23.867,2.204,143,21,31,,
T,2023-02-23 20:40:56,6.26516167,-75.57529167,1.60,1474.933,23.867,3.084,143,21,31,,
T,2023-02-23 20:40:57,6.26513500,-75.57526833,1.90,1475.133,23.867,3.716,143,22,31,,
T,2023-02-23 20:40:58,6.26509000,-75.57524500,2.10,1475.433,23.867,4.822,153,22,31,,
T,2023-02-23 20:40:59,6.26502667,-75.57521500,2.30,1475.833,23.867,6.033,155,22,31,,
T,2023-02-23 20:41:00,6.26494333,-75.57519167,2.60,1476.233,23.867,7.572,161,21,31,,
T,2023-02-23 20:41:01,6.26483500,-75.57519000,2.70,1476.933,23.867,9.228,173,21,31,,
T,2023-02-23 20:41:02,6.26472333,-75.57518667,2.60,1477.333,23.867,10.573,176,21,31,,
T,2023-02-23 20:41:03,6.26460833,-75.57517667,2.50,1477.633,23.867,10.748,178,21,31,,
T,2023-02-23 20:41:04,6.26450500,-75.57517667,2.40,1477.832,23.868,10.395,180,21,31,,
T,2023-02-23 20:41:05,6.26441500,-75.57517333,2.60,1478.432,23.868,9.390,178,19,31,,
T,2023-02-23 20:41:06,6.26432833,-75.57516333,2.80,1478.932,23.868,9.171,174,18,31,,
T,2023-02-23 20:41:07,6.26423500,-75.57514667,2.80,1479.132,23.868,9.940,173,18,31,,
T,2023-02-23 20:41:08,6.26413667,-75.57514500,2.70,1476.832,23.868,9.950,175,19,31,,
T,2023-02-23 20:41:09,6.26404667,-75.57513500,2.80,1477.031,23.869,9.736,175,19,31,,
T,2023-02-23 20:41:10,6.26396167,-75.57512000,2.70,1477.331,23.869,9.418,174,20,31,,
T,2023-02-23 20:41:11,6.26388167,-75.57510500,2.80,1477.131,23.869,8.869,172,20,31,,
T,2023-02-23 20:41:12,6.26380167,-75.57509167,2.70,1476.831,23.869,9.021,171,19,31,,
T,2023-02-23 20:41:13,6.26372000,-75.57507167,2.70,1476.631,23.869,9.244,168,21,31,,
T,2023-02-23 20:41:14,6.26363333,-75.57503667,2.50,1476.931,23.869,9.776,164,21,31,,
T,2023-02-23 20:41:15,6.26351333,-75.57500333,2.60,1476.031,23.869,11.327,162,22,31,,
T,2023-02-23 20:41:16,6.26335833,-75.57497833,2.60,1476.231,23.869,15.684,169,20,31,,
T,2023-02-23 20:41:17,6.26318000,-75.57496833,2.50,1477.030,23.870,18.431,173,20,31,,
T,2023-02-23 20:41:18,6.26300667,-75.57493000,2.50,1476.030,23.870,18.405,168,18,31,,
T,2023-02-23 20:41:19,6.26282833,-75.57489667,2.50,1475.130,23.870,18.852,165,19,31,,
T,2023-02-23 20:41:20,6.26264500,-75.57483667,2.40,1475.030,23.870,20.389,159,20,31,,
T,2023-02-23 20:41:21,6.26243500,-75.57475000,2.60,1474.630,23.870,22.067,151,21,31,,
T,2023-02-23 20:41:22,6.26224333,-75.57464667,2.60,1474.430,23.870,23.135,145,20,31,,
T,2023-02-23 20:41:23,6.26205500,-75.57452167,2.60,1478.230,23.870,23.714,145,20,31,,
T,2023-02-23 20:41:24,6.26188833,-75.57439667,2.80,1478.430,23.870,22.759,141,21,31,,
T,2023-02-23 20:41:25,6.26173333,-75.57427000,2.80,1479.431,23.869,21.808,140,20,31,,
T,2023-02-23 20:41:26,6.26154667,-75.57411833,2.60,1470.831,23.869,22.219,142,18,31,,
T,2023-02-23 20:41:27,6.26137333,-75.57401000,2.50,1471.331,23.869,21.800,142,19,31,,
T,2023-02-23 20:41:28,6.26123167,-75.57389833,2.40,1475.431,23.869,21.695,141,21,31,,
T,2023-02-23 20:41:29,6.26107333,-75.57378333,2.30,1475.932,23.868,21.492,141,21,31,,
T,2023-02-23 20:41:30,6.26092000,-75.57366000,2.30,1476.332,23.868,21.535,142,21,31,,
T,2023-02-23 20:41:31,6.26076167,-75.57354333,2.30,1477.232,23.868,21.568,143,21,31,,
T,2023-02-23 20:41:32,6.26059667,-75.57342000,2.40,1477.733,23.867,21.436,142,21,31,,
T,2023-02-23 20:41:33,6.26045333,-75.57331000,2.20,1477.433,23.867,19.871,143,21,31,,
T,2023-02-23 20:41:34,6.26031667,-75.57320333,2.40,1476.533,23.867,18.756,143,21,31,,
T,2023-02-23 20:41:35,6.26019333,-75.57310167,2.50,1476.833,23.867,18.047,143,20,31,,
T,2023-02-23 20:41:36,6.26006333,-75.57301167,2.30,1476.933,23.867,17.707,141,21,31,,
T,2023-02-23 20:41:37,6.25993500,-75.57290667,2.50,1476.934,23.866,17.375,143,21,31,,
T,2023-02-23 20:41:38,6.25980167,-75.57280500,2.40,1476.534,23.866,16.993,143,20,31,,
T,2023-02-23 20:41:39,6.25967833,-75.57270833,2.30,1476.134,23.866,16.868,143,20,31,,
T,2023-02-23 20:41:40,6.25955333,-75.57261667,2.30,1476.134,23.866,16.800,142,19,31,,
T,2023-02-23 20:41:41,6.25942333,-75.57252167,2.30,1476.034,23.866,16.766,144,19,31,,
T,2023-02-23 20:41:42,6.25928333,-75.57242833,2.40,1475.935,23.865,18.364,145,19,31,,
T,2023-02-23 20:41:43,6.25914667,-75.57234333,2.60,1475.635,23.865,18.084,145,19,31,,
T,2023-02-23 20:41:44,6.25900833,-75.57225500,2.70,1474.335,23.865,17.853,146,19,31,,
T,2023-02-23 20:41:45,6.25888000,-75.57216333,2.70,1473.835,23.865,17.118,146,19,31,,
T,2023-02-23 20:41:46,6.25875500,-75.57208167,2.70,1472.235,23.865,16.824,146,19,31,,
T,2023-02-23 20:41:47,6.25862833,-75.57199833,2.80,1471.135,23.865,17.138,147,18,31,,
T,2023-02-23 20:41:48,6.25850500,-75.57191833,2.80,1470.336,23.864,16.680,147,18,31,,
T,2023-02-23 20:41:49,6.25839500,-75.57184333,2.90,1469.736,23.864,14.756,146,18,31,,
T,2023-02-23 20:41:50,6.25828833,-75.57176833,3.10,1468.836,23.864,14.954,144,15,31,,
T,2023-02-23 20:41:51,6.25818000,-75.57168333,3.20,1468.336,23.864,15.390,142,13,31,,
T,2023-02-23 20:41:52,6.25807667,-75.57160333,3.20,1467.436,23.864,15.909,139,12,31,,
T,2023-02-23 20:41:53,6.25798000,-75.57150500,3.20,1466.836,23.864,15.677,135,12,31,,
T,2023-02-23 20:41:54,6.25789500,-75.57139500,3.20,1466.337,23.863,15.545,132,14,31,,
T,2023-02-23 20:41:55,6.25782333,-75.57126167,3.20,1465.737,23.863,14.882,126,15,31,,
T,2023-02-23 20:41:56,6.25775667,-75.57112833,2.90,1465.038,23.862,15.926,119,16,31,,
T,2023-02-23 20:41:57,6.25769167,-75.57099667,2.90,1464.338,23.862,15.832,117,15,31,,
T,2023-02-23 20:41:58,6.25762667,-75.57086167,2.90,1463.339,23.861,16.766,117,13,31,,
T,2023-02-23 20:41:59,6.25758000,-75.57071833,3.10,1463.740,23.860,16.622,112,12,31,,
T,2023-02-23 20:42:00,6.25755500,-75.57057333,3.10,1464.040,23.860,17.300,107,12,31,,
T,2023-02-23 20:42:01,6.25757000,-75.57043000,3.00,1473.941,23.859,18.005,102,12,31,,
T,2023-02-23 20:42:02,6.25757167,-75.57027500,2.90,1481.642,23.858,18.229,102,12,31,,
T,2023-02-23 20:42:03,6.25755500,-75.57009500,2.90,1481.643,23.857,18.651,101,13,31,,
T,2023-02-23 20:42:04,6.25756333,-75.56995000,2.70,1495.344,23.856,18.328,100,15,31,,
T,2023-02-23 20:42:05,6.25753833,-75.56978000,2.80,1495.144,23.856,18.334,100,15,31,,
T,2023-02-23 20:42:06,6.25750667,-75.56961167,2.90,1494.945,23.855,18.597,102,16,31,,
T,2023-02-23 20:42:07,6.25746667,-75.56944000,2.70,1497.046,23.854,18.612,101,19,31,,
T,2023-02-23 20:42:08,6.25743167,-75.56927333,2.50,1496.847,23.853,18.583,99,20,31,,
T,2023-02-23 20:42:09,6.25740833,-75.56910833,2.40,1496.648,23.852,18.582,97,20,31,,
T,2023-02-23 20:42:10,6.25738167,-75.56894167,2.30,1496.348,23.852,18.732,98,20,31,,
T,2023-02-23 20:42:11,6.25735500,-75.56877167,2.30,1495.949,23.851,18.748,99,18,31,,
T,2023-02-23 20:42:12,6.25733167,-75.56860500,2.30,1495.650,23.850,18.619,97,16,31,,
T,2023-02-23 20:42:13,6.25730833,-75.56843833,2.70,1495.451,23.849,18.630,98,10,31,,
T,2023-02-23 20:42:14,6.25728000,-75.56826667,3.30,1495.152,23.848,18.905,99,5,30,,
T,2023-02-23 20:42:36,6.25610333,-75.56462167,3.30,1494.668,23.832,17.296,123,12,31,,
T,2023-02-23 20:42:37,6.25601667,-75.56449667,3.30,1494.968,23.832,17.200,122,13,31,,
T,2023-02-23 20:42:38,6.25594667,-75.56436833,3.20,1496.469,23.831,15.552,127,16,31,,
T,2023-02-23 20:42:39,6.25586167,-75.56427000,3.10,1496.669,23.831,15.919,127,15,31,,
T,2023-02-23 20:42:40,6.25579167,-75.56415833,3.00,1498.070,23.830,14.149,124,16,31,,
T,2023-02-23 20:42:41,6.25573167,-75.56405667,2.90,1496.270,23.830,13.401,122,18,31,,
T,2023-02-23 20:42:42,6.25566000,-75.56395167,2.70,1490.370,23.830,11.894,123,18,31,,
T,2023-02-23 20:42:43,6.25560333,-75.56386833,2.60,1490.571,23.829,10.490,125,20,31,,
T,2023-02-23 20:42:44,6.25555500,-75.56378500,2.70,1491.471,23.829,11.157,123,19,31,,
T,2023-02-23 20:42:45,6.25550167,-75.56369667,2.70,1492.271,23.829,11.667,124,18,31,,
T,2023-02-23 20:42:46,6.25545333,-75.56361333,2.70,1493.172,23.828,10.334,121,17,31,,
T,2023-02-23 20:42:47,6.25540667,-75.56354833,2.80,1494.172,23.828,8.798,125,16,31,,
T,2023-02-23 20:42:48,6.25537167,-75.56347833,2.60,1498.572,23.828,8.092,124,18,31,,
T,2023-02-23 20:42:49,6.25533667,-75.56341333,2.50,1501.272,23.828,7.287,126,18,31,,
T,2023-02-23 20:42:50,6.25530500,-75.56336667,2.50,1502.273,23.827,5.962,123,19,31,,
T,2023-02-23 20:42:51,6.25528833,-75.56332333,2.50,1502.773,23.827,5.397,120,19,31,,
T,2023-02-23 20:42:52,6.25527000,-75.56328667,2.40,1501.173,23.827,4.675,118,19,31,,
T,2023-02-23 20:42:53,6.25526000,-75.56325500,2.40,1501.773,23.827,4.048,117,21,31,,
T,2023-02-23 20:42:54,6.25524667,-75.56321833,2.30,1502.173,23.827,3.283,122,21,31,,
T,2023-02-23 20:42:55,6.25523333,-75.56320167,2.30,1504.573,23.827,2.877,127,21,31,,
T,2023-02-23 20:42:56,6.25522333,-75.56318167,2.20,1505.273,23.827,2.243,132,21,32,,
T,2023-02-23 20:42:57,6.25521667,-75.56316667,2.20,1506.273,23.827,2.085,130,20,32,,
T,2023-02-23 20:42:58,6.25521167,-75.56316000,2.20,1507.974,23.826,1.336,130,21,32,,
T,2023-02-23 20:42:59,6.25521167,-75.56315500,2.10,1509.074,23.826,0.000,,20,32,,
T,2023-02-23 20:43:00,6.25521167,-75.56315500,2.10,1509.374,23.826,0.000,,20,32,,
T,2023-02-23 20:43:01,6.25521000,-75.56315167,2.10,1508.774,23.826,0.000,,21,32,,
T,2023-02-23 20:43:02,6.25521000,-75.56315167,2.10,1508.774,23.826,0.000,,23,32,,
T,2023-02-23 20:43:03,6.25521000,-75.56315167,2.00,1508.774,23.826,0.000,,23,32,,
T,2023-02-23 20:43:04,6.25521000,-75.56315167,1.90,1508.774,23.826,0.000,,23,32,,
T,2023-02-23 20:43:05,6.25521000,-75.56315167,1.10,1508.774,23.826,0.000,,23,32,,
T,2023-02-23 20:43:06,6.25521000,-75.56315167,1.00,1508.774,23.826,0.000,,23,32,,
T,2023-02-23 20:43:07,6.25521000,-75.56315167,1.00,1508.774,23.826,0.000,,23,32,,
T,2023-02-23 20:43:08,6.25521000,-75.56315167,1.00,1508.774,23.826,0.000,,24,32,,
T,2023-02-23 20:43:09,6.25521000,-75.56315167,1.00,1508.774,23.826,0.000,,24,32,,
T,2023-02-23 20:43:10,6.25521000,-75.56315167,1.00,1508.774,23.826,0.000,,22,32,,
T,2023-02-23 20:43:11,6.25521000,-75.56315167,1.00,1508.774,23.826,0.000,,21,32,,
T,2023-02-23 20:43:12,6.25521000,-75.56315167,1.00,1508.774,23.826,0.000,,22,32,,
T,2023-02-23 20:43:13,6.25521000,-75.56315167,1.00,1508.774,23.826,0.000,,22,32,,
T,2023-02-23 20:43:14,6.25521000,-75.56315167,1.00,1508.774,23.826,0.000,,22,32,,
T,2023-02-23 20:43:15,6.25521000,-75.56315167,1.00,1508.774,23.826,0.000,,22,32,,
T,2023-02-23 20:43:16,6.25521000,-75.56315167,1.00,1508.774,23.826,0.000,,22,32,,
T,2023-02-23 20:43:17,6.25521000,-75.56315167,1.00,1508.774,23.826,0.000,,23,32,,
T,2023-02-23 20:43:18,6.25521000,-75.56315167,1.00,1508.774,23.826,0.000,,23,31,,
T,2023-02-23 20:43:19,6.25521000,-75.56315167,1.00,1508.774,23.826,0.000,,23,32,,
T,2023-02-23 20:43:20,6.25521000,-75.56315167,1.00,1508.774,23.826,0.000,,24,32,,
T,2023-02-23 20:43:21,6.25521000,-75.56315167,1.00,1508.774,23.826,0.000,,24,32,,
T,2023-02-23 20:43:22,6.25521000,-75.56315167,1.00,1508.774,23.826,0.000,,24,32,,
T,2023-02-23 20:43:23,6.25521000,-75.56315167,1.00,1508.774,23.826,0.000,,24,32,,
T,2023-02-23 20:43:24,6.25521000,-75.56315167,1.00,1508.774,23.826,0.000,,24,31,,
T,2023-02-23 20:43:25,6.25521000,-75.56315167,1.00,1508.774,23.826,0.000,,24,31,,
T,2023-02-23 20:43:26,6.25521000,-75.56315167,1.00,1508.774,23.826,0.000,,24,31,,
T,2023-02-23 20:43:27,6.25521000,-75.56315167,1.00,1508.774,23.826,0.000,,24,31,,
T,2023-02-23 20:43:28,6.25521000,-75.56315167,1.00,1508.774,23.826,0.000,,24,31,,
T,2023-02-23 20:43:29,6.25521000,-75.56315167,1.00,1508.774,23.826,0.000,,24,31,,
T,2023-02-23 20:43:30,6.25521000,-75.56315167,1.00,1508.774,23.826,0.000,,24,31,,
T,2023-02-23 20:43:31,6.25521000,-75.56315167,1.10,1508.774,23.826,0.000,,23,31,,
T,2023-02-23 20:43:32,6.25518333,-75.56313500,1.60,1507.474,23.826,2.716,119,22,31,,
T,2023-02-23 20:43:33,6.25516167,-75.56311000,1.90,1507.374,23.826,3.107,123,23,31,,
T,2023-02-23 20:43:34,6.25514167,-75.56308000,2.10,1507.274,23.826,3.475,121,21,31,,
T,2023-02-23 20:43:35,6.25511667,-75.56304500,2.30,1507.174,23.826,3.875,119,22,31,,
T,2023-02-23 20:43:36,6.25508667,-75.56300167,2.40,1506.874,23.826,4.757,121,22,31,,
T,2023-02-23 20:43:37,6.25504500,-75.56296000,2.30,1506.974,23.826,6.001,125,21,31,,
T,2023-02-23 20:43:38,6.25500833,-75.56291167,2.40,1507.474,23.826,6.744,125,21,31,,
T,2023-02-23 20:43:39,6.25497833,-75.56286000,2.30,1507.575,23.825,6.163,123,21,31,,
T,2023-02-23 20:43:40,6.25495000,-75.56281333,2.50,1508.075,23.825,5.952,121,20,31,,
T,2023-02-23 20:43:41,6.25492667,-75.56276000,2.60,1508.375,23.825,5.856,125,19,31,,
T,2023-02-23 20:43:42,6.25488500,-75.56270667,2.60,1509.875,23.825,6.147,127,20,31,,
T,2023-02-23 20:43:43,6.25484000,-75.56264333,2.50,1509.075,23.825,7.077,132,19,31,,
T,2023-02-23 20:43:44,6.25479500,-75.56260000,2.50,1508.675,23.825,6.733,135,17,31,,
T,2023-02-23 20:43:45,6.25475667,-75.56256167,2.60,1508.176,23.824,5.943,135,17,31,,
T,2023-02-23 20:43:46,6.25471833,-75.56253333,2.80,1507.676,23.824,5.567,143,18,31,,
T,2023-02-23 20:43:47,6.25468667,-75.56250500,2.80,1507.576,23.824,4.593,142,16,31,,
T,2023-02-23 20:43:48,6.25466333,-75.56248000,2.90,1507.376,23.824,3.805,137,16,31,,
T,2023-02-23 20:43:49,6.25463667,-75.56246000,2.90,1507.076,23.824,3.618,145,16,31,,
T,2023-02-23 20:43:50,6.25459833,-75.56246167,2.80,1506.576,23.824,3.915,162,17,31,,
T,2023-02-23 20:43:51,6.25456667,-75.56245333,2.60,1505.876,23.824,3.900,169,17,31,,
T,2023-02-23 20:43:52,6.25452333,-75.56247500,2.60,1506.275,23.825,4.814,186,16,31,,
T,2023-02-23 20:43:53,6.25446833,-75.56249833,2.50,1505.975,23.825,5.620,196,16,31,,
T,2023-02-23 20:43:54,6.25441167,-75.56251833,2.60,1506.075,23.825,5.585,195,16,31,,
T,2023-02-23 20:43:55,6.25435833,-75.56255500,2.60,1506.275,23.825,5.789,201,17,31,,
T,2023-02-23 20:43:56,6.25429333,-75.56260833,2.80,1506.274,23.826,6.915,209,16,31,,
T,2023-02-23 20:43:57,6.25422667,-75.56266667,2.90,1506.374,23.826,6.954,211,15,31,,
T,2023-02-23 20:43:58,6.25417000,-75.56271833,3.00,1506.773,23.827,6.973,211,14,31,,
T,2023-02-23 20:43:59,6.25412667,-75.56277833,3.00,1506.673,23.827,6.534,217,14,31,,
T,2023-02-23 20:44:00,6.25407000,-75.56282000,2.90,1507.173,23.827,6.246,216,13,31,,
T,2023-02-23 20:44:01,6.25404000,-75.56286500,3.00,1506.572,23.828,5.438,217,13,31,,
T,2023-02-23 20:44:02,6.25401500,-75.56290667,2.90,1506.272,23.828,4.909,221,15,31,,
T,2023-02-23 20:44:03,6.25402167,-75.56293000,2.80,1505.072,23.828,3.745,221,15,31,,
T,2023-02-23 20:44:04,6.25400500,-75.56294833,2.80,1504.572,23.828,3.259,217,14,31,,
T,2023-02-23 20:44:05,6.25398333,-75.56297167,2.80,1504.072,23.828,3.687,217,14,31,,
T,2023-02-23 20:44:06,6.25397000,-75.56298167,2.90,1503.672,23.828,3.003,217,14,31,,
T,2023-02-23 20:44:07,6.25396000,-75.56297667,2.90,1503.072,23.828,1.658,204,14,31,,
T,2023-02-23 20:44:08,6.25395500,-75.56297333,2.90,1502.572,23.828,1.175,204,14,31,,
T,2023-02-23 20:44:09,6.25395167,-75.56296333,2.90,1502.372,23.828,0.000,,15,31,,
T,2023-02-23 20:44:10,6.25394000,-75.56298000,2.70,1501.272,23.828,0.000,,15,31,,
T,2023-02-23 20:44:11,6.25393500,-75.56298167,2.70,1500.672,23.828,0.000,,15,31,,
T,2023-02-23 20:44:12,6.25393500,-75.56298167,2.70,1500.672,23.828,0.000,,15,31,,
T,2023-02-23 20:44:13,6.25393500,-75.56298167,2.60,1500.672,23.828,0.000,,16,31,,
T,2023-02-23 20:44:14,6.25393500,-75.56298167,2.60,1500.672,23.828,0.000,,15,31,,
T,2023-02-23 20:44:15,6.25393500,-75.56298167,2.60,1500.672,23.828,0.000,,15,31,,
T,2023-02-23 20:44:16,6.25393500,-75.56298167,2.50,1500.672,23.828,0.000,,17,31,,
T,2023-02-23 20:44:17,6.25393500,-75.56298167,2.50,1500.672,23.828,0.000,,17,31,,
T,2023-02-23 20:44:18,6.25393500,-75.56298167,2.50,1500.672,23.828,0.000,,17,31,,
T,2023-02-23 20:44:19,6.25391333,-75.56289500,2.40,1502.272,23.828,2.280,123,17,31,,
T,2023-02-23 20:44:20,6.25389833,-75.56287667,2.50,1502.472,23.828,1.957,129,17,31,,
T,2023-02-23 20:44:21,6.25388667,-75.56286167,2.50,1502.372,23.828,1.499,129,16,31,,
T,2023-02-23 20:44:22,6.25387167,-75.56285000,2.60,1502.272,23.828,1.488,129,14,31,,
T,2023-02-23 20:44:23,6.25385500,-75.56283833,2.60,1502.572,23.828,1.470,129,15,31,,
T,2023-02-23 20:44:24,6.25383167,-75.56283667,2.70,1503.072,23.828,0.000,,14,31,,
T,2023-02-23 20:44:25,6.25381833,-75.56283333,2.80,1503.272,23.828,0.000,,14,31,,
T,2023-02-23 20:44:26,6.25379500,-75.56281500,2.70,1503.872,23.828,0.000,,15,31,,
T,2023-02-23 20:44:27,6.25376333,-75.56281833,2.50,1504.372,23.828,1.137,138,17,31,,
T,2023-02-23 20:44:28,6.25374833,-75.56281833,2.50,1504.572,23.828,0.000,,17,31,,
T,2023-02-23 20:44:29,6.25373500,-75.56281000,2.50,1504.572,23.828,0.000,,17,31,,
T,2023-02-23 20:44:30,6.25371667,-75.56279667,2.50,1504.672,23.828,2.015,131,18,31,,
T,2023-02-23 20:44:31,6.25368667,-75.56278000,2.40,1503.872,23.828,2.944,132,17,31,,
T,2023-02-23 20:44:32,6.25366667,-75.56274500,2.30,1503.772,23.828,4.322,125,18,31,,
T,2023-02-23 20:44:33,6.25363667,-75.56270167,2.40,1504.272,23.828,5.305,126,18,31,,
T,2023-02-23 20:44:34,6.25361500,-75.56264667,2.40,1505.373,23.827,5.904,124,18,31,,
T,2023-02-23 20:44:35,6.25358833,-75.56260667,2.50,1506.073,23.827,5.819,119,18,31,,
T,2023-02-23 20:44:36,6.25354500,-75.56255667,2.40,1505.173,23.827,5.718,119,19,31,,
T,2023-02-23 20:44:37,6.25351000,-75.56250000,2.30,1505.073,23.827,6.473,121,19,31,,
T,2023-02-23 20:44:38,6.25346167,-75.56243333,2.40,1503.473,23.827,7.075,123,18,31,,
T,2023-02-23 20:44:39,6.25342500,-75.56236667,2.40,1503.474,23.826,7.762,122,17,31,,
T,2023-02-23 20:44:40,6.25338000,-75.56230000,2.30,1503.974,23.826,8.133,124,18,31,,
T,2023-02-23 20:44:41,6.25333833,-75.56223833,2.30,1504.274,23.826,8.032,128,19,31,,
T,2023-02-23 20:44:42,6.25330167,-75.56217667,2.40,1505.174,23.826,7.595,129,19,31,,
T,2023-02-23 20:44:43,6.25326000,-75.56212333,2.40,1505.774,23.826,7.740,123,21,31,,
T,2023-02-23 20:44:44,6.25322333,-75.56207167,2.30,1505.875,23.825,8.085,128,20,31,,
T,2023-02-23 20:44:45,6.25317167,-75.56202333,2.50,1506.475,23.825,8.169,130,19,31,,
T,2023-02-23 20:44:46,6.25312500,-75.56197000,2.40,1506.575,23.825,8.205,124,19,31,,
T,2023-02-23 20:44:47,6.25308333,-75.56191000,2.60,1506.875,23.825,8.173,125,19,31,,
T,2023-02-23 20:44:48,6.25304500,-75.56185333,2.70,1507.175,23.825,7.615,124,19,31,,
T,2023-02-23 20:44:49,6.25300667,-75.56179667,2.60,1507.576,23.824,7.601,123,19,31,,
T,2023-02-23 20:44:50,6.25297000,-75.56173333,2.60,1507.676,23.824,7.639,124,19,31,,
T,2023-02-23 20:44:51,6.25292833,-75.56167000,2.60,1508.976,23.824,7.232,123,20,31,,
T,2023-02-23 20:44:52,6.25288500,-75.56160500,2.60,1510.676,23.824,8.245,125,19,31,,
T,2023-02-23 20:44:53,6.25284667,-75.56154333,2.50,1511.576,23.824,8.232,127,18,31,,
T,2023-02-23 20:44:54,6.25280667,-75.56147500,2.50,1512.277,23.823,8.744,125,18,31,,
T,2023-02-23 20:44:55,6.25276333,-75.56141333,2.50,1512.877,23.823,8.713,127,19,31,,
T,2023-02-23 20:44:56,6.25272333,-75.56134500,2.50,1513.277,23.823,7.962,125,18,31,,
T,2023-02-23 20:44:57,6.25268000,-75.56127500,2.50,1513.978,23.822,7.981,125,19,31,,
T,2023-02-23 20:44:58,6.25264000,-75.56121167,2.50,1514.378,23.822,8.097,124,17,31,,
T,2023-02-23 20:44:59,6.25259833,-75.56113833,2.40,1514.878,23.822,8.587,124,17,31,,
T,2023-02-23 20:45:00,6.25255333,-75.56106333,2.40,1515.378,23.822,8.670,125,18,31,,
T,2023-02-23 20:45:01,6.25250167,-75.56099000,2.50,1516.079,23.821,9.079,122,18,31,,
T,2023-02-23 20:45:02,6.25246000,-75.56090833,2.40,1516.479,23.821,9.088,122,18,31,,
T,2023-02-23 20:45:03,6.25241833,-75.56084000,2.50,1516.879,23.821,8.915,122,19,31,,
T,2023-02-23 20:45:04,6.25236667,-75.56077167,2.50,1517.179,23.821,9.442,124,19,31,,
T,2023-02-23 20:45:05,6.25231500,-75.56070000,2.50,1517.580,23.820,9.222,123,18,31,,
T,2023-02-23 20:45:06,6.25227833,-75.56063333,2.50,1517.980,23.820,8.938,119,17,31,,
T,2023-02-23 20:45:07,6.25224833,-75.56057333,2.60,1518.080,23.820,7.785,117,18,31,,
T,2023-02-23 20:45:08,6.25222167,-75.56051333,2.70,1518.380,23.820,7.423,114,16,31,,
T,2023-02-23 20:45:09,6.25219167,-75.56046333,2.80,1518.881,23.819,6.612,117,14,31,,
T,2023-02-23 20:45:10,6.25217500,-75.56046667,2.80,1521.081,23.819,4.779,122,15,31,,
T,2023-02-23 20:45:11,6.25217000,-75.56046000,2.90,1521.581,23.819,3.256,115,14,31,,
T,2023-02-23 20:45:12,6.25217500,-75.56047667,2.80,1526.981,23.819,1.144,115,14,31,,
T,2023-02-23 20:45:13,6.25217833,-75.56047667,2.70,1527.581,23.819,0.000,,16,31,,
T,2023-02-23 20:45:14,6.25218333,-75.56047833,2.70,1528.281,23.819,0.000,,16,31,,
T,2023-02-23 20:45:15,6.25219167,-75.56048000,2.70,1529.281,23.819,0.000,,16,31,,
T,2023-02-23 20:45:16,6.25219167,-75.56048000,2.70,1529.281,23.819,0.000,,16,31,,
T,2023-02-23 20:45:17,6.25219167,-75.56048000,2.70,1529.281,23.819,0.000,,16,31,,
T,2023-02-23 20:45:18,6.25219167,-75.56048000,2.70,1529.281,23.819,0.000,,16,31,,
T,2023-02-23 20:45:19,6.25219167,-75.56048000,2.60,1529.281,23.819,0.000,,15,31,,
T,2023-02-23 20:45:20,6.25219167,-75.56048000,2.70,1529.281,23.819,0.000,,15,31,,
T,2023-02-23 20:45:21,6.25219167,-75.56048000,2.70,1529.281,23.819,0.000,,15,30,,
T,2023-02-23 20:45:22,6.25219167,-75.56048000,2.80,1529.281,23.819,0.000,,14,31,,
T,2023-02-23 20:45:23,6.25219167,-75.56048000,2.80,1529.281,23.819,0.000,,13,31,,
T,2023-02-23 20:45:24,6.25219167,-75.56048000,2.80,1529.281,23.819,0.000,,12,31,,
T,2023-02-23 20:45:25,6.25219167,-75.56048000,2.70,1529.281,23.819,0.000,,13,31,,
T,2023-02-23 20:45:26,6.25219167,-75.56048000,2.70,1529.281,23.819,0.000,,12,31,,
T,2023-02-23 20:45:27,6.25219167,-75.56048000,1.20,1529.281,23.819,0.000,,12,31,,
T,2023-02-23 20:45:28,6.25219167,-75.56048000,1.10,1529.281,23.819,0.000,,11,30,,
T,2023-02-23 20:45:29,6.25219167,-75.56048000,1.40,1529.281,23.819,0.000,,11,30,,
T,2023-02-23 20:45:30,6.25219167,-75.56048000,1.70,1529.281,23.819,0.000,,10,30,,
T,2023-02-23 20:45:31,6.25219167,-75.56048000,1.90,1529.281,23.819,0.000,,10,30,,
T,2023-02-23 20:45:32,6.25219167,-75.56048000,2.10,1529.281,23.819,0.000,,10,30,,
T,2023-02-23 20:45:33,6.25219167,-75.56048000,2.30,1529.281,23.819,0.000,,9,31,,
T,2023-02-23 20:45:34,6.25219167,-75.56048000,2.40,1529.281,23.819,0.000,,9,31,,
T,2023-02-23 20:45:35,6.25219167,-75.56048000,2.50,1529.281,23.819,0.000,,11,31,,
T,2023-02-23 20:45:36,6.25219167,-75.56048000,2.60,1529.281,23.819,0.000,,11,31,,
T,2023-02-23 20:45:37,6.25219167,-75.56048000,2.70,1529.281,23.819,0.000,,12,31,,
T,2023-02-23 20:45:38,6.25219167,-75.56048000,2.60,1529.281,23.819,0.000,,12,31,,
T,2023-02-23 20:45:39,6.25219167,-75.56048000,2.60,1529.281,23.819,0.000,,13,31,,
T,2023-02-23 20:45:40,6.25219167,-75.56048000,2.70,1529.281,23.819,0.000,,15,31,,
T,2023-02-23 20:45:41,6.25219167,-75.56048000,2.60,1529.281,23.819,0.000,,17,31,,
T,2023-02-23 20:45:42,6.25219167,-75.56048000,2.60,1529.281,23.819,0.000,,17,31,,
T,2023-02-23 20:45:43,6.25219167,-75.56048000,2.50,1529.281,23.819,0.000,,17,31,,
T,2023-02-23 20:45:44,6.25219167,-75.56048000,2.40,1529.281,23.819,0.000,,18,31,,
T,2023-02-23 20:45:45,6.25219167,-75.56048000,2.40,1529.281,23.819,0.000,,18,31,,
T,2023-02-23 20:45:46,6.25219167,-75.56048000,2.40,1529.281,23.819,0.000,,18,31,,
T,2023-02-23 20:45:47,6.25219167,-75.56048000,2.40,1529.281,23.819,0.000,,18,31,,
T,2023-02-23 20:45:48,6.25219167,-75.56048000,2.30,1529.281,23.819,0.000,,18,31,,
T,2023-02-23 20:45:49,6.25219167,-75.56048000,2.30,1529.281,23.819,0.000,,18,31,,
T,2023-02-23 20:45:50,6.25219167,-75.56048000,2.30,1529.281,23.819,0.000,,18,31,,
T,2023-02-23 20:45:51,6.25219167,-75.56048000,2.30,1529.281,23.819,0.000,,18,31,,
T,2023-02-23 20:45:52,6.25219167,-75.56048000,2.30,1529.281,23.819,0.000,,18,31,,
T,2023-02-23 20:45:53,6.25219167,-75.56048000,1.20,1529.281,23.819,0.000,,18,31,,
T,2023-02-23 20:45:54,6.25219167,-75.56048000,1.10,1529.281,23.819,0.000,,18,31,,
T,2023-02-23 20:45:55,6.25219167,-75.56048000,1.10,1529.281,23.819,0.000,,18,31,,
T,2023-02-23 20:45:56,6.25210333,-75.56051000,1.50,1524.380,23.820,1.782,148,19,31,,
T,2023-02-23 20:45:57,6.25208833,-75.56049167,1.80,1524.580,23.820,2.112,138,19,31,,
T,2023-02-23 20:45:58,6.25206000,-75.56045500,2.10,1524.780,23.820,3.589,138,19,31,,
T,2023-02-23 20:45:59,6.25201167,-75.56039000,2.30,1525.081,23.819,5.672,132,18,31,,
T,2023-02-23 20:46:00,6.25196500,-75.56031167,2.50,1525.281,23.819,7.321,125,18,31,,
T,2023-02-23 20:46:01,6.25191000,-75.56023667,2.70,1525.481,23.819,8.768,126,17,31,,
T,2023-02-23 20:46:02,6.25184833,-75.56015167,2.80,1525.681,23.819,9.989,126,17,31,,
T,2023-02-23 20:46:03,6.25177500,-75.56004667,2.90,1525.882,23.818,10.869,128,14,31,,
T,2023-02-23 20:46:04,6.25168333,-75.55991667,2.90,1525.982,23.818,12.676,126,15,31,,
T,2023-02-23 20:46:05,6.25160167,-75.55978833,2.90,1526.183,23.817,13.631,127,15,31,,
T,2023-02-23 20:46:06,6.25152333,-75.55967333,2.70,1526.483,23.817,13.908,126,15,31,,
T,2023-02-23 20:46:07,6.25145000,-75.55955667,2.60,1526.684,23.816,14.308,124,14,31,,
T,2023-02-23 20:46:08,6.25138000,-75.55944667,2.70,1526.884,23.816,14.455,124,14,31,,
T,2023-02-23 20:46:09,6.25129500,-75.55932833,2.60,1527.684,23.816,14.316,125,14,31,,
T,2023-02-23 20:46:10,6.25122667,-75.55922833,2.70,1527.985,23.815,13.596,126,13,31,,
T,2023-02-23 20:46:11,6.25115667,-75.55913500,2.70,1528.285,23.815,13.048,126,12,31,,
T,2023-02-23 20:46:12,6.25107833,-75.55903833,3.10,1529.085,23.815,13.142,127,12,31,,
T,2023-02-23 20:46:13,6.25100833,-75.55892500,3.00,1529.386,23.814,13.413,126,14,31,,
T,2023-02-23 20:46:14,6.25095000,-75.55881333,2.90,1529.786,23.814,13.502,125,15,31,,
T,2023-02-23 20:46:15,6.25088000,-75.55871000,2.80,1530.187,23.813,13.505,127,13,31,,
T,2023-02-23 20:46:16,6.25081000,-75.55860667,2.80,1530.587,23.813,13.401,126,14,31,,
T,2023-02-23 20:46:17,6.25073333,-75.55849667,2.70,1530.887,23.813,13.843,125,16,31,,
T,2023-02-23 20:46:18,6.25067000,-75.55837667,2.70,1531.388,23.812,14.220,125,18,31,,
T,2023-02-23 20:46:19,6.25060333,-75.55827333,2.60,1532.388,23.812,14.342,125,16,31,,
T,2023-02-23 20:46:20,6.25053333,-75.55817167,2.60,1533.289,23.811,14.234,128,16,31,,
T,2023-02-23 20:46:21,6.25046667,-75.55807333,2.50,1534.189,23.811,13.383,126,16,31,,
T,2023-02-23 20:46:22,6.25040833,-75.55798000,2.50,1535.289,23.811,12.154,125,17,31,,
T,2023-02-23 20:46:23,6.25035000,-75.55789167,2.80,1535.590,23.810,11.898,125,16,31,,
T,2023-02-23 20:46:24,6.25032833,-75.55780333,3.00,1536.290,23.810,10.654,110,16,31,,
T,2023-02-23 20:46:25,6.25033000,-75.55771333,2.90,1536.991,23.809,10.025,96,17,31,,
T,2023-02-23 20:46:26,6.25033333,-75.55763167,2.70,1537.591,23.809,9.848,92,17,31,,
T,2023-02-23 20:46:27,6.25034833,-75.55754000,2.70,1538.192,23.808,10.103,89,16,31,,
T,2023-02-23 20:46:28,6.25036167,-75.55747833,2.90,1539.892,23.808,7.783,90,16,31,,
T,2023-02-23 20:46:29,6.25037000,-75.55742167,2.80,1540.892,23.808,6.933,94,18,31,,
T,2023-02-23 20:46:30,6.25038000,-75.55737167,2.80,1542.193,23.807,6.065,92,18,31,,
T,2023-02-23 20:46:31,6.25039667,-75.55733667,2.70,1542.793,23.807,5.232,93,18,31,,
T,2023-02-23 20:46:32,6.25038167,-75.55731333,2.70,1543.493,23.807,4.512,105,20,31,,
T,2023-02-23 20:46:33,6.25037500,-75.55728500,2.60,1544.493,23.807,4.790,116,18,31,,
T,2023-02-23 20:46:34,6.25036000,-75.55725167,2.60,1545.693,23.807,5.111,116,17,31,,
T,2023-02-23 20:46:35,6.25034333,-75.55721500,2.70,1546.793,23.807,4.477,116,16,31,,
T,2023-02-23 20:46:36,6.25032500,-75.55718667,2.80,1547.893,23.807,4.055,125,15,31,,
T,2023-02-23 20:46:37,6.25031167,-75.55716833,2.80,1548.593,23.807,3.103,121,15,31,,
T,2023-02-23 20:46:38,6.25030500,-75.55714500,2.80,1549.094,23.806,2.965,118,15,31,,
T,2023-02-23 20:46:39,6.25030000,-75.55713000,2.80,1549.394,23.806,2.614,122,15,31,,
T,2023-02-23 20:46:40,6.25028500,-75.55711167,2.70,1549.094,23.806,2.738,119,17,31,,
T,2023-02-23 20:46:41,6.25028333,-75.55709333,2.60,1547.994,23.806,2.330,94,18,31,,
T,2023-02-23 20:46:42,6.25029000,-75.55710167,2.50,1548.794,23.806,1.077,94,17,31,,
T,2023-02-23 20:46:43,6.25029000,-75.55711667,2.40,1548.094,23.806,0.000,,18,31,,
T,2023-02-23 20:46:44,6.25028667,-75.55711667,2.40,1548.194,23.806,0.000,,18,31,,
T,2023-02-23 20:46:45,6.25028333,-75.55712000,2.40,1548.194,23.806,0.000,,16,31,,
T,2023-02-23 20:46:46,6.25028333,-75.55712000,2.50,1548.194,23.806,0.000,,16,31,,
T,2023-02-23 20:46:47,6.25028333,-75.55712000,2.50,1548.194,23.806,0.000,,18,31,,
T,2023-02-23 20:46:48,6.25028333,-75.55712000,1.20,1548.194,23.806,0.000,,17,31,,
T,2023-02-23 20:46:49,6.25028333,-75.55712000,1.10,1548.194,23.806,0.000,,16,31,,
T,2023-02-23 20:46:50,6.25028333,-75.55712000,1.00,1548.194,23.806,0.000,,17,31,,
T,2023-02-23 20:46:51,6.25028333,-75.55712000,1.00,1548.194,23.806,0.000,,17,31,,
T,2023-02-23 20:46:52,6.25028333,-75.55712000,1.10,1548.194,23.806,0.000,,17,31,,
T,2023-02-23 20:46:53,6.25028333,-75.55712000,1.00,1548.194,23.806,0.000,,17,31,,
T,2023-02-23 20:46:54,6.25028333,-75.55712000,1.00,1548.194,23.806,0.000,,17,31,,
T,2023-02-23 20:46:55,6.25028333,-75.55712000,1.00,1548.194,23.806,0.000,,17,31,,
T,2023-02-23 20:46:56,6.25028333,-75.55712000,1.30,1548.194,23.806,0.000,,17,31,,
T,2023-02-23 20:46:57,6.25028333,-75.55712000,1.40,1548.194,23.806,0.000,,17,31,,
T,2023-02-23 20:46:58,6.25028333,-75.55712000,1.60,1548.194,23.806,0.000,,17,31,,
T,2023-02-23 20:46:59,6.25028333,-75.55712000,1.70,1548.194,23.806,0.000,,17,31,,
T,2023-02-23 20:47:00,6.25028333,-75.55712000,1.10,1548.194,23.806,0.000,,17,31,,
T,2023-02-23 20:47:01,6.25028333,-75.55712000,1.10,1548.194,23.806,0.000,,17,31,,
T,2023-02-23 20:47:02,6.25028333,-75.55712000,1.00,1548.194,23.806,0.000,,17,31,,
T,2023-02-23 20:47:03,6.25028333,-75.55712000,1.00,1548.194,23.806,0.000,,17,31,,
T,2023-02-23 20:47:04,6.25028333,-75.55712000,1.00,1548.194,23.806,0.000,,17,31,,
T,2023-02-23 20:47:05,6.25028333,-75.55712000,1.00,1548.194,23.806,0.000,,17,31,,
T,2023-02-23 20:47:06,6.25028333,-75.55712000,1.00,1548.194,23.806,0.000,,17,31,,
T,2023-02-23 20:47:07,6.25028333,-75.55712000,1.30,1548.194,23.806,0.000,,17,31,,
T,2023-02-23 20:47:08,6.25028333,-75.55712000,1.50,1548.194,23.806,0.000,,17,31,,
T,2023-02-23 20:47:09,6.25028333,-75.55712000,1.60,1548.194,23.806,0.000,,17,31,,
T,2023-02-23 20:47:10,6.25028333,-75.55712000,1.60,1548.194,23.806,0.000,,17,31,,
T,2023-02-23 20:47:11,6.25028333,-75.55712000,1.10,1548.194,23.806,0.000,,17,31,,
T,2023-02-23 20:47:12,6.25028333,-75.55712000,1.00,1548.194,23.806,0.000,,17,31,,
T,2023-02-23 20:47:13,6.25028333,-75.55712000,1.00,1548.194,23.806,0.000,,17,31,,
T,2023-02-23 20:47:14,6.25028333,-75.55712000,1.00,1548.194,23.806,0.000,,17,31,,
T,2023-02-23 20:47:15,6.25028333,-75.55712000,1.00,1548.194,23.806,0.000,,17,31,,
T,2023-02-23 20:47:16,6.25028333,-75.55712000,1.00,1548.194,23.806,0.000,,17,31,,
T,2023-02-23 20:47:17,6.25028333,-75.55712000,1.00,1548.194,23.806,0.000,,17,31,,
T,2023-02-23 20:47:18,6.25028333,-75.55712000,1.30,1548.194,23.806,0.000,,17,31,,
T,2023-02-23 20:47:19,6.25028333,-75.55712000,1.50,1548.194,23.806,0.000,,17,31,,
T,2023-02-23 20:47:20,6.25028333,-75.55712000,1.60,1548.194,23.806,0.000,,17,31,,
T,2023-02-23 20:47:21,6.25028333,-75.55712000,1.70,1548.194,23.806,0.000,,17,31,,
T,2023-02-23 20:47:22,6.25028333,-75.55712000,1.80,1548.194,23.806,0.000,,18,31,,
T,2023-02-23 20:47:23,6.25022167,-75.55710167,2.00,1546.394,23.806,1.729,174,18,31,,
T,2023-02-23 20:47:24,6.25020333,-75.55708167,2.30,1546.694,23.806,2.417,147,18,31,,
T,2023-02-23 20:47:25,6.25017333,-75.55704667,2.40,1546.794,23.806,3.339,136,17,31,,
T,2023-02-23 20:47:26,6.25014500,-75.55700500,2.60,1546.994,23.806,3.936,131,17,31,,
T,2023-02-23 20:47:27,6.25013500,-75.55693667,2.60,1546.994,23.806,5.211,112,18,31,,
T,2023-02-23 20:47:28,6.25010667,-75.55686667,2.70,1546.695,23.805,6.577,112,18,31,,
T,2023-02-23 20:47:29,6.25008333,-75.55678667,2.70,1546.295,23.805,7.435,108,18,30,,
T,2023-02-23 20:47:30,6.25005500,-75.55668667,2.60,1545.995,23.805,8.764,108,17,31,,
T,2023-02-23 20:47:31,6.25003833,-75.55659167,2.60,1545.696,23.804,9.433,102,17,31,,
T,2023-02-23 20:47:32,6.25002833,-75.55649500,2.60,1545.496,23.804,9.837,103,16,31,,
T,2023-02-23 20:47:33,6.25000500,-75.55639333,2.60,1545.497,23.803,10.620,103,16,31,,
T,2023-02-23 20:47:34,6.24997667,-75.55629000,2.60,1545.497,23.803,11.088,103,15,31,,
T,2023-02-23 20:47:35,6.24994833,-75.55618667,2.60,1545.598,23.802,11.067,103,15,31,,
T,2023-02-23 20:47:36,6.24992667,-75.55608833,2.60,1545.598,23.802,10.697,101,15,31,,
T,2023-02-23 20:47:37,6.24991167,-75.55598000,2.50,1545.599,23.801,11.053,103,13,31,,
T,2023-02-23 20:47:38,6.24988000,-75.55587000,2.60,1545.499,23.801,11.700,103,12,31,,
T,2023-02-23 20:47:39,6.24986333,-75.55577000,2.80,1545.700,23.800,11.366,102,13,31,,
T,2023-02-23 20:47:40,6.24986167,-75.55566333,2.70,1545.200,23.800,11.387,99,16,31,,
T,2023-02-23 20:47:41,6.24984167,-75.55556167,2.80,1544.501,23.799,11.088,103,16,31,,
T,2023-02-23 20:47:42,6.24984000,-75.55546333,2.70,1543.801,23.799,10.900,103,17,31,,
T,2023-02-23 20:47:43,6.24983000,-75.55536833,2.60,1543.202,23.798,10.707,104,16,31,,
T,2023-02-23 20:47:44,6.24980833,-75.55526833,2.60,1541.502,23.798,10.672,101,15,32,,
T,2023-02-23 20:47:45,6.24979667,-75.55517333,2.60,1541.403,23.797,10.222,100,15,32,,
T,2023-02-23 20:47:46,6.24978500,-75.55509167,2.60,1541.203,23.797,9.456,101,14,32,,
T,2023-02-23 20:47:47,6.24977667,-75.55501667,2.70,1541.003,23.797,8.792,98,14,32,,
T,2023-02-23 20:47:48,6.24977167,-75.55494000,2.70,1540.904,23.796,8.884,95,15,32,,
T,2023-02-23 20:47:49,6.24976167,-75.55486833,2.70,1540.704,23.796,8.315,100,15,32,,
T,2023-02-23 20:47:50,6.24973000,-75.55481500,2.70,1541.204,23.796,7.804,102,13,32,,
T,2023-02-23 20:47:51,6.24970500,-75.55476500,2.80,1543.105,23.795,7.989,104,13,32,,
T,2023-02-23 20:47:52,6.24968667,-75.55470333,2.90,1542.805,23.795,7.661,105,13,32,,
T,2023-02-23 20:47:53,6.24967333,-75.55464500,2.90,1543.105,23.795,7.016,104,12,32,,
T,2023-02-23 20:47:54,6.24965667,-75.55459333,2.90,1543.505,23.795,6.801,102,13,32,,
T,2023-02-23 20:47:55,6.24963833,-75.55454167,2.80,1544.206,23.794,6.243,107,13,32,,
T,2023-02-23 20:47:56,6.24962000,-75.55448667,2.90,1544.206,23.794,5.418,108,12,32,,
T,2023-02-23 20:47:57,6.24958667,-75.55446000,2.90,1544.706,23.794,3.879,127,15,32,,
T,2023-02-23 20:47:58,6.24955333,-75.55445667,3.00,1545.106,23.794,3.538,146,16,32,,
T,2023-02-23 20:47:59,6.24952833,-75.55443833,3.00,1545.406,23.794,3.794,149,15,32,,
T,2023-02-23 20:48:00,6.24948167,-75.55445000,3.00,1544.906,23.794,3.966,170,16,32,,
T,2023-02-23 20:48:01,6.24942833,-75.55446833,3.00,1544.306,23.794,4.602,182,18,32,,
T,2023-02-23 20:48:02,6.24935667,-75.55450667,3.10,1543.705,23.795,5.968,193,16,32,,
T,2023-02-23 20:48:03,6.24928167,-75.55457000,3.00,1543.005,23.795,6.986,204,15,32,,
T,2023-02-23 20:48:04,6.24920667,-75.55461333,3.00,1542.504,23.796,7.514,204,15,32,,
T,2023-02-23 20:48:05,6.24912500,-75.55466500,2.90,1542.404,23.796,9.006,208,15,32,,
T,2023-02-23 20:48:06,6.24904500,-75.55471167,2.90,1542.104,23.796,8.716,213,15,32,,
T,2023-02-23 20:48:07,6.24897500,-75.55478000,2.70,1546.203,23.797,8.496,210,16,32,,
T,2023-02-23 20:48:08,6.24891500,-75.55482000,2.60,1545.803,23.797,7.897,213,16,32,,
T,2023-02-23 20:48:09,6.24886500,-75.55486000,2.50,1545.203,23.797,7.799,212,16,32,,
T,2023-02-23 20:48:10,6.24881833,-75.55490500,2.40,1544.202,23.798,7.137,213,17,32,,
T,2023-02-23 20:48:11,6.24876500,-75.55495000,2.50,1544.002,23.798,7.660,215,18,32,,
T,2023-02-23 20:48:12,6.24869167,-75.55499833,2.70,1544.101,23.799,8.900,211,16,32,,
T,2023-02-23 20:48:13,6.24861500,-75.55504667,2.80,1544.101,23.799,9.572,211,15,32,,
T,2023-02-23 20:48:14,6.24850833,-75.55509000,2.80,1542.101,23.799,9.938,210,14,32,,
T,2023-02-23 20:48:15,6.24843167,-75.55513167,2.90,1542.300,23.800,9.499,210,15,32,,
T,2023-02-23 20:48:16,6.24835667,-75.55517000,2.90,1542.400,23.800,8.609,210,15,32,,
T,2023-02-23 20:48:17,6.24828333,-75.55522000,2.80,1540.600,23.800,8.081,210,15,32,,
T,2023-02-23 20:48:18,6.24822333,-75.55526333,2.70,1541.699,23.801,6.965,210,14,32,,
T,2023-02-23 20:48:19,6.24816833,-75.55530000,2.70,1540.899,23.801,6.230,211,11,32,,
T,2023-02-23 20:48:20,6.24811833,-75.55532667,2.50,1538.599,23.801,6.352,211,11,32,,
T,2023-02-23 20:48:21,6.24806833,-75.55535333,2.60,1537.898,23.802,6.047,211,12,32,,
T,2023-02-23 20:48:22,6.24802500,-75.55537000,2.50,1537.498,23.802,6.013,209,14,32,,
T,2023-02-23 20:48:23,6.24797167,-75.55539833,2.50,1535.198,23.802,6.771,210,15,32,,
T,2023-02-23 20:48:24,6.24790833,-75.55542500,2.60,1534.198,23.802,7.141,210,14,32,,
T,2023-02-23 20:48:25,6.24786000,-75.55546333,2.70,1534.097,23.803,7.263,211,14,32,,
T,2023-02-23 20:48:26,6.24781167,-75.55550333,2.60,1533.797,23.803,7.173,214,16,32,,
T,2023-02-23 20:48:27,6.24776833,-75.55554000,2.80,1533.697,23.803,6.562,213,14,32,,
T,2023-02-23 20:48:28,6.24772833,-75.55557333,2.90,1533.997,23.803,6.219,213,16,32,,
T,2023-02-23 20:48:29,6.24768833,-75.55560833,2.80,1534.596,23.804,5.772,215,16,32,,
T,2023-02-23 20:48:30,6.24764333,-75.55563500,2.70,1534.796,23.804,5.770,209,17,32,,
T,2023-02-23 20:48:31,6.24759833,-75.55566333,2.60,1534.696,23.804,5.180,210,17,32,,
T,2023-02-23 20:48:32,6.24756000,-75.55568167,2.60,1534.296,23.804,5.167,207,18,32,,
T,2023-02-23 20:48:33,6.24752667,-75.55570333,2.60,1534.396,23.804,4.443,207,18,32,,
T,2023-02-23 20:48:34,6.24749333,-75.55572667,2.50,1533.995,23.805,3.432,197,17,32,,
T,2023-02-23 20:48:35,6.24745667,-75.55573000,2.50,1533.895,23.805,3.134,176,17,32,,
T,2023-02-23 20:48:36,6.24741667,-75.55571833,2.60,1533.995,23.805,3.387,157,17,32,,
T,2023-02-23 20:48:37,6.24737667,-75.55569333,2.70,1533.895,23.805,3.676,145,16,32,,
T,2023-02-23 20:48:38,6.24732500,-75.55563500,2.80,1533.596,23.804,5.365,133,17,32,,
T,2023-02-23 20:48:39,6.24728333,-75.55557667,2.90,1533.396,23.804,5.939,125,18,32,,
T,2023-02-23 20:48:40,6.24723667,-75.55550833,2.80,1533.496,23.804,6.857,124,18,32,,
T,2023-02-23 20:48:41,6.24717667,-75.55541833,2.80,1533.896,23.804,7.739,124,18,32,,
T,2023-02-23 20:48:42,6.24712833,-75.55534500,2.80,1534.497,23.803,6.949,122,19,32,,
T,2023-02-23 20:48:43,6.24708833,-75.55528000,2.70,1535.197,23.803,6.021,126,19,32,,
T,2023-02-23 20:48:44,6.24705000,-75.55523667,2.80,1535.697,23.803,5.277,127,19,32,,
T,2023-02-23 20:48:45,6.24702000,-75.55519333,2.80,1535.797,23.803,4.805,121,16,32,,
T,2023-02-23 20:48:46,6.24699667,-75.55516333,2.70,1535.997,23.803,4.465,129,18,32,,
T,2023-02-23 20:48:47,6.24697333,-75.55514167,2.60,1535.997,23.803,4.031,145,17,32,,
T,2023-02-23 20:48:48,6.24696667,-75.55510667,2.60,1536.498,23.802,4.045,136,18,32,,
T,2023-02-23 20:48:49,6.24695333,-75.55505500,2.60,1536.998,23.802,4.622,124,19,32,,
T,2023-02-23 20:48:50,6.24692333,-75.55499500,2.60,1536.698,23.802,6.032,121,19,32,,
T,2023-02-23 20:48:51,6.24689500,-75.55493000,2.70,1536.598,23.802,6.332,120,18,32,,
T,2023-02-23 20:48:52,6.24685667,-75.55486167,2.60,1536.799,23.801,7.716,123,18,32,,
T,2023-02-23 20:48:53,6.24682000,-75.55479667,2.60,1536.599,23.801,7.740,122,19,32,,
T,2023-02-23 20:48:54,6.24677833,-75.55473500,2.60,1536.799,23.801,7.771,123,19,32,,
T,2023-02-23 20:48:55,6.24673667,-75.55468500,2.60,1537.199,23.801,6.318,132,20,32,,
T,2023-02-23 20:48:56,6.24669833,-75.55463167,2.50,1537.600,23.800,6.088,127,19,32,,
T,2023-02-23 20:48:57,6.24666667,-75.55458000,2.50,1537.700,23.800,5.940,127,17,32,,
T,2023-02-23 20:48:58,6.24663667,-75.55453500,2.50,1537.900,23.800,5.588,128,18,32,,
T,2023-02-23 20:48:59,6.24661000,-75.55449167,2.50,1538.200,23.800,5.346,124,15,32,,
T,2023-02-23 20:49:00,6.24659000,-75.55446000,2.60,1538.400,23.800,4.301,125,15,32,,
T,2023-02-23 20:49:01,6.24656333,-75.55443500,2.80,1538.800,23.800,4.289,130,16,32,,
T,2023-02-23 20:49:02,6.24653167,-75.55442167,2.90,1539.400,23.800,4.130,143,16,32,,
T,2023-02-23 20:49:03,6.24649500,-75.55440500,2.90,1539.100,23.800,4.095,149,17,32,,
T,2023-02-23 20:49:04,6.24645167,-75.55439500,2.80,1538.400,23.800,3.484,161,19,32,,
T,2023-02-23 20:49:05,6.24639500,-75.55440500,2.80,1536.700,23.800,4.025,171,18,32,,
T,2023-02-23 20:49:06,6.24633000,-75.55442667,2.80,1536.400,23.800,5.790,188,18,32,,
T,2023-02-23 20:49:07,6.24626333,-75.55445667,2.90,1536.200,23.800,6.169,198,18,32,,
T,2023-02-23 20:49:08,6.24620000,-75.55449000,2.80,1535.899,23.801,5.845,203,19,32,,
T,2023-02-23 20:49:09,6.24614833,-75.55452667,2.70,1535.699,23.801,6.003,206,18,32,,
T,2023-02-23 20:49:10,6.24609833,-75.55455833,2.60,1535.599,23.801,5.621,208,19,32,,
T,2023-02-23 20:49:11,6.24604333,-75.55459000,2.60,1534.798,23.802,5.315,206,19,32,,
T,2023-02-23 20:49:12,6.24598167,-75.55462500,2.60,1535.398,23.802,5.278,210,17,32,,
T,2023-02-23 20:49:13,6.24593333,-75.55465667,2.50,1538.198,23.802,4.566,213,18,32,,
T,2023-02-23 20:49:14,6.24589333,-75.55470667,2.30,1537.198,23.802,4.848,215,20,32,,
T,2023-02-23 20:49:15,6.24585667,-75.55473500,2.40,1537.797,23.803,5.474,210,19,32,,
T,2023-02-23 20:49:16,6.24581000,-75.55478333,2.40,1540.597,23.803,5.960,211,21,32,,
T,2023-02-23 20:49:17,6.24575500,-75.55482667,2.40,1541.297,23.803,7.046,213,21,32,,
T,2023-02-23 20:49:18,6.24569833,-75.55487000,2.50,1541.296,23.804,7.065,214,21,32,,
T,2023-02-23 20:49:19,6.24564333,-75.55491167,2.70,1542.096,23.804,6.866,216,19,32,,
T,2023-02-23 20:49:20,6.24559333,-75.55494667,2.70,1545.796,23.804,6.961,214,19,32,,
T,2023-02-23 20:49:21,6.24553667,-75.55498167,2.70,1546.795,23.805,6.823,212,18,32,,
T,2023-02-23 20:49:22,6.24548333,-75.55501333,2.60,1547.195,23.805,6.518,202,17,32,,
T,2023-02-23 20:49:23,6.24541667,-75.55503167,2.50,1547.295,23.805,6.532,194,18,32,,
T,2023-02-23 20:49:24,6.24534667,-75.55504667,2.50,1547.195,23.805,7.191,188,17,32,,
T,2023-02-23 20:49:25,6.24527833,-75.55503000,2.50,1547.495,23.805,7.492,176,17,32,,
T,2023-02-23 20:49:26,6.24521500,-75.55499833,2.50,1547.795,23.805,7.490,170,17,32,,
T,2023-02-23 20:49:27,6.24516000,-75.55494000,2.60,1547.595,23.805,7.505,157,17,32,,
T,2023-02-23 20:49:28,6.24509333,-75.55490167,2.60,1547.795,23.805,8.007,152,17,32,,
T,2023-02-23 20:49:29,6.24503500,-75.55486000,2.70,1547.995,23.805,7.687,146,17,32,,
T,2023-02-23 20:49:30,6.24499167,-75.55479000,2.60,1547.695,23.805,7.718,134,18,32,,
T,2023-02-23 20:49:31,6.24494500,-75.55473500,2.80,1547.696,23.804,7.250,134,17,32,,
T,2023-02-23 20:49:32,6.24490000,-75.55467500,2.90,1548.196,23.804,7.887,132,19,32,,
T,2023-02-23 20:49:33,6.24485167,-75.55460667,2.70,1547.996,23.804,7.983,134,19,31,,
T,2023-02-23 20:49:34,6.24479333,-75.55454333,2.90,1547.996,23.804,8.364,131,17,31,,
T,2023-02-23 20:49:35,6.24472667,-75.55448667,2.90,1548.196,23.804,8.729,137,17,31,,
T,2023-02-23 20:49:36,6.24464833,-75.55442667,3.00,1548.697,23.803,9.347,139,17,32,,
T,2023-02-23 20:49:37,6.24456833,-75.55437500,3.00,1548.897,23.803,9.975,145,16,32,,
T,2023-02-23 20:49:38,6.24448667,-75.55431833,2.90,1548.897,23.803,10.161,145,16,32,,
T,2023-02-23 20:49:39,6.24440333,-75.55424333,3.00,1548.897,23.803,10.513,139,15,32,,
T,2023-02-23 20:49:40,6.24431667,-75.55416833,3.10,1549.197,23.803,11.224,139,15,32,,
T,2023-02-23 20:49:41,6.24422000,-75.55410500,3.00,1548.497,23.803,10.332,141,17,32,,
T,2023-02-23 20:49:42,6.24414000,-75.55405000,3.10,1548.098,23.802,9.042,146,17,32,,
T,2023-02-23 20:49:43,6.24404833,-75.55400667,3.00,1546.898,23.802,8.495,148,18,32,,
T,2023-02-23 20:49:44,6.24396833,-75.55396333,3.00,1546.498,23.802,8.490,151,17,32,,
T,2023-02-23 20:49:45,6.24389833,-75.55394000,2.70,1545.898,23.802,7.473,153,19,32,,
T,2023-02-23 20:49:46,6.24383000,-75.55391000,2.70,1544.798,23.802,6.386,152,17,32,,
T,2023-02-23 20:49:47,6.24377333,-75.55388333,2.70,1543.998,23.802,5.312,152,17,32,,
T,2023-02-23 20:49:48,6.24372667,-75.55386500,2.60,1543.998,23.802,4.741,150,17,32,,
T,2023-02-23 20:49:49,6.24370167,-75.55386667,2.50,1542.698,23.802,3.006,157,17,32,,
T,2023-02-23 20:49:50,6.24370000,-75.55386500,2.50,1541.598,23.802,1.549,152,18,32,,
T,2023-02-23 20:49:51,6.24369833,-75.55386500,2.40,1540.898,23.802,0.000,,18,32,,
T,2023-02-23 20:49:52,6.24369333,-75.55386000,2.50,1540.898,23.802,0.000,,19,32,,
T,2023-02-23 20:49:53,6.24367167,-75.55385667,2.50,1540.298,23.802,1.904,158,19,32,,
T,2023-02-23 20:49:54,6.24364667,-75.55384833,2.40,1538.198,23.802,2.872,161,19,32,,
T,2023-02-23 20:49:55,6.24360500,-75.55382667,2.50,1537.798,23.802,4.186,158,19,32,,
T,2023-02-23 20:49:56,6.24356500,-75.55381167,2.50,1537.498,23.802,4.212,157,19,32,,
T,2023-02-23 20:49:57,6.24351833,-75.55378667,2.50,1537.398,23.802,4.353,154,18,32,,
T,2023-02-23 20:49:58,6.24347667,-75.55375833,2.60,1537.298,23.802,4.107,153,17,32,,
T,2023-02-23 20:49:59,6.24343500,-75.55373667,2.50,1537.498,23.802,4.719,154,19,32,,
T,2023-02-23 20:50:00,6.24339000,-75.55371833,2.60,1538.098,23.802,4.945,159,20,32,,
T,2023-02-23 20:50:01,6.24335000,-75.55370333,2.60,1535.698,23.802,4.212,153,19,32,,
T,2023-02-23 20:50:02,6.24331500,-75.55368667,2.60,1536.198,23.802,3.580,153,20,32,,
T,2023-02-23 20:50:03,6.24329000,-75.55367000,2.50,1536.198,23.802,2.995,141,20,32,,
T,2023-02-23 20:50:04,6.24327167,-75.55365333,2.50,1536.098,23.802,2.798,131,20,32,,
T,2023-02-23 20:50:05,6.24324833,-75.55363333,2.30,1537.598,23.802,2.503,112,19,32,,
T,2023-02-23 20:50:06,6.24322000,-75.55362000,2.10,1536.598,23.802,1.432,112,19,32,,
T,2023-02-23 20:50:07,6.24320500,-75.55361667,2.00,1535.998,23.802,0.000,,20,32,,
T,2023-02-23 20:50:08,6.24320333,-75.55361500,2.00,1535.998,23.802,0.000,,20,32,,
T,2023-02-23 20:50:09,6.24320000,-75.55361667,2.00,1535.998,23.802,0.000,,20,32,,
T,2023-02-23 20:50:10,6.24320000,-75.55361667,2.00,1535.998,23.802,0.000,,21,32,,
T,2023-02-23 20:50:11,6.24320000,-75.55361667,2.00,1535.998,23.802,0.000,,21,32,,
T,2023-02-23 20:50:12,6.24320000,-75.55361667,1.20,1535.998,23.802,0.000,,21,32,,
T,2023-02-23 20:50:13,6.24320000,-75.55361667,1.00,1535.998,23.802,0.000,,21,32,,
T,2023-02-23 20:50:14,6.24320000,-75.55361667,1.00,1535.998,23.802,0.000,,22,32,,
T,2023-02-23 20:50:15,6.24320000,-75.55361667,1.00,1535.998,23.802,0.000,,22,32,,
T,2023-02-23 20:50:16,6.24320000,-75.55361667,1.00,1535.998,23.802,0.000,,22,32,,
T,2023-02-23 20:50:17,6.24320000,-75.55361667,1.00,1535.998,23.802,0.000,,22,32,,
T,2023-02-23 20:50:18,6.24320000,-75.55361667,1.00,1535.998,23.802,0.000,,22,32,,
T,2023-02-23 20:50:19,6.24320000,-75.55361667,0.90,1535.998,23.802,0.000,,22,32,,
T,2023-02-23 20:50:20,6.24320000,-75.55361667,0.90,1535.998,23.802,0.000,,22,32,,
T,2023-02-23 20:50:21,6.24319167,-75.55361167,1.10,1536.098,23.802,2.186,113,22,32,,
T,2023-02-23 20:50:22,6.24318167,-75.55359333,1.60,1535.898,23.802,1.829,120,20,32,,
T,2023-02-23 20:50:23,6.24316833,-75.55357333,1.90,1535.698,23.802,2.140,121,20,32,,
T,2023-02-23 20:50:24,6.24315333,-75.55354667,2.10,1535.698,23.802,3.140,112,21,32,,
T,2023-02-23 20:50:25,6.24313500,-75.55350667,2.30,1535.998,23.802,4.290,107,20,32,,
T,2023-02-23 20:50:26,6.24311833,-75.55345833,2.40,1536.499,23.801,5.134,102,20,32,,
T,2023-02-23 20:50:27,6.24309167,-75.55339500,2.40,1537.999,23.801,6.644,104,20,32,,
T,2023-02-23 20:50:28,6.24306500,-75.55332167,2.50,1539.399,23.801,6.762,105,21,32,,
T,2023-02-23 20:50:29,6.24304667,-75.55325667,2.60,1539.700,23.800,6.753,105,20,32,,
T,2023-02-23 20:50:30,6.24302833,-75.55320333,2.60,1540.700,23.800,6.301,103,20,32,,
T,2023-02-23 20:50:31,6.24301333,-75.55313833,2.50,1541.500,23.800,6.274,100,21,32,,
T,2023-02-23 20:50:32,6.24300333,-75.55308500,2.50,1541.500,23.800,5.923,101,20,32,,
T,2023-02-23 20:50:33,6.24298833,-75.55303500,2.60,1541.401,23.799,5.897,103,19,32,,
T,2023-02-23 20:50:34,6.24297667,-75.55297500,2.50,1541.101,23.799,6.526,102,20,32,,
T,2023-02-23 20:50:35,6.24296333,-75.55291333,2.60,1541.101,23.799,6.655,103,20,32,,
T,2023-02-23 20:50:36,6.24294333,-75.55284667,2.70,1541.202,23.798,7.131,106,19,32,,
T,2023-02-23 20:50:37,6.24292667,-75.55277333,2.70,1541.602,23.798,7.586,104,19,32,,
T,2023-02-23 20:50:38,6.24291333,-75.55270167,2.80,1541.702,23.798,7.733,103,20,32,,
T,2023-02-23 20:50:39,6.24290000,-75.55263500,2.90,1541.803,23.797,7.538,102,20,32,,
T,2023-02-23 20:50:40,6.24290167,-75.55256167,2.80,1541.603,23.797,7.733,97,20,32,,
T,2023-02-23 20:50:41,6.24289667,-75.55249167,2.80,1541.203,23.797,7.830,96,21,32,,
T,2023-02-23 20:50:42,6.24289500,-75.55242500,2.80,1541.104,23.796,7.157,96,21,32,,
T,2023-02-23 20:50:43,6.24288167,-75.55235833,2.80,1541.304,23.796,6.986,101,21,32,,
T,2023-02-23 20:50:44,6.24287167,-75.55228667,2.80,1541.704,23.796,6.627,100,20,31,,
T,2023-02-23 20:50:45,6.24286333,-75.55222167,2.80,1542.005,23.795,6.779,100,20,32,,
T,2023-02-23 20:50:46,6.24285500,-75.55216000,2.70,1542.405,23.795,6.164,98,20,32,,
T,2023-02-23 20:50:47,6.24285167,-75.55210000,2.70,1542.405,23.795,6.131,94,19,32,,
T,2023-02-23 20:50:48,6.24284333,-75.55204167,2.60,1542.306,23.794,6.324,94,20,32,,
T,2023-02-23 20:50:49,6.24283333,-75.55199833,2.70,1545.206,23.794,5.436,95,18,32,,
T,2023-02-23 20:50:50,6.24283000,-75.55195333,2.80,1545.306,23.794,5.020,96,18,32,,
T,2023-02-23 20:50:51,6.24283167,-75.55192833,2.80,1546.706,23.794,4.444,94,17,31,,
T,2023-02-23 20:50:52,6.24284000,-75.55188167,2.80,1546.306,23.794,4.189,95,16,32,,
T,2023-02-23 20:50:53,6.24283833,-75.55184333,2.80,1546.207,23.793,3.877,90,16,32,,
T,2023-02-23 20:50:54,6.24283000,-75.55179500,2.80,1545.707,23.793,4.654,97,17,32,,
T,2023-02-23 20:50:55,6.24282167,-75.55174167,2.80,1545.307,23.793,4.901,100,19,32,,
T,2023-02-23 20:50:56,6.24279667,-75.55168500,2.70,1545.107,23.793,5.144,101,18,32,,
T,2023-02-23 20:50:57,6.24277167,-75.55162333,2.70,1544.508,23.792,5.825,101,17,32,,
T,2023-02-23 20:50:58,6.24276667,-75.55156333,2.70,1544.908,23.792,6.018,97,18,31,,
T,2023-02-23 20:50:59,6.24275500,-75.55150000,2.70,1544.908,23.792,6.013,95,19,32,,
T,2023-02-23 20:51:00,6.24275500,-75.55143667,2.70,1545.508,23.792,6.289,95,18,32,,
T,2023-02-23 20:51:01,6.24275333,-75.55136667,2.60,1546.009,23.791,6.789,92,17,32,,
T,2023-02-23 20:51:02,6.24275667,-75.55130000,2.70,1546.609,23.791,7.200,87,17,32,,
T,2023-02-23 20:51:03,6.24275667,-75.55122667,2.80,1547.310,23.790,7.180,87,18,32,,
T,2023-02-23 20:51:04,6.24275333,-75.55115333,2.80,1546.910,23.790,7.600,85,18,32,,
T,2023-02-23 20:51:05,6.24274667,-75.55107000,2.70,1545.610,23.790,8.271,88,18,32,,
T,2023-02-23 20:51:06,6.24274833,-75.55098833,2.70,1544.311,23.789,8.157,89,17,32,,
T,2023-02-23 20:51:07,6.24275000,-75.55090833,2.80,1544.811,23.789,8.368,88,18,32,,
T,2023-02-23 20:51:08,6.24275000,-75.55083667,2.70,1548.012,23.788,8.334,89,18,32,,
T,2023-02-23 20:51:09,6.24275667,-75.55075667,2.80,1548.412,23.788,8.351,88,19,32,,
T,2023-02-23 20:51:10,6.24276833,-75.55067667,2.80,1548.912,23.788,8.318,87,19,32,,
T,2023-02-23 20:51:11,6.24276667,-75.55061000,2.80,1549.013,23.787,8.152,89,19,32,,
T,2023-02-23 20:51:12,6.24277500,-75.55053500,2.80,1549.313,23.787,8.117,88,19,32,,
T,2023-02-23 20:51:13,6.24277833,-75.55046500,2.90,1549.514,23.786,8.127,87,20,31,,
T,2023-02-23 20:51:14,6.24278500,-75.55039833,2.80,1549.714,23.786,8.012,85,19,31,,
T,2023-02-23 20:51:15,6.24280000,-75.55033333,2.70,1549.614,23.786,7.823,84,19,31,,
T,2023-02-23 20:51:16,6.24280667,-75.55028500,2.70,1552.515,23.785,6.538,84,19,31,,
T,2023-02-23 20:51:17,6.24281000,-75.55024333,2.80,1552.715,23.785,5.372,88,20,31,,
T,2023-02-23 20:51:18,6.24280667,-75.55021500,2.80,1553.015,23.785,4.270,94,19,31,,
T,2023-02-23 20:51:19,6.24279833,-75.55019167,2.80,1553.015,23.785,3.412,93,18,31,,
T,2023-02-23 20:51:20,6.24278500,-75.55017333,2.70,1552.415,23.785,3.085,95,18,31,,
T,2023-02-23 20:51:21,6.24278000,-75.55015500,2.60,1552.115,23.785,2.968,94,19,31,,
T,2023-02-23 20:51:22,6.24278333,-75.55012667,2.60,1552.015,23.785,3.316,87,19,31,,
T,2023-02-23 20:51:23,6.24279000,-75.55009333,2.70,1551.716,23.784,3.710,85,19,31,,
T,2023-02-23 20:51:24,6.24279500,-75.55005167,2.70,1551.816,23.784,3.985,85,20,31,,
T,2023-02-23 20:51:25,6.24280000,-75.55001833,2.60,1551.816,23.784,3.496,89,20,31,,
T,2023-02-23 20:51:26,6.24279333,-75.54998167,2.60,1551.416,23.784,3.259,90,20,31,,
T,2023-02-23 20:51:27,6.24278833,-75.54995167,2.50,1551.416,23.784,2.710,91,20,31,,
T,2023-02-23 20:51:28,6.24278500,-75.54992667,2.50,1551.616,23.784,2.405,91,20,31,,
T,2023-02-23 20:51:29,6.24278500,-75.54990667,2.50,1551.517,23.783,2.250,87,21,31,,
T,2023-02-23 20:51:30,6.24278833,-75.54987667,2.50,1551.517,23.783,2.839,84,21,31,,
T,2023-02-23 20:51:31,6.24279000,-75.54985167,2.40,1551.117,23.783,2.376,91,22,31,,
T,2023-02-23 20:51:32,6.24279500,-75.54983167,2.40,1550.817,23.783,2.372,85,22,31,,
T,2023-02-23 20:51:33,6.24280000,-75.54981000,2.40,1551.017,23.783,2.356,88,22,31,,
T,2023-02-23 20:51:34,6.24280000,-75.54978500,2.40,1551.217,23.783,2.644,88,22,31,,
T,2023-02-23 20:51:35,6.24280167,-75.54975500,2.40,1551.017,23.783,3.142,94,22,31,,
T,2023-02-23 20:51:36,6.24279500,-75.54971833,2.40,1550.918,23.782,3.655,99,22,31,,
T,2023-02-23 20:51:37,6.24279667,-75.54968333,2.40,1550.718,23.782,3.240,93,22,31,,
T,2023-02-23 20:51:38,6.24278833,-75.54964000,2.40,1550.618,23.782,3.984,97,22,31,,
T,2023-02-23 20:51:39,6.24278000,-75.54958833,2.40,1550.918,23.782,4.984,98,21,31,,
T,2023-02-23 20:51:40,6.24276833,-75.54953667,2.40,1551.118,23.782,4.964,103,21,31,,
T,2023-02-23 20:51:41,6.24275667,-75.54948000,2.40,1551.619,23.781,5.304,100,21,31,,
T,2023-02-23 20:51:42,6.24274333,-75.54942667,2.40,1551.719,23.781,5.002,104,20,31,,
T,2023-02-23 20:51:43,6.24272500,-75.54938000,2.40,1552.319,23.781,4.698,107,18,31,,
T,2023-02-23 20:51:44,6.24270833,-75.54933833,2.50,1552.819,23.781,4.252,110,18,31,,
T,2023-02-23 20:51:45,6.24269167,-75.54930500,2.60,1553.219,23.781,3.649,114,18,31,,
T,2023-02-23 20:51:46,6.24267667,-75.54927500,2.60,1553.820,23.780,3.019,113,17,31,,
T,2023-02-23 20:51:47,6.24266333,-75.54924833,2.50,1554.420,23.780,2.929,113,18,31,,
T,2023-02-23 20:51:48,6.24265000,-75.54922333,2.50,1554.920,23.780,2.892,116,18,31,,
T,2023-02-23 20:51:49,6.24264333,-75.54920500,2.60,1555.320,23.780,2.585,110,18,31,,
T,2023-02-23 20:51:50,6.24263167,-75.54917833,2.60,1555.620,23.780,2.901,113,18,31,,
T,2023-02-23 20:51:51,6.24261833,-75.54914833,2.60,1555.820,23.780,3.027,117,17,31,,
T,2023-02-23 20:51:52,6.24260500,-75.54912333,2.50,1556.220,23.780,2.102,115,18,31,,
T,2023-02-23 20:51:53,6.24259333,-75.54909667,2.50,1556.420,23.780,2.194,112,18,31,,
T,2023-02-23 20:51:54,6.24258167,-75.54907333,2.40,1556.520,23.780,2.301,116,18,31,,
T,2023-02-23 20:51:55,6.24257500,-75.54905500,2.50,1556.621,23.779,1.674,109,18,31,,
T,2023-02-23 20:51:56,6.24257667,-75.54903667,2.50,1556.421,23.779,1.159,109,18,31,,
T,2023-02-23 20:51:57,6.24257000,-75.54900833,2.40,1556.421,23.779,1.402,109,19,31,,
T,2023-02-23 20:51:58,6.24255833,-75.54898833,2.50,1556.521,23.779,1.832,112,17,31,,
T,2023-02-23 20:51:59,6.24254667,-75.54897000,2.40,1556.621,23.779,1.569,119,17,31,,
T,2023-02-23 20:52:00,6.24253000,-75.54895000,2.40,1556.921,23.779,1.564,125,17,31,,
T,2023-02-23 20:52:01,6.24251500,-75.54893000,2.30,1557.221,23.779,2.223,122,17,31,,
T,2023-02-23 20:52:02,6.24249833,-75.54890833,2.30,1557.321,23.779,3.001,114,16,31,,
T,2023-02-23 20:52:03,6.24247833,-75.54888000,2.30,1557.521,23.779,3.168,115,17,31,,
T,2023-02-23 20:52:04,6.24246167,-75.54885667,2.30,1557.721,23.779,2.364,116,18,31,,
T,2023-02-23 20:52:05,6.24244000,-75.54883500,2.30,1558.521,23.779,2.746,122,16,31,,
T,2023-02-23 20:52:06,6.24242833,-75.54880333,2.40,1559.022,23.778,3.395,107,15,31,,
T,2023-02-23 20:52:07,6.24241667,-75.54877000,2.50,1559.522,23.778,3.688,104,17,31,,
T,2023-02-23 20:52:08,6.24239500,-75.54872333,2.60,1560.022,23.778,4.909,109,18,31,,
T,2023-02-23 20:52:09,6.24238167,-75.54867833,2.70,1560.322,23.778,4.131,109,17,31,,
T,2023-02-23 20:52:10,6.24236167,-75.54864000,2.60,1559.922,23.778,3.420,106,19,31,,
T,2023-02-23 20:52:11,6.24235167,-75.54861167,2.60,1560.222,23.778,2.455,108,19,31,,
T,2023-02-23 20:52:12,6.24233667,-75.54858000,2.60,1559.723,23.777,2.809,109,20,31,,
T,2023-02-23 20:52:13,6.24233333,-75.54855500,2.50,1559.523,23.777,2.123,97,20,31,,
T,2023-02-23 20:52:14,6.24233000,-75.54852167,2.40,1559.423,23.777,2.233,90,20,31,,
T,2023-02-23 20:52:15,6.24234000,-75.54849500,2.40,1559.923,23.777,2.087,76,20,31,,
T,2023-02-23 20:52:16,6.24235833,-75.54847000,2.30,1559.923,23.777,2.295,51,21,31,,
T,2023-02-23 20:52:17,6.24238500,-75.54844833,2.30,1560.523,23.777,3.146,39,21,31,,
T,2023-02-23 20:52:18,6.24243333,-75.54841667,2.30,1560.824,23.776,4.521,32,21,31,,
T,2023-02-23 20:52:19,6.24248500,-75.54839000,2.50,1561.224,23.776,4.885,27,20,31,,
T,2023-02-23 20:52:20,6.24253667,-75.54835500,2.60,1561.924,23.776,5.170,29,20,31,,
T,2023-02-23 20:52:21,6.24258500,-75.54832000,2.60,1565.724,23.776,5.523,32,19,31,,
T,2023-02-23 20:52:22,6.24263167,-75.54829333,2.60,1569.025,23.775,5.327,34,18,31,,
T,2023-02-23 20:52:23,6.24266500,-75.54825500,2.60,1569.625,23.775,5.333,39,18,31,,
T,2023-02-23 20:52:24,6.24268667,-75.54822667,2.70,1570.825,23.775,4.437,43,17,31,,
T,2023-02-23 20:52:25,6.24270500,-75.54820500,2.80,1572.325,23.775,3.223,47,16,31,,
T,2023-02-23 20:52:26,6.24271500,-75.54817000,2.80,1573.725,23.775,2.956,66,15,31,,
T,2023-02-23 20:52:27,6.24270167,-75.54814833,2.70,1574.626,23.774,3.184,86,16,31,,
T,2023-02-23 20:52:28,6.24269000,-75.54812333,2.70,1575.626,23.774,3.338,102,16,31,,
T,2023-02-23 20:52:29,6.24267167,-75.54808833,2.70,1576.526,23.774,4.192,106,14,31,,
T,2023-02-23 20:52:30,6.24265667,-75.54804667,2.70,1577.426,23.774,5.097,110,14,31,,
T,2023-02-23 20:52:31,6.24264167,-75.54800500,2.80,1578.126,23.774,5.215,112,13,31,,
T,2023-02-23 20:52:32,6.24263000,-75.54796000,2.70,1578.626,23.774,5.252,105,14,31,,
T,2023-02-23 20:52:33,6.24260333,-75.54791000,2.70,1577.827,23.773,5.413,108,15,31,,
T,2023-02-23 20:52:34,6.24259167,-75.54786333,2.70,1577.927,23.773,5.281,107,14,31,,
T,2023-02-23 20:52:35,6.24258167,-75.54781667,2.80,1578.227,23.773,4.450,107,15,31,,
T,2023-02-23 20:52:36,6.24256667,-75.54777000,2.90,1578.527,23.773,4.632,111,16,31,,
T,2023-02-23 20:52:37,6.24255833,-75.54772167,3.00,1578.727,23.773,4.503,108,15,31,,
T,2023-02-23 20:52:38,6.24254333,-75.54768000,3.00,1579.028,23.772,4.184,118,16,31,,
T,2023-02-23 20:52:39,6.24252833,-75.54763333,3.00,1579.328,23.772,3.892,119,16,31,,
T,2023-02-23 20:52:40,6.24251000,-75.54759167,3.00,1579.828,23.772,3.686,122,15,31,,
T,2023-02-23 20:52:41,6.24248333,-75.54756333,3.00,1580.128,23.772,3.383,136,15,31,,
T,2023-02-23 20:52:42,6.24245667,-75.54753500,2.90,1580.428,23.772,3.705,137,15,31,,
T,2023-02-23 20:52:43,6.24243667,-75.54750500,2.90,1580.828,23.772,4.312,130,15,31,,
T,2023-02-23 20:52:44,6.24241333,-75.54746500,2.80,1581.129,23.771,5.035,122,16,31,,
T,2023-02-23 20:52:45,6.24238667,-75.54741667,2.70,1582.229,23.771,5.705,123,16,31,,
T,2023-02-23 20:52:46,6.24235667,-75.54737667,2.60,1584.529,23.771,6.123,124,16,31,,
T,2023-02-23 20:52:47,6.24232833,-75.54734167,2.60,1587.629,23.771,5.889,125,16,31,,
T,2023-02-23 20:52:48,6.24230167,-75.54729167,2.60,1588.529,23.771,5.791,123,16,31,,
T,2023-02-23 20:52:49,6.24226667,-75.54725500,2.60,1589.829,23.771,5.665,126,15,31,,
T,2023-02-23 20:52:50,6.24223000,-75.54722000,2.60,1591.829,23.771,5.546,127,15,31,,
T,2023-02-23 20:52:51,6.24219333,-75.54716833,2.50,1592.730,23.770,5.971,127,15,31,,
T,2023-02-23 20:52:52,6.24215833,-75.54711833,2.50,1593.530,23.770,5.976,126,13,31,,
T,2023-02-23 20:52:53,6.24213167,-75.54707500,2.50,1593.730,23.770,5.894,123,13,31,,
T,2023-02-23 20:52:54,6.24210667,-75.54703167,2.60,1594.130,23.770,5.525,122,13,31,,
T,2023-02-23 20:52:55,6.24207333,-75.54699667,2.70,1594.630,23.770,5.048,124,14,31,,
T,2023-02-23 20:52:56,6.24204833,-75.54695667,2.80,1595.230,23.770,5.144,117,16,31,,
T,2023-02-23 20:52:57,6.24200500,-75.54692167,2.70,1593.931,23.769,5.799,121,14,31,,
T,2023-02-23 20:52:58,6.24198167,-75.54687000,2.80,1594.331,23.769,6.034,119,13,31,,
T,2023-02-23 20:52:59,6.24195000,-75.54680500,2.90,1594.531,23.769,6.754,118,14,31,,
T,2023-02-23 20:53:00,6.24193667,-75.54674000,2.90,1595.331,23.769,6.602,112,15,31,,
T,2023-02-23 20:53:01,6.24193333,-75.54667333,2.90,1595.632,23.768,6.372,100,17,31,,
T,2023-02-23 20:53:02,6.24193667,-75.54661833,2.90,1596.632,23.768,6.192,93,18,31,,
T,2023-02-23 20:53:03,6.24197167,-75.54657500,2.90,1598.732,23.768,6.226,79,17,31,,
T,2023-02-23 20:53:04,6.24200833,-75.54652833,2.90,1599.733,23.767,6.261,72,16,31,,
T,2023-02-23 20:53:05,6.24204333,-75.54647500,2.80,1600.333,23.767,6.162,66,15,31,,
T,2023-02-23 20:53:06,6.24207667,-75.54643333,2.90,1601.333,23.767,5.134,62,15,31,,
T,2023-02-23 20:53:07,6.24210833,-75.54641000,2.90,1602.233,23.767,3.875,58,17,31,,
T,2023-02-23 20:53:08,6.24214167,-75.54639667,2.80,1603.034,23.766,3.080,52,16,31,,
T,2023-02-23 20:53:09,6.24216333,-75.54638000,2.80,1603.034,23.766,3.050,37,16,31,,
T,2023-02-23 20:53:10,6.24218833,-75.54635667,2.70,1603.134,23.766,3.471,37,14,31,,
T,2023-02-23 20:53:11,6.24220500,-75.54635667,2.70,1603.334,23.766,3.095,32,15,31,,
T,2023-02-23 20:53:12,6.24222833,-75.54634333,2.70,1604.134,23.766,2.752,27,17,31,,
T,2023-02-23 20:53:13,6.24224667,-75.54632833,2.70,1605.234,23.766,1.976,32,16,31,,
T,2023-02-23 20:53:14,6.24225000,-75.54631500,2.60,1605.934,23.766,0.000,,18,31,,
T,2023-02-23 20:53:15,6.24225000,-75.54630333,2.50,1606.434,23.766,0.000,,19,31,,
T,2023-02-23 20:53:16,6.24225500,-75.54629500,2.50,1606.734,23.766,0.000,,19,31,,
T,2023-02-23 20:53:17,6.24225500,-75.54629500,2.40,1606.734,23.766,0.000,,19,31,,
T,2023-02-23 20:53:18,6.24225500,-75.54629500,2.50,1606.734,23.766,0.000,,19,31,,
T,2023-02-23 20:53:19,6.24225500,-75.54629500,2.50,1606.734,23.766,0.000,,19,31,,
T,2023-02-23 20:53:20,6.24225500,-75.54629500,1.20,1606.734,23.766,0.000,,19,31,,
T,2023-02-23 20:53:21,6.24225500,-75.54629500,1.10,1606.734,23.766,0.000,,20,31,,
T,2023-02-23 20:53:22,6.24225500,-75.54629500,1.10,1606.734,23.766,0.000,,19,31,,
T,2023-02-23 20:53:23,6.24225500,-75.54629500,1.10,1606.734,23.766,0.000,,17,31,,
T,2023-02-23 20:53:24,6.24225500,-75.54629500,1.10,1606.734,23.766,0.000,,18,32,,
T,2023-02-23 20:53:25,6.24225500,-75.54629500,1.50,1606.734,23.766,0.000,,20,32,,
T,2023-02-23 20:53:26,6.24225500,-75.54629500,1.70,1606.734,23.766,0.000,,20,32,,
T,2023-02-23 20:53:27,6.24225500,-75.54629500,1.90,1606.734,23.766,0.000,,20,32,,
T,2023-02-23 20:53:28,6.24225500,-75.54629500,2.00,1606.734,23.766,0.000,,20,32,,
T,2023-02-23 20:53:29,6.24225500,-75.54629500,1.20,1606.734,23.766,0.000,,20,32,,
T,2023-02-23 20:53:30,6.24225500,-75.54629500,1.10,1606.734,23.766,0.000,,20,32,,
T,2023-02-23 20:53:31,6.24225500,-75.54629500,1.10,1606.734,23.766,0.000,,20,32,,
T,2023-02-23 20:53:32,6.24225500,-75.54629500,1.40,1606.734,23.766,0.000,,18,32,,
T,2023-02-23 20:53:33,6.24225500,-75.54629500,1.60,1606.734,23.766,0.000,,19,32,,
T,2023-02-23 20:53:34,6.24225500,-75.54629500,1.80,1606.734,23.766,0.000,,19,31,,
T,2023-02-23 20:53:35,6.24225500,-75.54629500,2.10,1606.734,23.766,0.000,,18,31,,
T,2023-02-23 20:53:36,6.24225500,-75.54629500,1.20,1606.734,23.766,0.000,,16,32,,
T,2023-02-23 20:53:37,6.24225500,-75.54629500,1.60,1606.734,23.766,0.000,,16,32,,
T,2023-02-23 20:53:38,6.24225500,-75.54629500,1.80,1606.734,23.766,0.000,,15,32,,
T,2023-02-23 20:53:39,6.24225500,-75.54629500,1.90,1606.734,23.766,0.000,,15,32,,
T,2023-02-23 20:53:40,6.24225500,-75.54629500,2.10,1606.734,23.766,0.000,,16,32,,
T,2023-02-23 20:53:41,6.24225500,-75.54629500,2.30,1606.734,23.766,0.000,,14,32,,
T,2023-02-23 20:53:42,6.24232667,-75.54636000,2.40,1605.434,23.766,1.570,291,15,32,,
T,2023-02-23 20:53:43,6.24234167,-75.54638500,2.50,1605.434,23.766,2.268,300,14,32,,
T,2023-02-23 20:53:44,6.24234833,-75.54639333,2.60,1605.434,23.766,2.228,307,15,32,,
T,2023-02-23 20:53:45,6.24235500,-75.54639667,2.70,1605.434,23.766,1.613,320,16,32,,
T,2023-02-23 20:53:46,6.24236167,-75.54639667,2.70,1605.434,23.766,1.103,332,16,31,,
T,2023-02-23 20:53:47,6.24235833,-75.54640167,2.70,1605.634,23.766,0.000,,17,32,,
T,2023-02-23 20:53:48,6.24236500,-75.54640667,2.70,1605.534,23.766,0.000,,14,32,,
T,2023-02-23 20:53:49,6.24237333,-75.54640833,2.80,1605.334,23.766,0.000,,14,32,,
T,2023-02-23 20:53:50,6.24237333,-75.54640833,2.90,1605.334,23.766,0.000,,15,32,,
T,2023-02-23 20:53:51,6.24237333,-75.54640833,3.00,1605.334,23.766,0.000,,14,32,,
T,2023-02-23 20:53:52,6.24237333,-75.54640833,3.10,1605.334,23.766,0.000,,12,32,,
T,2023-02-23 20:53:53,6.24237333,-75.54640833,3.10,1605.334,23.766,0.000,,10,32,,
T,2023-02-23 20:53:54,6.24237333,-75.54640833,3.10,1605.334,23.766,0.000,,10,32,,
T,2023-02-23 20:53:55,6.24237333,-75.54640833,3.30,1605.334,23.766,0.000,,8,32,,
T,2023-02-23 20:53:56,6.24237333,-75.54640833,3.40,1605.334,23.766,0.000,,9,32,,
T,2023-02-23 20:53:57,6.24236000,-75.54636000,3.50,1604.234,23.766,1.537,114,9,32,,
T,2023-02-23 20:53:58,6.24234667,-75.54635000,3.50,1604.334,23.766,1.450,120,9,32,,
T,2023-02-23 20:53:59,6.24233000,-75.54634500,3.50,1604.234,23.766,0.000,,9,32,,
T,2023-02-23 20:54:00,6.24233000,-75.54633667,3.50,1604.234,23.766,0.000,,9,32,,
T,2023-02-23 20:54:01,6.24233167,-75.54633500,3.40,1603.934,23.766,0.000,,9,32,,
T,2023-02-23 20:54:02,6.24233167,-75.54633500,3.40,1603.934,23.766,0.000,,10,32,,
T,2023-02-23 20:54:03,6.24233167,-75.54633500,3.30,1603.934,23.766,0.000,,11,32,,
T,2023-02-23 20:54:04,6.24233167,-75.54633500,3.20,1603.934,23.766,0.000,,12,32,,
T,2023-02-23 20:54:05,6.24233167,-75.54633500,3.30,1603.934,23.766,0.000,,11,32,,
T,2023-02-23 20:54:06,6.24233167,-75.54633500,3.40,1603.934,23.766,0.000,,9,32,,
T,2023-02-23 20:54:07,6.24233167,-75.54633500,3.50,1603.934,23.766,0.000,,7,32,,
T,2023-02-23 20:54:08,6.24233167,-75.54633500,3.80,1603.934,23.766,0.000,,5,32,,
T,2023-02-23 20:54:09,6.24233167,-75.54633500,4.10,1603.934,23.766,0.000,,5,31,,
T,2023-02-23 20:54:10,6.24233167,-75.54633500,4.50,1603.934,23.766,0.000,,4,31,,
T,2023-02-23 20:54:11,6.24232833,-75.54641333,24.50,1602.734,23.766,0.497,262,3,31,,
