type,date time,latitude,longitude,accuracy(m),altitude(m),geoid_height(m),speed(m/s),bearing(deg),sat_used,sat_inview,name,desc
T,2023-03-24 19:37:10,6.29379803,-75.56359988,3.79,1458.563,23.740,11.250,201,22,28,20230324-143710,GPS Logger: 20230324-143710 - Honda_cb160f_5
T,2023-03-24 19:37:11,6.29370144,-75.56364659,3.79,1456.171,23.741,12.050,201,26,28,,
T,2023-03-24 19:37:12,6.29359256,-75.56367821,3.79,1456.246,23.741,13.100,196,27,28,,
T,2023-03-24 19:37:13,6.29347990,-75.56370814,3.79,1454.899,23.742,13.330,191,27,28,,
T,2023-03-24 19:37:14,6.29336123,-75.56373590,3.79,1454.017,23.742,13.620,192,27,28,,
T,2023-03-24 19:37:15,6.29323971,-75.56376780,3.79,1453.548,23.743,14.050,195,27,28,,
T,2023-03-24 19:37:16,6.29311451,-75.56379918,3.79,1452.989,23.743,14.340,194,26,28,,
T,2023-03-24 19:37:17,6.29298775,-75.56382989,3.79,1452.560,23.743,14.620,193,26,28,,
T,2023-03-24 19:37:18,6.29285698,-75.56386164,3.79,1452.797,23.744,14.890,194,26,29,,
T,2023-03-24 19:37:19,6.29272453,-75.56389275,3.79,1452.461,23.744,15.040,193,25,28,,
T,2023-03-24 19:37:20,6.29259438,-75.56392148,3.79,1452.147,23.745,14.800,192,25,29,,
T,2023-03-24 19:37:21,6.29246431,-75.56395156,3.79,1452.540,23.745,14.940,192,25,29,,
T,2023-03-24 19:37:22,6.29233741,-75.56397871,3.79,1453.034,23.746,14.340,192,25,30,,
T,2023-03-24 19:37:23,6.29220990,-75.56401093,3.79,1453.164,23.746,14.450,195,25,30,,
T,2023-03-24 19:37:24,6.29208913,-75.56404086,3.79,1453.510,23.747,13.510,195,25,29,,
T,2023-03-24 19:37:25,6.29197177,-75.56407913,3.79,1453.404,23.747,13.680,200,25,29,,
T,2023-03-24 19:37:26,6.29185177,-75.56410140,3.79,1453.911,23.747,13.270,193,26,30,,
T,2023-03-24 19:37:27,6.29173770,-75.56413988,3.79,1453.547,23.748,13.610,198,26,30,,
T,2023-03-24 19:37:28,6.29162429,-75.56418659,3.79,1454.159,23.748,13.660,205,26,30,,
T,2023-03-24 19:37:29,6.29151988,-75.56424904,3.79,1455.014,23.749,13.490,213,25,30,,
T,2023-03-24 19:37:30,6.29142062,-75.56432553,3.79,1455.472,23.750,13.740,219,24,30,,
T,2023-03-24 19:37:31,6.29131796,-75.56439479,3.79,1456.309,23.750,13.570,214,24,30,,
T,2023-03-24 19:37:32,6.29122069,-75.56447427,3.79,1456.796,23.751,14.050,221,25,30,,
T,2023-03-24 19:37:33,6.29111958,-75.56455385,3.79,1457.084,23.752,14.190,220,26,30,,
T,2023-03-24 19:37:34,6.29101829,-75.56463278,3.79,1458.495,23.752,14.010,216,26,30,,
T,2023-03-24 19:37:35,6.29090841,-75.56470086,3.79,1461.069,23.753,14.410,212,26,30,,
T,2023-03-24 19:37:36,6.29080512,-75.56478455,3.79,1460.613,23.753,14.590,219,26,30,,
T,2023-03-24 19:37:37,6.29070094,-75.56486830,3.79,1461.301,23.754,14.940,220,26,29,,
T,2023-03-24 19:37:38,6.29059199,-75.56495482,3.79,1460.738,23.755,15.210,219,26,29,,
T,2023-03-24 19:37:39,6.29048375,-75.56503946,3.79,1461.511,23.755,15.180,219,24,30,,
T,2023-03-24 19:37:40,6.29037246,-75.56512712,3.79,1461.600,23.756,15.440,217,24,30,,
T,2023-03-24 19:37:41,6.29026417,-75.56521661,3.79,1461.417,23.757,15.520,219,25,30,,
T,2023-03-24 19:37:42,6.29015579,-75.56530202,3.79,1461.688,23.758,15.410,219,25,30,,
T,2023-03-24 19:37:43,6.29005472,-75.56539612,3.79,1462.335,23.758,15.610,221,25,30,,
T,2023-03-24 19:37:44,6.28994575,-75.56548195,3.79,1463.008,23.759,15.480,218,25,30,,
T,2023-03-24 19:37:45,6.28983624,-75.56557442,3.79,1463.012,23.760,15.600,219,24,30,,
T,2023-03-24 19:37:46,6.28972859,-75.56566220,3.79,1463.522,23.760,15.470,219,24,30,,
T,2023-03-24 19:37:47,6.28961707,-75.56575276,3.79,1464.080,23.761,15.630,219,24,30,,
T,2023-03-24 19:37:48,6.28950536,-75.56583966,3.79,1464.717,23.762,15.650,218,24,30,,
T,2023-03-24 19:37:49,6.28938957,-75.56592287,3.79,1465.229,23.763,15.530,216,23,30,,
T,2023-03-24 19:37:50,6.28927500,-75.56600458,3.79,1464.295,23.763,15.410,215,23,30,,
T,2023-03-24 19:37:51,6.28915003,-75.56605752,3.79,1465.369,23.764,15.420,201,26,30,,
T,2023-03-24 19:37:52,6.28902474,-75.56610893,3.79,1465.509,23.764,15.270,198,26,30,,
T,2023-03-24 19:37:53,6.28889070,-75.56614270,3.79,1465.944,23.765,15.270,192,26,30,,
T,2023-03-24 19:37:54,6.28875414,-75.56616611,3.79,1465.557,23.765,15.390,188,25,29,,
T,2023-03-24 19:37:55,6.28861621,-75.56618477,3.79,1465.555,23.766,15.530,185,25,29,,
T,2023-03-24 19:37:56,6.28847467,-75.56619568,3.79,1466.098,23.766,15.560,183,26,30,,
T,2023-03-24 19:37:57,6.28833797,-75.56621439,3.79,1466.537,23.766,15.390,188,26,30,,
T,2023-03-24 19:37:58,6.28819907,-75.56623203,3.79,1467.108,23.767,15.370,188,26,30,,
T,2023-03-24 19:37:59,6.28806476,-75.56624867,3.79,1467.640,23.767,15.090,186,26,30,,
T,2023-03-24 19:38:00,6.28793100,-75.56627210,3.79,1467.877,23.768,15.020,188,26,30,,
T,2023-03-24 19:38:01,6.28779588,-75.56629176,3.79,1468.360,23.768,14.960,189,26,30,,
T,2023-03-24 19:38:02,6.28766430,-75.56631433,3.79,1468.432,23.769,14.830,189,26,31,,
T,2023-03-24 19:38:03,6.28753101,-75.56633887,3.79,1468.367,23.769,15.030,192,26,31,,
T,2023-03-24 19:38:04,6.28740212,-75.56638146,3.79,1468.912,23.770,14.990,201,26,31,,
T,2023-03-24 19:38:05,6.28727777,-75.56643484,3.79,1469.107,23.770,14.950,208,26,31,,
T,2023-03-24 19:38:06,6.28716516,-75.56650974,3.79,1469.081,23.771,14.930,217,27,31,,
T,2023-03-24 19:38:07,6.28706568,-75.56659696,3.79,1468.602,23.771,14.680,224,27,31,,
T,2023-03-24 19:38:08,6.28696635,-75.56668892,3.79,1468.734,23.772,14.720,224,28,31,,
T,2023-03-24 19:38:09,6.28686824,-75.56677831,3.79,1468.844,23.773,14.780,222,28,31,,
T,2023-03-24 19:38:10,6.28677244,-75.56686582,3.79,1468.243,23.773,14.050,222,28,31,,
T,2023-03-24 19:38:11,6.28667340,-75.56695137,3.79,1468.676,23.774,14.840,222,28,31,,
T,2023-03-24 19:38:12,6.28657287,-75.56705997,3.79,1467.001,23.775,16.100,229,28,31,,
T,2023-03-24 19:38:13,6.28647805,-75.56715843,3.79,1467.969,23.776,15.460,227,28,31,,
T,2023-03-24 19:38:14,6.28637393,-75.56725740,3.79,1468.094,23.776,16.210,223,28,31,,
T,2023-03-24 19:38:15,6.28626304,-75.56736043,3.79,1468.711,23.777,16.500,222,28,31,,
T,2023-03-24 19:38:16,6.28615675,-75.56746141,3.79,1469.116,23.778,16.440,223,28,31,,
T,2023-03-24 19:38:17,6.28604267,-75.56756136,3.79,1469.398,23.779,17.220,221,26,31,,
T,2023-03-24 19:38:18,6.28592607,-75.56766486,3.79,1469.080,23.780,17.450,221,27,31,,
T,2023-03-24 19:38:19,6.28581168,-75.56777230,3.79,1468.714,23.780,17.910,222,26,31,,
T,2023-03-24 19:38:20,6.28569683,-75.56787830,3.79,1468.301,23.781,18.040,222,27,31,,
T,2023-03-24 19:38:21,6.28556828,-75.56798150,3.79,1468.366,23.782,18.510,219,27,31,,
T,2023-03-24 19:38:22,6.28543294,-75.56808451,3.79,1468.564,23.783,18.750,217,27,31,,
T,2023-03-24 19:38:23,6.28528796,-75.56817544,3.79,1468.439,23.784,19.010,210,28,31,,
T,2023-03-24 19:38:24,6.28513987,-75.56825235,3.79,1468.650,23.784,18.470,208,28,31,,
T,2023-03-24 19:38:25,6.28499461,-75.56831935,3.79,1468.672,23.785,17.670,204,27,31,,
T,2023-03-24 19:38:26,6.28485661,-75.56838821,3.79,1468.553,23.786,17.060,207,26,31,,
T,2023-03-24 19:38:27,6.28471958,-75.56846285,3.79,1467.672,23.786,16.980,207,25,31,,
T,2023-03-24 19:38:28,6.28457938,-75.56853216,3.79,1466.765,23.787,16.960,206,26,31,,
T,2023-03-24 19:38:29,6.28444108,-75.56859946,3.79,1466.106,23.788,16.980,206,24,31,,
T,2023-03-24 19:38:30,6.28430577,-75.56866826,3.79,1464.904,23.788,16.830,208,25,31,,
T,2023-03-24 19:38:31,6.28417335,-75.56874196,3.79,1463.777,23.789,16.720,210,27,31,,
T,2023-03-24 19:38:32,6.28404026,-75.56881283,3.79,1463.052,23.790,16.860,209,27,30,,
T,2023-03-24 19:38:33,6.28390531,-75.56888571,3.79,1462.598,23.791,17.210,209,27,30,,
T,2023-03-24 19:38:34,6.28376220,-75.56895854,3.79,1461.256,23.791,17.590,207,27,30,,
T,2023-03-24 19:38:35,6.28361508,-75.56902334,3.79,1460.728,23.792,17.890,202,27,30,,
T,2023-03-24 19:38:36,6.28345844,-75.56906959,3.79,1460.069,23.793,17.860,194,27,30,,
T,2023-03-24 19:38:37,6.28329653,-75.56909142,3.79,1459.014,23.793,17.860,187,25,30,,
T,2023-03-24 19:38:38,6.28313430,-75.56909818,3.79,1458.812,23.793,17.980,182,26,30,,
T,2023-03-24 19:38:39,6.28296624,-75.56909932,3.79,1458.428,23.794,18.440,179,26,30,,
T,2023-03-24 19:38:40,6.28279878,-75.56909331,3.79,1458.480,23.794,18.540,179,26,30,,
T,2023-03-24 19:38:41,6.28263239,-75.56908966,3.79,1458.628,23.795,18.540,179,26,29,,
T,2023-03-24 19:38:42,6.28246265,-75.56908482,3.79,1459.449,23.795,18.670,177,26,29,,
T,2023-03-24 19:38:43,6.28229494,-75.56908232,3.79,1459.694,23.795,18.220,179,26,29,,
T,2023-03-24 19:38:44,6.28213021,-75.56908050,3.79,1460.022,23.796,17.820,179,26,29,,
T,2023-03-24 19:38:45,6.28196942,-75.56907791,3.79,1460.203,23.796,17.390,179,26,30,,
T,2023-03-24 19:38:46,6.28181620,-75.56908051,3.79,1460.550,23.796,16.620,182,27,30,,
T,2023-03-24 19:38:47,6.28166766,-75.56908750,3.79,1460.550,23.797,16.130,184,27,31,,
T,2023-03-24 19:38:48,6.28152393,-75.56909720,3.79,1460.874,23.797,15.660,184,27,31,,
T,2023-03-24 19:38:49,6.28138310,-75.56911238,3.79,1460.628,23.797,15.660,188,28,31,,
T,2023-03-24 19:38:50,6.28124287,-75.56913101,3.79,1460.621,23.798,15.570,189,28,31,,
T,2023-03-24 19:38:51,6.28110644,-75.56915139,3.79,1460.807,23.798,15.270,188,29,31,,
T,2023-03-24 19:38:52,6.28097335,-75.56917083,3.79,1460.792,23.799,14.610,190,29,31,,
T,2023-03-24 19:38:53,6.28084962,-75.56919337,3.79,1460.524,23.799,13.200,191,29,31,,
T,2023-03-24 19:38:54,6.28073021,-75.56922013,3.79,1460.578,23.800,13.350,194,29,31,,
T,2023-03-24 19:38:55,6.28061366,-75.56924920,3.79,1460.237,23.800,12.770,195,29,31,,
T,2023-03-24 19:38:56,6.28049529,-75.56928518,3.79,1460.440,23.800,13.530,196,29,31,,
T,2023-03-24 19:38:57,6.28038530,-75.56932449,3.79,1460.421,23.801,13.240,200,27,31,,
T,2023-03-24 19:38:58,6.28028777,-75.56936941,3.79,1460.152,23.801,11.530,207,27,31,,
T,2023-03-24 19:38:59,6.28020891,-75.56941627,3.79,1460.240,23.802,9.650,215,27,31,,
T,2023-03-24 19:39:00,6.28013790,-75.56947150,3.79,1460.401,23.802,10.180,222,26,31,,
T,2023-03-24 19:39:01,6.28007763,-75.56952759,3.79,1460.254,23.803,9.060,225,26,31,,
T,2023-03-24 19:39:02,6.28000345,-75.56956741,3.79,1460.827,23.803,9.410,204,26,31,,
T,2023-03-24 19:39:03,6.27992290,-75.56961087,3.79,1460.724,23.803,10.570,207,26,31,,
T,2023-03-24 19:39:04,6.27983730,-75.56965297,3.79,1461.111,23.804,11.160,205,27,31,,
T,2023-03-24 19:39:05,6.27974260,-75.56969446,3.79,1460.694,23.804,11.860,203,27,31,,
T,2023-03-24 19:39:06,6.27965590,-75.56973989,3.79,1460.657,23.805,11.170,208,27,31,,
T,2023-03-24 19:39:07,6.27957059,-75.56978037,3.79,1461.320,23.805,10.180,205,27,31,,
T,2023-03-24 19:39:08,6.27948252,-75.56981799,3.79,1461.022,23.806,10.370,202,27,31,,
T,2023-03-24 19:39:09,6.27938951,-75.56985264,3.79,1461.604,23.806,11.180,201,27,31,,
T,2023-03-24 19:39:10,6.27928799,-75.56987947,3.79,1462.006,23.806,11.360,197,26,31,,
T,2023-03-24 19:39:11,6.27917945,-75.56990340,3.79,1462.101,23.807,12.200,193,26,31,,
T,2023-03-24 19:39:12,6.27907063,-75.56992809,3.79,1462.349,23.807,12.390,191,26,31,,
T,2023-03-24 19:39:13,6.27895649,-75.56995123,3.79,1462.349,23.807,12.840,192,26,31,,
T,2023-03-24 19:39:14,6.27884239,-75.56997455,3.79,1462.577,23.808,13.020,191,27,31,,
T,2023-03-24 19:39:15,6.27873035,-75.57000483,3.79,1462.955,23.808,13.260,196,27,31,,
T,2023-03-24 19:39:16,6.27861290,-75.57004075,3.79,1463.017,23.809,13.590,198,28,30,,
T,2023-03-24 19:39:17,6.27848949,-75.57008020,3.79,1462.835,23.809,13.860,197,28,30,,
T,2023-03-24 19:39:18,6.27836623,-75.57011240,3.79,1462.687,23.810,14.320,195,28,30,,
T,2023-03-24 19:39:19,6.27823404,-75.57014357,3.79,1462.591,23.810,14.680,194,28,30,,
T,2023-03-24 19:39:20,6.27810118,-75.57017505,3.79,1462.945,23.811,15.020,192,28,30,,
T,2023-03-24 19:39:21,6.27796531,-75.57020712,3.79,1462.761,23.811,15.270,193,28,30,,
T,2023-03-24 19:39:22,6.27782683,-75.57023901,3.79,1462.661,23.811,15.590,194,27,30,,
T,2023-03-24 19:39:23,6.27768771,-75.57027737,3.79,1462.483,23.812,15.820,194,26,30,,
T,2023-03-24 19:39:24,6.27755654,-75.57031360,3.79,1462.644,23.812,15.220,195,26,30,,
T,2023-03-24 19:39:25,6.27742788,-75.57034571,3.79,1462.874,23.813,14.390,196,26,30,,
T,2023-03-24 19:39:26,6.27731564,-75.57037583,3.79,1462.663,23.813,12.950,195,27,30,,
T,2023-03-24 19:39:27,6.27720301,-75.57040864,3.79,1462.877,23.814,13.150,197,26,30,,
T,2023-03-24 19:39:28,6.27709369,-75.57043555,3.79,1462.793,23.814,12.500,191,26,30,,
T,2023-03-24 19:39:29,6.27697979,-75.57045449,3.79,1462.512,23.815,12.580,190,26,30,,
T,2023-03-24 19:39:30,6.27686538,-75.57047333,3.79,1462.461,23.815,13.050,189,26,30,,
T,2023-03-24 19:39:31,6.27674733,-75.57049789,3.79,1462.627,23.815,13.590,196,26,30,,
T,2023-03-24 19:39:32,6.27662564,-75.57052930,3.79,1462.651,23.816,14.080,197,26,30,,
T,2023-03-24 19:39:33,6.27650046,-75.57056276,3.79,1462.719,23.816,14.230,197,26,30,,
T,2023-03-24 19:39:34,6.27637531,-75.57059992,3.79,1462.775,23.817,14.270,199,26,29,,
T,2023-03-24 19:39:35,6.27625873,-75.57063214,3.79,1462.702,23.817,13.390,195,26,29,,
T,2023-03-24 19:39:36,6.27614767,-75.57066509,3.79,1462.685,23.818,13.010,197,26,29,,
T,2023-03-24 19:39:37,6.27603918,-75.57068917,3.79,1462.418,23.818,12.390,197,26,29,,
T,2023-03-24 19:39:38,6.27595079,-75.57072672,3.79,1462.453,23.818,10.850,202,26,29,,
T,2023-03-24 19:39:39,6.27587200,-75.57077310,3.79,1463.231,23.819,10.350,211,25,29,,
T,2023-03-24 19:39:40,6.27583507,-75.57085545,3.79,1463.856,23.819,10.350,249,25,29,,
T,2023-03-24 19:39:41,6.27580625,-75.57094169,3.79,1464.026,23.820,10.590,255,25,30,,
T,2023-03-24 19:39:42,6.27579792,-75.57103793,3.79,1463.934,23.820,11.060,269,26,30,,
T,2023-03-24 19:39:43,6.27579395,-75.57113733,3.79,1464.629,23.821,11.170,268,26,30,,
T,2023-03-24 19:39:44,6.27578673,-75.57123585,3.79,1464.938,23.821,10.730,268,25,30,,
T,2023-03-24 19:39:45,6.27577153,-75.57132134,3.79,1464.508,23.822,9.580,256,25,30,,
T,2023-03-24 19:39:46,6.27574862,-75.57139959,3.79,1464.712,23.822,8.750,249,24,29,,
T,2023-03-24 19:39:47,6.27572061,-75.57146362,3.79,1465.070,23.823,7.880,243,24,29,,
T,2023-03-24 19:39:48,6.27569580,-75.57151480,3.79,1465.080,23.823,6.200,246,23,29,,
T,2023-03-24 19:39:49,6.27566811,-75.57157568,3.79,1464.980,23.823,7.300,241,24,29,,
T,2023-03-24 19:39:50,6.27561690,-75.57163376,3.79,1465.462,23.824,8.350,225,24,29,,
T,2023-03-24 19:39:51,6.27555396,-75.57168863,3.79,1465.725,23.824,9.260,221,23,29,,
T,2023-03-24 19:39:52,6.27547773,-75.57174517,3.79,1466.230,23.825,10.120,216,23,29,,
T,2023-03-24 19:39:53,6.27539105,-75.57179478,3.79,1466.840,23.825,10.480,210,23,29,,
T,2023-03-24 19:39:54,6.27529648,-75.57182972,3.79,1467.712,23.826,10.460,195,23,29,,
T,2023-03-24 19:39:55,6.27520356,-75.57185576,9.94,1468.254,23.826,10.710,196,23,29,,
T,2023-03-24 19:39:56,6.27510952,-75.57188579,9.94,1468.510,23.826,10.890,197,25,29,,
T,2023-03-24 19:39:57,6.27501496,-75.57188986,9.94,1468.698,23.827,10.940,179,26,29,,
T,2023-03-24 19:39:58,6.27491923,-75.57192140,9.94,1469.138,23.827,11.220,200,26,29,,
T,2023-03-24 19:39:59,6.27483313,-75.57196471,9.94,1469.074,23.827,10.770,213,26,29,,
T,2023-03-24 19:40:00,6.27476473,-75.57202001,9.94,1469.068,23.828,9.690,224,26,29,,
T,2023-03-24 19:40:01,6.27472430,-75.57208655,9.94,1468.724,23.828,8.640,249,26,29,,
T,2023-03-24 19:40:02,6.27471285,-75.57214846,9.94,1468.499,23.829,7.560,275,27,29,,
T,2023-03-24 19:40:03,6.27472065,-75.57221762,9.94,1468.586,23.829,8.310,285,27,29,,
T,2023-03-24 19:40:04,6.27473975,-75.57229546,9.94,1468.810,23.829,8.760,286,27,29,,
T,2023-03-24 19:40:05,6.27475600,-75.57237153,9.94,1468.914,23.830,8.370,281,27,29,,
T,2023-03-24 19:40:06,6.27477436,-75.57243765,9.94,1469.019,23.830,7.430,287,27,29,,
T,2023-03-24 19:40:07,6.27480437,-75.57249889,9.94,1469.338,23.830,7.150,301,27,29,,
T,2023-03-24 19:40:08,6.27484997,-75.57255500,9.94,1469.536,23.830,7.570,307,27,29,,
T,2023-03-24 19:40:09,6.27490396,-75.57259704,9.94,1469.779,23.830,7.570,322,26,29,,
T,2023-03-24 19:40:10,6.27496930,-75.57262127,9.94,1470.071,23.830,8.040,340,26,29,,
T,2023-03-24 19:40:11,6.27504347,-75.57262016,9.94,1470.117,23.830,8.580,4,25,29,,
T,2023-03-24 19:40:12,6.27512710,-75.57260181,9.94,1470.141,23.830,9.110,10,25,29,,
T,2023-03-24 19:40:13,6.27519616,-75.57257257,9.94,1470.425,23.830,8.020,22,26,30,,
T,2023-03-24 19:40:14,6.27525679,-75.57254200,9.94,1470.849,23.829,7.370,26,27,30,,
T,2023-03-24 19:40:15,6.27531545,-75.57251427,9.94,1470.589,23.829,6.720,27,27,30,,
T,2023-03-24 19:40:16,6.27536574,-75.57250557,9.94,1470.477,23.829,5.750,18,28,30,,
T,2023-03-24 19:40:17,6.27539531,-75.57249437,9.94,1470.252,23.829,3.920,20,27,30,,
T,2023-03-24 19:40:18,6.27543074,-75.57248441,9.94,1470.139,23.829,4.070,14,25,30,,
T,2023-03-24 19:40:19,6.27547684,-75.57246797,9.94,1470.179,23.828,5.330,22,26,30,,
T,2023-03-24 19:40:20,6.27551073,-75.57246363,9.94,1470.274,23.828,4.240,12,25,30,,
T,2023-03-24 19:40:21,6.27555731,-75.57244881,9.94,1470.349,23.828,5.280,18,24,30,,
T,2023-03-24 19:40:22,6.27560326,-75.57243871,9.94,1470.023,23.828,5.020,20,24,30,,
T,2023-03-24 19:40:23,6.27565992,-75.57242356,9.94,1470.012,23.828,6.430,17,23,30,,
T,2023-03-24 19:40:24,6.27572654,-75.57240037,9.94,1470.020,23.828,7.890,21,23,30,,
T,2023-03-24 19:40:25,6.27580330,-75.57236645,9.94,1470.092,23.827,9.320,26,22,30,,
T,2023-03-24 19:40:26,6.27588163,-75.57231785,9.94,1469.729,23.827,10.070,32,22,30,,
T,2023-03-24 19:40:27,6.27596065,-75.57227077,9.94,1469.507,23.826,10.050,36,24,30,,
T,2023-03-24 19:40:28,6.27603798,-75.57221198,9.94,1469.201,23.826,10.300,41,24,30,,
T,2023-03-24 19:40:29,6.27611567,-75.57214646,9.94,1468.879,23.825,11.250,45,25,30,,
T,2023-03-24 19:40:30,6.27620442,-75.57207349,9.94,1468.838,23.825,12.290,39,25,30,,
T,2023-03-24 19:40:31,6.27630172,-75.57201073,9.94,1468.307,23.824,12.780,29,26,30,,
T,2023-03-24 19:40:32,6.27642009,-75.57196668,9.94,1468.319,23.824,13.560,16,25,30,,
T,2023-03-24 19:40:33,6.27655546,-75.57195120,9.94,1468.394,23.823,14.070,5,24,30,,
T,2023-03-24 19:40:34,6.27667349,-75.57195319,9.94,1468.878,23.823,13.090,1,25,30,,
T,2023-03-24 19:40:35,6.27675890,-75.57196438,9.94,1469.491,23.823,10.330,349,28,30,,
T,2023-03-24 19:40:36,6.27682223,-75.57197695,9.94,1469.513,23.823,7.700,342,28,30,,
T,2023-03-24 19:40:37,6.27688538,-75.57200410,9.94,1469.343,23.823,7.910,340,28,30,,
T,2023-03-24 19:40:38,6.27696101,-75.57203933,9.94,1469.876,23.823,9.130,338,27,30,,
T,2023-03-24 19:40:39,6.27704422,-75.57208175,9.94,1469.818,23.823,10.040,330,26,30,,
T,2023-03-24 19:40:40,6.27711548,-75.57214577,9.94,1469.669,23.823,10.630,310,26,30,,
T,2023-03-24 19:40:41,6.27716028,-75.57224665,9.94,1469.727,23.823,11.170,294,26,30,,
T,2023-03-24 19:40:42,6.27718374,-75.57234426,9.94,1469.915,23.824,11.010,280,26,30,,
T,2023-03-24 19:40:43,6.27716932,-75.57244126,9.94,1469.971,23.824,10.580,261,26,30,,
T,2023-03-24 19:40:44,6.27713568,-75.57252354,9.94,1470.736,23.825,10.130,245,26,30,,
T,2023-03-24 19:40:45,6.27707352,-75.57260157,9.94,1470.547,23.825,10.370,227,27,30,,
T,2023-03-24 19:40:46,6.27699245,-75.57265368,9.94,1470.611,23.826,10.510,208,26,30,,
T,2023-03-24 19:40:47,6.27689678,-75.57268095,9.94,1470.785,23.826,10.950,199,25,30,,
T,2023-03-24 19:40:48,6.27678906,-75.57270422,9.94,1470.520,23.827,12.200,193,27,30,,
T,2023-03-24 19:40:49,6.27668579,-75.57273391,9.94,1470.716,23.827,12.380,199,25,30,,
T,2023-03-24 19:40:50,6.27657387,-75.57276540,9.94,1470.281,23.827,12.930,197,25,30,,
T,2023-03-24 19:40:51,6.27645519,-75.57279928,9.94,1469.957,23.828,13.260,194,25,30,,
T,2023-03-24 19:40:52,6.27633824,-75.57282451,9.94,1470.379,23.828,13.050,194,25,30,,
T,2023-03-24 19:40:53,6.27623770,-75.57285722,9.94,1469.626,23.829,10.800,196,26,30,,
T,2023-03-24 19:40:54,6.27615782,-75.57287666,9.94,1470.007,23.829,7.950,196,26,30,,
T,2023-03-24 19:40:55,6.27606845,-75.57290234,9.94,1470.109,23.829,9.640,195,26,30,,
T,2023-03-24 19:40:56,6.27597771,-75.57292902,9.94,1469.693,23.830,10.540,193,26,30,,
T,2023-03-24 19:40:57,6.27589431,-75.57296120,9.94,1470.013,23.830,10.080,201,26,30,,
T,2023-03-24 19:40:58,6.27582279,-75.57300338,9.94,1469.837,23.830,9.120,210,26,30,,
T,2023-03-24 19:40:59,6.27576243,-75.57304870,9.94,1469.784,23.831,8.360,217,26,30,,
T,2023-03-24 19:41:00,6.27572121,-75.57309513,9.94,1469.799,23.831,6.680,228,26,30,,
T,2023-03-24 19:41:01,6.27568549,-75.57313483,9.94,1469.509,23.831,5.950,229,26,30,,
T,2023-03-24 19:41:02,6.27566633,-75.57316766,9.94,1469.881,23.832,4.580,251,26,30,,
T,2023-03-24 19:41:03,6.27566419,-75.57318720,9.94,1470.157,23.832,2.490,244,27,29,,
T,2023-03-24 19:41:04,6.27565982,-75.57320414,9.94,1470.119,23.832,1.860,252,27,29,,
T,2023-03-24 19:41:05,6.27565614,-75.57321735,9.94,1470.212,23.832,1.450,278,27,29,,
T,2023-03-24 19:41:06,6.27566470,-75.57322592,9.94,1470.396,23.832,1.890,304,25,29,,
T,2023-03-24 19:41:07,6.27566860,-75.57323323,9.94,1470.617,23.832,0.920,304,25,29,,
T,2023-03-24 19:41:08,6.27567022,-75.57323903,9.94,1470.884,23.832,0.590,304,24,29,,
T,2023-03-24 19:41:09,6.27565697,-75.57325105,9.94,1471.472,23.832,2.650,218,24,29,,
T,2023-03-24 19:41:10,6.27563899,-75.57327468,9.94,1471.442,23.832,3.720,238,24,29,,
T,2023-03-24 19:41:11,6.27563085,-75.57329698,9.94,1471.183,23.832,2.150,252,24,29,,
T,2023-03-24 19:41:12,6.27562482,-75.57332581,9.94,1472.374,23.833,3.580,252,22,29,,
T,2023-03-24 19:41:13,6.27561895,-75.57335378,9.94,1473.758,23.833,2.980,250,23,30,,
T,2023-03-24 19:41:14,6.27561737,-75.57336754,9.94,1473.515,23.833,0.510,249,24,30,,
T,2023-03-24 19:41:15,6.27561718,-75.57337475,9.94,1473.751,23.833,0.690,249,24,30,,
T,2023-03-24 19:41:16,6.27561965,-75.57337667,9.94,1473.714,23.833,0.000,,23,30,,
T,2023-03-24 19:41:17,6.27562113,-75.57337673,9.94,1473.663,23.833,0.000,,23,30,,
T,2023-03-24 19:41:18,6.27562475,-75.57337412,9.94,1473.777,23.833,0.000,,25,30,,
T,2023-03-24 19:41:19,6.27562717,-75.57337354,9.94,1474.028,23.833,0.000,,25,30,,
T,2023-03-24 19:41:20,6.27562849,-75.57337270,9.94,1474.390,23.833,0.000,,23,30,,
T,2023-03-24 19:41:21,6.27562820,-75.57337316,9.94,1474.307,23.833,0.000,,23,30,,
T,2023-03-24 19:41:22,6.27562583,-75.57338310,9.94,1475.058,23.833,1.210,251,24,30,,
T,2023-03-24 19:41:23,6.27561991,-75.57339788,9.94,1475.008,23.833,1.590,243,24,30,,
T,2023-03-24 19:41:24,6.27560480,-75.57342578,9.94,1474.907,23.833,4.100,242,24,30,,
T,2023-03-24 19:41:25,6.27558560,-75.57347863,9.94,1474.376,23.833,6.070,255,24,30,,
T,2023-03-24 19:41:26,6.27556747,-75.57353028,9.94,1475.313,23.834,6.600,249,26,30,,
T,2023-03-24 19:41:27,6.27554077,-75.57359983,9.94,1475.549,23.834,9.120,247,26,30,,
T,2023-03-24 19:41:28,6.27550948,-75.57367535,9.94,1475.583,23.835,9.880,249,26,30,,
T,2023-03-24 19:41:29,6.27547140,-75.57375898,9.94,1475.807,23.835,10.880,246,26,30,,
T,2023-03-24 19:41:30,6.27544028,-75.57385432,9.94,1476.426,23.836,11.460,250,26,29,,
T,2023-03-24 19:41:31,6.27540782,-75.57395737,9.94,1477.442,23.836,12.010,249,26,29,,
T,2023-03-24 19:41:32,6.27537276,-75.57406451,9.94,1477.315,23.837,12.680,250,26,29,,
T,2023-03-24 19:41:33,6.27533399,-75.57417140,9.94,1478.506,23.838,13.120,252,26,30,,
T,2023-03-24 19:41:34,6.27529538,-75.57428466,9.94,1478.743,23.838,13.150,249,27,30,,
T,2023-03-24 19:41:35,6.27524732,-75.57440327,9.94,1478.898,23.839,13.690,251,27,30,,
T,2023-03-24 19:41:36,6.27519900,-75.57452475,9.94,1478.907,23.840,14.160,252,25,30,,
T,2023-03-24 19:41:37,6.27515506,-75.57464843,9.94,1479.714,23.841,14.480,252,25,30,,
T,2023-03-24 19:41:38,6.27510447,-75.57477441,9.94,1480.001,23.841,14.870,252,25,30,,
T,2023-03-24 19:41:39,6.27505383,-75.57489935,9.94,1481.371,23.842,15.090,252,25,30,,
T,2023-03-24 19:41:40,6.27501192,-75.57503486,9.94,1482.056,23.843,15.300,254,25,30,,
T,2023-03-24 19:41:41,6.27496543,-75.57516812,9.94,1483.104,23.844,15.680,253,26,30,,
T,2023-03-24 19:41:42,6.27491683,-75.57530268,9.94,1483.723,23.844,15.920,253,27,30,,
T,2023-03-24 19:41:43,6.27486270,-75.57543505,9.94,1484.091,23.845,15.980,249,27,30,,
T,2023-03-24 19:41:44,6.27480981,-75.57556792,9.94,1484.403,23.846,16.060,249,27,29,,
T,2023-03-24 19:41:45,6.27475598,-75.57570608,9.94,1484.281,23.847,16.160,250,27,29,,
T,2023-03-24 19:41:46,6.27470841,-75.57584476,9.94,1485.246,23.848,16.200,254,27,29,,
T,2023-03-24 19:41:47,6.27466862,-75.57598120,9.94,1485.612,23.849,15.960,255,25,29,,
T,2023-03-24 19:41:48,6.27461589,-75.57611493,9.94,1486.326,23.849,15.890,253,25,29,,
T,2023-03-24 19:41:49,6.27456460,-75.57624873,9.94,1487.003,23.850,15.890,252,25,29,,
T,2023-03-24 19:41:50,6.27451813,-75.57638520,9.94,1487.074,23.851,15.830,251,25,29,,
T,2023-03-24 19:41:51,6.27447392,-75.57652148,9.94,1487.088,23.852,15.780,252,25,29,,
T,2023-03-24 19:41:52,6.27442528,-75.57665727,9.94,1487.442,23.853,15.770,252,26,29,,
T,2023-03-24 19:41:53,6.27437265,-75.57679058,9.94,1487.831,23.853,15.760,250,27,29,,
T,2023-03-24 19:41:54,6.27432412,-75.57692361,9.94,1488.464,23.854,15.720,251,27,29,,
T,2023-03-24 19:41:55,6.27427360,-75.57705823,9.94,1488.698,23.855,15.830,250,27,29,,
T,2023-03-24 19:41:56,6.27422434,-75.57719203,9.94,1488.836,23.856,15.840,251,27,29,,
T,2023-03-24 19:41:57,6.27417278,-75.57732648,9.94,1489.374,23.857,15.870,250,27,29,,
T,2023-03-24 19:41:58,6.27412717,-75.57746502,9.94,1490.440,23.858,15.780,252,27,29,,
T,2023-03-24 19:41:59,6.27407971,-75.57760098,9.94,1490.760,23.858,15.690,254,27,29,,
T,2023-03-24 19:42:00,6.27403287,-75.57772056,9.94,1491.666,23.859,14.290,254,27,29,,
T,2023-03-24 19:42:01,6.27399572,-75.57782353,9.94,1492.263,23.860,12.220,253,27,29,,
T,2023-03-24 19:42:02,6.27396842,-75.57791747,9.94,1492.580,23.860,11.060,254,27,29,,
T,2023-03-24 19:42:03,6.27393107,-75.57800032,9.94,1492.542,23.861,10.200,254,27,29,,
T,2023-03-24 19:42:04,6.27389407,-75.57809027,9.94,1492.695,23.861,10.380,258,27,29,,
T,2023-03-24 19:42:05,6.27386891,-75.57816399,9.94,1493.571,23.862,9.160,255,27,29,,
T,2023-03-24 19:42:06,6.27384763,-75.57822616,9.94,1493.260,23.862,7.410,260,27,29,,
T,2023-03-24 19:42:07,6.27383375,-75.57827375,9.94,1493.302,23.862,5.540,260,27,29,,
T,2023-03-24 19:42:08,6.27382301,-75.57830430,9.94,1493.783,23.863,3.870,263,26,29,,
T,2023-03-24 19:42:09,6.27381947,-75.57831532,9.94,1494.161,23.863,1.720,259,26,29,,
T,2023-03-24 19:42:10,6.27381855,-75.57831631,9.94,1494.214,23.863,0.000,,25,28,,
T,2023-03-24 19:42:11,6.27381511,-75.57831422,9.94,1494.561,23.863,0.220,255,24,28,,
T,2023-03-24 19:42:12,6.27380627,-75.57832460,9.94,1494.229,23.863,2.160,259,24,28,,
T,2023-03-24 19:42:13,6.27379915,-75.57835733,9.94,1494.639,23.863,4.460,258,24,28,,
T,2023-03-24 19:42:14,6.27380011,-75.57839300,9.94,1494.766,23.863,4.740,277,24,28,,
T,2023-03-24 19:42:15,6.27381697,-75.57845552,9.94,1495.007,23.863,7.660,284,22,28,,
T,2023-03-24 19:42:16,6.27381755,-75.57851159,9.94,1495.229,23.864,6.770,274,22,28,,
T,2023-03-24 19:42:17,6.27374931,-75.57857147,9.94,1496.450,23.864,8.190,236,23,28,,
T,2023-03-24 19:42:18,6.27369539,-75.57864053,9.94,1497.472,23.865,9.420,226,22,28,,
T,2023-03-24 19:42:19,6.27365724,-75.57871874,9.94,1498.410,23.865,10.000,242,22,29,,
T,2023-03-24 19:42:20,6.27362947,-75.57880559,9.94,1499.386,23.866,10.280,259,24,29,,
T,2023-03-24 19:42:21,6.27360295,-75.57889581,9.94,1499.669,23.866,10.530,255,25,29,,
T,2023-03-24 19:42:22,6.27357974,-75.57899038,9.94,1500.191,23.867,10.910,257,25,29,,
T,2023-03-24 19:42:23,6.27356889,-75.57908091,9.94,1500.683,23.867,10.230,260,25,29,,
T,2023-03-24 19:42:24,6.27356390,-75.57916085,9.94,1500.834,23.868,8.590,264,26,29,,
T,2023-03-24 19:42:25,6.27355579,-75.57923806,9.94,1501.190,23.868,8.250,264,26,29,,
T,2023-03-24 19:42:26,6.27355387,-75.57930527,9.94,1501.807,23.868,7.360,269,26,29,,
T,2023-03-24 19:42:27,6.27354951,-75.57936788,9.94,1502.044,23.869,7.050,263,26,29,,
T,2023-03-24 19:42:28,6.27354548,-75.57942684,9.94,1501.501,23.869,6.500,271,26,29,,
T,2023-03-24 19:42:29,6.27354488,-75.57947810,9.94,1501.440,23.869,5.890,268,25,29,,
T,2023-03-24 19:42:30,6.27354471,-75.57953722,9.94,1501.383,23.870,5.950,279,25,29,,
T,2023-03-24 19:42:31,6.27354825,-75.57959040,9.94,1501.756,23.870,5.720,271,25,29,,
T,2023-03-24 19:42:32,6.27355067,-75.57962458,9.94,1502.062,23.870,3.830,282,25,29,,
T,2023-03-24 19:42:33,6.27355107,-75.57964821,9.94,1501.516,23.870,2.410,282,25,29,,
T,2023-03-24 19:42:34,6.27355668,-75.57966568,9.94,1501.778,23.870,2.220,287,24,29,,
T,2023-03-24 19:42:35,6.27355927,-75.57969970,9.94,1501.708,23.870,3.610,274,24,29,,
T,2023-03-24 19:42:36,6.27356741,-75.57973764,9.94,1501.518,23.871,4.200,280,24,29,,
T,2023-03-24 19:42:37,6.27359508,-75.57978635,9.94,1501.612,23.871,6.020,297,25,29,,
T,2023-03-24 19:42:38,6.27361650,-75.57985123,9.94,1501.901,23.871,7.370,287,26,29,,
T,2023-03-24 19:42:39,6.27363176,-75.57992737,9.94,1501.718,23.871,8.700,278,26,29,,
T,2023-03-24 19:42:40,6.27364031,-75.58001406,9.94,1502.205,23.872,9.680,277,26,29,,
T,2023-03-24 19:42:41,6.27364349,-75.58010908,9.94,1502.345,23.872,10.640,272,26,28,,
T,2023-03-24 19:42:42,6.27365073,-75.58021667,9.94,1502.886,23.873,11.670,272,25,28,,
T,2023-03-24 19:42:43,6.27366206,-75.58032556,9.94,1503.124,23.873,12.300,274,25,28,,
T,2023-03-24 19:42:44,6.27366894,-75.58043652,9.94,1503.608,23.874,12.570,273,25,28,,
T,2023-03-24 19:42:45,6.27367234,-75.58054898,9.94,1504.857,23.875,12.790,273,25,28,,
T,2023-03-24 19:42:46,6.27368129,-75.58066829,9.94,1505.589,23.875,13.260,272,24,29,,
T,2023-03-24 19:42:47,6.27368629,-75.58079158,9.94,1506.086,23.876,13.650,270,24,29,,
T,2023-03-24 19:42:48,6.27368771,-75.58091821,9.94,1505.910,23.876,13.900,270,23,29,,
T,2023-03-24 19:42:49,6.27369687,-75.58103514,9.94,1506.147,23.877,13.130,274,23,29,,
T,2023-03-24 19:42:50,6.27370363,-75.58113352,9.94,1507.203,23.878,11.380,272,23,29,,
T,2023-03-24 19:42:51,6.27371074,-75.58122521,9.94,1507.235,23.878,10.230,275,23,29,,
T,2023-03-24 19:42:52,6.27372049,-75.58131606,9.94,1507.100,23.878,10.100,274,23,29,,
T,2023-03-24 19:42:53,6.27372782,-75.58140534,9.94,1506.438,23.879,9.660,269,22,29,,
T,2023-03-24 19:42:54,6.27373200,-75.58149112,9.94,1506.358,23.879,9.590,275,21,29,,
T,2023-03-24 19:42:55,6.27373886,-75.58155571,9.94,1506.902,23.880,7.270,278,21,29,,
T,2023-03-24 19:42:56,6.27373750,-75.58160830,9.94,1507.483,23.880,5.740,276,22,29,,
T,2023-03-24 19:42:57,6.27373603,-75.58166130,9.94,1508.469,23.880,5.700,275,25,29,,
T,2023-03-24 19:42:58,6.27373598,-75.58171826,9.94,1508.358,23.881,6.130,272,25,29,,
T,2023-03-24 19:42:59,6.27374640,-75.58178351,9.94,1508.385,23.881,7.250,277,25,29,,
T,2023-03-24 19:43:00,6.27375456,-75.58185740,9.94,1508.965,23.881,8.240,280,24,29,,
T,2023-03-24 19:43:01,6.27376864,-75.58192484,9.94,1508.566,23.882,7.600,289,24,28,,
T,2023-03-24 19:43:02,6.27379593,-75.58198415,9.94,1508.572,23.882,7.160,299,23,28,,
T,2023-03-24 19:43:03,6.27384684,-75.58202818,9.94,1509.021,23.882,7.620,327,25,28,,
T,2023-03-24 19:43:04,6.27390667,-75.58205941,9.94,1509.127,23.882,8.170,338,25,28,,
T,2023-03-24 19:43:05,6.27398150,-75.58207288,9.94,1509.536,23.882,8.590,343,25,28,,
T,2023-03-24 19:43:06,6.27406040,-75.58209604,9.94,1510.645,23.882,8.970,343,24,28,,
T,2023-03-24 19:43:07,6.27414026,-75.58212384,9.94,1511.281,23.882,9.270,339,23,28,,
T,2023-03-24 19:43:08,6.27421385,-75.58214986,9.94,1511.531,23.882,9.110,339,24,28,,
T,2023-03-24 19:43:09,6.27428782,-75.58218212,9.94,1511.551,23.882,9.330,338,25,28,,
T,2023-03-24 19:43:10,6.27436639,-75.58221521,9.94,1511.515,23.882,9.370,340,25,28,,
T,2023-03-24 19:43:11,6.27444320,-75.58224649,9.94,1511.645,23.882,8.950,338,25,28,,
T,2023-03-24 19:43:12,6.27450509,-75.58226478,9.94,1512.118,23.882,7.130,353,26,28,,
T,2023-03-24 19:43:13,6.27455070,-75.58226957,9.94,1512.582,23.882,4.860,360,26,28,,
T,2023-03-24 19:43:14,6.27459539,-75.58227266,9.94,1512.735,23.881,4.830,353,24,28,,
T,2023-03-24 19:43:15,6.27464063,-75.58228616,9.94,1514.277,23.881,5.400,336,22,28,,
T,2023-03-24 19:43:16,6.27469321,-75.58230743,9.94,1514.605,23.881,6.210,337,22,28,,
T,2023-03-24 19:43:17,6.27475289,-75.58233175,9.94,1514.891,23.881,7.100,335,23,28,,
T,2023-03-24 19:43:18,6.27481907,-75.58237009,9.94,1514.542,23.881,8.200,333,22,29,,
T,2023-03-24 19:43:19,6.27487308,-75.58240213,9.94,1515.588,23.881,6.690,334,24,29,,
T,2023-03-24 19:43:20,6.27491221,-75.58242594,9.94,1516.100,23.881,5.550,330,24,29,,
T,2023-03-24 19:43:21,6.27495151,-75.58245052,9.94,1515.940,23.882,5.330,327,24,29,,
T,2023-03-24 19:43:22,6.27494992,-75.58250354,10.06,1516.413,23.882,5.610,271,24,28,,
T,2023-03-24 19:43:23,6.27496013,-75.58254663,10.00,1516.349,23.882,4.470,275,24,28,,
T,2023-03-24 19:43:24,6.27496123,-75.58257834,9.94,1517.561,23.882,5.010,269,25,28,,
T,2023-03-24 19:43:25,6.27495162,-75.58262489,9.94,1518.682,23.882,5.780,258,23,28,,
T,2023-03-24 19:43:26,6.27492667,-75.58267655,10.12,1519.292,23.883,5.910,245,21,28,,
T,2023-03-24 19:43:27,6.27490437,-75.58272935,10.59,1520.081,23.883,6.150,246,21,28,,
T,2023-03-24 19:43:28,6.27487247,-75.58277747,10.47,1520.860,23.883,5.840,241,21,28,,
T,2023-03-24 19:43:29,6.27484590,-75.58284300,10.58,1520.878,23.884,7.390,248,19,28,,
T,2023-03-24 19:43:30,6.27483536,-75.58290552,10.87,1521.160,23.884,6.740,251,14,28,,
T,2023-03-24 19:43:31,6.27493124,-75.58296196,10.21,1521.052,23.884,6.820,295,15,28,,
T,2023-03-24 19:43:32,6.27495046,-75.58301236,10.09,1521.521,23.884,6.740,294,18,28,,
T,2023-03-24 19:43:33,6.27498135,-75.58306562,10.23,1521.938,23.885,7.040,294,18,28,,
T,2023-03-24 19:43:34,6.27501348,-75.58313518,10.33,1522.318,23.885,7.640,298,17,28,,
T,2023-03-24 19:43:35,6.27505488,-75.58321415,10.69,1522.939,23.885,8.920,300,20,27,,
T,2023-03-24 19:43:36,6.27509900,-75.58331197,10.08,1523.918,23.886,9.960,292,21,27,,
T,2023-03-24 19:43:37,6.27514159,-75.58339371,10.13,1523.072,23.886,10.850,293,21,26,,
T,2023-03-24 19:43:38,6.27516865,-75.58348811,9.94,1523.797,23.886,11.270,294,21,25,,
T,2023-03-24 19:43:39,6.27519838,-75.58357282,9.94,1524.463,23.887,10.000,292,21,26,,
T,2023-03-24 19:43:40,6.27523572,-75.58364001,9.94,1526.230,23.887,9.400,298,21,26,,
T,2023-03-24 19:43:41,6.27528455,-75.58372020,9.94,1526.427,23.887,10.060,300,20,26,,
T,2023-03-24 19:43:42,6.27533070,-75.58380729,9.94,1526.227,23.888,10.540,297,22,26,,
T,2023-03-24 19:43:43,6.27537558,-75.58389131,9.94,1527.072,23.888,10.500,296,22,26,,
T,2023-03-24 19:43:44,6.27542455,-75.58397827,9.94,1526.978,23.888,10.770,298,20,26,,
T,2023-03-24 19:43:45,6.27546664,-75.58405413,9.94,1527.250,23.889,9.210,302,20,26,,
T,2023-03-24 19:43:46,6.27550889,-75.58413330,9.94,1527.986,23.889,8.960,303,20,26,,
T,2023-03-24 19:43:47,6.27555289,-75.58420107,9.94,1530.044,23.889,9.030,304,23,26,,
T,2023-03-24 19:43:48,6.27559565,-75.58427267,9.94,1530.075,23.890,9.360,300,24,26,,
T,2023-03-24 19:43:49,6.27563994,-75.58434458,10.47,1530.412,23.890,9.410,301,21,26,,
T,2023-03-24 19:43:50,6.27568659,-75.58442064,11.49,1530.399,23.890,9.640,301,21,26,,
T,2023-03-24 19:43:51,6.27569175,-75.58450899,10.19,1532.138,23.891,9.180,289,21,26,,
T,2023-03-24 19:43:52,6.27571801,-75.58458749,9.94,1532.680,23.891,9.960,287,21,25,,
T,2023-03-24 19:43:53,6.27574974,-75.58467386,10.01,1533.612,23.891,10.150,288,19,25,,
T,2023-03-24 19:43:54,6.27577586,-75.58476956,9.96,1533.564,23.892,11.020,286,17,25,,
T,2023-03-24 19:43:55,6.27580217,-75.58487625,9.94,1533.695,23.892,11.450,285,21,25,,
T,2023-03-24 19:43:56,6.27583041,-75.58497239,9.95,1533.867,23.893,11.340,286,21,26,,
T,2023-03-24 19:43:57,6.27585821,-75.58506977,9.94,1536.414,23.893,11.300,288,22,26,,
T,2023-03-24 19:43:58,6.27587895,-75.58516489,9.94,1537.652,23.894,10.600,286,22,26,,
T,2023-03-24 19:43:59,6.27589796,-75.58525545,9.94,1538.879,23.894,10.250,285,23,26,,
T,2023-03-24 19:44:00,6.27591783,-75.58535134,10.19,1539.022,23.894,10.400,286,22,26,,
T,2023-03-24 19:44:01,6.27593585,-75.58544006,10.46,1538.787,23.895,10.080,283,21,26,,
T,2023-03-24 19:44:02,6.27593729,-75.58552457,10.30,1540.385,23.895,9.800,284,21,26,,
T,2023-03-24 19:44:03,6.27594902,-75.58559983,9.94,1542.176,23.896,9.270,284,21,26,,
T,2023-03-24 19:44:04,6.27597769,-75.58567772,9.94,1542.790,23.896,9.160,290,21,26,,
T,2023-03-24 19:44:05,6.27600459,-75.58574050,9.94,1543.858,23.896,7.810,297,20,26,,
T,2023-03-24 19:44:06,6.27602891,-75.58579229,9.94,1543.634,23.896,5.760,303,20,26,,
T,2023-03-24 19:44:07,6.27607330,-75.58584264,9.94,1545.378,23.897,7.350,308,21,26,,
T,2023-03-24 19:44:08,6.27612238,-75.58590163,9.94,1545.736,23.897,8.340,307,22,26,,
T,2023-03-24 19:44:09,6.27617395,-75.58596695,9.94,1545.668,23.897,9.110,306,21,26,,
T,2023-03-24 19:44:10,6.27622087,-75.58603747,9.94,1546.024,23.897,9.700,303,22,26,,
T,2023-03-24 19:44:11,6.27626375,-75.58611189,9.94,1546.760,23.898,9.400,302,24,26,,
T,2023-03-24 19:44:12,6.27629831,-75.58618519,9.94,1546.550,23.898,9.180,298,24,26,,
T,2023-03-24 19:44:13,6.27632822,-75.58625688,9.94,1546.480,23.898,8.690,297,24,26,,
T,2023-03-24 19:44:14,6.27635596,-75.58632361,9.94,1547.127,23.898,8.190,296,24,26,,
T,2023-03-24 19:44:15,6.27637560,-75.58638698,9.94,1547.567,23.899,7.300,292,24,26,,
T,2023-03-24 19:44:16,6.27638799,-75.58643429,9.94,1548.469,23.899,5.630,289,25,26,,
T,2023-03-24 19:44:17,6.27639345,-75.58646936,9.94,1548.432,23.899,3.790,278,23,26,,
T,2023-03-24 19:44:18,6.27639311,-75.58649627,9.94,1548.039,23.899,2.770,259,23,26,,
T,2023-03-24 19:44:19,6.27636527,-75.58652085,9.94,1549.130,23.899,3.920,215,23,26,,
T,2023-03-24 19:44:20,6.27632770,-75.58653259,9.94,1549.489,23.900,4.180,197,22,26,,
T,2023-03-24 19:44:21,6.27628302,-75.58653977,9.94,1549.782,23.900,4.860,198,20,26,,
T,2023-03-24 19:44:22,6.27624183,-75.58655308,9.94,1549.359,23.900,4.680,210,21,26,,
T,2023-03-24 19:44:23,6.27620338,-75.58656827,9.94,1549.395,23.900,4.390,205,23,26,,
T,2023-03-24 19:44:24,6.27616895,-75.58658358,9.94,1548.939,23.900,4.040,211,23,26,,
T,2023-03-24 19:44:25,6.27614517,-75.58659099,9.94,1549.242,23.900,2.480,207,23,26,,
T,2023-03-24 19:44:26,6.27614380,-75.58658791,9.94,1549.494,23.900,0.160,202,23,26,,
T,2023-03-24 19:44:27,6.27614846,-75.58658438,9.94,1549.342,23.900,0.000,,24,26,,
T,2023-03-24 19:44:28,6.27614988,-75.58658373,9.94,1549.161,23.900,0.000,,25,26,,
T,2023-03-24 19:44:29,6.27614980,-75.58658377,9.94,1549.307,23.900,0.000,,23,26,,
T,2023-03-24 19:44:30,6.27614849,-75.58658447,9.94,1549.581,23.900,0.000,,23,26,,
T,2023-03-24 19:44:31,6.27614772,-75.58658554,9.94,1549.634,23.900,0.000,,23,26,,
T,2023-03-24 19:44:32,6.27614824,-75.58658654,9.94,1549.549,23.900,0.000,,23,26,,
T,2023-03-24 19:44:33,6.27614872,-75.58658601,9.94,1549.480,23.900,0.000,,23,26,,
T,2023-03-24 19:44:34,6.27614953,-75.58658550,9.94,1549.315,23.900,0.000,,23,26,,
T,2023-03-24 19:44:35,6.27614892,-75.58658524,9.94,1549.457,23.900,0.000,,24,26,,
T,2023-03-24 19:44:36,6.27614899,-75.58658526,9.94,1549.310,23.900,0.000,,24,26,,
T,2023-03-24 19:44:37,6.27614859,-75.58658432,9.94,1549.450,23.900,0.000,,24,26,,
T,2023-03-24 19:44:38,6.27612717,-75.58658839,9.94,1549.342,23.900,3.170,195,24,26,,
T,2023-03-24 19:44:39,6.27609418,-75.58659686,9.94,1549.637,23.900,4.320,199,24,26,,
T,2023-03-24 19:44:40,6.27606510,-75.58660032,9.94,1550.063,23.901,2.960,187,24,26,,
T,2023-03-24 19:44:41,6.27603331,-75.58659172,9.94,1550.291,23.901,4.110,165,22,25,,
T,2023-03-24 19:44:42,6.27600264,-75.58658122,9.94,1549.712,23.901,3.430,166,23,25,,
T,2023-03-24 19:44:43,6.27598883,-75.58657281,9.94,1549.738,23.901,1.750,143,22,25,,
T,2023-03-24 19:44:44,6.27598704,-75.58655516,9.94,1549.489,23.900,2.150,97,21,25,,
T,2023-03-24 19:44:45,6.27598691,-75.58653692,9.94,1550.158,23.900,1.900,98,20,25,,
T,2023-03-24 19:44:46,6.27598616,-75.58651016,9.94,1549.692,23.900,3.530,95,19,25,,
T,2023-03-24 19:44:47,6.27598434,-75.58647949,9.94,1549.919,23.900,3.550,96,20,25,,
T,2023-03-24 19:44:48,6.27598173,-75.58645837,9.94,1549.681,23.900,2.270,101,20,26,,
T,2023-03-24 19:44:49,6.27598536,-75.58644779,9.94,1549.020,23.900,1.200,75,20,25,,
T,2023-03-24 19:44:50,6.27599032,-75.58644411,9.94,1548.896,23.900,0.660,43,21,25,,
T,2023-03-24 19:44:51,6.27599172,-75.58644741,9.94,1548.719,23.900,0.000,,20,25,,
T,2023-03-24 19:44:52,6.27599242,-75.58644704,9.94,1549.372,23.900,0.360,124,20,25,,
T,2023-03-24 19:44:53,6.27599034,-75.58644983,9.94,1549.471,23.900,0.000,,19,25,,
T,2023-03-24 19:44:54,6.27598949,-75.58644983,9.94,1549.401,23.900,0.000,,19,25,,
T,2023-03-24 19:44:55,6.27598970,-75.58645041,9.94,1549.341,23.900,0.000,,18,25,,
T,2023-03-24 19:44:56,6.27599045,-75.58644957,9.94,1549.617,23.900,0.000,,18,25,,
T,2023-03-24 19:44:57,6.27599244,-75.58644985,9.94,1549.647,23.900,0.000,,19,25,,
T,2023-03-24 19:44:58,6.27599377,-75.58644934,9.94,1549.549,23.900,0.000,,20,25,,
T,2023-03-24 19:44:59,6.27599554,-75.58644946,9.94,1549.862,23.900,0.000,,21,25,,
T,2023-03-24 19:45:00,6.27599852,-75.58645069,9.94,1550.057,23.900,0.000,,20,25,,
T,2023-03-24 19:45:01,6.27600102,-75.58645161,9.94,1549.697,23.900,0.000,,20,25,,
T,2023-03-24 19:45:02,6.27600169,-75.58645214,9.94,1549.666,23.900,0.000,,20,25,,
T,2023-03-24 19:45:03,6.27600226,-75.58645180,9.94,1549.518,23.900,0.000,,20,25,,
T,2023-03-24 19:45:04,6.27600085,-75.58645106,9.94,1549.249,23.900,0.000,,19,25,,
T,2023-03-24 19:45:05,6.27599960,-75.58645050,9.94,1549.002,23.900,0.000,,17,25,,
T,2023-03-24 19:45:06,6.27598662,-75.58645096,9.94,1546.791,23.900,1.340,188,17,25,,
T,2023-03-24 19:45:07,6.27597818,-75.58645109,9.94,1546.967,23.900,0.660,186,17,25,,
T,2023-03-24 19:45:08,6.27596212,-75.58644382,9.94,1546.310,23.900,2.320,159,17,23,,
T,2023-03-24 19:45:09,6.27594848,-75.58643459,10.14,1546.130,23.900,1.380,152,18,23,,
T,2023-03-24 19:45:10,6.27594505,-75.58643440,10.34,1546.550,23.900,0.490,165,18,23,,
T,2023-03-24 19:45:11,6.27594636,-75.58643687,10.40,1547.133,23.900,0.000,,17,23,,
T,2023-03-24 19:45:12,6.27594794,-75.58644057,10.33,1547.398,23.900,0.000,,17,23,,
T,2023-03-24 19:45:13,6.27593668,-75.58644093,10.40,1548.183,23.900,0.590,135,17,23,,
T,2023-03-24 19:45:14,6.27592211,-75.58642395,10.37,1549.386,23.900,2.180,111,16,23,,
T,2023-03-24 19:45:15,6.27591200,-75.58641018,10.38,1550.167,23.900,0.910,101,14,23,,
T,2023-03-24 19:45:16,6.27590305,-75.58639389,10.58,1550.462,23.900,1.370,100,14,23,,
T,2023-03-24 19:45:17,6.27589427,-75.58637729,10.76,1551.622,23.900,1.400,102,15,22,,
T,2023-03-24 19:45:18,6.27589024,-75.58636556,10.88,1552.058,23.900,1.010,93,16,22,,
T,2023-03-24 19:45:19,6.27588953,-75.58636507,10.98,1553.643,23.900,0.380,88,16,22,,
T,2023-03-24 19:45:20,6.27588624,-75.58635114,11.07,1553.699,23.900,0.910,98,16,22,,
T,2023-03-24 19:45:21,6.27588832,-75.58634300,11.19,1554.015,23.900,0.750,84,17,22,,
T,2023-03-24 19:45:22,6.27588942,-75.58633451,11.47,1554.160,23.900,0.780,82,16,22,,
T,2023-03-24 19:45:23,6.27588986,-75.58633510,11.36,1553.761,23.900,0.350,84,16,22,,
T,2023-03-24 19:45:24,6.27589022,-75.58633774,11.52,1553.587,23.900,0.250,103,15,20,,
T,2023-03-24 19:45:25,6.27588980,-75.58633638,11.85,1553.405,23.900,0.310,105,16,20,,
T,2023-03-24 19:45:26,6.27589171,-75.58632029,11.50,1553.105,23.899,0.870,86,18,20,,
T,2023-03-24 19:45:27,6.27589435,-75.58629994,11.92,1552.952,23.899,1.090,84,17,20,,
T,2023-03-24 19:45:28,6.27588837,-75.58628943,12.09,1553.202,23.899,0.650,115,15,20,,
T,2023-03-24 19:45:29,6.27588019,-75.58627837,12.70,1553.161,23.899,0.740,135,13,20,,
T,2023-03-24 19:45:30,6.27587662,-75.58626450,12.93,1553.161,23.899,0.780,122,10,20,,
T,2023-03-24 19:45:31,6.27587755,-75.58625641,12.80,1553.500,23.899,0.610,126,10,20,,
T,2023-03-24 19:45:32,6.27587228,-75.58625347,13.27,1553.861,23.899,0.670,141,11,20,,
T,2023-03-24 19:45:33,6.27588354,-75.58625160,12.93,1553.700,23.899,0.000,,12,20,,
T,2023-03-24 19:45:34,6.27589272,-75.58625175,13.00,1553.669,23.899,0.000,,14,20,,
T,2023-03-24 19:45:35,6.27588994,-75.58625063,12.76,1553.969,23.899,0.340,193,14,21,,
T,2023-03-24 19:45:36,6.27587911,-75.58624995,12.65,1553.168,23.899,0.610,191,17,20,,
T,2023-03-24 19:45:37,6.27589544,-75.58626990,11.69,1552.548,23.899,0.000,,17,20,,
T,2023-03-24 19:45:38,6.27591575,-75.58628444,11.47,1553.159,23.899,0.000,,15,20,,
T,2023-03-24 19:45:39,6.27589792,-75.58626639,10.99,1553.811,23.899,0.000,,17,20,,
T,2023-03-24 19:45:40,6.27588696,-75.58626025,10.45,1554.013,23.899,0.000,,19,21,,
T,2023-03-24 19:45:41,6.27588171,-75.58626028,10.54,1554.659,23.899,0.000,,20,21,,
T,2023-03-24 19:45:42,6.27587960,-75.58625964,10.59,1554.680,23.899,0.000,,20,21,,
T,2023-03-24 19:45:43,6.27587771,-75.58625912,10.74,1554.972,23.899,0.000,,20,21,,
T,2023-03-24 19:45:44,6.27587549,-75.58625827,11.07,1555.104,23.899,0.000,,20,21,,
T,2023-03-24 19:45:45,6.27587408,-75.58625783,11.35,1555.269,23.899,0.000,,19,21,,
T,2023-03-24 19:45:46,6.27587601,-75.58625861,11.23,1555.177,23.899,0.000,,17,21,,
T,2023-03-24 19:45:47,6.27587873,-75.58625999,11.32,1555.003,23.899,0.000,,10,21,,
T,2023-03-24 19:45:48,6.27588063,-75.58626122,11.29,1554.700,23.899,0.000,,11,21,,
T,2023-03-24 19:45:49,6.27588159,-75.58626206,11.47,1554.399,23.899,0.000,,12,21,,
T,2023-03-24 19:45:50,6.27588408,-75.58626475,11.40,1553.429,23.899,0.000,,13,21,,
T,2023-03-24 19:45:51,6.27587291,-75.58629173,10.43,1552.497,23.899,2.280,256,13,21,,
T,2023-03-24 19:45:52,6.27587550,-75.58631759,10.57,1551.874,23.899,1.370,271,13,21,,
T,2023-03-24 19:45:53,6.27588053,-75.58634124,10.59,1549.839,23.900,1.280,286,13,21,,
T,2023-03-24 19:45:54,6.27588490,-75.58637029,10.62,1550.599,23.900,1.570,284,14,21,,
T,2023-03-24 19:45:55,6.27587943,-75.58638952,10.75,1548.959,23.900,1.330,266,14,23,,
T,2023-03-24 19:45:56,6.27586760,-75.58640012,10.68,1546.299,23.900,1.190,248,15,25,,
T,2023-03-24 19:45:57,6.27585050,-75.58639069,10.35,1546.353,23.900,0.620,207,19,25,,
T,2023-03-24 19:45:58,6.27583364,-75.58637019,10.21,1545.936,23.900,0.560,163,19,26,,
T,2023-03-24 19:45:59,6.27582186,-75.58635416,10.52,1546.078,23.900,0.550,150,20,26,,
T,2023-03-24 19:46:00,6.27581548,-75.58634008,11.08,1546.474,23.900,0.460,130,20,26,,
T,2023-03-24 19:46:01,6.27581078,-75.58633056,11.95,1546.376,23.900,0.440,126,18,26,,
T,2023-03-24 19:46:02,6.27580649,-75.58632417,12.44,1546.911,23.900,0.390,125,17,26,,
T,2023-03-24 19:46:03,6.27580447,-75.58632075,13.23,1546.702,23.900,0.290,141,14,26,,
T,2023-03-24 19:46:04,6.27580474,-75.58631547,13.71,1547.280,23.900,0.300,126,13,26,,
T,2023-03-24 19:46:05,6.27581161,-75.58631224,13.69,1547.232,23.900,0.250,82,11,26,,
T,2023-03-24 19:46:06,6.27582019,-75.58630090,12.64,1546.944,23.900,0.390,91,12,26,,
T,2023-03-24 19:46:07,6.27582447,-75.58628616,12.26,1546.904,23.899,0.490,95,15,26,,
T,2023-03-24 19:46:08,6.27583017,-75.58628548,12.15,1546.758,23.899,0.290,84,16,26,,
T,2023-03-24 19:46:09,6.27583296,-75.58628315,12.42,1546.746,23.899,0.300,87,17,26,,
T,2023-03-24 19:46:10,6.27583277,-75.58627930,12.51,1546.704,23.899,0.360,70,18,26,,
T,2023-03-24 19:46:11,6.27583842,-75.58627996,12.61,1546.414,23.899,0.250,16,17,26,,
T,2023-03-24 19:46:12,6.27583963,-75.58628297,13.11,1546.406,23.899,0.260,233,15,26,,
T,2023-03-24 19:46:13,6.27583913,-75.58629316,12.03,1546.109,23.899,0.440,244,13,26,,
T,2023-03-24 19:46:14,6.27583720,-75.58631791,11.31,1547.488,23.900,0.280,250,15,26,,
T,2023-03-24 19:46:15,6.27583681,-75.58633707,10.98,1547.846,23.900,0.250,257,17,26,,
T,2023-03-24 19:46:16,6.27583600,-75.58636015,10.53,1547.648,23.900,0.180,271,17,26,,
T,2023-03-24 19:46:17,6.27584484,-75.58638691,10.92,1547.668,23.900,0.000,,22,26,,
T,2023-03-24 19:46:18,6.27585184,-75.58639556,11.09,1548.016,23.900,0.000,,23,27,,
T,2023-03-24 19:46:19,6.27585594,-75.58639624,11.35,1548.021,23.900,0.000,,24,27,,
T,2023-03-24 19:46:20,6.27585805,-75.58639814,11.56,1548.942,23.900,0.000,,23,27,,
T,2023-03-24 19:46:21,6.27585842,-75.58640099,12.14,1549.492,23.900,0.000,,22,27,,
T,2023-03-24 19:46:22,6.27585957,-75.58640376,12.52,1549.678,23.900,0.000,,22,27,,
T,2023-03-24 19:46:23,6.27586156,-75.58640451,13.12,1550.314,23.900,0.000,,15,27,,
T,2023-03-24 19:46:24,6.27586491,-75.58640571,13.73,1550.386,23.900,0.000,,13,27,,
T,2023-03-24 19:46:25,6.27586759,-75.58640886,13.95,1550.609,23.900,0.000,,13,27,,
T,2023-03-24 19:46:26,6.27587065,-75.58641315,13.70,1550.648,23.900,0.000,,14,27,,
T,2023-03-24 19:46:27,6.27587137,-75.58641345,13.91,1550.857,23.900,0.000,,13,27,,
T,2023-03-24 19:46:28,6.27587180,-75.58641434,12.61,1550.847,23.900,0.000,,13,27,,
T,2023-03-24 19:46:29,6.27587242,-75.58641538,12.16,1550.803,23.900,0.000,,18,27,,
T,2023-03-24 19:46:30,6.27587214,-75.58641548,11.91,1550.813,23.900,0.000,,19,27,,
T,2023-03-24 19:46:31,6.27587202,-75.58641554,11.69,1550.710,23.900,0.000,,20,27,,
T,2023-03-24 19:46:32,6.27587187,-75.58641543,11.37,1550.676,23.900,0.000,,18,27,,
T,2023-03-24 19:46:33,6.27587185,-75.58641543,11.10,1550.647,23.900,0.000,,18,27,,
T,2023-03-24 19:46:34,6.27587191,-75.58641560,11.00,1550.635,23.900,0.000,,17,27,,
T,2023-03-24 19:46:35,6.27587189,-75.58641558,10.98,1550.649,23.900,0.000,,14,27,,
T,2023-03-24 19:46:36,6.27587191,-75.58641559,10.90,1550.650,23.900,0.000,,14,26,,
T,2023-03-24 19:46:37,6.27587195,-75.58641562,10.62,1550.649,23.900,0.000,,13,24,,
T,2023-03-24 19:46:38,6.27587249,-75.58641630,10.48,1550.664,23.900,0.000,,15,24,,
T,2023-03-24 19:46:39,6.27587299,-75.58641723,10.39,1550.671,23.900,0.000,,15,23,,
T,2023-03-24 19:46:40,6.27587318,-75.58641777,10.38,1550.675,23.900,0.000,,15,23,,
T,2023-03-24 19:46:41,6.27587397,-75.58641910,10.37,1550.742,23.900,0.000,,17,23,,
T,2023-03-24 19:46:42,6.27587421,-75.58641947,10.47,1550.746,23.900,0.000,,18,23,,
T,2023-03-24 19:46:43,6.27587409,-75.58642107,10.07,1550.770,23.900,0.000,,19,23,,
T,2023-03-24 19:46:44,6.27587398,-75.58642224,10.15,1550.772,23.900,0.000,,16,23,,
T,2023-03-24 19:46:45,6.27587394,-75.58642252,10.43,1550.775,23.900,0.000,,16,22,,
T,2023-03-24 19:46:46,6.27587393,-75.58642264,10.60,1550.776,23.900,0.000,,16,22,,
T,2023-03-24 19:46:47,6.27587439,-75.58642349,10.80,1550.828,23.900,0.000,,15,21,,
