type,date time,latitude,longitude,accuracy(m),altitude(m),geoid_height(m),speed(m/s),bearing(deg),sat_used,sat_inview,name,desc
T,2023-05-09 02:35:07.251,6.25093457,-75.55988723,20.44,1504.520,23.819,0.560,133,4,38,20230508-213507,GPS Logger: 20230508-213507 - Viaje 6
T,2023-05-09 02:35:08,6.25094342,-75.55986952,9.72,1497.011,23.819,0.000,,5,38,,
T,2023-05-09 02:35:10,6.25095899,-75.55989979,7.13,1498.240,23.819,0.000,,13,38,,
T,2023-05-09 02:35:11,6.25096334,-75.55991071,7.10,1501.133,23.819,0.000,,14,38,,
T,2023-05-09 02:35:12,6.25098144,-75.55991649,6.96,1501.059,23.819,0.000,,14,38,,
T,2023-05-09 02:35:13,6.25097813,-75.55991567,6.95,1500.668,23.819,0.000,,14,38,,
T,2023-05-09 02:35:14,6.25097338,-75.55992156,7.02,1499.962,23.819,0.000,,14,38,,
T,2023-05-09 02:35:15,6.25098444,-75.55992742,7.12,1498.814,23.819,0.000,,15,38,,
T,2023-05-09 02:35:16,6.25098874,-75.55992793,7.12,1498.052,23.819,0.000,,15,38,,
T,2023-05-09 02:35:17,6.25099108,-75.55992812,7.04,1497.667,23.819,0.000,,15,38,,
T,2023-05-09 02:35:18,6.25098584,-75.55992727,6.79,1498.507,23.819,0.000,,16,38,,
T,2023-05-09 02:35:19,6.25098443,-75.55992909,6.68,1499.414,23.819,0.000,,16,38,,
T,2023-05-09 02:35:20,6.25098111,-75.55992983,6.53,1500.039,23.819,0.000,,16,38,,
T,2023-05-09 02:35:21,6.25097928,-75.55993104,6.51,1500.636,23.819,0.000,,16,38,,
T,2023-05-09 02:35:22,6.25097824,-75.55993153,6.37,1500.988,23.819,0.000,,16,38,,
T,2023-05-09 02:35:23,6.25097777,-75.55993268,6.32,1501.394,23.819,0.000,,16,38,,
T,2023-05-09 02:35:24,6.25097754,-75.55993277,6.37,1501.488,23.819,0.000,,15,38,,
T,2023-05-09 02:35:25,6.25097733,-75.55993291,6.27,1501.556,23.819,0.000,,15,38,,
T,2023-05-09 02:35:26,6.25097721,-75.55993295,6.02,1501.612,23.819,0.000,,14,38,,
T,2023-05-09 02:35:27,6.25097738,-75.55993317,5.75,1501.829,23.819,0.000,,14,38,,
T,2023-05-09 02:35:28,6.25097975,-75.55993059,5.87,1501.083,23.819,0.000,,16,38,,
T,2023-05-09 02:35:29,6.25097975,-75.55993057,6.21,1501.083,23.819,0.000,,16,38,,
T,2023-05-09 02:35:30,6.25097972,-75.55993056,6.67,1501.083,23.819,0.000,,16,38,,
T,2023-05-09 02:35:31,6.25097964,-75.55993057,6.93,1501.090,23.819,0.000,,16,38,,
T,2023-05-09 02:35:32,6.25097974,-75.55993045,7.12,1501.050,23.819,0.000,,16,38,,
T,2023-05-09 02:35:33,6.25097867,-75.55993147,7.19,1501.376,23.819,0.000,,16,38,,
T,2023-05-09 02:35:34,6.25097867,-75.55993145,7.21,1501.380,23.819,0.000,,15,38,,
T,2023-05-09 02:35:35,6.25097867,-75.55993141,7.02,1501.390,23.819,0.000,,11,38,,
T,2023-05-09 02:35:36,6.25097921,-75.55993086,6.67,1501.223,23.819,0.000,,12,38,,
T,2023-05-09 02:35:37,6.25097917,-75.55993086,6.58,1501.238,23.819,0.000,,13,38,,
T,2023-05-09 02:35:38,6.25097915,-75.55993085,6.88,1501.242,23.819,0.000,,12,38,,
T,2023-05-09 02:35:39,6.25097939,-75.55993074,7.77,1501.252,23.819,0.000,,12,38,,
T,2023-05-09 02:35:40,6.25097935,-75.55993075,7.43,1501.268,23.819,0.000,,13,38,,
T,2023-05-09 02:35:41,6.25097929,-75.55993080,7.18,1501.287,23.819,0.000,,15,38,,
T,2023-05-09 02:35:42,6.25097924,-75.55993082,6.71,1501.294,23.819,0.000,,15,38,,
T,2023-05-09 02:35:43,6.25097922,-75.55993081,6.23,1501.294,23.819,0.000,,14,38,,
T,2023-05-09 02:35:44,6.25097871,-75.55993104,5.97,1501.282,23.819,0.000,,14,38,,
T,2023-05-09 02:35:45,6.25097740,-75.55993235,5.87,1501.696,23.819,0.000,,14,38,,
T,2023-05-09 02:35:46,6.25097744,-75.55993231,6.21,1501.696,23.819,0.000,,10,38,,
T,2023-05-09 02:35:47,6.25097744,-75.55993230,6.62,1501.706,23.819,0.000,,11,38,,
T,2023-05-09 02:35:48,6.25097744,-75.55993225,7.30,1501.700,23.819,0.000,,11,38,,
T,2023-05-09 02:35:49,6.25097744,-75.55993225,7.97,1501.699,23.819,0.000,,11,38,,
T,2023-05-09 02:35:50,6.25097743,-75.55993224,8.10,1501.703,23.819,0.000,,11,38,,
T,2023-05-09 02:35:51,6.25097739,-75.55993224,8.38,1501.714,23.819,0.000,,10,38,,
T,2023-05-09 02:35:52,6.25097735,-75.55993223,8.74,1501.714,23.819,0.000,,11,38,,
T,2023-05-09 02:35:53,6.25097731,-75.55993221,8.48,1501.726,23.819,0.000,,10,38,,
T,2023-05-09 02:35:54,6.25097730,-75.55993221,8.27,1501.737,23.819,0.000,,11,38,,
T,2023-05-09 02:35:55,6.25097728,-75.55993220,7.92,1501.739,23.819,0.000,,11,38,,
T,2023-05-09 02:35:56,6.25097651,-75.55993301,7.36,1502.026,23.819,0.000,,10,38,,
T,2023-05-09 02:35:57,6.25097653,-75.55993299,6.94,1502.019,23.819,0.000,,12,38,,
T,2023-05-09 02:35:58,6.25103860,-75.56003258,6.13,1503.025,23.820,7.280,304,12,38,,
T,2023-05-09 02:35:59,6.25107873,-75.56009295,6.37,1504.831,23.820,8.330,304,14,38,,
T,2023-05-09 02:36:00,6.25112456,-75.56015477,6.92,1505.416,23.820,8.640,304,14,38,,
T,2023-05-09 02:36:01,6.25117726,-75.56023133,7.47,1505.431,23.821,9.290,305,14,38,,
T,2023-05-09 02:36:02,6.25122832,-75.56031370,7.26,1506.243,23.821,10.550,305,15,38,,
T,2023-05-09 02:36:03,6.25128477,-75.56038645,6.42,1505.696,23.821,10.390,305,15,38,,
T,2023-05-09 02:36:04,6.25134740,-75.56045983,5.99,1505.700,23.821,10.440,307,15,38,,
T,2023-05-09 02:36:05,6.25136645,-75.56054904,5.30,1505.896,23.822,9.710,304,15,38,,
T,2023-05-09 02:36:06,6.25139629,-75.56059862,10.48,1506.308,23.822,7.930,305,13,38,,
T,2023-05-09 02:36:07,6.25140059,-75.56064105,10.30,1506.824,23.822,5.880,286,14,38,,
T,2023-05-09 02:36:08,6.25140227,-75.56067041,10.19,1505.144,23.822,4.620,252,13,37,,
T,2023-05-09 02:36:09,6.25135928,-75.56071847,10.10,1506.148,23.823,6.090,231,13,38,,
T,2023-05-09 02:36:10,6.25131014,-75.56075459,10.22,1506.679,23.823,6.890,216,13,38,,
T,2023-05-09 02:36:11,6.25123772,-75.56080070,10.45,1507.247,23.823,8.740,208,14,38,,
T,2023-05-09 02:36:12,6.25115267,-75.56085326,10.58,1508.015,23.824,10.370,206,15,38,,
T,2023-05-09 02:36:13,6.25106135,-75.56089366,10.86,1508.237,23.824,10.850,203,14,38,,
T,2023-05-09 02:36:14,6.25096705,-75.56094705,11.12,1509.256,23.825,11.110,205,14,38,,
T,2023-05-09 02:36:15,6.25087113,-75.56101009,11.62,1510.236,23.825,11.380,205,13,38,,
T,2023-05-09 02:36:16,6.25074653,-75.56108707,11.84,1508.827,23.826,12.510,201,10,38,,
T,2023-05-09 02:36:17,6.25062324,-75.56114651,11.68,1508.101,23.827,13.000,207,12,38,,
T,2023-05-09 02:36:18,6.25051556,-75.56121775,11.89,1507.593,23.827,13.220,210,13,38,,
T,2023-05-09 02:36:19,6.25039482,-75.56130680,12.13,1507.496,23.828,13.840,210,12,38,,
T,2023-05-09 02:36:20,6.25029736,-75.56137687,12.38,1507.851,23.828,13.500,213,12,38,,
T,2023-05-09 02:36:21,6.25022331,-75.56140241,11.91,1506.585,23.829,11.510,213,13,38,,
T,2023-05-09 02:36:22,6.25018646,-75.56141145,11.27,1505.464,23.829,8.080,213,13,38,,
T,2023-05-09 02:36:23,6.25018315,-75.56138101,10.94,1503.346,23.829,5.370,209,13,38,,
T,2023-05-09 02:36:24,6.25014891,-75.56138650,10.65,1504.364,23.829,3.320,208,14,38,,
T,2023-05-09 02:36:25,6.25013072,-75.56138975,10.77,1505.290,23.829,2.610,201,14,38,,
T,2023-05-09 02:36:26,6.25011404,-75.56140421,10.76,1506.516,23.829,1.820,205,15,38,,
T,2023-05-09 02:36:27,6.25011038,-75.56140961,10.56,1507.267,23.829,1.470,201,15,38,,
T,2023-05-09 02:36:28,6.25010571,-75.56140999,10.37,1506.891,23.829,0.770,220,15,38,,
T,2023-05-09 02:36:29,6.25009941,-75.56140877,10.30,1507.781,23.829,0.000,,15,38,,
T,2023-05-09 02:36:30,6.25009424,-75.56141117,10.30,1507.786,23.829,0.000,,16,38,,
T,2023-05-09 02:36:31,6.25009006,-75.56141378,10.58,1507.926,23.829,0.000,,17,38,,
T,2023-05-09 02:36:32,6.25008475,-75.56141819,11.13,1507.612,23.829,0.000,,16,38,,
T,2023-05-09 02:36:33,6.25008208,-75.56141953,11.38,1507.695,23.829,0.000,,16,38,,
T,2023-05-09 02:36:34,6.25007934,-75.56142106,11.73,1507.250,23.829,0.000,,14,38,,
T,2023-05-09 02:36:35,6.25007668,-75.56142413,11.96,1507.102,23.829,0.000,,13,38,,
T,2023-05-09 02:36:36,6.25007326,-75.56142967,11.10,1507.154,23.829,0.000,,13,38,,
T,2023-05-09 02:36:37,6.25007036,-75.56143332,10.90,1507.536,23.829,0.000,,14,38,,
T,2023-05-09 02:36:38,6.25006665,-75.56143656,10.73,1507.548,23.829,0.000,,14,38,,
T,2023-05-09 02:36:39,6.25006181,-75.56144111,10.86,1507.582,23.829,0.000,,14,38,,
T,2023-05-09 02:36:40,6.25006018,-75.56143824,10.96,1507.151,23.829,0.000,,16,38,,
T,2023-05-09 02:36:41,6.25005914,-75.56143388,10.91,1507.013,23.829,0.000,,16,38,,
T,2023-05-09 02:36:42,6.25005856,-75.56143160,10.88,1507.102,23.829,0.000,,16,38,,
T,2023-05-09 02:36:43,6.25005888,-75.56142908,10.96,1506.991,23.829,0.000,,16,38,,
T,2023-05-09 02:36:44,6.25005982,-75.56142543,10.91,1506.822,23.829,0.000,,16,38,,
T,2023-05-09 02:36:45,6.25005995,-75.56142460,11.34,1506.898,23.829,0.000,,15,38,,
T,2023-05-09 02:36:46,6.25006007,-75.56142446,11.19,1506.909,23.829,0.000,,14,38,,
T,2023-05-09 02:36:47,6.25006014,-75.56142431,10.95,1506.920,23.829,0.000,,14,38,,
T,2023-05-09 02:36:48,6.25006005,-75.56142478,11.14,1506.947,23.829,0.000,,13,38,,
T,2023-05-09 02:36:49,6.25006009,-75.56142394,10.58,1506.972,23.829,0.000,,12,38,,
T,2023-05-09 02:36:50,6.25006026,-75.56142370,10.42,1506.986,23.829,0.000,,12,38,,
T,2023-05-09 02:36:51,6.25006006,-75.56142337,10.45,1507.055,23.829,0.000,,12,38,,
T,2023-05-09 02:36:52,6.25006002,-75.56142334,10.50,1507.067,23.829,0.000,,13,38,,
T,2023-05-09 02:36:53,6.25006031,-75.56142296,10.55,1507.077,23.829,0.000,,12,38,,
T,2023-05-09 02:36:54,6.25006052,-75.56142237,10.62,1507.153,23.829,0.000,,12,38,,
T,2023-05-09 02:36:55,6.25006019,-75.56142277,10.43,1507.168,23.829,0.000,,13,38,,
T,2023-05-09 02:36:56,6.24999327,-75.56146474,10.33,1508.716,23.830,5.740,217,13,37,,
T,2023-05-09 02:36:57,6.24992741,-75.56150175,10.32,1506.413,23.830,8.770,216,14,38,,
T,2023-05-09 02:36:58,6.24985156,-75.56156231,10.41,1506.353,23.830,9.810,217,14,38,,
T,2023-05-09 02:36:59,6.24974815,-75.56163661,10.49,1506.805,23.831,12.250,217,15,38,,
T,2023-05-09 02:37:00,6.24966743,-75.56170979,10.24,1508.110,23.832,12.560,218,15,38,,
T,2023-05-09 02:37:01,6.24959913,-75.56175316,10.08,1506.835,23.832,10.280,217,17,38,,
T,2023-05-09 02:37:02,6.24954248,-75.56179734,10.03,1506.327,23.832,8.820,218,17,38,,
T,2023-05-09 02:37:03,6.24949508,-75.56183556,9.94,1505.956,23.833,6.970,217,17,38,,
T,2023-05-09 02:37:04,6.24944325,-75.56187092,9.94,1505.086,23.833,7.610,211,16,38,,
T,2023-05-09 02:37:05,6.24937835,-75.56191071,10.04,1504.315,23.833,9.080,219,14,38,,
T,2023-05-09 02:37:06,6.24929678,-75.56196107,10.15,1503.822,23.834,9.450,215,14,38,,
T,2023-05-09 02:37:07,6.24922050,-75.56200019,10.22,1502.327,23.834,10.160,213,13,38,,
T,2023-05-09 02:37:08,6.24912041,-75.56203645,10.14,1502.911,23.834,10.820,203,12,38,,
T,2023-05-09 02:37:09,6.24901305,-75.56206302,10.15,1501.935,23.835,11.990,204,14,38,,
T,2023-05-09 02:37:10,6.24889619,-75.56211414,10.11,1501.839,23.835,13.040,201,15,38,,
T,2023-05-09 02:37:11,6.24878514,-75.56215026,10.13,1501.314,23.836,13.250,198,16,38,,
T,2023-05-09 02:37:12,6.24867408,-75.56219479,10.47,1501.513,23.836,13.200,197,17,38,,
T,2023-05-09 02:37:13,6.24854397,-75.56223907,10.62,1501.577,23.836,13.640,196,16,38,,
T,2023-05-09 02:37:14,6.24841308,-75.56228040,10.81,1501.091,23.837,14.260,196,16,38,,
T,2023-05-09 02:37:15,6.24825292,-75.56236371,10.82,1499.940,23.838,16.640,200,16,38,,
T,2023-05-09 02:37:16,6.24811445,-75.56242575,11.32,1498.698,23.838,16.940,200,15,38,,
T,2023-05-09 02:37:17,6.24794220,-75.56248506,12.19,1499.620,23.839,18.740,201,15,38,,
T,2023-05-09 02:37:18,6.24779509,-75.56256173,12.85,1500.522,23.840,18.670,203,13,38,,
T,2023-05-09 02:37:19,6.24765165,-75.56263017,13.63,1500.136,23.840,18.440,206,12,38,,
T,2023-05-09 02:37:20,6.24748494,-75.56272764,13.93,1499.159,23.841,19.100,207,12,38,,
T,2023-05-09 02:37:21,6.24729214,-75.56281856,12.12,1498.342,23.842,20.180,207,14,38,,
T,2023-05-09 02:37:22,6.24713071,-75.56290579,11.68,1497.450,23.843,18.940,207,16,38,,
T,2023-05-09 02:37:23,6.24698387,-75.56298678,11.62,1498.861,23.843,18.160,207,17,38,,
T,2023-05-09 02:37:24,6.24683845,-75.56306617,12.02,1499.275,23.844,18.180,208,17,38,,
T,2023-05-09 02:37:25,6.24670354,-75.56312661,12.98,1498.250,23.845,17.640,208,17,38,,
T,2023-05-09 02:37:26,6.24659138,-75.56317831,13.15,1497.476,23.845,15.810,207,17,38,,
T,2023-05-09 02:37:27,6.24650158,-75.56324768,13.04,1498.052,23.846,14.610,205,15,38,,
T,2023-05-09 02:37:28,6.24639349,-75.56331611,13.65,1499.807,23.846,14.480,207,15,38,,
T,2023-05-09 02:37:29,6.24628794,-75.56338453,14.07,1501.158,23.847,13.820,207,16,38,,
T,2023-05-09 02:37:30,6.24623158,-75.56339634,14.34,1500.450,23.847,11.920,204,15,38,,
T,2023-05-09 02:37:31,6.24617817,-75.56339812,13.35,1502.110,23.847,9.810,203,15,38,,
T,2023-05-09 02:37:32,6.24613860,-75.56342268,13.04,1503.631,23.847,8.080,203,15,38,,
T,2023-05-09 02:37:33,6.24612613,-75.56341590,12.26,1502.494,23.847,6.230,203,17,38,,
T,2023-05-09 02:37:34,6.24613249,-75.56340927,11.82,1501.623,23.847,4.100,204,17,38,,
T,2023-05-09 02:37:35,6.24610182,-75.56342144,12.00,1501.696,23.847,4.050,209,17,38,,
T,2023-05-09 02:37:36,6.24606756,-75.56342513,12.41,1500.086,23.847,4.010,212,15,38,,
T,2023-05-09 02:37:37,6.24604098,-75.56344953,13.12,1500.513,23.848,4.010,212,16,38,,
T,2023-05-09 02:37:38,6.24598945,-75.56348432,13.98,1501.051,23.848,4.630,208,16,38,,
T,2023-05-09 02:37:39,6.24595588,-75.56349104,14.99,1500.174,23.848,4.420,206,15,38,,
T,2023-05-09 02:37:40,6.24589498,-75.56352145,15.54,1500.171,23.848,5.080,204,12,38,,
T,2023-05-09 02:37:41,6.24579780,-75.56357286,15.76,1500.472,23.849,6.310,202,11,38,,
T,2023-05-09 02:37:42,6.24569078,-75.56362475,15.67,1499.861,23.849,7.450,204,7,38,,
T,2023-05-09 02:37:43,6.24551005,-75.56372608,13.53,1498.452,23.850,9.750,205,7,38,,
T,2023-05-09 02:37:44,6.24538651,-75.56376241,13.16,1500.541,23.851,10.120,208,8,38,,
T,2023-05-09 02:37:45,6.24529782,-75.56381029,12.20,1499.818,23.851,10.180,209,11,38,,
T,2023-05-09 02:37:46,6.24518634,-75.56386864,12.13,1500.611,23.851,10.640,209,14,38,,
T,2023-05-09 02:37:47,6.24508528,-75.56393290,12.10,1501.516,23.852,10.570,210,15,38,,
T,2023-05-09 02:37:48,6.24497782,-75.56399179,12.50,1501.240,23.853,10.440,208,15,38,,
T,2023-05-09 02:37:49,6.24491363,-75.56401539,12.50,1502.184,23.853,8.920,208,15,38,,
T,2023-05-09 02:37:50,6.24485804,-75.56403017,12.28,1499.265,23.853,8.390,209,13,38,,
T,2023-05-09 02:37:51,6.24479201,-75.56404961,11.77,1499.114,23.853,8.740,206,15,38,,
T,2023-05-09 02:37:52,6.24472909,-75.56408835,11.45,1498.747,23.853,7.740,206,15,38,,
T,2023-05-09 02:37:53,6.24466880,-75.56414412,11.16,1499.100,23.854,7.090,199,16,38,,
T,2023-05-09 02:37:54,6.24459976,-75.56419354,11.18,1500.664,23.854,6.830,197,17,38,,
T,2023-05-09 02:37:55,6.24456086,-75.56422059,11.37,1500.894,23.855,5.810,193,17,38,,
T,2023-05-09 02:37:56,6.24458981,-75.56419237,11.03,1500.436,23.854,1.820,199,17,38,,
T,2023-05-09 02:37:57,6.24457416,-75.56420190,10.86,1501.370,23.854,1.020,211,18,38,,
T,2023-05-09 02:37:58,6.24456463,-75.56420610,10.85,1501.385,23.854,0.830,211,18,38,,
T,2023-05-09 02:37:59,6.24458168,-75.56419762,10.70,1500.458,23.854,0.000,,18,38,,
T,2023-05-09 02:38:00,6.24458690,-75.56419105,10.71,1499.896,23.854,0.000,,19,38,,
T,2023-05-09 02:38:01,6.24459088,-75.56419372,11.10,1499.585,23.854,0.000,,19,38,,
T,2023-05-09 02:38:02,6.24459450,-75.56419305,10.99,1499.765,23.854,0.000,,19,38,,
T,2023-05-09 02:38:03,6.24459260,-75.56419800,10.83,1499.857,23.854,0.000,,18,38,,
T,2023-05-09 02:38:04,6.24458908,-75.56420444,10.72,1499.812,23.854,0.000,,16,38,,
T,2023-05-09 02:38:05,6.24459001,-75.56420723,10.60,1499.000,23.854,0.000,,15,38,,
T,2023-05-09 02:38:06,6.24459079,-75.56421009,10.50,1498.283,23.854,0.000,,14,38,,
T,2023-05-09 02:38:07,6.24459024,-75.56421459,10.47,1498.184,23.854,0.000,,13,38,,
T,2023-05-09 02:38:08,6.24459087,-75.56421706,10.41,1497.644,23.854,0.000,,14,38,,
T,2023-05-09 02:38:09,6.24459003,-75.56422054,10.28,1497.312,23.854,0.000,,14,38,,
T,2023-05-09 02:38:10,6.24458951,-75.56422277,10.45,1497.174,23.854,0.000,,15,37,,
T,2023-05-09 02:38:11,6.24458913,-75.56422255,10.44,1497.054,23.854,0.000,,13,38,,
T,2023-05-09 02:38:12,6.24458935,-75.56422234,10.27,1497.107,23.854,0.000,,14,38,,
T,2023-05-09 02:38:13,6.24458922,-75.56422249,9.94,1497.259,23.854,0.000,,14,38,,
T,2023-05-09 02:38:14,6.24458925,-75.56422305,9.94,1497.377,23.854,0.000,,14,38,,
T,2023-05-09 02:38:15,6.24458880,-75.56422309,9.94,1497.501,23.854,0.000,,14,38,,
T,2023-05-09 02:38:16,6.24458869,-75.56422326,9.94,1497.523,23.854,0.000,,14,37,,
T,2023-05-09 02:38:17,6.24458801,-75.56422399,9.94,1497.753,23.854,0.000,,14,38,,
T,2023-05-09 02:38:18,6.24458760,-75.56422454,9.94,1497.847,23.854,0.000,,14,38,,
T,2023-05-09 02:38:19,6.24458736,-75.56422520,9.94,1497.944,23.854,0.000,,14,38,,
T,2023-05-09 02:38:20,6.24458723,-75.56422565,9.94,1497.998,23.854,0.000,,14,38,,
T,2023-05-09 02:38:21,6.24458724,-75.56422561,9.94,1498.020,23.854,0.000,,13,38,,
T,2023-05-09 02:38:22,6.24458731,-75.56422565,9.94,1498.031,23.854,0.000,,12,38,,
T,2023-05-09 02:38:23,6.24458731,-75.56422575,9.94,1498.046,23.854,0.000,,13,38,,
T,2023-05-09 02:38:24,6.24458729,-75.56422582,9.94,1498.052,23.854,0.000,,11,38,,
T,2023-05-09 02:38:25,6.24458715,-75.56422597,9.94,1498.072,23.854,0.000,,10,38,,
T,2023-05-09 02:38:26,6.24458740,-75.56422553,9.94,1498.033,23.854,0.000,,11,38,,
T,2023-05-09 02:38:27,6.24458778,-75.56422506,9.94,1497.989,23.854,0.000,,14,38,,
T,2023-05-09 02:38:28,6.24455742,-75.56424121,9.94,1497.734,23.855,3.290,206,14,37,,
T,2023-05-09 02:38:29,6.24449353,-75.56425613,10.03,1496.720,23.855,5.330,204,14,38,,
T,2023-05-09 02:38:30,6.24440931,-75.56430915,9.94,1499.002,23.855,8.210,207,14,38,,
T,2023-05-09 02:38:31,6.24432750,-75.56435634,9.94,1499.257,23.856,9.530,209,16,38,,
T,2023-05-09 02:38:32,6.24423775,-75.56440018,9.94,1499.555,23.856,10.790,210,17,38,,
T,2023-05-09 02:38:33,6.24413404,-75.56445432,9.94,1499.691,23.857,11.900,209,16,38,,
T,2023-05-09 02:38:34,6.24403238,-75.56451101,9.94,1499.202,23.857,12.120,208,17,38,,
T,2023-05-09 02:38:35,6.24394421,-75.56455741,9.94,1499.334,23.857,11.630,207,17,38,,
T,2023-05-09 02:38:36,6.24386348,-75.56460125,9.94,1499.067,23.858,9.680,205,19,38,,
T,2023-05-09 02:38:37,6.24379710,-75.56463703,9.94,1500.020,23.858,8.770,209,19,38,,
T,2023-05-09 02:38:38,6.24373618,-75.56467383,10.02,1499.217,23.858,7.810,215,19,38,,
T,2023-05-09 02:38:39,6.24372628,-75.56468396,10.04,1499.915,23.859,4.200,248,19,38,,
T,2023-05-09 02:38:40,6.24371326,-75.56472813,10.40,1498.958,23.859,5.260,284,19,38,,
T,2023-05-09 02:38:41,6.24372794,-75.56476982,10.12,1498.425,23.859,4.320,295,19,38,,
T,2023-05-09 02:38:42,6.24375543,-75.56483212,10.44,1498.582,23.859,5.700,297,19,38,,
T,2023-05-09 02:38:43,6.24383417,-75.56497175,10.39,1499.239,23.860,11.330,297,19,38,,
T,2023-05-09 02:38:44,6.24388873,-75.56506160,10.53,1499.563,23.860,10.760,294,18,38,,
T,2023-05-09 02:38:45,6.24393783,-75.56516377,10.52,1499.093,23.861,10.970,292,17,38,,
T,2023-05-09 02:38:46,6.24399288,-75.56525371,10.61,1498.678,23.861,11.090,294,15,38,,
T,2023-05-09 02:38:47,6.24404699,-75.56533892,10.71,1497.787,23.861,10.890,298,16,38,,
T,2023-05-09 02:38:48,6.24412180,-75.56539616,10.69,1497.140,23.861,9.680,299,15,38,,
T,2023-05-09 02:38:49,6.24416497,-75.56546897,10.71,1497.333,23.862,9.360,298,15,38,,
T,2023-05-09 02:38:50,6.24421917,-75.56553011,10.73,1496.074,23.862,9.100,299,14,38,,
T,2023-05-09 02:38:51,6.24427847,-75.56558323,10.73,1495.452,23.862,8.980,304,14,38,,
T,2023-05-09 02:38:52,6.24432364,-75.56562991,10.53,1495.319,23.862,7.860,302,16,38,,
T,2023-05-09 02:38:53,6.24436710,-75.56568369,10.49,1494.652,23.862,7.670,304,15,38,,
T,2023-05-09 02:38:54,6.24441062,-75.56573424,10.27,1493.360,23.863,6.990,302,15,38,,
T,2023-05-09 02:38:55,6.24444482,-75.56578287,10.12,1493.783,23.863,6.710,298,16,38,,
T,2023-05-09 02:38:56,6.24448093,-75.56581607,9.94,1494.076,23.863,5.710,301,17,38,,
T,2023-05-09 02:38:57,6.24451251,-75.56582637,3.79,1492.643,23.863,3.770,307,16,38,,
T,2023-05-09 02:38:58,6.24453066,-75.56585163,3.79,1492.370,23.863,2.820,301,16,38,,
T,2023-05-09 02:38:59,6.24454072,-75.56586832,3.79,1493.039,23.863,2.250,299,14,38,,
T,2023-05-09 02:39:00,6.24454644,-75.56587723,3.79,1492.849,23.863,1.470,300,14,38,,
T,2023-05-09 02:39:01,6.24455101,-75.56588236,3.79,1492.640,23.863,0.900,325,15,38,,
T,2023-05-09 02:39:02,6.24455365,-75.56588540,3.79,1493.089,23.863,0.410,321,15,38,,
T,2023-05-09 02:39:03,6.24455700,-75.56588844,3.79,1493.336,23.863,0.470,323,15,38,,
T,2023-05-09 02:39:04,6.24456649,-75.56589680,3.79,1493.318,23.863,1.630,316,16,38,,
T,2023-05-09 02:39:05,6.24458035,-75.56591476,3.79,1493.495,23.863,2.780,304,15,38,,
T,2023-05-09 02:39:06,6.24460077,-75.56594233,3.79,1493.145,23.863,3.960,302,15,38,,
T,2023-05-09 02:39:07,6.24461343,-75.56598938,3.79,1493.065,23.864,5.170,274,14,37,,
T,2023-05-09 02:39:08,6.24459435,-75.56602637,3.82,1491.919,23.864,4.460,251,14,38,,
T,2023-05-09 02:39:09,6.24457028,-75.56606860,4.74,1492.047,23.864,5.120,224,14,38,,
T,2023-05-09 02:39:10,6.24449048,-75.56610701,4.64,1492.469,23.864,7.950,207,16,38,,
T,2023-05-09 02:39:11,6.24441052,-75.56614894,4.90,1492.327,23.865,9.770,208,17,38,,
T,2023-05-09 02:39:12,6.24432267,-75.56618584,4.42,1491.642,23.865,10.360,207,19,38,,
T,2023-05-09 02:39:13,6.24423680,-75.56621937,4.23,1491.302,23.866,10.540,204,19,38,,
T,2023-05-09 02:39:14,6.24414181,-75.56626134,4.07,1490.493,23.866,10.960,204,19,38,,
T,2023-05-09 02:39:15,6.24403439,-75.56630232,4.12,1490.702,23.866,11.880,202,19,38,,
T,2023-05-09 02:39:16,6.24392732,-75.56634883,4.21,1491.091,23.867,12.730,202,19,38,,
T,2023-05-09 02:39:17,6.24383250,-75.56638695,4.25,1491.427,23.867,11.080,201,19,38,,
T,2023-05-09 02:39:18,6.24373093,-75.56642947,4.20,1492.488,23.868,11.430,198,20,37,,
T,2023-05-09 02:39:19,6.24363207,-75.56647135,4.07,1493.907,23.868,11.240,201,20,38,,
T,2023-05-09 02:39:20,6.24354877,-75.56650789,4.24,1494.436,23.868,10.430,200,20,38,,
T,2023-05-09 02:39:21,6.24347115,-75.56653727,4.31,1495.613,23.869,9.410,199,20,38,,
T,2023-05-09 02:39:22,6.24339985,-75.56656556,4.51,1496.022,23.869,8.510,200,20,38,,
T,2023-05-09 02:39:23,6.24334346,-75.56658282,4.64,1494.853,23.869,6.980,201,18,38,,
T,2023-05-09 02:39:24,6.24337364,-75.56656611,4.15,1493.458,23.869,2.190,199,18,38,,
T,2023-05-09 02:39:25,6.24336382,-75.56657463,4.03,1493.435,23.869,1.470,207,18,38,,
T,2023-05-09 02:39:26,6.24334833,-75.56658171,3.90,1493.607,23.869,0.860,219,19,38,,
T,2023-05-09 02:39:27,6.24334472,-75.56658455,4.03,1492.771,23.869,0.000,,19,38,,
T,2023-05-09 02:39:28,6.24334490,-75.56658585,3.91,1492.343,23.869,0.000,,17,38,,
T,2023-05-09 02:39:29,6.24332878,-75.56659683,3.79,1492.144,23.869,1.950,206,17,38,,
T,2023-05-09 02:39:30,6.24329274,-75.56662025,3.79,1491.993,23.869,4.820,208,18,38,,
T,2023-05-09 02:39:31,6.24323285,-75.56666588,3.79,1493.633,23.870,7.250,214,18,38,,
T,2023-05-09 02:39:32,6.24317199,-75.56670909,3.79,1493.930,23.870,8.500,216,17,38,,
T,2023-05-09 02:39:33,6.24309619,-75.56675074,3.79,1494.573,23.871,9.800,209,17,38,,
T,2023-05-09 02:39:34,6.24301504,-75.56678633,3.85,1494.290,23.871,9.880,206,19,38,,
T,2023-05-09 02:39:35,6.24293876,-75.56682809,4.67,1494.163,23.871,9.790,206,19,38,,
T,2023-05-09 02:39:36,6.24284133,-75.56687725,5.55,1493.636,23.872,10.490,207,19,38,,
T,2023-05-09 02:39:37,6.24278730,-75.56690934,4.47,1494.101,23.872,9.410,209,19,38,,
T,2023-05-09 02:39:38,6.24272306,-75.56692683,4.56,1493.567,23.872,8.170,207,19,38,,
T,2023-05-09 02:39:39,6.24263954,-75.56696959,4.31,1494.553,23.873,9.690,206,19,38,,
T,2023-05-09 02:39:40,6.24255624,-75.56701350,4.39,1495.009,23.873,10.040,205,17,38,,
T,2023-05-09 02:39:41,6.24247018,-75.56705247,4.55,1495.646,23.873,10.530,204,17,38,,
T,2023-05-09 02:39:42,6.24235580,-75.56712220,4.37,1495.797,23.874,12.340,208,17,38,,
T,2023-05-09 02:39:43,6.24225329,-75.56717092,4.50,1495.424,23.874,11.800,207,16,38,,
T,2023-05-09 02:39:44,6.24214548,-75.56722267,4.41,1495.038,23.875,12.010,203,17,38,,
T,2023-05-09 02:39:45,6.24204089,-75.56726659,4.42,1497.095,23.875,12.130,201,17,38,,
T,2023-05-09 02:39:46,6.24194925,-75.56728599,4.62,1496.064,23.876,10.590,194,18,38,,
T,2023-05-09 02:39:47,6.24185851,-75.56730520,4.59,1495.771,23.876,10.420,193,18,38,,
T,2023-05-09 02:39:48,6.24176215,-75.56732307,4.37,1496.147,23.876,11.250,192,18,38,,
T,2023-05-09 02:39:49,6.24166492,-75.56735045,4.25,1496.307,23.876,10.250,192,18,38,,
T,2023-05-09 02:39:50,6.24158384,-75.56736538,4.08,1496.797,23.877,9.280,190,18,38,,
T,2023-05-09 02:39:51,6.24149433,-75.56738323,3.90,1496.323,23.877,8.970,189,18,38,,
T,2023-05-09 02:39:52,6.24143444,-75.56739189,3.86,1496.101,23.877,7.210,187,18,38,,
T,2023-05-09 02:39:53,6.24139892,-75.56739483,3.79,1495.238,23.877,4.620,192,19,38,,
T,2023-05-09 02:39:54,6.24137261,-75.56740745,3.79,1494.287,23.877,3.780,212,19,38,,
T,2023-05-09 02:39:55,6.24136004,-75.56744064,3.79,1494.512,23.877,3.760,252,19,38,,
T,2023-05-09 02:39:56,6.24136272,-75.56748355,3.79,1493.888,23.878,4.910,282,19,38,,
T,2023-05-09 02:39:57,6.24139166,-75.56753916,3.79,1494.416,23.878,6.580,291,19,38,,
T,2023-05-09 02:39:58,6.24141786,-75.56760847,3.79,1494.178,23.878,7.550,290,19,38,,
T,2023-05-09 02:39:59,6.24144255,-75.56766601,3.79,1493.643,23.878,6.930,289,18,38,,
T,2023-05-09 02:40:00,6.24146058,-75.56771663,3.79,1493.664,23.879,6.060,283,18,38,,
T,2023-05-09 02:40:01,6.24146547,-75.56776239,3.79,1492.952,23.879,5.470,271,18,38,,
T,2023-05-09 02:40:02,6.24146187,-75.56780651,3.79,1492.539,23.879,4.890,253,18,38,,
T,2023-05-09 02:40:03,6.24145204,-75.56784378,3.79,1492.200,23.879,4.140,241,19,38,,
T,2023-05-09 02:40:04,6.24143401,-75.56786890,9.94,1492.443,23.880,3.650,218,19,38,,
T,2023-05-09 02:40:05,6.24142123,-75.56787015,9.94,1493.439,23.880,1.980,209,19,38,,
T,2023-05-09 02:40:06,6.24140751,-75.56787849,9.94,1493.549,23.880,1.440,199,19,38,,
T,2023-05-09 02:40:07,6.24140886,-75.56787571,9.94,1493.409,23.880,0.000,,19,38,,
T,2023-05-09 02:40:08,6.24141051,-75.56787898,9.94,1493.696,23.880,0.270,199,19,38,,
T,2023-05-09 02:40:09,6.24141140,-75.56788254,9.94,1494.087,23.880,0.000,,19,38,,
T,2023-05-09 02:40:10,6.24141171,-75.56788132,9.94,1494.110,23.880,0.000,,17,38,,
T,2023-05-09 02:40:11,6.24141211,-75.56788002,9.94,1494.143,23.880,0.000,,17,38,,
T,2023-05-09 02:40:12,6.24141476,-75.56788789,9.94,1494.176,23.880,1.210,235,16,38,,
T,2023-05-09 02:40:13,6.24141505,-75.56789244,9.94,1493.715,23.880,0.860,242,18,38,,
T,2023-05-09 02:40:14,6.24141851,-75.56789136,9.94,1493.558,23.880,0.380,234,18,38,,
T,2023-05-09 02:40:15,6.24141818,-75.56788894,9.94,1493.281,23.880,0.810,239,17,38,,
T,2023-05-09 02:40:16,6.24141972,-75.56788030,9.94,1493.245,23.880,0.230,239,17,38,,
T,2023-05-09 02:40:17,6.24142144,-75.56787314,10.02,1493.501,23.880,0.000,,17,38,,
T,2023-05-09 02:40:18,6.24142363,-75.56786760,10.02,1493.363,23.880,0.000,,17,38,,
T,2023-05-09 02:40:19,6.24142728,-75.56786685,10.09,1493.608,23.880,0.310,239,16,38,,
T,2023-05-09 02:40:20,6.24142663,-75.56786592,10.30,1493.327,23.880,0.310,239,16,38,,
T,2023-05-09 02:40:21,6.24142404,-75.56786209,10.63,1493.354,23.880,0.350,239,11,38,,
T,2023-05-09 02:40:33,6.24141332,-75.56783111,21.91,1492.928,23.879,0.560,42,8,38,,
T,2023-05-09 02:40:34,6.24141442,-75.56783569,18.06,1493.040,23.879,0.460,339,14,38,,
T,2023-05-09 02:40:35,6.24141935,-75.56785004,14.63,1495.021,23.879,1.680,304,14,38,,
T,2023-05-09 02:40:36,6.24141577,-75.56785022,7.53,1495.814,23.879,0.310,290,14,38,,
T,2023-05-09 02:40:37,6.24141184,-75.56786632,5.71,1495.618,23.880,0.000,,15,38,,
T,2023-05-09 02:40:38,6.24141405,-75.56787803,4.84,1495.785,23.880,0.000,,15,38,,
T,2023-05-09 02:40:39,6.24141423,-75.56787500,4.32,1496.125,23.880,0.000,,15,38,,
T,2023-05-09 02:40:40,6.24141357,-75.56787808,4.34,1496.480,23.880,0.000,,12,38,,
T,2023-05-09 02:40:41,6.24141619,-75.56787721,4.38,1496.727,23.880,0.000,,12,38,,
T,2023-05-09 02:40:42,6.24141761,-75.56787462,4.34,1497.928,23.880,0.000,,12,38,,
T,2023-05-09 02:40:43,6.24141880,-75.56787369,4.12,1497.634,23.880,0.410,255,13,38,,
T,2023-05-09 02:40:44,6.24141343,-75.56786811,3.79,1496.373,23.880,0.000,,15,37,,
T,2023-05-09 02:40:45,6.24140801,-75.56788138,3.79,1494.370,23.880,0.000,,16,38,,
T,2023-05-09 02:40:46,6.24140507,-75.56788701,3.79,1493.910,23.880,0.000,,16,38,,
T,2023-05-09 02:40:47,6.24140370,-75.56788950,3.79,1493.620,23.880,0.000,,17,38,,
T,2023-05-09 02:40:48,6.24140250,-75.56789449,3.79,1493.237,23.880,0.000,,17,38,,
T,2023-05-09 02:40:49,6.24140205,-75.56789785,3.79,1492.817,23.880,0.000,,17,38,,
T,2023-05-09 02:40:50,6.24140240,-75.56790266,3.79,1492.736,23.880,0.000,,16,38,,
T,2023-05-09 02:40:51,6.24140401,-75.56790116,3.79,1491.757,23.880,0.000,,15,38,,
T,2023-05-09 02:40:52,6.24140585,-75.56790025,3.79,1491.132,23.880,0.000,,14,38,,
T,2023-05-09 02:40:53,6.24140610,-75.56790045,3.79,1490.464,23.880,0.000,,13,38,,
T,2023-05-09 02:40:54,6.24140578,-75.56790158,3.79,1490.070,23.880,0.000,,13,38,,
T,2023-05-09 02:40:55,6.24140551,-75.56790192,3.79,1489.914,23.880,0.000,,13,38,,
T,2023-05-09 02:40:56,6.24140544,-75.56790214,3.79,1489.855,23.880,0.000,,12,38,,
T,2023-05-09 02:40:57,6.24140544,-75.56790225,3.79,1489.843,23.880,0.000,,12,38,,
T,2023-05-09 02:40:58,6.24140547,-75.56790234,3.79,1489.842,23.880,0.000,,12,38,,
T,2023-05-09 02:40:59,6.24140549,-75.56790239,3.79,1489.843,23.880,0.000,,12,38,,
T,2023-05-09 02:41:00,6.24140550,-75.56790235,3.79,1489.847,23.880,0.000,,12,38,,
T,2023-05-09 02:41:01,6.24140549,-75.56790226,3.79,1489.851,23.880,0.000,,14,38,,
T,2023-05-09 02:41:02,6.24140550,-75.56790224,3.79,1489.857,23.880,0.000,,14,38,,
T,2023-05-09 02:41:03,6.24140554,-75.56790223,3.79,1489.858,23.880,0.000,,14,38,,
T,2023-05-09 02:41:04,6.24140552,-75.56790219,3.79,1489.861,23.880,0.000,,14,38,,
T,2023-05-09 02:41:05,6.24140410,-75.56790156,3.79,1490.074,23.880,0.000,,14,38,,
T,2023-05-09 02:41:06,6.24140392,-75.56790147,3.79,1490.045,23.880,0.000,,14,38,,
T,2023-05-09 02:41:07,6.24140362,-75.56790128,3.79,1490.086,23.880,0.000,,15,38,,
T,2023-05-09 02:41:08,6.24140320,-75.56790062,3.79,1490.227,23.880,0.000,,15,38,,
T,2023-05-09 02:41:09,6.24140310,-75.56790044,3.79,1490.237,23.880,0.000,,16,38,,
