type,date time,latitude,longitude,accuracy(m),altitude(m),geoid_height(m),speed(m/s),bearing(deg),sat_used,sat_inview,name,desc
T,2023-05-09 15:13:24,6.21452895,-75.58131542,3.79,1493.878,24.002,0.000,,23,35,20230509-101324,GPS Logger: 20230509-101324 - Viaje 13
T,2023-05-09 15:13:25,6.21453171,-75.58131384,3.79,1493.786,24.002,0.000,,23,35,,
T,2023-05-09 15:13:26,6.21453211,-75.58131330,3.79,1494.159,24.002,0.000,,23,35,,
T,2023-05-09 15:13:27,6.21453347,-75.58131580,3.79,1494.165,24.002,0.000,,23,35,,
T,2023-05-09 15:13:28,6.21453569,-75.58131789,3.79,1494.238,24.002,0.000,,23,35,,
T,2023-05-09 15:13:29,6.21454101,-75.58131767,3.79,1494.962,24.002,0.000,,23,35,,
T,2023-05-09 15:13:30,6.21454651,-75.58131867,3.79,1494.086,24.002,0.000,,23,35,,
T,2023-05-09 15:13:31,6.21454943,-75.58132083,3.79,1493.614,24.002,0.000,,23,35,,
T,2023-05-09 15:13:32,6.21455153,-75.58132164,3.79,1493.562,24.002,0.000,,23,35,,
T,2023-05-09 15:13:33,6.21455224,-75.58132210,3.79,1493.670,24.002,0.000,,23,35,,
T,2023-05-09 15:13:34,6.21455269,-75.58132218,3.79,1493.692,24.002,0.000,,23,35,,
T,2023-05-09 15:13:35,6.21455289,-75.58132223,3.79,1493.723,24.002,0.000,,23,35,,
T,2023-05-09 15:13:36,6.21455298,-75.58132225,3.79,1493.728,24.002,0.000,,23,35,,
T,2023-05-09 15:13:37,6.21455305,-75.58132224,3.79,1493.733,24.002,0.000,,23,35,,
T,2023-05-09 15:13:38,6.21455310,-75.58132224,3.79,1493.734,24.002,0.000,,23,35,,
T,2023-05-09 15:13:39,6.21455314,-75.58132223,3.79,1493.737,24.002,0.000,,23,35,,
T,2023-05-09 15:13:40,6.21455317,-75.58132221,3.79,1493.734,24.002,0.000,,23,35,,
T,2023-05-09 15:13:41,6.21455320,-75.58132218,3.79,1493.738,24.002,0.000,,23,35,,
T,2023-05-09 15:13:42,6.21455329,-75.58132215,3.79,1493.744,24.002,0.000,,23,35,,
T,2023-05-09 15:13:43,6.21455337,-75.58132214,3.79,1493.750,24.002,0.000,,22,35,,
T,2023-05-09 15:13:44,6.21455351,-75.58132217,3.79,1493.778,24.002,0.000,,23,35,,
T,2023-05-09 15:13:45,6.21455352,-75.58132214,3.79,1493.779,24.002,0.000,,23,35,,
T,2023-05-09 15:13:46,6.21455358,-75.58132213,3.79,1493.790,24.002,0.000,,23,35,,
T,2023-05-09 15:13:47,6.21455507,-75.58131719,3.79,1493.599,24.002,0.360,97,23,35,,
T,2023-05-09 15:13:48,6.21455501,-75.58128682,3.79,1493.862,24.002,4.060,95,23,35,,
T,2023-05-09 15:13:49,6.21455010,-75.58125423,3.79,1493.309,24.002,4.080,100,24,35,,
T,2023-05-09 15:13:50,6.21454387,-75.58121749,3.79,1493.036,24.001,4.540,100,24,35,,
T,2023-05-09 15:13:51,6.21453845,-75.58114496,3.79,1494.383,24.001,8.650,98,24,35,,
T,2023-05-09 15:13:52,6.21451430,-75.58108100,3.79,1493.294,24.001,8.650,111,24,35,,
T,2023-05-09 15:13:53,6.21448925,-75.58101225,3.79,1493.154,24.000,8.490,113,24,35,,
T,2023-05-09 15:13:54,6.21445741,-75.58094772,3.79,1493.303,24.000,8.020,113,24,35,,
T,2023-05-09 15:13:55,6.21442983,-75.58088673,3.79,1493.531,24.000,7.150,111,24,35,,
T,2023-05-09 15:13:56,6.21440741,-75.58082845,3.79,1493.634,24.000,6.770,108,24,35,,
T,2023-05-09 15:13:57,6.21438868,-75.58077211,3.79,1493.709,23.999,6.170,108,24,35,,
T,2023-05-09 15:13:58,6.21436272,-75.58073141,3.79,1493.120,23.999,5.020,107,24,35,,
T,2023-05-09 15:13:59,6.21432510,-75.58067403,3.82,1492.459,23.999,6.360,107,24,35,,
T,2023-05-09 15:14:00,6.21430654,-75.58060694,3.79,1492.784,23.999,7.170,114,24,35,,
T,2023-05-09 15:14:01,6.21428544,-75.58055364,3.79,1492.723,23.998,6.240,110,24,35,,
T,2023-05-09 15:14:02,6.21427234,-75.58050733,3.79,1492.771,23.998,4.870,109,24,35,,
T,2023-05-09 15:14:03,6.21425675,-75.58046207,3.96,1492.802,23.998,4.720,109,24,35,,
T,2023-05-09 15:14:04,6.21423595,-75.58042216,3.79,1492.458,23.998,4.630,106,24,35,,
T,2023-05-09 15:14:05,6.21421976,-75.58036532,3.79,1492.728,23.998,5.930,112,24,35,,
T,2023-05-09 15:14:06,6.21420257,-75.58031754,3.79,1492.498,23.997,5.640,107,24,35,,
T,2023-05-09 15:14:07,6.21417990,-75.58025964,4.01,1492.154,23.997,6.690,112,24,35,,
T,2023-05-09 15:14:08,6.21415279,-75.58017980,3.79,1493.054,23.997,8.710,106,24,35,,
T,2023-05-09 15:14:09,6.21412589,-75.58011038,3.79,1493.104,23.996,8.150,108,24,35,,
T,2023-05-09 15:14:10,6.21410248,-75.58004932,3.79,1493.383,23.996,7.290,116,24,35,,
T,2023-05-09 15:14:11,6.21407002,-75.57999196,3.79,1494.067,23.996,6.770,129,24,35,,
T,2023-05-09 15:14:12,6.21401995,-75.57995039,3.79,1494.013,23.996,7.460,144,24,35,,
T,2023-05-09 15:14:13,6.21397211,-75.57991814,3.79,1494.841,23.996,6.660,147,24,35,,
T,2023-05-09 15:14:14,6.21393255,-75.57989720,3.79,1495.012,23.996,5.120,148,24,35,,
T,2023-05-09 15:14:15,6.21390256,-75.57987579,3.79,1495.203,23.996,4.140,151,24,35,,
T,2023-05-09 15:14:16,6.21389496,-75.57986994,3.79,1495.465,23.996,1.950,151,24,35,,
T,2023-05-09 15:14:17,6.21389451,-75.57986884,3.79,1495.244,23.996,0.660,146,24,35,,
T,2023-05-09 15:14:18,6.21389402,-75.57986933,3.79,1495.421,23.996,0.310,146,24,35,,
T,2023-05-09 15:14:19,6.21389731,-75.57986536,3.79,1495.378,23.996,0.000,,24,35,,
T,2023-05-09 15:14:20,6.21389536,-75.57986283,3.79,1494.635,23.996,0.180,141,24,35,,
T,2023-05-09 15:14:21,6.21389027,-75.57986017,3.79,1495.096,23.996,0.430,137,24,35,,
T,2023-05-09 15:14:22,6.21388848,-75.57986104,3.79,1494.939,23.996,0.000,,24,35,,
T,2023-05-09 15:14:23,6.21388810,-75.57986492,3.79,1494.504,23.996,0.000,,24,35,,
T,2023-05-09 15:14:24,6.21388886,-75.57986821,3.79,1494.194,23.996,0.000,,24,35,,
T,2023-05-09 15:14:25,6.21388821,-75.57987040,3.79,1493.954,23.996,0.000,,24,35,,
T,2023-05-09 15:14:26,6.21388768,-75.57987162,3.79,1493.897,23.996,0.000,,24,35,,
T,2023-05-09 15:14:27,6.21388821,-75.57987357,3.79,1493.828,23.996,0.000,,24,35,,
T,2023-05-09 15:14:28,6.21388808,-75.57987538,3.79,1493.556,23.996,0.000,,23,35,,
T,2023-05-09 15:14:29,6.21388885,-75.57987692,3.79,1493.436,23.996,0.000,,22,35,,
T,2023-05-09 15:14:30,6.21388850,-75.57987822,3.79,1493.260,23.996,0.000,,21,35,,
T,2023-05-09 15:14:31,6.21388768,-75.57987950,3.79,1493.087,23.996,0.000,,21,35,,
T,2023-05-09 15:14:32,6.21388740,-75.57988017,3.79,1492.999,23.996,0.000,,21,35,,
T,2023-05-09 15:14:33,6.21388739,-75.57988022,3.79,1493.028,23.996,0.000,,21,35,,
T,2023-05-09 15:14:34,6.21388727,-75.57988040,3.79,1492.999,23.996,0.000,,21,35,,
T,2023-05-09 15:14:35,6.21388719,-75.57988047,3.79,1492.999,23.996,0.000,,21,35,,
T,2023-05-09 15:14:36,6.21388715,-75.57988051,3.79,1492.998,23.996,0.000,,21,35,,
T,2023-05-09 15:14:37,6.21388715,-75.57988051,3.79,1492.999,23.996,0.000,,21,35,,
T,2023-05-09 15:14:38,6.21388716,-75.57988051,3.79,1492.999,23.996,0.000,,21,35,,
T,2023-05-09 15:14:39,6.21388716,-75.57988051,3.79,1492.996,23.996,0.000,,21,35,,
T,2023-05-09 15:14:40,6.21388717,-75.57988052,3.79,1492.995,23.996,0.000,,21,35,,
T,2023-05-09 15:14:41,6.21388718,-75.57988054,3.79,1492.988,23.996,0.000,,22,35,,
T,2023-05-09 15:14:42,6.21388718,-75.57988054,3.79,1492.988,23.996,0.000,,22,35,,
T,2023-05-09 15:14:43,6.21388718,-75.57988055,3.79,1492.988,23.996,0.000,,22,35,,
T,2023-05-09 15:14:44,6.21388719,-75.57988055,3.79,1492.989,23.996,0.000,,22,35,,
T,2023-05-09 15:14:45,6.21388758,-75.57988086,3.79,1492.848,23.996,0.000,,22,35,,
T,2023-05-09 15:14:46,6.21388760,-75.57988085,3.79,1492.881,23.996,0.000,,23,35,,
T,2023-05-09 15:14:47,6.21388763,-75.57988085,3.79,1492.885,23.996,0.000,,23,35,,
T,2023-05-09 15:14:48,6.21388763,-75.57988085,3.79,1492.887,23.996,0.000,,23,35,,
T,2023-05-09 15:14:49,6.21388763,-75.57988082,3.79,1492.888,23.996,0.000,,24,35,,
T,2023-05-09 15:14:50,6.21388764,-75.57988081,3.79,1492.889,23.996,0.000,,24,35,,
T,2023-05-09 15:14:51,6.21388764,-75.57988079,3.79,1492.892,23.996,0.000,,24,35,,
T,2023-05-09 15:14:52,6.21388764,-75.57988078,3.79,1492.896,23.996,0.000,,24,35,,
T,2023-05-09 15:14:53,6.21388764,-75.57988076,3.79,1492.897,23.996,0.000,,24,35,,
T,2023-05-09 15:14:54,6.21388765,-75.57988074,3.79,1492.901,23.996,0.000,,23,35,,
T,2023-05-09 15:14:55,6.21388765,-75.57988073,3.79,1492.904,23.996,0.000,,22,35,,
T,2023-05-09 15:14:56,6.21388764,-75.57988071,3.79,1492.906,23.996,0.000,,21,35,,
T,2023-05-09 15:14:57,6.21388764,-75.57988068,3.79,1492.910,23.996,0.000,,21,35,,
T,2023-05-09 15:14:58,6.21388765,-75.57988067,3.79,1492.914,23.996,0.000,,21,35,,
T,2023-05-09 15:14:59,6.21388767,-75.57988064,3.79,1492.917,23.996,0.000,,22,35,,
T,2023-05-09 15:15:00,6.21388767,-75.57988061,3.79,1492.919,23.996,0.000,,22,35,,
T,2023-05-09 15:15:01,6.21388767,-75.57988059,3.79,1492.918,23.996,0.000,,22,34,,
T,2023-05-09 15:15:02,6.21388768,-75.57988058,3.79,1492.919,23.996,0.000,,22,35,,
T,2023-05-09 15:15:03,6.21388769,-75.57988056,3.79,1492.916,23.996,0.000,,24,35,,
T,2023-05-09 15:15:04,6.21387711,-75.57987203,3.79,1492.287,23.996,1.670,144,24,35,,
T,2023-05-09 15:15:05,6.21385376,-75.57985607,3.79,1491.874,23.996,3.520,149,24,35,,
T,2023-05-09 15:15:06,6.21382429,-75.57983577,3.79,1490.767,23.996,3.940,147,25,35,,
T,2023-05-09 15:15:07,6.21377674,-75.57979306,4.15,1489.741,23.995,5.400,144,25,35,,
T,2023-05-09 15:15:08,6.21368032,-75.57973169,3.79,1489.108,23.995,10.930,152,25,35,,
T,2023-05-09 15:15:09,6.21361655,-75.57969309,3.94,1489.026,23.995,8.930,152,25,35,,
T,2023-05-09 15:15:10,6.21352912,-75.57964128,3.98,1488.556,23.995,10.540,152,25,35,,
T,2023-05-09 15:15:11,6.21345833,-75.57958784,3.79,1488.565,23.995,9.910,152,25,35,,
T,2023-05-09 15:15:12,6.21337531,-75.57953966,3.83,1488.006,23.995,10.110,149,24,35,,
T,2023-05-09 15:15:13,6.21330182,-75.57948930,3.79,1488.983,23.995,9.550,142,25,35,,
T,2023-05-09 15:15:14,6.21323389,-75.57944712,3.79,1488.944,23.995,8.760,154,25,35,,
T,2023-05-09 15:15:15,6.21318424,-75.57941069,3.79,1488.618,23.995,6.830,144,25,35,,
T,2023-05-09 15:15:16,6.21314530,-75.57938066,3.79,1488.347,23.994,5.270,135,25,35,,
T,2023-05-09 15:15:17,6.21310057,-75.57935019,3.79,1487.617,23.994,5.980,143,25,35,,
T,2023-05-09 15:15:18,6.21305399,-75.57932443,3.79,1487.475,23.994,5.870,154,25,35,,
T,2023-05-09 15:15:19,6.21301207,-75.57930106,3.79,1487.289,23.994,5.590,149,25,35,,
T,2023-05-09 15:15:20,6.21296991,-75.57925971,3.79,1489.153,23.994,5.230,147,23,35,,
T,2023-05-09 15:15:21,6.21293716,-75.57922840,3.79,1489.608,23.994,4.400,140,25,35,,
T,2023-05-09 15:15:22,6.21289069,-75.57917829,3.79,1490.401,23.994,5.690,142,24,35,,
T,2023-05-09 15:15:23,6.21284028,-75.57914504,3.85,1491.341,23.994,5.880,148,25,35,,
T,2023-05-09 15:15:24,6.21279642,-75.57910460,3.79,1491.475,23.994,6.060,145,25,35,,
T,2023-05-09 15:15:25,6.21273530,-75.57906239,3.79,1492.235,23.994,7.160,144,25,35,,
T,2023-05-09 15:15:26,6.21266751,-75.57901398,3.79,1492.586,23.993,8.020,144,25,35,,
T,2023-05-09 15:15:27,6.21259253,-75.57896258,3.79,1493.184,23.993,9.000,140,25,35,,
T,2023-05-09 15:15:28,6.21250758,-75.57891259,3.79,1492.920,23.993,9.770,149,25,35,,
T,2023-05-09 15:15:29,6.21243044,-75.57885635,3.79,1493.486,23.993,10.210,154,25,35,,
T,2023-05-09 15:15:30,6.21233212,-75.57880978,3.79,1493.175,23.993,11.470,158,25,35,,
T,2023-05-09 15:15:31,6.21221403,-75.57877729,3.79,1492.593,23.993,12.420,163,25,35,,
T,2023-05-09 15:15:32,6.21210773,-75.57875266,3.79,1492.549,23.993,12.010,169,25,35,,
T,2023-05-09 15:15:33,6.21200679,-75.57874027,3.79,1493.758,23.993,10.670,173,25,35,,
T,2023-05-09 15:15:34,6.21193044,-75.57873448,3.79,1493.254,23.993,8.610,178,25,35,,
T,2023-05-09 15:15:35,6.21185527,-75.57872871,3.79,1493.824,23.994,8.240,181,25,35,,
T,2023-05-09 15:15:36,6.21177398,-75.57872941,3.79,1493.717,23.994,8.510,185,25,35,,
T,2023-05-09 15:15:37,6.21170447,-75.57873183,3.79,1493.973,23.994,7.270,183,25,35,,
T,2023-05-09 15:15:38,6.21165173,-75.57873680,3.79,1493.897,23.994,5.320,183,25,35,,
T,2023-05-09 15:15:39,6.21162394,-75.57873675,3.79,1493.353,23.994,3.870,182,25,35,,
T,2023-05-09 15:15:40,6.21159874,-75.57874010,3.79,1493.614,23.994,2.970,188,25,35,,
T,2023-05-09 15:15:41,6.21155834,-75.57873644,3.79,1494.676,23.994,3.450,175,25,35,,
T,2023-05-09 15:15:42,6.21152564,-75.57873554,3.79,1494.628,23.994,3.830,172,25,35,,
T,2023-05-09 15:15:43,6.21146914,-75.57873922,3.79,1495.188,23.994,5.920,181,25,35,,
T,2023-05-09 15:15:44,6.21140022,-75.57874765,3.79,1495.546,23.995,7.280,192,25,35,,
T,2023-05-09 15:15:45,6.21132398,-75.57875420,3.79,1495.928,23.995,8.250,184,25,35,,
T,2023-05-09 15:15:46,6.21125773,-75.57875691,3.79,1495.877,23.995,7.320,185,25,35,,
T,2023-05-09 15:15:47,6.21118810,-75.57876030,3.79,1495.774,23.995,7.670,186,25,35,,
T,2023-05-09 15:15:48,6.21112429,-75.57875955,3.79,1495.598,23.995,6.470,182,25,35,,
T,2023-05-09 15:15:49,6.21106908,-75.57876270,3.79,1495.887,23.995,5.850,183,25,35,,
T,2023-05-09 15:15:50,6.21100651,-75.57876304,3.79,1496.429,23.995,6.570,188,25,35,,
T,2023-05-09 15:15:51,6.21095691,-75.57877218,3.79,1496.377,23.996,5.300,191,25,35,,
T,2023-05-09 15:15:52,6.21091847,-75.57877328,3.79,1496.634,23.996,4.350,189,25,35,,
T,2023-05-09 15:15:53,6.21087274,-75.57878346,3.79,1496.648,23.996,4.870,191,25,35,,
T,2023-05-09 15:15:54,6.21081707,-75.57879576,3.79,1496.601,23.996,5.830,192,25,35,,
T,2023-05-09 15:15:55,6.21075260,-75.57880748,3.79,1496.569,23.996,6.920,194,25,35,,
T,2023-05-09 15:15:56,6.21068830,-75.57881206,3.79,1496.082,23.996,7.000,191,25,35,,
T,2023-05-09 15:15:57,6.21063069,-75.57881884,3.79,1496.231,23.996,6.420,189,25,35,,
T,2023-05-09 15:15:58,6.21057306,-75.57882659,3.79,1496.072,23.997,6.280,189,25,35,,
T,2023-05-09 15:15:59,6.21052717,-75.57882644,3.79,1496.186,23.997,5.280,180,25,35,,
T,2023-05-09 15:16:00,6.21047751,-75.57882150,3.79,1496.074,23.997,5.440,182,25,35,,
T,2023-05-09 15:16:01,6.21041092,-75.57882966,3.79,1495.627,23.997,6.960,188,25,35,,
T,2023-05-09 15:16:02,6.21033486,-75.57884370,3.79,1494.779,23.997,8.480,183,25,35,,
T,2023-05-09 15:16:03,6.21023821,-75.57887003,9.94,1495.252,23.997,10.370,198,25,35,,
T,2023-05-09 15:16:04,6.21014483,-75.57888212,9.94,1495.604,23.998,10.820,190,25,35,,
T,2023-05-09 15:16:05,6.21004493,-75.57889600,9.94,1496.144,23.998,10.660,186,25,35,,
T,2023-05-09 15:16:06,6.20995653,-75.57890846,9.94,1496.418,23.998,9.850,186,25,35,,
T,2023-05-09 15:16:07,6.20988214,-75.57892123,9.94,1496.341,23.998,8.700,188,25,35,,
T,2023-05-09 15:16:08,6.20980575,-75.57893264,9.94,1496.285,23.999,8.410,187,25,35,,
T,2023-05-09 15:16:09,6.20973108,-75.57894285,10.39,1496.272,23.999,8.280,190,25,35,,
T,2023-05-09 15:16:10,6.20967350,-75.57895788,9.94,1496.022,23.999,6.780,185,25,35,,
T,2023-05-09 15:16:11,6.20960215,-75.57896404,9.94,1496.861,23.999,6.810,187,25,35,,
T,2023-05-09 15:16:12,6.20954690,-75.57897642,9.94,1496.567,23.999,6.380,178,25,35,,
T,2023-05-09 15:16:13,6.20947572,-75.57897316,9.94,1497.302,23.999,6.860,177,25,35,,
T,2023-05-09 15:16:14,6.20940047,-75.57897214,9.94,1497.476,24.000,8.670,187,25,35,,
T,2023-05-09 15:16:15,6.20930280,-75.57898418,9.94,1497.797,24.000,10.720,192,25,35,,
T,2023-05-09 15:16:16,6.20919805,-75.57900002,9.94,1497.292,24.000,11.880,193,25,35,,
T,2023-05-09 15:16:17,6.20909494,-75.57901385,9.94,1497.509,24.000,11.990,191,25,35,,
T,2023-05-09 15:16:18,6.20898637,-75.57902603,9.94,1497.518,24.001,12.070,189,25,35,,
T,2023-05-09 15:16:19,6.20888701,-75.57903712,9.94,1497.569,24.001,10.970,183,25,35,,
T,2023-05-09 15:16:20,6.20879274,-75.57904358,9.94,1497.511,24.001,11.080,186,25,35,,
T,2023-05-09 15:16:21,6.20869570,-75.57905496,9.94,1496.943,24.001,10.620,189,25,35,,
T,2023-05-09 15:16:22,6.20862236,-75.57906963,9.94,1497.420,24.002,8.420,195,25,35,,
T,2023-05-09 15:16:23,6.20855781,-75.57908724,9.94,1497.448,24.002,7.400,197,25,35,,
T,2023-05-09 15:16:24,6.20849428,-75.57910675,9.94,1497.234,24.002,7.360,195,25,35,,
T,2023-05-09 15:16:25,6.20843431,-75.57911719,9.94,1497.119,24.002,7.240,189,25,35,,
T,2023-05-09 15:16:26,6.20836764,-75.57912886,9.94,1496.825,24.002,7.480,191,25,35,,
T,2023-05-09 15:16:27,6.20828041,-75.57913996,9.94,1496.552,24.003,9.190,187,25,35,,
T,2023-05-09 15:16:28,6.20818143,-75.57915328,9.94,1496.431,24.003,10.850,190,25,35,,
T,2023-05-09 15:16:29,6.20808578,-75.57916199,9.94,1496.949,24.003,10.770,188,25,35,,
T,2023-05-09 15:16:30,6.20801012,-75.57916537,9.94,1497.646,24.003,8.330,183,25,35,,
T,2023-05-09 15:16:31,6.20794932,-75.57916716,9.94,1497.967,24.003,6.610,185,25,35,,
T,2023-05-09 15:16:32,6.20790354,-75.57916996,9.94,1498.068,24.004,5.070,184,25,35,,
T,2023-05-09 15:16:33,6.20786255,-75.57917669,3.79,1498.011,24.004,4.570,188,25,35,,
T,2023-05-09 15:16:34,6.20784734,-75.57918399,3.79,1497.737,24.004,2.590,190,25,35,,
T,2023-05-09 15:16:35,6.20781821,-75.57919057,3.79,1497.080,24.004,2.770,190,25,35,,
T,2023-05-09 15:16:36,6.20779329,-75.57919684,3.79,1497.442,24.004,2.680,208,25,35,,
T,2023-05-09 15:16:37,6.20774995,-75.57919999,3.79,1498.079,24.004,4.110,196,25,35,,
T,2023-05-09 15:16:38,6.20770622,-75.57920127,3.79,1498.117,24.004,4.710,193,25,35,,
T,2023-05-09 15:16:39,6.20766936,-75.57919974,3.79,1496.853,24.004,5.020,181,25,35,,
T,2023-05-09 15:16:40,6.20763562,-75.57920123,3.79,1497.306,24.004,4.000,176,25,35,,
T,2023-05-09 15:16:41,6.20760198,-75.57920664,3.79,1497.406,24.004,3.150,173,25,35,,
T,2023-05-09 15:16:42,6.20757603,-75.57920812,3.79,1497.269,24.004,2.770,173,25,35,,
T,2023-05-09 15:16:43,6.20755048,-75.57920061,3.79,1496.996,24.004,2.820,176,25,35,,
T,2023-05-09 15:16:44,6.20752225,-75.57920448,3.79,1497.578,24.004,2.670,162,25,35,,
T,2023-05-09 15:16:45,6.20749117,-75.57919974,3.79,1497.231,24.005,3.150,175,25,35,,
T,2023-05-09 15:16:46,6.20745652,-75.57919841,3.79,1497.214,24.005,3.860,175,25,35,,
T,2023-05-09 15:16:47,6.20742760,-75.57920338,3.79,1497.344,24.005,3.220,187,25,35,,
T,2023-05-09 15:16:48,6.20741151,-75.57920685,3.79,1497.756,24.005,1.560,182,25,35,,
T,2023-05-09 15:16:49,6.20740264,-75.57920842,3.79,1498.165,24.005,0.880,177,25,35,,
T,2023-05-09 15:16:50,6.20739093,-75.57920961,3.79,1498.016,24.005,1.300,181,25,35,,
T,2023-05-09 15:16:51,6.20735097,-75.57921485,3.79,1497.818,24.005,4.210,188,25,35,,
T,2023-05-09 15:16:52,6.20730221,-75.57922402,3.79,1497.096,24.005,4.710,192,25,35,,
T,2023-05-09 15:16:53,6.20723632,-75.57923642,3.79,1497.019,24.005,5.740,197,25,35,,
T,2023-05-09 15:16:54,6.20715872,-75.57924392,3.79,1497.457,24.005,8.190,193,25,35,,
T,2023-05-09 15:16:55,6.20708145,-75.57925661,3.79,1497.587,24.006,8.300,191,25,35,,
T,2023-05-09 15:16:56,6.20699855,-75.57926399,3.79,1496.986,24.006,8.840,190,25,35,,
T,2023-05-09 15:16:57,6.20692015,-75.57926991,3.79,1496.464,24.006,8.490,188,25,35,,
T,2023-05-09 15:16:58,6.20684735,-75.57927882,3.79,1496.820,24.006,8.040,188,25,35,,
T,2023-05-09 15:16:59,6.20676822,-75.57929304,3.84,1497.210,24.006,8.710,190,25,35,,
T,2023-05-09 15:17:00,6.20669674,-75.57930593,4.02,1497.188,24.007,8.050,191,25,35,,
T,2023-05-09 15:17:01,6.20661868,-75.57931095,3.79,1497.861,24.007,7.290,189,24,35,,
T,2023-05-09 15:17:02,6.20656477,-75.57931538,3.79,1497.876,24.007,6.360,188,25,35,,
T,2023-05-09 15:17:03,6.20651345,-75.57932329,3.79,1497.901,24.007,5.880,189,25,35,,
T,2023-05-09 15:17:04,6.20645456,-75.57933600,3.79,1498.032,24.007,6.590,191,25,35,,
T,2023-05-09 15:17:05,6.20640018,-75.57934456,3.79,1498.050,24.007,6.080,188,25,35,,
T,2023-05-09 15:17:06,6.20634218,-75.57935410,3.79,1498.050,24.008,6.230,188,25,35,,
T,2023-05-09 15:17:07,6.20629065,-75.57936391,3.79,1498.076,24.008,5.890,189,25,35,,
T,2023-05-09 15:17:08,6.20622376,-75.57937089,3.79,1497.953,24.008,6.920,192,25,35,,
T,2023-05-09 15:17:09,6.20616560,-75.57937701,3.79,1496.667,24.008,6.190,189,25,35,,
T,2023-05-09 15:17:10,6.20609151,-75.57938593,3.79,1497.332,24.008,7.710,190,25,35,,
T,2023-05-09 15:17:11,6.20603203,-75.57940410,3.79,1497.878,24.008,7.040,191,25,35,,
T,2023-05-09 15:17:12,6.20597515,-75.57941581,3.79,1498.071,24.009,6.440,194,25,35,,
T,2023-05-09 15:17:13,6.20591648,-75.57941929,3.79,1499.513,24.009,5.980,187,25,35,,
T,2023-05-09 15:17:14,6.20588116,-75.57943014,3.79,1498.773,24.009,4.340,194,25,35,,
T,2023-05-09 15:17:15,6.20584064,-75.57944319,3.79,1498.671,24.009,3.980,191,25,35,,
T,2023-05-09 15:17:16,6.20580584,-75.57945059,3.79,1498.135,24.009,3.780,195,25,35,,
T,2023-05-09 15:17:17,6.20577320,-75.57945632,3.79,1497.649,24.009,3.400,191,25,35,,
T,2023-05-09 15:17:18,6.20574498,-75.57946293,3.79,1497.646,24.009,2.730,183,25,35,,
T,2023-05-09 15:17:19,6.20572359,-75.57945728,3.79,1496.060,24.009,2.430,178,25,35,,
T,2023-05-09 15:17:20,6.20569819,-75.57946111,3.79,1496.587,24.009,2.810,189,25,35,,
T,2023-05-09 15:17:21,6.20567238,-75.57946699,3.79,1496.421,24.009,2.710,197,25,35,,
T,2023-05-09 15:17:22,6.20564183,-75.57947089,3.79,1495.341,24.010,3.140,190,25,35,,
T,2023-05-09 15:17:23,6.20560851,-75.57947064,3.79,1495.590,24.010,3.140,179,25,35,,
T,2023-05-09 15:17:24,6.20557590,-75.57946955,3.79,1495.964,24.010,3.090,185,25,35,,
T,2023-05-09 15:17:25,6.20554429,-75.57947200,3.79,1496.495,24.010,2.970,187,25,35,,
T,2023-05-09 15:17:26,6.20551414,-75.57947766,3.79,1496.995,24.010,2.860,195,25,35,,
T,2023-05-09 15:17:27,6.20546889,-75.57948912,3.79,1497.575,24.010,4.620,199,25,35,,
T,2023-05-09 15:17:28,6.20539314,-75.57949899,3.79,1497.395,24.010,6.150,193,25,35,,
T,2023-05-09 15:17:29,6.20532222,-75.57950597,3.79,1496.287,24.010,7.770,187,25,35,,
T,2023-05-09 15:17:30,6.20523521,-75.57952071,3.79,1496.449,24.011,9.600,192,25,35,,
T,2023-05-09 15:17:31,6.20513620,-75.57954546,3.79,1496.681,24.011,11.040,191,25,35,,
T,2023-05-09 15:17:32,6.20502476,-75.57956500,3.79,1495.467,24.011,12.090,190,25,35,,
T,2023-05-09 15:17:33,6.20491814,-75.57959341,3.79,1495.270,24.012,12.870,192,25,35,,
T,2023-05-09 15:17:34,6.20478770,-75.57961026,3.79,1495.645,24.012,14.130,195,25,35,,
T,2023-05-09 15:17:35,6.20464639,-75.57963963,3.79,1496.231,24.012,15.700,196,25,35,,
T,2023-05-09 15:17:36,6.20450021,-75.57966682,3.79,1496.403,24.013,15.940,198,25,35,,
T,2023-05-09 15:17:37,6.20435907,-75.57969069,3.79,1497.013,24.013,15.760,191,25,35,,
T,2023-05-09 15:17:38,6.20422980,-75.57971330,3.79,1497.068,24.014,14.480,193,25,35,,
T,2023-05-09 15:17:39,6.20409619,-75.57974005,3.79,1497.546,24.014,15.000,191,25,35,,
T,2023-05-09 15:17:40,6.20395082,-75.57975693,9.94,1497.136,24.014,15.670,190,25,35,,
T,2023-05-09 15:17:41,6.20380898,-75.57978206,9.94,1496.953,24.015,15.640,189,25,35,,
T,2023-05-09 15:17:42,6.20367515,-75.57980450,9.94,1497.986,24.015,15.070,189,24,35,,
T,2023-05-09 15:17:43,6.20353507,-75.57982694,9.94,1498.452,24.015,15.050,189,24,35,,
T,2023-05-09 15:17:44,6.20340724,-75.57984414,9.94,1497.818,24.016,14.720,189,25,35,,
T,2023-05-09 15:17:45,6.20328479,-75.57986345,9.94,1498.312,24.016,13.830,188,25,35,,
T,2023-05-09 15:17:46,6.20316294,-75.57988388,9.94,1498.435,24.017,13.400,193,25,35,,
T,2023-05-09 15:17:47,6.20304005,-75.57990162,9.94,1498.337,24.017,13.590,189,25,35,,
T,2023-05-09 15:17:48,6.20293479,-75.57993194,10.25,1497.774,24.017,12.570,189,25,35,,
T,2023-05-09 15:17:49,6.20281632,-75.57995326,10.41,1497.896,24.018,12.960,186,25,35,,
T,2023-05-09 15:17:50,6.20267374,-75.57995485,9.94,1499.296,24.018,13.640,186,24,35,,
T,2023-05-09 15:17:51,6.20255799,-75.57997107,9.94,1499.381,24.018,13.680,184,25,35,,
T,2023-05-09 15:17:52,6.20242290,-75.57997990,9.94,1499.492,24.018,14.160,183,25,35,,
T,2023-05-09 15:17:53,6.20228414,-75.57998791,9.94,1500.194,24.019,14.700,183,25,35,,
T,2023-05-09 15:17:54,6.20214321,-75.58000152,9.94,1501.159,24.019,15.470,184,25,35,,
T,2023-05-09 15:17:55,6.20199851,-75.58001656,9.94,1501.290,24.019,16.310,185,25,35,,
T,2023-05-09 15:17:56,6.20184886,-75.58002487,9.94,1501.440,24.020,16.610,185,24,35,,
T,2023-05-09 15:17:57,6.20167769,-75.58004439,9.94,1501.990,24.020,18.240,187,24,35,,
T,2023-05-09 15:17:58,6.20151121,-75.58006722,9.94,1501.879,24.021,18.620,188,24,35,,
T,2023-05-09 15:17:59,6.20133695,-75.58008092,9.94,1501.815,24.021,19.300,188,23,35,,
T,2023-05-09 15:18:00,6.20116103,-75.58010015,9.94,1502.314,24.022,19.080,187,23,35,,
T,2023-05-09 15:18:01,6.20099329,-75.58011980,9.94,1502.627,24.022,18.780,187,24,35,,
T,2023-05-09 15:18:02,6.20082311,-75.58014140,9.94,1502.803,24.022,18.920,186,24,35,,
T,2023-05-09 15:18:03,6.20065593,-75.58016187,9.94,1502.877,24.023,18.670,187,24,35,,
T,2023-05-09 15:18:04,6.20048765,-75.58018093,9.94,1503.451,24.023,18.630,187,24,35,,
T,2023-05-09 15:18:05,6.20032145,-75.58019846,9.94,1503.366,24.024,18.690,187,24,35,,
T,2023-05-09 15:18:06,6.20015395,-75.58022160,9.94,1503.349,24.024,18.550,187,24,35,,
T,2023-05-09 15:18:07,6.19998406,-75.58025092,9.94,1503.251,24.025,18.990,191,24,35,,
T,2023-05-09 15:18:08,6.19980838,-75.58028794,9.94,1503.294,24.025,19.760,194,24,35,,
T,2023-05-09 15:18:09,6.19962568,-75.58033132,3.79,1503.552,24.026,20.430,196,24,35,,
T,2023-05-09 15:18:10,6.19943527,-75.58038038,3.79,1503.328,24.026,21.460,198,24,35,,
T,2023-05-09 15:18:11,6.19924258,-75.58043065,3.79,1503.309,24.027,22.410,196,24,35,,
T,2023-05-09 15:18:12,6.19903794,-75.58048337,3.79,1503.323,24.028,23.240,198,24,35,,
T,2023-05-09 15:18:13,6.19883197,-75.58053928,3.79,1503.156,24.028,23.610,197,24,35,,
T,2023-05-09 15:18:14,6.19862845,-75.58060275,3.79,1503.606,24.029,23.760,199,24,35,,
T,2023-05-09 15:18:15,6.19842704,-75.58066611,3.79,1504.006,24.030,23.390,206,24,35,,
T,2023-05-09 15:18:16,6.19822342,-75.58072920,3.79,1504.725,24.031,23.180,201,24,35,,
T,2023-05-09 15:18:17,6.19801978,-75.58079679,3.79,1504.696,24.031,23.140,202,23,35,,
T,2023-05-09 15:18:18,6.19782435,-75.58087271,3.79,1504.883,24.032,23.190,213,23,35,,
T,2023-05-09 15:18:19,6.19764238,-75.58094814,3.79,1504.826,24.033,21.950,206,23,35,,
T,2023-05-09 15:18:20,6.19746193,-75.58102014,3.79,1504.954,24.034,21.550,207,23,35,,
T,2023-05-09 15:18:21,6.19728255,-75.58109198,3.79,1504.505,24.034,21.490,211,23,35,,
T,2023-05-09 15:18:22,6.19710837,-75.58116107,3.79,1504.860,24.035,20.800,205,23,35,,
T,2023-05-09 15:18:23,6.19694738,-75.58123128,3.79,1504.858,24.036,20.310,202,23,35,,
T,2023-05-09 15:18:24,6.19677410,-75.58129597,3.79,1505.231,24.036,20.360,202,23,35,,
T,2023-05-09 15:18:25,6.19659879,-75.58136244,4.05,1505.632,24.037,20.600,202,23,35,,
T,2023-05-09 15:18:26,6.19642494,-75.58142240,4.25,1506.248,24.038,20.220,195,23,35,,
T,2023-05-09 15:18:27,6.19626330,-75.58148229,4.78,1506.415,24.038,19.230,205,23,35,,
T,2023-05-09 15:18:28,6.19609853,-75.58154954,5.01,1506.669,24.039,19.590,203,23,35,,
T,2023-05-09 15:18:29,6.19591313,-75.58160668,4.27,1507.412,24.040,20.230,200,23,35,,
T,2023-05-09 15:18:30,6.19575229,-75.58166867,4.15,1506.922,24.040,19.290,201,23,35,,
T,2023-05-09 15:18:31,6.19557005,-75.58173038,3.98,1507.618,24.041,19.740,200,23,35,,
T,2023-05-09 15:18:32,6.19540423,-75.58179865,3.93,1507.250,24.042,20.130,200,24,35,,
T,2023-05-09 15:18:33,6.19523077,-75.58186738,4.36,1506.752,24.042,20.650,200,24,35,,
T,2023-05-09 15:18:34,6.19505389,-75.58193458,5.10,1506.178,24.043,20.650,200,24,35,,
T,2023-05-09 15:18:35,6.19486059,-75.58199665,5.52,1506.282,24.044,21.490,199,24,35,,
T,2023-05-09 15:18:36,6.19465978,-75.58205704,6.14,1506.629,24.044,22.810,199,23,35,,
T,2023-05-09 15:18:37,6.19448295,-75.58211462,6.02,1506.762,24.045,21.490,196,23,35,,
T,2023-05-09 15:18:38,6.19429417,-75.58217488,5.82,1506.544,24.046,21.390,198,22,35,,
T,2023-05-09 15:18:39,6.19410092,-75.58224300,6.20,1506.435,24.046,22.380,197,19,35,,
T,2023-05-09 15:18:40,6.19391816,-75.58232026,5.02,1507.034,24.047,22.320,196,18,35,,
T,2023-05-09 15:18:41,6.19372684,-75.58238162,4.17,1507.444,24.048,23.190,196,21,35,,
T,2023-05-09 15:18:42,6.19352510,-75.58243873,4.25,1507.491,24.049,23.140,194,23,35,,
T,2023-05-09 15:18:43,6.19331518,-75.58248994,3.94,1507.311,24.049,23.310,195,23,35,,
T,2023-05-09 15:18:44,6.19311763,-75.58254117,3.94,1507.554,24.050,22.920,194,23,35,,
T,2023-05-09 15:18:45,6.19291707,-75.58258921,3.90,1507.871,24.051,22.650,180,23,35,,
T,2023-05-09 15:18:46,6.19271795,-75.58263489,4.15,1508.451,24.051,22.770,190,23,35,,
T,2023-05-09 15:18:47,6.19252156,-75.58268160,4.25,1509.076,24.052,22.440,193,23,35,,
T,2023-05-09 15:18:48,6.19232854,-75.58271567,3.86,1509.494,24.052,21.480,188,23,35,,
T,2023-05-09 15:18:49,6.19214900,-75.58275369,3.79,1510.002,24.053,20.740,191,23,35,,
T,2023-05-09 15:18:50,6.19196874,-75.58279595,3.79,1510.190,24.053,20.920,191,23,35,,
T,2023-05-09 15:18:51,6.19177672,-75.58283522,3.79,1510.270,24.054,21.250,192,23,35,,
T,2023-05-09 15:18:52,6.19158618,-75.58287519,3.79,1510.237,24.055,21.150,193,23,35,,
T,2023-05-09 15:18:53,6.19140011,-75.58291654,3.79,1509.515,24.055,21.490,194,24,34,,
T,2023-05-09 15:18:54,6.19120465,-75.58295167,3.79,1510.554,24.056,21.670,193,24,35,,
T,2023-05-09 15:18:55,6.19101121,-75.58299456,3.79,1511.160,24.056,22.210,191,24,35,,
T,2023-05-09 15:18:56,6.19080913,-75.58303988,3.79,1511.084,24.057,22.510,191,24,35,,
T,2023-05-09 15:18:57,6.19060855,-75.58308460,3.79,1511.261,24.058,22.740,194,24,35,,
T,2023-05-09 15:18:58,6.19041302,-75.58312891,3.79,1511.458,24.058,22.190,193,24,35,,
T,2023-05-09 15:18:59,6.19021533,-75.58317572,3.79,1511.836,24.059,22.230,193,24,35,,
T,2023-05-09 15:19:00,6.19002674,-75.58321625,3.79,1512.016,24.059,21.350,191,24,35,,
T,2023-05-09 15:19:01,6.18983988,-75.58326010,3.79,1512.419,24.060,21.280,193,24,35,,
T,2023-05-09 15:19:02,6.18965885,-75.58331239,3.79,1512.519,24.061,20.860,197,24,35,,
T,2023-05-09 15:19:03,6.18947384,-75.58337865,3.79,1512.638,24.061,21.580,200,24,35,,
T,2023-05-09 15:19:04,6.18928889,-75.58345791,3.79,1512.737,24.062,22.100,204,24,35,,
T,2023-05-09 15:19:05,6.18910978,-75.58354930,3.79,1513.135,24.063,22.280,206,25,35,,
T,2023-05-09 15:19:06,6.18893131,-75.58364982,3.79,1513.245,24.064,22.470,209,25,35,,
T,2023-05-09 15:19:07,6.18876035,-75.58375842,3.79,1513.694,24.065,22.530,213,25,35,,
T,2023-05-09 15:19:08,6.18858988,-75.58386956,3.79,1513.945,24.066,22.670,214,24,35,,
T,2023-05-09 15:19:09,6.18843131,-75.58398622,3.79,1513.964,24.067,21.860,219,24,35,,
T,2023-05-09 15:19:10,6.18827752,-75.58410799,3.79,1514.433,24.068,21.750,221,24,35,,
T,2023-05-09 15:19:11,6.18812997,-75.58423416,3.79,1514.731,24.068,21.650,223,23,35,,
T,2023-05-09 15:19:12,6.18798677,-75.58437125,3.79,1514.494,24.069,21.890,224,23,35,,
T,2023-05-09 15:19:13,6.18784718,-75.58451469,3.79,1514.967,24.070,22.070,227,23,35,,
T,2023-05-09 15:19:14,6.18771050,-75.58466838,3.79,1514.772,24.072,22.270,229,23,35,,
T,2023-05-09 15:19:15,6.18758203,-75.58482364,3.79,1515.277,24.073,22.230,230,23,35,,
T,2023-05-09 15:19:16,6.18745762,-75.58497825,3.79,1515.602,24.074,21.790,230,24,35,,
T,2023-05-09 15:19:17,6.18733504,-75.58513238,3.79,1515.889,24.075,21.850,233,24,35,,
T,2023-05-09 15:19:18,6.18721455,-75.58528687,3.79,1515.189,24.076,22.270,229,22,35,,
T,2023-05-09 15:19:19,6.18708604,-75.58544493,3.79,1515.249,24.077,22.280,231,23,35,,
T,2023-05-09 15:19:20,6.18696054,-75.58560044,3.79,1515.356,24.078,21.750,233,23,35,,
T,2023-05-09 15:19:21,6.18685411,-75.58575525,3.79,1515.579,24.079,20.930,236,24,35,,
T,2023-05-09 15:19:22,6.18674720,-75.58590807,3.79,1516.057,24.080,20.980,234,24,35,,
T,2023-05-09 15:19:23,6.18663911,-75.58606929,3.79,1515.667,24.081,21.450,238,24,35,,
T,2023-05-09 15:19:24,6.18652449,-75.58622915,3.79,1516.089,24.082,21.790,231,24,35,,
T,2023-05-09 15:19:25,6.18640970,-75.58637939,3.79,1516.381,24.083,21.020,231,24,35,,
T,2023-05-09 15:19:26,6.18630051,-75.58652265,3.79,1516.540,24.084,20.030,228,23,35,,
T,2023-05-09 15:19:27,6.18619318,-75.58666483,3.79,1516.940,24.085,19.770,231,20,35,,
T,2023-05-09 15:19:28,6.18608451,-75.58680735,3.79,1516.891,24.086,19.800,232,21,35,,
T,2023-05-09 15:19:29,6.18597993,-75.58694788,3.79,1517.327,24.087,19.380,232,22,35,,
T,2023-05-09 15:19:30,6.18587369,-75.58708854,3.79,1517.768,24.088,19.430,232,23,35,,
T,2023-05-09 15:19:31,6.18576678,-75.58722276,3.79,1518.390,24.089,19.140,231,23,35,,
T,2023-05-09 15:19:32,6.18565730,-75.58736422,3.79,1518.113,24.090,19.450,228,23,35,,
T,2023-05-09 15:19:33,6.18554776,-75.58749735,3.79,1518.054,24.091,18.950,229,23,35,,
T,2023-05-09 15:19:34,6.18543183,-75.58762290,3.79,1518.171,24.091,18.910,228,23,35,,
T,2023-05-09 15:19:35,6.18531312,-75.58775187,3.79,1518.581,24.092,19.120,229,25,35,,
T,2023-05-09 15:19:36,6.18520068,-75.58788105,3.79,1518.721,24.093,18.670,228,25,35,,
T,2023-05-09 15:19:37,6.18509258,-75.58800107,3.79,1519.131,24.094,17.960,227,25,35,,
T,2023-05-09 15:19:38,6.18498239,-75.58811660,3.79,1519.158,24.095,17.710,226,25,35,,
T,2023-05-09 15:19:39,6.18487096,-75.58823297,3.79,1519.115,24.096,17.650,226,25,35,,
T,2023-05-09 15:19:40,6.18476514,-75.58834388,3.79,1518.862,24.096,17.200,226,25,35,,
T,2023-05-09 15:19:41,6.18465661,-75.58845749,3.79,1519.148,24.097,17.180,225,23,35,,
T,2023-05-09 15:19:42,6.18455100,-75.58856551,3.79,1519.224,24.098,16.720,225,22,35,,
T,2023-05-09 15:19:43,6.18444559,-75.58866802,3.79,1519.167,24.099,16.340,223,22,35,,
T,2023-05-09 15:19:44,6.18434262,-75.58876230,3.79,1519.392,24.099,15.550,221,22,35,,
T,2023-05-09 15:19:45,6.18424504,-75.58885329,3.79,1519.888,24.100,14.900,220,22,35,,
T,2023-05-09 15:19:46,6.18413335,-75.58893292,3.79,1519.618,24.101,14.650,219,25,35,,
T,2023-05-09 15:19:47,6.18403691,-75.58901924,3.79,1519.094,24.101,14.230,219,25,35,,
T,2023-05-09 15:19:48,6.18393651,-75.58909798,3.79,1519.506,24.102,14.160,219,25,35,,
T,2023-05-09 15:19:49,6.18383477,-75.58917967,3.89,1519.711,24.103,14.400,218,25,35,,
T,2023-05-09 15:19:50,6.18373002,-75.58925523,4.28,1519.657,24.103,14.330,216,25,35,,
T,2023-05-09 15:19:51,6.18363645,-75.58934098,3.88,1519.809,24.104,14.260,215,25,35,,
T,2023-05-09 15:19:52,6.18353660,-75.58941349,4.15,1519.853,24.104,13.640,215,25,35,,
T,2023-05-09 15:19:53,6.18343894,-75.58948590,4.01,1519.699,24.105,13.580,215,24,35,,
T,2023-05-09 15:19:54,6.18333169,-75.58954907,3.79,1519.354,24.106,14.010,214,24,35,,
T,2023-05-09 15:19:55,6.18323634,-75.58961783,3.79,1519.551,24.106,14.410,213,25,35,,
T,2023-05-09 15:19:56,6.18313028,-75.58969249,3.79,1519.973,24.107,14.180,211,24,35,,
T,2023-05-09 15:19:57,6.18301604,-75.58976257,3.79,1520.437,24.107,14.570,211,24,35,,
T,2023-05-09 15:19:58,6.18290484,-75.58983199,3.79,1520.641,24.108,14.680,212,25,35,,
T,2023-05-09 15:19:59,6.18279277,-75.58990525,3.79,1520.552,24.108,14.710,213,25,35,,
T,2023-05-09 15:20:00,6.18267636,-75.58998135,3.79,1521.085,24.109,15.220,214,25,35,,
T,2023-05-09 15:20:01,6.18255821,-75.59005955,3.79,1521.484,24.110,15.690,214,25,35,,
T,2023-05-09 15:20:02,6.18244020,-75.59013945,3.79,1521.763,24.110,16.200,215,25,35,,
T,2023-05-09 15:20:03,6.18231320,-75.59022629,3.79,1521.833,24.111,16.860,216,25,35,,
T,2023-05-09 15:20:04,6.18218884,-75.59030869,3.79,1521.907,24.112,16.550,215,25,35,,
T,2023-05-09 15:20:05,6.18206411,-75.59039237,3.79,1522.117,24.112,16.580,214,25,35,,
T,2023-05-09 15:20:06,6.18193412,-75.59048107,3.79,1522.504,24.113,17.470,216,25,35,,
T,2023-05-09 15:20:07,6.18179684,-75.59057906,3.79,1522.613,24.114,18.190,213,24,35,,
T,2023-05-09 15:20:08,6.18165448,-75.59067826,3.79,1522.059,24.115,18.940,212,25,35,,
T,2023-05-09 15:20:09,6.18148496,-75.59077166,3.79,1523.255,24.116,20.740,212,25,35,,
T,2023-05-09 15:20:10,6.18131951,-75.59087767,3.79,1523.344,24.116,21.520,216,25,35,,
T,2023-05-09 15:20:11,6.18114540,-75.59098571,3.79,1523.685,24.117,22.270,215,25,35,,
T,2023-05-09 15:20:12,6.18096910,-75.59109713,3.79,1523.859,24.118,22.950,215,25,35,,
T,2023-05-09 15:20:13,6.18079280,-75.59120496,3.79,1524.072,24.119,22.970,215,25,35,,
T,2023-05-09 15:20:14,6.18061380,-75.59131484,3.79,1524.542,24.120,23.080,214,24,35,,
T,2023-05-09 15:20:15,6.18043670,-75.59142139,3.79,1524.636,24.121,22.870,212,24,35,,
T,2023-05-09 15:20:16,6.18024953,-75.59151965,3.79,1525.337,24.122,21.550,213,24,35,,
T,2023-05-09 15:20:17,6.18008883,-75.59161720,3.79,1525.730,24.123,20.950,213,24,35,,
T,2023-05-09 15:20:18,6.17992499,-75.59171486,3.79,1526.364,24.124,21.280,213,24,35,,
T,2023-05-09 15:20:19,6.17976029,-75.59181608,3.79,1526.500,24.124,21.480,213,25,35,,
T,2023-05-09 15:20:20,6.17959275,-75.59191720,3.79,1526.938,24.125,21.620,212,25,35,,
T,2023-05-09 15:20:21,6.17943401,-75.59201738,3.79,1526.712,24.126,20.620,213,25,35,,
T,2023-05-09 15:20:22,6.17927341,-75.59211701,3.79,1527.262,24.127,20.560,213,25,35,,
T,2023-05-09 15:20:23,6.17912359,-75.59221675,3.79,1527.606,24.128,19.850,213,25,35,,
T,2023-05-09 15:20:24,6.17897586,-75.59232135,3.79,1528.365,24.129,20.060,215,24,35,,
T,2023-05-09 15:20:25,6.17883243,-75.59242479,3.79,1528.583,24.129,19.500,216,25,35,,
T,2023-05-09 15:20:26,6.17869395,-75.59252727,3.79,1529.013,24.130,19.370,217,25,35,,
T,2023-05-09 15:20:27,6.17855933,-75.59263141,3.79,1529.253,24.131,18.780,215,25,35,,
T,2023-05-09 15:20:28,6.17842628,-75.59273316,3.79,1529.976,24.132,18.610,216,24,35,,
T,2023-05-09 15:20:29,6.17829661,-75.59283149,3.79,1530.414,24.133,18.100,217,25,35,,
T,2023-05-09 15:20:30,6.17816678,-75.59293424,3.79,1530.729,24.133,18.380,220,25,35,,
T,2023-05-09 15:20:31,6.17805135,-75.59304336,3.79,1530.807,24.134,17.610,221,25,35,,
T,2023-05-09 15:20:32,6.17793748,-75.59315074,3.79,1530.700,24.135,17.440,221,25,35,,
T,2023-05-09 15:20:33,6.17782508,-75.59325898,3.79,1530.822,24.136,17.050,220,25,35,,
T,2023-05-09 15:20:34,6.17771229,-75.59336505,3.79,1530.923,24.136,17.360,221,25,35,,
T,2023-05-09 15:20:35,6.17760750,-75.59346906,3.79,1531.242,24.137,16.610,222,24,35,,
T,2023-05-09 15:20:36,6.17750404,-75.59356958,3.79,1531.437,24.138,15.790,222,25,35,,
T,2023-05-09 15:20:37,6.17741012,-75.59366785,3.79,1531.728,24.139,15.020,222,23,35,,
T,2023-05-09 15:20:38,6.17731557,-75.59375835,3.79,1532.555,24.139,14.470,224,21,35,,
T,2023-05-09 15:20:39,6.17723630,-75.59385401,3.79,1532.736,24.140,13.970,225,22,35,,
T,2023-05-09 15:20:40,6.17714855,-75.59395224,3.79,1533.270,24.141,14.770,224,23,35,,
T,2023-05-09 15:20:41,6.17705373,-75.59405261,3.79,1533.612,24.141,15.010,225,23,35,,
T,2023-05-09 15:20:42,6.17696252,-75.59416163,3.79,1533.420,24.142,15.300,226,22,35,,
T,2023-05-09 15:20:43,6.17686843,-75.59426313,3.79,1534.150,24.143,15.300,227,23,35,,
T,2023-05-09 15:20:44,6.17677836,-75.59437639,3.79,1534.084,24.144,15.900,230,24,35,,
T,2023-05-09 15:20:45,6.17669013,-75.59448568,3.79,1534.847,24.144,16.060,231,24,35,,
T,2023-05-09 15:20:46,6.17659926,-75.59459692,3.79,1534.871,24.145,15.570,231,25,35,,
T,2023-05-09 15:20:47,6.17651083,-75.59470751,3.79,1535.610,24.146,15.590,232,25,35,,
T,2023-05-09 15:20:48,6.17642124,-75.59482582,3.79,1536.446,24.147,16.280,234,25,35,,
T,2023-05-09 15:20:49,6.17633385,-75.59494742,3.79,1536.242,24.147,16.410,234,25,35,,
T,2023-05-09 15:20:50,6.17624051,-75.59508556,3.79,1535.735,24.148,17.420,237,25,35,,
T,2023-05-09 15:20:51,6.17614792,-75.59521840,3.79,1535.586,24.149,17.360,236,25,35,,
T,2023-05-09 15:20:52,6.17605360,-75.59535322,3.79,1535.728,24.150,17.990,237,25,35,,
T,2023-05-09 15:20:53,6.17595903,-75.59549107,3.79,1535.474,24.151,18.560,236,25,35,,
T,2023-05-09 15:20:54,6.17585853,-75.59563669,3.79,1535.720,24.152,19.530,236,25,35,,
T,2023-05-09 15:20:55,6.17574809,-75.59579433,3.79,1536.460,24.153,20.670,242,25,35,,
T,2023-05-09 15:20:56,6.17564852,-75.59596208,3.79,1536.223,24.154,21.530,241,25,35,,
T,2023-05-09 15:20:57,6.17554040,-75.59612752,3.79,1535.646,24.155,21.990,239,25,35,,
T,2023-05-09 15:20:58,6.17542974,-75.59629656,4.18,1535.471,24.156,22.300,239,25,35,,
T,2023-05-09 15:20:59,6.17531414,-75.59646274,4.05,1534.015,24.157,22.240,238,25,35,,
T,2023-05-09 15:21:00,6.17519202,-75.59662557,4.02,1534.872,24.158,22.770,238,25,35,,
T,2023-05-09 15:21:01,6.17506807,-75.59678875,4.16,1534.992,24.159,22.770,237,25,35,,
T,2023-05-09 15:21:02,6.17494821,-75.59695093,4.05,1535.311,24.161,22.410,236,23,35,,
T,2023-05-09 15:21:03,6.17483001,-75.59710623,3.85,1535.553,24.162,21.710,237,22,35,,
T,2023-05-09 15:21:04,6.17471596,-75.59726346,3.79,1536.069,24.163,21.550,236,20,35,,
T,2023-05-09 15:21:05,6.17461034,-75.59741586,3.79,1536.295,24.164,20.750,236,20,35,,
T,2023-05-09 15:21:06,6.17450300,-75.59756419,3.79,1536.691,24.165,20.290,236,20,35,,
T,2023-05-09 15:21:07,6.17439931,-75.59771414,3.79,1536.775,24.166,20.070,236,20,35,,
T,2023-05-09 15:21:08,6.17429379,-75.59786652,3.79,1536.972,24.167,20.380,236,20,35,,
T,2023-05-09 15:21:09,6.17418735,-75.59802218,3.79,1536.658,24.168,20.740,237,19,35,,
T,2023-05-09 15:21:10,6.17408411,-75.59817745,3.79,1536.350,24.169,20.470,233,24,35,,
T,2023-05-09 15:21:11,6.17396365,-75.59833655,3.79,1537.223,24.170,21.380,234,24,35,,
T,2023-05-09 15:21:12,6.17384999,-75.59849102,3.79,1537.904,24.171,21.280,235,24,35,,
T,2023-05-09 15:21:13,6.17373788,-75.59864578,3.79,1538.355,24.172,21.100,235,24,35,,
T,2023-05-09 15:21:14,6.17363943,-75.59880983,3.79,1537.522,24.173,21.430,236,24,35,,
T,2023-05-09 15:21:15,6.17353091,-75.59897927,3.79,1537.641,24.174,22.020,237,25,35,,
T,2023-05-09 15:21:16,6.17341951,-75.59915143,3.79,1537.589,24.175,22.280,237,23,35,,
T,2023-05-09 15:21:17,6.17330270,-75.59931656,3.79,1537.851,24.176,22.340,236,23,35,,
T,2023-05-09 15:21:18,6.17318959,-75.59948785,3.84,1537.391,24.177,22.450,236,23,35,,
T,2023-05-09 15:21:19,6.17306975,-75.59965260,3.96,1537.890,24.178,22.560,236,23,35,,
T,2023-05-09 15:21:20,6.17295356,-75.59982061,4.38,1537.813,24.179,22.560,236,23,35,,
T,2023-05-09 15:21:21,6.17283590,-75.59997865,4.46,1538.292,24.181,21.830,234,21,35,,
T,2023-05-09 15:21:22,6.17272391,-75.60012584,4.36,1538.563,24.182,20.950,233,21,35,,
T,2023-05-09 15:21:23,6.17260993,-75.60027914,4.34,1538.734,24.183,21.120,233,21,35,,
T,2023-05-09 15:21:24,6.17249158,-75.60044976,3.79,1539.808,24.184,22.050,235,21,35,,
T,2023-05-09 15:21:25,6.17238284,-75.60060979,3.79,1541.314,24.185,21.310,236,20,35,,
T,2023-05-09 15:21:26,6.17228058,-75.60076975,3.79,1541.548,24.186,20.920,238,23,36,,
T,2023-05-09 15:21:27,6.17218127,-75.60093596,3.79,1542.688,24.187,21.160,237,23,36,,
T,2023-05-09 15:21:28,6.17208461,-75.60108497,3.79,1542.151,24.188,20.150,237,23,36,,
T,2023-05-09 15:21:29,6.17201360,-75.60120829,3.79,1542.989,24.189,17.410,235,23,36,,
T,2023-05-09 15:21:30,6.17193294,-75.60133941,3.79,1543.149,24.189,17.270,243,23,36,,
T,2023-05-09 15:21:31,6.17185322,-75.60148603,3.79,1543.740,24.190,17.920,237,23,36,,
T,2023-05-09 15:21:32,6.17175584,-75.60161238,3.79,1545.052,24.191,17.530,232,22,36,,
T,2023-05-09 15:21:33,6.17165861,-75.60173857,3.79,1544.863,24.192,17.490,231,21,36,,
T,2023-05-09 15:21:34,6.17157508,-75.60185271,3.79,1545.904,24.193,16.030,232,21,36,,
T,2023-05-09 15:21:35,6.17150209,-75.60195266,3.79,1546.726,24.193,13.810,229,23,36,,
T,2023-05-09 15:21:36,6.17143965,-75.60203491,3.79,1546.790,24.194,11.660,227,24,36,,
T,2023-05-09 15:21:37,6.17138087,-75.60211251,3.79,1546.991,24.195,10.530,229,23,36,,
T,2023-05-09 15:21:38,6.17132476,-75.60218021,3.79,1546.994,24.195,9.650,225,24,36,,
T,2023-05-09 15:21:39,6.17127190,-75.60224738,3.79,1546.826,24.195,9.610,227,23,36,,
T,2023-05-09 15:21:40,6.17121656,-75.60232403,3.79,1547.020,24.196,10.250,229,23,36,,
T,2023-05-09 15:21:41,6.17116690,-75.60239156,3.79,1547.334,24.196,9.560,231,24,36,,
T,2023-05-09 15:21:42,6.17113032,-75.60244373,3.79,1547.489,24.197,7.340,229,24,36,,
T,2023-05-09 15:21:43,6.17109544,-75.60249138,3.79,1547.585,24.197,6.520,231,24,36,,
T,2023-05-09 15:21:44,6.17106594,-75.60252904,3.79,1548.418,24.197,5.310,233,24,36,,
T,2023-05-09 15:21:45,6.17104632,-75.60256093,3.79,1547.848,24.197,4.070,235,24,36,,
T,2023-05-09 15:21:46,6.17102728,-75.60258359,3.79,1548.086,24.198,3.410,228,25,36,,
T,2023-05-09 15:21:47,6.17100350,-75.60261669,3.79,1548.332,24.198,4.380,228,24,36,,
T,2023-05-09 15:21:48,6.17097451,-75.60265652,3.79,1548.293,24.198,5.520,230,25,36,,
T,2023-05-09 15:21:49,6.17094328,-75.60270053,3.79,1548.615,24.198,5.930,227,25,36,,
T,2023-05-09 15:21:50,6.17091048,-75.60274678,3.79,1548.641,24.199,6.240,232,25,36,,
T,2023-05-09 15:21:51,6.17088295,-75.60278857,3.79,1549.351,24.199,5.870,226,25,36,,
T,2023-05-09 15:21:52,6.17084898,-75.60283035,3.79,1548.986,24.199,5.880,228,26,36,,
T,2023-05-09 15:21:53,6.17081407,-75.60287596,3.79,1549.731,24.200,6.230,231,25,36,,
T,2023-05-09 15:21:54,6.17078301,-75.60292005,3.79,1549.840,24.200,5.820,225,26,36,,
T,2023-05-09 15:21:55,6.17074661,-75.60297502,3.79,1548.956,24.200,6.910,233,24,36,,
T,2023-05-09 15:21:56,6.17070199,-75.60303346,3.79,1548.581,24.201,7.710,232,24,36,,
T,2023-05-09 15:21:57,6.17065574,-75.60308904,3.79,1548.515,24.201,7.800,233,24,36,,
T,2023-05-09 15:21:58,6.17062663,-75.60314553,3.79,1548.929,24.201,7.070,241,23,36,,
T,2023-05-09 15:21:59,6.17059543,-75.60319484,3.79,1549.824,24.202,6.380,237,23,36,,
T,2023-05-09 15:22:00,6.17056558,-75.60324615,3.79,1549.357,24.202,6.650,235,24,36,,
T,2023-05-09 15:22:01,6.17052998,-75.60329886,3.79,1549.657,24.202,6.960,228,25,36,,
T,2023-05-09 15:22:02,6.17049305,-75.60335470,3.79,1549.716,24.203,7.570,238,25,36,,
T,2023-05-09 15:22:03,6.17045316,-75.60341241,3.79,1549.874,24.203,7.640,230,24,36,,
T,2023-05-09 15:22:04,6.17041541,-75.60347499,3.79,1549.115,24.204,7.850,233,25,36,,
T,2023-05-09 15:22:05,6.17038885,-75.60352953,3.79,1549.876,24.204,7.020,247,25,36,,
T,2023-05-09 15:22:06,6.17038850,-75.60359258,3.79,1549.713,24.204,6.780,276,25,36,,
T,2023-05-09 15:22:07,6.17040392,-75.60364859,3.79,1549.968,24.204,6.350,289,25,36,,
T,2023-05-09 15:22:08,6.17043906,-75.60370518,3.79,1549.568,24.205,6.950,299,25,36,,
T,2023-05-09 15:22:09,6.17047926,-75.60376011,3.79,1549.278,24.205,7.430,302,25,36,,
T,2023-05-09 15:22:10,6.17051923,-75.60381325,3.79,1548.901,24.205,7.320,303,25,36,,
T,2023-05-09 15:22:11,6.17056126,-75.60386725,3.79,1548.703,24.205,7.520,305,25,36,,
T,2023-05-09 15:22:12,6.17059955,-75.60391468,3.79,1548.437,24.205,6.770,304,25,36,,
T,2023-05-09 15:22:13,6.17063639,-75.60395861,3.79,1547.944,24.206,6.120,308,25,36,,
T,2023-05-09 15:22:14,6.17066532,-75.60399654,3.79,1547.972,24.206,5.340,300,26,36,,
T,2023-05-09 15:22:15,6.17068659,-75.60403627,3.79,1547.742,24.206,4.980,293,26,36,,
T,2023-05-09 15:22:16,6.17070134,-75.60407997,3.79,1547.651,24.206,5.100,274,24,36,,
T,2023-05-09 15:22:17,6.17069228,-75.60413112,3.79,1547.593,24.206,5.530,250,25,36,,
T,2023-05-09 15:22:18,6.17067349,-75.60418313,3.79,1548.353,24.207,5.400,234,26,36,,
T,2023-05-09 15:22:19,6.17062287,-75.60423901,3.79,1549.100,24.207,7.090,228,26,36,,
T,2023-05-09 15:22:20,6.17058570,-75.60429239,3.79,1548.669,24.207,6.940,234,26,36,,
T,2023-05-09 15:22:21,6.17056328,-75.60434272,3.79,1548.492,24.208,6.080,249,26,36,,
T,2023-05-09 15:22:22,6.17054151,-75.60440392,3.79,1550.358,24.208,5.620,273,26,36,,
T,2023-05-09 15:22:23,6.17055307,-75.60447474,3.79,1550.479,24.208,6.930,310,26,36,,
T,2023-05-09 15:22:24,6.17061668,-75.60451458,3.79,1550.138,24.209,6.900,307,26,36,,
T,2023-05-09 15:22:25,6.17064934,-75.60455405,3.79,1550.231,24.209,5.650,310,26,36,,
T,2023-05-09 15:22:26,6.17067333,-75.60458105,3.79,1551.064,24.209,4.240,296,25,36,,
T,2023-05-09 15:22:27,6.17069614,-75.60460456,3.79,1551.589,24.209,3.810,295,25,36,,
T,2023-05-09 15:22:28,6.17073024,-75.60464878,3.79,1551.422,24.209,5.270,308,25,36,,
T,2023-05-09 15:22:29,6.17077941,-75.60470020,3.79,1551.422,24.209,7.150,315,21,36,,
T,2023-05-09 15:22:30,6.17083690,-75.60475766,3.79,1551.212,24.209,8.680,314,22,36,,
T,2023-05-09 15:22:31,6.17090132,-75.60482920,3.79,1551.200,24.210,10.420,313,21,36,,
T,2023-05-09 15:22:32,6.17096762,-75.60490055,3.79,1551.103,24.210,10.720,313,22,36,,
T,2023-05-09 15:22:33,6.17103660,-75.60497470,3.79,1550.876,24.210,10.960,318,23,36,,
T,2023-05-09 15:22:34,6.17110272,-75.60505456,3.79,1550.404,24.210,11.290,314,23,36,,
T,2023-05-09 15:22:35,6.17117420,-75.60512743,3.79,1550.231,24.211,11.140,315,23,36,,
T,2023-05-09 15:22:36,6.17123493,-75.60519529,3.79,1550.206,24.211,10.290,313,23,36,,
T,2023-05-09 15:22:37,6.17128188,-75.60525604,3.79,1550.127,24.211,8.790,310,23,36,,
T,2023-05-09 15:22:38,6.17132728,-75.60530102,3.79,1550.785,24.211,7.130,307,22,36,,
T,2023-05-09 15:22:39,6.17136694,-75.60535959,3.79,1552.906,24.211,6.180,277,23,36,,
T,2023-05-09 15:22:40,6.17136742,-75.60541547,3.79,1552.217,24.212,6.140,244,23,36,,
T,2023-05-09 15:22:41,6.17133809,-75.60547169,4.04,1552.527,24.212,6.460,218,23,36,,
T,2023-05-09 15:22:42,6.17124990,-75.60551951,4.28,1552.538,24.213,8.400,207,26,36,,
T,2023-05-09 15:22:43,6.17115512,-75.60557194,4.04,1554.232,24.213,10.570,216,26,36,,
T,2023-05-09 15:22:44,6.17105669,-75.60560339,3.94,1552.941,24.213,11.170,212,26,36,,
T,2023-05-09 15:22:45,6.17094466,-75.60563497,3.94,1551.131,24.214,11.330,209,26,36,,
T,2023-05-09 15:22:46,6.17084871,-75.60566901,4.19,1550.678,24.214,10.710,207,25,36,,
T,2023-05-09 15:22:47,6.17075725,-75.60568309,3.91,1550.777,24.214,9.530,200,25,36,,
T,2023-05-09 15:22:48,6.17068537,-75.60570202,3.90,1550.797,24.215,7.980,205,25,36,,
T,2023-05-09 15:22:49,6.17065562,-75.60573439,3.89,1551.625,24.215,5.370,238,25,36,,
T,2023-05-09 15:22:50,6.17064143,-75.60577451,3.80,1552.358,24.215,4.950,282,25,36,,
T,2023-05-09 15:22:51,6.17065259,-75.60581270,3.79,1553.786,24.215,4.890,324,25,36,,
T,2023-05-09 15:22:52,6.17067295,-75.60582857,4.61,1554.101,24.215,3.330,350,25,36,,
T,2023-05-09 15:22:53,6.17075492,-75.60581424,4.03,1553.865,24.215,5.930,340,24,36,,
T,2023-05-09 15:22:54,6.17080337,-75.60582262,4.12,1554.030,24.215,5.460,339,24,36,,
T,2023-05-09 15:22:55,6.17085704,-75.60583410,3.94,1554.596,24.215,5.980,341,24,36,,
T,2023-05-09 15:22:56,6.17091924,-75.60585207,3.90,1554.789,24.215,6.510,334,23,36,,
T,2023-05-09 15:22:57,6.17097718,-75.60585895,3.87,1554.520,24.215,6.170,336,23,36,,
T,2023-05-09 15:22:58,6.17102633,-75.60585958,3.79,1554.474,24.215,5.420,350,24,36,,
T,2023-05-09 15:22:59,6.17107717,-75.60584129,3.79,1553.861,24.215,5.510,11,23,36,,
T,2023-05-09 15:23:00,6.17113368,-75.60581193,3.79,1553.912,24.214,6.760,23,23,36,,
T,2023-05-09 15:23:01,6.17120057,-75.60577817,3.79,1553.681,24.214,7.990,23,22,36,,
T,2023-05-09 15:23:02,6.17127398,-75.60573581,3.79,1553.239,24.214,9.040,24,22,36,,
T,2023-05-09 15:23:03,6.17135819,-75.60569728,3.79,1553.245,24.213,9.800,23,20,36,,
T,2023-05-09 15:23:04,6.17147358,-75.60564328,3.79,1554.064,24.213,10.970,22,21,36,,
T,2023-05-09 15:23:05,6.17159615,-75.60557550,3.79,1554.141,24.212,13.840,28,23,36,,
T,2023-05-09 15:23:06,6.17172009,-75.60550118,3.79,1553.801,24.212,15.360,35,23,36,,
T,2023-05-09 15:23:07,6.17183580,-75.60542836,3.79,1553.269,24.211,15.290,32,23,36,,
T,2023-05-09 15:23:08,6.17194341,-75.60536816,3.79,1552.565,24.210,13.460,31,23,36,,
T,2023-05-09 15:23:09,6.17203294,-75.60533818,3.79,1552.193,24.210,10.670,16,23,36,,
T,2023-05-09 15:23:10,6.17211126,-75.60534543,3.79,1552.066,24.210,8.760,347,23,36,,
T,2023-05-09 15:23:11,6.17218753,-75.60536202,3.79,1552.246,24.210,8.860,338,22,36,,
T,2023-05-09 15:23:12,6.17227620,-75.60542019,3.79,1552.080,24.210,10.770,336,22,36,,
T,2023-05-09 15:23:13,6.17237435,-75.60547029,3.79,1553.041,24.210,11.990,338,22,36,,
T,2023-05-09 15:23:14,6.17246870,-75.60552143,3.79,1553.319,24.210,11.650,339,22,36,,
T,2023-05-09 15:23:15,6.17256238,-75.60556507,3.79,1553.865,24.210,11.180,340,21,36,,
T,2023-05-09 15:23:16,6.17263892,-75.60560308,3.79,1554.191,24.210,9.860,340,20,36,,
T,2023-05-09 15:23:17,6.17268990,-75.60562648,3.79,1554.431,24.210,7.010,342,21,36,,
T,2023-05-09 15:23:18,6.17273275,-75.60563664,3.79,1554.309,24.210,5.540,347,21,36,,
T,2023-05-09 15:23:19,6.17277449,-75.60564976,3.79,1554.965,24.210,4.770,347,22,36,,
T,2023-05-09 15:23:20,6.17280421,-75.60566101,3.79,1555.739,24.210,3.130,334,24,36,,
T,2023-05-09 15:23:21,6.17282798,-75.60568062,3.79,1556.107,24.210,3.020,321,23,35,,
T,2023-05-09 15:23:22,6.17285361,-75.60569624,3.79,1555.883,24.210,3.330,338,23,36,,
T,2023-05-09 15:23:23,6.17286980,-75.60569826,3.79,1555.416,24.210,2.210,338,23,36,,
T,2023-05-09 15:23:24,6.17289331,-75.60570371,3.79,1555.568,24.210,2.610,339,23,36,,
T,2023-05-09 15:23:25,6.17290134,-75.60571209,3.79,1553.716,24.210,1.490,319,22,36,,
T,2023-05-09 15:23:26,6.17291038,-75.60571980,3.79,1553.601,24.210,1.360,335,22,36,,
T,2023-05-09 15:23:27,6.17291747,-75.60572507,3.79,1553.498,24.210,0.960,331,21,36,,
T,2023-05-09 15:23:28,6.17292292,-75.60572771,3.79,1553.756,24.210,0.780,333,20,36,,
T,2023-05-09 15:23:29,6.17292828,-75.60573198,3.79,1553.914,24.210,0.770,329,20,36,,
T,2023-05-09 15:23:30,6.17292760,-75.60573490,9.94,1554.310,24.210,0.000,,21,36,,
T,2023-05-09 15:23:31,6.17292720,-75.60573510,9.94,1554.072,24.210,0.000,,21,36,,
T,2023-05-09 15:23:32,6.17292754,-75.60573574,9.94,1554.048,24.210,0.000,,21,36,,
T,2023-05-09 15:23:33,6.17292786,-75.60573596,9.94,1554.156,24.210,0.000,,21,36,,
T,2023-05-09 15:23:34,6.17292681,-75.60573295,9.94,1553.995,24.210,0.000,,21,36,,
T,2023-05-09 15:23:35,6.17292624,-75.60573219,9.94,1553.881,24.210,0.000,,20,36,,
T,2023-05-09 15:23:36,6.17292572,-75.60573058,9.94,1553.971,24.210,0.000,,20,36,,
T,2023-05-09 15:23:37,6.17292515,-75.60573151,9.94,1553.827,24.210,0.000,,21,36,,
T,2023-05-09 15:23:38,6.17292456,-75.60573244,9.94,1553.752,24.210,0.000,,21,36,,
T,2023-05-09 15:23:39,6.17292404,-75.60573317,9.94,1553.747,24.210,0.000,,19,36,,
T,2023-05-09 15:23:40,6.17292369,-75.60573363,9.94,1553.764,24.210,0.000,,19,36,,
T,2023-05-09 15:23:41,6.17292356,-75.60573387,9.94,1553.781,24.210,0.000,,19,36,,
T,2023-05-09 15:23:42,6.17292349,-75.60573394,9.94,1553.774,24.210,0.000,,19,36,,
T,2023-05-09 15:23:43,6.17292346,-75.60573398,9.94,1553.768,24.210,0.000,,18,36,,
T,2023-05-09 15:23:44,6.17292776,-75.60573717,9.94,1553.507,24.210,0.570,333,18,36,,
T,2023-05-09 15:23:45,6.17294387,-75.60574621,9.94,1553.763,24.210,1.780,326,19,36,,
T,2023-05-09 15:23:46,6.17297492,-75.60576405,9.94,1555.000,24.210,3.540,328,21,36,,
T,2023-05-09 15:23:47,6.17301055,-75.60578261,9.94,1555.598,24.210,3.870,335,23,36,,
T,2023-05-09 15:23:48,6.17304793,-75.60579829,9.94,1556.142,24.211,3.990,345,24,36,,
T,2023-05-09 15:23:49,6.17309186,-75.60579855,9.94,1555.460,24.210,4.590,14,24,36,,
T,2023-05-09 15:23:50,6.17315116,-75.60578427,3.79,1556.232,24.210,5.660,40,26,36,,
T,2023-05-09 15:23:51,6.17319359,-75.60574890,3.79,1555.777,24.210,6.320,42,26,36,,
T,2023-05-09 15:23:52,6.17323160,-75.60572048,3.79,1555.843,24.210,5.370,39,26,36,,
T,2023-05-09 15:23:53,6.17324831,-75.60569583,3.79,1554.698,24.210,3.530,56,24,36,,
T,2023-05-09 15:23:54,6.17325865,-75.60568054,3.79,1554.552,24.209,1.970,73,22,36,,
T,2023-05-09 15:23:55,6.17326454,-75.60567196,3.79,1554.023,24.209,1.130,103,23,36,,
T,2023-05-09 15:23:56,6.17326928,-75.60567574,3.79,1554.816,24.209,0.310,110,24,36,,
T,2023-05-09 15:23:57,6.17329051,-75.60567638,3.79,1557.941,24.209,0.000,,24,36,,
T,2023-05-09 15:23:58,6.17329134,-75.60567527,3.79,1558.076,24.209,0.000,,24,36,,
T,2023-05-09 15:23:59,6.17329373,-75.60567696,3.79,1558.099,24.209,0.000,,24,36,,
T,2023-05-09 15:24:00,6.17329251,-75.60567428,3.79,1557.970,24.209,0.000,,24,36,,
T,2023-05-09 15:24:01,6.17329382,-75.60567430,3.79,1558.411,24.209,0.000,,23,36,,
T,2023-05-09 15:24:02,6.17329306,-75.60567338,3.79,1558.268,24.209,0.000,,23,36,,
T,2023-05-09 15:24:03,6.17329279,-75.60567202,3.79,1558.067,24.209,0.000,,23,36,,
T,2023-05-09 15:24:04,6.17329788,-75.60567135,3.79,1558.818,24.209,0.000,,21,36,,
T,2023-05-09 15:24:05,6.17330086,-75.60567120,3.79,1558.972,24.209,0.000,,24,36,,
T,2023-05-09 15:24:06,6.17329438,-75.60566966,3.79,1558.009,24.209,0.000,,24,36,,
T,2023-05-09 15:24:07,6.17329256,-75.60566953,3.79,1557.434,24.209,0.230,104,25,36,,
T,2023-05-09 15:24:08,6.17329115,-75.60566762,3.79,1557.938,24.209,0.000,,25,36,,
T,2023-05-09 15:24:09,6.17329042,-75.60566699,3.79,1557.717,24.209,0.000,,25,36,,
T,2023-05-09 15:24:10,6.17328817,-75.60566603,3.79,1557.253,24.209,0.000,,25,36,,
T,2023-05-09 15:24:11,6.17328704,-75.60566564,3.79,1557.012,24.209,0.000,,24,36,,
T,2023-05-09 15:24:12,6.17328293,-75.60566589,3.79,1555.733,24.209,0.000,,24,36,,
T,2023-05-09 15:24:13,6.17327332,-75.60566743,3.79,1555.414,24.209,0.000,,24,36,,
T,2023-05-09 15:24:14,6.17326885,-75.60566990,3.79,1555.465,24.209,0.000,,25,36,,
T,2023-05-09 15:24:15,6.17326776,-75.60566984,3.79,1555.585,24.209,0.000,,25,36,,
T,2023-05-09 15:24:16,6.17326849,-75.60566959,3.79,1555.563,24.209,0.000,,26,36,,
T,2023-05-09 15:24:17,6.17326846,-75.60566848,3.79,1555.675,24.209,0.000,,26,36,,
T,2023-05-09 15:24:18,6.17326813,-75.60566835,3.79,1555.708,24.209,0.000,,26,36,,
T,2023-05-09 15:24:19,6.17326789,-75.60566835,3.79,1555.854,24.209,0.000,,26,36,,
T,2023-05-09 15:24:20,6.17326852,-75.60566905,3.79,1555.633,24.209,0.000,,25,36,,
T,2023-05-09 15:24:21,6.17326863,-75.60566877,3.79,1555.592,24.209,0.000,,25,36,,
T,2023-05-09 15:24:22,6.17326890,-75.60566855,3.79,1555.444,24.209,0.000,,22,36,,
T,2023-05-09 15:24:23,6.17326923,-75.60566820,3.79,1555.516,24.209,0.000,,21,36,,
T,2023-05-09 15:24:24,6.17326957,-75.60566847,3.79,1555.546,24.209,0.000,,22,36,,
T,2023-05-09 15:24:25,6.17326966,-75.60566852,3.79,1555.539,24.209,0.000,,23,36,,
T,2023-05-09 15:24:26,6.17326973,-75.60566858,3.79,1555.539,24.209,0.000,,23,36,,
T,2023-05-09 15:24:27,6.17326975,-75.60566860,3.79,1555.536,24.209,0.000,,24,36,,
T,2023-05-09 15:24:28,6.17326975,-75.60566861,3.79,1555.535,24.209,0.000,,24,36,,
T,2023-05-09 15:24:29,6.17326973,-75.60566863,3.79,1555.536,24.209,0.000,,24,36,,
T,2023-05-09 15:24:30,6.17326973,-75.60566864,3.79,1555.534,24.209,0.000,,21,36,,
T,2023-05-09 15:24:31,6.17326977,-75.60566877,3.79,1555.558,24.209,0.000,,17,36,,
T,2023-05-09 15:24:32,6.17327003,-75.60566876,3.79,1555.571,24.209,0.000,,18,36,,
T,2023-05-09 15:24:33,6.17327042,-75.60566913,3.79,1555.618,24.209,0.000,,21,36,,
T,2023-05-09 15:24:34,6.17327052,-75.60566922,3.79,1555.618,24.209,0.000,,22,36,,
T,2023-05-09 15:24:35,6.17327058,-75.60566928,3.79,1555.636,24.209,0.000,,22,36,,
T,2023-05-09 15:24:36,6.17327059,-75.60566930,3.79,1555.636,24.209,0.000,,23,36,,
T,2023-05-09 15:24:37,6.17327060,-75.60566933,3.79,1555.636,24.209,0.000,,23,36,,
T,2023-05-09 15:24:38,6.17327060,-75.60566936,3.79,1555.633,24.209,0.000,,22,36,,
T,2023-05-09 15:24:39,6.17327085,-75.60566964,3.79,1555.667,24.209,0.000,,22,36,,
T,2023-05-09 15:24:40,6.17326977,-75.60566840,3.79,1555.167,24.209,0.150,113,22,36,,
T,2023-05-09 15:24:41,6.17327008,-75.60566726,3.79,1555.201,24.209,0.000,,23,36,,
T,2023-05-09 15:24:42,6.17327040,-75.60566661,3.79,1555.067,24.209,0.000,,22,36,,
T,2023-05-09 15:24:43,6.17327096,-75.60566577,3.79,1554.863,24.209,0.000,,22,36,,
T,2023-05-09 15:24:44,6.17327241,-75.60566611,3.79,1555.104,24.209,0.000,,22,36,,
T,2023-05-09 15:24:45,6.17327350,-75.60566566,3.79,1554.813,24.209,0.000,,20,36,,
T,2023-05-09 15:24:46,6.17327179,-75.60566349,3.79,1554.607,24.209,0.230,117,20,36,,
T,2023-05-09 15:24:47,6.17326964,-75.60566308,3.79,1554.403,24.209,0.000,,20,36,,
T,2023-05-09 15:24:48,6.17327042,-75.60566408,3.79,1554.727,24.209,0.000,,20,36,,
T,2023-05-09 15:24:49,6.17327243,-75.60566439,3.79,1555.351,24.209,0.000,,22,36,,
T,2023-05-09 15:24:50,6.17327579,-75.60566438,3.79,1555.582,24.209,0.000,,24,36,,
T,2023-05-09 15:24:51,6.17327151,-75.60566498,3.79,1554.620,24.209,0.000,,21,36,,
T,2023-05-09 15:24:52,6.17327050,-75.60566437,9.94,1554.640,24.209,0.000,,21,36,,
T,2023-05-09 15:24:53,6.17327259,-75.60566446,9.94,1555.105,24.209,0.000,,23,36,,
T,2023-05-09 15:24:54,6.17327476,-75.60566365,9.94,1555.582,24.209,0.000,,23,36,,
T,2023-05-09 15:24:55,6.17327859,-75.60566205,9.94,1556.268,24.209,0.000,,25,36,,
T,2023-05-09 15:24:56,6.17328061,-75.60566153,9.94,1556.051,24.209,0.000,,24,36,,
T,2023-05-09 15:24:57,6.17328125,-75.60566119,9.94,1556.090,24.209,0.000,,24,36,,
T,2023-05-09 15:24:58,6.17328188,-75.60566181,9.94,1556.350,24.209,0.000,,25,36,,
T,2023-05-09 15:24:59,6.17328201,-75.60566222,9.94,1556.473,24.209,0.000,,25,36,,
T,2023-05-09 15:25:00,6.17328214,-75.60566271,9.94,1556.381,24.209,0.000,,25,36,,
T,2023-05-09 15:25:01,6.17328231,-75.60566290,9.94,1556.347,24.209,0.000,,24,36,,
T,2023-05-09 15:25:02,6.17328262,-75.60566333,9.94,1556.333,24.209,0.000,,23,36,,
T,2023-05-09 15:25:03,6.17328278,-75.60566332,9.94,1556.365,24.209,0.000,,23,36,,
T,2023-05-09 15:25:04,6.17328313,-75.60566358,9.94,1556.400,24.209,0.000,,24,36,,
T,2023-05-09 15:25:05,6.17328323,-75.60566365,9.94,1556.406,24.209,0.000,,24,36,,
T,2023-05-09 15:25:06,6.17328326,-75.60566367,9.94,1556.408,24.209,0.000,,24,36,,
T,2023-05-09 15:25:07,6.17328327,-75.60566368,9.94,1556.410,24.209,0.000,,23,36,,
T,2023-05-09 15:25:08,6.17328328,-75.60566369,9.94,1556.414,24.209,0.000,,22,36,,
T,2023-05-09 15:25:09,6.17328328,-75.60566370,9.94,1556.421,24.209,0.000,,20,36,,
T,2023-05-09 15:25:10,6.17328328,-75.60566370,9.94,1556.421,24.209,0.000,,19,36,,
T,2023-05-09 15:25:11,6.17328380,-75.60566412,9.94,1556.486,24.209,0.000,,17,36,,
T,2023-05-09 15:25:12,6.17328392,-75.60566422,9.94,1556.488,24.209,0.000,,19,36,,
T,2023-05-09 15:25:13,6.17328626,-75.60566441,9.94,1556.881,24.209,0.180,133,19,36,,
T,2023-05-09 15:25:14,6.17328345,-75.60566561,9.94,1556.550,24.209,0.000,,20,36,,
T,2023-05-09 15:25:15,6.17328452,-75.60566602,9.94,1556.927,24.209,0.000,,23,36,,
T,2023-05-09 15:25:16,6.17328579,-75.60566733,9.94,1557.682,24.209,0.000,,23,36,,
T,2023-05-09 15:25:17,6.17328771,-75.60566672,9.94,1558.040,24.209,0.000,,23,36,,
T,2023-05-09 15:25:18,6.17329038,-75.60566752,9.94,1558.179,24.209,0.000,,22,36,,
T,2023-05-09 15:25:19,6.17329035,-75.60566842,9.94,1557.926,24.209,0.000,,23,36,,
T,2023-05-09 15:25:20,6.17328997,-75.60566835,9.94,1558.096,24.209,0.000,,22,36,,
T,2023-05-09 15:25:21,6.17328962,-75.60566709,9.94,1558.252,24.209,0.000,,22,36,,
T,2023-05-09 15:25:22,6.17328972,-75.60566649,9.94,1558.221,24.209,0.000,,23,36,,
T,2023-05-09 15:25:23,6.17328962,-75.60566585,9.94,1558.207,24.209,0.000,,23,36,,
T,2023-05-09 15:25:24,6.17328953,-75.60566513,9.94,1558.155,24.209,0.000,,21,36,,
T,2023-05-09 15:25:25,6.17329020,-75.60566607,9.94,1558.291,24.209,0.000,,20,36,,
T,2023-05-09 15:25:26,6.17329043,-75.60566623,9.94,1558.291,24.209,0.000,,21,36,,
T,2023-05-09 15:25:27,6.17329049,-75.60566630,9.94,1558.296,24.209,0.000,,21,36,,
T,2023-05-09 15:25:28,6.17329106,-75.60566723,9.94,1558.345,24.209,0.000,,19,36,,
T,2023-05-09 15:25:29,6.17329107,-75.60566696,9.94,1558.279,24.209,0.000,,20,36,,
T,2023-05-09 15:25:30,6.17329132,-75.60566680,9.94,1558.318,24.209,0.000,,23,36,,
T,2023-05-09 15:25:31,6.17329219,-75.60566671,9.94,1558.455,24.209,0.000,,23,36,,
T,2023-05-09 15:25:32,6.17329321,-75.60566716,9.94,1558.580,24.209,0.000,,23,36,,
T,2023-05-09 15:25:33,6.17329505,-75.60566889,9.94,1558.795,24.209,0.000,,25,36,,
T,2023-05-09 15:25:34,6.17329623,-75.60567011,9.94,1558.901,24.209,0.000,,25,36,,
T,2023-05-09 15:25:35,6.17329691,-75.60567034,9.94,1558.964,24.209,0.000,,25,36,,
T,2023-05-09 15:25:36,6.17329757,-75.60567080,9.94,1559.033,24.209,0.000,,25,36,,
T,2023-05-09 15:25:37,6.17329764,-75.60567095,9.94,1559.029,24.209,0.000,,25,36,,
T,2023-05-09 15:25:38,6.17329771,-75.60567102,9.94,1559.038,24.209,0.000,,25,36,,
T,2023-05-09 15:25:39,6.17329776,-75.60567106,9.94,1559.046,24.209,0.000,,25,36,,
T,2023-05-09 15:25:40,6.17329781,-75.60567108,9.94,1559.052,24.209,0.000,,25,36,,
T,2023-05-09 15:25:41,6.17329784,-75.60567109,9.94,1559.058,24.209,0.000,,25,36,,
T,2023-05-09 15:25:42,6.17329789,-75.60567111,9.94,1559.066,24.209,0.000,,22,36,,
T,2023-05-09 15:25:43,6.17329793,-75.60567113,9.94,1559.069,24.209,0.000,,19,36,,
T,2023-05-09 15:25:44,6.17329798,-75.60567116,9.94,1559.075,24.209,0.000,,16,36,,
T,2023-05-09 15:25:45,6.17329802,-75.60567119,9.94,1559.080,24.209,0.000,,16,36,,
T,2023-05-09 15:25:46,6.17329806,-75.60567121,9.94,1559.088,24.209,0.000,,16,36,,
T,2023-05-09 15:25:47,6.17329811,-75.60567123,9.94,1559.093,24.209,0.000,,16,36,,
T,2023-05-09 15:25:48,6.17329817,-75.60567127,9.94,1559.101,24.209,0.000,,15,36,,
T,2023-05-09 15:25:49,6.17329819,-75.60567128,9.94,1559.101,24.209,0.000,,15,36,,
T,2023-05-09 15:25:50,6.17329824,-75.60567130,9.94,1559.108,24.209,0.000,,15,36,,
T,2023-05-09 15:25:51,6.17329827,-75.60567132,9.94,1559.112,24.209,0.000,,16,36,,
T,2023-05-09 15:25:52,6.17329830,-75.60567134,9.94,1559.114,24.209,0.000,,16,36,,
T,2023-05-09 15:25:53,6.17329831,-75.60567134,9.94,1559.117,24.209,0.000,,16,36,,
T,2023-05-09 15:25:54,6.17329834,-75.60567135,9.94,1559.120,24.209,0.000,,16,36,,
T,2023-05-09 15:25:55,6.17329835,-75.60567135,9.94,1559.120,24.209,0.000,,17,36,,
T,2023-05-09 15:25:56,6.17329837,-75.60567136,9.94,1559.122,24.209,0.000,,18,36,,
T,2023-05-09 15:25:57,6.17329838,-75.60567135,9.94,1559.121,24.209,0.000,,17,36,,
T,2023-05-09 15:25:58,6.17329859,-75.60567151,9.94,1559.149,24.209,0.000,,15,36,,
T,2023-05-09 15:25:59,6.17329866,-75.60567156,9.94,1559.151,24.209,0.000,,18,36,,
T,2023-05-09 15:26:00,6.17329867,-75.60567156,9.94,1559.151,24.209,0.000,,21,36,,
T,2023-05-09 15:26:01,6.17329868,-75.60567157,9.94,1559.152,24.209,0.000,,20,36,,
T,2023-05-09 15:26:02,6.17329869,-75.60567157,9.94,1559.151,24.209,0.000,,21,35,,
T,2023-05-09 15:26:03,6.17329884,-75.60567162,9.94,1559.173,24.209,0.000,,23,36,,
T,2023-05-09 15:26:04,6.17329887,-75.60567164,9.94,1559.173,24.209,0.000,,25,36,,
T,2023-05-09 15:26:05,6.17329889,-75.60567166,9.94,1559.173,24.209,0.000,,26,36,,
T,2023-05-09 15:26:06,6.17329891,-75.60567166,9.94,1559.174,24.209,0.000,,26,36,,
T,2023-05-09 15:26:07,6.17329891,-75.60567165,9.94,1559.173,24.209,0.000,,26,36,,
T,2023-05-09 15:26:08,6.17329929,-75.60567192,9.94,1559.225,24.209,0.000,,26,36,,
T,2023-05-09 15:26:09,6.17329988,-75.60567233,9.94,1559.291,24.209,0.000,,26,36,,
T,2023-05-09 15:26:10,6.17330005,-75.60567244,9.94,1559.293,24.209,0.000,,25,36,,
T,2023-05-09 15:26:11,6.17330011,-75.60567247,9.94,1559.294,24.209,0.000,,24,36,,
T,2023-05-09 15:26:12,6.17330023,-75.60567255,9.94,1559.310,24.209,0.000,,24,36,,
T,2023-05-09 15:26:13,6.17330029,-75.60567259,9.94,1559.313,24.209,0.000,,24,36,,
T,2023-05-09 15:26:14,6.17330032,-75.60567258,9.94,1559.315,24.209,0.000,,24,36,,
T,2023-05-09 15:26:15,6.17330035,-75.60567258,9.94,1559.317,24.209,0.000,,23,36,,
T,2023-05-09 15:26:16,6.17330036,-75.60567259,9.94,1559.316,24.209,0.000,,22,36,,
T,2023-05-09 15:26:17,6.17330092,-75.60567274,9.94,1559.406,24.209,0.000,,22,36,,
T,2023-05-09 15:26:18,6.17330107,-75.60567276,9.94,1559.408,24.209,0.000,,22,36,,
T,2023-05-09 15:26:19,6.17330114,-75.60567276,9.94,1559.412,24.209,0.000,,21,36,,
T,2023-05-09 15:26:20,6.17330116,-75.60567276,9.94,1559.413,24.209,0.000,,23,36,,
T,2023-05-09 15:26:21,6.17330117,-75.60567276,9.94,1559.412,24.209,0.000,,22,36,,
T,2023-05-09 15:26:22,6.17330120,-75.60567277,9.94,1559.413,24.209,0.000,,22,36,,
T,2023-05-09 15:26:23,6.17330129,-75.60567279,9.94,1559.422,24.209,0.000,,23,36,,
T,2023-05-09 15:26:24,6.17330137,-75.60567281,9.94,1559.428,24.209,0.000,,24,36,,
T,2023-05-09 15:26:25,6.17330138,-75.60567281,9.94,1559.422,24.209,0.000,,24,36,,
T,2023-05-09 15:26:26,6.17330139,-75.60567281,9.94,1559.421,24.209,0.000,,25,36,,
T,2023-05-09 15:26:27,6.17330142,-75.60567280,9.94,1559.422,24.209,0.000,,25,36,,
T,2023-05-09 15:26:28,6.17330143,-75.60567280,9.94,1559.423,24.209,0.000,,26,36,,
T,2023-05-09 15:26:29,6.17330146,-75.60567280,9.94,1559.427,24.209,0.000,,25,36,,
T,2023-05-09 15:26:30,6.17330147,-75.60567279,9.94,1559.425,24.209,0.000,,25,36,,
T,2023-05-09 15:26:31,6.17330149,-75.60567279,9.94,1559.426,24.209,0.000,,25,36,,
T,2023-05-09 15:26:32,6.17330151,-75.60567279,9.94,1559.430,24.209,0.000,,25,36,,
T,2023-05-09 15:26:33,6.17329917,-75.60567665,9.94,1558.965,24.209,0.350,123,25,36,,
T,2023-05-09 15:26:34,6.17329855,-75.60567848,9.94,1558.404,24.209,0.310,123,25,36,,
T,2023-05-09 15:26:35,6.17329609,-75.60567708,9.94,1558.074,24.209,0.400,134,26,36,,
T,2023-05-09 15:26:36,6.17329300,-75.60567911,9.94,1557.341,24.209,0.640,134,26,36,,
T,2023-05-09 15:26:37,6.17328802,-75.60568061,9.94,1556.185,24.209,0.570,146,25,36,,
T,2023-05-09 15:26:38,6.17329338,-75.60568361,9.94,1555.750,24.209,0.640,358,25,36,,
T,2023-05-09 15:26:39,6.17329451,-75.60568417,9.94,1555.565,24.209,0.000,,25,36,,
T,2023-05-09 15:26:40,6.17329504,-75.60568096,9.94,1555.331,24.209,0.000,,25,36,,
T,2023-05-09 15:26:41,6.17329325,-75.60567999,9.94,1555.248,24.209,0.330,146,26,36,,
T,2023-05-09 15:26:42,6.17329158,-75.60567755,9.94,1555.643,24.209,0.000,,25,36,,
T,2023-05-09 15:26:43,6.17329102,-75.60567411,9.94,1556.124,24.209,0.000,,25,36,,
T,2023-05-09 15:26:44,6.17328887,-75.60567164,9.94,1556.411,24.209,0.000,,25,36,,
T,2023-05-09 15:26:45,6.17328837,-75.60566884,9.94,1556.863,24.209,0.000,,25,36,,
T,2023-05-09 15:26:46,6.17328829,-75.60566712,9.94,1556.404,24.209,0.000,,25,36,,
