type,date time,latitude,longitude,accuracy(m),altitude(m),geoid_height(m),speed(m/s),bearing(deg),sat_used,sat_inview,name,desc
T,2023-05-09 12:49:40.878,6.23319051,-75.59706718,14.83,1520.985,24.048,0.500,39,6,27,20230509-074940,GPS Logger: 20230509-074940 - Honda_cb125f_ruta7
T,2023-05-09 12:49:41.878,6.23323066,-75.59703644,21.09,1518.992,24.047,0.640,39,5,27,,
T,2023-05-09 12:49:42.878,6.23323333,-75.59698189,22.01,1536.084,24.047,0.530,39,5,27,,
T,2023-05-09 12:49:43.878,6.23322029,-75.59696654,28.03,1507.636,24.047,0.180,39,5,27,,
T,2023-05-09 12:49:44.875,6.23324104,-75.59704989,14.85,1540.894,24.047,0.530,39,5,27,,
T,2023-05-09 12:49:45,6.23322418,-75.59706945,13.82,1557.624,24.047,1.050,111,5,27,,
T,2023-05-09 12:49:47,6.23319601,-75.59702183,7.07,1539.564,24.047,0.000,,9,27,,
T,2023-05-09 12:49:48,6.23319685,-75.59701790,6.83,1529.779,24.047,0.000,,10,27,,
T,2023-05-09 12:49:49,6.23319487,-75.59702036,7.07,1527.354,24.047,0.000,,11,27,,
T,2023-05-09 12:49:50,6.23318558,-75.59701310,7.88,1520.876,24.047,0.000,,11,27,,
T,2023-05-09 12:49:51,6.23319170,-75.59702443,8.22,1524.792,24.047,0.000,,11,27,,
T,2023-05-09 12:49:52,6.23318822,-75.59701384,7.33,1523.452,24.047,0.000,,11,27,,
T,2023-05-09 12:49:53,6.23319399,-75.59700989,6.65,1524.574,24.047,0.000,,11,27,,
T,2023-05-09 12:49:54,6.23319322,-75.59700536,6.44,1524.358,24.047,0.000,,11,27,,
T,2023-05-09 12:49:55,6.23319590,-75.59701716,6.24,1522.516,24.047,0.000,,9,27,,
T,2023-05-09 12:49:56,6.23320366,-75.59702512,6.16,1522.088,24.047,0.000,,10,27,,
T,2023-05-09 12:49:57,6.23320047,-75.59701024,6.25,1522.672,24.047,0.000,,10,27,,
T,2023-05-09 12:49:58,6.23319962,-75.59701130,7.03,1522.185,24.047,0.000,,10,27,,
T,2023-05-09 12:49:59,6.23320105,-75.59701411,7.63,1521.747,24.047,0.000,,9,27,,
T,2023-05-09 12:50:00,6.23320172,-75.59701450,8.26,1522.046,24.047,0.000,,9,27,,
T,2023-05-09 12:50:01,6.23320328,-75.59701674,9.08,1522.578,24.047,0.000,,10,27,,
T,2023-05-09 12:50:02,6.23320327,-75.59701674,10.51,1522.581,24.047,0.000,,9,27,,
T,2023-05-09 12:50:03,6.23320447,-75.59701847,11.98,1523.004,24.047,0.000,,9,27,,
T,2023-05-09 12:50:04,6.23320452,-75.59701863,12.28,1523.021,24.047,0.000,,9,27,,
T,2023-05-09 12:50:05,6.23320453,-75.59701865,12.79,1523.045,24.047,0.000,,8,27,,
T,2023-05-09 12:50:06,6.23320427,-75.59701893,12.27,1522.954,24.047,0.000,,7,27,,
T,2023-05-09 12:50:07,6.23320397,-75.59701826,12.30,1523.050,24.047,0.000,,7,27,,
T,2023-05-09 12:50:08,6.23320399,-75.59701826,12.05,1523.041,24.047,0.000,,8,27,,
T,2023-05-09 12:50:09,6.23320396,-75.59701826,11.67,1523.040,24.047,0.000,,8,27,,
T,2023-05-09 12:50:10,6.23320397,-75.59701832,11.44,1523.041,24.047,0.000,,8,27,,
T,2023-05-09 12:50:11,6.23320395,-75.59701831,10.98,1523.031,24.047,0.000,,8,27,,
T,2023-05-09 12:50:12,6.23320413,-75.59702043,10.19,1523.040,24.047,0.000,,8,27,,
T,2023-05-09 12:50:13,6.23320374,-75.59702108,11.87,1522.887,24.047,0.000,,9,26,,
T,2023-05-09 12:50:14,6.23320366,-75.59702096,13.33,1522.912,24.047,0.000,,9,27,,
T,2023-05-09 12:50:15,6.23320341,-75.59702135,12.76,1522.822,24.047,0.000,,8,27,,
T,2023-05-09 12:50:16,6.23320341,-75.59702126,12.35,1522.858,24.047,0.000,,8,26,,
T,2023-05-09 12:50:17,6.23320276,-75.59702210,12.22,1522.659,24.047,0.000,,8,27,,
T,2023-05-09 12:50:18,6.23320276,-75.59702218,12.35,1522.676,24.047,0.000,,8,27,,
T,2023-05-09 12:50:19,6.23320283,-75.59702208,12.23,1522.719,24.047,0.000,,7,27,,
T,2023-05-09 12:50:20,6.23320279,-75.59702209,11.51,1522.706,24.047,0.000,,7,27,,
T,2023-05-09 12:50:21,6.23320057,-75.59702285,10.85,1521.176,24.047,0.000,,8,27,,
T,2023-05-09 12:50:22,6.23320055,-75.59702280,9.86,1521.201,24.047,0.000,,9,27,,
T,2023-05-09 12:50:23,6.23320273,-75.59702205,9.37,1522.738,24.047,0.000,,9,27,,
T,2023-05-09 12:50:24,6.23320263,-75.59702171,8.80,1522.733,24.047,0.000,,9,27,,
T,2023-05-09 12:50:25,6.23320265,-75.59702175,8.30,1522.746,24.047,0.000,,10,27,,
T,2023-05-09 12:50:26,6.23320267,-75.59702171,8.02,1522.754,24.047,0.000,,10,27,,
T,2023-05-09 12:50:27,6.23320265,-75.59702178,8.04,1522.744,24.047,0.000,,9,27,,
T,2023-05-09 12:50:28,6.23320255,-75.59702177,7.59,1522.704,24.047,0.000,,9,27,,
T,2023-05-09 12:50:29,6.23320261,-75.59702178,7.47,1522.716,24.047,0.000,,9,27,,
T,2023-05-09 12:50:30,6.23320261,-75.59702185,6.81,1522.724,24.047,0.000,,9,27,,
T,2023-05-09 12:50:31,6.23320252,-75.59702129,6.97,1522.716,24.047,0.000,,9,27,,
T,2023-05-09 12:50:32,6.23320348,-75.59702433,6.78,1523.024,24.047,0.000,,10,27,,
T,2023-05-09 12:50:33,6.23320352,-75.59702439,6.47,1523.033,24.047,0.000,,11,27,,
T,2023-05-09 12:50:34,6.23320352,-75.59702443,6.37,1523.050,24.047,0.000,,11,27,,
T,2023-05-09 12:50:35,6.23320350,-75.59702444,6.89,1523.026,24.047,0.000,,10,27,,
T,2023-05-09 12:50:36,6.23320349,-75.59702448,6.83,1523.022,24.047,0.000,,10,27,,
T,2023-05-09 12:50:37,6.23320357,-75.59702441,6.37,1523.041,24.047,0.000,,9,27,,
T,2023-05-09 12:50:38,6.23320358,-75.59702457,6.30,1523.072,24.047,0.000,,10,27,,
T,2023-05-09 12:50:39,6.23320288,-75.59703042,6.13,1520.964,24.047,0.000,,9,27,,
T,2023-05-09 12:50:40,6.23320301,-75.59702640,5.78,1522.007,24.047,0.000,,11,27,,
T,2023-05-09 12:50:41,6.23320514,-75.59702688,5.97,1523.281,24.047,0.000,,11,27,,
T,2023-05-09 12:50:42,6.23320686,-75.59702551,5.49,1524.386,24.047,0.000,,11,27,,
T,2023-05-09 12:50:43,6.23320405,-75.59701896,5.39,1523.562,24.047,0.000,,12,27,,
T,2023-05-09 12:50:44,6.23320231,-75.59701794,5.13,1522.478,24.047,0.000,,12,27,,
T,2023-05-09 12:50:45,6.23319735,-75.59701425,4.76,1519.464,24.047,0.000,,13,27,,
T,2023-05-09 12:50:46,6.23315744,-75.59698894,4.35,1518.401,24.047,2.580,159,14,27,,
T,2023-05-09 12:50:47,6.23312213,-75.59698853,10.23,1520.125,24.047,3.620,171,14,27,,
T,2023-05-09 12:50:48,6.23307489,-75.59699039,10.17,1519.616,24.047,4.690,173,14,27,,
T,2023-05-09 12:50:49,6.23302049,-75.59698115,10.33,1514.742,24.047,5.050,189,14,27,,
T,2023-05-09 12:50:50,6.23298255,-75.59698787,10.29,1514.972,24.048,4.170,179,15,27,,
T,2023-05-09 12:50:51,6.23296863,-75.59698167,10.27,1519.643,24.048,1.790,186,14,27,,
T,2023-05-09 12:50:52,6.23294988,-75.59696914,10.09,1516.953,24.048,0.770,186,15,27,,
T,2023-05-09 12:50:53,6.23293978,-75.59696394,10.12,1516.027,24.047,1.120,186,15,27,,
T,2023-05-09 12:50:54,6.23291971,-75.59695711,10.19,1514.612,24.048,1.480,173,15,27,,
T,2023-05-09 12:50:55,6.23290209,-75.59695955,10.22,1514.453,24.048,1.750,187,15,27,,
T,2023-05-09 12:50:56,6.23288585,-75.59696022,10.26,1514.640,24.048,1.250,189,15,27,,
T,2023-05-09 12:50:57,6.23286788,-75.59696794,10.23,1514.047,24.048,2.000,219,16,27,,
T,2023-05-09 12:50:58,6.23285088,-75.59698153,10.10,1514.194,24.048,2.190,230,16,27,,
T,2023-05-09 12:50:59,6.23284185,-75.59701370,10.08,1513.262,24.048,4.640,265,16,27,,
T,2023-05-09 12:51:00,6.23283203,-75.59704209,10.37,1513.338,24.048,3.360,247,16,27,,
T,2023-05-09 12:51:01,6.23282837,-75.59707084,10.49,1512.588,24.048,3.420,259,16,27,,
T,2023-05-09 12:51:02,6.23285731,-75.59708587,4.20,1511.543,24.048,3.160,325,16,27,,
T,2023-05-09 12:51:03,6.23289986,-75.59709173,4.24,1512.682,24.048,4.040,1,16,27,,
T,2023-05-09 12:51:04,6.23294656,-75.59709136,4.51,1512.488,24.048,4.340,8,16,27,,
T,2023-05-09 12:51:05,6.23301456,-75.59709866,4.50,1511.565,24.048,5.580,3,17,27,,
T,2023-05-09 12:51:06,6.23309321,-75.59710096,4.33,1511.734,24.048,7.440,8,17,27,,
T,2023-05-09 12:51:07,6.23316235,-75.59710073,4.19,1512.364,24.048,7.750,10,18,27,,
T,2023-05-09 12:51:08,6.23323610,-75.59708942,4.51,1511.776,24.048,8.350,10,18,27,,
T,2023-05-09 12:51:09,6.23334129,-75.59711335,4.88,1511.305,24.047,9.820,357,18,27,,
T,2023-05-09 12:51:10,6.23344297,-75.59711998,5.04,1511.703,24.047,10.500,358,18,27,,
T,2023-05-09 12:51:11,6.23351994,-75.59713696,5.22,1510.887,24.047,8.650,359,17,27,,
T,2023-05-09 12:51:12,6.23358437,-75.59713007,5.24,1511.992,24.047,6.000,8,17,27,,
T,2023-05-09 12:51:13,6.23362404,-75.59712584,5.60,1512.354,24.047,3.550,9,15,27,,
T,2023-05-09 12:51:14,6.23366311,-75.59711546,6.40,1511.713,24.047,3.940,30,15,27,,
T,2023-05-09 12:51:15,6.23368428,-75.59708118,7.61,1510.958,24.047,3.870,66,15,27,,
T,2023-05-09 12:51:16,6.23367780,-75.59704323,6.62,1510.942,24.046,4.360,100,15,27,,
T,2023-05-09 12:51:17,6.23366323,-75.59700383,5.88,1512.276,24.046,4.270,112,16,27,,
T,2023-05-09 12:51:18,6.23365566,-75.59697414,5.55,1512.195,24.046,3.570,99,14,27,,
T,2023-05-09 12:51:19,6.23365099,-75.59694996,5.46,1513.782,24.046,2.070,91,15,27,,
T,2023-05-09 12:51:20,6.23365133,-75.59693400,5.13,1513.712,24.046,1.200,84,16,27,,
T,2023-05-09 12:51:21,6.23364979,-75.59692524,5.06,1514.611,24.046,0.440,84,16,27,,
T,2023-05-09 12:51:22,6.23364587,-75.59691781,4.99,1514.365,24.046,0.000,,16,27,,
T,2023-05-09 12:51:23,6.23364636,-75.59691611,4.98,1514.184,24.046,0.000,,16,27,,
T,2023-05-09 12:51:24,6.23364616,-75.59691573,5.27,1514.645,24.046,0.000,,17,27,,
T,2023-05-09 12:51:25,6.23364684,-75.59691631,6.12,1514.734,24.046,0.000,,17,27,,
T,2023-05-09 12:51:26,6.23364711,-75.59691711,6.71,1514.813,24.046,0.000,,17,27,,
T,2023-05-09 12:51:27,6.23364680,-75.59692123,6.89,1515.068,24.046,0.000,,17,27,,
T,2023-05-09 12:51:28,6.23364730,-75.59692312,6.30,1515.111,24.046,0.000,,15,27,,
T,2023-05-09 12:51:29,6.23364828,-75.59692487,6.13,1515.212,24.046,0.000,,15,27,,
T,2023-05-09 12:51:30,6.23364854,-75.59692481,6.04,1514.945,24.046,0.000,,14,27,,
T,2023-05-09 12:51:31,6.23364918,-75.59692712,5.54,1515.027,24.046,0.000,,14,27,,
T,2023-05-09 12:51:32,6.23365021,-75.59693001,5.36,1515.432,24.046,0.000,,15,27,,
T,2023-05-09 12:51:33,6.23365108,-75.59693126,5.27,1515.712,24.046,0.000,,14,27,,
T,2023-05-09 12:51:34,6.23365002,-75.59693170,5.28,1515.027,24.046,0.000,,14,27,,
T,2023-05-09 12:51:35,6.23364972,-75.59693259,5.54,1515.237,24.046,0.000,,16,27,,
T,2023-05-09 12:51:36,6.23364970,-75.59693065,5.38,1515.581,24.046,0.000,,17,27,,
T,2023-05-09 12:51:37,6.23365773,-75.59687661,5.51,1516.055,24.046,4.600,80,17,27,,
T,2023-05-09 12:51:38,6.23367227,-75.59681988,5.86,1514.614,24.045,4.730,79,17,27,,
T,2023-05-09 12:51:39,6.23368536,-75.59677594,5.79,1510.296,24.045,4.900,80,17,27,,
T,2023-05-09 12:51:40,6.23370282,-75.59672338,6.31,1509.934,24.045,5.020,87,17,27,,
T,2023-05-09 12:51:41,6.23371394,-75.59669139,6.63,1510.625,24.045,3.730,85,15,27,,
T,2023-05-09 12:51:42,6.23371075,-75.59666710,6.82,1510.647,24.044,3.330,88,14,27,,
T,2023-05-09 12:51:43,6.23371360,-75.59664142,7.36,1508.945,24.044,2.490,91,14,27,,
T,2023-05-09 12:51:44,6.23372751,-75.59660764,7.98,1508.726,24.044,2.830,90,14,27,,
T,2023-05-09 12:51:45,6.23374627,-75.59659466,8.34,1508.989,24.044,2.610,58,15,27,,
T,2023-05-09 12:51:46,6.23374219,-75.59656534,8.38,1509.729,24.044,2.620,93,13,27,,
T,2023-05-09 12:51:47,6.23373323,-75.59653805,8.39,1509.543,24.044,2.590,95,13,27,,
T,2023-05-09 12:51:48,6.23372443,-75.59651455,8.69,1509.432,24.044,2.220,93,13,27,,
T,2023-05-09 12:51:49,6.23371724,-75.59649488,8.29,1508.458,24.044,1.220,91,13,27,,
T,2023-05-09 12:51:50,6.23370332,-75.59647888,7.01,1508.313,24.043,0.000,,14,26,,
T,2023-05-09 12:51:51,6.23370138,-75.59646692,6.47,1508.890,24.043,0.000,,14,26,,
T,2023-05-09 12:51:52,6.23369802,-75.59646620,6.13,1508.398,24.043,0.000,,15,26,,
T,2023-05-09 12:51:53,6.23369735,-75.59645477,5.69,1507.349,24.043,0.000,,16,26,,
T,2023-05-09 12:51:54,6.23370124,-75.59644406,5.34,1508.007,24.043,0.000,,16,26,,
T,2023-05-09 12:51:55,6.23370938,-75.59642737,5.35,1506.801,24.043,1.750,65,16,26,,
T,2023-05-09 12:51:56,6.23372131,-75.59640877,6.03,1506.802,24.043,2.080,68,16,26,,
T,2023-05-09 12:51:57,6.23374432,-75.59638448,7.30,1506.773,24.043,3.020,40,16,26,,
T,2023-05-09 12:51:58,6.23378761,-75.59636653,8.90,1506.797,24.043,4.260,24,16,26,,
T,2023-05-09 12:51:59,6.23389356,-75.59636196,10.48,1507.511,24.043,5.930,6,15,26,,
T,2023-05-09 12:52:00,6.23398042,-75.59636057,12.42,1507.576,24.042,7.230,1,17,26,,
T,2023-05-09 12:52:01,6.23411584,-75.59636161,9.58,1508.127,24.042,10.790,357,17,26,,
T,2023-05-09 12:52:02,6.23423130,-75.59635999,8.47,1506.130,24.042,11.930,359,16,26,,
T,2023-05-09 12:52:03,6.23433832,-75.59636152,8.36,1506.391,24.042,11.840,360,16,26,,
T,2023-05-09 12:52:04,6.23444279,-75.59635081,7.92,1504.965,24.041,11.760,1,15,26,,
T,2023-05-09 12:52:05,6.23456598,-75.59635241,12.23,1504.348,24.041,12.130,359,17,26,,
T,2023-05-09 12:52:06,6.23466268,-75.59635329,12.29,1503.766,24.041,11.080,1,17,26,,
T,2023-05-09 12:52:07,6.23475575,-75.59633293,11.71,1502.401,24.041,10.110,3,17,26,,
T,2023-05-09 12:52:08,6.23483735,-75.59631729,12.02,1501.478,24.040,9.770,5,17,26,,
T,2023-05-09 12:52:09,6.23488688,-75.59631292,11.71,1500.992,24.040,8.010,3,16,26,,
T,2023-05-09 12:52:10,6.23493973,-75.59630392,11.99,1502.286,24.040,7.160,0,17,26,,
T,2023-05-09 12:52:11,6.23495662,-75.59632388,11.84,1503.525,24.040,3.810,357,18,26,,
T,2023-05-09 12:52:12,6.23498124,-75.59632639,11.67,1503.587,24.040,3.010,358,18,26,,
T,2023-05-09 12:52:13,6.23498826,-75.59632974,11.59,1503.863,24.040,1.600,4,18,26,,
T,2023-05-09 12:52:14,6.23499089,-75.59634470,11.53,1503.988,24.040,0.480,3,18,26,,
T,2023-05-09 12:52:15,6.23499849,-75.59633621,11.68,1504.566,24.040,0.370,2,18,26,,
T,2023-05-09 12:52:16,6.23500416,-75.59633520,12.11,1504.632,24.040,0.350,2,18,26,,
T,2023-05-09 12:52:17,6.23500998,-75.59633468,12.07,1504.545,24.040,0.330,2,18,26,,
T,2023-05-09 12:52:18,6.23501242,-75.59633560,11.96,1504.525,24.040,0.000,,18,26,,
T,2023-05-09 12:52:19,6.23501674,-75.59634035,12.04,1504.707,24.040,0.000,,17,26,,
T,2023-05-09 12:52:20,6.23502129,-75.59634180,12.36,1504.582,24.040,0.000,,15,26,,
T,2023-05-09 12:52:21,6.23502118,-75.59634475,12.34,1504.685,24.040,0.000,,14,26,,
T,2023-05-09 12:52:22,6.23502337,-75.59634578,12.09,1504.564,24.040,0.000,,14,26,,
T,2023-05-09 12:52:23,6.23502787,-75.59634162,11.95,1504.703,24.040,0.000,,13,26,,
T,2023-05-09 12:52:24,6.23503081,-75.59633909,11.79,1504.760,24.040,0.000,,14,26,,
T,2023-05-09 12:52:25,6.23503481,-75.59633706,11.67,1504.790,24.040,0.000,,15,26,,
T,2023-05-09 12:52:26,6.23503840,-75.59633392,11.62,1504.979,24.040,0.000,,16,26,,
T,2023-05-09 12:52:27,6.23504212,-75.59633049,11.68,1505.364,24.040,0.000,,15,26,,
T,2023-05-09 12:52:28,6.23504647,-75.59632808,11.58,1505.425,24.040,0.000,,15,26,,
T,2023-05-09 12:52:29,6.23504933,-75.59632732,11.36,1506.037,24.040,0.000,,16,26,,
T,2023-05-09 12:52:30,6.23505076,-75.59632682,11.27,1506.180,24.040,0.000,,15,26,,
T,2023-05-09 12:52:31,6.23505228,-75.59632771,11.22,1506.652,24.040,0.000,,15,26,,
T,2023-05-09 12:52:32,6.23505305,-75.59632741,11.33,1506.499,24.040,0.000,,14,26,,
T,2023-05-09 12:52:33,6.23505327,-75.59632721,11.55,1506.465,24.040,0.000,,15,26,,
T,2023-05-09 12:52:34,6.23505355,-75.59632692,11.68,1506.410,24.040,0.000,,14,26,,
T,2023-05-09 12:52:35,6.23505393,-75.59632663,12.12,1506.390,24.040,0.000,,14,26,,
T,2023-05-09 12:52:36,6.23505376,-75.59632675,12.48,1506.452,24.040,0.000,,13,26,,
T,2023-05-09 12:52:37,6.23505313,-75.59632694,12.06,1506.361,24.040,0.000,,12,26,,
T,2023-05-09 12:52:38,6.23505311,-75.59632657,12.01,1506.426,24.040,0.000,,12,26,,
T,2023-05-09 12:52:39,6.23505268,-75.59632567,11.91,1506.452,24.040,0.000,,13,26,,
T,2023-05-09 12:52:40,6.23505301,-75.59632562,11.92,1506.342,24.040,0.000,,13,26,,
T,2023-05-09 12:52:41,6.23505313,-75.59632566,12.14,1506.321,24.040,0.000,,15,26,,
T,2023-05-09 12:52:42,6.23505352,-75.59632588,11.91,1506.333,24.040,0.000,,15,26,,
T,2023-05-09 12:52:43,6.23505364,-75.59632593,11.91,1506.334,24.040,0.000,,16,25,,
T,2023-05-09 12:52:44,6.23515082,-75.59632291,11.95,1505.504,24.040,5.960,1,15,26,,
T,2023-05-09 12:52:45,6.23523531,-75.59633893,11.65,1505.241,24.040,7.760,356,15,26,,
T,2023-05-09 12:52:46,6.23530020,-75.59635000,11.45,1505.217,24.040,7.490,350,13,26,,
T,2023-05-09 12:52:47,6.23536799,-75.59636803,11.37,1504.490,24.040,7.520,350,13,26,,
T,2023-05-09 12:52:48,6.23543542,-75.59638008,11.30,1504.679,24.040,7.610,352,12,26,,
T,2023-05-09 12:52:49,6.23552259,-75.59638181,11.51,1503.636,24.039,8.390,354,11,26,,
T,2023-05-09 12:52:50,6.23561262,-75.59640913,11.39,1505.960,24.039,9.520,353,12,26,,
T,2023-05-09 12:52:51,6.23571309,-75.59642508,11.48,1505.504,24.039,10.820,353,14,26,,
T,2023-05-09 12:52:52,6.23582932,-75.59643776,11.68,1505.887,24.039,11.670,351,14,26,,
T,2023-05-09 12:52:53,6.23594512,-75.59646473,11.70,1505.534,24.039,12.840,351,14,26,,
T,2023-05-09 12:52:54,6.23607038,-75.59647078,11.82,1505.027,24.039,13.190,352,14,26,,
T,2023-05-09 12:52:55,6.23617499,-75.59649367,11.85,1502.602,24.039,12.570,351,14,26,,
T,2023-05-09 12:52:56,6.23627718,-75.59651647,12.29,1502.134,24.039,12.390,353,14,26,,
T,2023-05-09 12:52:57,6.23639859,-75.59653701,12.58,1503.537,24.039,12.420,351,14,26,,
T,2023-05-09 12:52:58,6.23650740,-75.59656371,13.16,1504.809,24.038,11.590,351,16,26,,
T,2023-05-09 12:52:59,6.23661585,-75.59657964,13.96,1504.653,24.038,11.780,354,17,26,,
T,2023-05-09 12:53:00,6.23672871,-75.59658133,14.17,1504.590,24.038,11.940,355,16,26,,
T,2023-05-09 12:53:01,6.23685840,-75.59658920,14.06,1502.779,24.038,12.790,355,16,26,,
T,2023-05-09 12:53:02,6.23695625,-75.59659036,13.92,1502.601,24.038,11.510,355,16,26,,
T,2023-05-09 12:53:03,6.23706819,-75.59660822,13.95,1502.721,24.038,11.950,354,15,26,,
T,2023-05-09 12:53:04,6.23719231,-75.59662028,14.27,1501.957,24.037,12.130,352,14,26,,
T,2023-05-09 12:53:05,6.23730968,-75.59662806,14.22,1502.020,24.037,12.450,353,12,26,,
T,2023-05-09 12:53:06,6.23744805,-75.59661483,13.56,1501.224,24.037,13.000,356,14,26,,
T,2023-05-09 12:53:07,6.23756043,-75.59663345,13.35,1500.837,24.037,12.200,355,14,26,,
T,2023-05-09 12:53:08,6.23767562,-75.59661639,13.04,1498.176,24.036,11.350,355,14,26,,
T,2023-05-09 12:53:09,6.23777283,-75.59662866,13.14,1498.884,24.036,11.290,354,12,26,,
T,2023-05-09 12:53:10,6.23788114,-75.59664261,13.95,1497.859,24.036,11.300,355,13,26,,
T,2023-05-09 12:53:11,6.23798369,-75.59665311,14.16,1497.684,24.036,10.420,354,15,26,,
T,2023-05-09 12:53:12,6.23805662,-75.59666832,14.54,1497.025,24.036,9.580,356,13,26,,
T,2023-05-09 12:53:13,6.23810994,-75.59667308,13.67,1496.966,24.036,7.420,356,13,26,,
T,2023-05-09 12:53:14,6.23817305,-75.59667772,13.44,1498.841,24.036,6.890,356,14,26,,
T,2023-05-09 12:53:15,6.23822994,-75.59667549,14.06,1499.197,24.036,6.390,356,15,26,,
T,2023-05-09 12:53:16,6.23821039,-75.59666799,13.58,1498.760,24.036,1.300,353,14,26,,
T,2023-05-09 12:53:17,6.23819843,-75.59668038,13.22,1497.903,24.036,0.260,352,12,26,,
T,2023-05-09 12:53:18,6.23823185,-75.59669339,13.03,1499.563,24.036,0.260,351,14,26,,
T,2023-05-09 12:53:19,6.23824092,-75.59668607,12.97,1500.692,24.036,0.310,352,14,26,,
T,2023-05-09 12:53:20,6.23824271,-75.59669201,13.43,1502.017,24.036,0.290,351,13,26,,
T,2023-05-09 12:53:21,6.23824562,-75.59668615,13.99,1501.711,24.036,0.170,353,13,26,,
T,2023-05-09 12:53:22,6.23824684,-75.59668947,14.93,1502.707,24.036,0.240,353,13,26,,
T,2023-05-09 12:53:23,6.23825054,-75.59669895,14.00,1503.610,24.036,0.280,353,15,26,,
T,2023-05-09 12:53:24,6.23825548,-75.59670215,14.26,1503.982,24.036,0.270,353,13,25,,
T,2023-05-09 12:53:25,6.23825798,-75.59671071,14.00,1502.255,24.036,0.190,353,14,26,,
T,2023-05-09 12:53:26,6.23826006,-75.59671411,14.64,1503.481,24.036,0.200,353,15,26,,
T,2023-05-09 12:53:27,6.23825892,-75.59671953,15.20,1504.458,24.036,0.330,353,15,26,,
T,2023-05-09 12:53:28,6.23826114,-75.59672609,14.00,1505.219,24.036,0.220,352,14,26,,
T,2023-05-09 12:53:29,6.23826011,-75.59673019,14.41,1509.470,24.036,0.250,353,12,26,,
T,2023-05-09 12:53:30,6.23826578,-75.59672779,14.86,1510.067,24.036,0.190,353,13,26,,
T,2023-05-09 12:53:31,6.23826929,-75.59671845,14.62,1511.309,24.036,0.240,353,13,26,,
T,2023-05-09 12:53:32,6.23827624,-75.59670780,14.73,1512.057,24.036,0.420,353,12,26,,
T,2023-05-09 12:53:33,6.23828907,-75.59669754,14.19,1513.195,24.036,0.250,353,12,26,,
T,2023-05-09 12:53:34,6.23829139,-75.59668592,14.06,1514.225,24.036,0.210,353,14,26,,
T,2023-05-09 12:53:35,6.23828816,-75.59667137,13.65,1514.913,24.036,0.420,353,16,26,,
T,2023-05-09 12:53:36,6.23828665,-75.59666320,13.58,1515.329,24.036,0.320,353,16,26,,
T,2023-05-09 12:53:37,6.23828026,-75.59666268,13.37,1517.311,24.036,0.000,,16,26,,
T,2023-05-09 12:53:38,6.23827356,-75.59665653,13.30,1517.103,24.035,0.170,353,17,26,,
T,2023-05-09 12:53:39,6.23825191,-75.59664771,12.99,1518.080,24.035,0.000,,17,26,,
T,2023-05-09 12:53:40,6.23824183,-75.59663776,12.67,1519.256,24.035,0.000,,15,26,,
T,2023-05-09 12:53:41,6.23824149,-75.59663503,12.56,1518.826,24.035,0.000,,13,26,,
T,2023-05-09 12:53:42,6.23823869,-75.59663525,12.62,1520.409,24.035,0.000,,13,26,,
T,2023-05-09 12:53:43,6.23824404,-75.59663163,12.46,1520.045,24.035,0.000,,13,26,,
T,2023-05-09 12:53:44,6.23824247,-75.59663394,12.54,1521.392,24.035,0.000,,13,26,,
T,2023-05-09 12:53:45,6.23823974,-75.59663376,12.63,1522.645,24.035,0.000,,13,26,,
T,2023-05-09 12:53:46,6.23823917,-75.59663199,12.08,1523.408,24.035,0.000,,15,27,,
T,2023-05-09 12:53:47,6.23824029,-75.59662978,11.98,1524.295,24.035,0.000,,15,27,,
T,2023-05-09 12:53:48,6.23824293,-75.59662846,12.20,1524.797,24.035,0.000,,15,27,,
T,2023-05-09 12:53:49,6.23824531,-75.59662918,12.04,1525.908,24.035,0.000,,15,27,,
T,2023-05-09 12:53:50,6.23824615,-75.59662520,11.93,1526.340,24.035,0.000,,16,27,,
T,2023-05-09 12:53:51,6.23824675,-75.59662245,11.90,1526.688,24.035,0.000,,16,27,,
T,2023-05-09 12:53:52,6.23824985,-75.59662189,11.91,1526.702,24.035,0.000,,14,27,,
T,2023-05-09 12:53:53,6.23825049,-75.59662137,11.84,1526.777,24.035,0.000,,14,26,,
T,2023-05-09 12:53:54,6.23825077,-75.59662077,11.69,1526.825,24.035,0.000,,15,27,,
T,2023-05-09 12:53:55,6.23825142,-75.59661987,11.71,1526.919,24.035,0.000,,15,27,,
T,2023-05-09 12:53:56,6.23825263,-75.59661856,11.50,1526.689,24.035,0.000,,14,27,,
T,2023-05-09 12:53:57,6.23825324,-75.59661732,11.45,1526.708,24.035,0.000,,14,26,,
T,2023-05-09 12:53:58,6.23825362,-75.59661630,11.33,1526.561,24.035,0.000,,16,27,,
T,2023-05-09 12:53:59,6.23825499,-75.59661541,11.37,1526.369,24.035,0.000,,17,27,,
T,2023-05-09 12:54:00,6.23825620,-75.59661474,11.40,1526.208,24.035,0.000,,17,27,,
T,2023-05-09 12:54:01,6.23825642,-75.59661543,11.50,1526.359,24.035,0.000,,17,27,,
T,2023-05-09 12:54:02,6.23829762,-75.59662828,11.06,1525.886,24.035,5.900,349,17,27,,
T,2023-05-09 12:54:03,6.23837945,-75.59664476,11.02,1525.837,24.035,6.510,352,16,27,,
T,2023-05-09 12:54:04,6.23848385,-75.59662398,10.72,1520.785,24.035,7.770,354,14,27,,
T,2023-05-09 12:54:05,6.23856013,-75.59665506,10.75,1519.414,24.035,7.710,353,14,27,,
T,2023-05-09 12:54:06,6.23864903,-75.59666451,10.92,1518.103,24.035,7.750,352,15,27,,
T,2023-05-09 12:54:07,6.23870509,-75.59666752,11.07,1517.067,24.035,7.170,354,16,27,,
T,2023-05-09 12:54:08,6.23879006,-75.59666540,11.07,1514.579,24.035,7.890,356,16,27,,
T,2023-05-09 12:54:09,6.23889167,-75.59667522,11.07,1511.960,24.034,9.020,353,17,27,,
T,2023-05-09 12:54:10,6.23899672,-75.59667850,11.10,1512.807,24.034,9.690,354,18,27,,
T,2023-05-09 12:54:11,6.23909666,-75.59669680,11.10,1509.804,24.034,10.750,353,18,27,,
T,2023-05-09 12:54:12,6.23920551,-75.59670310,11.38,1509.282,24.034,11.400,352,18,27,,
T,2023-05-09 12:54:13,6.23931960,-75.59671968,11.69,1509.475,24.034,11.950,353,18,27,,
T,2023-05-09 12:54:14,6.23943497,-75.59672663,11.99,1508.622,24.034,12.440,355,17,27,,
T,2023-05-09 12:54:15,6.23954366,-75.59676182,12.02,1507.005,24.034,12.150,356,17,27,,
T,2023-05-09 12:54:16,6.23968371,-75.59675620,12.47,1506.394,24.033,13.010,355,14,27,,
T,2023-05-09 12:54:17,6.23980657,-75.59674082,12.36,1505.876,24.033,12.270,358,14,27,,
T,2023-05-09 12:54:18,6.23993391,-75.59675039,12.96,1505.149,24.033,12.570,357,16,27,,
T,2023-05-09 12:54:19,6.24003055,-75.59676367,13.02,1505.014,24.033,11.260,357,16,27,,
T,2023-05-09 12:54:20,6.24012706,-75.59676245,13.79,1504.977,24.032,11.060,356,17,27,,
T,2023-05-09 12:54:21,6.24020312,-75.59678263,14.10,1506.139,24.032,9.660,354,16,27,,
T,2023-05-09 12:54:22,6.24028275,-75.59679634,14.54,1505.989,24.032,9.060,353,16,27,,
T,2023-05-09 12:54:23,6.24033699,-75.59680978,14.03,1505.772,24.032,7.370,355,16,27,,
T,2023-05-09 12:54:24,6.24038410,-75.59681307,13.88,1504.783,24.032,5.950,354,16,27,,
T,2023-05-09 12:54:25,6.24041146,-75.59682640,13.33,1507.073,24.032,3.210,356,15,27,,
T,2023-05-09 12:54:26,6.24043501,-75.59682605,13.26,1506.457,24.032,2.010,3,12,27,,
T,2023-05-09 12:54:27,6.24043505,-75.59683435,13.17,1506.986,24.032,0.000,,12,27,,
T,2023-05-09 12:54:28,6.24043627,-75.59683997,13.04,1507.045,24.032,0.000,,12,27,,
T,2023-05-09 12:54:29,6.24043548,-75.59683687,12.86,1507.540,24.032,0.000,,13,27,,
T,2023-05-09 12:54:30,6.24043479,-75.59683444,12.46,1507.262,24.032,0.000,,13,27,,
T,2023-05-09 12:54:31,6.24043544,-75.59683703,12.18,1507.531,24.032,0.000,,14,27,,
T,2023-05-09 12:54:32,6.24043597,-75.59683761,11.90,1507.598,24.032,0.000,,15,27,,
T,2023-05-09 12:54:33,6.24043803,-75.59683955,11.84,1507.149,24.032,0.000,,15,27,,
T,2023-05-09 12:54:34,6.24043715,-75.59683951,11.86,1507.179,24.032,0.000,,15,27,,
T,2023-05-09 12:54:35,6.24043812,-75.59683678,12.08,1507.136,24.032,0.000,,14,27,,
T,2023-05-09 12:54:36,6.24043787,-75.59683918,12.14,1506.648,24.032,0.000,,14,27,,
T,2023-05-09 12:54:37,6.24043855,-75.59683884,11.94,1507.019,24.032,0.000,,13,27,,
T,2023-05-09 12:54:38,6.24043992,-75.59683811,11.83,1507.320,24.032,0.000,,13,27,,
T,2023-05-09 12:54:39,6.24044089,-75.59683729,11.74,1507.500,24.032,0.000,,13,27,,
T,2023-05-09 12:54:40,6.24043926,-75.59683991,11.95,1508.397,24.032,0.000,,13,27,,
T,2023-05-09 12:54:41,6.24043947,-75.59683955,11.95,1508.449,24.032,0.000,,14,27,,
T,2023-05-09 12:54:42,6.24043995,-75.59683959,11.92,1508.485,24.032,0.000,,15,27,,
T,2023-05-09 12:54:43,6.24044087,-75.59683932,11.72,1508.740,24.032,0.000,,15,27,,
T,2023-05-09 12:54:44,6.24044142,-75.59683940,11.55,1509.062,24.032,0.000,,14,27,,
T,2023-05-09 12:54:45,6.24044159,-75.59683933,11.41,1509.172,24.032,0.000,,14,27,,
T,2023-05-09 12:54:46,6.24044153,-75.59683942,11.37,1509.218,24.032,0.000,,14,27,,
T,2023-05-09 12:54:47,6.24044148,-75.59683952,11.51,1509.246,24.032,0.000,,13,27,,
T,2023-05-09 12:54:48,6.24044148,-75.59683955,11.87,1509.254,24.032,0.000,,14,27,,
T,2023-05-09 12:54:49,6.24044202,-75.59683928,12.60,1509.410,24.032,0.000,,14,27,,
T,2023-05-09 12:54:50,6.24044204,-75.59683930,13.20,1509.409,24.032,0.000,,14,27,,
T,2023-05-09 12:54:51,6.24044214,-75.59683929,13.21,1509.409,24.032,0.000,,13,27,,
T,2023-05-09 12:54:52,6.24044233,-75.59683933,13.38,1509.553,24.032,0.000,,12,27,,
T,2023-05-09 12:54:53,6.24059296,-75.59682973,13.56,1509.484,24.032,7.120,354,13,27,,
T,2023-05-09 12:54:54,6.24076304,-75.59685141,13.24,1509.868,24.032,9.720,355,13,27,,
T,2023-05-09 12:54:55,6.24090589,-75.59683475,13.25,1511.167,24.031,11.580,358,13,27,,
T,2023-05-09 12:54:56,6.24104567,-75.59683113,13.19,1511.185,24.031,12.720,357,13,27,,
T,2023-05-09 12:54:57,6.24117875,-75.59682550,13.58,1510.778,24.031,12.930,358,13,27,,
T,2023-05-09 12:54:58,6.24129169,-75.59682538,14.16,1511.212,24.030,12.510,358,15,27,,
T,2023-05-09 12:54:59,6.24142137,-75.59682284,14.41,1511.472,24.030,12.780,0,14,27,,
T,2023-05-09 12:55:00,6.24158579,-75.59682471,13.33,1514.174,24.030,13.480,359,15,27,,
T,2023-05-09 12:55:01,6.24172762,-75.59684042,13.29,1513.333,24.030,13.330,358,16,27,,
T,2023-05-09 12:55:02,6.24185030,-75.59686263,13.09,1513.232,24.030,12.270,358,17,27,,
T,2023-05-09 12:55:03,6.24196938,-75.59685769,12.95,1511.506,24.029,12.140,360,17,27,,
T,2023-05-09 12:55:04,6.24207398,-75.59686983,12.60,1511.498,24.029,10.620,358,16,27,,
T,2023-05-09 12:55:05,6.24218120,-75.59687166,12.67,1512.908,24.029,10.730,356,17,27,,
T,2023-05-09 12:55:06,6.24230080,-75.59688155,13.45,1513.454,24.029,11.540,358,17,27,,
T,2023-05-09 12:55:07,6.24241830,-75.59686915,14.64,1516.410,24.029,11.800,358,15,27,,
T,2023-05-09 12:55:08,6.24247501,-75.59685997,14.80,1519.490,24.028,8.980,360,14,27,,
T,2023-05-09 12:55:09,6.24249774,-75.59686553,14.80,1520.647,24.028,6.430,1,15,27,,
T,2023-05-09 12:55:10,6.24249952,-75.59684470,14.78,1520.893,24.028,4.120,2,14,27,,
T,2023-05-09 12:55:11,6.24250462,-75.59684652,14.61,1521.352,24.028,2.700,1,14,27,,
T,2023-05-09 12:55:12,6.24247249,-75.59686147,14.00,1521.348,24.028,0.500,2,15,27,,
T,2023-05-09 12:55:13,6.24244785,-75.59687663,14.14,1517.755,24.028,0.000,,16,27,,
T,2023-05-09 12:55:14,6.24244985,-75.59688144,14.05,1517.363,24.029,0.000,,16,27,,
T,2023-05-09 12:55:15,6.24244538,-75.59688545,13.34,1517.223,24.029,0.320,7,15,27,,
T,2023-05-09 12:55:16,6.24244057,-75.59690102,13.04,1517.368,24.029,0.000,,16,27,,
T,2023-05-09 12:55:17,6.24244438,-75.59690232,12.71,1518.828,24.029,0.000,,16,27,,
T,2023-05-09 12:55:18,6.24244324,-75.59690500,12.42,1519.168,24.029,0.000,,15,27,,
T,2023-05-09 12:55:19,6.24244465,-75.59690671,12.24,1520.680,24.029,0.000,,13,27,,
T,2023-05-09 12:55:20,6.24244778,-75.59690572,12.18,1522.062,24.029,0.000,,12,27,,
T,2023-05-09 12:55:21,6.24245177,-75.59690718,11.84,1523.728,24.029,0.000,,13,27,,
T,2023-05-09 12:55:22,6.24245434,-75.59690868,11.72,1524.211,24.029,0.000,,13,27,,
T,2023-05-09 12:55:23,6.24245866,-75.59690871,11.53,1524.936,24.029,0.000,,14,27,,
T,2023-05-09 12:55:24,6.24246089,-75.59690825,11.67,1525.320,24.029,0.000,,15,27,,
T,2023-05-09 12:55:25,6.24246057,-75.59690851,11.91,1525.223,24.029,0.000,,15,27,,
T,2023-05-09 12:55:26,6.24246222,-75.59691033,11.81,1525.708,24.029,0.000,,15,27,,
T,2023-05-09 12:55:27,6.24246148,-75.59690903,11.89,1526.042,24.029,0.000,,15,27,,
T,2023-05-09 12:55:28,6.24246184,-75.59690875,11.65,1526.076,24.029,0.000,,14,27,,
T,2023-05-09 12:55:29,6.24246402,-75.59690882,11.74,1526.636,24.029,0.000,,13,27,,
T,2023-05-09 12:55:30,6.24246495,-75.59690792,11.90,1526.472,24.029,0.000,,13,27,,
T,2023-05-09 12:55:31,6.24257925,-75.59691308,12.09,1526.017,24.028,6.890,360,14,27,,
T,2023-05-09 12:55:32,6.24266687,-75.59693749,12.15,1524.142,24.028,7.630,360,12,27,,
T,2023-05-09 12:55:33,6.24274428,-75.59694888,12.50,1524.709,24.028,7.790,2,13,27,,
T,2023-05-09 12:55:34,6.24282260,-75.59695420,12.13,1523.678,24.028,8.710,2,13,27,,
T,2023-05-09 12:55:35,6.24290684,-75.59697407,12.13,1521.559,24.028,8.690,0,13,27,,
T,2023-05-09 12:55:36,6.24298643,-75.59697397,12.55,1521.672,24.028,8.420,0,13,27,,
T,2023-05-09 12:55:37,6.24306974,-75.59697313,12.83,1520.945,24.028,7.900,360,12,27,,
T,2023-05-09 12:55:38,6.24310280,-75.59700796,12.93,1521.534,24.028,6.200,351,13,27,,
T,2023-05-09 12:55:39,6.24316680,-75.59700045,12.98,1521.873,24.028,5.490,345,13,27,,
T,2023-05-09 12:55:40,6.24319300,-75.59700552,13.36,1523.055,24.028,3.800,332,13,27,,
T,2023-05-09 12:55:41,6.24323318,-75.59702543,14.08,1522.855,24.028,3.470,328,14,27,,
T,2023-05-09 12:55:42,6.24327394,-75.59704645,15.02,1523.640,24.028,3.650,328,14,27,,
T,2023-05-09 12:55:43,6.24327196,-75.59708170,15.46,1525.816,24.028,2.870,329,14,27,,
T,2023-05-09 12:55:44,6.24330551,-75.59711930,15.89,1525.514,24.028,3.520,321,13,27,,
T,2023-05-09 12:55:45,6.24332061,-75.59712399,16.92,1527.397,24.028,3.160,289,13,27,,
T,2023-05-09 12:55:46,6.24332126,-75.59714552,15.77,1526.558,24.028,3.220,274,13,27,,
T,2023-05-09 12:55:47,6.24331668,-75.59717119,16.00,1528.634,24.028,4.000,272,12,27,,
T,2023-05-09 12:55:48,6.24331410,-75.59720393,16.88,1528.795,24.029,4.120,272,11,27,,
T,2023-05-09 12:55:49,6.24331468,-75.59723986,18.62,1528.641,24.029,4.310,274,11,27,,
T,2023-05-09 12:55:50,6.24331946,-75.59728129,20.31,1528.733,24.029,4.650,276,8,27,,
T,2023-05-09 12:55:51,6.24332689,-75.59732413,22.85,1528.381,24.029,4.920,280,8,27,,
T,2023-05-09 12:55:52,6.24333726,-75.59736713,26.19,1528.325,24.029,4.900,286,8,27,,
T,2023-05-09 12:55:53,6.24335075,-75.59741917,30.01,1528.051,24.030,5.460,285,7,27,,
T,2023-05-09 12:55:54,6.24335950,-75.59745070,33.77,1528.111,24.030,4.850,289,5,27,,
T,2023-05-09 12:55:55,6.24339830,-75.59760839,30.90,1527.983,24.030,7.280,293,4,27,,
T,2023-05-09 12:55:56,6.24344256,-75.59773407,25.73,1529.684,24.031,9.700,294,7,27,,
T,2023-05-09 12:55:57,6.24345321,-75.59787992,26.46,1526.411,24.032,9.960,296,7,27,,
T,2023-05-09 12:55:58,6.24350523,-75.59796961,25.75,1527.012,24.032,9.770,300,7,27,,
T,2023-05-09 12:55:59,6.24355848,-75.59807226,16.26,1525.547,24.033,10.210,305,9,27,,
T,2023-05-09 12:56:00,6.24359297,-75.59815555,13.73,1522.379,24.033,8.710,313,10,27,,
T,2023-05-09 12:56:01,6.24366716,-75.59821199,13.58,1523.538,24.033,8.420,311,12,27,,
T,2023-05-09 12:56:02,6.24369540,-75.59827137,13.22,1523.316,24.033,8.180,309,11,27,,
T,2023-05-09 12:56:03,6.24373703,-75.59835249,13.48,1519.546,24.034,8.100,302,11,27,,
T,2023-05-09 12:56:04,6.24376604,-75.59836302,13.29,1520.529,24.034,5.220,306,11,26,,
T,2023-05-09 12:56:05,6.24375518,-75.59837265,12.34,1518.107,24.034,2.470,292,12,27,,
T,2023-05-09 12:56:06,6.24376786,-75.59837788,12.22,1516.890,24.034,1.960,297,13,27,,
T,2023-05-09 12:56:07,6.24377330,-75.59836077,11.79,1517.673,24.034,0.600,290,12,27,,
T,2023-05-09 12:56:08,6.24379372,-75.59836134,11.99,1517.754,24.034,0.540,305,15,27,,
T,2023-05-09 12:56:09,6.24379179,-75.59836236,11.99,1515.931,24.034,0.680,311,15,27,,
T,2023-05-09 12:56:10,6.24381063,-75.59838024,12.14,1515.402,24.034,1.740,316,15,27,,
T,2023-05-09 12:56:11,6.24383304,-75.59841275,11.58,1515.023,24.034,3.290,303,16,27,,
T,2023-05-09 12:56:12,6.24384533,-75.59844255,11.62,1513.177,24.034,3.510,293,16,27,,
T,2023-05-09 12:56:13,6.24386264,-75.59848096,11.46,1513.655,24.034,4.770,297,16,27,,
T,2023-05-09 12:56:14,6.24389650,-75.59852918,11.63,1514.941,24.034,5.020,303,15,27,,
T,2023-05-09 12:56:15,6.24391778,-75.59858528,12.12,1515.930,24.035,5.950,299,14,27,,
T,2023-05-09 12:56:16,6.24394423,-75.59864585,12.94,1516.252,24.035,6.450,298,14,27,,
T,2023-05-09 12:56:17,6.24394280,-75.59872118,12.78,1516.021,24.035,7.750,286,14,27,,
T,2023-05-09 12:56:18,6.24395103,-75.59877702,12.56,1515.872,24.035,7.340,285,14,27,,
T,2023-05-09 12:56:19,6.24392525,-75.59887535,12.60,1516.309,24.036,8.330,271,13,27,,
T,2023-05-09 12:56:20,6.24392739,-75.59895597,13.05,1516.204,24.036,8.440,272,14,27,,
T,2023-05-09 12:56:21,6.24393399,-75.59911650,13.00,1515.604,24.037,10.760,277,11,27,,
T,2023-05-09 12:56:22,6.24394388,-75.59920571,12.68,1516.356,24.038,9.850,280,11,27,,
T,2023-05-09 12:56:23,6.24394926,-75.59930059,12.53,1517.356,24.038,9.410,279,13,27,,
T,2023-05-09 12:56:24,6.24393167,-75.59939296,12.15,1518.776,24.039,7.940,278,13,27,,
T,2023-05-09 12:56:25,6.24393858,-75.59940891,11.59,1518.784,24.039,3.770,288,14,27,,
T,2023-05-09 12:56:26,6.24394049,-75.59943037,11.74,1517.373,24.039,2.610,292,14,27,,
T,2023-05-09 12:56:27,6.24395245,-75.59945555,11.46,1518.982,24.039,2.600,288,14,27,,
T,2023-05-09 12:56:28,6.24396676,-75.59947433,11.47,1519.687,24.039,3.500,279,13,27,,
T,2023-05-09 12:56:29,6.24397711,-75.59950661,11.84,1521.077,24.039,3.750,274,13,27,,
T,2023-05-09 12:56:30,6.24397847,-75.59954707,12.45,1521.077,24.039,4.400,269,13,27,,
T,2023-05-09 12:56:31,6.24398870,-75.59961526,12.32,1521.463,24.040,6.130,277,12,27,,
T,2023-05-09 12:56:32,6.24399222,-75.59966787,12.42,1521.181,24.040,5.930,278,14,27,,
T,2023-05-09 12:56:33,6.24399154,-75.59974619,12.72,1519.809,24.040,6.530,278,14,27,,
T,2023-05-09 12:56:34,6.24400233,-75.59983603,12.08,1519.509,24.041,7.610,282,13,27,,
T,2023-05-09 12:56:35,6.24400958,-75.59993036,11.93,1519.218,24.041,7.930,284,13,27,,
T,2023-05-09 12:56:36,6.24402483,-75.60002739,12.40,1517.019,24.042,8.270,282,13,27,,
T,2023-05-09 12:56:37,6.24402925,-75.60009808,12.89,1517.281,24.042,7.500,283,13,27,,
T,2023-05-09 12:56:38,6.24401577,-75.60010860,12.39,1513.975,24.042,4.680,284,14,27,,
T,2023-05-09 12:56:39,6.24404039,-75.60012889,12.21,1513.535,24.042,3.400,280,15,27,,
T,2023-05-09 12:56:40,6.24404744,-75.60013931,12.74,1513.877,24.042,2.740,283,16,27,,
T,2023-05-09 12:56:41,6.24406614,-75.60018366,13.54,1514.950,24.043,3.140,284,16,27,,
T,2023-05-09 12:56:42,6.24408736,-75.60022419,14.26,1516.066,24.043,3.450,285,16,27,,
T,2023-05-09 12:56:43,6.24407892,-75.60020175,12.96,1516.596,24.043,0.470,284,16,27,,
T,2023-05-09 12:56:44,6.24407358,-75.60019784,12.66,1517.401,24.043,0.410,284,16,27,,
T,2023-05-09 12:56:45,6.24406782,-75.60019561,12.28,1515.978,24.043,0.260,284,15,27,,
T,2023-05-09 12:56:46,6.24406201,-75.60017857,11.66,1516.805,24.043,0.000,,15,27,,
T,2023-05-09 12:56:47,6.24406311,-75.60017150,11.27,1516.766,24.042,0.000,,14,27,,
T,2023-05-09 12:56:48,6.24406749,-75.60016310,11.06,1517.545,24.042,0.000,,15,27,,
T,2023-05-09 12:56:49,6.24407070,-75.60016006,10.87,1518.211,24.042,0.000,,15,27,,
T,2023-05-09 12:56:50,6.24407395,-75.60015330,10.77,1518.580,24.042,0.000,,14,27,,
T,2023-05-09 12:56:51,6.24407416,-75.60014723,10.89,1518.094,24.042,0.000,,15,27,,
T,2023-05-09 12:56:52,6.24407010,-75.60014400,10.91,1518.135,24.042,0.000,,16,27,,
T,2023-05-09 12:56:53,6.24406858,-75.60014529,11.06,1518.306,24.042,0.000,,16,27,,
T,2023-05-09 12:56:54,6.24406746,-75.60014853,11.32,1518.599,24.042,0.000,,15,27,,
T,2023-05-09 12:56:55,6.24406625,-75.60015105,11.72,1518.657,24.042,0.000,,15,27,,
T,2023-05-09 12:56:56,6.24406877,-75.60026642,11.82,1518.263,24.043,5.010,282,15,27,,
T,2023-05-09 12:56:57,6.24408903,-75.60037929,11.49,1518.311,24.044,7.280,281,15,27,,
T,2023-05-09 12:56:58,6.24410000,-75.60047273,11.70,1518.091,24.044,7.880,279,13,27,,
T,2023-05-09 12:56:59,6.24411348,-75.60057137,11.94,1521.170,24.044,8.150,281,13,27,,
T,2023-05-09 12:57:00,6.24412563,-75.60064746,11.75,1519.443,24.045,7.600,280,15,27,,
T,2023-05-09 12:57:01,6.24413221,-75.60070918,11.92,1518.172,24.045,6.620,279,15,27,,
T,2023-05-09 12:57:02,6.24413528,-75.60075292,12.00,1518.478,24.045,4.370,275,15,27,,
T,2023-05-09 12:57:03,6.24414991,-75.60080860,12.41,1518.649,24.046,4.560,281,16,27,,
T,2023-05-09 12:57:04,6.24416049,-75.60088214,12.54,1518.270,24.046,5.810,279,16,27,,
T,2023-05-09 12:57:05,6.24416082,-75.60094648,13.20,1519.360,24.046,6.490,276,16,27,,
T,2023-05-09 12:57:06,6.24417026,-75.60103598,12.40,1520.294,24.047,7.690,279,14,27,,
T,2023-05-09 12:57:07,6.24418507,-75.60110751,12.46,1518.888,24.047,6.370,280,14,27,,
T,2023-05-09 12:57:08,6.24419501,-75.60117226,12.72,1519.495,24.047,6.290,280,15,27,,
T,2023-05-09 12:57:09,6.24419261,-75.60123453,13.27,1520.929,24.048,5.970,279,15,27,,
T,2023-05-09 12:57:10,6.24421069,-75.60128640,13.33,1522.238,24.048,5.640,280,16,27,,
T,2023-05-09 12:57:11,6.24422331,-75.60134097,13.11,1522.511,24.048,5.960,282,15,27,,
T,2023-05-09 12:57:12,6.24422749,-75.60141957,12.75,1522.142,24.049,6.700,277,16,27,,
T,2023-05-09 12:57:13,6.24424114,-75.60154594,12.63,1521.672,24.049,8.070,277,17,27,,
T,2023-05-09 12:57:14,6.24425493,-75.60162757,12.30,1523.373,24.050,7.710,276,17,27,,
T,2023-05-09 12:57:15,6.24428333,-75.60168972,12.20,1524.005,24.050,6.900,280,17,27,,
T,2023-05-09 12:57:16,6.24427699,-75.60176387,11.87,1524.732,24.050,6.360,278,17,27,,
T,2023-05-09 12:57:17,6.24429882,-75.60180818,11.56,1524.883,24.051,5.610,278,16,27,,
T,2023-05-09 12:57:18,6.24432798,-75.60185744,11.22,1524.329,24.051,4.900,278,16,27,,
T,2023-05-09 12:57:19,6.24432092,-75.60190071,11.40,1520.236,24.051,5.000,278,15,27,,
T,2023-05-09 12:57:20,6.24431724,-75.60195309,11.96,1518.937,24.051,5.510,274,15,27,,
T,2023-05-09 12:57:21,6.24432175,-75.60201197,12.65,1518.526,24.052,6.010,275,15,27,,
T,2023-05-09 12:57:22,6.24432597,-75.60206207,13.63,1518.238,24.052,5.950,277,15,27,,
T,2023-05-09 12:57:23,6.24433671,-75.60210231,14.94,1519.264,24.052,5.560,278,15,27,,
T,2023-05-09 12:57:24,6.24433419,-75.60215393,15.29,1519.213,24.052,5.430,278,15,27,,
T,2023-05-09 12:57:25,6.24432856,-75.60215439,15.39,1520.449,24.052,4.180,267,15,27,,
T,2023-05-09 12:57:26,6.24432090,-75.60219200,14.97,1520.293,24.052,4.190,270,14,27,,
T,2023-05-09 12:57:27,6.24433437,-75.60224021,15.27,1521.175,24.053,4.370,275,12,27,,
T,2023-05-09 12:57:28,6.24434666,-75.60228484,14.91,1522.308,24.053,4.480,277,12,27,,
T,2023-05-09 12:57:29,6.24435271,-75.60235443,13.51,1520.730,24.053,5.880,278,13,27,,
T,2023-05-09 12:57:30,6.24434283,-75.60244408,12.99,1520.989,24.054,6.770,281,13,27,,
T,2023-05-09 12:57:31,6.24434910,-75.60250100,12.79,1522.240,24.054,6.670,279,12,27,,
T,2023-05-09 12:57:32,6.24435748,-75.60253334,12.21,1522.364,24.054,5.950,280,12,27,,
T,2023-05-09 12:57:33,6.24439251,-75.60258358,12.01,1522.927,24.054,5.450,286,14,27,,
T,2023-05-09 12:57:34,6.24440397,-75.60262264,11.60,1524.642,24.055,3.990,301,14,27,,
T,2023-05-09 12:57:35,6.24441958,-75.60262669,11.03,1528.413,24.055,1.400,297,17,27,,
T,2023-05-09 12:57:36,6.24442678,-75.60262554,10.81,1529.392,24.055,0.680,307,17,27,,
T,2023-05-09 12:57:37,6.24445762,-75.60263767,10.76,1528.178,24.055,2.360,335,17,27,,
T,2023-05-09 12:57:38,6.24450132,-75.60266131,10.64,1531.356,24.055,4.150,357,17,27,,
T,2023-05-09 12:57:39,6.24453758,-75.60266021,10.97,1531.111,24.055,4.210,3,18,27,,
T,2023-05-09 12:57:40,6.24461185,-75.60265298,11.06,1530.042,24.054,6.470,1,18,27,,
T,2023-05-09 12:57:41,6.24468978,-75.60263920,11.26,1530.750,24.054,8.000,6,18,27,,
T,2023-05-09 12:57:42,6.24480974,-75.60264269,10.95,1529.137,24.054,10.920,5,18,27,,
T,2023-05-09 12:57:43,6.24492254,-75.60263494,10.90,1529.899,24.054,11.770,6,18,27,,
T,2023-05-09 12:57:44,6.24504385,-75.60261746,10.70,1529.919,24.053,12.840,6,18,27,,
T,2023-05-09 12:57:45,6.24517406,-75.60260723,10.50,1528.280,24.053,14.050,5,19,27,,
T,2023-05-09 12:57:46,6.24530272,-75.60261320,10.30,1528.393,24.053,15.040,4,19,27,,
T,2023-05-09 12:57:47,6.24544620,-75.60260772,10.34,1529.295,24.052,15.580,5,18,27,,
T,2023-05-09 12:57:48,6.24559390,-75.60259070,10.40,1528.018,24.052,15.800,6,19,27,,
T,2023-05-09 12:57:49,6.24573617,-75.60258218,10.39,1527.009,24.052,15.160,6,19,27,,
T,2023-05-09 12:57:50,6.24586879,-75.60257809,10.32,1526.227,24.051,14.560,4,18,27,,
T,2023-05-09 12:57:51,6.24599857,-75.60256494,10.01,1525.667,24.051,14.590,5,18,27,,
T,2023-05-09 12:57:52,6.24613264,-75.60255784,9.94,1525.805,24.051,14.930,4,18,27,,
T,2023-05-09 12:57:53,6.24627134,-75.60254799,9.99,1524.814,24.051,15.210,4,19,27,,
T,2023-05-09 12:57:54,6.24641943,-75.60253297,10.03,1524.369,24.050,15.910,4,19,27,,
T,2023-05-09 12:57:55,6.24656100,-75.60251960,10.01,1524.050,24.050,16.140,4,19,27,,
T,2023-05-09 12:57:56,6.24670841,-75.60251746,9.99,1524.835,24.050,16.560,3,19,27,,
T,2023-05-09 12:57:57,6.24686324,-75.60251078,9.98,1524.391,24.049,17.160,2,19,27,,
T,2023-05-09 12:57:58,6.24701919,-75.60250550,10.22,1524.349,24.049,17.250,2,16,27,,
T,2023-05-09 12:57:59,6.24717779,-75.60249791,11.24,1524.719,24.049,17.590,2,15,27,,
T,2023-05-09 12:58:00,6.24735844,-75.60248621,10.40,1524.236,24.048,18.490,3,16,27,,
T,2023-05-09 12:58:01,6.24752390,-75.60246760,10.15,1525.349,24.048,17.910,5,17,27,,
T,2023-05-09 12:58:02,6.24768074,-75.60246563,10.14,1524.756,24.047,17.040,7,19,27,,
T,2023-05-09 12:58:03,6.24781265,-75.60246244,10.15,1524.262,24.047,14.580,5,19,27,,
T,2023-05-09 12:58:04,6.24792678,-75.60245246,10.07,1522.709,24.047,12.580,3,19,27,,
T,2023-05-09 12:58:05,6.24803298,-75.60244550,10.08,1522.405,24.047,12.210,3,19,27,,
T,2023-05-09 12:58:06,6.24813380,-75.60243340,10.16,1522.223,24.046,11.080,359,19,27,,
T,2023-05-09 12:58:07,6.24822883,-75.60242031,10.51,1521.232,24.046,11.020,2,19,27,,
T,2023-05-09 12:58:08,6.24832833,-75.60241669,11.09,1522.103,24.046,11.150,3,18,27,,
T,2023-05-09 12:58:09,6.24843790,-75.60241043,10.81,1523.642,24.046,12.410,3,18,27,,
T,2023-05-09 12:58:10,6.24857108,-75.60239600,10.49,1524.148,24.045,13.520,2,17,27,,
T,2023-05-09 12:58:11,6.24869606,-75.60238154,10.51,1522.954,24.045,13.980,1,17,27,,
T,2023-05-09 12:58:12,6.24884527,-75.60237103,10.39,1523.610,24.045,15.330,2,16,27,,
T,2023-05-09 12:58:13,6.24898793,-75.60235106,10.34,1522.816,24.044,16.410,3,17,27,,
T,2023-05-09 12:58:14,6.24913744,-75.60233681,10.49,1522.740,24.044,16.720,4,18,27,,
T,2023-05-09 12:58:15,6.24930148,-75.60232069,10.44,1522.827,24.043,17.900,4,19,27,,
T,2023-05-09 12:58:16,6.24947956,-75.60231391,10.32,1522.793,24.043,19.100,4,19,27,,
T,2023-05-09 12:58:17,6.24966130,-75.60229734,10.25,1522.651,24.043,19.900,6,19,27,,
T,2023-05-09 12:58:18,6.24985195,-75.60228049,10.27,1523.155,24.042,20.960,5,19,27,,
T,2023-05-09 12:58:19,6.25005417,-75.60226648,10.52,1522.529,24.042,21.620,7,19,27,,
T,2023-05-09 12:58:20,6.25023918,-75.60224380,10.56,1521.246,24.041,21.380,6,19,27,,
T,2023-05-09 12:58:21,6.25042669,-75.60223224,10.64,1521.396,24.041,21.000,5,19,27,,
T,2023-05-09 12:58:22,6.25061635,-75.60221542,11.05,1520.897,24.040,20.930,5,19,27,,
T,2023-05-09 12:58:23,6.25078151,-75.60220128,11.20,1518.393,24.040,19.560,6,18,27,,
T,2023-05-09 12:58:24,6.25096145,-75.60218406,11.78,1518.016,24.039,20.080,6,16,27,,
T,2023-05-09 12:58:25,6.25113086,-75.60213814,11.71,1518.387,24.039,19.890,12,17,27,,
T,2023-05-09 12:58:26,6.25128863,-75.60207865,11.52,1517.476,24.038,19.590,17,17,27,,
T,2023-05-09 12:58:27,6.25144407,-75.60199686,10.86,1517.696,24.037,19.510,25,17,27,,
T,2023-05-09 12:58:28,6.25161408,-75.60192998,10.75,1517.245,24.036,20.000,28,17,27,,
T,2023-05-09 12:58:29,6.25177827,-75.60184174,10.91,1515.664,24.035,19.830,30,17,27,,
T,2023-05-09 12:58:30,6.25191579,-75.60175378,11.28,1515.628,24.035,18.990,32,17,27,,
T,2023-05-09 12:58:31,6.25203580,-75.60167065,11.41,1514.453,24.034,18.010,37,17,27,,
T,2023-05-09 12:58:32,6.25216676,-75.60159292,11.38,1514.178,24.033,16.770,39,17,27,,
T,2023-05-09 12:58:33,6.25228953,-75.60151252,11.51,1514.966,24.033,15.620,40,17,27,,
T,2023-05-09 12:58:34,6.25238703,-75.60142210,11.70,1515.297,24.032,15.000,40,17,27,,
T,2023-05-09 12:58:35,6.25249076,-75.60135245,11.62,1514.972,24.031,14.980,42,16,27,,
T,2023-05-09 12:58:36,6.25259108,-75.60125085,11.57,1513.361,24.031,15.620,47,16,27,,
T,2023-05-09 12:58:37,6.25267198,-75.60112764,11.07,1514.004,24.030,16.230,50,15,27,,
T,2023-05-09 12:58:38,6.25277772,-75.60100322,10.99,1513.707,24.029,17.380,52,16,27,,
T,2023-05-09 12:58:39,6.25285736,-75.60087451,10.74,1512.707,24.028,17.760,59,16,27,,
T,2023-05-09 12:58:40,6.25294695,-75.60073686,10.67,1514.632,24.027,17.280,61,16,27,,
T,2023-05-09 12:58:41,6.25300872,-75.60059181,10.54,1513.436,24.026,16.950,65,17,27,,
T,2023-05-09 12:58:42,6.25308094,-75.60045303,10.63,1513.129,24.025,17.570,62,16,27,,
T,2023-05-09 12:58:43,6.25314443,-75.60031934,10.72,1513.062,24.024,16.760,62,16,27,,
T,2023-05-09 12:58:44,6.25323168,-75.60018405,11.23,1511.228,24.024,17.360,61,16,27,,
T,2023-05-09 12:58:45,6.25330586,-75.60003608,11.95,1511.742,24.023,17.300,61,17,27,,
T,2023-05-09 12:58:46,6.25338769,-75.59990227,13.00,1512.623,24.022,17.190,61,17,27,,
T,2023-05-09 12:58:47,6.25347959,-75.59978083,13.85,1512.330,24.021,16.930,59,17,27,,
T,2023-05-09 12:58:48,6.25355233,-75.59969259,14.13,1512.487,24.020,15.080,57,17,27,,
T,2023-05-09 12:58:49,6.25361580,-75.59957654,13.06,1512.186,24.019,15.230,57,17,27,,
T,2023-05-09 12:58:50,6.25371029,-75.59945721,13.23,1512.552,24.019,15.700,55,17,27,,
T,2023-05-09 12:58:51,6.25378902,-75.59938347,13.66,1513.430,24.018,13.590,52,17,27,,
T,2023-05-09 12:58:52,6.25387146,-75.59930549,13.09,1510.514,24.018,12.570,47,16,27,,
T,2023-05-09 12:58:53,6.25395720,-75.59922721,12.48,1508.557,24.017,11.740,44,16,27,,
T,2023-05-09 12:58:54,6.25402390,-75.59917369,12.25,1506.694,24.016,11.300,40,15,27,,
T,2023-05-09 12:58:55,6.25412093,-75.59909759,11.40,1507.438,24.016,11.860,40,16,27,,
T,2023-05-09 12:58:56,6.25419519,-75.59903781,11.15,1506.352,24.015,11.820,38,16,27,,
T,2023-05-09 12:58:57,6.25428029,-75.59895773,10.96,1505.353,24.015,12.010,36,16,27,,
T,2023-05-09 12:58:58,6.25437775,-75.59888642,10.75,1505.518,24.014,12.760,34,18,27,,
T,2023-05-09 12:58:59,6.25448319,-75.59881709,10.47,1504.219,24.014,13.760,31,18,27,,
T,2023-05-09 12:59:00,6.25458204,-75.59876197,10.35,1504.284,24.013,12.630,28,18,27,,
T,2023-05-09 12:59:01,6.25468013,-75.59871721,10.26,1503.754,24.013,12.040,27,18,27,,
T,2023-05-09 12:59:02,6.25476865,-75.59867268,10.37,1503.005,24.012,10.850,24,18,27,,
T,2023-05-09 12:59:03,6.25484859,-75.59863424,10.32,1499.184,24.012,10.390,25,17,27,,
T,2023-05-09 12:59:04,6.25494733,-75.59860049,10.23,1500.359,24.011,11.710,17,16,27,,
T,2023-05-09 12:59:05,6.25504550,-75.59855682,10.31,1499.210,24.011,11.670,19,16,27,,
T,2023-05-09 12:59:06,6.25514675,-75.59851407,11.20,1498.285,24.010,11.870,21,16,27,,
T,2023-05-09 12:59:07,6.25525645,-75.59848082,12.06,1498.619,24.010,12.170,18,16,27,,
T,2023-05-09 12:59:08,6.25536812,-75.59844751,13.32,1498.932,24.010,12.300,18,16,27,,
T,2023-05-09 12:59:09,6.25547749,-75.59842522,14.02,1496.767,24.009,12.470,17,16,27,,
T,2023-05-09 12:59:10,6.25557696,-75.59841803,11.93,1496.193,24.009,12.060,12,16,27,,
T,2023-05-09 12:59:11,6.25568393,-75.59839587,12.16,1495.666,24.009,12.000,14,15,27,,
T,2023-05-09 12:59:12,6.25578558,-75.59834879,13.00,1494.549,24.008,12.010,14,15,27,,
T,2023-05-09 12:59:13,6.25587279,-75.59832434,13.65,1494.596,24.008,11.080,15,16,27,,
T,2023-05-09 12:59:14,6.25592218,-75.59832691,13.24,1494.248,24.008,9.200,14,16,27,,
T,2023-05-09 12:59:15,6.25597215,-75.59831449,11.66,1494.271,24.008,6.840,10,16,27,,
T,2023-05-09 12:59:16,6.25599420,-75.59830230,11.20,1494.887,24.007,3.780,10,17,26,,
T,2023-05-09 12:59:17,6.25602184,-75.59829187,11.06,1495.762,24.007,2.730,8,18,27,,
T,2023-05-09 12:59:18,6.25605217,-75.59828048,11.20,1496.728,24.007,2.440,9,18,27,,
T,2023-05-09 12:59:19,6.25605506,-75.59827829,10.91,1497.069,24.007,0.240,9,18,27,,
T,2023-05-09 12:59:20,6.25605577,-75.59827805,10.70,1498.411,24.007,0.310,9,18,27,,
T,2023-05-09 12:59:21,6.25606439,-75.59827772,10.65,1499.080,24.007,0.150,12,18,27,,
T,2023-05-09 12:59:22,6.25607443,-75.59828385,10.65,1499.623,24.007,0.000,,18,27,,
T,2023-05-09 12:59:23,6.25607910,-75.59828864,10.68,1499.999,24.007,0.000,,17,27,,
T,2023-05-09 12:59:24,6.25608129,-75.59828951,10.71,1500.073,24.007,0.000,,15,27,,
T,2023-05-09 12:59:25,6.25608147,-75.59828861,10.68,1500.060,24.007,0.000,,14,27,,
T,2023-05-09 12:59:26,6.25608378,-75.59828666,10.62,1500.213,24.007,0.000,,13,27,,
T,2023-05-09 12:59:27,6.25608536,-75.59828427,10.65,1500.326,24.007,0.000,,14,27,,
T,2023-05-09 12:59:28,6.25608864,-75.59828426,10.59,1500.479,24.007,0.000,,13,27,,
T,2023-05-09 12:59:29,6.25609348,-75.59828535,10.50,1500.499,24.007,0.000,,14,27,,
T,2023-05-09 12:59:30,6.25609724,-75.59828494,10.39,1500.310,24.007,0.000,,15,27,,
T,2023-05-09 12:59:31,6.25609867,-75.59828359,10.18,1500.102,24.007,0.000,,16,27,,
T,2023-05-09 12:59:32,6.25609951,-75.59828375,10.21,1500.361,24.007,0.000,,16,27,,
T,2023-05-09 12:59:33,6.25609944,-75.59828339,10.20,1500.459,24.007,0.000,,15,27,,
T,2023-05-09 12:59:34,6.25610026,-75.59828292,10.16,1500.416,24.007,0.000,,15,27,,
T,2023-05-09 12:59:35,6.25610010,-75.59828253,10.13,1500.573,24.007,0.000,,16,27,,
T,2023-05-09 12:59:36,6.25609994,-75.59828244,10.08,1500.538,24.007,0.000,,15,27,,
T,2023-05-09 12:59:37,6.25609987,-75.59828218,10.11,1500.605,24.007,0.000,,15,27,,
T,2023-05-09 12:59:38,6.25609986,-75.59828211,10.11,1500.597,24.007,0.000,,15,27,,
T,2023-05-09 12:59:39,6.25609994,-75.59828199,10.15,1500.511,24.007,0.000,,15,27,,
T,2023-05-09 12:59:40,6.25609997,-75.59828158,10.13,1500.584,24.007,0.000,,15,27,,
T,2023-05-09 12:59:41,6.25609996,-75.59828149,10.13,1500.634,24.007,0.000,,15,27,,
T,2023-05-09 12:59:42,6.25609991,-75.59828153,10.25,1500.733,24.007,0.000,,15,27,,
T,2023-05-09 12:59:43,6.25609981,-75.59828192,10.16,1500.730,24.007,0.000,,15,27,,
T,2023-05-09 12:59:44,6.25609978,-75.59828201,10.14,1500.770,24.007,0.000,,15,27,,
T,2023-05-09 12:59:45,6.25609968,-75.59828201,10.06,1500.789,24.007,0.000,,15,27,,
T,2023-05-09 12:59:46,6.25609967,-75.59828202,10.14,1500.805,24.007,0.000,,15,27,,
T,2023-05-09 12:59:47,6.25609970,-75.59828203,10.04,1500.790,24.007,0.000,,15,27,,
T,2023-05-09 12:59:48,6.25609975,-75.59828199,10.04,1500.783,24.007,0.000,,16,27,,
T,2023-05-09 12:59:49,6.25609970,-75.59828187,10.00,1500.815,24.007,0.000,,16,27,,
T,2023-05-09 12:59:50,6.25609959,-75.59828182,10.04,1500.840,24.007,0.000,,16,27,,
T,2023-05-09 12:59:51,6.25609939,-75.59828152,10.06,1500.925,24.007,0.000,,16,27,,
T,2023-05-09 12:59:52,6.25609933,-75.59828143,10.05,1500.921,24.007,0.000,,16,27,,
T,2023-05-09 12:59:53,6.25609910,-75.59828105,10.01,1501.022,24.007,0.000,,16,27,,
T,2023-05-09 12:59:54,6.25609888,-75.59828069,9.99,1501.084,24.007,0.000,,15,27,,
T,2023-05-09 12:59:55,6.25609868,-75.59828019,9.94,1501.177,24.007,0.000,,17,27,,
T,2023-05-09 12:59:56,6.25609847,-75.59827976,9.94,1501.261,24.007,0.000,,18,27,,
T,2023-05-09 12:59:57,6.25609843,-75.59827966,9.94,1501.269,24.007,0.000,,18,27,,
T,2023-05-09 12:59:58,6.25609831,-75.59827937,9.94,1501.350,24.007,0.000,,18,27,,
T,2023-05-09 12:59:59,6.25609812,-75.59827889,10.01,1501.467,24.007,0.000,,18,27,,
T,2023-05-09 13:00:00,6.25609778,-75.59827829,9.97,1501.602,24.007,0.000,,18,27,,
T,2023-05-09 13:00:01,6.25609759,-75.59827789,9.94,1501.676,24.007,0.000,,16,27,,
T,2023-05-09 13:00:02,6.25609741,-75.59827753,9.94,1501.744,24.007,0.000,,15,27,,
T,2023-05-09 13:00:03,6.25609727,-75.59827725,9.94,1501.802,24.007,0.000,,15,27,,
T,2023-05-09 13:00:04,6.25609720,-75.59827717,9.94,1501.804,24.007,0.000,,15,27,,
T,2023-05-09 13:00:05,6.25609722,-75.59827711,9.94,1501.821,24.007,0.000,,15,27,,
T,2023-05-09 13:00:06,6.25609718,-75.59827705,9.94,1501.838,24.007,0.000,,15,27,,
T,2023-05-09 13:00:07,6.25609718,-75.59827698,9.94,1501.848,24.007,0.000,,16,27,,
T,2023-05-09 13:00:08,6.25609715,-75.59827689,10.09,1501.864,24.007,0.000,,17,27,,
T,2023-05-09 13:00:09,6.25612634,-75.59827393,10.37,1502.392,24.007,4.340,13,17,27,,
T,2023-05-09 13:00:10,6.25620670,-75.59824695,10.39,1501.885,24.007,6.530,14,17,27,,
T,2023-05-09 13:00:11,6.25628336,-75.59823338,10.55,1501.539,24.006,8.110,14,17,27,,
T,2023-05-09 13:00:12,6.25636152,-75.59821199,10.79,1501.018,24.006,8.300,14,16,27,,
T,2023-05-09 13:00:13,6.25645956,-75.59818237,11.16,1500.341,24.006,9.100,15,16,27,,
T,2023-05-09 13:00:14,6.25654827,-75.59817195,10.89,1500.108,24.005,9.370,12,15,27,,
T,2023-05-09 13:00:15,6.25665307,-75.59813535,11.03,1502.181,24.005,10.070,12,15,27,,
T,2023-05-09 13:00:16,6.25675921,-75.59811376,10.91,1502.759,24.005,11.230,13,18,27,,
T,2023-05-09 13:00:17,6.25685637,-75.59808977,10.79,1502.908,24.004,10.960,13,19,27,,
T,2023-05-09 13:00:18,6.25697091,-75.59806161,10.99,1503.598,24.004,11.510,12,19,27,,
T,2023-05-09 13:00:19,6.25708547,-75.59805832,11.12,1504.497,24.004,11.410,13,19,27,,
T,2023-05-09 13:00:20,6.25719505,-75.59802370,11.13,1505.341,24.003,11.940,13,19,27,,
T,2023-05-09 13:00:21,6.25729894,-75.59801095,10.57,1504.276,24.003,12.340,16,19,27,,
T,2023-05-09 13:00:22,6.25740951,-75.59799603,10.27,1502.186,24.003,12.350,14,17,27,,
T,2023-05-09 13:00:23,6.25752737,-75.59797848,10.22,1500.383,24.002,12.360,14,17,27,,
T,2023-05-09 13:00:24,6.25763634,-75.59794818,10.33,1501.164,24.002,11.950,14,18,27,,
T,2023-05-09 13:00:25,6.25773297,-75.59792294,10.60,1499.633,24.001,11.100,13,19,27,,
T,2023-05-09 13:00:26,6.25782929,-75.59790363,11.02,1498.921,24.001,10.950,11,19,27,,
T,2023-05-09 13:00:27,6.25790353,-75.59789729,11.10,1496.351,24.001,9.840,12,18,27,,
T,2023-05-09 13:00:28,6.25799524,-75.59787565,10.80,1496.188,24.001,9.310,10,18,27,,
T,2023-05-09 13:00:29,6.25807115,-75.59785942,10.51,1494.891,24.000,8.910,9,17,27,,
T,2023-05-09 13:00:30,6.25816087,-75.59784163,10.77,1493.973,24.000,9.540,15,17,27,,
T,2023-05-09 13:00:31,6.25825264,-75.59782226,11.23,1493.233,24.000,9.870,13,16,27,,
T,2023-05-09 13:00:32,6.25834727,-75.59780164,11.88,1493.094,23.999,10.710,13,16,27,,
T,2023-05-09 13:00:33,6.25847362,-75.59777198,12.58,1492.039,23.999,11.940,13,16,27,,
T,2023-05-09 13:00:34,6.25859956,-75.59772624,13.18,1492.931,23.998,12.640,15,16,27,,
T,2023-05-09 13:00:35,6.25870400,-75.59769723,12.41,1491.132,23.998,12.440,11,16,27,,
T,2023-05-09 13:00:36,6.25878050,-75.59767654,12.19,1487.865,23.998,11.470,11,16,27,,
T,2023-05-09 13:00:37,6.25887462,-75.59765516,12.19,1487.880,23.997,11.240,12,17,27,,
T,2023-05-09 13:00:38,6.25897667,-75.59764510,11.68,1488.384,23.997,10.840,10,17,27,,
T,2023-05-09 13:00:39,6.25908353,-75.59760570,12.10,1486.657,23.997,11.620,14,17,27,,
T,2023-05-09 13:00:40,6.25919684,-75.59760067,12.08,1484.194,23.996,11.060,12,17,27,,
T,2023-05-09 13:00:41,6.25929792,-75.59757506,12.63,1484.906,23.996,11.150,12,16,27,,
T,2023-05-09 13:00:42,6.25939736,-75.59756522,13.16,1484.920,23.996,11.310,12,16,27,,
T,2023-05-09 13:00:43,6.25946943,-75.59753935,11.69,1484.764,23.995,10.100,15,15,27,,
T,2023-05-09 13:00:44,6.25954849,-75.59752379,11.66,1485.334,23.995,9.780,14,15,27,,
T,2023-05-09 13:00:45,6.25963969,-75.59751870,11.28,1484.842,23.995,9.340,13,15,27,,
T,2023-05-09 13:00:46,6.25971199,-75.59750143,11.24,1484.457,23.995,8.650,11,15,27,,
T,2023-05-09 13:00:47,6.25977788,-75.59748332,11.25,1483.375,23.994,8.320,13,15,27,,
T,2023-05-09 13:00:48,6.25983920,-75.59745679,11.15,1481.618,23.994,7.900,12,15,27,,
T,2023-05-09 13:00:49,6.25990581,-75.59741756,11.51,1479.495,23.994,8.090,14,16,27,,
T,2023-05-09 13:00:50,6.25996652,-75.59740705,11.75,1478.922,23.994,7.610,12,16,27,,
T,2023-05-09 13:00:51,6.26002496,-75.59739408,11.28,1478.631,23.993,6.190,14,16,27,,
T,2023-05-09 13:00:52,6.26007751,-75.59738027,11.22,1480.371,23.993,4.860,15,16,27,,
T,2023-05-09 13:00:53,6.26010736,-75.59736986,11.28,1480.149,23.993,4.040,11,16,27,,
T,2023-05-09 13:00:54,6.26015417,-75.59737451,11.05,1481.271,23.993,4.160,12,16,27,,
T,2023-05-09 13:00:55,6.26020336,-75.59736168,10.79,1480.678,23.993,4.740,14,17,27,,
T,2023-05-09 13:00:56,6.26025032,-75.59735289,10.76,1483.117,23.993,4.700,15,17,27,,
T,2023-05-09 13:00:57,6.26029262,-75.59734229,10.77,1483.483,23.993,4.070,14,17,27,,
T,2023-05-09 13:00:58,6.26032253,-75.59733890,10.76,1483.685,23.992,3.060,10,17,27,,
T,2023-05-09 13:00:59,6.26035668,-75.59733973,11.17,1485.441,23.992,3.170,6,17,27,,
T,2023-05-09 13:01:00,6.26039012,-75.59734425,11.97,1487.641,23.992,3.160,7,17,27,,
T,2023-05-09 13:01:01,6.26041648,-75.59734398,12.94,1488.100,23.992,2.830,11,17,27,,
T,2023-05-09 13:01:02,6.26044640,-75.59734369,12.68,1486.301,23.992,3.430,13,17,27,,
T,2023-05-09 13:01:03,6.26051668,-75.59734375,11.87,1485.907,23.992,5.550,10,17,27,,
T,2023-05-09 13:01:04,6.26056641,-75.59731664,11.25,1487.725,23.992,6.480,17,17,27,,
T,2023-05-09 13:01:05,6.26063040,-75.59729242,10.98,1486.013,23.992,6.440,13,17,27,,
T,2023-05-09 13:01:06,6.26068726,-75.59728336,11.10,1484.799,23.991,6.440,12,17,27,,
T,2023-05-09 13:01:07,6.26074594,-75.59726315,11.05,1484.612,23.991,6.490,13,17,27,,
T,2023-05-09 13:01:08,6.26080289,-75.59725853,11.26,1484.031,23.991,6.410,12,17,27,,
T,2023-05-09 13:01:09,6.26085840,-75.59723275,11.05,1482.362,23.991,6.320,11,17,27,,
T,2023-05-09 13:01:10,6.26091530,-75.59721563,10.95,1481.495,23.990,6.220,11,17,27,,
T,2023-05-09 13:01:11,6.26096559,-75.59719967,11.06,1482.416,23.990,5.840,12,16,27,,
T,2023-05-09 13:01:12,6.26101301,-75.59718808,11.02,1483.439,23.990,5.710,12,16,27,,
T,2023-05-09 13:01:13,6.26106675,-75.59717701,10.92,1484.821,23.990,5.600,13,17,27,,
T,2023-05-09 13:01:14,6.26112197,-75.59716502,10.81,1484.560,23.990,5.770,11,17,27,,
T,2023-05-09 13:01:15,6.26116541,-75.59714273,10.81,1484.573,23.990,5.990,11,17,27,,
T,2023-05-09 13:01:16,6.26122464,-75.59712854,10.71,1482.447,23.989,6.510,11,17,27,,
T,2023-05-09 13:01:17,6.26128758,-75.59711455,10.69,1482.443,23.989,6.850,14,17,27,,
T,2023-05-09 13:01:18,6.26134341,-75.59710527,10.68,1481.729,23.989,6.590,12,17,27,,
T,2023-05-09 13:01:19,6.26140855,-75.59709743,10.85,1483.634,23.989,6.450,11,17,27,,
T,2023-05-09 13:01:20,6.26146548,-75.59708959,11.17,1483.889,23.989,6.550,10,17,27,,
T,2023-05-09 13:01:21,6.26152505,-75.59707853,11.58,1485.396,23.988,6.570,10,17,27,,
T,2023-05-09 13:01:22,6.26158510,-75.59705838,11.39,1485.734,23.988,6.630,14,17,27,,
T,2023-05-09 13:01:23,6.26164561,-75.59704624,11.45,1487.499,23.988,6.300,13,17,27,,
T,2023-05-09 13:01:24,6.26169165,-75.59702593,11.28,1488.367,23.988,5.030,15,16,27,,
T,2023-05-09 13:01:25,6.26171538,-75.59701938,11.15,1487.460,23.988,3.430,13,16,27,,
T,2023-05-09 13:01:26,6.26175195,-75.59701260,11.29,1487.078,23.987,3.820,13,16,27,,
T,2023-05-09 13:01:27,6.26179119,-75.59700382,11.70,1486.771,23.987,4.320,12,16,27,,
T,2023-05-09 13:01:28,6.26186536,-75.59698378,11.86,1487.423,23.987,6.470,13,15,27,,
T,2023-05-09 13:01:29,6.26191393,-75.59696665,11.62,1487.195,23.987,5.890,14,15,27,,
T,2023-05-09 13:01:30,6.26196766,-75.59693439,12.01,1485.224,23.987,6.320,14,15,27,,
T,2023-05-09 13:01:31,6.26203025,-75.59692031,12.66,1486.049,23.986,6.340,14,15,27,,
T,2023-05-09 13:01:32,6.26210624,-75.59692260,12.46,1487.447,23.986,6.710,12,16,27,,
T,2023-05-09 13:01:33,6.26214310,-75.59689553,12.38,1486.376,23.986,5.380,14,17,27,,
T,2023-05-09 13:01:34,6.26217599,-75.59687651,12.62,1485.914,23.986,5.120,15,17,27,,
T,2023-05-09 13:01:35,6.26222276,-75.59686169,13.22,1486.182,23.986,4.980,15,16,27,,
T,2023-05-09 13:01:36,6.26228432,-75.59686090,13.50,1487.005,23.985,4.910,14,17,27,,
T,2023-05-09 13:01:37,6.26234110,-75.59686219,13.94,1487.520,23.985,5.370,13,17,27,,
T,2023-05-09 13:01:38,6.26240409,-75.59683368,14.56,1487.781,23.985,6.150,17,17,27,,
T,2023-05-09 13:01:39,6.26245895,-75.59681517,13.74,1487.447,23.985,6.460,14,16,27,,
T,2023-05-09 13:01:40,6.26250436,-75.59680756,13.58,1488.234,23.985,6.670,14,16,27,,
T,2023-05-09 13:01:41,6.26257759,-75.59679168,13.53,1488.681,23.984,6.850,13,15,27,,
T,2023-05-09 13:01:42,6.26268038,-75.59678066,13.29,1489.777,23.984,7.350,13,14,27,,
T,2023-05-09 13:01:43,6.26275035,-75.59677485,13.23,1490.998,23.984,7.230,14,15,27,,
T,2023-05-09 13:01:44,6.26280132,-75.59677051,13.00,1491.740,23.984,6.770,12,15,27,,
T,2023-05-09 13:01:45,6.26285031,-75.59676564,13.13,1493.365,23.984,5.750,14,15,27,,
T,2023-05-09 13:01:46,6.26290652,-75.59675722,12.78,1493.941,23.984,4.990,14,17,27,,
T,2023-05-09 13:01:47,6.26292396,-75.59676714,11.73,1491.842,23.984,1.980,16,17,27,,
T,2023-05-09 13:01:48,6.26293450,-75.59678334,11.56,1492.349,23.984,0.000,,17,27,,
T,2023-05-09 13:01:49,6.26293858,-75.59677543,11.22,1493.226,23.984,0.000,,17,27,,
T,2023-05-09 13:01:50,6.26293668,-75.59677179,10.99,1492.479,23.984,0.000,,17,27,,
T,2023-05-09 13:01:51,6.26293646,-75.59677197,11.04,1492.577,23.984,0.000,,17,27,,
T,2023-05-09 13:01:52,6.26294734,-75.59677666,11.06,1492.792,23.984,0.000,,17,27,,
T,2023-05-09 13:01:53,6.26295496,-75.59677463,10.94,1493.094,23.983,0.000,,17,27,,
T,2023-05-09 13:01:54,6.26301436,-75.59676165,11.14,1493.684,23.983,3.350,19,17,27,,
T,2023-05-09 13:01:55,6.26304459,-75.59674303,11.29,1494.187,23.983,3.140,24,17,27,,
T,2023-05-09 13:01:56,6.26308635,-75.59672795,11.32,1494.348,23.983,3.260,26,17,27,,
T,2023-05-09 13:01:57,6.26310117,-75.59670548,11.39,1493.427,23.983,3.090,35,15,27,,
T,2023-05-09 13:01:58,6.26311196,-75.59669280,11.01,1490.283,23.983,1.750,38,16,27,,
T,2023-05-09 13:01:59,6.26312892,-75.59668555,10.94,1489.325,23.983,1.630,35,16,27,,
T,2023-05-09 13:02:00,6.26313720,-75.59668606,10.85,1491.619,23.983,0.310,34,16,27,,
T,2023-05-09 13:02:01,6.26314164,-75.59668510,10.66,1492.722,23.983,0.000,,16,27,,
T,2023-05-09 13:02:02,6.26314535,-75.59668335,10.59,1492.707,23.983,0.000,,15,27,,
T,2023-05-09 13:02:03,6.26314605,-75.59668181,10.51,1491.970,23.983,0.000,,16,27,,
T,2023-05-09 13:02:04,6.26314817,-75.59668242,10.39,1492.351,23.983,0.000,,16,27,,
T,2023-05-09 13:02:05,6.26315106,-75.59668114,10.35,1492.508,23.983,0.000,,15,27,,
T,2023-05-09 13:02:06,6.26315197,-75.59667766,10.14,1492.427,23.983,0.000,,15,27,,
T,2023-05-09 13:02:07,6.26315295,-75.59667613,10.18,1492.905,23.983,0.000,,15,27,,
T,2023-05-09 13:02:08,6.26315828,-75.59667041,10.20,1491.419,23.982,0.380,35,15,27,,
T,2023-05-09 13:02:09,6.26316110,-75.59666465,10.13,1491.154,23.982,0.450,35,14,27,,
T,2023-05-09 13:02:10,6.26316639,-75.59665849,10.10,1490.910,23.982,0.710,40,14,27,,
T,2023-05-09 13:02:11,6.26317257,-75.59665102,10.00,1490.741,23.982,0.940,41,14,27,,
T,2023-05-09 13:02:12,6.26317790,-75.59664550,10.07,1490.666,23.982,0.620,41,14,27,,
T,2023-05-09 13:02:13,6.26318224,-75.59663981,10.20,1490.969,23.982,0.610,41,14,27,,
T,2023-05-09 13:02:14,6.26319370,-75.59662011,10.07,1491.859,23.982,1.900,50,13,27,,
T,2023-05-09 13:02:15,6.26321643,-75.59659918,9.94,1492.049,23.982,2.740,39,14,27,,
T,2023-05-09 13:02:16,6.26323887,-75.59656634,9.94,1493.046,23.982,3.950,62,16,27,,
T,2023-05-09 13:02:17,6.26325930,-75.59652442,9.94,1491.676,23.981,4.930,57,16,27,,
T,2023-05-09 13:02:18,6.26328748,-75.59647626,10.10,1491.948,23.981,5.840,46,16,27,,
T,2023-05-09 13:02:19,6.26332888,-75.59644400,10.45,1491.634,23.981,6.060,34,16,27,,
T,2023-05-09 13:02:20,6.26337785,-75.59641354,11.29,1491.278,23.981,6.310,18,16,27,,
T,2023-05-09 13:02:21,6.26342759,-75.59638301,12.45,1490.373,23.980,6.110,7,16,27,,
T,2023-05-09 13:02:22,6.26353968,-75.59640455,11.54,1489.455,23.980,8.700,353,17,27,,
T,2023-05-09 13:02:23,6.26363431,-75.59642969,11.23,1488.971,23.980,8.900,341,17,27,,
T,2023-05-09 13:02:24,6.26372358,-75.59644832,11.03,1489.050,23.980,8.830,336,17,27,,
T,2023-05-09 13:02:25,6.26379733,-75.59647854,10.63,1488.845,23.980,9.040,335,17,27,,
T,2023-05-09 13:02:26,6.26388355,-75.59650613,10.54,1489.784,23.980,9.270,336,17,27,,
T,2023-05-09 13:02:27,6.26396967,-75.59653660,10.61,1489.643,23.980,10.040,345,17,27,,
T,2023-05-09 13:02:28,6.26406493,-75.59653723,10.57,1487.748,23.980,10.740,359,18,27,,
T,2023-05-09 13:02:29,6.26416423,-75.59650740,10.56,1488.084,23.979,11.240,9,18,27,,
T,2023-05-09 13:02:30,6.26426797,-75.59648054,4.20,1488.816,23.979,11.990,17,18,27,,
T,2023-05-09 13:02:31,6.26438188,-75.59646217,4.11,1489.389,23.979,12.950,14,18,27,,
T,2023-05-09 13:02:32,6.26450216,-75.59644216,4.17,1490.652,23.978,12.840,15,18,27,,
T,2023-05-09 13:02:33,6.26461475,-75.59640951,4.39,1490.961,23.978,13.280,16,18,27,,
T,2023-05-09 13:02:34,6.26472978,-75.59637902,4.16,1492.422,23.977,13.370,13,18,27,,
T,2023-05-09 13:02:35,6.26485790,-75.59634751,4.08,1491.525,23.977,13.870,12,18,27,,
T,2023-05-09 13:02:36,6.26497847,-75.59631073,4.01,1491.821,23.976,14.210,13,18,27,,
T,2023-05-09 13:02:37,6.26510186,-75.59627632,4.22,1492.080,23.976,14.200,15,18,27,,
T,2023-05-09 13:02:38,6.26522688,-75.59624286,5.23,1492.515,23.976,14.190,11,17,27,,
T,2023-05-09 13:02:39,6.26534847,-75.59620547,4.90,1492.840,23.975,14.310,11,18,27,,
T,2023-05-09 13:02:40,6.26548114,-75.59617833,5.33,1491.327,23.975,14.630,12,18,27,,
T,2023-05-09 13:02:41,6.26561606,-75.59615713,6.28,1491.584,23.974,14.740,12,18,27,,
T,2023-05-09 13:02:42,6.26576404,-75.59613509,5.85,1492.644,23.974,15.210,10,18,27,,
T,2023-05-09 13:02:43,6.26589723,-75.59610029,6.46,1492.044,23.973,15.270,10,18,27,,
T,2023-05-09 13:02:44,6.26603040,-75.59607531,5.51,1492.099,23.973,15.360,11,18,27,,
T,2023-05-09 13:02:45,6.26616198,-75.59603928,5.84,1492.700,23.972,15.080,12,17,27,,
T,2023-05-09 13:02:46,6.26628535,-75.59601254,5.24,1491.928,23.972,15.040,12,17,27,,
T,2023-05-09 13:02:47,6.26640440,-75.59596695,5.74,1490.275,23.971,14.860,12,17,27,,
T,2023-05-09 13:02:48,6.26653865,-75.59594331,5.97,1490.677,23.971,14.950,11,17,27,,
T,2023-05-09 13:02:49,6.26666568,-75.59591085,5.79,1491.004,23.970,14.800,11,18,27,,
T,2023-05-09 13:02:50,6.26682911,-75.59590660,6.70,1492.864,23.970,15.350,9,18,27,,
T,2023-05-09 13:02:51,6.26695670,-75.59589416,8.38,1493.645,23.970,14.960,7,18,27,,
T,2023-05-09 13:02:52,6.26709933,-75.59584785,7.04,1493.365,23.969,15.410,12,18,27,,
T,2023-05-09 13:02:53,6.26721262,-75.59580843,7.01,1494.463,23.969,14.460,12,18,27,,
T,2023-05-09 13:02:54,6.26735024,-75.59577876,7.24,1494.392,23.968,14.180,12,18,27,,
T,2023-05-09 13:02:55,6.26748723,-75.59576173,7.86,1495.511,23.968,14.090,13,18,27,,
T,2023-05-09 13:02:56,6.26760248,-75.59574472,6.63,1494.798,23.967,12.880,13,16,27,,
T,2023-05-09 13:02:57,6.26770376,-75.59573596,5.72,1495.506,23.967,11.620,11,18,27,,
T,2023-05-09 13:02:58,6.26778696,-75.59570452,5.38,1494.452,23.967,11.210,11,18,27,,
T,2023-05-09 13:02:59,6.26788695,-75.59567282,5.35,1493.035,23.966,10.880,13,17,27,,
T,2023-05-09 13:03:00,6.26796705,-75.59564231,5.66,1493.262,23.966,9.770,15,17,27,,
T,2023-05-09 13:03:01,6.26804726,-75.59563681,7.05,1492.127,23.966,9.300,14,17,27,,
T,2023-05-09 13:03:02,6.26806973,-75.59561624,5.98,1492.194,23.966,6.710,16,17,27,,
T,2023-05-09 13:03:03,6.26811822,-75.59557325,5.70,1491.791,23.965,5.350,17,16,27,,
T,2023-05-09 13:03:04,6.26815936,-75.59556874,6.03,1492.320,23.965,4.430,12,16,27,,
T,2023-05-09 13:03:05,6.26818646,-75.59556349,6.09,1492.692,23.965,3.170,8,16,27,,
T,2023-05-09 13:03:06,6.26821272,-75.59555730,7.06,1493.863,23.965,3.290,14,16,27,,
T,2023-05-09 13:03:07,6.26823691,-75.59554046,7.90,1494.734,23.965,3.560,12,16,27,,
T,2023-05-09 13:03:08,6.26829717,-75.59553270,7.81,1494.172,23.965,4.790,12,16,27,,
T,2023-05-09 13:03:09,6.26834013,-75.59551754,8.32,1495.204,23.965,4.910,12,16,27,,
T,2023-05-09 13:03:10,6.26839558,-75.59549904,7.62,1495.629,23.964,5.100,14,16,27,,
T,2023-05-09 13:03:11,6.26843430,-75.59552200,6.42,1495.681,23.964,3.570,14,16,27,,
T,2023-05-09 13:03:12,6.26846456,-75.59552491,6.72,1495.871,23.964,2.650,13,16,27,,
T,2023-05-09 13:03:13,6.26848477,-75.59553807,6.81,1494.699,23.964,2.240,14,16,27,,
T,2023-05-09 13:03:14,6.26851157,-75.59553208,7.37,1494.669,23.964,2.390,16,16,27,,
T,2023-05-09 13:03:15,6.26855752,-75.59554623,6.52,1495.151,23.964,3.240,14,16,26,,
T,2023-05-09 13:03:16,6.26857375,-75.59553307,6.44,1495.578,23.964,2.560,13,16,27,,
T,2023-05-09 13:03:17,6.26858996,-75.59552112,5.97,1495.239,23.964,2.140,13,16,27,,
T,2023-05-09 13:03:18,6.26860817,-75.59551024,5.63,1496.117,23.964,2.130,14,16,26,,
T,2023-05-09 13:03:19,6.26862693,-75.59550237,5.52,1496.317,23.964,1.970,13,16,27,,
T,2023-05-09 13:03:20,6.26864487,-75.59549686,5.28,1495.858,23.964,1.830,12,16,27,,
T,2023-05-09 13:03:21,6.26865876,-75.59549114,4.87,1497.167,23.964,1.370,11,16,27,,
T,2023-05-09 13:03:22,6.26867063,-75.59548748,4.81,1495.635,23.964,1.460,12,16,27,,
T,2023-05-09 13:03:23,6.26867975,-75.59548355,4.69,1496.018,23.964,0.900,22,16,27,,
T,2023-05-09 13:03:24,6.26868895,-75.59548087,4.36,1495.528,23.964,0.510,20,17,27,,
T,2023-05-09 13:03:25,6.26870424,-75.59547943,4.26,1496.319,23.964,1.430,13,18,27,,
T,2023-05-09 13:03:26,6.26873160,-75.59547401,4.27,1495.844,23.963,2.450,14,18,27,,
T,2023-05-09 13:03:27,6.26875744,-75.59546667,4.05,1496.030,23.963,2.610,9,18,27,,
T,2023-05-09 13:03:28,6.26878096,-75.59545993,4.04,1498.148,23.963,2.430,13,18,27,,
T,2023-05-09 13:03:29,6.26880495,-75.59545214,3.95,1498.815,23.963,2.550,14,18,27,,
T,2023-05-09 13:03:30,6.26882294,-75.59544687,3.93,1499.289,23.963,1.690,13,18,27,,
T,2023-05-09 13:03:31,6.26884140,-75.59544048,3.92,1499.247,23.963,2.070,16,17,27,,
T,2023-05-09 13:03:32,6.26886440,-75.59543116,10.41,1498.730,23.963,2.970,12,17,27,,
T,2023-05-09 13:03:33,6.26889842,-75.59542153,10.03,1499.461,23.963,3.970,15,17,27,,
T,2023-05-09 13:03:34,6.26894291,-75.59541037,10.21,1499.996,23.963,4.950,18,17,27,,
T,2023-05-09 13:03:35,6.26900898,-75.59540144,10.42,1500.976,23.962,6.460,14,17,27,,
T,2023-05-09 13:03:36,6.26906463,-75.59538650,10.25,1501.353,23.962,6.640,16,17,27,,
T,2023-05-09 13:03:37,6.26912876,-75.59536507,10.94,1501.065,23.962,7.110,14,17,27,,
T,2023-05-09 13:03:38,6.26920361,-75.59535860,10.34,1502.664,23.962,7.850,15,17,27,,
T,2023-05-09 13:03:39,6.26927178,-75.59534625,10.50,1502.118,23.962,7.640,14,17,27,,
T,2023-05-09 13:03:40,6.26933579,-75.59533873,10.18,1501.769,23.961,7.400,14,17,27,,
T,2023-05-09 13:03:41,6.26939788,-75.59530590,10.46,1501.477,23.961,7.230,15,17,27,,
T,2023-05-09 13:03:42,6.26946079,-75.59528496,10.52,1501.754,23.961,7.290,15,17,27,,
T,2023-05-09 13:03:43,6.26952925,-75.59526960,10.51,1501.678,23.961,7.870,15,17,27,,
T,2023-05-09 13:03:44,6.26960928,-75.59525020,10.60,1501.819,23.960,8.050,14,17,27,,
T,2023-05-09 13:03:45,6.26967303,-75.59522674,10.68,1502.912,23.960,8.360,12,17,27,,
T,2023-05-09 13:03:46,6.26975073,-75.59521644,10.70,1502.432,23.960,8.730,10,17,27,,
T,2023-05-09 13:03:47,6.26983075,-75.59520385,10.72,1502.609,23.960,9.180,11,17,27,,
T,2023-05-09 13:03:48,6.26992691,-75.59519258,10.68,1502.835,23.959,10.090,11,17,27,,
T,2023-05-09 13:03:49,6.27002159,-75.59516885,10.71,1502.073,23.959,10.430,14,17,27,,
T,2023-05-09 13:03:50,6.27010655,-75.59513156,10.53,1499.346,23.959,10.270,14,17,27,,
T,2023-05-09 13:03:51,6.27020683,-75.59512018,10.63,1499.651,23.958,10.270,13,17,27,,
T,2023-05-09 13:03:52,6.27030351,-75.59509960,10.75,1500.762,23.958,10.450,13,17,27,,
T,2023-05-09 13:03:53,6.27039869,-75.59509301,11.29,1501.821,23.958,10.460,12,16,27,,
T,2023-05-09 13:03:54,6.27050033,-75.59505502,11.68,1501.476,23.957,11.230,15,16,27,,
T,2023-05-09 13:03:55,6.27061687,-75.59499969,11.17,1502.555,23.957,12.970,20,17,27,,
T,2023-05-09 13:03:56,6.27072572,-75.59494695,10.90,1503.851,23.956,13.110,27,17,27,,
T,2023-05-09 13:03:57,6.27083066,-75.59488213,10.83,1504.493,23.956,13.390,32,16,27,,
T,2023-05-09 13:03:58,6.27095109,-75.59480859,10.72,1504.943,23.955,14.050,37,17,27,,
T,2023-05-09 13:03:59,6.27104664,-75.59471305,10.61,1504.879,23.954,14.170,43,18,27,,
T,2023-05-09 13:04:00,6.27113927,-75.59462552,10.68,1506.713,23.954,14.310,46,18,27,,
T,2023-05-09 13:04:01,6.27123012,-75.59452610,10.66,1507.196,23.953,14.460,47,18,27,,
T,2023-05-09 13:04:02,6.27131209,-75.59443950,10.63,1508.259,23.952,14.360,48,18,27,,
T,2023-05-09 13:04:03,6.27140566,-75.59434816,10.38,1508.898,23.951,14.730,47,18,27,,
T,2023-05-09 13:04:04,6.27149603,-75.59423785,10.26,1507.099,23.951,15.310,47,17,27,,
T,2023-05-09 13:04:05,6.27160042,-75.59414695,10.31,1507.413,23.950,15.200,47,16,27,,
T,2023-05-09 13:04:06,6.27169483,-75.59405838,10.19,1508.815,23.949,14.590,46,16,27,,
T,2023-05-09 13:04:07,6.27178813,-75.59396768,10.17,1507.754,23.949,14.550,47,15,27,,
T,2023-05-09 13:04:08,6.27188225,-75.59388069,10.30,1509.162,23.948,14.330,45,15,27,,
T,2023-05-09 13:04:09,6.27197232,-75.59380279,10.16,1509.548,23.947,13.490,43,15,27,,
T,2023-05-09 13:04:10,6.27207693,-75.59372452,10.12,1509.438,23.947,13.590,38,16,27,,
T,2023-05-09 13:04:11,6.27217885,-75.59365247,10.07,1509.445,23.946,13.530,34,16,27,,
T,2023-05-09 13:04:12,6.27227963,-75.59358047,9.98,1511.128,23.945,13.430,32,16,27,,
T,2023-05-09 13:04:13,6.27238155,-75.59353476,9.94,1509.928,23.945,13.600,30,17,27,,
T,2023-05-09 13:04:14,6.27247752,-75.59348000,9.94,1508.141,23.945,12.890,27,17,27,,
T,2023-05-09 13:04:15,6.27258479,-75.59342242,10.04,1508.752,23.944,12.960,26,17,27,,
T,2023-05-09 13:04:16,6.27268579,-75.59336928,9.94,1510.572,23.943,12.870,28,17,27,,
T,2023-05-09 13:04:17,6.27278787,-75.59331288,9.94,1512.010,23.943,12.360,30,17,27,,
T,2023-05-09 13:04:18,6.27287197,-75.59326760,9.99,1513.051,23.943,10.950,27,17,27,,
T,2023-05-09 13:04:19,6.27295021,-75.59323157,10.02,1514.281,23.942,8.970,28,17,27,,
T,2023-05-09 13:04:20,6.27301379,-75.59319936,10.17,1516.676,23.942,7.440,30,18,27,,
T,2023-05-09 13:04:21,6.27305620,-75.59317009,9.96,1515.544,23.942,5.140,26,18,27,,
T,2023-05-09 13:04:22,6.27308462,-75.59316290,10.16,1516.565,23.941,2.620,28,18,27,,
T,2023-05-09 13:04:23,6.27310255,-75.59315901,10.70,1517.910,23.941,1.860,28,18,27,,
T,2023-05-09 13:04:24,6.27311270,-75.59315336,10.41,1518.341,23.941,1.670,33,18,27,,
T,2023-05-09 13:04:25,6.27312721,-75.59313400,10.38,1518.091,23.941,3.050,27,18,27,,
T,2023-05-09 13:04:26,6.27315818,-75.59312404,10.31,1519.490,23.941,3.240,25,18,27,,
T,2023-05-09 13:04:27,6.27317250,-75.59311383,4.01,1518.643,23.941,1.080,28,18,27,,
T,2023-05-09 13:04:28,6.27317108,-75.59311113,4.09,1519.710,23.941,0.000,,18,27,,
T,2023-05-09 13:04:29,6.27316883,-75.59310758,4.01,1519.627,23.941,0.000,,18,27,,
T,2023-05-09 13:04:30,6.27316850,-75.59310768,3.96,1519.393,23.941,0.000,,18,27,,
T,2023-05-09 13:04:31,6.27316891,-75.59310628,3.96,1519.506,23.941,0.000,,18,27,,
T,2023-05-09 13:04:32,6.27316864,-75.59310498,4.01,1518.701,23.941,0.000,,18,27,,
T,2023-05-09 13:04:33,6.27317011,-75.59310512,3.90,1518.449,23.941,0.000,,18,27,,
T,2023-05-09 13:04:34,6.27317251,-75.59310544,3.79,1518.512,23.941,0.000,,18,27,,
T,2023-05-09 13:04:35,6.27317278,-75.59310512,3.86,1518.527,23.941,0.000,,18,27,,
T,2023-05-09 13:04:36,6.27317374,-75.59310486,3.85,1518.706,23.941,0.000,,18,27,,
T,2023-05-09 13:04:37,6.27317207,-75.59310476,3.85,1518.672,23.941,0.000,,18,27,,
T,2023-05-09 13:04:38,6.27317187,-75.59310552,3.81,1518.928,23.941,0.000,,18,27,,
T,2023-05-09 13:04:39,6.27317174,-75.59310578,3.79,1519.122,23.941,0.000,,18,27,,
T,2023-05-09 13:04:40,6.27317163,-75.59310592,3.79,1519.256,23.941,0.000,,18,27,,
T,2023-05-09 13:04:41,6.27317171,-75.59310600,3.79,1519.258,23.941,0.000,,18,27,,
T,2023-05-09 13:04:42,6.27317224,-75.59310602,3.79,1519.150,23.941,0.000,,18,27,,
T,2023-05-09 13:04:43,6.27317229,-75.59310604,3.79,1519.166,23.941,0.000,,18,27,,
T,2023-05-09 13:04:44,6.27317232,-75.59310605,3.79,1519.167,23.941,0.000,,18,27,,
T,2023-05-09 13:04:45,6.27317232,-75.59310604,3.79,1519.167,23.941,0.000,,18,27,,
T,2023-05-09 13:04:46,6.27317232,-75.59310606,3.79,1519.175,23.941,0.000,,18,27,,
T,2023-05-09 13:04:47,6.27317233,-75.59310608,3.79,1519.176,23.941,0.000,,18,27,,
T,2023-05-09 13:04:48,6.27317236,-75.59310609,3.79,1519.186,23.941,0.000,,18,27,,
T,2023-05-09 13:04:49,6.27317238,-75.59310612,3.79,1519.188,23.941,0.000,,18,27,,
T,2023-05-09 13:04:50,6.27317239,-75.59310612,3.79,1519.186,23.941,0.000,,17,27,,
T,2023-05-09 13:04:51,6.27317240,-75.59310613,3.79,1519.185,23.941,0.000,,17,27,,
T,2023-05-09 13:04:52,6.27317239,-75.59310615,3.79,1519.187,23.941,0.000,,17,27,,
T,2023-05-09 13:04:53,6.27317237,-75.59310616,3.79,1519.190,23.941,0.000,,17,27,,
T,2023-05-09 13:04:54,6.27317235,-75.59310618,3.79,1519.195,23.941,0.000,,17,27,,
T,2023-05-09 13:04:55,6.27317236,-75.59310618,3.79,1519.198,23.941,0.000,,17,27,,
T,2023-05-09 13:04:56,6.27317236,-75.59310619,3.79,1519.197,23.941,0.000,,18,27,,
T,2023-05-09 13:04:57,6.27317237,-75.59310618,3.79,1519.196,23.941,0.000,,18,27,,
T,2023-05-09 13:04:58,6.27317238,-75.59310618,3.79,1519.197,23.941,0.000,,18,27,,
T,2023-05-09 13:04:59,6.27322026,-75.59308382,3.79,1519.203,23.941,4.830,31,18,27,,
T,2023-05-09 13:05:00,6.27328395,-75.59305252,4.04,1519.957,23.940,5.190,30,18,27,,
T,2023-05-09 13:05:01,6.27335923,-75.59301866,4.55,1520.204,23.940,6.800,29,17,27,,
T,2023-05-09 13:05:02,6.27345358,-75.59296589,4.43,1520.277,23.940,8.620,28,17,27,,
T,2023-05-09 13:05:03,6.27353475,-75.59291177,4.38,1522.158,23.939,9.330,33,17,27,,
T,2023-05-09 13:05:04,6.27361945,-75.59285581,4.49,1523.498,23.939,9.650,40,18,27,,
T,2023-05-09 13:05:05,6.27368491,-75.59281293,4.28,1523.453,23.938,10.030,48,18,27,,
T,2023-05-09 13:05:06,6.27374064,-75.59272376,4.52,1521.557,23.938,10.020,56,18,27,,
T,2023-05-09 13:05:07,6.27377906,-75.59264464,4.96,1522.778,23.937,9.880,65,18,27,,
T,2023-05-09 13:05:08,6.27380527,-75.59254468,4.67,1521.276,23.937,10.340,74,18,27,,
T,2023-05-09 13:05:09,6.27382869,-75.59246038,4.72,1523.036,23.936,10.320,83,18,27,,
T,2023-05-09 13:05:10,6.27384407,-75.59235899,5.20,1524.509,23.936,10.670,91,17,27,,
T,2023-05-09 13:05:11,6.27384498,-75.59226445,6.14,1524.375,23.935,10.190,99,17,27,,
T,2023-05-09 13:05:12,6.27381960,-75.59214510,5.40,1524.594,23.934,11.110,103,17,27,,
T,2023-05-09 13:05:13,6.27378684,-75.59203360,5.04,1522.704,23.934,12.180,106,17,27,,
T,2023-05-09 13:05:14,6.27376216,-75.59192133,5.23,1521.555,23.933,12.290,105,18,27,,
T,2023-05-09 13:05:15,6.27374741,-75.59181019,4.88,1522.156,23.933,12.320,104,18,27,,
T,2023-05-09 13:05:16,6.27372572,-75.59170313,4.67,1522.084,23.932,12.480,104,18,27,,
T,2023-05-09 13:05:17,6.27370817,-75.59159836,4.76,1522.875,23.932,12.510,102,18,27,,
T,2023-05-09 13:05:18,6.27369200,-75.59148225,4.31,1523.252,23.931,12.770,98,18,27,,
T,2023-05-09 13:05:19,6.27367626,-75.59136385,4.77,1524.064,23.931,13.050,92,17,27,,
T,2023-05-09 13:05:20,6.27368826,-75.59124411,4.89,1524.792,23.930,13.450,85,17,27,,
T,2023-05-09 13:05:21,6.27372655,-75.59113656,4.96,1524.411,23.929,13.020,78,17,27,,
T,2023-05-09 13:05:22,6.27375911,-75.59101114,5.08,1523.621,23.929,12.870,72,16,27,,
T,2023-05-09 13:05:23,6.27380252,-75.59089561,4.37,1523.359,23.928,12.750,64,17,27,,
T,2023-05-09 13:05:24,6.27386374,-75.59078542,4.24,1523.357,23.927,13.330,59,15,27,,
T,2023-05-09 13:05:25,6.27393553,-75.59069415,4.45,1524.278,23.927,13.070,52,16,27,,
T,2023-05-09 13:05:26,6.27401786,-75.59061041,4.59,1524.631,23.926,13.280,45,16,27,,
T,2023-05-09 13:05:27,6.27410218,-75.59053396,4.45,1523.385,23.925,13.190,39,16,27,,
T,2023-05-09 13:05:28,6.27420422,-75.59045480,5.13,1524.783,23.925,13.290,33,16,27,,
T,2023-05-09 13:05:29,6.27430399,-75.59040245,5.35,1525.219,23.924,12.610,28,17,27,,
T,2023-05-09 13:05:30,6.27440954,-75.59035332,10.99,1525.607,23.924,12.520,25,17,27,,
T,2023-05-09 13:05:31,6.27450199,-75.59033628,11.13,1525.821,23.924,11.670,18,16,27,,
T,2023-05-09 13:05:32,6.27461166,-75.59031173,10.73,1526.736,23.923,11.680,11,16,27,,
T,2023-05-09 13:05:33,6.27473454,-75.59031191,10.52,1530.562,23.923,11.890,4,18,27,,
T,2023-05-09 13:05:34,6.27483586,-75.59033417,10.35,1530.023,23.923,11.910,357,18,27,,
T,2023-05-09 13:05:35,6.27493784,-75.59034915,10.46,1530.242,23.923,11.900,352,18,27,,
T,2023-05-09 13:05:36,6.27504808,-75.59036347,10.54,1531.150,23.922,12.540,349,18,27,,
T,2023-05-09 13:05:37,6.27516487,-75.59038320,10.79,1531.781,23.922,12.710,350,18,27,,
T,2023-05-09 13:05:38,6.27527811,-75.59039146,11.20,1532.219,23.922,12.830,354,18,27,,
T,2023-05-09 13:05:39,6.27540006,-75.59039384,10.71,1532.089,23.922,12.800,1,18,27,,
T,2023-05-09 13:05:40,6.27551467,-75.59039705,10.50,1532.635,23.922,12.830,7,18,27,,
T,2023-05-09 13:05:41,6.27563736,-75.59036137,10.65,1531.610,23.921,12.600,14,18,27,,
T,2023-05-09 13:05:42,6.27573048,-75.59032339,10.52,1534.848,23.921,11.960,23,18,27,,
T,2023-05-09 13:05:43,6.27581897,-75.59027653,10.58,1535.777,23.920,10.880,30,17,27,,
T,2023-05-09 13:05:44,6.27589355,-75.59022664,10.42,1539.242,23.920,9.470,35,18,27,,
T,2023-05-09 13:05:45,6.27593434,-75.59017960,10.39,1541.862,23.919,7.430,49,18,27,,
T,2023-05-09 13:05:46,6.27596958,-75.59011830,10.72,1540.995,23.919,7.370,63,18,27,,
T,2023-05-09 13:05:47,6.27599167,-75.59004565,10.66,1541.355,23.919,8.230,74,18,27,,
T,2023-05-09 13:05:48,6.27600825,-75.58996378,10.79,1541.026,23.918,9.160,73,18,27,,
T,2023-05-09 13:05:49,6.27603399,-75.58988278,11.37,1541.548,23.918,9.330,74,18,27,,
T,2023-05-09 13:05:50,6.27606156,-75.58977976,11.16,1542.090,23.917,11.570,75,18,27,,
T,2023-05-09 13:05:51,6.27609419,-75.58967495,11.14,1543.097,23.916,12.440,74,18,27,,
T,2023-05-09 13:05:52,6.27613149,-75.58955852,11.13,1543.755,23.916,13.170,74,16,27,,
T,2023-05-09 13:05:53,6.27616915,-75.58945460,11.49,1542.528,23.915,12.500,72,18,27,,
T,2023-05-09 13:05:54,6.27621225,-75.58933164,11.26,1540.606,23.914,13.190,71,18,27,,
T,2023-05-09 13:05:55,6.27624995,-75.58922429,11.21,1540.138,23.914,13.170,72,18,27,,
T,2023-05-09 13:05:56,6.27628863,-75.58910533,11.19,1539.031,23.913,13.270,76,18,27,,
T,2023-05-09 13:05:57,6.27629865,-75.58897599,11.32,1538.540,23.912,13.790,84,18,27,,
T,2023-05-09 13:05:58,6.27630522,-75.58885921,11.10,1538.647,23.912,12.810,86,18,27,,
T,2023-05-09 13:05:59,6.27632681,-75.58874585,10.89,1539.028,23.911,12.630,83,17,27,,
T,2023-05-09 13:06:00,6.27634326,-75.58863594,10.74,1540.290,23.910,12.660,81,16,27,,
T,2023-05-09 13:06:01,6.27635748,-75.58851757,10.63,1540.269,23.910,12.520,81,15,27,,
T,2023-05-09 13:06:02,6.27637421,-75.58841535,10.64,1539.399,23.909,10.840,82,16,27,,
T,2023-05-09 13:06:03,6.27638173,-75.58832636,10.69,1538.928,23.909,9.900,85,17,27,,
T,2023-05-09 13:06:04,6.27639267,-75.58823653,10.63,1538.028,23.908,9.340,85,17,27,,
T,2023-05-09 13:06:05,6.27639414,-75.58814946,10.82,1534.472,23.908,8.700,83,17,27,,
T,2023-05-09 13:06:06,6.27639583,-75.58807968,10.83,1535.496,23.907,7.550,82,17,27,,
T,2023-05-09 13:06:07,6.27640776,-75.58802769,11.01,1535.979,23.907,6.550,83,18,27,,
T,2023-05-09 13:06:08,6.27640512,-75.58797028,10.87,1535.577,23.907,5.530,85,18,27,,
T,2023-05-09 13:06:09,6.27641022,-75.58791068,11.09,1535.343,23.907,5.760,88,18,27,,
T,2023-05-09 13:06:10,6.27641336,-75.58785800,11.51,1534.916,23.906,6.160,86,18,27,,
T,2023-05-09 13:06:11,6.27642219,-75.58778133,11.78,1534.821,23.906,6.830,85,18,27,,
T,2023-05-09 13:06:12,6.27642958,-75.58770369,12.24,1535.005,23.905,7.700,84,18,27,,
T,2023-05-09 13:06:13,6.27642047,-75.58758910,11.80,1534.670,23.905,10.440,86,17,27,,
T,2023-05-09 13:06:14,6.27642807,-75.58749232,11.28,1534.903,23.904,10.670,89,17,27,,
T,2023-05-09 13:06:15,6.27642812,-75.58738390,11.01,1536.007,23.904,10.570,89,17,27,,
T,2023-05-09 13:06:16,6.27642174,-75.58729240,11.10,1536.725,23.903,10.470,93,17,27,,
T,2023-05-09 13:06:17,6.27640428,-75.58721168,11.32,1536.278,23.903,10.020,96,15,27,,
T,2023-05-09 13:06:18,6.27640098,-75.58711703,11.16,1537.003,23.902,9.640,96,15,27,,
T,2023-05-09 13:06:19,6.27640012,-75.58702278,11.40,1538.122,23.902,9.810,96,16,27,,
T,2023-05-09 13:06:20,6.27638568,-75.58694379,11.90,1539.112,23.902,9.220,97,17,27,,
T,2023-05-09 13:06:21,6.27638233,-75.58690269,11.85,1541.282,23.901,8.080,97,17,27,,
T,2023-05-09 13:06:22,6.27637703,-75.58681939,11.81,1542.604,23.901,8.100,100,17,27,,
T,2023-05-09 13:06:23,6.27636374,-75.58675424,11.31,1544.084,23.901,7.220,105,17,27,,
T,2023-05-09 13:06:24,6.27637042,-75.58670851,10.84,1542.341,23.900,5.590,101,17,27,,
T,2023-05-09 13:06:25,6.27636569,-75.58666574,5.84,1543.801,23.900,4.830,98,17,27,,
T,2023-05-09 13:06:26,6.27635196,-75.58663761,5.45,1542.060,23.900,3.600,110,18,27,,
T,2023-05-09 13:06:27,6.27633619,-75.58660285,5.38,1542.968,23.900,3.610,117,18,27,,
T,2023-05-09 13:06:28,6.27631950,-75.58657650,4.96,1542.690,23.900,2.870,135,18,27,,
T,2023-05-09 13:06:29,6.27629254,-75.58656521,4.57,1544.586,23.900,2.880,156,18,27,,
T,2023-05-09 13:06:30,6.27626568,-75.58656320,4.34,1543.756,23.900,2.650,182,18,27,,
T,2023-05-09 13:06:31,6.27623372,-75.58657161,4.23,1545.027,23.900,4.010,192,17,27,,
T,2023-05-09 13:06:32,6.27620456,-75.58657994,4.27,1544.719,23.900,3.150,191,16,27,,
T,2023-05-09 13:06:33,6.27618042,-75.58658818,3.95,1544.022,23.900,3.020,195,16,27,,
T,2023-05-09 13:06:34,6.27616163,-75.58659888,4.05,1543.662,23.900,2.570,198,16,27,,
T,2023-05-09 13:06:35,6.27614468,-75.58660734,4.06,1543.927,23.900,2.010,198,16,27,,
T,2023-05-09 13:06:36,6.27613314,-75.58661426,4.12,1543.679,23.900,1.360,202,16,27,,
T,2023-05-09 13:06:37,6.27613241,-75.58661896,4.27,1543.471,23.900,0.000,,17,27,,
T,2023-05-09 13:06:38,6.27612901,-75.58662167,4.13,1543.857,23.900,0.000,,17,27,,
T,2023-05-09 13:06:39,6.27612608,-75.58662330,4.38,1543.262,23.901,0.000,,17,27,,
T,2023-05-09 13:06:40,6.27612248,-75.58662243,4.46,1542.976,23.901,0.000,,17,27,,
T,2023-05-09 13:06:41,6.27612078,-75.58662262,4.48,1543.134,23.901,0.000,,17,27,,
T,2023-05-09 13:06:42,6.27611931,-75.58662170,4.48,1543.111,23.901,0.000,,17,27,,
T,2023-05-09 13:06:43,6.27611892,-75.58662277,4.36,1542.903,23.901,0.000,,17,27,,
T,2023-05-09 13:06:44,6.27610922,-75.58662416,4.27,1543.315,23.901,1.040,203,17,27,,
T,2023-05-09 13:06:45,6.27609769,-75.58662911,4.42,1544.407,23.901,1.180,201,17,27,,
T,2023-05-09 13:06:46,6.27608829,-75.58663115,4.60,1544.187,23.901,0.830,198,17,27,,
T,2023-05-09 13:06:47,6.27608324,-75.58663059,5.01,1544.515,23.901,0.370,194,17,27,,
T,2023-05-09 13:06:48,6.27608265,-75.58662728,5.37,1544.826,23.901,0.000,,17,27,,
T,2023-05-09 13:06:49,6.27607927,-75.58662316,5.18,1544.424,23.901,0.000,,16,27,,
T,2023-05-09 13:06:50,6.27607484,-75.58661742,4.55,1544.449,23.901,0.000,,16,27,,
T,2023-05-09 13:06:51,6.27606658,-75.58661321,4.74,1545.076,23.901,0.000,,17,27,,
T,2023-05-09 13:06:52,6.27606141,-75.58661075,4.49,1545.522,23.901,0.000,,17,27,,
T,2023-05-09 13:06:53,6.27605958,-75.58661003,4.52,1545.691,23.901,0.000,,17,27,,
T,2023-05-09 13:06:54,6.27605917,-75.58661243,4.36,1545.589,23.901,0.000,,17,27,,
T,2023-05-09 13:06:55,6.27606063,-75.58661285,4.49,1545.874,23.901,0.000,,17,26,,
T,2023-05-09 13:06:56,6.27605185,-75.58661610,4.90,1545.354,23.901,1.610,204,17,27,,
T,2023-05-09 13:06:57,6.27602842,-75.58662554,4.11,1545.536,23.901,2.140,197,17,27,,
T,2023-05-09 13:06:58,6.27600094,-75.58662631,3.80,1544.658,23.901,2.450,168,17,27,,
T,2023-05-09 13:06:59,6.27597416,-75.58662054,3.79,1545.018,23.901,2.420,149,17,27,,
T,2023-05-09 13:07:00,6.27594713,-75.58661602,3.90,1544.793,23.901,2.570,181,17,27,,
T,2023-05-09 13:07:01,6.27592393,-75.58661976,3.90,1545.056,23.901,2.010,192,17,27,,
T,2023-05-09 13:07:02,6.27591627,-75.58662026,3.82,1544.161,23.901,0.890,164,17,27,,
T,2023-05-09 13:07:03,6.27590990,-75.58661179,3.83,1543.426,23.901,1.310,145,17,27,,
T,2023-05-09 13:07:04,6.27590661,-75.58658521,3.79,1543.596,23.901,3.200,95,16,27,,
T,2023-05-09 13:07:05,6.27590515,-75.58656230,3.79,1543.591,23.901,2.040,96,16,27,,
T,2023-05-09 13:07:06,6.27590423,-75.58654983,3.79,1543.665,23.901,1.100,99,16,27,,
T,2023-05-09 13:07:07,6.27590213,-75.58654012,3.79,1544.149,23.901,1.140,99,15,27,,
T,2023-05-09 13:07:08,6.27590645,-75.58653444,3.79,1543.925,23.901,0.930,97,15,27,,
T,2023-05-09 13:07:09,6.27591353,-75.58653381,3.79,1544.009,23.901,0.630,97,12,27,,
T,2023-05-09 13:07:10,6.27591839,-75.58654005,3.79,1543.987,23.901,0.000,,12,27,,
T,2023-05-09 13:07:11,6.27592272,-75.58653938,3.79,1546.227,23.901,0.000,,13,27,,
T,2023-05-09 13:07:12,6.27592487,-75.58653977,3.79,1545.475,23.901,0.000,,16,27,,
T,2023-05-09 13:07:13,6.27592474,-75.58654012,3.79,1546.179,23.901,0.340,201,16,27,,
T,2023-05-09 13:07:14,6.27592208,-75.58654350,3.79,1546.080,23.901,0.560,216,17,27,,
T,2023-05-09 13:07:15,6.27591919,-75.58654563,3.79,1545.953,23.901,0.510,197,17,27,,
T,2023-05-09 13:07:16,6.27591664,-75.58654856,3.79,1545.673,23.901,0.450,213,17,27,,
T,2023-05-09 13:07:17,6.27592126,-75.58655128,3.79,1545.384,23.901,0.000,,17,27,,
T,2023-05-09 13:07:18,6.27592234,-75.58655241,3.79,1545.482,23.901,0.000,,15,27,,
T,2023-05-09 13:07:19,6.27592426,-75.58655235,3.79,1546.379,23.901,0.440,110,14,27,,
T,2023-05-09 13:07:20,6.27592566,-75.58655620,3.79,1546.542,23.901,0.220,1,14,27,,
T,2023-05-09 13:07:21,6.27592338,-75.58656458,3.79,1546.745,23.901,0.000,,15,27,,
T,2023-05-09 13:07:22,6.27592482,-75.58656624,3.79,1546.761,23.901,0.000,,14,27,,
T,2023-05-09 13:07:23,6.27592523,-75.58656557,3.79,1547.092,23.901,0.000,,14,27,,
T,2023-05-09 13:07:24,6.27592508,-75.58656433,3.79,1547.406,23.901,0.270,90,14,27,,
T,2023-05-09 13:07:25,6.27592423,-75.58656431,3.79,1547.460,23.901,0.000,,14,27,,
T,2023-05-09 13:07:26,6.27592406,-75.58656565,3.79,1547.376,23.901,0.000,,13,27,,
T,2023-05-09 13:07:27,6.27592262,-75.58656587,3.79,1547.261,23.901,0.000,,12,27,,
T,2023-05-09 13:07:28,6.27592349,-75.58656695,3.79,1547.321,23.901,0.000,,12,27,,
T,2023-05-09 13:07:29,6.27592373,-75.58656582,3.79,1547.417,23.901,0.000,,12,27,,
T,2023-05-09 13:07:30,6.27592445,-75.58656538,3.79,1547.254,23.901,0.000,,10,27,,
T,2023-05-09 13:07:31,6.27592650,-75.58656418,3.79,1547.751,23.901,0.000,,11,27,,
T,2023-05-09 13:07:32,6.27592726,-75.58656350,4.03,1548.521,23.901,0.000,,13,27,,
T,2023-05-09 13:07:33,6.27592712,-75.58656428,4.33,1548.767,23.901,0.000,,14,27,,
T,2023-05-09 13:07:34,6.27592725,-75.58656404,4.84,1548.946,23.901,0.000,,15,27,,
T,2023-05-09 13:07:35,6.27592854,-75.58656342,5.48,1549.122,23.901,0.000,,15,27,,
T,2023-05-09 13:07:36,6.27593166,-75.58656226,5.08,1549.718,23.901,0.000,,15,27,,
T,2023-05-09 13:07:37,6.27593261,-75.58656182,5.20,1549.743,23.901,0.000,,15,27,,
T,2023-05-09 13:07:38,6.27593444,-75.58656080,4.99,1550.088,23.901,0.000,,15,27,,
T,2023-05-09 13:07:39,6.27593498,-75.58655961,4.64,1550.167,23.901,0.000,,14,27,,
T,2023-05-09 13:07:40,6.27593605,-75.58655805,4.73,1550.441,23.901,0.000,,15,27,,
T,2023-05-09 13:07:41,6.27593542,-75.58655752,4.88,1550.679,23.901,0.000,,16,27,,
T,2023-05-09 13:07:42,6.27593361,-75.58655734,4.29,1549.633,23.901,0.000,,16,27,,
T,2023-05-09 13:07:43,6.27593423,-75.58655634,4.07,1550.266,23.901,0.000,,16,27,,
T,2023-05-09 13:07:44,6.27593090,-75.58656992,4.14,1551.767,23.901,2.220,258,17,27,,
T,2023-05-09 13:07:45,6.27592821,-75.58658354,4.32,1554.784,23.901,1.640,258,18,27,,
T,2023-05-09 13:07:46,6.27592378,-75.58658668,4.43,1554.064,23.901,0.860,243,18,27,,
T,2023-05-09 13:07:47,6.27592427,-75.58657976,5.12,1552.413,23.901,0.000,,17,27,,
T,2023-05-09 13:07:48,6.27593350,-75.58657037,6.17,1553.338,23.901,0.810,21,17,27,,
T,2023-05-09 13:07:49,6.27594332,-75.58656010,7.76,1553.666,23.901,0.860,26,18,27,,
T,2023-05-09 13:07:50,6.27594257,-75.58655128,9.80,1554.689,23.901,0.290,47,16,28,,
T,2023-05-09 13:07:51,6.27592717,-75.58654579,10.63,1554.533,23.901,0.560,159,15,28,,
T,2023-05-09 13:07:52,6.27591299,-75.58654403,14.09,1554.457,23.901,0.620,184,14,28,,
T,2023-05-09 13:07:53,6.27589653,-75.58653659,14.07,1555.755,23.901,1.010,165,14,28,,
T,2023-05-09 13:07:54,6.27587989,-75.58652834,14.62,1555.537,23.901,1.200,161,12,28,,
T,2023-05-09 13:07:55,6.27586840,-75.58652752,14.76,1554.828,23.901,1.120,177,9,28,,
T,2023-05-09 13:07:56,6.27585541,-75.58653070,15.25,1554.352,23.901,1.300,188,10,28,,
T,2023-05-09 13:07:57,6.27584235,-75.58652604,15.69,1554.367,23.901,1.400,172,10,28,,
T,2023-05-09 13:07:58,6.27583836,-75.58652209,18.21,1554.371,23.901,0.000,,8,28,,
T,2023-05-09 13:07:59,6.27583755,-75.58651980,19.83,1554.371,23.901,,,7,28,,
T,2023-05-09 13:08:00,6.27585001,-75.58651273,22.37,1553.671,23.901,1.200,5,7,28,,
T,2023-05-09 13:08:01,6.27586373,-75.58650752,28.03,1553.676,23.901,1.230,6,10,28,,
T,2023-05-09 13:08:02,6.27586870,-75.58650452,32.19,1553.679,23.900,0.000,,8,28,,
T,2023-05-09 13:08:03,6.27586810,-75.58650540,32.90,1553.908,23.900,0.000,,5,27,,
T,2023-05-09 13:08:04,6.27586444,-75.58649980,34.94,1553.953,23.900,0.240,130,5,27,,
T,2023-05-09 13:08:05,6.27586155,-75.58649689,36.96,1553.962,23.900,0.000,,5,28,,
T,2023-05-09 13:08:06,6.27585990,-75.58649527,38.69,1553.969,23.900,0.000,,5,27,,
T,2023-05-09 13:08:07,6.27584608,-75.58648898,40.11,1554.660,23.900,0.460,160,2,28,,
T,2023-05-09 13:08:08,6.27583750,-75.58648283,40.82,1554.706,23.900,0.000,,4,28,,
T,2023-05-09 13:08:09,6.27583709,-75.58647438,42.11,1554.780,23.900,0.470,52,5,28,,
T,2023-05-09 13:08:10,6.27583600,-75.58646911,43.94,1554.794,23.900,,,5,28,,
T,2023-05-09 13:08:11,6.27583494,-75.58646620,45.81,1554.806,23.900,0.000,,4,28,,
