type,date time,latitude,longitude,accuracy(m),altitude(m),geoid_height(m),speed(m/s),bearing(deg),sat_used,sat_inview,name,desc
T,2023-05-09 18:00:06,6.21519333,-75.58444667,6.40,1476.283,24.017,0.000,,5,45,20230509-130006,GPS Logger: 20230509-130006 - Tercera
T,2023-05-09 18:00:07,6.21519167,-75.58444833,6.30,1476.283,24.017,0.000,,5,45,,
T,2023-05-09 18:00:08,6.21520333,-75.58443667,6.30,1476.283,24.017,0.000,,5,45,,
T,2023-05-09 18:00:09,6.21520333,-75.58442000,6.30,1476.283,24.017,0.000,,5,45,,
T,2023-05-09 18:00:10,6.21519500,-75.58441667,6.20,1476.283,24.017,0.000,,5,45,,
T,2023-05-09 18:00:11,6.21519333,-75.58440833,6.20,1476.283,24.017,0.000,,5,45,,
T,2023-05-09 18:00:12,6.21519000,-75.58441333,6.20,1476.283,24.017,0.000,,5,45,,
T,2023-05-09 18:00:13,6.21518167,-75.58441167,6.10,1476.283,24.017,0.000,,5,45,,
T,2023-05-09 18:00:14,6.21517833,-75.58441333,6.10,1476.283,24.017,0.000,,5,45,,
T,2023-05-09 18:00:15,6.21517667,-75.58441167,6.10,1476.283,24.017,0.000,,5,45,,
T,2023-05-09 18:00:16,6.21517833,-75.58440167,6.00,1476.383,24.017,0.000,,6,45,,
T,2023-05-09 18:00:17,6.21518000,-75.58439667,6.00,1476.383,24.017,0.000,,6,45,,
T,2023-05-09 18:00:18,6.21516833,-75.58438333,5.90,1476.383,24.017,0.000,,8,45,,
T,2023-05-09 18:00:19,6.21516333,-75.58436833,5.80,1476.383,24.017,0.000,,7,45,,
T,2023-05-09 18:00:20,6.21515667,-75.58435667,5.80,1476.384,24.016,0.000,,7,45,,
T,2023-05-09 18:00:21,6.21515833,-75.58435667,5.80,1476.384,24.016,0.000,,9,45,,
T,2023-05-09 18:00:22,6.21516833,-75.58435500,5.80,1476.384,24.016,0.000,,7,44,,
T,2023-05-09 18:00:23,6.21517500,-75.58437000,5.80,1476.383,24.017,0.000,,7,44,,
T,2023-05-09 18:00:24,6.21516667,-75.58436833,5.90,1476.383,24.017,0.000,,8,45,,
T,2023-05-09 18:00:25,6.21514667,-75.58436333,5.90,1476.383,24.017,0.000,,9,45,,
T,2023-05-09 18:00:26,6.21514667,-75.58438000,5.90,1476.383,24.017,0.000,,8,45,,
T,2023-05-09 18:00:27,6.21514000,-75.58439833,5.80,1476.383,24.017,0.000,,9,45,,
T,2023-05-09 18:00:28,6.21513833,-75.58440000,5.80,1476.383,24.017,0.000,,9,45,,
T,2023-05-09 18:00:29,6.21514000,-75.58441000,5.80,1476.383,24.017,0.000,,8,45,,
T,2023-05-09 18:00:30,6.21515167,-75.58438833,5.70,1476.383,24.017,0.000,,8,45,,
T,2023-05-09 18:00:31,6.21515333,-75.58437833,5.70,1476.383,24.017,0.000,,9,45,,
T,2023-05-09 18:00:32,6.21515000,-75.58437333,5.60,1476.383,24.017,0.000,,11,45,,
T,2023-05-09 18:00:33,6.21514000,-75.58440333,5.60,1476.383,24.017,0.000,,10,45,,
T,2023-05-09 18:00:34,6.21514000,-75.58446333,5.50,1476.383,24.017,0.000,,9,44,,
T,2023-05-09 18:00:35,6.21513833,-75.58448000,5.40,1476.383,24.017,0.000,,8,44,,
T,2023-05-09 18:00:36,6.21512833,-75.58447833,5.40,1476.283,24.017,0.000,,9,44,,
T,2023-05-09 18:00:37,6.21511833,-75.58447500,5.30,1476.283,24.017,0.000,,11,44,,
T,2023-05-09 18:00:38,6.21510500,-75.58446833,5.20,1476.283,24.017,0.000,,11,45,,
T,2023-05-09 18:00:39,6.21509500,-75.58447333,5.10,1476.283,24.017,0.000,,11,45,,
T,2023-05-09 18:00:40,6.21508667,-75.58447500,5.00,1476.283,24.017,0.000,,12,45,,
T,2023-05-09 18:00:41,6.21507833,-75.58446500,5.00,1476.183,24.017,0.000,,11,45,,
T,2023-05-09 18:00:42,6.21506833,-75.58445667,4.90,1476.183,24.017,0.000,,11,45,,
T,2023-05-09 18:00:43,6.21506167,-75.58446167,4.90,1476.183,24.017,0.000,,10,45,,
T,2023-05-09 18:00:44,6.21506167,-75.58446167,4.80,1476.183,24.017,0.000,,10,45,,
T,2023-05-09 18:00:45,6.21507667,-75.58446167,4.80,1476.083,24.017,0.000,,10,45,,
T,2023-05-09 18:00:46,6.21508667,-75.58446667,4.70,1476.083,24.017,0.000,,9,45,,
T,2023-05-09 18:00:47,6.21509833,-75.58447167,4.70,1476.083,24.017,0.000,,8,44,,
T,2023-05-09 18:00:48,6.21510667,-75.58448667,4.60,1476.083,24.017,0.000,,9,44,,
T,2023-05-09 18:00:49,6.21511500,-75.58449167,4.60,1475.983,24.017,0.000,,9,44,,
T,2023-05-09 18:00:50,6.21512833,-75.58451167,4.60,1475.983,24.017,0.000,,9,44,,
T,2023-05-09 18:00:51,6.21514000,-75.58451500,4.60,1475.983,24.017,0.000,,9,44,,
T,2023-05-09 18:00:52,6.21515333,-75.58451333,4.50,1475.983,24.017,0.000,,9,45,,
T,2023-05-09 18:00:53,6.21515500,-75.58451000,4.50,1475.983,24.017,0.000,,8,45,,
T,2023-05-09 18:00:54,6.21515167,-75.58452333,4.50,1475.883,24.017,0.000,,9,45,,
T,2023-05-09 18:00:55,6.21515000,-75.58453000,4.50,1475.883,24.017,0.000,,9,45,,
T,2023-05-09 18:00:56,6.21514667,-75.58453167,4.60,1475.883,24.017,0.000,,9,45,,
T,2023-05-09 18:00:57,6.21515167,-75.58452833,4.60,1475.783,24.017,0.000,,9,45,,
T,2023-05-09 18:00:58,6.21515000,-75.58452333,4.60,1475.783,24.017,0.000,,11,45,,
T,2023-05-09 18:00:59,6.21516833,-75.58451833,4.60,1475.883,24.017,0.000,,12,45,,
T,2023-05-09 18:01:00,6.21517167,-75.58452000,4.60,1475.783,24.017,0.000,,12,45,,
T,2023-05-09 18:01:01,6.21515000,-75.58456167,4.70,1475.782,24.018,0.000,,10,45,,
T,2023-05-09 18:01:02,6.21513833,-75.58457667,4.70,1475.782,24.018,0.000,,10,45,,
T,2023-05-09 18:01:03,6.21513000,-75.58459667,4.80,1475.782,24.018,0.000,,10,45,,
T,2023-05-09 18:01:04,6.21512167,-75.58460333,4.80,1475.782,24.018,0.000,,10,45,,
T,2023-05-09 18:01:05,6.21512333,-75.58460333,4.80,1475.782,24.018,0.000,,10,45,,
T,2023-05-09 18:01:06,6.21511833,-75.58460167,4.80,1475.782,24.018,0.000,,9,45,,
T,2023-05-09 18:01:07,6.21512667,-75.58460500,4.80,1475.782,24.018,0.000,,9,45,,
T,2023-05-09 18:01:08,6.21511333,-75.58463000,4.80,1475.782,24.018,0.000,,9,45,,
T,2023-05-09 18:01:09,6.21511333,-75.58464167,4.80,1475.782,24.018,0.000,,10,45,,
T,2023-05-09 18:01:10,6.21511500,-75.58464167,4.80,1475.782,24.018,0.000,,8,45,,
T,2023-05-09 18:01:11,6.21513000,-75.58462333,4.70,1475.682,24.018,0.000,,8,45,,
T,2023-05-09 18:01:12,6.21513667,-75.58461500,4.70,1475.682,24.018,0.000,,8,45,,
T,2023-05-09 18:01:13,6.21514500,-75.58460667,4.70,1475.682,24.018,0.000,,8,45,,
T,2023-05-09 18:01:14,6.21515000,-75.58461000,4.70,1475.582,24.018,0.000,,7,45,,
T,2023-05-09 18:01:15,6.21515333,-75.58462167,4.70,1475.582,24.018,0.000,,8,45,,
T,2023-05-09 18:01:16,6.21515167,-75.58462833,4.70,1475.582,24.018,0.000,,10,45,,
T,2023-05-09 18:01:17,6.21515500,-75.58462500,4.70,1475.582,24.018,0.000,,11,45,,
T,2023-05-09 18:01:18,6.21516167,-75.58461000,4.60,1475.482,24.018,0.000,,11,45,,
T,2023-05-09 18:01:19,6.21516167,-75.58460500,4.60,1475.482,24.018,0.000,,11,45,,
T,2023-05-09 18:01:20,6.21516833,-75.58458833,4.40,1475.482,24.018,0.000,,11,45,,
T,2023-05-09 18:01:21,6.21518000,-75.58458500,4.40,1475.482,24.018,0.000,,9,45,,
T,2023-05-09 18:01:22,6.21518000,-75.58458500,4.30,1475.482,24.018,0.000,,12,45,,
T,2023-05-09 18:01:23,6.21518000,-75.58458500,4.30,1475.482,24.018,0.000,,15,45,,
T,2023-05-09 18:01:24,6.21518000,-75.58458500,4.20,1475.482,24.018,0.000,,15,45,,
T,2023-05-09 18:01:25,6.21518000,-75.58458500,4.10,1475.482,24.018,0.000,,15,45,,
T,2023-05-09 18:01:26,6.21519000,-75.58460000,4.10,1475.282,24.018,0.000,,15,45,,
T,2023-05-09 18:01:27,6.21519833,-75.58460833,4.10,1475.182,24.018,0.000,,14,45,,
T,2023-05-09 18:01:28,6.21519167,-75.58461833,4.20,1475.182,24.018,0.000,,14,45,,
T,2023-05-09 18:01:29,6.21519167,-75.58462667,4.20,1475.082,24.018,0.000,,17,45,,
T,2023-05-09 18:01:30,6.21521000,-75.58462667,4.10,1475.182,24.018,0.000,,16,45,,
T,2023-05-09 18:01:31,6.21522500,-75.58461667,4.10,1475.182,24.018,0.000,,16,45,,
T,2023-05-09 18:01:32,6.21524000,-75.58460167,4.00,1475.282,24.018,0.000,,15,45,,
T,2023-05-09 18:01:33,6.21524833,-75.58459333,4.00,1475.382,24.018,0.000,,15,45,,
T,2023-05-09 18:01:34,6.21525333,-75.58458667,3.90,1475.382,24.018,0.000,,16,45,,
T,2023-05-09 18:01:35,6.21525500,-75.58458167,3.90,1475.383,24.017,0.000,,16,45,,
T,2023-05-09 18:01:36,6.21525667,-75.58457667,3.80,1475.383,24.017,0.000,,17,45,,
T,2023-05-09 18:01:37,6.21526000,-75.58456833,3.80,1475.483,24.017,0.000,,17,45,,
T,2023-05-09 18:01:38,6.21526500,-75.58456167,3.80,1475.483,24.017,0.000,,18,45,,
T,2023-05-09 18:01:39,6.21526667,-75.58455667,3.70,1475.583,24.017,0.000,,18,45,,
T,2023-05-09 18:01:40,6.21527167,-75.58454833,3.70,1475.583,24.017,0.000,,18,45,,
T,2023-05-09 18:01:41,6.21527000,-75.58454500,3.70,1475.583,24.017,0.000,,18,44,,
T,2023-05-09 18:01:42,6.21527167,-75.58454167,3.70,1475.583,24.017,0.000,,18,44,,
T,2023-05-09 18:01:43,6.21527167,-75.58454167,3.70,1475.583,24.017,0.000,,17,45,,
T,2023-05-09 18:01:44,6.21527167,-75.58454167,3.80,1475.583,24.017,0.000,,16,45,,
T,2023-05-09 18:01:45,6.21527167,-75.58454167,3.80,1475.583,24.017,0.000,,14,45,,
T,2023-05-09 18:01:46,6.21527167,-75.58454167,3.90,1475.583,24.017,0.000,,13,45,,
T,2023-05-09 18:01:47,6.21527167,-75.58454167,3.80,1475.583,24.017,0.000,,15,45,,
T,2023-05-09 18:01:48,6.21527167,-75.58454167,3.70,1475.583,24.017,0.000,,17,45,,
T,2023-05-09 18:01:49,6.21527167,-75.58454167,3.60,1475.583,24.017,0.000,,19,45,,
T,2023-05-09 18:01:50,6.21527167,-75.58454167,3.50,1475.583,24.017,0.000,,20,45,,
T,2023-05-09 18:01:51,6.21527167,-75.58454167,3.50,1475.583,24.017,0.000,,22,45,,
T,2023-05-09 18:01:52,6.21527167,-75.58454167,3.20,1475.583,24.017,0.000,,23,45,,
T,2023-05-09 18:01:53,6.21527167,-75.58454167,2.80,1475.583,24.017,0.000,,24,45,,
T,2023-05-09 18:01:54,6.21527167,-75.58454167,2.40,1475.583,24.017,0.000,,26,45,,
T,2023-05-09 18:01:55,6.21527167,-75.58454167,2.20,1475.583,24.017,0.000,,26,45,,
T,2023-05-09 18:01:56,6.21527167,-75.58454167,2.00,1475.583,24.017,0.000,,25,45,,
T,2023-05-09 18:01:57,6.21526667,-75.58459833,2.00,1482.082,24.018,0.338,184,24,45,,
T,2023-05-09 18:01:58,6.21525667,-75.58459500,1.70,1482.682,24.018,0.409,174,23,45,,
T,2023-05-09 18:01:59,6.21524500,-75.58459000,1.70,1483.482,24.018,0.000,,24,45,,
T,2023-05-09 18:02:00,6.21524667,-75.58458667,1.70,1484.482,24.018,0.000,,26,45,,
T,2023-05-09 18:02:01,6.21524333,-75.58458000,1.50,1484.883,24.017,0.000,,28,45,,
T,2023-05-09 18:02:02,6.21524167,-75.58457333,1.50,1485.483,24.017,0.415,18,28,45,,
T,2023-05-09 18:02:03,6.21524000,-75.58457000,1.50,1485.483,24.017,0.431,35,28,45,,
T,2023-05-09 18:02:04,6.21524000,-75.58456833,1.50,1485.883,24.017,0.426,25,29,45,,
T,2023-05-09 18:02:05,6.21524167,-75.58456500,1.40,1486.383,24.017,0.405,25,29,45,,
T,2023-05-09 18:02:06,6.21524167,-75.58456167,1.40,1486.783,24.017,0.000,,29,45,,
T,2023-05-09 18:02:07,6.21524167,-75.58455833,1.40,1487.083,24.017,0.000,,29,45,,
T,2023-05-09 18:02:08,6.21524167,-75.58455500,1.40,1487.383,24.017,0.000,,29,45,,
T,2023-05-09 18:02:09,6.21524167,-75.58455500,1.40,1487.383,24.017,0.000,,29,45,,
T,2023-05-09 18:02:10,6.21524167,-75.58455500,1.40,1487.383,24.017,0.000,,29,45,,
T,2023-05-09 18:02:11,6.21524167,-75.58455500,1.40,1487.383,24.017,0.000,,29,45,,
T,2023-05-09 18:02:12,6.21524167,-75.58455500,1.40,1487.383,24.017,0.000,,29,45,,
T,2023-05-09 18:02:13,6.21524167,-75.58455500,1.60,1487.383,24.017,0.000,,29,45,,
T,2023-05-09 18:02:14,6.21524167,-75.58455500,1.50,1487.383,24.017,0.000,,28,45,,
T,2023-05-09 18:02:15,6.21524167,-75.58455500,1.60,1487.383,24.017,0.000,,28,45,,
T,2023-05-09 18:02:16,6.21524167,-75.58455500,1.60,1487.383,24.017,0.000,,28,45,,
T,2023-05-09 18:02:17,6.21524167,-75.58455500,1.50,1487.383,24.017,0.000,,28,45,,
T,2023-05-09 18:02:18,6.21524167,-75.58455500,1.50,1487.383,24.017,0.000,,27,45,,
T,2023-05-09 18:02:19,6.21524167,-75.58455500,1.50,1487.383,24.017,0.000,,27,45,,
T,2023-05-09 18:02:20,6.21524167,-75.58455500,1.40,1487.383,24.017,0.000,,27,45,,
T,2023-05-09 18:02:21,6.21524167,-75.58455500,1.40,1487.383,24.017,0.000,,28,45,,
T,2023-05-09 18:02:22,6.21524167,-75.58455500,1.40,1487.383,24.017,0.000,,28,45,,
T,2023-05-09 18:02:23,6.21524167,-75.58455500,1.40,1487.383,24.017,0.000,,28,45,,
T,2023-05-09 18:02:24,6.21524167,-75.58455500,1.40,1487.383,24.017,0.000,,28,45,,
T,2023-05-09 18:02:25,6.21522333,-75.58453667,1.40,1495.683,24.017,0.171,256,28,45,,
T,2023-05-09 18:02:26,6.21521667,-75.58454833,1.50,1496.483,24.017,0.295,238,28,45,,
T,2023-05-09 18:02:27,6.21521167,-75.58456333,1.60,1497.283,24.017,0.407,240,28,45,,
T,2023-05-09 18:02:28,6.21520333,-75.58457500,1.60,1498.082,24.018,0.526,233,28,45,,
T,2023-05-09 18:02:29,6.21519500,-75.58458500,1.70,1498.382,24.018,0.656,248,29,45,,
T,2023-05-09 18:02:30,6.21519667,-75.58459167,1.70,1498.182,24.018,0.759,257,28,45,,
T,2023-05-09 18:02:31,6.21519500,-75.58460000,1.60,1498.182,24.018,0.889,267,28,45,,
T,2023-05-09 18:02:32,6.21519333,-75.58461000,1.70,1497.782,24.018,0.987,267,29,45,,
T,2023-05-09 18:02:33,6.21519333,-75.58461833,1.70,1497.282,24.018,1.076,267,29,45,,
T,2023-05-09 18:02:34,6.21519000,-75.58462333,1.70,1496.982,24.018,1.155,264,28,45,,
T,2023-05-09 18:02:35,6.21518667,-75.58463333,1.80,1496.882,24.018,1.211,248,29,45,,
T,2023-05-09 18:02:36,6.21518167,-75.58464333,1.90,1496.782,24.018,0.000,,27,45,,
T,2023-05-09 18:02:37,6.21518000,-75.58465333,2.10,1496.782,24.018,0.000,,26,45,,
T,2023-05-09 18:02:38,6.21517333,-75.58466000,2.20,1496.682,24.018,0.000,,25,45,,
T,2023-05-09 18:02:39,6.21516833,-75.58466667,2.40,1496.482,24.018,1.131,231,25,45,,
T,2023-05-09 18:02:40,6.21516333,-75.58467000,2.40,1496.682,24.018,0.000,,25,45,,
T,2023-05-09 18:02:41,6.21516000,-75.58467167,2.40,1496.782,24.018,1.135,229,26,45,,
T,2023-05-09 18:02:42,6.21516000,-75.58466667,2.40,1496.882,24.018,1.128,223,25,45,,
T,2023-05-09 18:02:43,6.21515833,-75.58465667,2.40,1497.182,24.018,1.095,239,23,45,,
T,2023-05-09 18:02:44,6.21515833,-75.58465667,2.40,1497.282,24.018,1.019,248,22,45,,
T,2023-05-09 18:02:45,6.21516000,-75.58465833,2.40,1497.282,24.018,0.911,269,23,45,,
T,2023-05-09 18:02:46,6.21515667,-75.58466500,2.40,1497.282,24.018,0.854,266,24,45,,
T,2023-05-09 18:02:47,6.21515667,-75.58466333,2.50,1497.382,24.018,0.780,237,23,45,,
T,2023-05-09 18:02:48,6.21515667,-75.58466000,2.50,1497.782,24.018,0.000,,23,45,,
T,2023-05-09 18:02:49,6.21516167,-75.58465167,2.60,1498.182,24.018,0.000,,21,45,,
T,2023-05-09 18:02:50,6.21516500,-75.58464500,2.60,1498.282,24.018,0.000,,20,45,,
T,2023-05-09 18:02:51,6.21516667,-75.58464833,2.50,1498.082,24.018,0.000,,21,45,,
T,2023-05-09 18:02:52,6.21516500,-75.58465000,2.50,1497.982,24.018,0.000,,22,45,,
T,2023-05-09 18:02:53,6.21517000,-75.58464833,2.50,1497.682,24.018,0.000,,22,45,,
T,2023-05-09 18:02:54,6.21516667,-75.58464833,2.50,1497.682,24.018,0.000,,22,45,,
T,2023-05-09 18:02:55,6.21516667,-75.58465667,2.50,1497.582,24.018,0.000,,22,45,,
T,2023-05-09 18:02:56,6.21516500,-75.58465667,2.50,1497.482,24.018,0.000,,22,45,,
T,2023-05-09 18:02:57,6.21516500,-75.58465667,2.40,1497.482,24.018,0.000,,24,45,,
T,2023-05-09 18:02:58,6.21516500,-75.58465667,2.50,1497.482,24.018,0.000,,23,45,,
T,2023-05-09 18:02:59,6.21516500,-75.58465667,2.40,1497.482,24.018,0.000,,23,45,,
T,2023-05-09 18:03:00,6.21516500,-75.58465667,2.30,1497.482,24.018,0.000,,22,45,,
T,2023-05-09 18:03:01,6.21516500,-75.58465667,2.30,1497.482,24.018,0.000,,22,45,,
T,2023-05-09 18:03:02,6.21516500,-75.58465667,2.30,1497.482,24.018,0.000,,22,45,,
T,2023-05-09 18:03:03,6.21516500,-75.58464667,2.30,1497.682,24.018,0.000,,22,45,,
T,2023-05-09 18:03:04,6.21516833,-75.58464000,2.20,1497.582,24.018,0.000,,24,45,,
T,2023-05-09 18:03:05,6.21517167,-75.58463333,2.20,1497.582,24.018,0.000,,24,45,,
T,2023-05-09 18:03:06,6.21517333,-75.58463167,2.20,1497.482,24.018,0.000,,25,45,,
T,2023-05-09 18:03:07,6.21517333,-75.58463167,2.20,1497.482,24.018,0.000,,25,45,,
T,2023-05-09 18:03:08,6.21517333,-75.58463167,2.20,1497.482,24.018,0.000,,25,45,,
T,2023-05-09 18:03:09,6.21517333,-75.58463167,2.20,1497.482,24.018,0.000,,25,45,,
T,2023-05-09 18:03:10,6.21517333,-75.58463167,2.20,1497.482,24.018,0.000,,25,45,,
T,2023-05-09 18:03:11,6.21517333,-75.58463167,2.20,1497.482,24.018,0.000,,24,45,,
T,2023-05-09 18:03:12,6.21517333,-75.58463167,2.10,1497.482,24.018,0.000,,25,45,,
T,2023-05-09 18:03:13,6.21517667,-75.58462000,2.10,1495.982,24.018,0.358,70,25,45,,
T,2023-05-09 18:03:14,6.21517667,-75.58461667,2.10,1495.982,24.018,0.000,,25,45,,
T,2023-05-09 18:03:15,6.21518167,-75.58461333,2.10,1496.382,24.018,0.000,,24,45,,
T,2023-05-09 18:03:16,6.21518333,-75.58460833,2.10,1496.582,24.018,0.410,72,24,45,,
T,2023-05-09 18:03:17,6.21518500,-75.58460000,2.10,1496.782,24.018,0.493,82,24,45,,
T,2023-05-09 18:03:18,6.21518000,-75.58458333,2.20,1496.882,24.018,0.619,107,25,45,,
T,2023-05-09 18:03:19,6.21515833,-75.58454667,2.20,1497.183,24.017,0.959,120,24,45,,
T,2023-05-09 18:03:20,6.21513500,-75.58450500,2.30,1497.383,24.017,1.394,118,24,45,,
T,2023-05-09 18:03:21,6.21511167,-75.58445500,2.60,1497.683,24.017,5.615,115,23,45,,
T,2023-05-09 18:03:22,6.21508333,-75.58439500,2.70,1497.883,24.017,6.546,117,22,45,,
T,2023-05-09 18:03:23,6.21505333,-75.58433333,2.90,1498.283,24.017,7.004,118,22,45,,
T,2023-05-09 18:03:24,6.21502167,-75.58425833,2.80,1499.084,24.016,7.368,117,23,45,,
T,2023-05-09 18:03:25,6.21498500,-75.58419167,2.60,1499.284,24.016,7.384,120,24,45,,
T,2023-05-09 18:03:26,6.21495500,-75.58413167,2.60,1499.984,24.016,7.375,115,21,45,,
T,2023-05-09 18:03:27,6.21493000,-75.58407333,2.60,1500.485,24.015,5.708,112,20,45,,
T,2023-05-09 18:03:28,6.21491333,-75.58402833,2.60,1500.885,24.015,4.685,109,21,45,,
T,2023-05-09 18:03:29,6.21488833,-75.58401333,2.50,1500.985,24.015,3.342,116,22,45,,
T,2023-05-09 18:03:30,6.21489500,-75.58399833,2.50,1500.685,24.015,2.530,102,23,45,,
T,2023-05-09 18:03:31,6.21490500,-75.58398167,2.50,1500.385,24.015,2.883,74,22,45,,
T,2023-05-09 18:03:32,6.21492000,-75.58396500,2.50,1500.085,24.015,2.527,67,21,45,,
T,2023-05-09 18:03:33,6.21493500,-75.58395000,2.50,1499.685,24.015,3.084,44,22,45,,
T,2023-05-09 18:03:34,6.21497333,-75.58393000,2.50,1498.485,24.015,3.740,40,23,45,,
T,2023-05-09 18:03:35,6.21502333,-75.58390167,2.50,1497.386,24.014,4.958,35,24,45,,
T,2023-05-09 18:03:36,6.21507667,-75.58386833,2.60,1496.086,24.014,5.622,39,25,45,,
T,2023-05-09 18:03:37,6.21512667,-75.58384167,2.60,1494.386,24.014,5.748,35,24,45,,
T,2023-05-09 18:03:38,6.21518000,-75.58381333,2.60,1493.486,24.014,6.103,30,24,45,,
T,2023-05-09 18:03:39,6.21524333,-75.58377833,2.50,1492.887,24.013,6.813,29,24,45,,
T,2023-05-09 18:03:40,6.21530667,-75.58373167,2.60,1492.387,24.013,7.649,29,24,45,,
T,2023-05-09 18:03:41,6.21537500,-75.58370000,2.60,1490.887,24.013,7.636,29,24,45,,
T,2023-05-09 18:03:42,6.21544333,-75.58366333,2.70,1489.888,24.012,7.616,28,23,45,,
T,2023-05-09 18:03:43,6.21551000,-75.58364000,2.60,1488.988,24.012,7.212,25,22,45,,
T,2023-05-09 18:03:44,6.21557000,-75.58361000,2.60,1488.188,24.012,7.174,28,22,45,,
T,2023-05-09 18:03:45,6.21562833,-75.58358333,2.50,1487.588,24.012,6.974,28,23,45,,
T,2023-05-09 18:03:46,6.21569167,-75.58357167,2.40,1489.089,24.011,6.389,27,21,45,,
T,2023-05-09 18:03:47,6.21574167,-75.58355333,2.40,1487.989,24.011,5.600,26,22,45,,
T,2023-05-09 18:03:48,6.21578167,-75.58355000,2.40,1487.589,24.011,4.183,21,25,45,,
T,2023-05-09 18:03:49,6.21579833,-75.58354833,2.40,1487.089,24.011,2.557,10,25,45,,
T,2023-05-09 18:03:50,6.21580333,-75.58355000,2.40,1486.689,24.011,1.448,10,26,45,,
T,2023-05-09 18:03:51,6.21579833,-75.58355000,2.30,1485.989,24.011,0.000,,25,45,,
T,2023-05-09 18:03:52,6.21580167,-75.58354667,2.40,1485.489,24.011,0.000,,25,45,,
T,2023-05-09 18:03:53,6.21579500,-75.58354000,2.20,1485.489,24.011,0.000,,26,45,,
T,2023-05-09 18:03:54,6.21579500,-75.58351333,2.10,1486.289,24.011,2.479,66,27,45,,
T,2023-05-09 18:03:55,6.21579167,-75.58347833,2.10,1486.789,24.011,2.948,86,26,45,,
T,2023-05-09 18:03:56,6.21578000,-75.58343333,2.10,1486.890,24.010,3.994,94,27,45,,
T,2023-05-09 18:03:57,6.21575333,-75.58337167,2.20,1487.890,24.010,5.557,107,27,45,,
T,2023-05-09 18:03:58,6.21571167,-75.58329667,2.30,1488.290,24.010,7.336,115,27,45,,
T,2023-05-09 18:03:59,6.21566167,-75.58320833,2.30,1488.390,24.010,9.153,117,26,45,,
T,2023-05-09 18:04:00,6.21561333,-75.58312500,2.30,1488.291,24.009,9.531,118,25,45,,
T,2023-05-09 18:04:01,6.21556667,-75.58304667,2.30,1488.391,24.009,9.287,119,25,45,,
T,2023-05-09 18:04:02,6.21551833,-75.58297167,2.20,1488.491,24.009,9.138,120,25,45,,
T,2023-05-09 18:04:03,6.21547667,-75.58289333,2.10,1488.692,24.008,9.035,118,26,45,,
T,2023-05-09 18:04:04,6.21544000,-75.58282167,2.00,1488.992,24.008,8.607,116,27,45,,
T,2023-05-09 18:04:05,6.21540333,-75.58275167,1.90,1489.492,24.008,7.924,118,27,45,,
T,2023-05-09 18:04:06,6.21537000,-75.58269167,1.90,1489.893,24.007,7.361,119,26,45,,
T,2023-05-09 18:04:07,6.21533833,-75.58263333,1.80,1490.493,24.007,6.545,119,26,45,,
T,2023-05-09 18:04:08,6.21531500,-75.58258167,1.80,1490.893,24.007,5.981,114,26,45,,
T,2023-05-09 18:04:09,6.21529333,-75.58253167,2.00,1491.393,24.007,5.328,118,26,45,,
T,2023-05-09 18:04:10,6.21527667,-75.58249000,1.90,1491.593,24.007,4.529,119,27,45,,
T,2023-05-09 18:04:11,6.21525833,-75.58245333,2.00,1491.494,24.006,4.225,122,27,45,,
T,2023-05-09 18:04:12,6.21524000,-75.58241833,2.00,1491.594,24.006,4.228,123,28,45,,
T,2023-05-09 18:04:13,6.21521833,-75.58238500,2.00,1491.694,24.006,4.635,117,28,45,,
T,2023-05-09 18:04:14,6.21520333,-75.58234500,1.90,1491.494,24.006,4.662,111,27,45,,
T,2023-05-09 18:04:15,6.21518833,-75.58230500,1.90,1491.694,24.006,4.380,111,26,45,,
T,2023-05-09 18:04:16,6.21517333,-75.58227333,1.90,1491.994,24.006,4.086,113,27,45,,
T,2023-05-09 18:04:17,6.21515833,-75.58224833,1.80,1492.494,24.006,2.862,120,28,45,,
T,2023-05-09 18:04:18,6.21514833,-75.58223333,1.80,1492.795,24.005,1.820,124,28,45,,
T,2023-05-09 18:04:19,6.21513833,-75.58222167,1.80,1492.995,24.005,1.273,124,29,45,,
T,2023-05-09 18:04:20,6.21513500,-75.58221833,1.80,1493.595,24.005,0.000,,29,45,,
T,2023-05-09 18:04:21,6.21513333,-75.58221333,1.80,1494.095,24.005,0.000,,29,45,,
T,2023-05-09 18:04:22,6.21513167,-75.58221167,1.70,1493.895,24.005,0.000,,29,45,,
T,2023-05-09 18:04:23,6.21513167,-75.58221167,1.70,1493.895,24.005,0.000,,29,45,,
T,2023-05-09 18:04:24,6.21513167,-75.58221167,1.70,1493.895,24.005,0.000,,29,45,,
T,2023-05-09 18:04:25,6.21513167,-75.58221167,1.70,1493.895,24.005,0.000,,29,45,,
T,2023-05-09 18:04:26,6.21513167,-75.58221167,1.70,1493.895,24.005,0.000,,29,45,,
T,2023-05-09 18:04:27,6.21507667,-75.58217500,1.80,1493.895,24.005,3.901,149,29,45,,
T,2023-05-09 18:04:28,6.21504000,-75.58215333,1.80,1494.095,24.005,4.798,152,29,45,,
T,2023-05-09 18:04:29,6.21499333,-75.58212333,1.80,1494.295,24.005,6.261,150,28,45,,
T,2023-05-09 18:04:30,6.21493333,-75.58209000,2.10,1494.795,24.005,7.399,155,28,45,,
T,2023-05-09 18:04:31,6.21485500,-75.58205500,2.20,1495.995,24.005,8.596,160,28,45,,
T,2023-05-09 18:04:32,6.21476833,-75.58201833,2.30,1497.095,24.005,10.237,156,27,45,,
T,2023-05-09 18:04:33,6.21468500,-75.58198000,2.30,1497.595,24.005,9.856,145,27,45,,
T,2023-05-09 18:04:34,6.21460500,-75.58192833,2.30,1496.895,24.005,9.644,145,24,45,,
T,2023-05-09 18:04:35,6.21453500,-75.58187833,2.40,1496.795,24.005,8.511,141,24,45,,
T,2023-05-09 18:04:36,6.21449667,-75.58180000,2.70,1496.696,24.004,9.137,115,23,45,,
T,2023-05-09 18:04:37,6.21450167,-75.58169500,2.60,1496.896,24.004,9.833,98,23,45,,
T,2023-05-09 18:04:38,6.21453000,-75.58157500,2.50,1497.197,24.003,11.144,88,22,45,,
T,2023-05-09 18:04:39,6.21455500,-75.58144833,2.30,1497.197,24.003,12.861,88,23,45,,
T,2023-05-09 18:04:40,6.21456833,-75.58131167,2.10,1496.998,24.002,14.091,95,25,45,,
T,2023-05-09 18:04:41,6.21455167,-75.58117667,1.90,1496.999,24.001,15.173,102,28,45,,
T,2023-05-09 18:04:42,6.21451833,-75.58103667,1.90,1497.000,24.000,16.160,107,28,45,,
T,2023-05-09 18:04:43,6.21447500,-75.58088833,1.90,1497.100,24.000,17.161,109,29,45,,
T,2023-05-09 18:04:44,6.21442500,-75.58073333,1.80,1496.901,23.999,17.731,109,28,45,,
T,2023-05-09 18:04:45,6.21437500,-75.58057833,1.80,1496.302,23.998,17.100,109,29,45,,
T,2023-05-09 18:04:46,6.21432500,-75.58043500,1.70,1495.802,23.998,15.807,111,29,45,,
T,2023-05-09 18:04:47,6.21427333,-75.58031000,1.70,1495.103,23.997,14.272,113,29,45,,
T,2023-05-09 18:04:48,6.21422667,-75.58020000,1.80,1494.803,23.997,12.611,112,28,45,,
T,2023-05-09 18:04:49,6.21418333,-75.58010333,1.80,1494.504,23.996,11.331,114,28,45,,
T,2023-05-09 18:04:50,6.21413500,-75.58001500,1.80,1494.504,23.996,11.190,120,28,45,,
T,2023-05-09 18:04:51,6.21407167,-75.57993500,1.80,1494.404,23.996,11.546,132,28,45,,
T,2023-05-09 18:04:52,6.21398833,-75.57986833,2.30,1494.105,23.995,11.693,141,27,45,,
T,2023-05-09 18:04:53,6.21389667,-75.57981000,2.50,1493.705,23.995,11.853,146,27,45,,
T,2023-05-09 18:04:54,6.21379667,-75.57975500,2.70,1493.705,23.995,12.493,147,27,45,,
T,2023-05-09 18:04:55,6.21368833,-75.57970000,2.50,1493.705,23.995,13.285,150,27,45,,
T,2023-05-09 18:04:56,6.21356667,-75.57964833,2.50,1493.705,23.995,13.593,151,26,45,,
T,2023-05-09 18:04:57,6.21345500,-75.57959167,2.40,1493.905,23.995,13.828,150,25,45,,
T,2023-05-09 18:04:58,6.21336000,-75.57952167,2.50,1493.705,23.995,13.603,145,25,45,,
T,2023-05-09 18:04:59,6.21325500,-75.57945333,2.40,1492.705,23.995,13.602,145,25,45,,
T,2023-05-09 18:05:00,6.21316500,-75.57938500,2.40,1491.506,23.994,12.269,144,25,45,,
T,2023-05-09 18:05:01,6.21307667,-75.57931500,2.50,1491.306,23.994,11.595,142,24,45,,
T,2023-05-09 18:05:02,6.21299667,-75.57925167,2.60,1490.706,23.994,11.363,142,24,45,,
T,2023-05-09 18:05:03,6.21291667,-75.57919500,2.70,1490.306,23.994,11.355,146,24,45,,
T,2023-05-09 18:05:04,6.21283833,-75.57914667,2.70,1490.106,23.994,10.697,149,23,45,,
T,2023-05-09 18:05:05,6.21274833,-75.57909833,2.80,1490.906,23.994,11.070,148,23,45,,
T,2023-05-09 18:05:06,6.21267167,-75.57903833,2.50,1491.406,23.994,10.919,147,26,45,,
T,2023-05-09 18:05:07,6.21258500,-75.57898000,2.30,1491.907,23.993,11.502,148,25,45,,
T,2023-05-09 18:05:08,6.21249000,-75.57892333,2.30,1492.407,23.993,12.336,149,25,45,,
T,2023-05-09 18:05:09,6.21239167,-75.57886167,2.50,1493.707,23.993,12.767,153,23,45,,
T,2023-05-09 18:05:10,6.21228500,-75.57881833,2.60,1494.807,23.993,13.054,158,23,45,,
T,2023-05-09 18:05:11,6.21217333,-75.57878000,2.70,1495.207,23.993,11.589,160,23,45,,
T,2023-05-09 18:05:12,6.21208500,-75.57874500,2.50,1495.707,23.993,9.620,159,23,45,,
T,2023-05-09 18:05:13,6.21201667,-75.57872667,2.40,1495.807,23.993,8.465,164,23,45,,
T,2023-05-09 18:05:14,6.21195833,-75.57871500,2.30,1495.807,23.993,7.518,173,24,45,,
T,2023-05-09 18:05:15,6.21191000,-75.57871333,2.30,1496.207,23.993,6.347,177,24,45,,
T,2023-05-09 18:05:16,6.21186333,-75.57871333,2.40,1495.907,23.993,4.683,179,24,45,,
T,2023-05-09 18:05:17,6.21183000,-75.57870833,2.30,1495.406,23.994,3.227,180,24,45,,
T,2023-05-09 18:05:18,6.21180000,-75.57870667,2.20,1495.306,23.994,3.500,177,27,45,,
T,2023-05-09 18:05:19,6.21176333,-75.57870500,2.10,1494.906,23.994,4.364,175,27,45,,
T,2023-05-09 18:05:20,6.21172333,-75.57870833,2.00,1494.306,23.994,4.501,170,27,45,,
T,2023-05-09 18:05:21,6.21167833,-75.57870500,1.90,1493.406,23.994,5.318,175,28,45,,
T,2023-05-09 18:05:22,6.21162833,-75.57870167,2.00,1492.506,23.994,5.798,177,29,45,,
T,2023-05-09 18:05:23,6.21157833,-75.57870333,1.90,1491.806,23.994,5.184,182,29,45,,
T,2023-05-09 18:05:24,6.21153333,-75.57870833,2.00,1491.206,23.994,4.488,186,28,45,,
T,2023-05-09 18:05:25,6.21149000,-75.57871167,2.10,1491.006,23.994,4.750,186,28,45,,
T,2023-05-09 18:05:26,6.21144500,-75.57871833,2.10,1490.806,23.994,5.554,190,28,45,,
T,2023-05-09 18:05:27,6.21139000,-75.57872667,2.20,1490.606,23.994,6.521,188,28,45,,
T,2023-05-09 18:05:28,6.21133333,-75.57874333,2.30,1490.205,23.995,6.836,195,28,45,,
T,2023-05-09 18:05:29,6.21127167,-75.57876000,2.10,1489.705,23.995,7.054,193,29,45,,
T,2023-05-09 18:05:30,6.21121333,-75.57877667,2.20,1490.105,23.995,6.411,193,29,45,,
T,2023-05-09 18:05:31,6.21115333,-75.57878333,2.20,1490.505,23.995,6.726,189,29,45,,
T,2023-05-09 18:05:32,6.21109333,-75.57878667,2.10,1490.805,23.995,7.020,188,29,45,,
T,2023-05-09 18:05:33,6.21103000,-75.57879000,2.00,1490.904,23.996,7.110,187,28,45,,
T,2023-05-09 18:05:34,6.21097000,-75.57880000,2.00,1491.304,23.996,7.084,192,27,45,,
T,2023-05-09 18:05:35,6.21091667,-75.57881000,1.90,1491.804,23.996,6.366,194,27,45,,
T,2023-05-09 18:05:36,6.21086167,-75.57882333,2.10,1491.504,23.996,5.606,188,25,45,,
T,2023-05-09 18:05:37,6.21080833,-75.57883333,2.00,1491.204,23.996,6.053,190,26,45,,
T,2023-05-09 18:05:38,6.21075167,-75.57884500,1.90,1491.304,23.996,6.564,189,28,45,,
T,2023-05-09 18:05:39,6.21069333,-75.57885500,2.10,1490.903,23.997,6.927,187,27,45,,
T,2023-05-09 18:05:40,6.21063000,-75.57886167,2.10,1491.103,23.997,7.698,187,27,45,,
T,2023-05-09 18:05:41,6.21055833,-75.57886833,2.20,1490.903,23.997,7.558,187,26,45,,
T,2023-05-09 18:05:42,6.21049333,-75.57887833,2.20,1491.103,23.997,7.190,188,27,45,,
T,2023-05-09 18:05:43,6.21043333,-75.57889000,2.20,1491.403,23.997,6.097,189,29,45,,
T,2023-05-09 18:05:44,6.21038000,-75.57889667,2.20,1491.003,23.997,5.929,192,28,45,,
T,2023-05-09 18:05:45,6.21031833,-75.57891000,2.10,1491.402,23.998,7.331,192,28,45,,
T,2023-05-09 18:05:46,6.21024333,-75.57892333,2.20,1491.302,23.998,8.494,190,28,45,,
T,2023-05-09 18:05:47,6.21016500,-75.57893500,2.30,1491.802,23.998,9.351,190,28,45,,
T,2023-05-09 18:05:48,6.21007167,-75.57894500,2.30,1492.002,23.998,9.854,188,28,45,,
T,2023-05-09 18:05:49,6.20998167,-75.57895500,2.30,1491.902,23.998,10.001,189,28,45,,
T,2023-05-09 18:05:50,6.20988833,-75.57896000,2.40,1492.401,23.999,9.660,187,28,45,,
T,2023-05-09 18:05:51,6.20980000,-75.57896833,2.40,1492.801,23.999,9.012,187,28,45,,
T,2023-05-09 18:05:52,6.20972000,-75.57897667,1.90,1493.101,23.999,8.877,187,28,45,,
T,2023-05-09 18:05:53,6.20964500,-75.57898667,2.10,1493.501,23.999,8.357,189,28,45,,
T,2023-05-09 18:05:54,6.20956833,-75.57900000,2.20,1494.301,23.999,8.106,188,28,45,,
T,2023-05-09 18:05:55,6.20949333,-75.57901167,2.30,1494.900,24.000,8.374,188,26,45,,
T,2023-05-09 18:05:56,6.20941500,-75.57901833,2.30,1495.300,24.000,8.922,190,26,45,,
T,2023-05-09 18:05:57,6.20932667,-75.57903167,2.30,1496.100,24.000,9.479,189,28,45,,
T,2023-05-09 18:05:58,6.20924167,-75.57905500,2.30,1496.600,24.000,9.647,188,28,45,,
T,2023-05-09 18:05:59,6.20915667,-75.57905667,2.20,1496.899,24.001,9.858,185,28,45,,
T,2023-05-09 18:06:00,6.20907000,-75.57906500,2.10,1496.999,24.001,9.999,188,27,45,,
T,2023-05-09 18:06:01,6.20897667,-75.57907667,2.20,1496.299,24.001,10.620,189,26,45,,
T,2023-05-09 18:06:02,6.20887667,-75.57909333,2.10,1495.799,24.001,10.929,190,27,45,,
T,2023-05-09 18:06:03,6.20877667,-75.57911000,2.20,1495.398,24.002,11.221,187,27,45,,
T,2023-05-09 18:06:04,6.20867167,-75.57912500,2.30,1495.198,24.002,11.638,188,27,45,,
T,2023-05-09 18:06:05,6.20857167,-75.57913500,2.10,1494.798,24.002,11.935,189,27,45,,
T,2023-05-09 18:06:06,6.20846333,-75.57915000,2.20,1494.498,24.002,11.940,189,27,45,,
T,2023-05-09 18:06:07,6.20835667,-75.57916500,2.00,1494.397,24.003,11.828,189,29,45,,
T,2023-05-09 18:06:08,6.20825167,-75.57918000,1.90,1494.597,24.003,11.741,188,29,45,,
T,2023-05-09 18:06:09,6.20814500,-75.57919333,2.20,1494.697,24.003,11.152,188,29,45,,
T,2023-05-09 18:06:10,6.20804500,-75.57921333,2.00,1494.496,24.004,11.427,189,28,45,,
T,2023-05-09 18:06:11,6.20794167,-75.57923167,2.20,1494.096,24.004,11.928,189,28,45,,
T,2023-05-09 18:06:12,6.20783167,-75.57924667,2.00,1493.696,24.004,12.351,190,29,45,,
T,2023-05-09 18:06:13,6.20772000,-75.57926500,1.90,1493.696,24.004,12.501,188,29,45,,
T,2023-05-09 18:06:14,6.20760667,-75.57928000,2.20,1494.195,24.005,12.373,189,29,45,,
T,2023-05-09 18:06:15,6.20749500,-75.57929333,2.30,1494.395,24.005,12.794,187,28,45,,
T,2023-05-09 18:06:16,6.20738333,-75.57930333,2.40,1494.395,24.005,12.685,187,28,45,,
T,2023-05-09 18:06:17,6.20726833,-75.57932333,2.50,1494.794,24.006,13.275,190,29,45,,
T,2023-05-09 18:06:18,6.20715000,-75.57934500,2.50,1495.194,24.006,13.104,190,29,45,,
T,2023-05-09 18:06:19,6.20702667,-75.57937000,2.50,1495.494,24.006,14.250,189,29,45,,
T,2023-05-09 18:06:20,6.20689833,-75.57939167,2.30,1495.093,24.007,14.216,189,29,45,,
T,2023-05-09 18:06:21,6.20676833,-75.57940833,2.00,1495.293,24.007,14.204,189,29,45,,
T,2023-05-09 18:06:22,6.20663833,-75.57943333,1.90,1493.893,24.007,14.210,189,28,45,,
T,2023-05-09 18:06:23,6.20651000,-75.57945833,1.80,1493.092,24.008,14.438,190,28,45,,
T,2023-05-09 18:06:24,6.20637333,-75.57947667,2.20,1493.792,24.008,14.907,191,28,45,,
T,2023-05-09 18:06:25,6.20623833,-75.57950500,2.30,1494.991,24.009,15.393,190,28,45,,
T,2023-05-09 18:06:26,6.20610000,-75.57952833,2.40,1495.691,24.009,15.421,189,28,45,,
T,2023-05-09 18:06:27,6.20596167,-75.57955000,2.20,1496.191,24.009,15.760,190,28,45,,
T,2023-05-09 18:06:28,6.20582167,-75.57957167,2.40,1496.290,24.010,15.921,189,28,45,,
T,2023-05-09 18:06:29,6.20568167,-75.57959500,2.20,1496.590,24.010,15.790,189,28,45,,
T,2023-05-09 18:06:30,6.20554000,-75.57961833,2.10,1495.689,24.011,15.987,188,27,45,,
T,2023-05-09 18:06:31,6.20540167,-75.57964667,2.30,1495.789,24.011,15.949,190,28,45,,
T,2023-05-09 18:06:32,6.20526333,-75.57966667,2.30,1495.689,24.011,15.830,190,28,45,,
T,2023-05-09 18:06:33,6.20512000,-75.57968333,2.30,1496.188,24.012,15.993,188,27,45,,
T,2023-05-09 18:06:34,6.20496833,-75.57969500,2.40,1496.088,24.012,16.008,189,27,45,,
T,2023-05-09 18:06:35,6.20482333,-75.57971667,2.20,1496.288,24.012,15.972,190,28,45,,
T,2023-05-09 18:06:36,6.20467667,-75.57974000,2.40,1497.187,24.013,16.077,189,28,45,,
T,2023-05-09 18:06:37,6.20453667,-75.57976333,2.30,1499.187,24.013,15.896,188,28,45,,
T,2023-05-09 18:06:38,6.20440000,-75.57979000,2.40,1499.986,24.014,15.754,190,28,45,,
T,2023-05-09 18:06:39,6.20426000,-75.57981333,2.60,1499.786,24.014,15.447,188,28,45,,
T,2023-05-09 18:06:40,6.20412500,-75.57983167,2.50,1499.486,24.014,14.668,187,27,45,,
T,2023-05-09 18:06:41,6.20399667,-75.57985167,2.40,1498.785,24.015,14.264,188,23,45,,
T,2023-05-09 18:06:42,6.20386333,-75.57987333,2.30,1497.985,24.015,14.654,188,24,45,,
T,2023-05-09 18:06:43,6.20373333,-75.57989000,2.20,1497.485,24.015,14.273,188,24,45,,
T,2023-05-09 18:06:44,6.20360667,-75.57991000,2.20,1496.684,24.016,13.965,190,27,45,,
T,2023-05-09 18:06:45,6.20347667,-75.57992833,2.40,1495.684,24.016,13.340,189,27,45,,
T,2023-05-09 18:06:46,6.20337000,-75.57993500,2.50,1495.884,24.016,12.585,187,28,45,,
T,2023-05-09 18:06:47,6.20325667,-75.57994333,2.50,1495.483,24.017,12.612,188,29,45,,
T,2023-05-09 18:06:48,6.20313833,-75.57996667,2.20,1494.683,24.017,12.832,188,29,45,,
T,2023-05-09 18:06:49,6.20302500,-75.57999000,2.30,1494.683,24.017,12.943,189,28,45,,
T,2023-05-09 18:06:50,6.20291333,-75.58001000,2.20,1494.082,24.018,12.925,190,28,45,,
T,2023-05-09 18:06:51,6.20279667,-75.58002833,2.20,1493.782,24.018,12.730,189,28,45,,
T,2023-05-09 18:06:52,6.20268333,-75.58004667,2.30,1494.082,24.018,12.944,188,28,45,,
T,2023-05-09 18:06:53,6.20257167,-75.58006500,2.10,1494.881,24.019,13.336,187,28,45,,
T,2023-05-09 18:06:54,6.20245000,-75.58007333,2.20,1497.581,24.019,13.759,187,28,45,,
T,2023-05-09 18:06:55,6.20232167,-75.58008500,2.20,1497.781,24.019,14.200,188,28,45,,
T,2023-05-09 18:06:56,6.20219167,-75.58010000,2.30,1497.180,24.020,14.444,187,28,45,,
T,2023-05-09 18:06:57,6.20206000,-75.58011667,2.30,1497.380,24.020,14.631,186,28,45,,
T,2023-05-09 18:06:58,6.20193000,-75.58014000,2.30,1497.980,24.020,14.365,187,28,45,,
T,2023-05-09 18:06:59,6.20180500,-75.58015333,2.10,1498.679,24.021,13.454,186,28,45,,
T,2023-05-09 18:07:00,6.20168667,-75.58016833,2.00,1498.679,24.021,12.785,186,28,45,,
T,2023-05-09 18:07:01,6.20157000,-75.58017667,1.90,1498.579,24.021,12.975,186,28,45,,
T,2023-05-09 18:07:02,6.20145000,-75.58019000,2.20,1498.879,24.021,13.341,185,28,45,,
T,2023-05-09 18:07:03,6.20133000,-75.58020333,2.20,1499.178,24.022,13.729,186,28,45,,
T,2023-05-09 18:07:04,6.20120833,-75.58021833,2.30,1499.978,24.022,14.154,187,28,45,,
T,2023-05-09 18:07:05,6.20108000,-75.58023667,2.10,1499.978,24.022,14.343,187,28,45,,
T,2023-05-09 18:07:06,6.20095000,-75.58025167,2.00,1500.177,24.023,14.259,187,28,45,,
T,2023-05-09 18:07:07,6.20082000,-75.58027667,2.20,1499.377,24.023,14.514,187,28,45,,
T,2023-05-09 18:07:08,6.20069333,-75.58029667,2.20,1499.677,24.023,14.992,189,28,45,,
T,2023-05-09 18:07:09,6.20055500,-75.58031833,2.30,1500.176,24.024,15.111,189,28,45,,
T,2023-05-09 18:07:10,6.20041500,-75.58032833,2.40,1500.276,24.024,15.288,190,28,45,,
T,2023-05-09 18:07:11,6.20028167,-75.58035000,2.40,1500.675,24.025,15.288,191,28,45,,
T,2023-05-09 18:07:12,6.20014833,-75.58038500,2.40,1498.475,24.025,15.160,191,27,45,,
T,2023-05-09 18:07:13,6.20002000,-75.58041667,2.20,1498.275,24.025,15.180,190,27,45,,
T,2023-05-09 18:07:14,6.19989000,-75.58044667,2.40,1498.574,24.026,15.268,192,27,45,,
T,2023-05-09 18:07:15,6.19975333,-75.58048000,2.50,1498.574,24.026,15.160,192,27,45,,
T,2023-05-09 18:07:16,6.19962167,-75.58050667,2.30,1498.573,24.027,15.164,190,27,45,,
T,2023-05-09 18:07:17,6.19949500,-75.58053667,2.50,1499.173,24.027,15.108,191,27,45,,
T,2023-05-09 18:07:18,6.19937500,-75.58057500,2.50,1499.773,24.027,13.062,193,27,45,,
T,2023-05-09 18:07:19,6.19927333,-75.58059500,2.60,1499.572,24.028,11.114,194,27,45,,
T,2023-05-09 18:07:20,6.19918167,-75.58060500,2.60,1499.572,24.028,10.328,194,26,45,,
T,2023-05-09 18:07:21,6.19909500,-75.58061833,2.50,1499.572,24.028,10.128,194,25,45,,
T,2023-05-09 18:07:22,6.19900167,-75.58063167,2.50,1499.371,24.029,10.213,193,27,45,,
T,2023-05-09 18:07:23,6.19891333,-75.58065833,2.40,1499.571,24.029,10.350,193,27,45,,
T,2023-05-09 18:07:24,6.19882500,-75.58068000,2.50,1499.871,24.029,10.208,193,27,45,,
T,2023-05-09 18:07:25,6.19873000,-75.58069833,2.60,1499.971,24.029,10.625,191,26,45,,
T,2023-05-09 18:07:26,6.19864667,-75.58072500,2.60,1501.070,24.030,10.512,194,26,45,,
T,2023-05-09 18:07:27,6.19854833,-75.58075167,2.40,1502.070,24.030,10.021,197,24,45,,
T,2023-05-09 18:07:28,6.19846333,-75.58077167,2.40,1502.570,24.030,9.557,198,24,45,,
T,2023-05-09 18:07:29,6.19838167,-75.58078500,2.40,1502.369,24.031,10.078,196,25,45,,
T,2023-05-09 18:07:30,6.19829500,-75.58080667,2.40,1501.969,24.031,10.394,198,25,45,,
T,2023-05-09 18:07:31,6.19819833,-75.58083667,2.40,1501.869,24.031,11.062,199,25,45,,
T,2023-05-09 18:07:32,6.19810333,-75.58086833,2.60,1502.369,24.031,11.270,199,25,45,,
T,2023-05-09 18:07:33,6.19801000,-75.58090500,2.60,1502.468,24.032,11.685,200,25,44,,
T,2023-05-09 18:07:34,6.19790667,-75.58095500,2.50,1502.068,24.032,11.539,199,26,44,,
T,2023-05-09 18:07:35,6.19780167,-75.58099500,2.40,1502.267,24.033,11.883,199,26,44,,
T,2023-05-09 18:07:36,6.19770333,-75.58103667,2.40,1502.567,24.033,11.860,203,27,44,,
T,2023-05-09 18:07:37,6.19760167,-75.58107667,2.40,1502.766,24.034,12.157,201,27,44,,
T,2023-05-09 18:07:38,6.19750000,-75.58111667,2.50,1503.266,24.034,12.404,202,27,44,,
T,2023-05-09 18:07:39,6.19739500,-75.58116000,2.50,1503.666,24.034,11.061,199,27,44,,
T,2023-05-09 18:07:40,6.19730667,-75.58119667,2.50,1503.465,24.035,10.458,201,28,44,,
T,2023-05-09 18:07:41,6.19721833,-75.58122833,2.40,1503.765,24.035,10.310,201,28,44,,
T,2023-05-09 18:07:42,6.19713333,-75.58126000,2.40,1503.565,24.035,10.076,203,28,44,,
T,2023-05-09 18:07:43,6.19705000,-75.58128833,2.40,1503.464,24.036,9.411,201,26,44,,
T,2023-05-09 18:07:44,6.19697667,-75.58132000,2.40,1503.264,24.036,8.663,204,26,44,,
T,2023-05-09 18:07:45,6.19690667,-75.58135500,2.40,1502.864,24.036,8.875,203,28,44,,
T,2023-05-09 18:07:46,6.19683500,-75.58138667,2.40,1502.863,24.037,8.855,202,28,44,,
T,2023-05-09 18:07:47,6.19676333,-75.58141500,2.40,1502.363,24.037,8.475,199,28,44,,
T,2023-05-09 18:07:48,6.19669500,-75.58144333,2.40,1502.263,24.037,8.042,202,28,44,,
T,2023-05-09 18:07:49,6.19663333,-75.58146500,2.40,1502.163,24.037,6.983,206,27,44,,
T,2023-05-09 18:07:50,6.19658667,-75.58148167,2.40,1501.762,24.038,5.209,203,27,44,,
T,2023-05-09 18:07:51,6.19654667,-75.58149667,2.00,1501.562,24.038,3.942,203,26,44,,
T,2023-05-09 18:07:52,6.19652167,-75.58150333,2.10,1501.862,24.038,3.617,193,26,44,,
T,2023-05-09 18:07:53,6.19649500,-75.58151500,2.20,1502.262,24.038,3.498,198,27,44,,
T,2023-05-09 18:07:54,6.19646500,-75.58152833,2.20,1502.562,24.038,4.321,198,27,44,,
T,2023-05-09 18:07:55,6.19643000,-75.58154667,2.20,1502.962,24.038,5.072,204,27,44,,
T,2023-05-09 18:07:56,6.19638333,-75.58156500,2.30,1503.262,24.038,6.122,204,28,44,,
T,2023-05-09 18:07:57,6.19632333,-75.58157833,2.30,1503.461,24.039,6.956,201,27,44,,
T,2023-05-09 18:07:58,6.19626167,-75.58160167,2.30,1503.761,24.039,7.707,204,27,44,,
T,2023-05-09 18:07:59,6.19619833,-75.58163333,2.40,1503.861,24.039,7.938,201,27,44,,
T,2023-05-09 18:08:00,6.19613333,-75.58166500,2.40,1503.961,24.039,7.932,204,27,44,,
T,2023-05-09 18:08:01,6.19607000,-75.58169500,2.40,1504.060,24.040,7.036,205,27,44,,
T,2023-05-09 18:08:02,6.19601333,-75.58171667,2.40,1503.460,24.040,6.459,202,27,44,,
T,2023-05-09 18:08:03,6.19596000,-75.58173667,2.40,1502.960,24.040,5.835,204,26,44,,
T,2023-05-09 18:08:04,6.19591500,-75.58175000,2.30,1502.860,24.040,5.317,203,26,44,,
T,2023-05-09 18:08:05,6.19587333,-75.58176667,2.40,1502.759,24.041,5.318,202,27,44,,
T,2023-05-09 18:08:06,6.19583167,-75.58177833,2.30,1504.759,24.041,5.409,206,27,44,,
T,2023-05-09 18:08:07,6.19578167,-75.58179167,2.30,1505.059,24.041,5.895,203,26,44,,
T,2023-05-09 18:08:08,6.19573667,-75.58180667,2.20,1505.159,24.041,5.090,206,26,44,,
T,2023-05-09 18:08:09,6.19570167,-75.58182667,2.10,1505.059,24.041,4.205,204,26,44,,
T,2023-05-09 18:08:10,6.19566500,-75.58184333,2.20,1505.359,24.041,4.700,204,25,44,,
T,2023-05-09 18:08:11,6.19562667,-75.58185833,2.40,1505.459,24.041,4.714,196,25,44,,
T,2023-05-09 18:08:12,6.19558667,-75.58186500,2.40,1506.058,24.042,4.075,194,25,44,,
T,2023-05-09 18:08:13,6.19555500,-75.58187167,2.50,1506.058,24.042,4.218,201,24,44,,
T,2023-05-09 18:08:14,6.19552000,-75.58188000,2.50,1506.058,24.042,4.220,198,23,44,,
T,2023-05-09 18:08:15,6.19549167,-75.58188667,2.60,1506.158,24.042,3.205,198,22,44,,
T,2023-05-09 18:08:16,6.19546667,-75.58188833,2.70,1506.058,24.042,2.496,188,23,44,,
T,2023-05-09 18:08:17,6.19544167,-75.58188833,2.80,1506.158,24.042,2.473,182,22,43,,
T,2023-05-09 18:08:18,6.19540667,-75.58189000,2.90,1505.458,24.042,2.099,189,20,44,,
T,2023-05-09 18:08:19,6.19538500,-75.58189333,3.00,1505.158,24.042,1.693,201,18,44,,
T,2023-05-09 18:08:20,6.19537667,-75.58189833,3.20,1505.058,24.042,1.040,201,17,44,,
T,2023-05-09 18:08:21,6.19535833,-75.58190667,3.20,1504.858,24.042,1.683,228,18,44,,
T,2023-05-09 18:08:22,6.19534000,-75.58192167,3.10,1505.058,24.042,1.983,230,19,44,,
T,2023-05-09 18:08:23,6.19530833,-75.58195167,2.90,1505.357,24.043,3.221,223,21,44,,
T,2023-05-09 18:08:24,6.19527333,-75.58198667,2.80,1505.557,24.043,4.175,218,21,44,,
T,2023-05-09 18:08:25,6.19522833,-75.58201167,2.80,1505.557,24.043,4.518,208,20,44,,
T,2023-05-09 18:08:26,6.19517000,-75.58204667,2.80,1505.657,24.043,5.797,206,19,44,,
T,2023-05-09 18:08:27,6.19508333,-75.58210333,2.80,1506.056,24.044,8.158,210,20,44,,
T,2023-05-09 18:08:28,6.19500500,-75.58217167,2.80,1506.256,24.044,8.805,221,21,44,,
T,2023-05-09 18:08:29,6.19494500,-75.58225500,2.80,1506.155,24.045,8.709,224,24,44,,
T,2023-05-09 18:08:30,6.19489500,-75.58234667,2.80,1506.155,24.045,8.964,230,24,44,,
T,2023-05-09 18:08:31,6.19486667,-75.58245833,2.70,1506.254,24.046,9.548,242,26,44,,
T,2023-05-09 18:08:32,6.19487833,-75.58257333,2.90,1506.253,24.047,9.969,256,25,44,,
T,2023-05-09 18:08:33,6.19494333,-75.58268333,2.90,1506.653,24.047,10.138,272,25,44,,
T,2023-05-09 18:08:34,6.19502833,-75.58276167,3.00,1507.153,24.047,9.900,289,24,44,,
T,2023-05-09 18:08:35,6.19513167,-75.58280333,3.10,1507.553,24.047,9.178,302,23,44,,
T,2023-05-09 18:08:36,6.19524000,-75.58281500,3.10,1507.753,24.047,8.445,316,23,44,,
T,2023-05-09 18:08:37,6.19535333,-75.58280333,3.10,1507.353,24.047,8.029,334,24,44,,
T,2023-05-09 18:08:38,6.19544333,-75.58277667,3.10,1506.653,24.047,7.539,345,23,44,,
T,2023-05-09 18:08:39,6.19551500,-75.58273167,3.00,1505.754,24.046,6.819,358,23,44,,
T,2023-05-09 18:08:40,6.19555167,-75.58267500,3.00,1505.254,24.046,5.776,15,22,44,,
T,2023-05-09 18:08:41,6.19556667,-75.58259000,3.00,1504.455,24.045,5.488,44,21,44,,
T,2023-05-09 18:08:42,6.19555167,-75.58248833,2.90,1504.155,24.045,5.628,73,23,44,,
T,2023-05-09 18:08:43,6.19551500,-75.58239500,2.80,1503.255,24.045,7.084,91,23,44,,
T,2023-05-09 18:08:44,6.19545333,-75.58228333,2.60,1501.756,24.044,9.301,102,23,44,,
T,2023-05-09 18:08:45,6.19540167,-75.58216167,2.50,1499.856,24.044,11.529,106,24,44,,
T,2023-05-09 18:08:46,6.19535500,-75.58203500,2.40,1497.757,24.043,12.166,107,26,44,,
T,2023-05-09 18:08:47,6.19531167,-75.58190333,2.40,1495.458,24.042,12.594,107,26,44,,
T,2023-05-09 18:08:48,6.19528000,-75.58177833,2.20,1494.058,24.042,12.504,107,27,44,,
T,2023-05-09 18:08:49,6.19524333,-75.58165167,2.20,1494.259,24.041,11.949,106,30,44,,
T,2023-05-09 18:08:50,6.19520667,-75.58152333,2.20,1495.359,24.041,11.462,105,30,44,,
T,2023-05-09 18:08:51,6.19517167,-75.58139500,2.30,1496.460,24.040,11.361,106,30,44,,
T,2023-05-09 18:08:52,6.19513667,-75.58126833,2.30,1497.561,24.039,11.381,108,30,44,,
T,2023-05-09 18:08:53,6.19510000,-75.58115500,2.10,1499.461,24.039,10.257,106,31,44,,
T,2023-05-09 18:08:54,6.19507333,-75.58106000,2.00,1501.262,24.038,9.006,108,31,44,,
T,2023-05-09 18:08:55,6.19504833,-75.58097667,2.00,1503.062,24.038,7.824,109,31,44,,
T,2023-05-09 18:08:56,6.19502333,-75.58091000,1.90,1504.462,24.038,7.037,119,30,44,,
T,2023-05-09 18:08:57,6.19498167,-75.58086333,1.90,1505.562,24.038,6.594,136,30,44,,
T,2023-05-09 18:08:58,6.19492500,-75.58083667,2.10,1506.662,24.038,6.609,152,30,44,,
T,2023-05-09 18:08:59,6.19486667,-75.58083667,2.20,1507.762,24.038,5.926,172,29,44,,
T,2023-05-09 18:09:00,6.19481333,-75.58086167,2.30,1508.562,24.038,5.744,193,28,44,,
T,2023-05-09 18:09:01,6.19477333,-75.58089000,2.30,1509.662,24.038,4.961,196,29,44,,
T,2023-05-09 18:09:02,6.19474167,-75.58093500,2.40,1510.362,24.038,5.090,214,29,44,,
T,2023-05-09 18:09:03,6.19472667,-75.58098333,2.40,1511.061,24.039,3.998,230,28,44,,
T,2023-05-09 18:09:04,6.19472000,-75.58102333,2.40,1511.461,24.039,3.350,243,28,44,,
T,2023-05-09 18:09:05,6.19473833,-75.58106167,2.40,1511.761,24.039,2.960,265,27,44,,
T,2023-05-09 18:09:06,6.19475833,-75.58108667,2.30,1511.961,24.039,1.607,282,27,44,,
T,2023-05-09 18:09:07,6.19477167,-75.58110333,2.20,1511.861,24.039,0.000,,28,44,,
T,2023-05-09 18:09:08,6.19478167,-75.58110667,2.10,1511.961,24.039,0.000,,27,44,,
T,2023-05-09 18:09:09,6.19478333,-75.58111333,2.00,1512.161,24.039,0.000,,28,44,,
T,2023-05-09 18:09:10,6.19478333,-75.58111333,2.00,1512.161,24.039,0.000,,26,44,,
T,2023-05-09 18:09:11,6.19478333,-75.58111333,2.00,1512.161,24.039,0.000,,26,44,,
T,2023-05-09 18:09:12,6.19478333,-75.58111333,2.00,1512.161,24.039,0.000,,28,44,,
T,2023-05-09 18:09:13,6.19478333,-75.58111333,1.20,1512.161,24.039,0.000,,27,44,,
T,2023-05-09 18:09:14,6.19478333,-75.58111333,1.00,1512.161,24.039,0.000,,27,44,,
T,2023-05-09 18:09:15,6.19478333,-75.58111333,1.00,1512.161,24.039,0.000,,28,44,,
T,2023-05-09 18:09:16,6.19478333,-75.58111333,1.20,1512.161,24.039,0.000,,28,44,,
T,2023-05-09 18:09:17,6.19478333,-75.58111333,1.40,1512.161,24.039,0.000,,27,44,,
T,2023-05-09 18:09:18,6.19478333,-75.58111333,1.60,1512.161,24.039,0.000,,28,44,,
T,2023-05-09 18:09:19,6.19478333,-75.58111333,1.80,1512.161,24.039,0.000,,28,44,,
T,2023-05-09 18:09:20,6.19485333,-75.58114000,1.90,1512.461,24.039,2.433,358,28,44,,
T,2023-05-09 18:09:21,6.19488167,-75.58114167,2.00,1512.261,24.039,2.875,7,28,44,,
T,2023-05-09 18:09:22,6.19491667,-75.58114000,2.10,1512.061,24.039,3.649,7,27,44,,
T,2023-05-09 18:09:23,6.19496333,-75.58113000,2.20,1511.961,24.039,5.045,19,27,44,,
T,2023-05-09 18:09:24,6.19501667,-75.58111000,2.40,1511.761,24.039,6.115,24,27,44,,
T,2023-05-09 18:09:25,6.19507333,-75.58108333,2.50,1511.761,24.039,6.701,27,24,44,,
T,2023-05-09 18:09:26,6.19512667,-75.58105500,2.80,1511.662,24.038,8.714,24,23,44,,
T,2023-05-09 18:09:27,6.19521333,-75.58100833,3.60,1510.962,24.038,10.128,23,21,44,,
T,2023-05-09 18:09:28,6.19538333,-75.58096000,3.30,1508.263,24.037,12.003,19,18,44,,
T,2023-05-09 18:09:29,6.19552167,-75.58090833,3.00,1507.463,24.037,12.673,20,20,44,,
T,2023-05-09 18:09:30,6.19564833,-75.58086833,3.00,1507.164,24.036,13.154,20,19,44,,
T,2023-05-09 18:09:31,6.19576000,-75.58083167,2.80,1505.464,24.036,13.475,19,21,44,,
T,2023-05-09 18:09:32,6.19587833,-75.58078833,2.70,1504.065,24.035,14.483,19,22,44,,
T,2023-05-09 18:09:33,6.19600500,-75.58073833,2.60,1503.565,24.035,14.798,21,22,44,,
T,2023-05-09 18:09:34,6.19613833,-75.58067500,2.40,1503.066,24.034,15.754,24,23,44,,
T,2023-05-09 18:09:35,6.19627333,-75.58060500,2.30,1503.166,24.034,16.262,25,23,44,,
T,2023-05-09 18:09:36,6.19641000,-75.58054167,2.30,1503.567,24.033,16.527,22,23,44,,
T,2023-05-09 18:09:37,6.19655333,-75.58049167,2.20,1503.167,24.033,16.843,21,22,44,,
T,2023-05-09 18:09:38,6.19669667,-75.58044500,2.20,1502.468,24.032,16.682,23,24,44,,
T,2023-05-09 18:09:39,6.19683833,-75.58039333,2.20,1501.469,24.031,15.929,21,24,44,,
T,2023-05-09 18:09:40,6.19696333,-75.58034500,2.10,1500.469,24.031,13.679,20,25,44,,
T,2023-05-09 18:09:41,6.19706833,-75.58029500,2.00,1499.469,24.031,12.594,26,27,44,,
T,2023-05-09 18:09:42,6.19715333,-75.58023500,2.00,1498.370,24.030,11.381,31,27,44,,
T,2023-05-09 18:09:43,6.19722500,-75.58019000,1.90,1497.170,24.030,9.368,30,27,44,,
T,2023-05-09 18:09:44,6.19727833,-75.58015000,1.80,1495.571,24.029,7.659,33,29,44,,
T,2023-05-09 18:09:45,6.19732333,-75.58011333,1.80,1495.271,24.029,6.484,44,29,44,,
T,2023-05-09 18:09:46,6.19734833,-75.58007500,1.90,1495.071,24.029,5.823,60,28,44,,
T,2023-05-09 18:09:47,6.19735667,-75.58002333,1.90,1494.871,24.029,6.228,79,27,44,,
T,2023-05-09 18:09:48,6.19734667,-75.57996833,2.20,1494.772,24.028,6.651,92,26,44,,
T,2023-05-09 18:09:49,6.19732167,-75.57990333,2.30,1494.972,24.028,7.691,99,26,44,,
T,2023-05-09 18:09:50,6.19730333,-75.57983000,2.40,1494.872,24.028,8.526,101,26,44,,
T,2023-05-09 18:09:51,6.19728667,-75.57975333,2.30,1495.673,24.027,9.218,99,26,44,,
T,2023-05-09 18:09:52,6.19727333,-75.57967333,2.20,1495.873,24.027,8.970,99,25,44,,
T,2023-05-09 18:09:53,6.19727000,-75.57958833,2.40,1497.074,24.026,8.982,96,25,44,,
T,2023-05-09 18:09:54,6.19725833,-75.57950167,2.30,1496.974,24.026,9.718,102,25,44,,
T,2023-05-09 18:09:55,6.19723833,-75.57941167,2.10,1497.474,24.026,9.756,99,25,44,,
T,2023-05-09 18:09:56,6.19722500,-75.57931833,2.10,1497.575,24.025,10.379,98,25,44,,
T,2023-05-09 18:09:57,6.19720333,-75.57922333,2.10,1496.275,24.025,10.397,99,25,44,,
T,2023-05-09 18:09:58,6.19718000,-75.57913333,2.10,1496.176,24.024,9.863,103,21,44,,
T,2023-05-09 18:09:59,6.19715500,-75.57905000,2.10,1494.776,24.024,8.802,101,25,44,,
T,2023-05-09 18:10:00,6.19714500,-75.57899000,2.20,1495.376,24.024,7.062,102,26,44,,
T,2023-05-09 18:10:01,6.19712500,-75.57894667,2.30,1495.677,24.023,5.868,108,26,44,,
T,2023-05-09 18:10:02,6.19709333,-75.57894000,2.50,1495.677,24.023,4.551,127,25,44,,
T,2023-05-09 18:10:03,6.19705667,-75.57894000,2.50,1495.877,24.023,3.883,140,27,44,,
T,2023-05-09 18:10:04,6.19702167,-75.57894167,2.50,1496.176,24.024,3.922,151,27,44,,
T,2023-05-09 18:10:05,6.19695500,-75.57896333,2.60,1496.476,24.024,5.171,172,25,44,,
T,2023-05-09 18:10:06,6.19688167,-75.57899667,2.80,1497.276,24.024,6.196,183,23,44,,
T,2023-05-09 18:10:07,6.19679333,-75.57904833,2.90,1496.975,24.025,7.660,194,23,44,,
T,2023-05-09 18:10:08,6.19669167,-75.57911333,2.70,1497.275,24.025,9.310,203,23,44,,
T,2023-05-09 18:10:09,6.19661000,-75.57916667,2.60,1496.974,24.026,9.117,203,21,44,,
T,2023-05-09 18:10:10,6.19653167,-75.57920667,2.60,1497.374,24.026,8.999,205,21,44,,
T,2023-05-09 18:10:11,6.19645333,-75.57923500,2.60,1497.874,24.026,9.158,199,23,44,,
T,2023-05-09 18:10:12,6.19637167,-75.57926333,2.60,1498.274,24.026,8.239,195,21,44,,
T,2023-05-09 18:10:13,6.19630167,-75.57928500,2.70,1498.673,24.027,6.972,199,22,44,,
T,2023-05-09 18:10:14,6.19624667,-75.57930833,2.60,1499.073,24.027,5.777,203,22,44,,
T,2023-05-09 18:10:15,6.19620833,-75.57933333,2.70,1498.873,24.027,3.962,206,22,44,,
T,2023-05-09 18:10:16,6.19618167,-75.57934500,2.70,1499.373,24.027,2.906,209,22,44,,
T,2023-05-09 18:10:17,6.19616333,-75.57935167,2.60,1499.673,24.027,1.922,198,22,44,,
T,2023-05-09 18:10:18,6.19614333,-75.57935500,2.50,1500.073,24.027,1.682,183,22,44,,
T,2023-05-09 18:10:19,6.19613167,-75.57934833,2.50,1500.173,24.027,1.517,141,21,44,,
T,2023-05-09 18:10:20,6.19612500,-75.57933667,2.50,1500.173,24.027,0.000,,22,44,,
T,2023-05-09 18:10:21,6.19612500,-75.57933167,2.50,1499.573,24.027,0.000,,21,44,,
T,2023-05-09 18:10:22,6.19612667,-75.57932833,2.50,1499.373,24.027,0.000,,19,44,,
T,2023-05-09 18:10:23,6.19612667,-75.57932833,2.60,1499.373,24.027,0.000,,20,44,,
T,2023-05-09 18:10:24,6.19612667,-75.57932833,2.60,1499.373,24.027,0.000,,21,44,,
T,2023-05-09 18:10:25,6.19616167,-75.57931500,2.60,1498.473,24.027,0.112,141,19,44,,
T,2023-05-09 18:10:26,6.19616000,-75.57932667,2.60,1498.373,24.027,0.108,141,19,44,,
T,2023-05-09 18:10:27,6.19615167,-75.57933833,2.50,1498.473,24.027,0.000,,19,44,,
T,2023-05-09 18:10:28,6.19615167,-75.57934000,2.50,1498.673,24.027,0.000,,20,44,,
T,2023-05-09 18:10:29,6.19615333,-75.57934000,2.50,1498.773,24.027,0.000,,20,44,,
T,2023-05-09 18:10:30,6.19615333,-75.57934000,2.40,1498.773,24.027,0.000,,20,44,,
T,2023-05-09 18:10:31,6.19615333,-75.57934000,2.30,1498.773,24.027,0.000,,20,44,,
T,2023-05-09 18:10:32,6.19615333,-75.57934000,2.30,1498.773,24.027,0.000,,23,44,,
T,2023-05-09 18:10:33,6.19615333,-75.57934000,1.20,1498.773,24.027,0.000,,22,44,,
T,2023-05-09 18:10:34,6.19615333,-75.57934000,1.10,1498.773,24.027,0.000,,22,44,,
T,2023-05-09 18:10:35,6.19615333,-75.57934000,1.00,1498.773,24.027,0.000,,21,44,,
T,2023-05-09 18:10:36,6.19615333,-75.57934000,1.00,1498.773,24.027,0.000,,22,44,,
T,2023-05-09 18:10:37,6.19615333,-75.57934000,1.30,1498.773,24.027,0.000,,23,44,,
T,2023-05-09 18:10:38,6.19615333,-75.57934000,1.50,1498.773,24.027,0.000,,23,44,,
T,2023-05-09 18:10:39,6.19615333,-75.57934000,1.60,1498.773,24.027,0.000,,23,44,,
T,2023-05-09 18:10:40,6.19615333,-75.57934000,1.70,1498.773,24.027,0.000,,23,44,,
T,2023-05-09 18:10:41,6.19615333,-75.57934000,1.70,1498.773,24.027,0.000,,25,44,,
T,2023-05-09 18:10:42,6.19615333,-75.57934000,1.10,1498.773,24.027,0.000,,25,44,,
T,2023-05-09 18:10:43,6.19615333,-75.57934000,1.00,1498.773,24.027,0.000,,25,44,,
T,2023-05-09 18:10:44,6.19615333,-75.57934000,1.00,1498.773,24.027,0.000,,25,44,,
T,2023-05-09 18:10:45,6.19615333,-75.57934000,1.20,1498.773,24.027,0.000,,25,44,,
T,2023-05-09 18:10:46,6.19615333,-75.57934000,1.30,1498.773,24.027,0.000,,25,44,,
T,2023-05-09 18:10:47,6.19615333,-75.57934000,1.30,1498.773,24.027,0.000,,25,44,,
T,2023-05-09 18:10:48,6.19615333,-75.57934000,1.40,1498.773,24.027,0.000,,25,44,,
T,2023-05-09 18:10:49,6.19615333,-75.57934000,1.10,1498.773,24.027,0.000,,24,44,,
T,2023-05-09 18:10:50,6.19615333,-75.57934000,1.00,1498.773,24.027,0.000,,24,44,,
T,2023-05-09 18:10:51,6.19615333,-75.57934000,1.00,1498.773,24.027,0.000,,24,44,,
T,2023-05-09 18:10:52,6.19615333,-75.57934000,1.00,1498.773,24.027,0.000,,24,44,,
T,2023-05-09 18:10:53,6.19615333,-75.57934000,1.00,1498.773,24.027,0.000,,24,44,,
T,2023-05-09 18:10:54,6.19615333,-75.57934000,1.00,1498.773,24.027,0.000,,24,44,,
T,2023-05-09 18:10:55,6.19615333,-75.57934000,1.00,1498.773,24.027,0.000,,24,44,,
T,2023-05-09 18:10:56,6.19615333,-75.57934000,1.00,1498.773,24.027,0.000,,25,44,,
T,2023-05-09 18:10:57,6.19615333,-75.57934000,1.20,1498.773,24.027,0.000,,23,44,,
T,2023-05-09 18:10:58,6.19615333,-75.57934000,1.40,1498.773,24.027,0.000,,22,44,,
T,2023-05-09 18:10:59,6.19615333,-75.57934000,1.50,1498.773,24.027,0.000,,22,44,,
T,2023-05-09 18:11:00,6.19615333,-75.57934000,1.60,1498.773,24.027,0.000,,24,44,,
T,2023-05-09 18:11:01,6.19615333,-75.57934000,1.10,1498.773,24.027,0.000,,23,44,,
T,2023-05-09 18:11:02,6.19615333,-75.57934000,1.00,1498.773,24.027,0.000,,23,44,,
T,2023-05-09 18:11:03,6.19615333,-75.57934000,1.20,1498.773,24.027,0.000,,24,44,,
T,2023-05-09 18:11:04,6.19615333,-75.57934000,1.60,1498.773,24.027,0.000,,23,44,,
T,2023-05-09 18:11:05,6.19615333,-75.57934000,1.80,1498.773,24.027,0.000,,23,44,,
T,2023-05-09 18:11:06,6.19615333,-75.57934000,1.90,1498.773,24.027,0.000,,23,44,,
T,2023-05-09 18:11:07,6.19615333,-75.57934000,2.00,1498.773,24.027,0.000,,22,44,,
T,2023-05-09 18:11:08,6.19615333,-75.57934000,2.00,1498.773,24.027,0.000,,24,44,,
T,2023-05-09 18:11:09,6.19615333,-75.57934000,2.00,1498.773,24.027,0.000,,25,44,,
T,2023-05-09 18:11:10,6.19615333,-75.57934000,2.00,1498.773,24.027,0.000,,25,44,,
T,2023-05-09 18:11:11,6.19615333,-75.57934000,2.00,1498.773,24.027,0.000,,25,44,,
T,2023-05-09 18:11:12,6.19615333,-75.57934000,1.10,1498.773,24.027,0.000,,26,44,,
T,2023-05-09 18:11:13,6.19615333,-75.57934000,1.00,1498.773,24.027,0.000,,26,44,,
T,2023-05-09 18:11:14,6.19615333,-75.57934000,1.00,1498.773,24.027,0.000,,27,44,,
T,2023-05-09 18:11:15,6.19615333,-75.57934000,1.00,1498.773,24.027,0.000,,27,44,,
T,2023-05-09 18:11:16,6.19615333,-75.57934000,1.00,1498.773,24.027,0.000,,27,44,,
T,2023-05-09 18:11:17,6.19615333,-75.57934000,1.00,1498.773,24.027,0.000,,27,44,,
T,2023-05-09 18:11:18,6.19615333,-75.57934000,1.00,1498.773,24.027,0.000,,27,44,,
T,2023-05-09 18:11:19,6.19615333,-75.57934000,1.00,1498.773,24.027,0.000,,27,44,,
T,2023-05-09 18:11:20,6.19615333,-75.57934000,1.10,1498.773,24.027,0.000,,27,44,,
T,2023-05-09 18:11:21,6.19615333,-75.57934000,1.10,1498.773,24.027,0.000,,28,44,,
T,2023-05-09 18:11:22,6.19615333,-75.57934000,1.10,1498.773,24.027,0.000,,28,44,,
T,2023-05-09 18:11:23,6.19615333,-75.57934000,1.10,1498.773,24.027,0.000,,24,44,,
T,2023-05-09 18:11:24,6.19615333,-75.57934000,1.10,1498.773,24.027,0.000,,24,44,,
T,2023-05-09 18:11:25,6.19615333,-75.57934000,1.00,1498.773,24.027,0.000,,24,44,,
T,2023-05-09 18:11:26,6.19615333,-75.57934000,1.30,1498.773,24.027,0.000,,22,44,,
T,2023-05-09 18:11:27,6.19615333,-75.57934000,1.50,1498.773,24.027,0.000,,22,44,,
T,2023-05-09 18:11:28,6.19615333,-75.57934000,1.60,1498.773,24.027,0.000,,22,44,,
T,2023-05-09 18:11:29,6.19615333,-75.57934000,1.70,1498.773,24.027,0.000,,21,44,,
T,2023-05-09 18:11:30,6.19615333,-75.57934000,1.10,1498.773,24.027,0.000,,21,44,,
T,2023-05-09 18:11:31,6.19615333,-75.57934000,1.10,1498.773,24.027,0.000,,22,44,,
T,2023-05-09 18:11:32,6.19615333,-75.57934000,1.00,1498.773,24.027,0.000,,21,44,,
T,2023-05-09 18:11:33,6.19615333,-75.57934000,1.00,1498.773,24.027,0.000,,22,44,,
T,2023-05-09 18:11:34,6.19615333,-75.57934000,1.00,1498.773,24.027,0.000,,21,44,,
T,2023-05-09 18:11:35,6.19615333,-75.57934000,1.20,1498.773,24.027,0.000,,22,44,,
T,2023-05-09 18:11:36,6.19615333,-75.57934000,1.40,1498.773,24.027,0.000,,23,44,,
T,2023-05-09 18:11:37,6.19615333,-75.57934000,1.50,1498.773,24.027,0.000,,24,44,,
T,2023-05-09 18:11:38,6.19615333,-75.57934000,1.60,1498.773,24.027,0.000,,26,44,,
T,2023-05-09 18:11:39,6.19615333,-75.57934000,1.60,1498.773,24.027,0.000,,26,44,,
T,2023-05-09 18:11:40,6.19615333,-75.57934000,1.70,1498.773,24.027,0.000,,27,44,,
T,2023-05-09 18:11:41,6.19615333,-75.57934000,1.10,1498.773,24.027,0.000,,27,43,,
T,2023-05-09 18:11:42,6.19615333,-75.57934000,1.00,1498.773,24.027,0.000,,27,43,,
T,2023-05-09 18:11:43,6.19615333,-75.57934000,1.00,1498.773,24.027,0.000,,27,43,,
T,2023-05-09 18:11:44,6.19615333,-75.57934000,1.00,1498.773,24.027,0.000,,27,43,,
T,2023-05-09 18:11:45,6.19615333,-75.57934000,1.00,1498.773,24.027,0.000,,27,43,,
T,2023-05-09 18:11:46,6.19615333,-75.57934000,1.00,1498.773,24.027,0.000,,27,43,,
T,2023-05-09 18:11:47,6.19615333,-75.57934000,1.00,1498.773,24.027,0.000,,27,43,,
T,2023-05-09 18:11:48,6.19615333,-75.57934000,1.00,1498.773,24.027,0.000,,27,43,,
T,2023-05-09 18:11:49,6.19615333,-75.57934000,1.00,1498.773,24.027,0.000,,27,43,,
T,2023-05-09 18:11:50,6.19615333,-75.57934000,1.00,1498.773,24.027,0.000,,26,43,,
T,2023-05-09 18:11:51,6.19615333,-75.57934000,1.00,1498.773,24.027,0.000,,25,43,,
T,2023-05-09 18:11:52,6.19615333,-75.57934000,1.00,1498.773,24.027,0.000,,25,43,,
T,2023-05-09 18:11:53,6.19615333,-75.57934000,1.00,1498.773,24.027,0.000,,26,43,,
T,2023-05-09 18:11:54,6.19615333,-75.57934000,1.00,1498.773,24.027,0.000,,24,43,,
T,2023-05-09 18:11:55,6.19615333,-75.57934000,1.00,1498.773,24.027,0.000,,24,43,,
T,2023-05-09 18:11:56,6.19615333,-75.57934000,1.00,1498.773,24.027,0.000,,25,43,,
T,2023-05-09 18:11:57,6.19615333,-75.57934000,1.00,1498.773,24.027,0.000,,25,43,,
T,2023-05-09 18:11:58,6.19615333,-75.57934000,1.00,1498.773,24.027,0.000,,25,43,,
T,2023-05-09 18:11:59,6.19615333,-75.57934000,1.00,1498.773,24.027,0.000,,24,43,,
T,2023-05-09 18:12:00,6.19615333,-75.57934000,1.00,1498.773,24.027,0.000,,24,43,,
T,2023-05-09 18:12:01,6.19615333,-75.57934000,1.00,1498.773,24.027,0.000,,24,43,,
T,2023-05-09 18:12:02,6.19615333,-75.57934000,1.00,1498.773,24.027,0.000,,24,43,,
T,2023-05-09 18:12:03,6.19615333,-75.57934000,1.00,1498.773,24.027,0.000,,25,43,,
T,2023-05-09 18:12:04,6.19615333,-75.57934000,1.00,1498.773,24.027,0.000,,25,43,,
T,2023-05-09 18:12:05,6.19615333,-75.57934000,1.00,1498.773,24.027,0.000,,25,43,,
T,2023-05-09 18:12:06,6.19615333,-75.57934000,1.00,1498.773,24.027,0.000,,23,43,,
T,2023-05-09 18:12:07,6.19615333,-75.57934000,1.00,1498.773,24.027,0.000,,24,43,,
T,2023-05-09 18:12:08,6.19615333,-75.57934000,1.00,1498.773,24.027,0.000,,25,43,,
T,2023-05-09 18:12:09,6.19615333,-75.57934000,1.00,1498.773,24.027,0.000,,25,43,,
T,2023-05-09 18:12:10,6.19615333,-75.57934000,1.00,1498.773,24.027,0.000,,25,43,,
T,2023-05-09 18:12:11,6.19615333,-75.57934000,1.00,1498.773,24.027,0.000,,25,43,,
T,2023-05-09 18:12:12,6.19615333,-75.57934000,1.00,1498.773,24.027,0.000,,26,43,,
T,2023-05-09 18:12:13,6.19615333,-75.57934000,1.00,1498.773,24.027,0.000,,26,43,,
T,2023-05-09 18:12:14,6.19615333,-75.57934000,1.00,1498.773,24.027,0.000,,26,43,,
T,2023-05-09 18:12:15,6.19615333,-75.57934000,1.00,1498.773,24.027,0.000,,25,43,,
T,2023-05-09 18:12:16,6.19615333,-75.57934000,1.00,1498.773,24.027,0.000,,25,43,,
T,2023-05-09 18:12:17,6.19615333,-75.57934000,1.00,1498.773,24.027,0.000,,25,43,,
T,2023-05-09 18:12:18,6.19615333,-75.57934000,1.00,1498.773,24.027,0.000,,25,43,,
T,2023-05-09 18:12:19,6.19615333,-75.57934000,1.00,1498.773,24.027,0.000,,25,43,,
T,2023-05-09 18:12:20,6.19615333,-75.57934000,1.00,1498.773,24.027,0.000,,25,43,,
T,2023-05-09 18:12:21,6.19615333,-75.57934000,1.00,1498.773,24.027,0.000,,27,43,,
T,2023-05-09 18:12:22,6.19615333,-75.57934000,1.00,1498.773,24.027,0.000,,26,43,,
T,2023-05-09 18:12:23,6.19615333,-75.57934000,1.10,1498.773,24.027,0.000,,26,43,,
T,2023-05-09 18:12:24,6.19615333,-75.57934000,1.10,1498.773,24.027,0.000,,26,43,,
T,2023-05-09 18:12:25,6.19615333,-75.57934000,1.10,1498.773,24.027,0.000,,27,43,,
T,2023-05-09 18:12:26,6.19615333,-75.57934000,1.10,1498.773,24.027,0.000,,27,43,,
T,2023-05-09 18:12:27,6.19615333,-75.57934000,1.00,1498.773,24.027,0.000,,28,43,,
T,2023-05-09 18:12:28,6.19615333,-75.57934000,1.00,1498.773,24.027,0.000,,29,43,,
T,2023-05-09 18:12:29,6.19615333,-75.57934000,1.00,1498.773,24.027,0.000,,29,43,,
T,2023-05-09 18:12:30,6.19615333,-75.57934000,1.00,1498.773,24.027,0.000,,28,43,,
T,2023-05-09 18:12:31,6.19615333,-75.57934000,1.00,1498.773,24.027,0.000,,27,43,,
T,2023-05-09 18:12:32,6.19615333,-75.57934000,1.10,1498.773,24.027,0.000,,27,43,,
T,2023-05-09 18:12:33,6.19615333,-75.57934000,1.10,1498.773,24.027,0.000,,27,43,,
T,2023-05-09 18:12:34,6.19615333,-75.57934000,1.00,1498.773,24.027,0.000,,27,43,,
T,2023-05-09 18:12:35,6.19615333,-75.57934000,1.00,1498.773,24.027,0.000,,25,43,,
