type,date time,latitude,longitude,accuracy(m),altitude(m),geoid_height(m),speed(m/s),bearing(deg),sat_used,sat_inview,name,desc
T,2023-03-03 17:15:17,6.23742285,-75.59539840,5.36,1507.461,24.031,0.000,,10,32,20230303-121517,GPS Logger: 20230303-121517 - Akt_nkd125_ruta_4
T,2023-03-03 17:15:18,6.23740151,-75.59540195,5.36,1506.633,24.031,0.000,,10,32,,
T,2023-03-03 17:15:19,6.23740172,-75.59540417,5.36,1505.515,24.031,0.000,,10,32,,
T,2023-03-03 17:15:20,6.23740170,-75.59540409,6.43,1504.777,24.031,0.000,,10,32,,
T,2023-03-03 17:15:21,6.23740170,-75.59540409,8.58,1504.277,24.031,0.000,,10,32,,
T,2023-03-03 17:15:22,6.23740164,-75.59540400,11.79,1504.030,24.031,0.000,,10,32,,
T,2023-03-03 17:15:23,6.23740257,-75.59540417,12.86,1502.626,24.031,0.000,,10,32,,
T,2023-03-03 17:15:24,6.23740219,-75.59540410,12.86,1502.609,24.031,0.000,,10,32,,
T,2023-03-03 17:15:25,6.23740174,-75.59540396,12.86,1502.683,24.031,0.000,,9,31,,
T,2023-03-03 17:15:26,6.23740163,-75.59540397,12.86,1502.793,24.031,0.000,,7,31,,
T,2023-03-03 17:15:27,6.23740025,-75.59540299,12.86,1502.819,24.031,0.000,,7,31,,
T,2023-03-03 17:15:28,6.23740124,-75.59540363,11.79,1503.039,24.031,0.000,,7,31,,
T,2023-03-03 17:15:29,6.23740056,-75.59540314,11.79,1503.232,24.031,0.000,,9,31,,
T,2023-03-03 17:15:30,6.23740055,-75.59540312,12.86,1503.222,24.031,0.000,,10,31,,
T,2023-03-03 17:15:31,6.23740054,-75.59540312,15.01,1503.209,24.031,0.000,,10,31,,
T,2023-03-03 17:15:32,6.23740054,-75.59540312,18.22,1503.125,24.031,0.000,,9,31,,
T,2023-03-03 17:15:33,6.23740054,-75.59540312,22.51,1503.055,24.031,0.000,,9,31,,
T,2023-03-03 17:15:34,6.23740054,-75.59540311,26.80,1502.997,24.031,0.000,,7,32,,
T,2023-03-03 17:15:35,6.23740054,-75.59540311,34.30,1502.863,24.031,0.000,,6,32,,
T,2023-03-03 17:15:36,6.23740052,-75.59540311,36.45,1502.854,24.031,0.000,,2,32,,
T,2023-03-03 17:15:37,6.23740047,-75.59540311,28.94,1503.019,24.031,0.000,,5,31,,
T,2023-03-03 17:15:38,6.23740046,-75.59540310,30.02,1503.247,24.031,0.000,,7,32,,
T,2023-03-03 17:15:39,6.23740043,-75.59540310,30.02,1503.397,24.031,0.000,,7,32,,
T,2023-03-03 17:15:40,6.23740042,-75.59540309,31.09,1503.537,24.031,0.000,,7,32,,
T,2023-03-03 17:15:41,6.23740036,-75.59540305,26.80,1504.041,24.031,0.000,,7,32,,
T,2023-03-03 17:15:42,6.23740035,-75.59540301,30.02,1503.669,24.031,0.000,,9,32,,
T,2023-03-03 17:15:43,6.23740032,-75.59540306,25.73,1503.833,24.031,0.000,,8,32,,
T,2023-03-03 17:15:44,6.23740029,-75.59540305,26.80,1503.770,24.031,0.000,,8,32,,
T,2023-03-03 17:15:45,6.23740026,-75.59540310,27.87,1503.690,24.031,0.000,,8,32,,
T,2023-03-03 17:15:46,6.23739230,-75.59545542,27.87,1503.663,24.031,9.690,259,8,32,,
T,2023-03-03 17:15:47,6.23735475,-75.59558178,27.87,1503.922,24.032,9.580,259,8,32,,
T,2023-03-03 17:15:48,6.23748677,-75.59581875,25.73,1503.897,24.033,10.700,267,7,32,,
T,2023-03-03 17:15:49,6.23748337,-75.59591549,25.73,1504.067,24.033,10.700,267,8,32,,
T,2023-03-03 17:15:50,6.23747955,-75.59601211,26.80,1504.214,24.034,10.700,268,8,32,,
T,2023-03-03 17:15:51,6.23747584,-75.59610869,27.87,1504.357,24.034,10.700,268,8,32,,
T,2023-03-03 17:15:52,6.23747128,-75.59620511,30.02,1504.478,24.035,10.690,268,8,31,,
T,2023-03-03 17:15:53,6.23743982,-75.59627779,33.23,1504.250,24.035,10.290,266,7,32,,
T,2023-03-03 17:15:54,6.23742824,-75.59637003,38.59,1503.845,24.036,10.290,265,6,32,,
T,2023-03-03 17:15:55,6.23742075,-75.59646242,49.31,1503.090,24.036,10.280,265,2,32,,
T,2023-03-03 17:15:56,6.23742579,-75.59654437,61.10,1502.543,24.037,9.940,266,2,32,,
T,2023-03-03 17:15:57,6.23741236,-75.59664098,70.75,1502.367,24.037,9.950,266,4,32,,
T,2023-03-03 17:15:58,6.23742067,-75.59672704,78.26,1502.321,24.038,9.900,267,5,32,,
T,2023-03-03 17:15:59,6.23741521,-75.59681583,85.76,1502.283,24.038,9.890,267,6,32,,
T,2023-03-03 17:16:00,6.23755597,-75.59676463,86.83,1502.191,24.037,7.800,277,5,32,,
T,2023-03-03 17:16:01,6.23755511,-75.59678897,87.90,1502.121,24.038,6.800,277,4,32,,
T,2023-03-03 17:16:02,6.23756194,-75.59684968,96.48,1502.061,24.038,6.790,277,5,32,,
T,2023-03-03 17:16:03,6.23756874,-75.59691036,120.06,1501.751,24.038,6.790,277,4,32,,
T,2023-03-03 17:17:02,6.23710495,-75.59964947,16.08,1500.535,24.053,3.460,303,10,31,,
T,2023-03-03 17:17:03,6.23712213,-75.59967566,16.08,1500.532,24.053,3.460,303,10,31,,
T,2023-03-03 17:17:04,6.23724534,-75.59973367,12.86,1500.422,24.054,4.940,323,10,31,,
T,2023-03-03 17:17:05,6.23743567,-75.59981346,10.72,1500.119,24.054,7.860,335,11,31,,
T,2023-03-03 17:17:06,6.23751215,-75.59980773,10.72,1500.414,24.053,8.320,338,11,32,,
T,2023-03-03 17:17:07,6.23760617,-75.59981174,11.79,1500.418,24.053,7.780,341,11,31,,
T,2023-03-03 17:17:08,6.23769232,-75.59979278,11.79,1500.930,24.053,7.670,347,7,31,,
T,2023-03-03 17:17:09,6.23773237,-75.59982076,11.79,1501.071,24.053,6.160,342,9,31,,
T,2023-03-03 17:17:10,6.23777345,-75.59983338,11.79,1501.083,24.053,5.790,342,9,31,,
T,2023-03-03 17:17:11,6.23781894,-75.59984991,12.86,1501.072,24.053,5.220,339,10,31,,
T,2023-03-03 17:17:12,6.23786231,-75.59986710,15.01,1501.061,24.053,5.180,339,9,31,,
T,2023-03-03 17:17:13,6.23788795,-75.59987578,16.08,1501.339,24.053,4.350,339,9,31,,
T,2023-03-03 17:17:14,6.23792458,-75.59989009,18.22,1501.344,24.053,4.350,339,9,31,,
T,2023-03-03 17:17:15,6.23796053,-75.59990649,19.30,1501.348,24.053,4.380,337,6,31,,
T,2023-03-03 17:17:16,6.23799702,-75.59992172,22.51,1501.350,24.053,4.370,337,6,31,,
T,2023-03-03 17:17:17,6.23803348,-75.59993693,26.80,1501.343,24.053,4.370,337,5,32,,
T,2023-03-03 17:17:36,6.23754532,-75.60160280,27.87,1502.330,24.063,7.570,277,7,32,,
T,2023-03-03 17:17:37,6.23760979,-75.60176692,22.51,1502.216,24.063,8.650,282,8,32,,
T,2023-03-03 17:17:38,6.23762379,-75.60182848,21.44,1502.805,24.064,9.010,282,7,32,,
T,2023-03-03 17:17:39,6.23760902,-75.60194394,21.44,1502.906,24.064,9.730,278,7,32,,
T,2023-03-03 17:17:40,6.23763080,-75.60207683,23.58,1502.941,24.065,10.990,274,7,32,,
T,2023-03-03 17:17:41,6.23761181,-75.60218372,24.66,1503.113,24.066,11.040,277,7,32,,
T,2023-03-03 17:17:42,6.23762009,-75.60228308,25.73,1503.321,24.066,11.020,277,7,32,,
T,2023-03-03 17:17:43,6.23762950,-75.60238100,26.80,1503.593,24.067,10.950,280,7,32,,
T,2023-03-03 17:17:44,6.23764925,-75.60249226,27.87,1503.716,24.067,11.200,279,7,32,,
T,2023-03-03 17:17:45,6.23766274,-75.60259127,28.94,1503.763,24.068,11.140,281,7,32,,
T,2023-03-03 17:17:46,6.23767812,-75.60269087,31.09,1503.386,24.068,11.140,280,7,32,,
T,2023-03-03 17:17:47,6.23773585,-75.60281306,32.16,1503.378,24.069,11.610,286,6,32,,
T,2023-03-03 17:17:48,6.23775700,-75.60291133,36.45,1503.356,24.069,11.490,287,6,32,,
T,2023-03-03 17:17:49,6.23766744,-75.60295179,34.30,1503.348,24.069,9.980,282,6,32,,
T,2023-03-03 17:17:50,6.23774928,-75.60292781,33.23,1503.229,24.069,7.660,292,8,32,,
T,2023-03-03 17:17:51,6.23770431,-75.60295836,28.94,1503.352,24.069,6.380,311,8,32,,
T,2023-03-03 17:17:52,6.23767659,-75.60298583,28.94,1503.606,24.070,5.030,355,9,32,,
T,2023-03-03 17:17:53,6.23770826,-75.60306138,31.09,1504.222,24.070,5.880,11,9,32,,
T,2023-03-03 17:17:54,6.23772589,-75.60311068,32.16,1504.442,24.070,5.860,10,8,32,,
T,2023-03-03 17:17:55,6.23774447,-75.60315887,33.23,1504.465,24.070,5.830,12,8,32,,
T,2023-03-03 17:17:56,6.23776507,-75.60318620,34.30,1504.460,24.070,5.640,14,7,32,,
T,2023-03-03 17:17:57,6.23779801,-75.60319312,40.74,1504.274,24.070,5.510,15,5,32,,
T,2023-03-03 17:17:58,6.23794527,-75.60295844,49.31,1504.429,24.069,4.620,23,4,32,,
T,2023-03-03 17:17:59,6.23811989,-75.60291777,30.02,1504.819,24.068,5.230,31,5,32,,
T,2023-03-03 17:18:00,6.23809954,-75.60292163,31.09,1505.646,24.068,4.600,28,7,32,,
T,2023-03-03 17:18:01,6.23806022,-75.60294751,32.16,1505.394,24.069,3.290,22,7,32,,
T,2023-03-03 17:18:02,6.23810797,-75.60295354,32.16,1505.537,24.069,3.140,32,7,32,,
T,2023-03-03 17:18:03,6.23813906,-75.60294515,31.09,1505.561,24.068,3.310,43,7,32,,
T,2023-03-03 17:18:04,6.23822487,-75.60290258,27.87,1505.665,24.068,4.060,54,7,32,,
T,2023-03-03 17:18:05,6.23825321,-75.60289473,25.73,1506.374,24.068,4.150,58,8,32,,
T,2023-03-03 17:18:06,6.23828355,-75.60286804,26.80,1506.735,24.068,4.420,69,7,32,,
T,2023-03-03 17:18:07,6.23840582,-75.60279503,22.51,1506.412,24.067,6.100,76,7,32,,
T,2023-03-03 17:18:08,6.23845369,-75.60276119,21.44,1506.552,24.067,6.240,79,10,32,,
T,2023-03-03 17:18:09,6.23850140,-75.60273115,21.44,1506.622,24.067,6.240,73,10,32,,
T,2023-03-03 17:18:10,6.23854908,-75.60270113,22.51,1506.625,24.066,6.230,70,9,32,,
T,2023-03-03 17:18:11,6.23859811,-75.60267649,23.58,1506.663,24.066,6.240,58,8,32,,
T,2023-03-03 17:18:12,6.23866009,-75.60264269,27.87,1506.704,24.066,6.350,40,7,31,,
T,2023-03-03 17:18:13,6.23871077,-75.60264465,36.45,1506.691,24.066,5.330,27,7,32,,
T,2023-03-03 17:18:14,6.23876261,-75.60279933,42.88,1506.701,24.067,5.000,349,4,32,,
T,2023-03-03 17:18:15,6.23880302,-75.60276468,43.95,1506.467,24.066,5.080,349,5,32,,
T,2023-03-03 17:18:16,6.23893870,-75.60287815,36.45,1506.574,24.067,6.920,329,5,32,,
T,2023-03-03 17:18:17,6.23903190,-75.60288428,39.66,1506.953,24.066,6.800,325,5,32,,
T,2023-03-03 17:18:18,6.23917055,-75.60286690,35.38,1507.272,24.066,7.710,326,6,32,,
T,2023-03-03 17:18:19,6.23923998,-75.60290092,35.38,1507.392,24.066,7.740,327,8,32,,
T,2023-03-03 17:18:20,6.23930745,-75.60292919,33.23,1507.596,24.066,7.670,330,8,32,,
T,2023-03-03 17:18:21,6.23936617,-75.60296271,31.09,1507.760,24.066,7.620,330,8,32,,
T,2023-03-03 17:18:22,6.23941437,-75.60299533,31.09,1507.813,24.066,7.520,330,8,32,,
T,2023-03-03 17:18:23,6.23947122,-75.60302826,32.16,1507.882,24.066,7.460,330,7,32,,
T,2023-03-03 17:18:24,6.23952726,-75.60305823,33.23,1508.202,24.066,7.390,330,7,32,,
T,2023-03-03 17:18:25,6.23958400,-75.60309096,38.59,1508.628,24.066,7.350,330,5,31,,
T,2023-03-03 17:18:26,6.23964134,-75.60312407,43.95,1508.584,24.066,7.350,330,5,32,,
T,2023-03-03 17:18:27,6.23969860,-75.60315713,58.96,1508.430,24.067,7.340,330,3,32,,
T,2023-03-03 17:19:17,6.24261556,-75.60232817,33.23,1510.421,24.057,4.320,56,8,32,,
T,2023-03-03 17:19:18,6.24266814,-75.60233064,35.38,1510.778,24.056,4.140,56,9,32,,
T,2023-03-03 17:19:19,6.24271167,-75.60231074,35.38,1510.825,24.056,3.850,51,9,32,,
T,2023-03-03 17:19:20,6.24274907,-75.60229455,37.52,1510.800,24.056,3.830,58,8,32,,
T,2023-03-03 17:19:21,6.24278670,-75.60224550,42.88,1510.797,24.056,3.920,57,7,32,,
T,2023-03-03 17:19:22,6.24282113,-75.60220915,48.24,1510.770,24.056,3.910,64,7,32,,
T,2023-03-03 17:19:23,6.24285649,-75.60218266,57.89,1510.731,24.055,3.910,58,5,32,,
T,2023-03-03 17:19:24,6.24288673,-75.60216405,66.46,1510.696,24.055,3.740,66,4,32,,
T,2023-03-03 17:19:25,6.24291543,-75.60214763,76.11,1510.677,24.055,3.750,73,5,32,,
T,2023-03-03 17:19:26,6.24296496,-75.60214657,90.05,1510.744,24.055,4.170,82,4,32,,
T,2023-03-03 17:19:27,6.24271858,-75.60257747,51.46,1511.367,24.058,2.130,81,4,32,,
T,2023-03-03 17:19:28,6.24271269,-75.60263363,20.37,1512.649,24.058,0.150,80,7,32,,
T,2023-03-03 17:19:29,6.24271248,-75.60266427,10.72,1515.382,24.058,0.230,82,9,32,,
T,2023-03-03 17:19:30,6.24272276,-75.60269276,7.50,1517.886,24.058,0.000,,12,32,,
T,2023-03-03 17:19:31,6.24274602,-75.60273388,7.50,1518.443,24.058,0.000,,14,32,,
T,2023-03-03 17:19:32,6.24275746,-75.60274642,5.36,1519.064,24.058,0.000,,15,31,,
T,2023-03-03 17:19:33,6.24276646,-75.60275052,5.36,1520.496,24.058,0.000,,15,31,,
T,2023-03-03 17:19:34,6.24277943,-75.60275021,4.29,1522.545,24.058,0.000,,15,31,,
T,2023-03-03 17:19:35,6.24277884,-75.60274815,4.29,1523.844,24.058,0.000,,15,31,,
T,2023-03-03 17:19:36,6.24277516,-75.60274902,4.29,1524.305,24.058,0.000,,15,31,,
T,2023-03-03 17:19:37,6.24277438,-75.60274954,4.29,1524.920,24.058,0.000,,15,31,,
T,2023-03-03 17:19:38,6.24277344,-75.60274498,3.22,1525.885,24.058,0.000,,15,31,,
T,2023-03-03 17:19:39,6.24277278,-75.60274487,3.22,1526.296,24.058,0.000,,17,31,,
T,2023-03-03 17:19:40,6.24276836,-75.60274292,3.22,1525.988,24.058,0.000,,17,31,,
T,2023-03-03 17:19:41,6.24276740,-75.60274213,3.22,1525.948,24.058,0.000,,17,31,,
T,2023-03-03 17:19:42,6.24276831,-75.60274061,4.29,1525.968,24.058,0.000,,17,31,,
T,2023-03-03 17:19:43,6.24280541,-75.60272823,4.29,1526.063,24.058,5.390,17,17,31,,
T,2023-03-03 17:19:44,6.24286332,-75.60271040,4.29,1524.813,24.058,6.080,20,15,31,,
T,2023-03-03 17:19:45,6.24289439,-75.60267183,4.29,1523.960,24.058,5.950,38,17,31,,
T,2023-03-03 17:19:46,6.24293660,-75.60264248,6.43,1524.068,24.058,5.820,36,17,31,,
T,2023-03-03 17:19:47,6.24298290,-75.60261648,8.58,1524.267,24.057,5.830,26,15,31,,
T,2023-03-03 17:19:48,6.24301652,-75.60259978,10.72,1524.342,24.057,5.140,15,14,31,,
T,2023-03-03 17:19:49,6.24306094,-75.60258337,10.72,1524.188,24.057,5.270,7,14,31,,
T,2023-03-03 17:19:50,6.24309279,-75.60258539,11.79,1523.875,24.057,4.800,3,15,31,,
T,2023-03-03 17:19:51,6.24312227,-75.60257819,13.94,1523.787,24.057,4.200,3,11,31,,
T,2023-03-03 17:19:52,6.24318625,-75.60258212,12.86,1523.552,24.057,4.670,348,10,31,,
T,2023-03-03 17:19:53,6.24323373,-75.60259950,13.94,1523.423,24.057,4.780,339,7,31,,
T,2023-03-03 17:19:54,6.24331553,-75.60263016,13.94,1523.166,24.057,5.940,339,7,31,,
T,2023-03-03 17:19:55,6.24337035,-75.60264122,15.01,1523.188,24.057,6.010,348,6,31,,
T,2023-03-03 17:19:56,6.24347121,-75.60265148,17.15,1523.446,24.057,7.580,5,7,31,,
T,2023-03-03 17:19:57,6.24359475,-75.60270032,16.08,1524.362,24.057,9.300,9,9,31,,
T,2023-03-03 17:19:58,6.24369388,-75.60267244,15.01,1524.567,24.056,9.990,11,9,31,,
T,2023-03-03 17:19:59,6.24376180,-75.60267315,16.08,1524.076,24.056,10.350,11,12,31,,
T,2023-03-03 17:20:00,6.24386302,-75.60260102,17.15,1525.186,24.056,11.200,12,12,30,,
T,2023-03-03 17:20:01,6.24400619,-75.60262290,19.30,1525.257,24.055,12.470,8,12,31,,
T,2023-03-03 17:20:02,6.24413306,-75.60258108,20.37,1525.304,24.055,12.860,8,12,31,,
T,2023-03-03 17:20:03,6.24426539,-75.60256867,20.37,1525.219,24.055,13.270,9,10,31,,
T,2023-03-03 17:20:04,6.24439697,-75.60253567,19.30,1525.352,24.054,14.000,9,9,31,,
T,2023-03-03 17:20:05,6.24452775,-75.60251219,20.37,1525.245,24.054,14.740,10,9,30,,
T,2023-03-03 17:20:06,6.24466595,-75.60249444,22.51,1524.961,24.053,14.880,10,9,30,,
T,2023-03-03 17:20:07,6.24480671,-75.60245038,26.80,1524.881,24.053,14.930,10,8,31,,
T,2023-03-03 17:20:08,6.24492183,-75.60243331,30.02,1524.843,24.053,14.430,10,8,29,,
T,2023-03-03 17:20:09,6.24505270,-75.60242051,34.30,1524.852,24.052,14.550,12,6,31,,
T,2023-03-03 17:20:10,6.24520264,-75.60243020,34.30,1524.864,24.052,14.550,11,5,31,,
T,2023-03-03 17:20:11,6.24535880,-75.60241160,38.59,1524.965,24.052,14.840,10,6,31,,
T,2023-03-03 17:20:12,6.24545988,-75.60232642,40.74,1525.139,24.051,14.500,14,6,32,,
T,2023-03-03 17:20:13,6.24562763,-75.60240469,34.30,1525.135,24.051,14.480,9,6,32,,
T,2023-03-03 17:20:14,6.24575417,-75.60238601,38.59,1525.025,24.051,14.450,9,5,32,,
T,2023-03-03 17:20:15,6.24588286,-75.60236520,43.95,1525.034,24.050,14.440,9,6,31,,
T,2023-03-03 17:20:16,6.24601159,-75.60234659,49.31,1525.041,24.050,14.420,8,6,32,,
T,2023-03-03 17:20:28,6.24808963,-75.60218561,10.72,1547.211,24.045,18.120,4,15,33,,
T,2023-03-03 17:20:29,6.24825785,-75.60217160,8.58,1547.153,24.045,18.640,4,16,32,,
T,2023-03-03 17:20:30,6.24843916,-75.60216983,8.58,1546.045,24.044,18.520,4,16,32,,
T,2023-03-03 17:20:31,6.24863683,-75.60214700,8.58,1545.618,24.044,18.900,4,16,32,,
T,2023-03-03 17:20:32,6.24882966,-75.60216110,8.58,1544.907,24.044,19.210,4,16,32,,
T,2023-03-03 17:20:33,6.24903807,-75.60217189,7.50,1543.292,24.043,19.790,4,16,32,,
T,2023-03-03 17:20:34,6.24923744,-75.60217676,6.43,1542.766,24.043,20.040,3,17,32,,
T,2023-03-03 17:20:35,6.24942911,-75.60217175,6.43,1541.411,24.042,19.890,3,16,32,,
T,2023-03-03 17:20:36,6.24961145,-75.60216852,5.36,1540.239,24.042,20.150,4,16,32,,
T,2023-03-03 17:20:37,6.24980856,-75.60217653,5.36,1540.450,24.042,20.620,4,18,32,,
T,2023-03-03 17:20:38,6.24999137,-75.60216648,5.36,1541.071,24.041,20.290,4,18,32,,
T,2023-03-03 17:20:39,6.25018027,-75.60215690,5.36,1540.581,24.041,20.070,4,18,32,,
T,2023-03-03 17:20:40,6.25035924,-75.60215759,5.36,1539.956,24.040,19.390,3,18,32,,
T,2023-03-03 17:20:41,6.25053866,-75.60215277,6.43,1539.768,24.040,19.530,4,18,32,,
T,2023-03-03 17:20:42,6.25072034,-75.60215520,6.43,1539.714,24.040,19.570,6,18,32,,
T,2023-03-03 17:20:43,6.25088314,-75.60212393,6.43,1538.495,24.039,19.040,9,17,32,,
T,2023-03-03 17:20:44,6.25105919,-75.60208905,6.43,1538.122,24.038,19.620,12,15,32,,
T,2023-03-03 17:20:45,6.25124189,-75.60205909,6.43,1537.618,24.038,20.140,16,15,32,,
T,2023-03-03 17:20:46,6.25139381,-75.60201022,6.43,1536.580,24.037,19.680,20,15,32,,
T,2023-03-03 17:20:47,6.25156013,-75.60193541,5.36,1536.737,24.036,19.730,23,15,32,,
T,2023-03-03 17:20:48,6.25172147,-75.60186263,5.36,1536.720,24.036,19.480,26,16,32,,
T,2023-03-03 17:20:49,6.25188262,-75.60178708,6.43,1536.370,24.035,19.520,29,16,32,,
T,2023-03-03 17:20:50,6.25203283,-75.60170189,6.43,1537.520,24.034,19.100,32,14,32,,
T,2023-03-03 17:20:51,6.25217014,-75.60161220,6.43,1535.723,24.033,19.240,35,13,32,,
T,2023-03-03 17:20:52,6.25230243,-75.60151127,6.43,1535.368,24.033,18.730,38,13,32,,
T,2023-03-03 17:20:53,6.25243068,-75.60141550,6.43,1534.938,24.032,18.300,40,13,32,,
T,2023-03-03 17:20:54,6.25254173,-75.60129080,6.43,1534.747,24.031,18.590,44,13,32,,
T,2023-03-03 17:20:55,6.25265217,-75.60115387,7.50,1534.091,24.030,19.120,49,14,32,,
T,2023-03-03 17:20:56,6.25276994,-75.60101740,7.50,1533.957,24.029,19.510,54,13,32,,
T,2023-03-03 17:20:57,6.25286111,-75.60085055,7.50,1533.881,24.028,19.370,58,14,32,,
T,2023-03-03 17:20:58,6.25294435,-75.60070255,7.50,1534.352,24.027,18.480,60,14,31,,
T,2023-03-03 17:20:59,6.25302726,-75.60056801,8.58,1534.954,24.026,18.220,61,14,32,,
T,2023-03-03 17:21:00,6.25309910,-75.60042558,8.58,1534.839,24.025,17.640,63,13,32,,
T,2023-03-03 17:21:01,6.25317071,-75.60030594,7.50,1534.386,24.024,17.060,62,12,32,,
T,2023-03-03 17:21:02,6.25324157,-75.60017819,8.58,1534.092,24.023,16.750,60,12,32,,
T,2023-03-03 17:21:03,6.25331943,-75.60005583,8.58,1534.005,24.023,15.850,60,11,32,,
T,2023-03-03 17:21:04,6.25338606,-75.59993942,8.58,1534.221,24.022,15.180,59,10,32,,
T,2023-03-03 17:21:05,6.25346210,-75.59983885,8.58,1533.994,24.021,15.090,57,9,32,,
T,2023-03-03 17:21:06,6.25353917,-75.59971705,8.58,1534.195,24.020,15.100,54,12,32,,
T,2023-03-03 17:21:07,6.25358273,-75.59964125,8.58,1534.483,24.020,12.730,53,13,32,,
T,2023-03-03 17:21:08,6.25364003,-75.59954615,9.65,1533.802,24.019,11.770,51,13,32,,
T,2023-03-03 17:21:09,6.25371622,-75.59947037,9.65,1532.472,24.019,11.210,49,13,32,,
T,2023-03-03 17:21:10,6.25377608,-75.59940444,10.72,1531.351,24.018,10.370,47,13,32,,
T,2023-03-03 17:21:11,6.25382651,-75.59934844,10.72,1530.034,24.018,8.910,47,13,32,,
T,2023-03-03 17:21:12,6.25387680,-75.59929426,10.72,1529.485,24.017,8.590,47,11,32,,
T,2023-03-03 17:21:13,6.25392841,-75.59924366,10.72,1529.630,24.017,7.660,44,10,32,,
T,2023-03-03 17:21:14,6.25396303,-75.59920371,10.72,1529.770,24.017,6.060,43,11,32,,
T,2023-03-03 17:21:15,6.25401560,-75.59920042,9.65,1530.166,24.017,5.120,44,11,32,,
T,2023-03-03 17:21:16,6.25402478,-75.59913844,8.58,1529.071,24.016,4.510,40,12,32,,
T,2023-03-03 17:21:17,6.25403989,-75.59910595,7.50,1528.972,24.016,3.740,38,12,32,,
T,2023-03-03 17:21:18,6.25407371,-75.59910691,6.43,1529.143,24.016,3.580,39,12,32,,
T,2023-03-03 17:21:19,6.25409740,-75.59910179,5.36,1529.559,24.016,2.880,42,14,31,,
T,2023-03-03 17:21:20,6.25412172,-75.59910032,5.36,1528.829,24.016,2.520,43,13,32,,
T,2023-03-03 17:21:21,6.25413988,-75.59907036,5.36,1527.620,24.016,2.760,37,14,32,,
T,2023-03-03 17:21:22,6.25415605,-75.59905260,4.29,1527.107,24.016,2.570,32,16,32,,
T,2023-03-03 17:21:23,6.25416895,-75.59903721,5.36,1526.985,24.015,1.930,37,16,32,,
T,2023-03-03 17:21:24,6.25418481,-75.59901965,5.36,1526.413,24.015,2.500,40,16,32,,
T,2023-03-03 17:21:25,6.25419595,-75.59900736,9.65,1525.234,24.015,1.940,45,16,32,,
T,2023-03-03 17:21:26,6.25420870,-75.59899851,9.65,1526.054,24.015,1.450,48,16,32,,
T,2023-03-03 17:21:27,6.25422413,-75.59898854,9.65,1525.848,24.015,1.740,47,16,32,,
T,2023-03-03 17:21:28,6.25425107,-75.59896670,9.65,1526.671,24.015,3.520,38,15,32,,
T,2023-03-03 17:21:29,6.25428836,-75.59894266,10.72,1526.672,24.015,4.610,32,15,32,,
T,2023-03-03 17:21:30,6.25433885,-75.59890549,10.72,1526.315,24.014,5.730,24,15,32,,
T,2023-03-03 17:21:31,6.25439643,-75.59887871,9.65,1527.104,24.014,6.630,33,15,32,,
T,2023-03-03 17:21:32,6.25447137,-75.59884312,10.72,1527.577,24.014,8.000,29,14,32,,
T,2023-03-03 17:21:33,6.25454814,-75.59876305,10.72,1526.359,24.013,9.980,29,15,32,,
T,2023-03-03 17:21:34,6.25463795,-75.59871264,10.72,1525.451,24.013,10.610,27,16,32,,
T,2023-03-03 17:21:35,6.25472442,-75.59867194,10.72,1525.101,24.012,11.190,25,16,32,,
T,2023-03-03 17:21:36,6.25482041,-75.59862638,9.65,1524.623,24.012,11.740,22,16,32,,
T,2023-03-03 17:21:37,6.25492810,-75.59857319,10.72,1524.112,24.011,12.900,21,16,32,,
T,2023-03-03 17:21:38,6.25505183,-75.59853109,9.65,1523.201,24.011,12.860,19,17,32,,
T,2023-03-03 17:21:39,6.25516129,-75.59850515,9.65,1523.422,24.010,12.390,16,15,32,,
T,2023-03-03 17:21:40,6.25527523,-75.59848249,9.65,1523.458,24.010,12.820,16,15,32,,
T,2023-03-03 17:21:41,6.25538829,-75.59845284,10.72,1521.644,24.010,12.880,14,15,32,,
T,2023-03-03 17:21:42,6.25550537,-75.59842003,10.72,1522.167,24.009,13.060,13,15,32,,
T,2023-03-03 17:21:43,6.25561599,-75.59839691,10.72,1522.679,24.009,12.610,12,15,32,,
T,2023-03-03 17:21:44,6.25571524,-75.59838291,10.72,1522.474,24.008,11.630,12,15,32,,
T,2023-03-03 17:21:45,6.25582216,-75.59838493,10.72,1522.799,24.008,10.940,11,14,32,,
T,2023-03-03 17:21:46,6.25594103,-75.59835157,11.79,1522.704,24.008,10.710,11,14,32,,
T,2023-03-03 17:21:47,6.25603733,-75.59832372,11.79,1521.811,24.007,10.340,12,14,32,,
T,2023-03-03 17:21:48,6.25612708,-75.59830889,11.79,1522.057,24.007,9.810,12,14,32,,
T,2023-03-03 17:21:49,6.25621571,-75.59830388,11.79,1522.364,24.007,8.630,11,13,32,,
T,2023-03-03 17:21:50,6.25627862,-75.59828362,10.72,1522.301,24.007,7.790,10,15,32,,
T,2023-03-03 17:21:51,6.25635439,-75.59826996,10.72,1521.840,24.006,7.700,10,15,32,,
T,2023-03-03 17:21:52,6.25640672,-75.59825234,10.72,1521.552,24.006,6.180,10,15,31,,
T,2023-03-03 17:21:53,6.25646062,-75.59825114,10.72,1521.646,24.006,5.750,9,15,32,,
T,2023-03-03 17:21:54,6.25648245,-75.59823150,10.72,1521.573,24.006,4.280,12,14,32,,
T,2023-03-03 17:21:55,6.25653786,-75.59823072,10.72,1521.955,24.006,5.510,8,14,32,,
T,2023-03-03 17:21:56,6.25658081,-75.59823052,10.72,1521.372,24.006,5.300,9,14,32,,
T,2023-03-03 17:21:57,6.25662754,-75.59821776,10.72,1522.077,24.006,6.190,9,14,32,,
T,2023-03-03 17:21:58,6.25668120,-75.59819046,10.72,1522.624,24.005,7.050,13,14,32,,
T,2023-03-03 17:21:59,6.25675313,-75.59817704,10.72,1522.862,24.005,8.060,13,14,32,,
T,2023-03-03 17:22:00,6.25682317,-75.59814902,9.65,1523.049,24.005,8.170,13,15,32,,
T,2023-03-03 17:22:01,6.25690799,-75.59813404,9.65,1522.576,24.004,9.140,13,16,32,,
T,2023-03-03 17:22:02,6.25700545,-75.59810956,9.65,1522.211,24.004,9.870,12,16,32,,
T,2023-03-03 17:22:03,6.25709962,-75.59807947,9.65,1522.416,24.004,10.580,14,16,32,,
T,2023-03-03 17:22:04,6.25720681,-75.59805215,9.65,1522.117,24.003,11.970,14,16,32,,
T,2023-03-03 17:22:05,6.25731922,-75.59801405,9.65,1521.642,24.003,12.570,15,15,32,,
T,2023-03-03 17:22:06,6.25743709,-75.59798166,9.65,1521.855,24.002,12.760,15,15,32,,
T,2023-03-03 17:22:07,6.25755484,-75.59794204,10.72,1520.994,24.002,13.390,16,16,32,,
T,2023-03-03 17:22:08,6.25767816,-75.59791067,9.65,1521.519,24.002,13.720,15,17,32,,
T,2023-03-03 17:22:09,6.25779744,-75.59788214,10.72,1521.291,24.001,13.570,15,17,32,,
T,2023-03-03 17:22:10,6.25790727,-75.59786092,9.65,1521.108,24.001,12.560,13,17,32,,
T,2023-03-03 17:22:11,6.25800952,-75.59783231,10.72,1521.356,24.000,12.370,13,17,32,,
T,2023-03-03 17:22:12,6.25812117,-75.59781660,10.72,1521.083,24.000,12.460,12,17,32,,
T,2023-03-03 17:22:13,6.25822465,-75.59779257,10.72,1520.757,24.000,12.320,11,17,32,,
T,2023-03-03 17:22:14,6.25832947,-75.59776625,11.79,1520.890,23.999,12.080,13,16,32,,
T,2023-03-03 17:22:15,6.25841739,-75.59774769,11.79,1520.769,23.999,11.280,13,15,32,,
T,2023-03-03 17:22:16,6.25848585,-75.59775940,11.79,1520.388,23.999,9.300,12,15,32,,
T,2023-03-03 17:22:17,6.25856226,-75.59774977,12.86,1520.577,23.999,8.390,10,13,32,,
T,2023-03-03 17:22:18,6.25863002,-75.59773212,12.86,1520.461,23.998,7.910,10,12,32,,
T,2023-03-03 17:22:19,6.25865415,-75.59769999,12.86,1520.443,23.998,5.720,15,10,32,,
T,2023-03-03 17:22:20,6.25868299,-75.59769551,12.86,1520.168,23.998,4.840,15,10,32,,
T,2023-03-03 17:22:21,6.25870889,-75.59768173,12.86,1520.325,23.998,4.140,15,10,32,,
T,2023-03-03 17:22:22,6.25873070,-75.59768414,13.94,1519.826,23.998,3.540,20,9,32,,
T,2023-03-03 17:22:23,6.25874016,-75.59768034,13.94,1520.027,23.998,2.430,21,9,32,,
T,2023-03-03 17:22:24,6.25876627,-75.59767041,15.01,1520.182,23.998,2.540,40,8,32,,
T,2023-03-03 17:22:25,6.25876206,-75.59766358,15.01,1520.292,23.998,1.890,48,9,32,,
T,2023-03-03 17:22:26,6.25875724,-75.59766389,13.94,1520.395,23.998,1.110,29,11,32,,
T,2023-03-03 17:22:27,6.25875863,-75.59766502,15.01,1520.446,23.998,1.020,17,11,32,,
T,2023-03-03 17:22:28,6.25876244,-75.59766417,16.08,1520.499,23.998,1.020,19,10,32,,
T,2023-03-03 17:22:47,6.25877293,-75.59766928,33.23,1521.480,23.998,0.600,16,5,32,,
T,2023-03-03 17:22:48,6.25878202,-75.59766144,34.30,1521.510,23.998,0.230,16,5,32,,
T,2023-03-03 17:22:49,6.25878777,-75.59765906,38.59,1521.621,23.998,0.260,16,5,33,,
T,2023-03-03 17:22:50,6.25877377,-75.59766960,33.23,1521.529,23.998,0.570,16,6,33,,
T,2023-03-03 17:22:51,6.25876099,-75.59767332,31.09,1521.450,23.998,0.190,16,6,33,,
T,2023-03-03 17:22:52,6.25875575,-75.59767175,28.94,1521.414,23.998,0.350,16,6,33,,
T,2023-03-03 17:22:53,6.25876276,-75.59766424,27.87,1521.492,23.998,0.440,17,6,33,,
T,2023-03-03 17:22:54,6.25876481,-75.59765957,26.80,1521.465,23.998,0.000,,6,33,,
T,2023-03-03 17:22:55,6.25876747,-75.59764698,24.66,1521.387,23.998,0.320,17,6,33,,
T,2023-03-03 17:22:56,6.25877324,-75.59763365,23.58,1521.400,23.998,0.210,17,6,33,,
T,2023-03-03 17:22:57,6.25877308,-75.59762040,23.58,1521.422,23.997,0.640,17,6,33,,
T,2023-03-03 17:22:58,6.25877236,-75.59761487,23.58,1521.518,23.997,0.590,17,6,33,,
T,2023-03-03 17:22:59,6.25877099,-75.59761440,24.66,1521.503,23.997,0.430,17,6,33,,
T,2023-03-03 17:23:00,6.25877007,-75.59761347,24.66,1521.421,23.997,0.470,17,6,33,,
T,2023-03-03 17:23:01,6.25878571,-75.59761103,26.80,1521.228,23.997,0.580,17,6,33,,
T,2023-03-03 17:23:02,6.25880009,-75.59760231,24.66,1521.091,23.997,0.820,18,6,33,,
T,2023-03-03 17:23:03,6.25881755,-75.59759592,25.73,1521.062,23.997,1.110,17,6,33,,
T,2023-03-03 17:23:04,6.25883800,-75.59759250,22.51,1520.952,23.997,0.460,18,7,33,,
T,2023-03-03 17:23:05,6.25882684,-75.59758888,20.37,1521.068,23.997,0.510,17,7,33,,
T,2023-03-03 17:23:06,6.25881956,-75.59758602,19.30,1521.100,23.997,0.390,20,7,33,,
T,2023-03-03 17:23:20,6.25989098,-75.59744658,65.39,1520.513,23.994,12.660,9,5,33,,
T,2023-03-03 17:23:21,6.26005515,-75.59745688,70.75,1520.418,23.994,13.240,7,5,33,,
T,2023-03-03 17:23:22,6.26017354,-75.59744166,83.62,1520.506,23.993,13.230,8,4,33,,
T,2023-03-03 17:23:23,6.26029139,-75.59742498,99.70,1520.578,23.993,13.210,9,4,33,,
T,2023-03-03 17:23:24,6.26039610,-75.59740870,115.78,1520.636,23.993,12.990,8,4,33,,
T,2023-03-03 17:23:25,6.26051207,-75.59739334,135.07,1520.685,23.992,12.980,7,4,33,,
T,2023-03-03 17:23:26,6.26062680,-75.59738190,156.51,1520.726,23.992,12.940,6,3,33,,
T,2023-03-03 17:23:53,6.26282273,-75.59670738,25.73,1517.827,23.983,7.920,12,7,33,,
T,2023-03-03 17:23:54,6.26284618,-75.59667829,23.58,1517.862,23.983,6.660,12,7,33,,
T,2023-03-03 17:23:55,6.26291870,-75.59670000,21.44,1518.056,23.983,6.410,11,7,33,,
T,2023-03-03 17:23:56,6.26295095,-75.59667621,21.44,1518.507,23.983,5.410,16,7,33,,
T,2023-03-03 17:23:57,6.26299887,-75.59666475,23.58,1518.751,23.983,5.440,14,8,33,,
T,2023-03-03 17:23:58,6.26301211,-75.59668922,22.51,1518.650,23.983,4.680,16,8,33,,
T,2023-03-03 17:23:59,6.26305210,-75.59668037,21.44,1518.638,23.983,4.680,22,8,33,,
T,2023-03-03 17:24:00,6.26308401,-75.59666546,21.44,1518.736,23.983,4.440,33,7,33,,
T,2023-03-03 17:24:01,6.26310461,-75.59664213,22.51,1518.726,23.982,4.160,37,6,33,,
T,2023-03-03 17:24:02,6.26314528,-75.59661733,21.44,1518.716,23.982,4.490,44,7,33,,
T,2023-03-03 17:24:03,6.26316485,-75.59659148,21.44,1518.718,23.982,4.170,51,8,33,,
T,2023-03-03 17:24:04,6.26319035,-75.59656412,22.51,1518.718,23.982,4.240,43,7,33,,
T,2023-03-03 17:24:05,6.26322035,-75.59654265,24.66,1518.715,23.982,4.170,35,5,33,,
T,2023-03-03 17:24:06,6.26324764,-75.59652724,27.87,1518.719,23.982,3.960,22,4,33,,
T,2023-03-03 17:24:07,6.26326308,-75.59652692,30.02,1518.768,23.981,3.260,7,5,33,,
T,2023-03-03 17:24:08,6.26326299,-75.59653664,36.45,1518.757,23.982,2.270,350,4,33,,
T,2023-03-03 17:25:18,6.26796284,-75.59541613,47.17,1520.891,23.965,5.050,17,6,33,,
T,2023-03-03 17:25:19,6.26800841,-75.59541428,48.24,1520.918,23.965,5.050,15,7,33,,
T,2023-03-03 17:25:20,6.26805394,-75.59541243,49.31,1520.937,23.965,5.050,16,7,33,,
T,2023-03-03 17:25:21,6.26818644,-75.59543140,54.67,1520.983,23.965,5.800,17,6,33,,
T,2023-03-03 17:25:22,6.26823875,-75.59543267,65.39,1520.977,23.964,5.800,16,5,33,,
T,2023-03-03 17:25:23,6.26842302,-75.59548257,81.47,1520.983,23.964,6.940,16,4,33,,
T,2023-03-03 17:25:24,6.26848543,-75.59548710,101.84,1520.969,23.964,6.930,12,4,33,,
T,2023-03-03 17:25:25,6.26854898,-75.59549042,123.28,1520.976,23.964,6.950,13,2,33,,
T,2023-03-03 17:25:26,6.26857023,-75.59532382,138.29,1520.968,23.963,6.490,10,3,33,,
T,2023-03-03 17:25:27,6.26862928,-75.59532098,164.02,1520.966,23.963,6.490,13,3,33,,
T,2023-03-03 17:25:28,6.26878993,-75.59536981,189.74,1520.962,23.963,7.810,18,3,33,,
T,2023-03-03 17:25:29,6.26886023,-75.59537151,221.90,1520.956,23.963,7.810,17,3,33,,
T,2023-03-03 17:25:30,6.26910237,-75.59544945,250.85,1520.955,23.962,9.680,17,3,33,,
T,2023-03-03 17:25:31,6.26947453,-75.59537732,241.20,1540.931,23.961,12.030,17,3,33,,
T,2023-03-03 17:25:32,6.26974877,-75.59543393,250.85,1540.692,23.961,12.820,359,4,33,,
T,2023-03-03 17:25:33,6.26995094,-75.59540295,259.42,1540.447,23.960,13.010,360,3,32,,
T,2023-03-03 17:25:35,6.27018781,-75.59519517,262.64,1520.952,23.959,13.060,6,,32,,
T,2023-03-03 17:25:36,6.27051513,-75.59519347,200.46,1520.986,23.958,12.750,6,4,33,,
T,2023-03-03 17:25:37,6.27068821,-75.59489257,118.99,1521.042,23.956,13.060,23,5,32,,
T,2023-03-03 17:25:38,6.27086827,-75.59479143,69.68,1521.182,23.955,12.280,34,6,33,,
T,2023-03-03 17:25:39,6.27094166,-75.59479528,38.59,1521.795,23.955,12.070,36,6,33,,
T,2023-03-03 17:25:40,6.27103069,-75.59474370,25.73,1523.130,23.954,11.460,39,9,33,,
T,2023-03-03 17:25:41,6.27109365,-75.59465131,20.37,1525.527,23.954,11.530,43,10,33,,
T,2023-03-03 17:25:42,6.27117529,-75.59464416,17.15,1527.036,23.954,11.930,47,10,33,,
T,2023-03-03 17:25:43,6.27125023,-75.59457256,16.08,1541.754,23.953,12.040,53,10,33,,
T,2023-03-03 17:25:44,6.27133457,-75.59449141,15.01,1541.177,23.952,11.850,54,12,33,,
T,2023-03-03 17:25:45,6.27142522,-75.59436883,17.15,1541.608,23.952,12.520,53,13,33,,
T,2023-03-03 17:25:46,6.27148112,-75.59426817,17.15,1541.438,23.951,12.090,55,13,33,,
T,2023-03-03 17:25:47,6.27152765,-75.59419471,17.15,1541.370,23.950,11.410,60,12,33,,
T,2023-03-03 17:25:48,6.27153250,-75.59414423,16.08,1541.140,23.950,8.260,69,12,33,,
T,2023-03-03 17:25:49,6.27155032,-75.59407537,17.15,1541.306,23.950,7.910,86,11,33,,
T,2023-03-03 17:25:50,6.27153778,-75.59403379,17.15,1541.474,23.950,6.540,98,8,33,,
T,2023-03-03 17:25:51,6.27154108,-75.59399716,16.08,1541.649,23.949,6.380,112,7,33,,
T,2023-03-03 17:25:52,6.27151914,-75.59393664,16.08,1541.748,23.949,6.150,123,7,33,,
T,2023-03-03 17:25:53,6.27148557,-75.59388125,15.01,1541.783,23.949,6.900,135,7,33,,
T,2023-03-03 17:25:54,6.27142841,-75.59381416,15.01,1541.657,23.949,8.250,138,8,33,,
T,2023-03-03 17:25:55,6.27136755,-75.59374898,16.08,1541.641,23.948,8.550,143,8,33,,
T,2023-03-03 17:25:56,6.27130251,-75.59370460,16.08,1541.472,23.948,8.400,153,7,33,,
T,2023-03-03 17:25:57,6.27123667,-75.59367151,18.22,1541.711,23.948,7.940,159,7,33,,
T,2023-03-03 17:25:58,6.27117077,-75.59364445,20.37,1541.925,23.948,7.770,162,8,33,,
T,2023-03-03 17:25:59,6.27090226,-75.59355978,13.94,1541.440,23.949,12.150,163,8,33,,
T,2023-03-03 17:26:00,6.27083973,-75.59355683,12.86,1541.175,23.949,12.820,163,9,33,,
T,2023-03-03 17:26:01,6.27069516,-75.59351191,10.72,1540.766,23.949,12.970,163,10,33,,
T,2023-03-03 17:26:02,6.27056416,-75.59346290,9.65,1542.007,23.949,13.850,162,11,33,,
T,2023-03-03 17:26:03,6.27046684,-75.59342464,8.58,1541.918,23.949,13.700,159,10,31,,
T,2023-03-03 17:26:04,6.27031309,-75.59339650,8.58,1542.039,23.949,13.530,154,10,33,,
T,2023-03-03 17:26:05,6.27018968,-75.59332415,8.58,1542.034,23.949,14.220,149,11,33,,
T,2023-03-03 17:26:06,6.27010908,-75.59325095,9.65,1542.264,23.949,13.960,143,8,33,,
T,2023-03-03 17:26:07,6.27000725,-75.59317686,10.72,1542.374,23.949,14.110,141,9,33,,
T,2023-03-03 17:26:08,6.26990525,-75.59311265,13.94,1542.680,23.949,13.990,142,9,32,,
T,2023-03-03 17:26:09,6.26980339,-75.59303073,15.01,1542.975,23.948,14.140,142,9,33,,
T,2023-03-03 17:26:10,6.26970917,-75.59294234,15.01,1543.041,23.948,14.160,142,7,33,,
T,2023-03-03 17:26:11,6.26958533,-75.59285751,15.01,1542.924,23.948,14.570,143,6,33,,
T,2023-03-03 17:26:12,6.26948102,-75.59276534,15.01,1542.772,23.948,14.890,141,7,33,,
T,2023-03-03 17:26:13,6.26938478,-75.59270492,15.01,1542.499,23.948,14.440,141,8,33,,
T,2023-03-03 17:26:14,6.26928375,-75.59262255,15.01,1542.285,23.947,14.430,140,8,33,,
T,2023-03-03 17:26:15,6.26920019,-75.59255228,15.01,1542.088,23.947,13.450,139,8,32,,
T,2023-03-03 17:26:16,6.26911496,-75.59245904,17.15,1542.199,23.947,13.440,140,7,32,,
T,2023-03-03 17:26:17,6.26903125,-75.59238660,18.22,1542.285,23.947,13.090,140,7,33,,
T,2023-03-03 17:26:18,6.26893916,-75.59230148,19.30,1542.347,23.947,13.120,135,6,31,,
T,2023-03-03 17:26:19,6.26894985,-75.59233178,24.66,1543.119,23.947,10.590,122,4,31,,
T,2023-03-03 17:26:20,6.26892588,-75.59228545,31.09,1543.668,23.946,9.510,112,3,33,,
T,2023-03-03 17:26:21,6.26895759,-75.59228077,37.52,1544.057,23.946,7.150,97,3,33,,
T,2023-03-03 17:26:22,6.26898370,-75.59227245,43.95,1544.342,23.946,5.480,83,4,33,,
T,2023-03-03 17:26:23,6.26899370,-75.59226435,52.53,1544.547,23.946,4.430,71,4,33,,
T,2023-03-03 17:26:24,6.26900662,-75.59227370,61.10,1544.247,23.946,3.250,57,3,33,,
T,2023-03-03 17:26:25,6.26900708,-75.59227801,69.68,1544.462,23.946,2.400,41,3,33,,
T,2023-03-03 17:26:26,6.26900707,-75.59229354,79.33,1544.606,23.946,1.480,30,3,33,,
T,2023-03-03 17:26:27,6.26910347,-75.59224233,65.39,1562.097,23.946,1.670,17,3,32,,
T,2023-03-03 17:26:28,6.26913452,-75.59216099,46.10,1561.162,23.945,2.620,11,6,33,,
T,2023-03-03 17:26:29,6.26917672,-75.59210660,34.30,1560.147,23.945,3.360,6,6,33,,
T,2023-03-03 17:26:30,6.26922036,-75.59208448,28.94,1558.789,23.945,3.460,357,7,33,,
T,2023-03-03 17:26:31,6.26925814,-75.59207172,26.80,1557.824,23.945,3.370,360,8,33,,
T,2023-03-03 17:26:32,6.26926455,-75.59207634,25.73,1557.054,23.945,2.170,341,8,33,,
T,2023-03-03 17:26:33,6.26930361,-75.59207717,27.87,1558.343,23.945,3.660,353,8,33,,
T,2023-03-03 17:26:34,6.26933607,-75.59208359,31.09,1559.137,23.944,3.390,335,8,33,,
T,2023-03-03 17:26:35,6.26938386,-75.59208782,30.02,1558.974,23.944,3.830,329,8,33,,
T,2023-03-03 17:26:36,6.26956648,-75.59214234,23.58,1558.269,23.944,6.520,327,8,33,,
T,2023-03-03 17:26:37,6.26966129,-75.59202992,20.37,1559.082,23.943,9.280,324,8,33,,
T,2023-03-03 17:26:38,6.26972859,-75.59209400,18.22,1558.681,23.944,10.420,327,8,33,,
T,2023-03-03 17:26:39,6.26991510,-75.59214417,13.94,1556.261,23.943,11.320,330,11,33,,
T,2023-03-03 17:26:40,6.26994748,-75.59224204,12.86,1556.501,23.944,13.710,329,13,33,,
T,2023-03-03 17:26:41,6.27001764,-75.59227787,12.86,1556.214,23.944,15.080,328,13,33,,
T,2023-03-03 17:26:42,6.27012776,-75.59234928,11.79,1543.119,23.944,15.720,328,13,32,,
T,2023-03-03 17:26:43,6.27023399,-75.59245091,11.79,1544.700,23.944,15.980,322,13,32,,
T,2023-03-03 17:26:44,6.27035108,-75.59255949,11.79,1544.316,23.945,16.690,320,13,32,,
T,2023-03-03 17:26:45,6.27046355,-75.59267215,11.79,1545.083,23.945,17.350,320,13,32,,
T,2023-03-03 17:26:46,6.27059520,-75.59277778,11.79,1544.621,23.945,17.790,319,13,32,,
T,2023-03-03 17:26:47,6.27073364,-75.59288085,11.79,1544.759,23.945,18.090,322,12,32,,
T,2023-03-03 17:26:48,6.27085903,-75.59298441,11.79,1544.588,23.946,18.460,322,12,32,,
T,2023-03-03 17:26:49,6.27098273,-75.59309453,11.79,1544.995,23.946,18.880,321,13,32,,
T,2023-03-03 17:26:50,6.27111493,-75.59319665,11.79,1545.068,23.946,18.410,321,13,32,,
T,2023-03-03 17:26:51,6.27124778,-75.59331698,11.79,1544.894,23.946,19.070,319,12,32,,
T,2023-03-03 17:26:52,6.27137352,-75.59340871,11.79,1545.149,23.947,18.530,318,12,32,,
T,2023-03-03 17:26:53,6.27150837,-75.59352547,10.72,1545.324,23.947,18.900,318,12,32,,
T,2023-03-03 17:26:54,6.27164732,-75.59364823,10.72,1545.804,23.947,18.880,319,15,32,,
T,2023-03-03 17:26:55,6.27179620,-75.59374810,10.72,1545.773,23.947,19.440,320,16,32,,
T,2023-03-03 17:26:56,6.27193921,-75.59384201,10.72,1545.800,23.948,19.100,324,16,32,,
T,2023-03-03 17:26:57,6.27208751,-75.59395329,10.72,1545.621,23.948,19.250,324,16,32,,
T,2023-03-03 17:26:58,6.27222814,-75.59404147,10.72,1545.180,23.948,19.540,327,17,32,,
T,2023-03-03 17:26:59,6.27238039,-75.59413911,10.72,1544.689,23.948,19.700,329,17,32,,
T,2023-03-03 17:27:00,6.27252967,-75.59422957,10.72,1546.168,23.948,19.820,328,17,32,,
T,2023-03-03 17:27:01,6.27269058,-75.59432789,10.72,1546.013,23.948,20.440,326,17,32,,
T,2023-03-03 17:27:02,6.27283775,-75.59442699,10.72,1545.714,23.949,20.430,323,15,32,,
T,2023-03-03 17:27:03,6.27297064,-75.59456878,10.72,1544.976,23.949,20.900,310,16,32,,
T,2023-03-03 17:27:04,6.27307478,-75.59471853,10.72,1543.932,23.950,21.340,299,16,32,,
T,2023-03-03 17:27:05,6.27315049,-75.59490811,10.72,1543.566,23.950,21.580,294,16,32,,
T,2023-03-03 17:27:06,6.27321727,-75.59509754,10.72,1543.629,23.951,21.880,287,16,32,,
T,2023-03-03 17:27:07,6.27325983,-75.59529263,10.72,1543.341,23.952,21.750,280,16,32,,
T,2023-03-03 17:27:08,6.27327404,-75.59550708,10.72,1543.567,23.953,22.200,276,15,32,,
T,2023-03-03 17:27:09,6.27328449,-75.59571661,10.72,1543.901,23.954,22.660,279,15,32,,
T,2023-03-03 17:27:10,6.27330805,-75.59592222,11.79,1544.027,23.955,22.820,280,13,32,,
T,2023-03-03 17:27:11,6.27333468,-75.59613305,11.79,1543.755,23.956,23.730,283,13,32,,
T,2023-03-03 17:27:12,6.27339754,-75.59633973,11.79,1544.495,23.957,23.850,289,11,32,,
T,2023-03-03 17:27:13,6.27347849,-75.59653271,11.79,1544.695,23.958,23.170,296,11,32,,
T,2023-03-03 17:27:14,6.27357223,-75.59671368,11.79,1543.735,23.959,22.590,299,11,31,,
T,2023-03-03 17:27:15,6.27367270,-75.59688805,11.79,1544.135,23.959,22.740,300,12,32,,
T,2023-03-03 17:27:16,6.27377932,-75.59706741,11.79,1544.408,23.960,23.270,297,12,32,,
T,2023-03-03 17:27:17,6.27386722,-75.59725603,12.86,1559.773,23.961,23.180,296,12,32,,
T,2023-03-03 17:27:18,6.27395524,-75.59744487,11.79,1559.175,23.962,23.000,294,12,32,,
T,2023-03-03 17:27:19,6.27404501,-75.59764420,11.79,1558.480,23.963,22.700,292,13,32,,
T,2023-03-03 17:27:20,6.27410911,-75.59783456,11.79,1558.747,23.963,22.600,291,14,32,,
T,2023-03-03 17:27:21,6.27416451,-75.59804389,11.79,1559.122,23.964,23.280,291,14,32,,
T,2023-03-03 17:27:22,6.27426884,-75.59824253,10.72,1558.174,23.965,23.390,296,14,32,,
T,2023-03-03 17:27:23,6.27437562,-75.59842303,10.72,1555.442,23.966,23.370,304,13,32,,
T,2023-03-03 17:27:24,6.27448562,-75.59859748,10.72,1556.290,23.966,23.170,308,13,31,,
T,2023-03-03 17:27:25,6.27460919,-75.59876617,10.72,1556.643,23.967,23.180,312,13,32,,
T,2023-03-03 17:27:26,6.27474137,-75.59891426,10.72,1557.092,23.968,22.950,312,13,32,,
T,2023-03-03 17:27:27,6.27488053,-75.59907632,10.72,1557.192,23.968,22.990,308,13,32,,
T,2023-03-03 17:27:28,6.27500048,-75.59924843,10.72,1557.716,23.969,22.590,304,12,32,,
T,2023-03-03 17:27:29,6.27510382,-75.59941432,10.72,1558.672,23.969,22.380,296,12,32,,
T,2023-03-03 17:27:30,6.27517718,-75.59960158,10.72,1559.472,23.970,22.280,289,13,32,,
T,2023-03-03 17:27:31,6.27524606,-75.59978674,10.72,1559.804,23.971,21.980,284,13,32,,
T,2023-03-03 17:27:32,6.27529505,-75.59997549,10.72,1560.002,23.972,21.770,282,13,32,,
T,2023-03-03 17:27:33,6.27532765,-75.60017960,10.72,1559.904,23.973,22.120,281,13,32,,
T,2023-03-03 17:27:34,6.27537375,-75.60036859,10.72,1559.617,23.974,22.080,281,13,32,,
T,2023-03-03 17:27:35,6.27541066,-75.60055494,10.72,1560.270,23.975,21.030,283,13,32,,
T,2023-03-03 17:27:36,6.27544868,-75.60075441,10.72,1561.913,23.975,21.680,284,12,32,,
T,2023-03-03 17:27:37,6.27549424,-75.60094034,10.72,1563.379,23.976,21.070,286,12,32,,
T,2023-03-03 17:27:38,6.27554956,-75.60112613,10.72,1563.559,23.977,21.080,289,12,32,,
T,2023-03-03 17:27:39,6.27560886,-75.60130946,10.72,1564.356,23.978,21.170,291,12,32,,
T,2023-03-03 17:27:40,6.27568285,-75.60148245,10.72,1564.940,23.979,20.860,292,12,32,,
T,2023-03-03 17:27:41,6.27575539,-75.60166274,10.72,1565.689,23.980,21.050,293,12,32,,
T,2023-03-03 17:27:42,6.27583168,-75.60183700,10.72,1566.867,23.980,21.270,294,12,32,,
T,2023-03-03 17:27:43,6.27590496,-75.60202000,10.72,1567.948,23.981,20.750,294,13,32,,
T,2023-03-03 17:27:44,6.27598047,-75.60218631,10.72,1568.849,23.982,21.120,294,13,32,,
T,2023-03-03 17:27:45,6.27605649,-75.60235998,10.72,1569.566,23.982,20.730,291,13,32,,
T,2023-03-03 17:27:46,6.27612187,-75.60253583,10.72,1569.255,23.983,20.490,287,13,32,,
T,2023-03-03 17:27:47,6.27617607,-75.60270734,10.72,1569.754,23.984,20.120,284,13,32,,
T,2023-03-03 17:27:48,6.27622298,-75.60288704,10.72,1570.159,23.985,19.890,280,13,32,,
T,2023-03-03 17:27:49,6.27626294,-75.60307851,10.72,1570.840,23.986,21.290,276,12,32,,
T,2023-03-03 17:27:50,6.27628146,-75.60327022,11.79,1570.823,23.987,21.140,272,12,32,,
T,2023-03-03 17:27:51,6.27628295,-75.60344737,11.79,1571.063,23.988,20.280,270,12,32,,
T,2023-03-03 17:27:52,6.27628303,-75.60363798,11.79,1593.411,23.989,20.800,270,12,32,,
T,2023-03-03 17:27:53,6.27630958,-75.60383464,11.79,1591.707,23.990,20.700,272,12,32,,
T,2023-03-03 17:27:54,6.27631376,-75.60402822,11.79,1591.536,23.991,21.250,277,11,31,,
T,2023-03-03 17:27:55,6.27635889,-75.60421950,11.79,1592.113,23.991,20.960,281,11,32,,
T,2023-03-03 17:27:56,6.27639585,-75.60441395,11.79,1592.298,23.992,20.320,287,10,32,,
T,2023-03-03 17:27:57,6.27645184,-75.60459470,11.79,1592.847,23.993,20.130,291,11,32,,
T,2023-03-03 17:27:58,6.27652100,-75.60476140,11.79,1593.432,23.994,20.550,295,12,32,,
T,2023-03-03 17:27:59,6.27659685,-75.60492838,10.72,1594.990,23.995,20.910,298,13,32,,
T,2023-03-03 17:28:00,6.27666703,-75.60509738,10.72,1594.433,23.995,21.010,297,13,32,,
T,2023-03-03 17:28:01,6.27674930,-75.60527974,10.72,1594.960,23.996,21.450,295,13,32,,
T,2023-03-03 17:28:02,6.27684018,-75.60545482,10.72,1594.943,23.997,21.720,294,13,32,,
T,2023-03-03 17:28:03,6.27691260,-75.60563606,10.72,1595.242,23.997,21.480,295,13,32,,
T,2023-03-03 17:28:04,6.27698551,-75.60581767,10.72,1595.094,23.998,21.950,291,13,32,,
T,2023-03-03 17:28:05,6.27704469,-75.60601018,11.79,1591.421,23.999,21.800,283,13,32,,
T,2023-03-03 17:28:06,6.27708062,-75.60620689,11.79,1590.984,24.000,21.920,278,12,32,,
T,2023-03-03 17:28:07,6.27710066,-75.60639397,11.79,1591.536,24.001,21.780,276,12,32,,
T,2023-03-03 17:28:08,6.27710483,-75.60658995,11.79,1591.590,24.002,21.390,275,11,32,,
T,2023-03-03 17:28:09,6.27711029,-75.60679261,11.79,1589.474,24.003,21.190,280,11,32,,
T,2023-03-03 17:28:10,6.27715538,-75.60698623,11.79,1589.558,24.004,21.090,285,11,32,,
T,2023-03-03 17:28:11,6.27721442,-75.60716536,11.79,1590.342,24.005,21.300,289,11,32,,
T,2023-03-03 17:28:12,6.27728634,-75.60734683,11.79,1590.352,24.006,21.350,289,11,32,,
T,2023-03-03 17:28:13,6.27733765,-75.60752842,11.79,1590.845,24.006,20.640,286,11,32,,
T,2023-03-03 17:28:14,6.27738846,-75.60770773,11.79,1591.410,24.007,20.650,283,11,32,,
T,2023-03-03 17:28:15,6.27741996,-75.60788370,11.79,1591.458,24.008,20.330,278,11,32,,
T,2023-03-03 17:28:16,6.27745201,-75.60806462,11.79,1590.990,24.009,20.730,273,12,32,,
T,2023-03-03 17:28:17,6.27742260,-75.60824635,11.79,1591.576,24.010,20.070,268,13,32,,
T,2023-03-03 17:28:18,6.27739979,-75.60843891,11.79,1591.741,24.011,20.990,262,12,32,,
T,2023-03-03 17:28:19,6.27736975,-75.60860434,11.79,1591.535,24.012,20.000,259,12,32,,
T,2023-03-03 17:28:20,6.27733541,-75.60876924,12.86,1591.067,24.013,19.730,257,12,32,,
T,2023-03-03 17:28:21,6.27729176,-75.60893607,12.86,1591.167,24.014,19.450,257,12,32,,
T,2023-03-03 17:28:22,6.27724925,-75.60910899,12.86,1591.886,24.015,19.580,257,11,32,,
T,2023-03-03 17:28:23,6.27719534,-75.60927940,12.86,1591.199,24.016,19.340,256,13,32,,
T,2023-03-03 17:28:24,6.27714533,-75.60943966,12.86,1591.521,24.017,18.940,254,12,32,,
T,2023-03-03 17:28:25,6.27708431,-75.60961397,12.86,1591.122,24.018,19.320,253,12,32,,
T,2023-03-03 17:28:26,6.27703684,-75.60977741,12.86,1590.548,24.019,18.940,249,12,32,,
T,2023-03-03 17:28:27,6.27696173,-75.60994817,11.79,1591.635,24.020,19.620,243,12,32,,
T,2023-03-03 17:28:28,6.27685547,-75.61009230,12.86,1591.529,24.021,19.380,235,12,32,,
T,2023-03-03 17:28:29,6.27674705,-75.61023836,11.79,1591.925,24.022,19.080,230,12,32,,
T,2023-03-03 17:28:30,6.27662560,-75.61036848,11.79,1593.509,24.023,19.300,227,12,32,,
T,2023-03-03 17:28:31,6.27649803,-75.61049494,11.79,1594.983,24.024,19.460,225,12,32,,
T,2023-03-03 17:28:32,6.27637298,-75.61062140,11.79,1597.006,24.025,19.440,226,12,32,,
T,2023-03-03 17:28:33,6.27624238,-75.61074384,11.79,1598.243,24.026,19.310,228,12,32,,
T,2023-03-03 17:28:34,6.27610825,-75.61086904,11.79,1598.523,24.027,19.200,228,12,32,,
T,2023-03-03 17:28:35,6.27598597,-75.61100194,11.79,1598.983,24.028,19.510,230,12,32,,
T,2023-03-03 17:28:36,6.27587260,-75.61113300,11.79,1600.116,24.028,18.920,234,14,32,,
T,2023-03-03 17:28:37,6.27577292,-75.61126859,11.79,1603.173,24.029,18.880,236,14,32,,
T,2023-03-03 17:28:38,6.27567143,-75.61140762,11.79,1604.891,24.030,18.930,237,14,32,,
T,2023-03-03 17:28:39,6.27557205,-75.61155945,11.79,1604.851,24.031,19.180,240,15,32,,
T,2023-03-03 17:28:40,6.27547214,-75.61170481,11.79,1604.033,24.032,19.640,240,15,32,,
T,2023-03-03 17:28:41,6.27539207,-75.61185378,11.79,1604.479,24.033,19.500,239,15,32,,
T,2023-03-03 17:28:42,6.27531858,-75.61200971,11.79,1605.962,24.034,19.680,236,16,32,,
T,2023-03-03 17:28:43,6.27521857,-75.61215877,11.79,1607.511,24.035,19.900,229,16,32,,
T,2023-03-03 17:28:44,6.27510411,-75.61229280,11.79,1610.354,24.036,19.500,225,14,32,,
T,2023-03-03 17:28:45,6.27497979,-75.61242559,11.79,1612.366,24.037,20.070,223,14,32,,
T,2023-03-03 17:28:46,6.27484158,-75.61254685,11.79,1612.993,24.038,19.930,222,14,32,,
T,2023-03-03 17:28:47,6.27470242,-75.61266858,11.79,1614.039,24.039,20.190,223,14,32,,
T,2023-03-03 17:28:48,6.27456841,-75.61279031,11.79,1614.350,24.040,20.140,223,13,32,,
T,2023-03-03 17:28:49,6.27443899,-75.61291338,10.72,1615.239,24.041,19.960,223,13,32,,
T,2023-03-03 17:28:50,6.27430623,-75.61304935,11.79,1619.375,24.042,20.170,225,14,32,,
T,2023-03-03 17:28:51,6.27418256,-75.61317806,11.79,1619.142,24.043,20.170,228,13,32,,
T,2023-03-03 17:28:52,6.27405272,-75.61331292,10.72,1619.909,24.044,20.310,230,13,32,,
T,2023-03-03 17:28:53,6.27395785,-75.61346312,10.72,1620.494,24.045,20.250,237,13,32,,
T,2023-03-03 17:28:54,6.27386818,-75.61362055,11.79,1621.170,24.046,20.060,244,12,32,,
T,2023-03-03 17:28:55,6.27378554,-75.61377202,11.79,1660.607,24.047,19.570,249,12,32,,
T,2023-03-03 17:28:56,6.27374151,-75.61395920,11.79,1659.712,24.048,20.290,254,12,31,,
T,2023-03-03 17:28:57,6.27369536,-75.61412656,11.79,1658.808,24.049,20.230,254,12,32,,
T,2023-03-03 17:28:58,6.27364808,-75.61430121,11.79,1659.239,24.050,20.060,254,12,32,,
T,2023-03-03 17:28:59,6.27360826,-75.61448265,11.79,1660.968,24.051,20.100,255,12,32,,
T,2023-03-03 17:29:00,6.27356994,-75.61466134,11.79,1660.563,24.052,19.970,256,12,32,,
T,2023-03-03 17:29:01,6.27353891,-75.61485475,11.79,1647.383,24.053,20.420,256,11,32,,
T,2023-03-03 17:29:02,6.27350255,-75.61503057,11.79,1647.852,24.054,20.000,255,11,32,,
T,2023-03-03 17:29:03,6.27345671,-75.61521563,11.79,1648.879,24.055,20.100,254,11,32,,
T,2023-03-03 17:29:04,6.27340037,-75.61538642,11.79,1650.074,24.056,19.970,251,11,32,,
T,2023-03-03 17:29:05,6.27333911,-75.61556845,12.86,1652.229,24.057,20.680,248,11,32,,
T,2023-03-03 17:29:06,6.27326100,-75.61573053,12.86,1653.284,24.058,19.910,244,11,32,,
T,2023-03-03 17:29:07,6.27318404,-75.61590283,12.86,1653.570,24.059,20.280,242,12,32,,
T,2023-03-03 17:29:08,6.27309442,-75.61605915,12.86,1668.760,24.060,20.550,242,13,32,,
T,2023-03-03 17:29:09,6.27301904,-75.61622499,12.86,1670.674,24.061,20.000,241,13,32,,
T,2023-03-03 17:29:10,6.27292077,-75.61638181,12.86,1670.735,24.062,20.140,238,12,32,,
T,2023-03-03 17:29:11,6.27281642,-75.61653913,12.86,1671.060,24.064,20.550,237,12,32,,
T,2023-03-03 17:29:12,6.27272040,-75.61670320,12.86,1671.312,24.065,20.730,237,12,31,,
T,2023-03-03 17:29:13,6.27261770,-75.61686242,11.79,1663.012,24.066,20.720,240,13,32,,
T,2023-03-03 17:29:14,6.27252238,-75.61702224,12.86,1657.964,24.067,20.640,246,12,32,,
T,2023-03-03 17:29:15,6.27245476,-75.61717121,12.86,1657.724,24.068,19.750,253,12,32,,
T,2023-03-03 17:29:16,6.27242870,-75.61733231,12.86,1658.124,24.069,18.810,260,11,32,,
T,2023-03-03 17:29:17,6.27240215,-75.61748345,12.86,1657.859,24.069,17.390,264,12,32,,
T,2023-03-03 17:29:18,6.27240601,-75.61762878,12.86,1657.809,24.070,16.050,267,12,32,,
T,2023-03-03 17:29:19,6.27241742,-75.61776210,12.86,1657.845,24.071,14.800,268,12,32,,
T,2023-03-03 17:29:20,6.27244798,-75.61790449,12.86,1655.326,24.071,14.990,270,12,32,,
T,2023-03-03 17:29:21,6.27245851,-75.61803609,12.86,1655.707,24.072,14.640,268,11,32,,
T,2023-03-03 17:29:22,6.27245742,-75.61816911,13.94,1655.755,24.073,14.670,268,11,32,,
T,2023-03-03 17:29:23,6.27245841,-75.61830235,15.01,1717.508,24.074,14.670,269,11,32,,
T,2023-03-03 17:29:24,6.27245598,-75.61844827,16.08,1711.474,24.074,15.060,269,11,32,,
T,2023-03-03 17:29:25,6.27245681,-75.61858946,19.30,1711.469,24.075,15.170,270,12,32,,
T,2023-03-03 17:29:26,6.27246071,-75.61873575,18.22,1711.095,24.076,15.610,272,8,32,,
T,2023-03-03 17:29:27,6.27245910,-75.61887807,16.08,1709.789,24.077,15.250,272,9,32,,
T,2023-03-03 17:29:28,6.27247923,-75.61907393,17.15,1710.160,24.078,16.370,274,9,32,,
T,2023-03-03 17:29:29,6.27253736,-75.61923022,18.22,1712.980,24.078,17.640,279,8,32,,
T,2023-03-03 17:29:30,6.27256749,-75.61937327,18.22,1713.234,24.079,17.340,283,8,32,,
T,2023-03-03 17:29:31,6.27260428,-75.61952943,18.22,1713.344,24.080,17.560,286,7,32,,
T,2023-03-03 17:29:32,6.27263315,-75.61966305,17.15,1712.502,24.080,17.610,290,8,32,,
T,2023-03-03 17:29:33,6.27270932,-75.61978124,15.01,1712.467,24.081,17.170,295,8,32,,
T,2023-03-03 17:29:34,6.27284972,-75.61995040,15.01,1715.632,24.081,18.100,301,9,32,,
T,2023-03-03 17:29:35,6.27293980,-75.62011586,15.01,1716.639,24.082,18.560,305,9,32,,
T,2023-03-03 17:29:36,6.27301804,-75.62024385,13.94,1716.237,24.082,18.340,307,9,32,,
T,2023-03-03 17:29:37,6.27311966,-75.62035724,12.86,1715.912,24.083,17.530,308,9,32,,
T,2023-03-03 17:29:38,6.27322133,-75.62047912,12.86,1711.108,24.083,18.310,308,9,31,,
T,2023-03-03 17:29:39,6.27332316,-75.62060466,12.86,1695.016,24.084,18.240,308,9,32,,
T,2023-03-03 17:29:40,6.27342937,-75.62074838,12.86,1682.285,24.084,19.020,310,9,32,,
T,2023-03-03 17:29:41,6.27354238,-75.62088249,12.86,1674.320,24.084,18.960,313,9,32,,
T,2023-03-03 17:29:42,6.27366846,-75.62100829,11.79,1669.293,24.085,19.330,317,9,32,,
T,2023-03-03 17:29:43,6.27381325,-75.62113413,11.79,1667.368,24.085,19.560,322,10,31,,
T,2023-03-03 17:29:44,6.27394734,-75.62126155,11.79,1667.051,24.085,19.240,324,10,32,,
T,2023-03-03 17:29:45,6.27409704,-75.62137799,11.79,1668.775,24.086,20.180,325,11,32,,
T,2023-03-03 17:29:46,6.27424714,-75.62147999,11.79,1668.858,24.086,19.900,326,11,32,,
T,2023-03-03 17:29:47,6.27439245,-75.62159759,10.72,1669.709,24.086,20.000,324,11,32,,
T,2023-03-03 17:29:48,6.27453292,-75.62172322,11.79,1722.363,24.087,20.150,319,11,31,,
T,2023-03-03 17:29:49,6.27466523,-75.62184879,11.79,1719.766,24.087,19.980,313,11,32,,
T,2023-03-03 17:29:50,6.27477930,-75.62198849,11.79,1719.803,24.087,19.800,306,11,32,,
T,2023-03-03 17:29:51,6.27486466,-75.62215319,11.79,1720.161,24.088,19.910,297,10,32,,
T,2023-03-03 17:29:52,6.27493535,-75.62230287,11.79,1720.353,24.089,19.230,287,10,32,,
T,2023-03-03 17:29:53,6.27498119,-75.62246996,12.86,1720.138,24.089,19.340,278,11,32,,
T,2023-03-03 17:29:54,6.27497144,-75.62267348,12.86,1720.021,24.090,20.120,271,11,32,,
T,2023-03-03 17:29:55,6.27496446,-75.62286669,12.86,1720.090,24.091,20.660,268,11,32,,
T,2023-03-03 17:29:56,6.27493597,-75.62301728,12.86,1719.492,24.092,19.480,264,11,32,,
T,2023-03-03 17:29:57,6.27489416,-75.62319334,12.86,1719.586,24.093,19.430,263,10,32,,
T,2023-03-03 17:29:58,6.27485945,-75.62337086,12.86,1719.578,24.094,19.880,264,9,32,,
T,2023-03-03 17:29:59,6.27482759,-75.62357864,12.86,1722.945,24.096,20.790,264,8,32,,
T,2023-03-03 17:30:00,6.27479951,-75.62376795,13.94,1722.878,24.097,20.770,265,8,32,,
T,2023-03-03 17:30:01,6.27477167,-75.62396227,13.94,1718.980,24.098,20.740,266,8,32,,
T,2023-03-03 17:30:02,6.27477744,-75.62413985,13.94,1708.198,24.099,20.560,273,8,32,,
T,2023-03-03 17:30:03,6.27479626,-75.62431812,12.86,1700.647,24.099,19.930,280,10,32,,
T,2023-03-03 17:30:04,6.27483911,-75.62453173,12.86,1701.703,24.100,20.560,285,10,32,,
T,2023-03-03 17:30:05,6.27484637,-75.62470821,12.86,1697.391,24.101,20.210,286,11,32,,
T,2023-03-03 17:30:06,6.27487663,-75.62489447,12.86,1698.991,24.102,20.870,287,11,32,,
T,2023-03-03 17:30:07,6.27491567,-75.62507536,12.86,1698.783,24.103,20.660,287,11,32,,
T,2023-03-03 17:30:08,6.27494764,-75.62524313,12.86,1698.821,24.104,20.680,289,10,32,,
T,2023-03-03 17:30:09,6.27499015,-75.62541732,11.79,1697.516,24.105,20.920,291,10,32,,
T,2023-03-03 17:30:10,6.27507484,-75.62557567,11.79,1697.587,24.105,20.940,296,10,32,,
T,2023-03-03 17:30:11,6.27516779,-75.62571961,11.79,1698.587,24.106,20.710,302,10,32,,
T,2023-03-03 17:30:12,6.27527008,-75.62587708,11.79,1698.613,24.106,20.700,307,10,32,,
T,2023-03-03 17:30:13,6.27538712,-75.62602300,11.79,1698.776,24.107,20.560,309,10,32,,
T,2023-03-03 17:30:14,6.27550185,-75.62618319,11.79,1746.059,24.107,20.950,311,10,32,,
T,2023-03-03 17:30:15,6.27563706,-75.62632586,11.79,1745.826,24.108,20.840,311,11,32,,
T,2023-03-03 17:30:16,6.27576139,-75.62646604,11.79,1746.699,24.108,21.120,311,12,32,,
T,2023-03-03 17:30:17,6.27588078,-75.62661396,11.79,1747.467,24.109,20.720,309,12,32,,
T,2023-03-03 17:30:18,6.27601614,-75.62676028,12.86,1748.399,24.109,20.710,307,12,32,,
T,2023-03-03 17:30:19,6.27613083,-75.62692556,12.86,1748.946,24.110,20.520,301,11,32,,
T,2023-03-03 17:30:20,6.27623076,-75.62707054,12.86,1749.250,24.110,20.310,294,11,31,,
T,2023-03-03 17:30:21,6.27628950,-75.62722577,13.94,1749.898,24.111,19.350,285,10,32,,
T,2023-03-03 17:30:22,6.27633935,-75.62739400,13.94,1750.058,24.112,18.980,277,9,32,,
T,2023-03-03 17:30:23,6.27636641,-75.62755029,16.08,1750.120,24.113,18.120,269,9,32,,
T,2023-03-03 17:30:24,6.27636110,-75.62772052,17.15,1750.103,24.114,18.400,260,10,32,,
T,2023-03-03 17:30:25,6.27631041,-75.62792888,15.01,1749.934,24.115,20.070,251,9,32,,
T,2023-03-03 17:30:26,6.27626971,-75.62804586,16.08,1749.438,24.115,18.950,244,11,32,,
T,2023-03-03 17:30:27,6.27618762,-75.62819507,16.08,1749.420,24.116,18.220,234,10,32,,
T,2023-03-03 17:30:28,6.27607609,-75.62834904,15.01,1749.379,24.117,18.500,228,9,32,,
T,2023-03-03 17:30:29,6.27591339,-75.62848078,15.01,1747.129,24.118,19.360,225,9,32,,
T,2023-03-03 17:30:30,6.27572693,-75.62857993,15.01,1745.583,24.119,19.920,223,10,32,,
T,2023-03-03 17:30:31,6.27558677,-75.62871259,15.01,1706.848,24.120,20.640,225,10,32,,
T,2023-03-03 17:30:32,6.27545460,-75.62884582,13.94,1709.237,24.121,20.300,231,11,32,,
T,2023-03-03 17:30:33,6.27534873,-75.62900012,13.94,1709.728,24.122,20.070,237,12,32,,
T,2023-03-03 17:30:34,6.27524793,-75.62915529,13.94,1710.602,24.124,19.730,245,11,32,,
T,2023-03-03 17:30:35,6.27515639,-75.62930608,13.94,1772.980,24.125,19.030,255,11,32,,
T,2023-03-03 17:30:36,6.27511716,-75.62945337,15.01,1773.058,24.125,17.870,264,10,32,,
T,2023-03-03 17:30:37,6.27512421,-75.62953955,17.15,1772.856,24.126,15.260,272,10,32,,
T,2023-03-03 17:30:38,6.27517344,-75.62975864,15.01,1773.033,24.127,18.280,281,10,32,,
T,2023-03-03 17:30:39,6.27523841,-75.62991162,15.01,1772.826,24.127,17.960,288,10,31,,
T,2023-03-03 17:30:40,6.27533391,-75.63011179,13.94,1772.920,24.128,19.320,291,11,32,,
T,2023-03-03 17:30:41,6.27537311,-75.63025381,12.86,1774.405,24.129,18.690,292,12,32,,
T,2023-03-03 17:30:42,6.27543395,-75.63042435,12.86,1770.347,24.130,19.290,291,12,32,,
T,2023-03-03 17:30:43,6.27550105,-75.63061407,12.86,1767.245,24.131,19.730,290,12,32,,
T,2023-03-03 17:30:44,6.27555647,-75.63078643,12.86,1713.078,24.131,19.920,287,12,32,,
T,2023-03-03 17:30:45,6.27561728,-75.63097856,12.86,1722.159,24.132,20.010,284,12,32,,
T,2023-03-03 17:30:46,6.27566163,-75.63116770,12.86,1722.652,24.133,19.710,276,10,32,,
T,2023-03-03 17:30:47,6.27568941,-75.63135862,12.86,1722.670,24.134,19.320,272,12,32,,
T,2023-03-03 17:30:48,6.27569504,-75.63153083,13.94,1723.619,24.135,19.330,266,12,32,,
T,2023-03-03 17:30:49,6.27567692,-75.63170754,13.94,1724.196,24.136,19.870,259,12,32,,
T,2023-03-03 17:30:50,6.27563501,-75.63189005,12.86,1725.662,24.137,20.270,254,13,32,,
T,2023-03-03 17:30:51,6.27557568,-75.63206393,12.86,1726.144,24.138,20.320,252,13,32,,
T,2023-03-03 17:30:52,6.27551829,-75.63224753,12.86,1728.536,24.139,20.650,252,12,32,,
T,2023-03-03 17:30:53,6.27546003,-75.63241323,12.86,1729.938,24.140,19.970,251,11,32,,
T,2023-03-03 17:30:54,6.27541582,-75.63258721,12.86,1730.932,24.141,19.940,253,9,32,,
T,2023-03-03 17:30:55,6.27535695,-75.63276466,12.86,1732.742,24.142,20.060,253,9,32,,
T,2023-03-03 17:30:56,6.27531141,-75.63295942,12.86,1734.300,24.143,20.430,254,10,32,,
T,2023-03-03 17:30:57,6.27525875,-75.63313349,12.86,1736.748,24.144,20.330,257,10,32,,
T,2023-03-03 17:30:58,6.27523438,-75.63332367,12.86,1749.542,24.145,20.340,264,11,32,,
T,2023-03-03 17:30:59,6.27523103,-75.63351253,12.86,1814.049,24.146,20.080,274,11,32,,
T,2023-03-03 17:31:00,6.27526314,-75.63370190,13.94,1810.494,24.147,19.670,285,11,32,,
T,2023-03-03 17:31:01,6.27534592,-75.63388042,11.79,1810.414,24.148,20.400,292,12,32,,
T,2023-03-03 17:31:02,6.27543310,-75.63404883,11.79,1811.536,24.149,20.420,300,13,32,,
T,2023-03-03 17:31:03,6.27553513,-75.63420772,11.79,1813.635,24.149,21.110,303,13,32,,
T,2023-03-03 17:31:04,6.27562798,-75.63437494,11.79,1814.028,24.150,20.780,301,12,32,,
T,2023-03-03 17:31:05,6.27570203,-75.63454897,11.79,1814.246,24.151,20.830,298,12,32,,
T,2023-03-03 17:31:06,6.27578060,-75.63471085,11.79,1814.378,24.151,21.170,294,12,32,,
T,2023-03-03 17:31:07,6.27585154,-75.63487883,11.79,1814.683,24.152,20.940,286,11,32,,
T,2023-03-03 17:31:08,6.27590466,-75.63506111,11.79,1815.096,24.153,20.550,277,11,32,,
T,2023-03-03 17:31:09,6.27592643,-75.63524752,12.86,1815.577,24.154,20.600,268,11,32,,
T,2023-03-03 17:31:10,6.27591608,-75.63543392,12.86,1816.143,24.155,21.220,262,10,32,,
T,2023-03-03 17:31:11,6.27586932,-75.63561679,12.86,1816.553,24.156,20.980,255,11,31,,
T,2023-03-03 17:31:12,6.27578650,-75.63578620,12.86,1817.337,24.157,20.810,248,12,32,,
T,2023-03-03 17:31:13,6.27570383,-75.63595974,12.86,1817.542,24.158,20.710,246,10,32,,
T,2023-03-03 17:31:14,6.27562422,-75.63614016,13.94,1818.445,24.159,21.090,245,9,32,,
T,2023-03-03 17:31:15,6.27554426,-75.63632965,13.94,1818.678,24.160,21.280,248,9,32,,
T,2023-03-03 17:31:16,6.27545986,-75.63651289,13.94,1816.007,24.161,21.400,252,8,32,,
T,2023-03-03 17:31:17,6.27541631,-75.63669767,13.94,1840.936,24.162,21.010,259,9,32,,
T,2023-03-03 17:31:18,6.27540838,-75.63687278,13.94,1840.262,24.163,20.180,266,10,32,,
T,2023-03-03 17:31:19,6.27540436,-75.63705824,13.94,1840.085,24.164,20.050,270,10,32,,
T,2023-03-03 17:31:20,6.27539886,-75.63723977,13.94,1839.402,24.165,20.170,271,9,32,,
T,2023-03-03 17:31:21,6.27540374,-75.63743525,12.86,1838.844,24.166,20.110,272,9,32,,
T,2023-03-03 17:31:22,6.27539494,-75.63760585,12.86,1839.174,24.167,20.370,270,9,32,,
T,2023-03-03 17:31:23,6.27538890,-75.63779497,12.86,1839.274,24.168,20.280,266,12,32,,
T,2023-03-03 17:31:24,6.27537648,-75.63797045,12.86,1839.584,24.169,19.990,261,12,32,,
T,2023-03-03 17:31:25,6.27532707,-75.63814446,12.86,1840.522,24.170,19.950,259,12,32,,
T,2023-03-03 17:31:26,6.27526466,-75.63831480,12.86,1840.951,24.171,20.130,255,12,32,,
T,2023-03-03 17:31:27,6.27521616,-75.63849948,12.86,1843.606,24.172,20.540,254,12,32,,
T,2023-03-03 17:31:28,6.27516219,-75.63868595,12.86,1842.905,24.173,20.870,255,12,32,,
T,2023-03-03 17:31:29,6.27511342,-75.63886818,12.86,1841.829,24.174,20.930,257,11,32,,
T,2023-03-03 17:31:30,6.27508006,-75.63903566,13.94,1840.781,24.175,20.000,261,11,32,,
T,2023-03-03 17:31:31,6.27505535,-75.63920518,13.94,1843.686,24.176,19.870,267,10,32,,
T,2023-03-03 17:31:32,6.27507675,-75.63939356,15.01,1846.034,24.177,19.600,277,10,32,,
T,2023-03-03 17:31:33,6.27513349,-75.63955956,15.01,1847.764,24.178,18.240,287,7,32,,
T,2023-03-03 17:31:34,6.27526340,-75.63972025,16.08,1849.229,24.178,19.560,297,8,32,,
T,2023-03-03 17:31:35,6.27536607,-75.63987583,16.08,1849.704,24.179,20.210,306,9,32,,
T,2023-03-03 17:31:36,6.27549104,-75.64000985,15.01,1850.139,24.179,19.420,315,10,32,,
T,2023-03-03 17:31:37,6.27562009,-75.64013170,15.01,1850.388,24.180,19.530,316,11,32,,
T,2023-03-03 17:31:38,6.27574964,-75.64024665,15.01,1850.727,24.180,19.050,315,12,32,,
T,2023-03-03 17:31:39,6.27582618,-75.64036869,15.01,1849.884,24.180,17.970,312,11,32,,
T,2023-03-03 17:31:40,6.27592235,-75.64047722,13.94,1849.162,24.181,17.330,309,11,32,,
T,2023-03-03 17:31:41,6.27600142,-75.64057652,13.94,1849.465,24.181,16.250,305,9,32,,
T,2023-03-03 17:31:42,6.27606379,-75.64067476,13.94,1849.267,24.181,13.850,302,9,32,,
T,2023-03-03 17:31:43,6.27612805,-75.64076514,12.86,1848.771,24.182,11.640,301,9,32,,
T,2023-03-03 17:31:44,6.27619173,-75.64082773,12.86,1848.480,24.182,9.330,300,9,32,,
T,2023-03-03 17:31:45,6.27621229,-75.64089234,12.86,1848.035,24.182,7.540,310,11,32,,
T,2023-03-03 17:31:46,6.27623422,-75.64092087,12.86,1847.605,24.182,4.680,351,11,32,,
T,2023-03-03 17:31:47,6.27625733,-75.64093925,12.86,1847.823,24.182,3.370,16,11,32,,
T,2023-03-03 17:31:48,6.27629178,-75.64095422,13.94,1844.335,24.182,3.530,356,11,32,,
T,2023-03-03 17:32:02,6.27660116,-75.64164871,37.52,1844.431,24.185,8.220,264,7,32,,
T,2023-03-03 17:32:03,6.27661727,-75.64169542,36.45,1872.075,24.186,8.620,262,7,32,,
T,2023-03-03 17:32:04,6.27660592,-75.64177735,37.52,1866.795,24.186,8.870,260,7,32,,
T,2023-03-03 17:32:05,6.27659987,-75.64186035,38.59,1872.059,24.186,8.960,259,7,32,,
T,2023-03-03 17:32:06,6.27657718,-75.64193378,40.74,1872.076,24.187,8.830,252,7,32,,
T,2023-03-03 17:32:07,6.27655261,-75.64200876,41.81,1872.097,24.187,8.790,250,7,32,,
T,2023-03-03 17:32:08,6.27652549,-75.64208252,43.95,1872.126,24.188,8.750,247,7,32,,
T,2023-03-03 17:32:09,6.27649817,-75.64216534,45.02,1871.971,24.188,8.870,249,7,32,,
T,2023-03-03 17:32:10,6.27646504,-75.64217672,42.88,1871.994,24.188,8.500,251,4,32,,
T,2023-03-03 17:32:11,6.27646173,-75.64220587,40.74,1844.329,24.189,7.950,243,5,32,,
T,2023-03-03 17:32:12,6.27639664,-75.64217883,37.52,1844.316,24.189,5.630,230,5,32,,
T,2023-03-03 17:32:13,6.27636857,-75.64221671,39.66,1844.231,24.189,5.500,227,6,32,,
T,2023-03-03 17:32:14,6.27643033,-75.64221573,31.09,1842.058,24.189,3.390,215,6,32,,
T,2023-03-03 17:32:15,6.27639472,-75.64221484,25.73,1842.332,24.189,3.700,216,8,32,,
T,2023-03-03 17:32:16,6.27639985,-75.64226786,20.37,1841.803,24.189,4.140,212,8,32,,
T,2023-03-03 17:32:17,6.27638565,-75.64229502,18.22,1841.989,24.189,5.300,218,10,32,,
T,2023-03-03 17:32:18,6.27632513,-75.64236352,13.94,1842.167,24.190,5.740,220,13,32,,
T,2023-03-03 17:32:19,6.27625689,-75.64239307,12.86,1842.522,24.190,5.260,221,14,32,,
T,2023-03-03 17:32:20,6.27622785,-75.64243779,12.86,1842.049,24.190,5.070,228,14,32,,
T,2023-03-03 17:32:21,6.27619911,-75.64245092,12.86,1862.374,24.190,3.970,219,15,32,,
T,2023-03-03 17:32:22,6.27613708,-75.64247350,11.79,1862.796,24.191,5.120,212,15,32,,
T,2023-03-03 17:32:23,6.27613302,-75.64250582,9.65,1861.792,24.191,4.980,203,15,32,,
T,2023-03-03 17:32:24,6.27609171,-75.64252394,10.72,1861.688,24.191,4.860,208,16,32,,
T,2023-03-03 17:32:25,6.27604990,-75.64254317,10.72,1861.670,24.191,5.090,209,15,32,,
T,2023-03-03 17:32:26,6.27600850,-75.64255453,10.72,1861.584,24.191,5.210,208,14,32,,
T,2023-03-03 17:32:27,6.27594271,-75.64258374,11.79,1862.487,24.192,5.920,201,14,32,,
T,2023-03-03 17:32:28,6.27589670,-75.64261193,12.86,1865.728,24.192,5.830,209,14,32,,
T,2023-03-03 17:32:29,6.27584805,-75.64262774,13.94,1865.750,24.192,5.400,216,14,32,,
T,2023-03-03 17:32:30,6.27581359,-75.64265772,15.01,1865.877,24.192,5.200,222,12,32,,
T,2023-03-03 17:32:31,6.27577712,-75.64271069,15.01,1865.671,24.193,5.860,245,11,32,,
T,2023-03-03 17:32:32,6.27573256,-75.64278055,13.94,1865.523,24.193,7.850,247,12,32,,
T,2023-03-03 17:32:33,6.27569558,-75.64282728,11.79,1865.034,24.194,8.730,248,12,32,,
T,2023-03-03 17:32:34,6.27565561,-75.64289950,12.86,1865.847,24.194,8.940,245,13,32,,
T,2023-03-03 17:32:35,6.27562101,-75.64297270,13.94,1866.337,24.194,8.940,244,13,32,,
T,2023-03-03 17:32:36,6.27558284,-75.64304451,16.08,1866.530,24.195,8.640,243,12,32,,
T,2023-03-03 17:32:47,6.27536001,-75.64370396,25.73,1867.457,24.199,4.620,240,9,31,,
T,2023-03-03 17:32:48,6.27534067,-75.64374058,25.73,1867.411,24.199,4.580,234,9,32,,
T,2023-03-03 17:32:49,6.27530849,-75.64378158,26.80,1867.493,24.199,4.590,233,8,32,,
T,2023-03-03 17:32:50,6.27522696,-75.64385740,25.73,1867.475,24.200,6.180,227,7,32,,
T,2023-03-03 17:32:51,6.27524019,-75.64396151,20.37,1867.367,24.200,6.530,236,7,32,,
T,2023-03-03 17:32:52,6.27519127,-75.64401984,18.22,1867.367,24.201,6.770,238,13,32,,
T,2023-03-03 17:32:53,6.27520221,-75.64418840,16.08,1867.380,24.202,8.570,247,15,32,,
T,2023-03-03 17:32:54,6.27511638,-75.64422644,13.94,1867.501,24.202,8.780,241,16,32,,
T,2023-03-03 17:32:55,6.27507306,-75.64427600,10.72,1867.639,24.202,8.700,244,16,32,,
T,2023-03-03 17:32:56,6.27503183,-75.64432703,8.58,1867.773,24.203,8.580,250,16,32,,
T,2023-03-03 17:32:57,6.27496597,-75.64441368,8.58,1867.616,24.203,9.390,247,16,32,,
T,2023-03-03 17:32:58,6.27493836,-75.64450154,11.79,1868.202,24.204,9.220,254,16,32,,
T,2023-03-03 17:32:59,6.27490108,-75.64459043,12.86,1868.778,24.205,9.260,255,17,32,,
T,2023-03-03 17:33:00,6.27489117,-75.64468041,11.79,1868.699,24.205,9.990,258,17,32,,
T,2023-03-03 17:33:01,6.27486789,-75.64477466,11.79,1868.889,24.206,10.190,255,15,32,,
T,2023-03-03 17:33:02,6.27483519,-75.64487656,11.79,1869.370,24.206,10.290,249,15,32,,
T,2023-03-03 17:33:03,6.27479065,-75.64495657,11.79,1870.279,24.207,9.740,247,15,32,,
T,2023-03-03 17:33:04,6.27476203,-75.64503218,11.79,1869.874,24.207,10.160,244,15,32,,
T,2023-03-03 17:33:05,6.27471922,-75.64511499,12.86,1869.842,24.208,10.210,241,15,32,,
T,2023-03-03 17:33:06,6.27467542,-75.64519304,13.94,1869.836,24.208,9.960,240,15,32,,
T,2023-03-03 17:33:07,6.27462898,-75.64526992,13.94,1869.766,24.209,10.160,239,13,32,,
T,2023-03-03 17:33:08,6.27457687,-75.64535342,16.08,1869.697,24.209,10.370,239,13,32,,
T,2023-03-03 17:33:09,6.27452545,-75.64543223,19.30,1869.644,24.210,10.380,236,12,32,,
T,2023-03-03 17:33:10,6.27447112,-75.64551568,22.51,1869.631,24.210,10.510,237,6,32,,
T,2023-03-03 17:33:11,6.27442031,-75.64559655,27.87,1869.595,24.211,10.510,237,5,32,,
T,2023-03-03 17:33:12,6.27437530,-75.64566700,31.09,1869.531,24.211,10.330,235,5,32,,
T,2023-03-03 17:33:13,6.27432081,-75.64574190,37.52,1869.507,24.212,10.300,234,6,32,,
T,2023-03-03 17:33:14,6.27426602,-75.64583946,42.88,1869.519,24.212,10.580,239,5,31,,
T,2023-03-03 17:33:15,6.27424731,-75.64589196,45.02,1869.540,24.213,9.800,241,5,31,,
T,2023-03-03 17:33:16,6.27415482,-75.64605289,33.23,1869.677,24.214,10.570,234,5,32,,
T,2023-03-03 17:33:17,6.27409528,-75.64617132,21.44,1870.102,24.215,10.160,241,10,32,,
T,2023-03-03 17:33:18,6.27403110,-75.64624918,16.08,1870.548,24.215,9.370,244,15,32,,
T,2023-03-03 17:33:19,6.27397753,-75.64630399,15.01,1871.580,24.216,8.980,251,15,32,,
T,2023-03-03 17:33:20,6.27397695,-75.64638898,13.94,1872.671,24.216,8.830,258,16,32,,
T,2023-03-03 17:33:21,6.27396992,-75.64645351,12.86,1873.054,24.216,8.660,258,17,32,,
T,2023-03-03 17:33:22,6.27394515,-75.64652299,12.86,1873.282,24.217,8.300,252,16,32,,
T,2023-03-03 17:33:23,6.27394526,-75.64659397,12.86,1874.166,24.217,8.460,256,16,32,,
T,2023-03-03 17:33:24,6.27392386,-75.64669751,11.79,1875.172,24.218,9.870,257,16,32,,
T,2023-03-03 17:33:25,6.27390704,-75.64677397,11.79,1876.275,24.218,9.280,249,16,32,,
T,2023-03-03 17:33:26,6.27386778,-75.64682977,11.79,1876.836,24.219,9.020,246,15,32,,
T,2023-03-03 17:33:27,6.27385229,-75.64689373,11.79,1877.154,24.219,8.050,247,15,32,,
T,2023-03-03 17:33:28,6.27382658,-75.64696176,11.79,1876.944,24.219,8.040,247,16,32,,
T,2023-03-03 17:33:29,6.27381170,-75.64700349,12.86,1876.594,24.220,6.550,245,16,32,,
T,2023-03-03 17:33:30,6.27378968,-75.64700906,12.86,1876.913,24.220,3.870,242,16,32,,
T,2023-03-03 17:33:31,6.27377742,-75.64704188,12.86,1876.883,24.220,3.870,245,16,32,,
T,2023-03-03 17:33:32,6.27376525,-75.64705702,12.86,1877.602,24.220,3.100,244,15,32,,
T,2023-03-03 17:33:33,6.27375198,-75.64710085,11.79,1878.821,24.220,4.790,246,15,32,,
T,2023-03-03 17:33:34,6.27370017,-75.64715452,11.79,1879.290,24.221,6.970,241,16,31,,
T,2023-03-03 17:33:35,6.27365536,-75.64721051,11.79,1880.666,24.221,7.220,243,16,31,,
T,2023-03-03 17:33:36,6.27363195,-75.64729083,11.79,1880.617,24.221,7.710,247,16,31,,
T,2023-03-03 17:33:37,6.27360325,-75.64736276,11.79,1875.726,24.222,8.570,249,16,31,,
T,2023-03-03 17:33:38,6.27357191,-75.64744064,11.79,1880.707,24.222,9.700,247,16,32,,
T,2023-03-03 17:33:39,6.27352193,-75.64752903,12.86,1877.587,24.223,10.740,241,16,32,,
T,2023-03-03 17:33:40,6.27346866,-75.64761876,12.86,1877.169,24.224,11.020,237,15,32,,
T,2023-03-03 17:33:41,6.27341426,-75.64770314,13.94,1877.816,24.224,11.110,237,14,32,,
T,2023-03-03 17:33:42,6.27336555,-75.64778526,13.94,1877.847,24.225,10.870,238,10,32,,
T,2023-03-03 17:33:43,6.27330931,-75.64787579,13.94,1877.471,24.225,11.200,238,8,32,,
T,2023-03-03 17:33:44,6.27325612,-75.64797022,13.94,1877.997,24.226,11.300,239,9,32,,
T,2023-03-03 17:33:45,6.27319449,-75.64803627,15.01,1881.131,24.226,10.670,242,8,32,,
T,2023-03-03 17:33:46,6.27317439,-75.64809714,13.94,1895.338,24.227,8.700,255,10,32,,
T,2023-03-03 17:33:47,6.27323009,-75.64820576,13.94,1903.704,24.227,7.230,265,10,32,,
T,2023-03-03 17:33:48,6.27321947,-75.64826891,15.01,1903.228,24.228,7.120,270,12,32,,
T,2023-03-03 17:33:49,6.27320857,-75.64832957,16.08,1904.276,24.228,7.000,269,12,32,,
T,2023-03-03 17:34:23,6.27366423,-75.65146067,18.22,1905.015,24.243,10.310,274,13,31,,
T,2023-03-03 17:34:24,6.27364499,-75.65151114,18.22,1904.847,24.243,7.360,270,13,31,,
T,2023-03-03 17:34:25,6.27358263,-75.65152529,18.22,1905.283,24.244,3.730,247,13,31,,
T,2023-03-03 17:34:26,6.27357553,-75.65154923,18.22,1906.098,24.244,3.360,251,13,31,,
T,2023-03-03 17:34:27,6.27355798,-75.65157307,18.22,1906.665,24.244,3.150,250,13,31,,
T,2023-03-03 17:34:28,6.27351248,-75.65160907,18.22,1907.243,24.244,4.080,237,13,31,,
T,2023-03-03 17:34:29,6.27348102,-75.65166363,19.30,1907.791,24.245,5.220,238,11,31,,
T,2023-03-03 17:34:30,6.27344440,-75.65170853,21.44,1908.676,24.245,5.890,237,11,31,,
T,2023-03-03 17:34:31,6.27339515,-75.65175475,19.30,1910.443,24.245,6.930,234,12,31,,
T,2023-03-03 17:34:32,6.27333785,-75.65180290,19.30,1911.136,24.246,7.330,232,10,31,,
T,2023-03-03 17:34:33,6.27327046,-75.65185170,18.22,1913.153,24.246,8.040,227,9,31,,
T,2023-03-03 17:34:34,6.27322327,-75.65193619,16.08,1914.149,24.247,8.140,237,9,31,,
T,2023-03-03 17:34:35,6.27316193,-75.65196972,15.01,1911.135,24.247,7.510,241,10,31,,
T,2023-03-03 17:34:36,6.27314455,-75.65203532,11.79,1921.386,24.247,7.490,242,10,31,,
T,2023-03-03 17:34:37,6.27312788,-75.65209672,10.72,1929.763,24.248,6.430,251,11,31,,
T,2023-03-03 17:34:38,6.27311754,-75.65216375,10.72,1933.531,24.248,5.460,249,13,31,,
T,2023-03-03 17:34:39,6.27309890,-75.65220515,11.79,1933.529,24.248,5.380,250,13,31,,
T,2023-03-03 17:34:40,6.27309411,-75.65225373,11.79,1934.660,24.249,5.540,254,13,31,,
T,2023-03-03 17:34:41,6.27309149,-75.65231930,9.65,1938.938,24.249,5.440,256,13,31,,
T,2023-03-03 17:34:42,6.27308403,-75.65235349,9.65,1941.130,24.249,5.100,262,13,31,,
T,2023-03-03 17:34:43,6.27308751,-75.65240522,10.72,1940.870,24.249,5.710,255,12,31,,
T,2023-03-03 17:34:44,6.27307450,-75.65245515,11.79,1940.655,24.250,5.710,255,11,31,,
T,2023-03-03 17:34:55,6.27303257,-75.65244318,11.79,1939.413,24.250,0.500,256,19,32,,
T,2023-03-03 17:34:56,6.27301654,-75.65245259,11.79,1939.983,24.250,1.230,229,19,32,,
T,2023-03-03 17:34:57,6.27299753,-75.65247211,10.72,1940.576,24.250,1.710,236,19,32,,
T,2023-03-03 17:34:58,6.27296683,-75.65249385,10.72,1941.115,24.250,1.890,269,19,32,,
T,2023-03-03 17:34:59,6.27295386,-75.65251798,8.58,1945.087,24.250,1.640,285,18,32,,
T,2023-03-03 17:35:00,6.27293900,-75.65254415,7.50,1953.413,24.250,1.810,278,16,32,,
T,2023-03-03 17:35:01,6.27291373,-75.65258766,6.43,1954.603,24.251,3.700,255,15,32,,
T,2023-03-03 17:35:02,6.27289711,-75.65263636,6.43,1960.599,24.251,4.160,265,16,32,,
T,2023-03-03 17:35:03,6.27289347,-75.65267635,6.43,1962.689,24.251,4.030,281,17,32,,
T,2023-03-03 17:35:04,6.27288727,-75.65272555,6.43,1962.993,24.251,4.850,275,17,32,,
T,2023-03-03 17:35:05,6.27285376,-75.65279274,6.43,1963.715,24.252,5.530,261,17,32,,
T,2023-03-03 17:35:06,6.27283067,-75.65284753,5.36,1963.939,24.252,5.690,254,18,32,,
T,2023-03-03 17:35:07,6.27280254,-75.65290439,5.36,1966.833,24.253,5.730,247,18,32,,
T,2023-03-03 17:35:08,6.27275172,-75.65296492,6.43,1968.101,24.253,5.880,244,18,32,,
T,2023-03-03 17:35:09,6.27272876,-75.65300607,6.43,1969.186,24.253,5.500,237,15,32,,
T,2023-03-03 17:35:10,6.27270160,-75.65304308,6.43,1969.551,24.254,5.230,232,15,32,,
T,2023-03-03 17:35:11,6.27267633,-75.65306872,6.43,1970.472,24.254,4.900,221,15,32,,
T,2023-03-03 17:35:12,6.27263045,-75.65309292,5.36,1975.217,24.254,4.800,215,16,32,,
T,2023-03-03 17:35:13,6.27258979,-75.65310623,6.43,1975.247,24.254,4.600,198,16,32,,
T,2023-03-03 17:35:14,6.27252820,-75.65310603,6.43,1975.377,24.254,5.630,186,16,32,,
T,2023-03-03 17:35:15,6.27247541,-75.65310499,6.43,1975.285,24.254,5.280,184,16,31,,
T,2023-03-03 17:35:16,6.27242747,-75.65310541,7.50,1975.362,24.254,4.840,180,16,31,,
T,2023-03-03 17:35:17,6.27238462,-75.65310212,7.50,1976.119,24.255,4.840,178,16,31,,
T,2023-03-03 17:35:18,6.27234728,-75.65310663,8.58,1976.009,24.255,4.580,185,16,31,,
T,2023-03-03 17:35:19,6.27231496,-75.65310459,8.58,1976.062,24.255,3.670,183,14,31,,
T,2023-03-03 17:35:20,6.27229371,-75.65309810,8.58,1979.397,24.255,3.270,180,14,31,,
T,2023-03-03 17:35:21,6.27227872,-75.65310427,8.58,1981.602,24.255,2.810,199,15,31,,
T,2023-03-03 17:35:22,6.27224872,-75.65311367,7.50,1982.721,24.255,3.930,219,16,31,,
T,2023-03-03 17:35:23,6.27220480,-75.65312347,6.43,1985.474,24.255,5.150,222,17,31,,
T,2023-03-03 17:35:24,6.27216487,-75.65314346,6.43,1987.156,24.255,5.310,227,17,31,,
T,2023-03-03 17:35:25,6.27214706,-75.65316747,5.36,1988.789,24.255,4.020,246,17,31,,
T,2023-03-03 17:35:26,6.27213575,-75.65319937,5.36,1989.984,24.256,3.510,241,17,31,,
T,2023-03-03 17:35:27,6.27211764,-75.65321315,5.36,1991.226,24.256,2.490,239,16,31,,
T,2023-03-03 17:35:28,6.27210445,-75.65321375,5.36,1991.882,24.256,2.010,241,16,31,,
T,2023-03-03 17:35:29,6.27211713,-75.65322430,5.36,1992.631,24.256,0.400,245,16,31,,
T,2023-03-03 17:35:30,6.27211632,-75.65322745,6.43,1992.570,24.256,0.360,245,16,31,,
T,2023-03-03 17:35:34,6.27206057,-75.65327872,9.65,1992.146,24.256,3.690,226,,32,,
T,2023-03-03 17:35:35,6.27196716,-75.65333967,9.65,1992.427,24.257,5.370,213,13,32,,
T,2023-03-03 17:35:36,6.27192188,-75.65336609,10.72,1992.435,24.257,5.510,201,12,32,,
T,2023-03-03 17:35:37,6.27187862,-75.65336948,11.79,1992.270,24.257,5.080,199,12,32,,
T,2023-03-03 17:35:38,6.27183867,-75.65338900,13.94,1992.344,24.257,4.740,205,13,32,,
T,2023-03-03 17:35:39,6.27180296,-75.65340813,16.08,1992.340,24.257,4.620,213,13,32,,
T,2023-03-03 17:35:40,6.27177492,-75.65343084,18.22,1992.335,24.258,4.380,219,13,32,,
T,2023-03-03 17:35:52,6.27144939,-75.65373106,19.30,1993.254,24.260,2.130,248,14,32,,
T,2023-03-03 17:35:53,6.27143948,-75.65375223,20.37,1993.312,24.260,2.150,243,14,32,,
T,2023-03-03 17:35:54,6.27142377,-75.65377636,21.44,1993.419,24.260,2.450,231,10,32,,
T,2023-03-03 17:35:55,6.27139920,-75.65380595,22.51,1993.411,24.260,3.310,222,9,32,,
T,2023-03-03 17:35:56,6.27136742,-75.65383891,23.58,1993.486,24.261,3.820,218,6,32,,
T,2023-03-03 17:35:57,6.27133072,-75.65388378,23.58,1993.610,24.261,4.500,235,5,32,,
T,2023-03-03 17:35:58,6.27117755,-75.65411730,22.51,1993.436,24.263,8.660,236,4,32,,
T,2023-03-03 17:35:59,6.27111544,-75.65417009,21.44,1993.358,24.263,8.690,229,5,31,,
T,2023-03-03 17:36:00,6.27104814,-75.65425838,18.22,1993.770,24.264,9.750,228,6,32,,
T,2023-03-03 17:36:01,6.27083035,-75.65426565,18.22,1995.055,24.264,10.200,227,7,32,,
T,2023-03-03 17:36:02,6.27072296,-75.65436486,17.15,1995.071,24.265,10.250,222,10,32,,
T,2023-03-03 17:36:03,6.27062708,-75.65442500,16.08,1994.505,24.265,10.100,216,10,32,,
T,2023-03-03 17:36:04,6.27053635,-75.65448248,16.08,1994.299,24.266,10.760,211,10,32,,
T,2023-03-03 17:36:05,6.27044205,-75.65452611,15.01,1993.996,24.266,10.310,215,11,32,,
T,2023-03-03 17:36:06,6.27036579,-75.65460251,13.94,1994.661,24.267,10.870,222,11,32,,
T,2023-03-03 17:36:07,6.27030180,-75.65470092,13.94,1996.166,24.268,11.500,231,12,32,,
T,2023-03-03 17:36:08,6.27023397,-75.65478352,15.01,1996.409,24.268,11.340,232,14,32,,
T,2023-03-03 17:36:09,6.27017485,-75.65486481,16.08,1996.429,24.269,11.030,241,14,32,,
T,2023-03-03 17:36:10,6.27013395,-75.65495057,17.15,1996.769,24.269,10.760,240,14,32,,
T,2023-03-03 17:36:11,6.27008535,-75.65503377,19.30,1996.964,24.270,10.690,244,13,32,,
T,2023-03-03 17:36:12,6.27004706,-75.65511884,22.51,1997.034,24.270,10.520,247,12,32,,
T,2023-03-03 17:36:13,6.26999494,-75.65519945,25.73,1997.139,24.271,10.520,236,11,32,,
T,2023-03-03 17:36:14,6.26991894,-75.65526614,27.87,1997.219,24.271,10.480,222,6,32,,
T,2023-03-03 17:36:15,6.26985213,-75.65534023,32.16,1995.585,24.272,10.610,228,6,32,,
T,2023-03-03 17:36:16,6.26977250,-75.65543868,32.16,1995.420,24.273,11.650,225,4,32,,
T,2023-03-03 17:36:17,6.26968587,-75.65552407,35.38,1995.266,24.273,11.820,222,5,32,,
T,2023-03-03 17:36:18,6.26960418,-75.65559117,36.45,1994.993,24.274,12.080,220,5,32,,
T,2023-03-03 17:36:19,6.26953883,-75.65564780,37.52,1995.205,24.274,11.630,227,5,32,,
T,2023-03-03 17:36:20,6.26942786,-75.65576537,40.74,1994.612,24.275,13.170,231,8,32,,
T,2023-03-03 17:36:21,6.26937077,-75.65583047,47.17,1994.122,24.276,12.650,230,8,32,,
T,2023-03-03 17:36:22,6.26930222,-75.65591762,54.67,1993.706,24.276,12.550,235,7,32,,
T,2023-03-03 17:36:23,6.26931107,-75.65607726,43.95,1993.677,24.277,12.400,241,5,32,,
T,2023-03-03 17:36:24,6.26925630,-75.65618619,45.02,1993.711,24.278,12.650,240,6,32,,
T,2023-03-03 17:36:25,6.26917985,-75.65622453,43.95,1993.917,24.278,12.240,231,6,32,,
T,2023-03-03 17:36:26,6.26915922,-75.65628424,45.02,1993.843,24.279,11.220,231,5,32,,
T,2023-03-03 17:36:27,6.26910867,-75.65636984,49.31,1993.791,24.279,11.160,241,5,32,,
T,2023-03-03 17:36:28,6.26907959,-75.65645267,49.31,1993.796,24.280,10.520,245,5,31,,
T,2023-03-03 17:36:29,6.26896271,-75.65662461,53.60,1993.675,24.281,11.290,242,5,32,,
T,2023-03-03 17:36:30,6.26887229,-75.65672873,54.67,1993.638,24.281,11.280,236,5,30,,
T,2023-03-03 17:36:31,6.26879303,-75.65683645,52.53,1993.879,24.282,11.270,229,5,32,,
T,2023-03-03 17:36:32,6.26867334,-75.65686610,48.24,1994.137,24.283,10.070,218,4,31,,
T,2023-03-03 17:36:33,6.26858268,-75.65686923,40.74,1994.513,24.283,9.460,217,6,32,,
T,2023-03-03 17:36:34,6.26856966,-75.65697537,30.02,1995.021,24.283,10.160,224,7,32,,
T,2023-03-03 17:36:35,6.26850808,-75.65707344,26.80,1996.120,24.284,9.970,235,9,31,,
T,2023-03-03 17:36:36,6.26842558,-75.65714625,21.44,1997.101,24.285,10.220,241,10,32,,
T,2023-03-03 17:36:37,6.26834387,-75.65721810,20.37,1996.987,24.285,10.910,246,10,32,,
T,2023-03-03 17:36:38,6.26829670,-75.65730364,19.30,1997.850,24.286,10.920,247,11,32,,
T,2023-03-03 17:36:39,6.26827620,-75.65740521,18.22,1998.513,24.286,10.840,248,10,32,,
T,2023-03-03 17:36:40,6.26822332,-75.65751033,17.15,1999.255,24.287,11.460,249,10,32,,
T,2023-03-03 17:36:41,6.26819606,-75.65759573,18.22,1998.856,24.288,11.260,250,10,32,,
T,2023-03-03 17:36:42,6.26818956,-75.65767721,21.44,1997.720,24.288,10.960,249,10,32,,
T,2023-03-03 17:36:43,6.26814289,-75.65774707,21.44,1997.566,24.288,10.680,247,10,32,,
T,2023-03-03 17:36:44,6.26811194,-75.65784356,24.66,1996.748,24.289,10.370,244,10,32,,
T,2023-03-03 17:36:45,6.26806225,-75.65793621,25.73,1996.698,24.290,10.560,246,10,32,,
T,2023-03-03 17:36:46,6.26804170,-75.65803143,26.80,1996.450,24.290,10.890,249,6,32,,
T,2023-03-03 17:36:47,6.26802952,-75.65816224,26.80,1996.445,24.291,10.870,253,6,32,,
T,2023-03-03 17:36:48,6.26800323,-75.65821407,27.87,1996.363,24.291,10.030,258,6,32,,
T,2023-03-03 17:36:49,6.26798417,-75.65831069,27.87,1996.863,24.292,10.280,261,7,32,,
T,2023-03-03 17:36:50,6.26796554,-75.65842294,28.94,1996.621,24.292,10.970,265,6,32,,
T,2023-03-03 17:36:51,6.26796543,-75.65850661,30.02,1996.402,24.293,10.480,265,5,32,,
T,2023-03-03 17:36:52,6.26797006,-75.65860924,30.02,1996.319,24.293,10.880,261,6,32,,
T,2023-03-03 17:36:53,6.26793039,-75.65871094,33.23,1995.379,24.294,10.940,254,6,32,,
T,2023-03-03 17:36:54,6.26788919,-75.65879493,34.30,1995.559,24.294,10.940,252,7,32,,
T,2023-03-03 17:36:55,6.26786444,-75.65889101,36.45,1995.202,24.295,10.940,254,6,32,,
T,2023-03-03 17:36:56,6.26783878,-75.65898675,40.74,1994.897,24.296,10.940,254,6,32,,
T,2023-03-03 17:36:57,6.26781487,-75.65908274,43.95,1994.638,24.296,10.930,257,6,32,,
T,2023-03-03 17:36:58,6.26780521,-75.65917276,49.31,1994.418,24.297,10.590,264,6,32,,
T,2023-03-03 17:36:59,6.26778234,-75.65927163,54.67,1994.230,24.297,10.760,259,6,32,,
T,2023-03-03 17:37:00,6.26776490,-75.65938535,82.54,2029.543,24.298,11.010,260,4,32,,
T,2023-03-03 17:37:02,6.26773039,-75.65952470,80.40,1993.175,24.299,9.950,247,,32,,
T,2023-03-03 17:37:03,6.26770942,-75.65957127,64.32,1993.624,24.299,8.030,234,4,32,,
T,2023-03-03 17:37:04,6.26765828,-75.65962992,66.46,1993.524,24.299,7.000,217,6,32,,
T,2023-03-03 17:37:05,6.26761182,-75.65966410,69.68,1993.446,24.300,6.280,202,6,32,,
T,2023-03-03 17:37:06,6.26758442,-75.65969161,73.97,1993.378,24.300,5.350,188,6,32,,
T,2023-03-03 17:37:07,6.26757850,-75.65970975,77.18,1993.322,24.300,4.070,168,6,31,,
T,2023-03-03 17:37:08,6.26758278,-75.65972188,84.69,1993.135,24.300,2.870,156,5,32,,
T,2023-03-03 17:37:09,6.26760505,-75.65972072,94.34,1992.886,24.300,1.240,150,4,32,,
T,2023-03-03 17:37:10,6.26755289,-75.65971159,100.77,1992.667,24.300,1.540,144,3,32,,
T,2023-03-03 17:37:11,6.26753768,-75.65969963,112.56,1992.485,24.300,1.500,154,2,32,,
T,2023-03-03 17:37:12,6.26752438,-75.65969504,126.50,1992.332,24.300,1.520,156,2,32,,
T,2023-03-03 17:37:44,6.26669984,-75.66086363,40.74,2010.761,24.308,9.870,325,5,32,,
T,2023-03-03 17:37:45,6.26672832,-75.66088217,38.59,2013.927,24.308,9.430,334,6,32,,
T,2023-03-03 17:37:46,6.26679257,-75.66092864,37.52,2016.604,24.308,9.730,321,7,32,,
T,2023-03-03 17:37:47,6.26689023,-75.66103695,35.38,2020.584,24.308,10.680,302,8,32,,
T,2023-03-03 17:37:48,6.26695633,-75.66113442,32.16,2025.343,24.309,10.010,292,8,32,,
T,2023-03-03 17:37:49,6.26697520,-75.66121204,23.58,2029.480,24.309,9.850,299,9,32,,
T,2023-03-03 17:37:50,6.26707139,-75.66126424,16.08,2034.022,24.309,9.590,305,9,32,,
T,2023-03-03 17:37:51,6.26709037,-75.66135700,12.86,2038.762,24.310,9.960,303,9,32,,
T,2023-03-03 17:37:52,6.26713369,-75.66141212,11.79,2038.925,24.310,9.430,304,9,32,,
T,2023-03-03 17:37:53,6.26719388,-75.66148007,11.79,2041.248,24.310,9.590,306,9,32,,
T,2023-03-03 17:37:54,6.26726405,-75.66154231,10.72,2044.191,24.310,9.560,317,9,32,,
T,2023-03-03 17:37:55,6.26732700,-75.66160148,12.86,2045.440,24.310,9.560,317,8,32,,
T,2023-03-03 17:37:56,6.26738952,-75.66165467,13.94,2046.422,24.311,9.430,318,8,30,,
T,2023-03-03 17:37:57,6.26745926,-75.66171302,17.15,2047.083,24.311,9.540,318,8,31,,
T,2023-03-03 17:37:58,6.26752507,-75.66176568,19.30,2047.367,24.311,9.700,318,7,32,,
T,2023-03-03 17:37:59,6.26759878,-75.66185111,24.66,2047.032,24.311,9.840,319,5,31,,
T,2023-03-03 17:38:00,6.26767102,-75.66191164,26.80,2047.159,24.311,10.040,319,4,31,,
T,2023-03-03 17:38:01,6.26768798,-75.66192796,30.02,2048.021,24.311,7.440,317,4,30,,
T,2023-03-03 17:38:02,6.26775688,-75.66197638,32.16,2050.466,24.311,7.290,320,5,31,,
T,2023-03-03 17:38:03,6.26787514,-75.66187616,34.30,2053.309,24.311,4.810,354,7,31,,
T,2023-03-03 17:38:04,6.26791829,-75.66188110,41.81,2051.879,24.310,4.810,354,9,31,,
T,2023-03-03 17:38:05,6.26796144,-75.66188604,51.46,2050.630,24.310,4.810,354,8,31,,
T,2023-03-03 17:38:23,6.26860120,-75.66155571,39.66,2073.647,24.307,5.920,30,11,32,,
T,2023-03-03 17:38:24,6.26865229,-75.66154598,37.52,2073.830,24.307,5.640,23,11,32,,
T,2023-03-03 17:38:25,6.26869326,-75.66151826,36.45,2074.225,24.307,5.520,32,11,32,,
T,2023-03-03 17:38:26,6.26874778,-75.66150280,37.52,2074.464,24.307,5.770,31,8,32,,
T,2023-03-03 17:38:27,6.26877402,-75.66147002,40.74,2074.523,24.306,4.740,46,4,32,,
T,2023-03-03 17:38:28,6.26881503,-75.66144263,46.10,2074.508,24.306,4.980,32,4,32,,
T,2023-03-03 17:38:29,6.26885813,-75.66142700,51.46,2074.488,24.306,5.040,26,4,32,,
T,2023-03-03 17:38:30,6.26889371,-75.66141297,48.24,2074.599,24.306,4.680,23,4,32,,
T,2023-03-03 17:38:31,6.26892983,-75.66140551,47.17,2074.673,24.306,4.370,32,6,32,,
T,2023-03-03 17:38:32,6.26895426,-75.66136338,46.10,2074.916,24.305,4.150,24,7,32,,
T,2023-03-03 17:38:33,6.26895925,-75.66135406,37.52,2074.735,24.305,4.080,24,8,32,,
T,2023-03-03 17:38:34,6.26890178,-75.66132184,40.74,2074.355,24.305,4.580,23,8,32,,
T,2023-03-03 17:38:35,6.26893622,-75.66130000,43.95,2074.400,24.305,4.590,31,8,32,,
T,2023-03-03 17:38:36,6.26896915,-75.66127939,45.02,2074.460,24.305,4.270,23,8,32,,
T,2023-03-03 17:38:37,6.26900957,-75.66127704,49.31,2074.908,24.305,4.000,11,6,32,,
T,2023-03-03 17:38:38,6.26904666,-75.66126967,53.60,2074.907,24.305,4.050,24,6,32,,
T,2023-03-03 17:38:39,6.26907382,-75.66125185,60.03,2074.896,24.305,3.800,33,5,32,,
T,2023-03-03 17:38:40,6.26910374,-75.66123447,67.54,2074.884,24.304,3.840,33,5,32,,
T,2023-03-03 17:38:41,6.26913574,-75.66121870,75.04,2074.872,24.304,3.900,24,4,32,,
T,2023-03-03 17:38:42,6.26916836,-75.66120129,84.69,2074.904,24.304,3.920,24,4,32,,
T,2023-03-03 17:38:43,6.26920632,-75.66117414,95.41,2074.890,24.304,4.420,23,3,31,,
T,2023-03-03 17:38:44,6.26924221,-75.66114685,108.27,2074.874,24.304,4.430,30,4,32,,
T,2023-03-03 17:38:45,6.26927811,-75.66112184,123.28,2074.860,24.303,4.450,32,3,31,,
T,2023-03-03 17:38:46,6.26931161,-75.66109644,136.14,2074.858,24.303,4.360,38,3,32,,
T,2023-03-03 17:38:47,6.26930840,-75.66109086,113.63,2074.938,24.303,3.420,38,4,32,,
T,2023-03-03 17:38:48,6.26915443,-75.66115460,91.12,2075.078,24.304,3.720,33,5,32,,
T,2023-03-03 17:38:49,6.26920625,-75.66114335,77.18,2075.357,24.304,4.650,27,5,31,,
T,2023-03-03 17:38:50,6.26925886,-75.66113779,51.46,2075.815,24.304,4.620,19,5,32,,
T,2023-03-03 17:38:51,6.26930413,-75.66111602,48.24,2076.268,24.303,4.240,20,7,32,,
T,2023-03-03 17:38:52,6.26935410,-75.66109011,39.66,2077.073,24.303,4.420,12,8,32,,
T,2023-03-03 17:38:53,6.26939921,-75.66105246,32.16,2080.240,24.303,4.160,9,10,32,,
T,2023-03-03 17:38:54,6.26948854,-75.66092334,28.94,2086.437,24.302,5.200,350,10,32,,
T,2023-03-03 17:38:55,6.26951916,-75.66090027,26.80,2092.847,24.302,5.420,344,10,32,,
T,2023-03-03 17:38:56,6.26955827,-75.66092281,24.66,2099.673,24.302,4.530,335,11,32,,
T,2023-03-03 17:38:57,6.26957021,-75.66085849,21.44,2107.918,24.301,5.140,333,12,32,,
T,2023-03-03 17:38:58,6.26960826,-75.66086715,21.44,2114.633,24.301,4.970,333,12,32,,
T,2023-03-03 17:38:59,6.26964807,-75.66088773,23.58,2118.791,24.301,4.960,333,11,32,,
T,2023-03-03 17:39:00,6.26967832,-75.66089984,24.66,2118.584,24.301,4.860,333,11,32,,
T,2023-03-03 17:39:06,6.26993626,-75.66084956,20.37,2125.166,24.300,3.960,355,,32,,
T,2023-03-03 17:39:07,6.26997347,-75.66085513,18.22,2146.893,24.300,3.920,351,10,32,,
T,2023-03-03 17:39:08,6.27001160,-75.66085783,17.15,2147.615,24.300,4.120,350,10,32,,
T,2023-03-03 17:39:09,6.27004217,-75.66084718,15.01,2156.521,24.300,3.480,0,10,31,,
T,2023-03-03 17:39:10,6.27007158,-75.66083674,13.94,2159.743,24.300,3.760,12,10,31,,
T,2023-03-03 17:39:11,6.27009825,-75.66081930,13.94,2160.329,24.300,4.070,27,10,31,,
T,2023-03-03 17:39:12,6.27012297,-75.66079621,12.86,2161.083,24.300,4.290,33,10,30,,
T,2023-03-03 17:39:13,6.27013851,-75.66076211,12.86,2164.011,24.300,4.020,40,10,31,,
T,2023-03-03 17:39:14,6.27014604,-75.66072103,13.94,2165.926,24.299,4.010,49,10,31,,
T,2023-03-03 17:39:15,6.27013627,-75.66066866,13.94,2166.635,24.299,3.960,59,9,31,,
T,2023-03-03 17:39:16,6.27013142,-75.66062389,15.01,2167.115,24.299,3.720,60,9,31,,
T,2023-03-03 17:39:17,6.27013392,-75.66058313,16.08,2167.471,24.299,3.730,61,9,31,,
T,2023-03-03 17:39:18,6.27014468,-75.66054058,16.08,2167.678,24.298,4.130,59,9,31,,
T,2023-03-03 17:39:19,6.27015946,-75.66050179,17.15,2167.819,24.298,4.130,58,9,31,,
T,2023-03-03 17:39:20,6.27017610,-75.66046560,19.30,2167.938,24.298,4.130,58,9,31,,
T,2023-03-03 17:39:21,6.27019885,-75.66042150,22.51,2168.132,24.298,4.860,57,6,31,,
T,2023-03-03 17:39:22,6.27024161,-75.66039781,17.15,2168.098,24.297,4.850,26,6,32,,
T,2023-03-03 17:39:23,6.27028044,-75.66037534,18.22,2169.043,24.297,4.680,23,8,31,,
T,2023-03-03 17:39:24,6.27031976,-75.66035111,18.22,2169.779,24.297,4.920,13,8,31,,
T,2023-03-03 17:39:25,6.27029741,-75.66022690,17.15,2168.555,24.296,5.660,39,8,31,,
T,2023-03-03 17:39:26,6.27035737,-75.66023043,17.15,2168.844,24.296,6.870,20,9,31,,
T,2023-03-03 17:39:27,6.27043758,-75.66020591,16.08,2169.583,24.296,6.700,356,11,30,,
T,2023-03-03 17:39:28,6.27053127,-75.66026993,15.01,2172.481,24.296,7.000,335,12,31,,
T,2023-03-03 17:39:29,6.27059415,-75.66030394,15.01,2174.238,24.296,6.730,330,12,31,,
T,2023-03-03 17:39:30,6.27065056,-75.66032774,15.01,2174.992,24.296,6.870,326,14,31,,
T,2023-03-03 17:39:31,6.27070782,-75.66035658,16.08,2175.835,24.296,6.960,327,14,31,,
T,2023-03-03 17:39:32,6.27076214,-75.66040156,17.15,2176.483,24.296,7.150,325,14,31,,
T,2023-03-03 17:39:33,6.27081811,-75.66043635,19.30,2176.953,24.296,7.200,326,13,31,,
T,2023-03-03 17:39:34,6.27087276,-75.66047233,22.51,2177.357,24.296,7.210,331,12,31,,
T,2023-03-03 17:39:35,6.27091854,-75.66049115,23.58,2178.066,24.296,6.650,354,11,31,,
T,2023-03-03 17:39:36,6.27094172,-75.66047941,24.66,2178.484,24.296,5.280,22,10,31,,
T,2023-03-03 17:39:37,6.27096362,-75.66045826,23.58,2180.001,24.296,4.260,28,10,31,,
T,2023-03-03 17:39:38,6.27102078,-75.66042418,19.30,2181.042,24.296,5.220,34,10,31,,
T,2023-03-03 17:39:39,6.27108273,-75.66041075,16.08,2182.181,24.296,6.080,37,11,31,,
T,2023-03-03 17:39:40,6.27112725,-75.66038070,16.08,2182.520,24.295,6.030,39,10,31,,
T,2023-03-03 17:40:16,6.27147912,-75.66027890,57.89,2181.471,24.294,2.480,273,9,32,,
T,2023-03-03 17:40:29,6.27103593,-75.66126332,23.58,2201.139,24.300,5.710,253,12,31,,
T,2023-03-03 17:40:30,6.27098046,-75.66128536,19.30,2201.442,24.300,5.520,254,12,32,,
T,2023-03-03 17:40:31,6.27096584,-75.66132113,18.22,2201.201,24.301,5.260,262,13,32,,
T,2023-03-03 17:40:32,6.27098660,-75.66140199,17.15,2202.883,24.301,5.550,271,13,32,,
T,2023-03-03 17:40:33,6.27097106,-75.66144969,19.30,2202.892,24.301,5.550,317,13,32,,
T,2023-03-03 17:40:34,6.27098632,-75.66146710,15.01,2204.058,24.301,3.820,344,13,32,,
T,2023-03-03 17:40:35,6.27110097,-75.66145609,11.79,2204.748,24.301,3.850,346,13,32,,
T,2023-03-03 17:40:36,6.27111143,-75.66147445,9.65,2205.617,24.301,4.140,347,13,32,,
T,2023-03-03 17:40:37,6.27116827,-75.66147846,8.58,2206.380,24.301,4.960,339,15,32,,
T,2023-03-03 17:40:38,6.27121087,-75.66149443,9.65,2206.431,24.301,4.970,349,14,32,,
T,2023-03-03 17:40:39,6.27125618,-75.66150930,10.72,2206.517,24.301,4.990,347,11,32,,
T,2023-03-03 17:40:40,6.27129644,-75.66152079,12.86,2206.506,24.301,4.730,349,11,32,,
T,2023-03-03 17:40:41,6.27132635,-75.66152550,13.94,2206.603,24.301,3.610,350,11,32,,
T,2023-03-03 17:40:42,6.27142256,-75.66155471,11.79,2206.994,24.301,5.730,341,11,32,,
T,2023-03-03 17:40:43,6.27146938,-75.66157330,12.86,2206.994,24.301,5.690,335,9,32,,
T,2023-03-03 17:40:44,6.27151683,-75.66159136,13.94,2206.987,24.301,5.670,328,9,32,,
T,2023-03-03 17:41:05,6.27181817,-75.66185074,11.79,2209.837,24.301,0.360,283,12,31,,
T,2023-03-03 17:41:06,6.27182576,-75.66185072,10.72,2210.080,24.301,0.410,312,12,32,,
T,2023-03-03 17:41:07,6.27182326,-75.66185691,8.58,2211.855,24.301,0.440,310,12,32,,
T,2023-03-03 17:41:08,6.27181992,-75.66186028,7.50,2212.917,24.301,0.270,322,14,32,,
T,2023-03-03 17:41:09,6.27180154,-75.66185879,6.43,2213.718,24.301,0.000,,16,32,,
T,2023-03-03 17:41:10,6.27178521,-75.66185301,5.36,2214.445,24.301,0.000,,16,32,,
T,2023-03-03 17:41:11,6.27177690,-75.66185448,5.36,2214.885,24.301,0.000,,15,32,,
T,2023-03-03 17:41:12,6.27177578,-75.66185620,4.29,2214.522,24.301,0.000,,15,32,,
T,2023-03-03 17:41:13,6.27177349,-75.66185190,4.29,2214.259,24.301,0.000,,15,32,,
T,2023-03-03 17:41:14,6.27177319,-75.66184466,4.29,2214.358,24.301,0.000,,15,32,,
T,2023-03-03 17:41:15,6.27177089,-75.66183855,4.29,2215.375,24.301,0.000,,15,32,,
T,2023-03-03 17:41:16,6.27176793,-75.66184236,4.29,2215.420,24.301,0.000,,15,32,,
T,2023-03-03 17:41:17,6.27176572,-75.66184498,4.29,2215.018,24.301,0.000,,12,32,,
T,2023-03-03 17:41:18,6.27176365,-75.66184602,5.36,2215.058,24.301,0.000,,12,32,,
T,2023-03-03 17:41:19,6.27176329,-75.66184652,5.36,2215.096,24.301,0.000,,13,32,,
T,2023-03-03 17:41:20,6.27176214,-75.66184770,5.36,2215.180,24.301,0.000,,14,32,,
T,2023-03-03 17:41:21,6.27176206,-75.66184761,5.36,2215.006,24.301,0.000,,13,32,,
T,2023-03-03 17:41:22,6.27176290,-75.66184850,5.36,2215.476,24.301,0.000,,12,32,,
T,2023-03-03 17:41:23,6.27176391,-75.66185006,5.36,2216.703,24.301,0.000,,13,32,,
T,2023-03-03 17:41:24,6.27176440,-75.66185083,5.36,2216.722,24.301,0.000,,13,32,,
T,2023-03-03 17:41:25,6.27176469,-75.66185103,6.43,2216.746,24.301,0.000,,13,32,,
T,2023-03-03 17:41:26,6.27176478,-75.66185119,6.43,2216.784,24.301,0.000,,13,32,,
T,2023-03-03 17:41:27,6.27176486,-75.66185103,6.43,2216.774,24.301,0.000,,13,32,,
T,2023-03-03 17:41:28,6.27176555,-75.66185101,6.43,2216.892,24.301,0.000,,13,32,,
T,2023-03-03 17:41:29,6.27179133,-75.66184645,6.43,2216.396,24.301,2.730,4,15,32,,
T,2023-03-03 17:41:30,6.27182302,-75.66184610,5.36,2217.065,24.301,2.510,7,15,32,,
T,2023-03-03 17:41:31,6.27185143,-75.66184489,5.36,2217.145,24.301,2.540,5,16,32,,
T,2023-03-03 17:41:32,6.27187685,-75.66184349,6.43,2217.317,24.301,2.200,5,16,32,,
T,2023-03-03 17:41:33,6.27190367,-75.66183931,6.43,2215.781,24.301,1.820,7,17,31,,
T,2023-03-03 17:41:34,6.27192481,-75.66183623,6.43,2216.115,24.301,1.440,8,18,31,,
T,2023-03-03 17:41:35,6.27192921,-75.66182956,6.43,2215.944,24.301,0.310,12,15,31,,
T,2023-03-03 17:41:36,6.27192645,-75.66181785,6.43,2214.039,24.301,1.020,57,16,31,,
T,2023-03-03 17:41:37,6.27191936,-75.66180367,5.36,2214.796,24.301,0.640,125,15,31,,
T,2023-03-03 17:41:38,6.27190922,-75.66179198,5.36,2215.661,24.301,0.360,119,16,31,,
T,2023-03-03 17:41:39,6.27190571,-75.66178042,5.36,2215.685,24.301,0.290,98,15,31,,
T,2023-03-03 17:41:40,6.27190714,-75.66177138,4.29,2215.583,24.301,0.340,36,16,31,,
T,2023-03-03 17:41:41,6.27191013,-75.66176492,4.29,2216.321,24.301,0.270,9,17,31,,
T,2023-03-03 17:41:42,6.27191392,-75.66175810,3.22,2216.051,24.301,0.000,,18,31,,
T,2023-03-03 17:41:43,6.27191538,-75.66175395,3.22,2218.502,24.301,0.000,,18,31,,
T,2023-03-03 17:41:44,6.27191571,-75.66175217,3.22,2221.566,24.301,0.000,,17,31,,
T,2023-03-03 17:41:45,6.27191446,-75.66174933,3.22,2221.525,24.301,0.000,,17,31,,
T,2023-03-03 17:41:46,6.27191622,-75.66174959,3.22,2222.443,24.301,0.000,,17,31,,
T,2023-03-03 17:41:47,6.27191991,-75.66175158,3.22,2224.043,24.301,0.000,,17,31,,
T,2023-03-03 17:41:48,6.27192176,-75.66175342,4.29,2224.419,24.301,0.000,,17,31,,
T,2023-03-03 17:41:49,6.27192301,-75.66175605,4.29,2225.475,24.301,0.000,,17,31,,
T,2023-03-03 17:41:50,6.27192443,-75.66175742,4.29,2225.818,24.301,0.000,,17,31,,
T,2023-03-03 17:41:51,6.27192503,-75.66175722,4.29,2226.270,24.301,0.000,,17,31,,
T,2023-03-03 17:41:52,6.27192577,-75.66175710,4.29,2227.083,24.301,0.000,,16,30,,
T,2023-03-03 17:41:53,6.27192632,-75.66175704,4.29,2227.092,24.301,0.000,,15,31,,
T,2023-03-03 17:41:54,6.27192648,-75.66175734,4.29,2227.143,24.301,0.000,,16,31,,
T,2023-03-03 17:41:55,6.27192688,-75.66175771,4.29,2227.120,24.301,0.000,,17,31,,
T,2023-03-03 17:41:56,6.27192711,-75.66175792,4.29,2227.133,24.301,0.000,,17,31,,
T,2023-03-03 17:41:57,6.27192710,-75.66175808,4.29,2227.185,24.301,0.000,,17,31,,
T,2023-03-03 17:41:58,6.27192730,-75.66175874,4.29,2227.209,24.301,0.000,,17,31,,
T,2023-03-03 17:41:59,6.27193272,-75.66176409,3.22,2227.666,24.301,0.500,326,17,31,,
T,2023-03-03 17:42:00,6.27194363,-75.66177849,3.22,2228.491,24.301,0.000,,17,31,,
