type,date time,latitude,longitude,accuracy(m),altitude(m),geoid_height(m),speed(m/s),bearing(deg),sat_used,sat_inview,name,desc
T,2023-05-10 17:57:36,6.30119167,-75.56407500,1.80,1521.374,23.726,0.211,145,26,45,20230510-125736,GPS Logger: 20230510-125736 - Viaje 5
T,2023-05-10 17:57:37,6.30119167,-75.56407333,1.70,1521.674,23.726,0.130,145,26,45,,
T,2023-05-10 17:57:38,6.30119000,-75.56407167,1.60,1521.574,23.726,0.125,145,27,45,,
T,2023-05-10 17:57:39,6.30119000,-75.56407667,1.60,1522.274,23.726,0.116,145,26,45,,
T,2023-05-10 17:57:40,6.30118833,-75.56408000,1.60,1521.874,23.726,0.348,183,26,45,,
T,2023-05-10 17:57:41,6.30118167,-75.56408000,1.60,1521.474,23.726,0.488,179,26,45,,
T,2023-05-10 17:57:42,6.30117667,-75.56407833,1.50,1521.074,23.726,0.496,182,26,45,,
T,2023-05-10 17:57:43,6.30117500,-75.56407500,1.60,1520.974,23.726,0.034,169,26,45,,
T,2023-05-10 17:57:44,6.30117667,-75.56407167,1.50,1520.874,23.726,0.076,243,26,45,,
T,2023-05-10 17:57:45,6.30118000,-75.56406500,1.40,1520.874,23.726,0.120,155,26,45,,
T,2023-05-10 17:57:47,6.30118333,-75.56406333,1.40,1521.274,23.726,0.033,109,26,45,,
T,2023-05-10 17:57:48,6.30118333,-75.56406167,1.40,1521.674,23.726,0.029,6,26,45,,
T,2023-05-10 17:57:49,6.30118500,-75.56406167,1.40,1521.974,23.726,0.123,173,26,45,,
T,2023-05-10 17:57:50,6.30118500,-75.56406333,1.40,1522.174,23.726,0.050,215,26,45,,
T,2023-05-10 17:57:51,6.30118667,-75.56406333,1.40,1522.374,23.726,0.167,310,27,45,,
T,2023-05-10 17:57:52,6.30119667,-75.56406667,1.60,1522.674,23.726,0.186,304,27,45,,
T,2023-05-10 17:57:53,6.30120000,-75.56406833,1.60,1522.874,23.726,0.223,303,27,45,,
T,2023-05-10 17:57:54,6.30120000,-75.56407000,1.70,1522.974,23.726,0.234,268,27,45,,
T,2023-05-10 17:57:55,6.30120000,-75.56407333,1.80,1522.674,23.726,0.263,254,26,45,,
T,2023-05-10 17:57:56,6.30119833,-75.56407833,1.90,1522.374,23.726,0.358,247,24,45,,
T,2023-05-10 17:57:57,6.30119167,-75.56408000,2.00,1521.974,23.726,0.461,207,25,45,,
T,2023-05-10 17:57:58,6.30117167,-75.56408833,2.10,1521.974,23.726,0.675,215,26,45,,
T,2023-05-10 17:57:59,6.30114167,-75.56410333,2.20,1521.974,23.726,0.975,217,26,45,,
T,2023-05-10 17:58:00,6.30110167,-75.56413500,2.30,1521.974,23.726,1.397,223,25,45,,
T,2023-05-10 17:58:01,6.30106500,-75.56416833,2.50,1521.873,23.727,5.171,225,24,45,,
T,2023-05-10 17:58:02,6.30099500,-75.56421833,2.60,1521.673,23.727,8.084,217,24,45,,
T,2023-05-10 17:58:03,6.30092333,-75.56427333,2.50,1521.472,23.728,8.686,217,24,45,,
T,2023-05-10 17:58:04,6.30085167,-75.56433167,2.40,1521.772,23.728,9.155,218,24,45,,
T,2023-05-10 17:58:05,6.30078333,-75.56438667,2.40,1521.871,23.729,9.552,220,24,45,,
T,2023-05-10 17:58:06,6.30071000,-75.56444333,2.40,1521.171,23.729,10.247,221,24,45,,
T,2023-05-10 17:58:07,6.30063833,-75.56451333,2.40,1521.071,23.729,10.395,223,24,45,,
T,2023-05-10 17:58:08,6.30056167,-75.56457833,2.50,1520.470,23.730,10.377,222,25,45,,
T,2023-05-10 17:58:09,6.30048667,-75.56464500,2.50,1519.969,23.731,10.624,223,25,45,,
T,2023-05-10 17:58:10,6.30041667,-75.56471833,2.40,1519.969,23.731,11.316,224,25,45,,
T,2023-05-10 17:58:11,6.30034500,-75.56479167,2.20,1519.768,23.732,11.533,224,25,45,,
T,2023-05-10 17:58:12,6.30027500,-75.56486667,2.20,1519.568,23.732,11.380,225,25,45,,
T,2023-05-10 17:58:13,6.30019833,-75.56494167,2.10,1518.767,23.733,11.613,223,25,45,,
T,2023-05-10 17:58:14,6.30012667,-75.56500667,2.10,1518.967,23.733,11.939,222,24,45,,
T,2023-05-10 17:58:15,6.30004833,-75.56508167,2.10,1518.666,23.734,11.589,224,24,45,,
T,2023-05-10 17:58:16,6.29997000,-75.56516000,2.10,1518.566,23.734,12.344,224,22,45,,
T,2023-05-10 17:58:17,6.29988833,-75.56524000,2.10,1519.265,23.735,12.602,222,22,45,,
T,2023-05-10 17:58:18,6.29980000,-75.56531833,2.10,1519.664,23.736,12.912,222,21,45,,
T,2023-05-10 17:58:19,6.29971667,-75.56539833,2.10,1519.064,23.736,13.093,221,21,45,,
T,2023-05-10 17:58:20,6.29963167,-75.56548000,2.10,1518.463,23.737,13.199,223,22,45,,
T,2023-05-10 17:58:21,6.29954667,-75.56556667,2.10,1518.063,23.737,13.402,225,23,45,,
T,2023-05-10 17:58:22,6.29946167,-75.56565667,2.10,1518.462,23.738,13.806,226,23,45,,
T,2023-05-10 17:58:23,6.29937667,-75.56574833,2.10,1518.761,23.739,13.938,225,22,45,,
T,2023-05-10 17:58:24,6.29928833,-75.56584167,2.10,1519.061,23.739,14.240,224,21,45,,
T,2023-05-10 17:58:25,6.29919500,-75.56593000,2.10,1519.260,23.740,14.577,222,21,45,,
T,2023-05-10 17:58:26,6.29909333,-75.56601333,2.10,1519.159,23.741,14.594,219,20,45,,
T,2023-05-10 17:58:27,6.29899000,-75.56609667,2.10,1518.859,23.741,14.733,216,22,45,,
T,2023-05-10 17:58:28,6.29887500,-75.56617667,2.20,1518.958,23.742,14.568,214,21,45,,
T,2023-05-10 17:58:29,6.29875667,-75.56624667,2.20,1519.157,23.743,14.571,212,21,45,,
T,2023-05-10 17:58:30,6.29864000,-75.56631500,2.20,1519.257,23.743,14.951,214,22,45,,
T,2023-05-10 17:58:31,6.29852500,-75.56638333,2.20,1518.856,23.744,15.073,212,22,45,,
T,2023-05-10 17:58:32,6.29840167,-75.56644667,2.20,1518.255,23.745,15.071,208,21,45,,
T,2023-05-10 17:58:33,6.29827500,-75.56650000,2.20,1517.755,23.745,15.055,203,21,45,,
T,2023-05-10 17:58:34,6.29814500,-75.56655167,2.10,1517.154,23.746,15.214,200,19,45,,
T,2023-05-10 17:58:35,6.29801000,-75.56659833,2.10,1516.654,23.746,15.203,199,21,45,,
T,2023-05-10 17:58:36,6.29787667,-75.56663500,2.10,1516.553,23.747,15.225,198,21,45,,
T,2023-05-10 17:58:37,6.29774000,-75.56667500,2.10,1516.353,23.747,15.360,198,21,45,,
T,2023-05-10 17:58:38,6.29760500,-75.56671667,2.20,1516.252,23.748,15.384,197,21,45,,
T,2023-05-10 17:58:39,6.29745333,-75.56675167,2.50,1516.752,23.748,15.416,196,21,45,,
T,2023-05-10 17:58:40,6.29729667,-75.56678500,2.60,1517.551,23.749,15.431,197,22,45,,
T,2023-05-10 17:58:41,6.29714833,-75.56681500,2.40,1518.651,23.749,15.440,196,24,45,,
T,2023-05-10 17:58:42,6.29701000,-75.56684667,2.30,1519.250,23.750,15.469,195,23,45,,
T,2023-05-10 17:58:43,6.29686333,-75.56687667,2.50,1520.150,23.750,15.497,195,23,45,,
T,2023-05-10 17:58:44,6.29672167,-75.56691500,2.30,1520.849,23.751,15.637,197,22,45,,
T,2023-05-10 17:58:45,6.29658333,-75.56694833,2.40,1521.749,23.751,15.480,197,22,45,,
T,2023-05-10 17:58:46,6.29644833,-75.56700333,2.40,1523.248,23.752,15.497,197,23,45,,
T,2023-05-10 17:58:47,6.29631000,-75.56703667,2.40,1523.447,23.753,15.990,197,22,45,,
T,2023-05-10 17:58:48,6.29616667,-75.56707167,2.40,1523.047,23.753,16.176,198,22,45,,
T,2023-05-10 17:58:49,6.29602333,-75.56711667,2.40,1522.546,23.754,16.074,197,22,45,,
T,2023-05-10 17:58:50,6.29587833,-75.56716500,2.40,1522.546,23.754,16.067,198,24,45,,
T,2023-05-10 17:58:51,6.29573667,-75.56720667,2.50,1523.445,23.755,16.065,197,24,45,,
T,2023-05-10 17:58:52,6.29559500,-75.56724833,2.40,1524.245,23.755,16.641,197,24,45,,
T,2023-05-10 17:58:53,6.29545000,-75.56729833,2.40,1523.444,23.756,16.618,198,25,45,,
T,2023-05-10 17:58:54,6.29531500,-75.56734000,2.40,1522.844,23.756,16.564,198,26,45,,
T,2023-05-10 17:58:55,6.29517000,-75.56738333,2.50,1521.843,23.757,17.016,198,26,45,,
T,2023-05-10 17:58:56,6.29503333,-75.56744167,2.50,1522.042,23.758,17.350,198,26,45,,
T,2023-05-10 17:58:57,6.29489000,-75.56750000,2.50,1521.442,23.758,17.800,197,26,45,,
T,2023-05-10 17:58:58,6.29474500,-75.56755000,2.40,1520.341,23.759,17.767,197,26,45,,
T,2023-05-10 17:58:59,6.29458667,-75.56759167,2.50,1519.441,23.759,17.916,198,26,45,,
T,2023-05-10 17:59:00,6.29442167,-75.56764333,2.50,1518.640,23.760,18.107,197,26,45,,
T,2023-05-10 17:59:01,6.29426333,-75.56769333,2.50,1518.139,23.761,18.122,197,26,45,,
T,2023-05-10 17:59:02,6.29410333,-75.56773833,2.30,1516.739,23.761,18.091,198,26,45,,
T,2023-05-10 17:59:03,6.29394667,-75.56779000,2.20,1515.838,23.762,18.116,198,25,45,,
T,2023-05-10 17:59:04,6.29379167,-75.56784167,2.10,1515.438,23.762,18.124,198,24,45,,
T,2023-05-10 17:59:05,6.29364167,-75.56789667,2.40,1514.837,23.763,18.323,198,24,45,,
T,2023-05-10 17:59:06,6.29348667,-75.56794667,2.50,1514.536,23.764,18.420,198,24,45,,
T,2023-05-10 17:59:07,6.29333000,-75.56799667,2.60,1514.336,23.764,18.453,197,23,45,,
T,2023-05-10 17:59:08,6.29317333,-75.56805333,2.60,1513.335,23.765,18.477,197,23,45,,
T,2023-05-10 17:59:09,6.29300500,-75.56810667,2.60,1512.234,23.766,18.544,197,24,45,,
T,2023-05-10 17:59:10,6.29284000,-75.56815000,2.60,1511.034,23.766,18.607,197,24,45,,
T,2023-05-10 17:59:11,6.29267167,-75.56819167,2.70,1509.533,23.767,18.671,196,24,45,,
T,2023-05-10 17:59:12,6.29251000,-75.56823500,2.70,1509.033,23.767,18.642,195,24,45,,
T,2023-05-10 17:59:13,6.29235500,-75.56827833,2.70,1508.532,23.768,18.125,197,23,45,,
T,2023-05-10 17:59:14,6.29221000,-75.56833167,2.80,1508.631,23.769,18.325,196,23,45,,
T,2023-05-10 17:59:15,6.29205500,-75.56838000,2.70,1508.631,23.769,17.194,198,23,45,,
T,2023-05-10 17:59:16,6.29190167,-75.56843167,2.40,1507.530,23.770,18.096,198,23,45,,
T,2023-05-10 17:59:17,6.29173333,-75.56848167,2.20,1503.830,23.770,18.134,198,23,45,,
T,2023-05-10 17:59:18,6.29156667,-75.56854000,2.30,1500.629,23.771,18.002,199,22,46,,
T,2023-05-10 17:59:19,6.29139833,-75.56858500,2.10,1496.428,23.772,17.922,199,22,46,,
T,2023-05-10 17:59:20,6.29123500,-75.56863667,2.30,1495.928,23.772,18.167,198,22,46,,
T,2023-05-10 17:59:21,6.29108500,-75.56869167,2.20,1496.127,23.773,17.601,198,21,46,,
T,2023-05-10 17:59:22,6.29093667,-75.56874167,2.40,1496.926,23.774,17.760,198,20,46,,
T,2023-05-10 17:59:23,6.29079667,-75.56878833,2.30,1498.826,23.774,17.189,200,20,46,,
T,2023-05-10 17:59:24,6.29065167,-75.56883667,2.20,1498.125,23.775,17.018,199,21,46,,
T,2023-05-10 17:59:25,6.29050667,-75.56888000,2.10,1498.225,23.775,16.495,199,22,46,,
T,2023-05-10 17:59:26,6.29036500,-75.56892667,2.00,1497.624,23.776,16.280,200,22,46,,
T,2023-05-10 17:59:27,6.29023000,-75.56897667,2.40,1496.823,23.777,16.273,199,22,46,,
T,2023-05-10 17:59:28,6.29010833,-75.56901833,2.30,1495.923,23.777,14.214,199,23,46,,
T,2023-05-10 17:59:29,6.28999333,-75.56905167,2.20,1494.823,23.777,13.077,196,22,46,,
T,2023-05-10 17:59:30,6.28988167,-75.56908333,2.10,1493.822,23.778,12.878,195,22,46,,
T,2023-05-10 17:59:31,6.28976833,-75.56911667,2.10,1493.622,23.778,13.700,196,22,46,,
T,2023-05-10 17:59:32,6.28965000,-75.56915667,2.10,1493.221,23.779,12.741,197,22,46,,
T,2023-05-10 17:59:33,6.28952667,-75.56919833,2.00,1492.621,23.779,15.582,197,22,46,,
T,2023-05-10 17:59:34,6.28939667,-75.56924333,2.00,1492.220,23.780,15.337,198,22,46,,
T,2023-05-10 17:59:35,6.28927000,-75.56928667,1.90,1492.820,23.780,15.060,199,22,46,,
T,2023-05-10 17:59:36,6.28914000,-75.56932833,1.90,1492.219,23.781,14.935,198,23,46,,
T,2023-05-10 17:59:37,6.28900667,-75.56937000,2.40,1491.119,23.781,14.516,197,22,46,,
T,2023-05-10 17:59:38,6.28887667,-75.56940667,2.50,1490.118,23.782,14.775,194,22,46,,
T,2023-05-10 17:59:39,6.28875167,-75.56944333,2.50,1490.818,23.782,14.548,195,22,46,,
T,2023-05-10 17:59:40,6.28862500,-75.56947500,2.50,1491.617,23.783,14.102,197,22,46,,
T,2023-05-10 17:59:41,6.28850333,-75.56951167,2.30,1491.517,23.783,13.939,197,22,46,,
T,2023-05-10 17:59:42,6.28837667,-75.56954667,2.30,1491.316,23.784,14.345,198,22,46,,
T,2023-05-10 17:59:43,6.28825167,-75.56958333,2.30,1491.016,23.784,14.143,196,21,46,,
T,2023-05-10 17:59:44,6.28812000,-75.56962833,2.40,1494.115,23.785,13.979,199,19,46,,
T,2023-05-10 17:59:45,6.28799333,-75.56967167,2.60,1493.115,23.785,14.460,199,20,46,,
T,2023-05-10 17:59:46,6.28786167,-75.56970167,2.40,1487.514,23.786,14.319,199,22,46,,
T,2023-05-10 17:59:47,6.28774333,-75.56974500,2.50,1486.114,23.786,15.300,199,22,46,,
T,2023-05-10 17:59:48,6.28761667,-75.56979167,2.20,1485.513,23.787,15.669,198,22,46,,
T,2023-05-10 17:59:49,6.28746500,-75.56983167,2.30,1482.513,23.787,15.954,197,22,46,,
T,2023-05-10 17:59:50,6.28732833,-75.56987500,2.50,1482.612,23.788,15.823,196,21,46,,
T,2023-05-10 17:59:51,6.28719333,-75.56992333,2.50,1481.912,23.788,16.092,199,22,46,,
T,2023-05-10 17:59:52,6.28705667,-75.56996500,2.40,1479.311,23.789,14.802,198,23,46,,
T,2023-05-10 17:59:53,6.28693000,-75.57000000,2.30,1479.711,23.789,14.540,199,24,46,,
T,2023-05-10 17:59:54,6.28681667,-75.57004500,2.40,1480.210,23.790,13.989,198,24,46,,
T,2023-05-10 17:59:55,6.28669500,-75.57008833,2.40,1480.010,23.790,14.448,199,24,46,,
T,2023-05-10 17:59:56,6.28655333,-75.57014000,2.10,1475.809,23.791,15.160,200,24,46,,
T,2023-05-10 17:59:57,6.28641167,-75.57018667,2.30,1473.908,23.792,16.181,198,24,46,,
T,2023-05-10 17:59:58,6.28626833,-75.57023667,2.10,1471.608,23.792,16.332,199,24,46,,
T,2023-05-10 17:59:59,6.28613833,-75.57028833,2.30,1472.207,23.793,15.852,200,25,46,,
T,2023-05-10 18:00:00,6.28599500,-75.57032833,2.30,1473.307,23.793,16.420,198,27,46,,
T,2023-05-10 18:00:01,6.28586833,-75.57037333,2.30,1473.006,23.794,15.082,199,28,46,,
T,2023-05-10 18:00:02,6.28573000,-75.57042333,2.30,1472.906,23.794,15.320,198,27,46,,
T,2023-05-10 18:00:03,6.28560333,-75.57046667,2.30,1472.905,23.795,15.099,197,27,46,,
T,2023-05-10 18:00:04,6.28547667,-75.57050833,2.40,1473.405,23.795,14.561,195,27,46,,
T,2023-05-10 18:00:05,6.28535167,-75.57054667,2.40,1474.204,23.796,14.084,196,27,46,,
T,2023-05-10 18:00:06,6.28523833,-75.57058333,2.40,1474.504,23.796,13.640,197,26,46,,
T,2023-05-10 18:00:07,6.28512000,-75.57061833,2.10,1474.503,23.797,13.127,198,26,46,,
T,2023-05-10 18:00:08,6.28500000,-75.57065000,2.30,1474.003,23.797,12.657,198,24,46,,
T,2023-05-10 18:00:09,6.28488833,-75.57068333,2.40,1473.502,23.798,12.503,197,23,46,,
T,2023-05-10 18:00:10,6.28478500,-75.57072000,2.40,1473.502,23.798,12.509,199,22,46,,
T,2023-05-10 18:00:11,6.28467333,-75.57076333,2.40,1472.801,23.799,12.340,200,24,46,,
T,2023-05-10 18:00:12,6.28456667,-75.57080000,2.40,1473.501,23.799,11.705,198,23,46,,
T,2023-05-10 18:00:13,6.28448333,-75.57083333,2.40,1474.501,23.799,10.586,199,23,46,,
T,2023-05-10 18:00:14,6.28440667,-75.57085500,2.40,1475.500,23.800,9.348,198,23,46,,
T,2023-05-10 18:00:15,6.28432333,-75.57087667,2.40,1475.300,23.800,8.830,198,23,46,,
T,2023-05-10 18:00:16,6.28424833,-75.57090333,2.30,1475.000,23.800,8.140,197,24,46,,
T,2023-05-10 18:00:17,6.28418333,-75.57092500,2.20,1475.400,23.800,8.222,195,24,46,,
T,2023-05-10 18:00:18,6.28411000,-75.57094833,2.30,1475.599,23.801,8.514,197,24,46,,
T,2023-05-10 18:00:19,6.28403667,-75.57097333,2.30,1475.299,23.801,8.511,201,24,46,,
T,2023-05-10 18:00:20,6.28396667,-75.57100167,2.40,1474.699,23.801,7.682,199,24,46,,
T,2023-05-10 18:00:21,6.28390500,-75.57102333,2.30,1474.498,23.802,7.242,199,24,46,,
T,2023-05-10 18:00:22,6.28384500,-75.57104500,2.10,1474.798,23.802,7.229,199,24,46,,
T,2023-05-10 18:00:23,6.28378500,-75.57106333,2.00,1474.898,23.802,7.238,200,24,46,,
T,2023-05-10 18:00:24,6.28372000,-75.57108000,2.00,1475.298,23.802,7.427,200,24,46,,
T,2023-05-10 18:00:25,6.28365333,-75.57109500,2.20,1475.797,23.803,7.559,199,24,46,,
T,2023-05-10 18:00:26,6.28358000,-75.57111000,2.30,1476.697,23.803,7.890,198,24,46,,
T,2023-05-10 18:00:27,6.28350833,-75.57112667,2.30,1476.997,23.803,8.357,197,24,46,,
T,2023-05-10 18:00:28,6.28343500,-75.57114833,2.30,1477.097,23.803,8.144,196,23,46,,
T,2023-05-10 18:00:29,6.28337167,-75.57116500,2.20,1476.696,23.804,6.951,201,24,46,,
T,2023-05-10 18:00:30,6.28331333,-75.57118333,2.30,1476.196,23.804,6.511,203,25,46,,
T,2023-05-10 18:00:31,6.28325333,-75.57120500,2.30,1476.396,23.804,6.334,202,25,46,,
T,2023-05-10 18:00:32,6.28320500,-75.57122000,2.40,1476.196,23.804,5.714,204,25,46,,
T,2023-05-10 18:00:33,6.28315833,-75.57123833,2.40,1475.996,23.804,5.842,202,25,46,,
T,2023-05-10 18:00:34,6.28311500,-75.57126000,2.30,1475.695,23.805,5.731,200,26,46,,
T,2023-05-10 18:00:35,6.28305833,-75.57127333,2.10,1475.495,23.805,6.244,199,26,46,,
T,2023-05-10 18:00:36,6.28300833,-75.57129167,2.10,1475.495,23.805,6.043,202,26,46,,
T,2023-05-10 18:00:37,6.28295333,-75.57131000,2.00,1475.295,23.805,6.812,197,26,46,,
T,2023-05-10 18:00:38,6.28289333,-75.57133000,2.10,1475.394,23.806,6.948,196,27,46,,
T,2023-05-10 18:00:39,6.28282500,-75.57135000,2.10,1475.694,23.806,7.899,196,26,46,,
T,2023-05-10 18:00:40,6.28274833,-75.57137333,2.10,1475.894,23.806,8.806,197,28,46,,
T,2023-05-10 18:00:41,6.28266833,-75.57139500,2.10,1476.194,23.806,8.960,196,26,46,,
T,2023-05-10 18:00:42,6.28258500,-75.57141833,2.10,1475.793,23.807,9.468,198,28,46,,
T,2023-05-10 18:00:43,6.28250000,-75.57145000,2.00,1474.993,23.807,9.611,203,28,46,,
T,2023-05-10 18:00:44,6.28241333,-75.57148500,2.00,1473.993,23.807,9.636,205,27,46,,
T,2023-05-10 18:00:45,6.28232167,-75.57151833,2.00,1472.492,23.808,10.428,202,26,46,,
T,2023-05-10 18:00:46,6.28223000,-75.57155167,2.00,1471.592,23.808,10.557,199,23,46,,
T,2023-05-10 18:00:47,6.28213500,-75.57158167,2.00,1470.991,23.809,10.367,198,23,46,,
T,2023-05-10 18:00:48,6.28204000,-75.57161167,2.00,1470.891,23.809,10.371,197,23,46,,
T,2023-05-10 18:00:49,6.28194667,-75.57164167,2.00,1470.691,23.809,10.385,198,22,46,,
T,2023-05-10 18:00:50,6.28185000,-75.57166667,2.20,1470.590,23.810,10.278,194,21,46,,
T,2023-05-10 18:00:51,6.28175500,-75.57169167,2.30,1470.390,23.810,10.623,192,22,46,,
T,2023-05-10 18:00:52,6.28165667,-75.57171000,2.40,1469.790,23.810,10.784,191,21,46,,
T,2023-05-10 18:00:53,6.28156167,-75.57172667,2.40,1469.189,23.811,10.488,191,23,46,,
T,2023-05-10 18:00:54,6.28146167,-75.57173833,2.50,1468.789,23.811,10.219,189,23,46,,
T,2023-05-10 18:00:55,6.28136833,-75.57175667,2.50,1467.889,23.811,10.020,190,24,46,,
T,2023-05-10 18:00:56,6.28128167,-75.57177333,2.40,1467.188,23.812,9.319,191,23,46,,
T,2023-05-10 18:00:57,6.28119167,-75.57178333,2.30,1466.488,23.812,8.979,189,23,46,,
T,2023-05-10 18:00:58,6.28110833,-75.57179500,2.30,1465.888,23.812,8.412,188,23,46,,
T,2023-05-10 18:00:59,6.28103167,-75.57180500,2.20,1465.888,23.812,8.727,187,23,46,,
T,2023-05-10 18:01:00,6.28096000,-75.57181333,2.10,1466.188,23.812,8.487,187,23,46,,
T,2023-05-10 18:01:01,6.28088833,-75.57182500,2.10,1466.487,23.813,7.868,190,23,46,,
T,2023-05-10 18:01:02,6.28080833,-75.57183333,2.20,1466.187,23.813,7.743,190,23,46,,
T,2023-05-10 18:01:03,6.28073333,-75.57184167,2.20,1465.787,23.813,7.662,190,22,46,,
T,2023-05-10 18:01:04,6.28067167,-75.57185167,2.30,1466.287,23.813,6.942,190,22,46,,
T,2023-05-10 18:01:05,6.28062000,-75.57185333,2.30,1466.187,23.813,6.346,187,22,46,,
T,2023-05-10 18:01:06,6.28056833,-75.57185833,2.10,1465.786,23.814,5.925,188,23,46,,
T,2023-05-10 18:01:07,6.28051667,-75.57186667,2.00,1465.386,23.814,5.938,187,24,46,,
T,2023-05-10 18:01:08,6.28046000,-75.57187167,1.90,1465.086,23.814,6.511,187,25,46,,
T,2023-05-10 18:01:09,6.28040333,-75.57188167,2.10,1465.086,23.814,7.423,187,26,46,,
T,2023-05-10 18:01:10,6.28033500,-75.57189000,2.10,1465.086,23.814,8.378,188,25,46,,
T,2023-05-10 18:01:11,6.28025667,-75.57190167,2.20,1464.985,23.815,8.873,188,25,46,,
T,2023-05-10 18:01:12,6.28017000,-75.57191667,2.20,1465.285,23.815,9.134,187,25,46,,
T,2023-05-10 18:01:13,6.28008667,-75.57192333,2.30,1465.085,23.815,9.311,186,25,46,,
T,2023-05-10 18:01:14,6.28000167,-75.57193167,2.20,1464.985,23.815,10.004,186,25,45,,
T,2023-05-10 18:01:15,6.27990333,-75.57194167,2.30,1465.484,23.816,10.461,186,25,45,,
T,2023-05-10 18:01:16,6.27980333,-75.57195333,2.40,1465.584,23.816,11.296,187,25,45,,
T,2023-05-10 18:01:17,6.27969000,-75.57197167,2.40,1464.484,23.816,11.464,188,25,45,,
T,2023-05-10 18:01:18,6.27958833,-75.57199000,2.30,1463.883,23.817,12.028,187,25,45,,
T,2023-05-10 18:01:19,6.27947500,-75.57201000,2.20,1462.983,23.817,12.400,188,25,45,,
T,2023-05-10 18:01:20,6.27935667,-75.57202500,2.30,1462.083,23.817,12.838,187,25,45,,
T,2023-05-10 18:01:21,6.27923167,-75.57204000,2.40,1460.582,23.818,13.165,188,25,45,,
T,2023-05-10 18:01:22,6.27911333,-75.57206000,2.20,1459.882,23.818,13.456,188,25,45,,
T,2023-05-10 18:01:23,6.27898833,-75.57208000,2.30,1460.182,23.818,13.580,188,23,45,,
T,2023-05-10 18:01:24,6.27886667,-75.57210167,2.30,1460.281,23.819,14.190,187,21,45,,
T,2023-05-10 18:01:25,6.27874500,-75.57212500,2.30,1460.881,23.819,14.439,188,22,45,,
T,2023-05-10 18:01:26,6.27862167,-75.57214667,2.30,1461.280,23.820,14.453,188,23,45,,
T,2023-05-10 18:01:27,6.27848000,-75.57215500,2.40,1460.580,23.820,14.537,188,23,45,,
T,2023-05-10 18:01:28,6.27834333,-75.57217000,2.40,1459.880,23.820,14.705,188,24,45,,
T,2023-05-10 18:01:29,6.27819500,-75.57219167,2.40,1460.579,23.821,15.072,189,24,45,,
T,2023-05-10 18:01:30,6.27805833,-75.57221500,2.40,1460.479,23.821,15.176,188,26,45,,
T,2023-05-10 18:01:31,6.27791667,-75.57222667,2.40,1459.378,23.822,15.278,186,26,45,,
T,2023-05-10 18:01:32,6.27777833,-75.57224333,2.40,1456.878,23.822,16.050,191,25,45,,
T,2023-05-10 18:01:33,6.27763333,-75.57227833,2.50,1455.177,23.823,15.198,192,25,45,,
T,2023-05-10 18:01:34,6.27748833,-75.57228500,2.40,1455.177,23.823,15.659,191,26,45,,
T,2023-05-10 18:01:35,6.27734833,-75.57230500,2.20,1453.477,23.823,15.661,190,26,45,,
T,2023-05-10 18:01:36,6.27721500,-75.57232833,2.30,1452.876,23.824,15.627,190,26,45,,
T,2023-05-10 18:01:37,6.27709667,-75.57235000,2.40,1452.776,23.824,13.365,191,20,45,,
T,2023-05-10 18:01:38,6.27698000,-75.57237167,2.40,1452.875,23.825,13.736,191,21,45,,
T,2023-05-10 18:01:39,6.27689667,-75.57242500,2.50,1462.275,23.825,11.472,196,19,45,,
T,2023-05-10 18:01:40,6.27683333,-75.57244500,2.30,1466.275,23.825,10.757,196,20,45,,
T,2023-05-10 18:01:41,6.27673833,-75.57247000,2.20,1465.974,23.826,11.683,195,19,45,,
T,2023-05-10 18:01:42,6.27663500,-75.57249667,2.40,1465.474,23.826,12.290,196,18,45,,
T,2023-05-10 18:01:43,6.27653000,-75.57251833,2.50,1465.174,23.826,12.453,192,19,45,,
T,2023-05-10 18:01:44,6.27639833,-75.57253833,2.50,1464.273,23.827,13.160,192,21,45,,
T,2023-05-10 18:01:45,6.27627167,-75.57256500,2.50,1464.273,23.827,14.230,192,20,45,,
T,2023-05-10 18:01:46,6.27613500,-75.57259333,2.30,1464.072,23.828,15.001,192,20,45,,
T,2023-05-10 18:01:47,6.27600500,-75.57262333,2.30,1464.272,23.828,15.086,193,19,45,,
T,2023-05-10 18:01:48,6.27586833,-75.57265667,2.40,1464.471,23.829,15.123,193,19,45,,
T,2023-05-10 18:01:49,6.27574833,-75.57269667,2.30,1464.671,23.829,14.642,191,19,45,,
T,2023-05-10 18:01:50,6.27562167,-75.57272000,2.30,1464.571,23.829,14.776,191,19,45,,
T,2023-05-10 18:01:51,6.27547500,-75.57275000,2.10,1461.370,23.830,14.510,192,16,45,,
T,2023-05-10 18:01:52,6.27533833,-75.57277333,2.10,1461.370,23.830,14.735,191,19,45,,
T,2023-05-10 18:01:53,6.27519667,-75.57280333,2.20,1458.969,23.831,13.742,192,19,45,,
T,2023-05-10 18:01:54,6.27507333,-75.57283000,2.30,1458.969,23.831,11.907,192,21,45,,
T,2023-05-10 18:01:55,6.27497667,-75.57285000,2.40,1459.668,23.832,10.130,192,24,45,,
T,2023-05-10 18:01:56,6.27489167,-75.57286833,2.10,1460.168,23.832,8.116,193,24,45,,
T,2023-05-10 18:01:57,6.27483167,-75.57288667,2.20,1460.868,23.832,7.108,190,25,45,,
T,2023-05-10 18:01:58,6.27477667,-75.57290000,2.20,1461.568,23.832,6.506,189,26,45,,
T,2023-05-10 18:01:59,6.27472000,-75.57290833,2.30,1461.568,23.832,6.307,192,25,45,,
T,2023-05-10 18:02:00,6.27466167,-75.57292500,2.30,1461.867,23.833,6.175,191,25,45,,
T,2023-05-10 18:02:01,6.27460833,-75.57294667,2.30,1461.967,23.833,6.190,193,25,45,,
T,2023-05-10 18:02:02,6.27455500,-75.57296000,2.20,1462.167,23.833,6.229,196,25,45,,
T,2023-05-10 18:02:03,6.27450000,-75.57297333,2.20,1461.967,23.833,6.526,196,25,45,,
T,2023-05-10 18:02:04,6.27444000,-75.57299167,2.20,1461.766,23.834,6.554,196,25,45,,
T,2023-05-10 18:02:05,6.27438000,-75.57300833,2.20,1461.866,23.834,6.817,192,26,45,,
T,2023-05-10 18:02:06,6.27432000,-75.57302500,2.30,1461.966,23.834,7.010,197,25,45,,
T,2023-05-10 18:02:07,6.27426167,-75.57303667,2.10,1462.166,23.834,7.045,193,25,45,,
T,2023-05-10 18:02:08,6.27420000,-75.57304667,2.00,1462.066,23.834,7.315,192,26,45,,
T,2023-05-10 18:02:09,6.27413667,-75.57305833,2.00,1462.065,23.835,7.311,190,27,45,,
T,2023-05-10 18:02:10,6.27405667,-75.57306333,2.10,1462.565,23.835,7.699,193,27,45,,
T,2023-05-10 18:02:11,6.27398167,-75.57307833,2.20,1463.365,23.835,7.584,194,27,45,,
T,2023-05-10 18:02:12,6.27391667,-75.57309333,2.20,1464.665,23.835,7.317,194,27,45,,
T,2023-05-10 18:02:13,6.27385333,-75.57310500,2.20,1464.865,23.835,7.290,191,27,45,,
T,2023-05-10 18:02:14,6.27379167,-75.57311500,2.20,1464.864,23.836,7.013,190,25,45,,
T,2023-05-10 18:02:15,6.27372000,-75.57313333,2.30,1465.464,23.836,7.621,192,24,45,,
T,2023-05-10 18:02:16,6.27365000,-75.57315000,2.30,1464.964,23.836,7.640,190,25,45,,
T,2023-05-10 18:02:17,6.27358333,-75.57317000,2.30,1465.264,23.836,7.485,193,25,45,,
T,2023-05-10 18:02:18,6.27351667,-75.57318167,2.10,1465.463,23.837,6.654,195,25,45,,
T,2023-05-10 18:02:19,6.27345833,-75.57319167,2.10,1465.763,23.837,6.455,193,25,45,,
T,2023-05-10 18:02:20,6.27340833,-75.57320667,2.00,1466.363,23.837,6.326,196,25,45,,
T,2023-05-10 18:02:21,6.27335500,-75.57322333,1.90,1467.063,23.837,6.011,195,25,45,,
T,2023-05-10 18:02:22,6.27330500,-75.57323333,1.90,1467.163,23.837,5.498,196,25,45,,
T,2023-05-10 18:02:23,6.27326000,-75.57324333,1.90,1466.762,23.838,4.682,192,25,45,,
T,2023-05-10 18:02:24,6.27322333,-75.57324833,2.10,1466.562,23.838,3.939,183,25,45,,
T,2023-05-10 18:02:25,6.27319500,-75.57324833,2.10,1466.762,23.838,3.159,184,25,45,,
T,2023-05-10 18:02:26,6.27316500,-75.57325500,2.10,1467.462,23.838,3.632,191,25,45,,
T,2023-05-10 18:02:27,6.27313667,-75.57326333,2.10,1467.762,23.838,3.454,197,25,45,,
T,2023-05-10 18:02:28,6.27311167,-75.57327333,2.10,1467.862,23.838,3.323,196,25,45,,
T,2023-05-10 18:02:29,6.27307333,-75.57328500,2.20,1468.662,23.838,4.390,191,25,45,,
T,2023-05-10 18:02:30,6.27302667,-75.57330000,2.20,1469.062,23.838,5.607,194,26,45,,
T,2023-05-10 18:02:31,6.27297000,-75.57331167,2.10,1469.461,23.839,6.498,192,26,45,,
T,2023-05-10 18:02:32,6.27290000,-75.57332667,2.00,1469.361,23.839,7.731,194,26,45,,
T,2023-05-10 18:02:33,6.27282000,-75.57334833,1.90,1469.261,23.839,8.507,196,26,45,,
T,2023-05-10 18:02:34,6.27274167,-75.57337167,1.90,1469.861,23.839,8.757,195,26,45,,
T,2023-05-10 18:02:35,6.27266000,-75.57339167,1.80,1470.460,23.840,9.220,193,26,45,,
T,2023-05-10 18:02:36,6.27257333,-75.57341333,1.80,1470.660,23.840,9.689,193,26,45,,
T,2023-05-10 18:02:37,6.27247833,-75.57343333,2.10,1470.160,23.840,10.305,193,26,45,,
T,2023-05-10 18:02:38,6.27238333,-75.57345167,2.20,1469.959,23.841,10.674,193,26,45,,
T,2023-05-10 18:02:39,6.27228000,-75.57347333,2.20,1469.659,23.841,11.156,195,26,45,,
T,2023-05-10 18:02:40,6.27217000,-75.57349333,2.20,1468.859,23.841,11.718,195,26,45,,
T,2023-05-10 18:02:41,6.27206167,-75.57352167,2.30,1468.858,23.842,11.711,194,26,45,,
T,2023-05-10 18:02:42,6.27195000,-75.57354500,2.30,1468.758,23.842,11.311,194,25,45,,
T,2023-05-10 18:02:43,6.27184667,-75.57356333,2.40,1467.758,23.842,10.619,194,25,45,,
T,2023-05-10 18:02:44,6.27175167,-75.57358167,2.30,1467.057,23.843,10.289,193,27,45,,
T,2023-05-10 18:02:45,6.27166000,-75.57360167,2.20,1467.257,23.843,10.576,193,28,45,,
T,2023-05-10 18:02:46,6.27156667,-75.57362500,2.10,1467.557,23.843,10.831,193,27,45,,
T,2023-05-10 18:02:47,6.27147000,-75.57364667,2.30,1466.956,23.844,10.270,195,27,45,,
T,2023-05-10 18:02:48,6.27137500,-75.57366833,2.40,1466.256,23.844,10.455,193,27,45,,
T,2023-05-10 18:02:49,6.27128167,-75.57369333,2.40,1465.556,23.844,10.417,193,27,45,,
T,2023-05-10 18:02:50,6.27118833,-75.57372500,2.20,1464.755,23.845,10.707,193,26,45,,
T,2023-05-10 18:02:51,6.27109667,-75.57375667,2.10,1464.755,23.845,11.359,191,28,45,,
T,2023-05-10 18:02:52,6.27099667,-75.57377667,2.00,1464.754,23.846,11.906,190,27,45,,
T,2023-05-10 18:02:53,6.27089333,-75.57379667,2.20,1464.054,23.846,13.290,190,27,45,,
T,2023-05-10 18:02:54,6.27076667,-75.57382167,2.00,1462.054,23.846,14.206,192,27,45,,
T,2023-05-10 18:02:55,6.27063167,-75.57385333,1.90,1460.753,23.847,15.210,194,26,45,,
T,2023-05-10 18:02:56,6.27049667,-75.57388667,1.90,1460.753,23.847,15.582,194,26,45,,
T,2023-05-10 18:02:57,6.27035500,-75.57392167,2.30,1461.452,23.848,15.472,195,24,45,,
T,2023-05-10 18:02:58,6.27020833,-75.57396000,2.40,1461.752,23.848,16.353,196,24,45,,
T,2023-05-10 18:02:59,6.27006000,-75.57399833,2.40,1460.051,23.849,16.661,196,24,45,,
T,2023-05-10 18:03:00,6.26991167,-75.57404333,2.50,1460.651,23.849,17.075,196,24,45,,
T,2023-05-10 18:03:01,6.26975167,-75.57408000,2.50,1459.650,23.850,17.105,195,22,45,,
T,2023-05-10 18:03:02,6.26960167,-75.57411667,2.50,1460.650,23.850,17.284,193,22,45,,
T,2023-05-10 18:03:03,6.26945833,-75.57415167,2.50,1460.949,23.851,17.444,192,23,45,,
T,2023-05-10 18:03:04,6.26931333,-75.57418000,2.40,1460.749,23.851,16.400,191,23,45,,
T,2023-05-10 18:03:05,6.26916667,-75.57421000,2.30,1459.548,23.852,16.314,192,23,45,,
T,2023-05-10 18:03:06,6.26902000,-75.57424167,2.40,1459.548,23.852,16.513,192,23,45,,
T,2023-05-10 18:03:07,6.26887000,-75.57427833,2.30,1460.047,23.853,16.392,192,23,45,,
T,2023-05-10 18:03:08,6.26871833,-75.57431000,2.30,1457.846,23.854,17.142,193,23,45,,
T,2023-05-10 18:03:09,6.26857167,-75.57435333,2.40,1456.946,23.854,17.171,194,23,45,,
T,2023-05-10 18:03:10,6.26840667,-75.57439667,2.40,1455.645,23.855,17.566,193,24,45,,
T,2023-05-10 18:03:11,6.26825000,-75.57443500,2.40,1455.945,23.855,17.489,194,24,45,,
T,2023-05-10 18:03:12,6.26809833,-75.57447167,2.40,1456.344,23.856,17.646,194,25,45,,
T,2023-05-10 18:03:13,6.26794500,-75.57450500,2.40,1456.544,23.856,17.652,193,26,45,,
T,2023-05-10 18:03:14,6.26779333,-75.57454500,2.40,1456.543,23.857,17.664,192,27,45,,
T,2023-05-10 18:03:15,6.26763500,-75.57457500,2.40,1456.443,23.857,17.546,193,27,45,,
T,2023-05-10 18:03:16,6.26747000,-75.57460667,2.30,1455.242,23.858,17.707,194,28,45,,
T,2023-05-10 18:03:17,6.26731333,-75.57463833,2.40,1455.942,23.858,17.732,193,28,45,,
T,2023-05-10 18:03:18,6.26715167,-75.57467333,2.30,1454.941,23.859,17.625,194,28,45,,
T,2023-05-10 18:03:19,6.26700000,-75.57471167,2.40,1454.640,23.860,17.735,194,29,45,,
T,2023-05-10 18:03:20,6.26684667,-75.57476000,2.30,1452.640,23.860,17.909,194,29,45,,
T,2023-05-10 18:03:21,6.26669333,-75.57479667,2.20,1452.939,23.861,17.440,194,28,45,,
T,2023-05-10 18:03:22,6.26654167,-75.57482833,2.30,1455.139,23.861,17.058,194,28,45,,
T,2023-05-10 18:03:23,6.26639333,-75.57486333,2.30,1456.738,23.862,16.742,194,28,45,,
T,2023-05-10 18:03:24,6.26624833,-75.57489333,2.30,1459.138,23.862,16.580,194,27,45,,
T,2023-05-10 18:03:25,6.26610833,-75.57493000,2.30,1460.937,23.863,16.132,194,28,45,,
T,2023-05-10 18:03:26,6.26597167,-75.57496500,2.30,1462.237,23.863,15.841,193,28,45,,
T,2023-05-10 18:03:27,6.26583833,-75.57499500,2.30,1463.436,23.864,15.815,192,28,45,,
T,2023-05-10 18:03:28,6.26570167,-75.57502333,2.30,1464.036,23.864,15.328,189,28,45,,
T,2023-05-10 18:03:29,6.26556667,-75.57503833,2.30,1465.135,23.865,15.367,185,28,45,,
T,2023-05-10 18:03:30,6.26542167,-75.57505000,2.20,1463.935,23.865,15.597,182,27,45,,
T,2023-05-10 18:03:31,6.26528333,-75.57505333,2.40,1464.535,23.865,15.500,181,27,45,,
T,2023-05-10 18:03:32,6.26514000,-75.57505333,2.40,1464.034,23.866,14.980,181,27,45,,
T,2023-05-10 18:03:33,6.26500167,-75.57505167,2.30,1462.734,23.866,14.447,181,27,45,,
T,2023-05-10 18:03:34,6.26486333,-75.57505833,2.20,1460.734,23.866,14.964,181,27,45,,
T,2023-05-10 18:03:35,6.26471833,-75.57507000,2.30,1458.633,23.867,15.949,181,26,45,,
T,2023-05-10 18:03:36,6.26456500,-75.57507833,2.30,1458.933,23.867,16.675,181,25,45,,
T,2023-05-10 18:03:37,6.26440167,-75.57508667,2.30,1453.433,23.867,17.243,181,26,45,,
T,2023-05-10 18:03:38,6.26423000,-75.57509500,2.30,1448.932,23.868,17.677,181,26,45,,
T,2023-05-10 18:03:39,6.26406500,-75.57509167,2.30,1448.332,23.868,17.641,179,26,45,,
T,2023-05-10 18:03:40,6.26391000,-75.57508833,2.10,1446.631,23.869,17.985,177,26,45,,
T,2023-05-10 18:03:41,6.26376667,-75.57508333,2.00,1447.831,23.869,15.805,179,26,45,,
T,2023-05-10 18:03:42,6.26362333,-75.57508167,1.90,1446.931,23.869,14.910,179,26,45,,
T,2023-05-10 18:03:43,6.26349000,-75.57508167,1.90,1446.930,23.870,14.727,180,26,45,,
T,2023-05-10 18:03:44,6.26335833,-75.57508333,2.00,1447.230,23.870,15.143,181,25,45,,
T,2023-05-10 18:03:45,6.26323500,-75.57508167,2.30,1448.330,23.870,15.173,179,25,45,,
T,2023-05-10 18:03:46,6.26309833,-75.57507667,2.40,1452.530,23.870,15.847,178,26,45,,
T,2023-05-10 18:03:47,6.26295667,-75.57504333,2.40,1457.729,23.871,15.940,172,26,45,,
T,2023-05-10 18:03:48,6.26281500,-75.57501500,2.40,1460.729,23.871,16.230,171,26,45,,
T,2023-05-10 18:03:49,6.26266667,-75.57498000,2.40,1460.429,23.871,16.236,167,26,45,,
T,2023-05-10 18:03:50,6.26251833,-75.57492333,2.40,1463.029,23.871,16.569,160,26,45,,
T,2023-05-10 18:03:51,6.26237500,-75.57484167,2.40,1463.829,23.871,16.332,153,26,45,,
T,2023-05-10 18:03:52,6.26224167,-75.57475500,2.20,1463.929,23.871,16.678,149,27,45,,
T,2023-05-10 18:03:53,6.26211167,-75.57466833,2.10,1464.729,23.871,16.583,146,26,45,,
T,2023-05-10 18:03:54,6.26199167,-75.57457667,2.10,1465.130,23.870,16.231,143,25,45,,
T,2023-05-10 18:03:55,6.26187667,-75.57448333,2.10,1465.630,23.870,16.360,141,25,45,,
T,2023-05-10 18:03:56,6.26175667,-75.57439333,2.00,1465.730,23.870,16.538,143,25,45,,
T,2023-05-10 18:03:57,6.26164167,-75.57429833,1.90,1466.830,23.870,16.407,142,24,45,,
T,2023-05-10 18:03:58,6.26152833,-75.57421667,2.30,1467.230,23.870,16.274,142,22,45,,
T,2023-05-10 18:03:59,6.26141500,-75.57412500,2.10,1469.031,23.869,15.813,142,23,45,,
T,2023-05-10 18:04:00,6.26131667,-75.57402333,2.30,1470.531,23.869,15.650,141,23,45,,
T,2023-05-10 18:04:01,6.26120667,-75.57392833,2.10,1470.231,23.869,15.568,143,27,45,,
T,2023-05-10 18:04:02,6.26109500,-75.57383833,2.30,1469.831,23.869,15.674,142,27,45,,
T,2023-05-10 18:04:03,6.26098000,-75.57375833,2.30,1468.632,23.868,15.492,141,27,45,,
T,2023-05-10 18:04:04,6.26086833,-75.57366667,2.10,1468.332,23.868,15.478,143,27,45,,
T,2023-05-10 18:04:05,6.26075167,-75.57357667,2.30,1469.432,23.868,15.777,144,27,45,,
T,2023-05-10 18:04:06,6.26063167,-75.57349333,2.30,1470.432,23.868,15.625,143,27,45,,
T,2023-05-10 18:04:07,6.26051667,-75.57341167,2.30,1471.232,23.868,15.590,142,28,45,,
T,2023-05-10 18:04:08,6.26040833,-75.57333833,2.30,1470.432,23.868,13.959,142,27,45,,
T,2023-05-10 18:04:09,6.26030833,-75.57326333,2.40,1470.233,23.867,13.524,141,27,45,,
T,2023-05-10 18:04:10,6.26021167,-75.57318833,2.20,1469.633,23.867,13.334,143,26,45,,
T,2023-05-10 18:04:11,6.26011667,-75.57311500,2.10,1469.433,23.867,13.311,142,28,45,,
T,2023-05-10 18:04:12,6.26002333,-75.57304667,2.30,1468.633,23.867,12.909,142,28,45,,
T,2023-05-10 18:04:13,6.25992333,-75.57297000,2.50,1468.033,23.867,14.163,143,26,45,,
T,2023-05-10 18:04:14,6.25981833,-75.57289667,2.30,1467.933,23.867,14.416,145,26,45,,
T,2023-05-10 18:04:15,6.25970833,-75.57282333,2.40,1468.134,23.866,14.663,145,28,45,,
T,2023-05-10 18:04:16,6.25959333,-75.57276000,2.20,1465.534,23.866,14.909,148,27,45,,
T,2023-05-10 18:04:17,6.25949167,-75.57269667,2.30,1464.034,23.866,14.245,147,27,45,,
T,2023-05-10 18:04:18,6.25938667,-75.57263333,2.50,1464.634,23.866,14.815,148,25,45,,
T,2023-05-10 18:04:19,6.25927333,-75.57257167,2.30,1463.934,23.866,13.761,152,25,45,,
T,2023-05-10 18:04:20,6.25916167,-75.57251833,2.20,1463.934,23.866,13.086,154,26,45,,
T,2023-05-10 18:04:21,6.25905667,-75.57246833,2.10,1466.234,23.866,12.638,157,26,45,,
T,2023-05-10 18:04:22,6.25895333,-75.57242667,2.00,1466.434,23.866,11.832,159,25,45,,
T,2023-05-10 18:04:23,6.25885500,-75.57239500,2.00,1466.334,23.866,10.383,163,25,45,,
T,2023-05-10 18:04:24,6.25876500,-75.57237167,2.00,1466.134,23.866,9.806,161,24,45,,
T,2023-05-10 18:04:25,6.25868833,-75.57233833,2.00,1465.834,23.866,9.198,159,23,45,,
T,2023-05-10 18:04:26,6.25861500,-75.57230833,2.00,1465.734,23.866,8.919,160,21,45,,
T,2023-05-10 18:04:27,6.25854500,-75.57228500,2.00,1465.634,23.866,8.400,164,21,45,,
T,2023-05-10 18:04:28,6.25849167,-75.57227167,2.30,1464.834,23.866,7.303,168,21,45,,
T,2023-05-10 18:04:29,6.25844667,-75.57226167,2.50,1464.134,23.866,6.205,172,22,45,,
T,2023-05-10 18:04:30,6.25840333,-75.57225333,2.40,1463.334,23.866,5.573,170,21,45,,
T,2023-05-10 18:04:31,6.25835500,-75.57223667,2.30,1463.234,23.866,6.142,169,22,45,,
T,2023-05-10 18:04:32,6.25830167,-75.57222500,2.20,1462.933,23.867,6.125,168,23,45,,
T,2023-05-10 18:04:33,6.25824000,-75.57221500,2.20,1462.133,23.867,6.364,175,23,45,,
T,2023-05-10 18:04:34,6.25818167,-75.57221333,2.10,1461.933,23.867,6.131,176,23,45,,
T,2023-05-10 18:04:35,6.25812833,-75.57221500,2.10,1462.433,23.867,6.046,179,25,45,,
T,2023-05-10 18:04:36,6.25807000,-75.57221833,2.00,1462.933,23.867,6.084,185,23,45,,
T,2023-05-10 18:04:37,6.25801000,-75.57222333,2.00,1462.433,23.867,6.436,187,24,45,,
T,2023-05-10 18:04:38,6.25794667,-75.57223167,2.20,1461.833,23.867,7.455,186,24,45,,
T,2023-05-10 18:04:39,6.25788000,-75.57223833,2.30,1461.632,23.868,8.106,186,23,45,,
T,2023-05-10 18:04:40,6.25780500,-75.57224667,2.30,1462.232,23.868,8.397,185,24,45,,
T,2023-05-10 18:04:41,6.25771500,-75.57225833,2.20,1462.732,23.868,8.851,185,24,45,,
T,2023-05-10 18:04:42,6.25763000,-75.57227000,2.10,1463.732,23.868,9.183,187,24,45,,
T,2023-05-10 18:04:43,6.25754500,-75.57228167,2.30,1464.831,23.869,9.385,185,25,45,,
T,2023-05-10 18:04:44,6.25745833,-75.57228500,2.30,1464.831,23.869,8.901,183,25,45,,
T,2023-05-10 18:04:45,6.25737833,-75.57228833,2.20,1464.831,23.869,8.686,178,26,45,,
T,2023-05-10 18:04:46,6.25729667,-75.57227833,2.30,1464.431,23.869,8.570,172,25,45,,
T,2023-05-10 18:04:47,6.25722000,-75.57226833,2.40,1463.531,23.869,8.463,167,24,45,,
T,2023-05-10 18:04:48,6.25714333,-75.57223667,2.40,1463.031,23.869,8.829,156,26,45,,
T,2023-05-10 18:04:49,6.25708167,-75.57219333,2.40,1463.131,23.869,8.668,154,24,45,,
T,2023-05-10 18:04:50,6.25701833,-75.57214500,2.40,1463.431,23.869,8.771,150,24,45,,
T,2023-05-10 18:04:51,6.25695167,-75.57209167,2.30,1463.531,23.869,8.384,144,25,45,,
T,2023-05-10 18:04:52,6.25690500,-75.57204333,2.40,1464.031,23.869,7.388,141,25,45,,
T,2023-05-10 18:04:53,6.25686167,-75.57199333,2.20,1463.931,23.869,6.202,135,24,45,,
T,2023-05-10 18:04:54,6.25682833,-75.57194667,2.30,1464.332,23.868,5.396,139,24,45,,
T,2023-05-10 18:04:55,6.25679333,-75.57191500,2.20,1464.332,23.868,5.300,147,26,45,,
T,2023-05-10 18:04:56,6.25675500,-75.57188667,2.10,1464.532,23.868,5.529,152,25,45,,
T,2023-05-10 18:04:57,6.25671500,-75.57186000,2.10,1465.232,23.868,5.624,151,24,45,,
T,2023-05-10 18:04:58,6.25667333,-75.57183500,2.00,1466.132,23.868,5.490,151,26,45,,
T,2023-05-10 18:04:59,6.25663667,-75.57180667,2.20,1466.932,23.868,5.498,146,27,45,,
T,2023-05-10 18:05:00,6.25659833,-75.57178333,2.30,1467.632,23.868,5.223,151,28,45,,
T,2023-05-10 18:05:01,6.25655667,-75.57175667,2.40,1467.832,23.868,5.802,147,28,45,,
T,2023-05-10 18:05:02,6.25651167,-75.57172000,2.30,1468.232,23.868,6.178,147,29,45,,
T,2023-05-10 18:05:03,6.25646833,-75.57169000,2.20,1468.732,23.868,6.171,143,29,45,,
T,2023-05-10 18:05:04,6.25642667,-75.57165000,2.20,1469.732,23.868,5.403,139,28,45,,
T,2023-05-10 18:05:05,6.25638833,-75.57161667,2.20,1470.732,23.868,4.713,140,27,45,,
T,2023-05-10 18:05:06,6.25634667,-75.57157833,2.20,1471.532,23.868,5.333,137,27,45,,
T,2023-05-10 18:05:07,6.25630333,-75.57153500,2.20,1472.032,23.868,6.454,138,23,45,,
T,2023-05-10 18:05:08,6.25624833,-75.57148833,2.20,1472.033,23.867,7.209,139,24,45,,
T,2023-05-10 18:05:09,6.25618333,-75.57144667,2.20,1473.033,23.867,7.718,145,24,45,,
T,2023-05-10 18:05:10,6.25612000,-75.57141000,2.10,1473.333,23.867,7.262,148,24,45,,
T,2023-05-10 18:05:11,6.25606667,-75.57137500,2.20,1474.133,23.867,6.559,153,24,45,,
T,2023-05-10 18:05:12,6.25601333,-75.57135000,2.10,1474.333,23.867,6.533,150,23,45,,
T,2023-05-10 18:05:13,6.25595833,-75.57132667,2.10,1474.233,23.867,6.689,153,23,45,,
T,2023-05-10 18:05:14,6.25589833,-75.57130500,2.10,1473.433,23.867,7.465,154,25,45,,
T,2023-05-10 18:05:15,6.25583000,-75.57128333,2.00,1473.133,23.867,7.947,160,25,45,,
T,2023-05-10 18:05:16,6.25575500,-75.57126333,2.00,1473.433,23.867,8.737,166,24,45,,
T,2023-05-10 18:05:17,6.25567000,-75.57125500,2.00,1472.632,23.868,9.155,174,24,45,,
T,2023-05-10 18:05:18,6.25557000,-75.57125000,2.30,1472.132,23.868,9.942,181,24,45,,
T,2023-05-10 18:05:19,6.25546833,-75.57125833,2.20,1472.132,23.868,10.378,184,23,45,,
T,2023-05-10 18:05:20,6.25536500,-75.57127167,2.40,1472.432,23.868,10.233,189,24,45,,
T,2023-05-10 18:05:21,6.25526333,-75.57128833,2.40,1472.031,23.869,10.411,192,24,45,,
T,2023-05-10 18:05:22,6.25516333,-75.57130667,2.30,1471.731,23.869,10.191,191,25,45,,
T,2023-05-10 18:05:23,6.25507000,-75.57133000,2.20,1471.931,23.869,9.862,194,25,45,,
T,2023-05-10 18:05:24,6.25497500,-75.57135333,2.10,1471.230,23.870,10.184,196,25,45,,
T,2023-05-10 18:05:25,6.25488167,-75.57138000,2.10,1470.930,23.870,9.865,198,25,45,,
T,2023-05-10 18:05:26,6.25479500,-75.57141500,2.10,1470.930,23.870,9.603,204,25,45,,
T,2023-05-10 18:05:27,6.25471667,-75.57145833,2.10,1470.729,23.871,9.253,210,24,46,,
T,2023-05-10 18:05:28,6.25464000,-75.57150500,2.10,1471.029,23.871,9.366,209,23,46,,
T,2023-05-10 18:05:29,6.25455833,-75.57154500,2.10,1471.628,23.872,9.159,206,23,46,,
T,2023-05-10 18:05:30,6.25447833,-75.57157500,2.10,1472.128,23.872,8.741,197,21,46,,
T,2023-05-10 18:05:31,6.25439833,-75.57158833,2.10,1472.028,23.872,8.864,189,21,46,,
T,2023-05-10 18:05:32,6.25432167,-75.57158833,2.30,1472.028,23.872,8.869,180,20,46,,
T,2023-05-10 18:05:33,6.25423667,-75.57158000,2.30,1471.427,23.873,8.960,173,22,46,,
T,2023-05-10 18:05:34,6.25414500,-75.57155667,2.50,1471.627,23.873,9.533,169,22,46,,
T,2023-05-10 18:05:35,6.25405667,-75.57152667,2.40,1471.627,23.873,9.527,167,22,46,,
T,2023-05-10 18:05:36,6.25396167,-75.57150833,2.30,1471.227,23.873,9.551,169,22,46,,
T,2023-05-10 18:05:37,6.25386833,-75.57148167,2.30,1471.227,23.873,10.061,166,21,46,,
T,2023-05-10 18:05:38,6.25377333,-75.57146000,2.20,1471.127,23.873,9.615,167,24,46,,
T,2023-05-10 18:05:39,6.25368000,-75.57143833,2.10,1470.527,23.873,9.352,165,24,46,,
T,2023-05-10 18:05:40,6.25359667,-75.57141833,2.10,1470.027,23.873,8.672,165,25,46,,
T,2023-05-10 18:05:41,6.25352667,-75.57140000,2.10,1469.927,23.873,7.400,167,25,46,,
T,2023-05-10 18:05:42,6.25346333,-75.57138000,2.10,1469.827,23.873,6.723,162,25,46,,
T,2023-05-10 18:05:43,6.25341000,-75.57136000,2.10,1469.827,23.873,5.799,157,25,46,,
T,2023-05-10 18:05:44,6.25336500,-75.57134333,2.10,1469.727,23.873,4.754,154,24,46,,
T,2023-05-10 18:05:45,6.25332333,-75.57132833,2.20,1469.627,23.873,4.080,155,23,46,,
T,2023-05-10 18:05:46,6.25329500,-75.57131000,2.20,1469.627,23.873,3.423,151,25,46,,
T,2023-05-10 18:05:47,6.25327167,-75.57129500,2.20,1469.627,23.873,3.390,154,25,46,,
T,2023-05-10 18:05:48,6.25325167,-75.57128333,2.20,1469.827,23.873,2.762,161,24,46,,
T,2023-05-10 18:05:49,6.25323500,-75.57127500,2.20,1470.527,23.873,2.152,164,24,46,,
T,2023-05-10 18:05:50,6.25322333,-75.57126833,2.20,1471.427,23.873,1.390,164,24,46,,
T,2023-05-10 18:05:51,6.25321833,-75.57126167,2.10,1472.327,23.873,0.000,,25,46,,
T,2023-05-10 18:05:52,6.25322167,-75.57125333,2.10,1472.727,23.873,0.000,,25,46,,
T,2023-05-10 18:05:53,6.25322833,-75.57124667,2.00,1472.827,23.873,0.000,,24,46,,
T,2023-05-10 18:05:54,6.25322833,-75.57124667,2.00,1472.827,23.873,0.000,,25,46,,
T,2023-05-10 18:05:55,6.25322833,-75.57124667,1.90,1472.827,23.873,0.000,,27,46,,
T,2023-05-10 18:05:56,6.25322833,-75.57124667,1.90,1472.827,23.873,0.000,,27,46,,
T,2023-05-10 18:05:57,6.25322833,-75.57124667,1.90,1472.827,23.873,0.000,,26,46,,
T,2023-05-10 18:05:58,6.25322833,-75.57124667,1.80,1472.827,23.873,0.000,,26,46,,
T,2023-05-10 18:05:59,6.25322833,-75.57124667,1.80,1472.827,23.873,0.000,,25,46,,
T,2023-05-10 18:06:00,6.25322833,-75.57124667,1.80,1472.827,23.873,0.000,,25,46,,
T,2023-05-10 18:06:01,6.25322833,-75.57124667,1.80,1472.827,23.873,0.000,,24,46,,
T,2023-05-10 18:06:02,6.25322833,-75.57124667,1.70,1472.827,23.873,0.000,,24,46,,
T,2023-05-10 18:06:03,6.25322833,-75.57124667,1.70,1472.827,23.873,0.000,,24,46,,
T,2023-05-10 18:06:04,6.25322833,-75.57124667,1.70,1472.827,23.873,0.000,,24,46,,
T,2023-05-10 18:06:05,6.25322833,-75.57124667,1.10,1472.827,23.873,0.000,,24,46,,
T,2023-05-10 18:06:06,6.25322833,-75.57124667,1.00,1472.827,23.873,0.000,,24,46,,
T,2023-05-10 18:06:07,6.25322833,-75.57124667,1.00,1472.827,23.873,0.000,,24,46,,
T,2023-05-10 18:06:08,6.25322833,-75.57124667,1.10,1472.827,23.873,0.000,,24,46,,
T,2023-05-10 18:06:09,6.25322833,-75.57124667,1.20,1472.827,23.873,0.000,,24,46,,
T,2023-05-10 18:06:10,6.25322833,-75.57124667,1.30,1472.827,23.873,0.000,,26,46,,
T,2023-05-10 18:06:11,6.25322833,-75.57124667,1.40,1472.827,23.873,0.000,,26,46,,
T,2023-05-10 18:06:12,6.25322833,-75.57124667,1.40,1472.827,23.873,0.000,,25,46,,
T,2023-05-10 18:06:13,6.25322833,-75.57124667,1.50,1472.827,23.873,0.000,,26,46,,
T,2023-05-10 18:06:14,6.25322833,-75.57124667,1.50,1472.827,23.873,0.000,,26,46,,
T,2023-05-10 18:06:15,6.25322833,-75.57124667,1.60,1472.827,23.873,0.000,,27,46,,
T,2023-05-10 18:06:16,6.25322833,-75.57124667,1.60,1472.827,23.873,0.000,,26,46,,
T,2023-05-10 18:06:17,6.25322833,-75.57124667,1.70,1472.827,23.873,0.000,,26,46,,
T,2023-05-10 18:06:18,6.25322833,-75.57124667,1.70,1472.827,23.873,0.000,,25,46,,
T,2023-05-10 18:06:19,6.25322833,-75.57124667,1.70,1472.827,23.873,0.000,,26,46,,
T,2023-05-10 18:06:20,6.25322833,-75.57124667,1.80,1472.827,23.873,0.000,,26,46,,
T,2023-05-10 18:06:21,6.25322833,-75.57124667,1.80,1472.827,23.873,0.000,,26,46,,
T,2023-05-10 18:06:22,6.25322833,-75.57124667,1.80,1472.827,23.873,0.000,,26,46,,
T,2023-05-10 18:06:23,6.25322833,-75.57124667,1.80,1472.827,23.873,0.000,,25,45,,
T,2023-05-10 18:06:24,6.25322833,-75.57124667,1.80,1472.827,23.873,0.000,,25,45,,
T,2023-05-10 18:06:25,6.25322833,-75.57124667,1.80,1472.827,23.873,0.000,,26,45,,
T,2023-05-10 18:06:26,6.25322833,-75.57124667,1.80,1472.827,23.873,0.000,,26,45,,
T,2023-05-10 18:06:27,6.25322833,-75.57124667,1.10,1472.827,23.873,0.000,,27,45,,
T,2023-05-10 18:06:28,6.25322833,-75.57124667,1.00,1472.827,23.873,0.000,,26,45,,
T,2023-05-10 18:06:29,6.25322833,-75.57124667,1.00,1472.827,23.873,0.000,,26,45,,
T,2023-05-10 18:06:30,6.25322833,-75.57124667,1.00,1472.827,23.873,0.000,,26,45,,
T,2023-05-10 18:06:31,6.25322833,-75.57124667,1.00,1472.827,23.873,0.000,,26,45,,
T,2023-05-10 18:06:32,6.25322833,-75.57124667,1.20,1472.827,23.873,0.000,,26,45,,
T,2023-05-10 18:06:33,6.25322833,-75.57124667,1.30,1472.827,23.873,0.000,,26,45,,
T,2023-05-10 18:06:34,6.25322833,-75.57124667,1.50,1472.827,23.873,0.000,,26,45,,
T,2023-05-10 18:06:35,6.25322833,-75.57124667,1.60,1472.827,23.873,0.000,,25,45,,
T,2023-05-10 18:06:36,6.25317333,-75.57119000,1.70,1465.827,23.873,1.896,188,25,45,,
T,2023-05-10 18:06:37,6.25315333,-75.57119667,1.80,1465.927,23.873,2.301,197,25,45,,
T,2023-05-10 18:06:38,6.25312333,-75.57120833,1.80,1466.127,23.873,2.877,186,25,45,,
T,2023-05-10 18:06:39,6.25309833,-75.57121667,1.80,1466.327,23.873,2.441,190,24,45,,
T,2023-05-10 18:06:40,6.25307833,-75.57122000,2.00,1466.627,23.873,1.603,192,25,45,,
T,2023-05-10 18:06:41,6.25306333,-75.57122333,2.00,1466.827,23.873,0.000,,27,45,,
T,2023-05-10 18:06:42,6.25305500,-75.57121833,1.90,1467.227,23.873,0.000,,27,45,,
T,2023-05-10 18:06:43,6.25305000,-75.57121667,1.90,1467.527,23.873,0.000,,28,45,,
T,2023-05-10 18:06:44,6.25305000,-75.57121667,1.80,1467.527,23.873,0.000,,28,45,,
T,2023-05-10 18:06:45,6.25305000,-75.57121667,1.80,1467.527,23.873,0.000,,28,45,,
T,2023-05-10 18:06:46,6.25305000,-75.57121667,1.80,1467.527,23.873,0.000,,27,45,,
T,2023-05-10 18:06:47,6.25305000,-75.57121667,1.80,1467.527,23.873,0.000,,26,45,,
T,2023-05-10 18:06:48,6.25305000,-75.57121667,1.80,1467.527,23.873,0.000,,26,45,,
T,2023-05-10 18:06:49,6.25305000,-75.57121667,1.80,1467.527,23.873,0.000,,26,45,,
T,2023-05-10 18:06:50,6.25305000,-75.57121667,1.80,1467.527,23.873,0.000,,26,45,,
T,2023-05-10 18:06:51,6.25305000,-75.57121667,1.80,1467.527,23.873,0.000,,26,45,,
T,2023-05-10 18:06:52,6.25305000,-75.57121667,1.80,1467.527,23.873,0.000,,26,45,,
T,2023-05-10 18:06:53,6.25305000,-75.57121667,1.80,1467.527,23.873,0.000,,25,45,,
T,2023-05-10 18:06:54,6.25305000,-75.57121667,1.80,1467.527,23.873,0.000,,25,45,,
T,2023-05-10 18:06:55,6.25305000,-75.57121667,1.80,1467.527,23.873,0.000,,26,45,,
T,2023-05-10 18:06:56,6.25305000,-75.57121667,1.80,1467.527,23.873,0.000,,26,45,,
T,2023-05-10 18:06:57,6.25305000,-75.57121667,1.80,1467.527,23.873,0.000,,26,45,,
T,2023-05-10 18:06:58,6.25305000,-75.57121667,1.80,1467.527,23.873,0.000,,26,45,,
T,2023-05-10 18:06:59,6.25305000,-75.57121667,1.80,1467.527,23.873,0.000,,26,45,,
T,2023-05-10 18:07:00,6.25305000,-75.57121667,1.90,1467.527,23.873,0.000,,25,45,,
T,2023-05-10 18:07:01,6.25305000,-75.57121667,1.90,1467.527,23.873,0.000,,25,45,,
T,2023-05-10 18:07:02,6.25305000,-75.57121667,1.90,1467.527,23.873,0.000,,24,45,,
T,2023-05-10 18:07:03,6.25305000,-75.57121667,2.00,1467.527,23.873,0.000,,25,45,,
T,2023-05-10 18:07:04,6.25305000,-75.57121667,2.10,1467.527,23.873,0.000,,24,45,,
T,2023-05-10 18:07:05,6.25305000,-75.57121667,2.10,1467.527,23.873,0.000,,24,45,,
T,2023-05-10 18:07:06,6.25305000,-75.57121667,2.20,1467.527,23.873,0.000,,24,45,,
T,2023-05-10 18:07:07,6.25305000,-75.57121667,2.10,1467.527,23.873,0.000,,24,45,,
T,2023-05-10 18:07:08,6.25305000,-75.57121667,2.00,1467.527,23.873,0.000,,24,45,,
T,2023-05-10 18:07:09,6.25305000,-75.57121667,1.60,1467.527,23.873,0.000,,26,45,,
T,2023-05-10 18:07:10,6.25305000,-75.57121667,1.60,1467.527,23.873,0.000,,26,45,,
