type,date time,latitude,longitude,accuracy(m),altitude(m),geoid_height(m),speed(m/s),bearing(deg),sat_used,sat_inview,name,desc
T,2023-05-10 14:25:58,6.28507667,-75.56834000,1.00,1461.215,23.785,0.000,,29,46,20230510-092558,GPS Logger: 20230510-092558
T,2023-05-10 14:25:59,6.28507667,-75.56834000,1.00,1461.215,23.785,0.000,,29,46,,
T,2023-05-10 14:26:00,6.28507667,-75.56834000,1.00,1461.215,23.785,0.000,,28,46,,
T,2023-05-10 14:26:01,6.28507667,-75.56834000,1.00,1461.215,23.785,0.000,,28,46,,
T,2023-05-10 14:26:02,6.28507667,-75.56834000,1.00,1461.215,23.785,0.000,,28,46,,
T,2023-05-10 14:26:03,6.28507667,-75.56834000,1.00,1461.215,23.785,0.000,,29,46,,
T,2023-05-10 14:26:04,6.28507667,-75.56834000,1.00,1461.215,23.785,0.000,,29,46,,
T,2023-05-10 14:26:05,6.28507667,-75.56834000,1.00,1461.215,23.785,0.000,,29,46,,
T,2023-05-10 14:26:06,6.28507667,-75.56834000,1.00,1461.215,23.785,0.000,,30,46,,
T,2023-05-10 14:26:07,6.28507667,-75.56834000,1.00,1461.215,23.785,0.000,,31,46,,
T,2023-05-10 14:26:08,6.28507667,-75.56834000,1.00,1461.215,23.785,0.000,,27,46,,
T,2023-05-10 14:26:09,6.28507667,-75.56834000,1.10,1461.215,23.785,0.000,,22,46,,
T,2023-05-10 14:26:10,6.28507667,-75.56834000,1.10,1461.215,23.785,0.000,,24,46,,
T,2023-05-10 14:26:11,6.28507667,-75.56834000,1.00,1461.215,23.785,0.000,,28,46,,
T,2023-05-10 14:26:12,6.28507667,-75.56834000,1.00,1461.215,23.785,0.000,,27,46,,
T,2023-05-10 14:26:13,6.28507667,-75.56834000,1.00,1461.215,23.785,0.000,,27,46,,
T,2023-05-10 14:26:14,6.28508667,-75.56832500,1.10,1461.515,23.785,5.254,193,28,46,,
T,2023-05-10 14:26:15,6.28503167,-75.56834167,1.30,1460.915,23.785,6.932,197,28,46,,
T,2023-05-10 14:26:16,6.28494833,-75.56837333,2.10,1459.815,23.785,8.551,202,27,46,,
T,2023-05-10 14:26:17,6.28484667,-75.56842333,2.40,1458.914,23.786,10.208,203,27,46,,
T,2023-05-10 14:26:18,6.28473667,-75.56848500,2.30,1458.113,23.787,12.481,208,28,46,,
T,2023-05-10 14:26:19,6.28462500,-75.56854500,2.30,1457.513,23.787,13.823,206,28,46,,
T,2023-05-10 14:26:20,6.28449667,-75.56860667,2.20,1457.012,23.788,15.718,205,28,46,,
T,2023-05-10 14:26:21,6.28436333,-75.56867500,2.20,1456.412,23.788,16.445,208,28,46,,
T,2023-05-10 14:26:22,6.28422333,-75.56874833,2.20,1455.711,23.789,16.782,208,27,46,,
T,2023-05-10 14:26:23,6.28407333,-75.56882333,2.40,1455.610,23.790,16.921,208,27,46,,
T,2023-05-10 14:26:24,6.28392833,-75.56889500,2.50,1454.109,23.791,16.946,207,27,46,,
T,2023-05-10 14:26:25,6.28379000,-75.56896167,2.50,1453.109,23.791,17.460,205,28,46,,
T,2023-05-10 14:26:26,6.28364667,-75.56901833,2.30,1452.008,23.792,17.374,204,27,46,,
T,2023-05-10 14:26:27,6.28351167,-75.56907333,2.20,1451.308,23.792,17.329,201,27,46,,
T,2023-05-10 14:26:28,6.28338167,-75.56910667,2.50,1450.907,23.793,14.114,193,27,46,,
T,2023-05-10 14:26:29,6.28327000,-75.56912667,2.50,1449.607,23.793,11.581,189,27,46,,
T,2023-05-10 14:26:30,6.28317667,-75.56913000,2.30,1448.907,23.793,10.402,181,28,46,,
T,2023-05-10 14:26:31,6.28308667,-75.56912500,2.20,1448.906,23.794,9.624,178,28,46,,
T,2023-05-10 14:26:32,6.28300500,-75.56911833,2.10,1448.306,23.794,9.059,177,26,46,,
T,2023-05-10 14:26:33,6.28292667,-75.56911167,2.00,1448.106,23.794,8.792,177,26,46,,
T,2023-05-10 14:26:34,6.28284333,-75.56910500,1.90,1448.406,23.794,9.037,178,28,46,,
T,2023-05-10 14:26:35,6.28276167,-75.56910000,1.90,1448.006,23.794,9.446,179,28,46,,
T,2023-05-10 14:26:36,6.28267333,-75.56909500,1.90,1448.106,23.794,10.328,181,28,46,,
T,2023-05-10 14:26:37,6.28257667,-75.56909167,1.90,1448.205,23.795,11.276,179,28,46,,
T,2023-05-10 14:26:38,6.28247167,-75.56908667,1.90,1448.305,23.795,12.364,180,28,46,,
T,2023-05-10 14:26:39,6.28235333,-75.56908333,1.90,1448.505,23.795,13.311,178,29,46,,
T,2023-05-10 14:26:40,6.28222833,-75.56908333,1.90,1449.005,23.795,13.976,181,29,46,,
T,2023-05-10 14:26:41,6.28209833,-75.56908667,2.30,1449.304,23.796,14.875,180,29,46,,
T,2023-05-10 14:26:42,6.28195333,-75.56909500,2.30,1449.304,23.796,15.591,180,28,46,,
T,2023-05-10 14:26:43,6.28180667,-75.56909500,2.10,1450.004,23.796,16.590,181,28,46,,
T,2023-05-10 14:26:44,6.28165333,-75.56910000,2.30,1449.803,23.797,16.914,183,27,46,,
T,2023-05-10 14:26:45,6.28149667,-75.56911333,2.50,1449.703,23.797,17.747,185,28,46,,
T,2023-05-10 14:26:46,6.28133333,-75.56912667,2.30,1450.102,23.798,18.174,186,29,46,,
T,2023-05-10 14:26:47,6.28116833,-75.56914333,2.10,1450.502,23.798,18.523,186,29,46,,
T,2023-05-10 14:26:48,6.28100000,-75.56916667,2.00,1451.001,23.799,18.717,188,28,46,,
T,2023-05-10 14:26:49,6.28082833,-75.56919167,2.00,1451.901,23.799,19.115,191,28,46,,
T,2023-05-10 14:26:50,6.28065667,-75.56922500,1.90,1453.000,23.800,19.352,193,28,46,,
T,2023-05-10 14:26:51,6.28048000,-75.56926167,1.90,1453.800,23.800,19.881,193,28,46,,
T,2023-05-10 14:26:52,6.28030333,-75.56929833,2.40,1453.299,23.801,19.758,192,28,46,,
T,2023-05-10 14:26:53,6.28012500,-75.56933667,2.10,1453.598,23.802,19.838,193,28,46,,
T,2023-05-10 14:26:54,6.27994000,-75.56937833,2.30,1453.898,23.802,20.025,194,28,46,,
T,2023-05-10 14:26:55,6.27976333,-75.56943333,2.30,1454.697,23.803,20.031,194,28,46,,
T,2023-05-10 14:26:56,6.27958667,-75.56947667,2.40,1454.797,23.803,20.126,194,29,46,,
T,2023-05-10 14:26:57,6.27940500,-75.56951833,2.30,1453.496,23.804,20.235,193,29,46,,
T,2023-05-10 14:26:58,6.27923000,-75.56956167,2.10,1453.095,23.805,20.253,193,29,46,,
T,2023-05-10 14:26:59,6.27905167,-75.56960333,2.00,1452.595,23.805,20.513,194,30,46,,
T,2023-05-10 14:27:00,6.27887500,-75.56964667,1.90,1451.594,23.806,20.436,194,30,46,,
T,2023-05-10 14:27:01,6.27870000,-75.56969167,2.30,1450.193,23.807,20.486,193,30,46,,
T,2023-05-10 14:27:02,6.27852500,-75.56973667,2.40,1448.893,23.807,20.504,193,29,46,,
T,2023-05-10 14:27:03,6.27835333,-75.56977500,2.40,1447.792,23.808,20.077,193,29,46,,
T,2023-05-10 14:27:04,6.27817833,-75.56981500,2.50,1446.592,23.808,20.108,193,28,46,,
T,2023-05-10 14:27:05,6.27799833,-75.56985667,2.30,1447.291,23.809,19.829,193,28,46,,
T,2023-05-10 14:27:06,6.27781833,-75.56989167,2.40,1446.890,23.810,19.859,192,29,46,,
T,2023-05-10 14:27:07,6.27764500,-75.56993167,2.40,1447.390,23.810,19.564,193,29,46,,
T,2023-05-10 14:27:08,6.27747167,-75.56997000,2.20,1447.289,23.811,19.664,193,30,46,,
T,2023-05-10 14:27:09,6.27729833,-75.57000167,2.40,1447.289,23.811,19.340,193,30,46,,
T,2023-05-10 14:27:10,6.27712500,-75.57003833,2.30,1447.688,23.812,19.493,193,30,46,,
T,2023-05-10 14:27:11,6.27695500,-75.57008167,2.40,1448.587,23.813,19.505,193,30,46,,
T,2023-05-10 14:27:12,6.27678667,-75.57012500,2.30,1449.487,23.813,19.854,193,30,46,,
T,2023-05-10 14:27:13,6.27661000,-75.57016000,2.10,1450.286,23.814,19.651,193,30,46,,
T,2023-05-10 14:27:14,6.27643667,-75.57019833,2.00,1450.486,23.814,19.683,193,30,46,,
T,2023-05-10 14:27:15,6.27627167,-75.57023500,2.40,1450.685,23.815,19.552,190,29,46,,
T,2023-05-10 14:27:16,6.27610500,-75.57026167,2.30,1449.984,23.816,19.296,191,28,46,,
T,2023-05-10 14:27:17,6.27593333,-75.57029167,2.30,1449.784,23.816,18.628,191,28,46,,
T,2023-05-10 14:27:18,6.27577000,-75.57032333,2.20,1449.783,23.817,18.518,193,26,46,,
T,2023-05-10 14:27:19,6.27560500,-75.57035167,2.10,1449.483,23.817,18.200,193,27,46,,
T,2023-05-10 14:27:20,6.27545167,-75.57038167,2.00,1448.382,23.818,17.998,193,29,46,,
T,2023-05-10 14:27:21,6.27529167,-75.57042167,1.90,1448.582,23.818,17.882,192,29,46,,
T,2023-05-10 14:27:22,6.27513167,-75.57045333,1.90,1449.081,23.819,17.661,191,29,46,,
T,2023-05-10 14:27:23,6.27497833,-75.57048667,1.90,1449.481,23.819,17.092,192,29,46,,
T,2023-05-10 14:27:24,6.27483000,-75.57052000,1.90,1449.780,23.820,16.684,192,29,46,,
T,2023-05-10 14:27:25,6.27468667,-75.57055000,1.90,1449.880,23.820,15.853,191,27,46,,
T,2023-05-10 14:27:26,6.27455167,-75.57058167,1.90,1449.279,23.821,14.921,192,28,46,,
T,2023-05-10 14:27:27,6.27442000,-75.57060833,1.90,1448.979,23.821,14.905,191,29,46,,
T,2023-05-10 14:27:28,6.27429167,-75.57063500,2.00,1448.678,23.822,14.145,191,29,46,,
T,2023-05-10 14:27:29,6.27417333,-75.57066333,2.40,1447.878,23.822,13.768,192,29,46,,
T,2023-05-10 14:27:30,6.27405667,-75.57069000,2.50,1447.678,23.822,13.804,191,29,46,,
T,2023-05-10 14:27:31,6.27393667,-75.57071833,2.60,1447.777,23.823,13.679,194,29,46,,
T,2023-05-10 14:27:32,6.27381500,-75.57075167,2.50,1448.777,23.823,14.318,192,29,46,,
T,2023-05-10 14:27:33,6.27368500,-75.57078167,2.40,1450.176,23.824,14.307,192,29,46,,
T,2023-05-10 14:27:34,6.27356000,-75.57082000,2.30,1451.476,23.824,13.994,194,29,46,,
T,2023-05-10 14:27:35,6.27343333,-75.57084833,2.30,1452.175,23.825,13.974,192,29,46,,
T,2023-05-10 14:27:36,6.27330333,-75.57088833,2.50,1452.875,23.825,14.188,192,29,46,,
T,2023-05-10 14:27:37,6.27317333,-75.57091333,2.60,1452.274,23.826,13.961,194,27,46,,
T,2023-05-10 14:27:38,6.27304667,-75.57094333,2.50,1452.274,23.826,14.764,193,25,46,,
T,2023-05-10 14:27:39,6.27292167,-75.57097500,2.40,1452.973,23.827,14.483,193,25,46,,
T,2023-05-10 14:27:40,6.27279833,-75.57100667,2.40,1453.173,23.827,14.669,194,25,46,,
T,2023-05-10 14:27:41,6.27267000,-75.57103333,2.40,1453.473,23.827,14.695,192,24,46,,
T,2023-05-10 14:27:42,6.27253833,-75.57106000,2.30,1453.672,23.828,14.868,192,24,46,,
T,2023-05-10 14:27:43,6.27240333,-75.57108333,2.30,1453.872,23.828,15.124,191,25,46,,
T,2023-05-10 14:27:44,6.27226833,-75.57111667,2.60,1453.671,23.829,15.086,195,26,46,,
T,2023-05-10 14:27:45,6.27213000,-75.57115167,2.70,1453.371,23.829,15.120,193,26,46,,
T,2023-05-10 14:27:46,6.27199833,-75.57118500,2.60,1453.370,23.830,15.402,194,26,46,,
T,2023-05-10 14:27:47,6.27186333,-75.57121167,2.50,1453.570,23.830,15.015,194,28,46,,
T,2023-05-10 14:27:48,6.27172833,-75.57124167,2.40,1453.269,23.831,15.298,192,26,46,,
T,2023-05-10 14:27:49,6.27159167,-75.57125667,2.40,1452.869,23.831,14.875,192,27,46,,
T,2023-05-10 14:27:50,6.27145333,-75.57127667,2.30,1452.269,23.831,14.873,192,29,46,,
T,2023-05-10 14:27:51,6.27132167,-75.57130167,2.20,1451.768,23.832,14.689,192,28,46,,
T,2023-05-10 14:27:52,6.27119500,-75.57132833,2.20,1451.568,23.832,14.019,192,29,46,,
T,2023-05-10 14:27:53,6.27107500,-75.57135833,2.20,1451.267,23.833,13.641,193,29,46,,
T,2023-05-10 14:27:54,6.27095833,-75.57138667,2.20,1450.867,23.833,13.066,193,29,46,,
T,2023-05-10 14:27:55,6.27084167,-75.57141500,2.10,1450.866,23.834,13.165,195,29,46,,
T,2023-05-10 14:27:56,6.27073167,-75.57144667,2.50,1450.466,23.834,13.063,194,28,46,,
T,2023-05-10 14:27:57,6.27062167,-75.57148500,2.50,1450.466,23.834,13.488,193,28,46,,
T,2023-05-10 14:27:58,6.27050500,-75.57152000,2.70,1450.465,23.835,13.200,195,27,46,,
T,2023-05-10 14:27:59,6.27039167,-75.57154000,2.50,1450.765,23.835,13.170,193,27,46,,
T,2023-05-10 14:28:00,6.27027333,-75.57155833,2.40,1451.364,23.836,13.170,189,26,46,,
T,2023-05-10 14:28:01,6.27015500,-75.57158000,2.40,1450.964,23.836,12.971,193,26,46,,
T,2023-05-10 14:28:02,6.27004167,-75.57160500,2.40,1450.964,23.836,12.704,193,25,46,,
T,2023-05-10 14:28:03,6.26992667,-75.57162500,2.30,1451.363,23.837,12.505,192,26,46,,
T,2023-05-10 14:28:04,6.26981667,-75.57163833,2.20,1451.663,23.837,12.326,191,25,46,,
T,2023-05-10 14:28:05,6.26970667,-75.57166000,2.20,1451.963,23.837,11.574,191,25,46,,
T,2023-05-10 14:28:06,6.26960833,-75.57168167,2.10,1451.962,23.838,10.877,192,26,46,,
T,2023-05-10 14:28:07,6.26951333,-75.57170500,2.10,1452.562,23.838,10.569,193,27,46,,
T,2023-05-10 14:28:08,6.26941833,-75.57173500,2.40,1452.461,23.839,10.403,194,26,46,,
T,2023-05-10 14:28:09,6.26932833,-75.57176000,2.30,1452.361,23.839,10.022,193,26,46,,
T,2023-05-10 14:28:10,6.26923833,-75.57178000,2.30,1452.261,23.839,9.711,193,26,46,,
T,2023-05-10 14:28:11,6.26914833,-75.57179667,2.20,1452.361,23.839,10.209,191,26,46,,
T,2023-05-10 14:28:12,6.26905500,-75.57181833,2.10,1452.860,23.840,11.084,194,24,46,,
T,2023-05-10 14:28:13,6.26895833,-75.57184167,2.10,1453.160,23.840,11.320,195,23,46,,
T,2023-05-10 14:28:14,6.26885333,-75.57186167,2.10,1453.360,23.840,11.946,189,23,46,,
T,2023-05-10 14:28:15,6.26874167,-75.57188000,2.10,1453.759,23.841,12.378,190,24,46,,
T,2023-05-10 14:28:16,6.26863167,-75.57190833,2.10,1453.659,23.841,12.746,193,25,46,,
T,2023-05-10 14:28:17,6.26852000,-75.57193667,2.10,1453.758,23.842,12.925,193,25,46,,
T,2023-05-10 14:28:18,6.26840500,-75.57196500,2.00,1453.858,23.842,13.081,192,25,46,,
T,2023-05-10 14:28:19,6.26829000,-75.57199500,2.00,1453.658,23.842,13.339,194,27,46,,
T,2023-05-10 14:28:20,6.26817333,-75.57202333,2.00,1453.357,23.843,13.343,193,26,46,,
T,2023-05-10 14:28:21,6.26805500,-75.57205167,2.00,1453.657,23.843,13.359,192,26,46,,
T,2023-05-10 14:28:22,6.26793167,-75.57208500,2.30,1453.956,23.844,13.636,192,27,46,,
T,2023-05-10 14:28:23,6.26781000,-75.57211167,2.20,1453.856,23.844,13.674,192,27,46,,
T,2023-05-10 14:28:24,6.26768667,-75.57213833,2.20,1454.155,23.845,13.762,193,26,46,,
T,2023-05-10 14:28:25,6.26756333,-75.57216500,2.10,1454.355,23.845,13.748,191,26,46,,
T,2023-05-10 14:28:26,6.26744000,-75.57219500,2.40,1454.255,23.845,13.832,193,26,46,,
T,2023-05-10 14:28:27,6.26732167,-75.57222333,2.50,1454.154,23.846,13.714,193,26,46,,
T,2023-05-10 14:28:28,6.26719667,-75.57225500,2.30,1454.254,23.846,13.718,194,27,46,,
T,2023-05-10 14:28:29,6.26707500,-75.57228333,2.20,1454.353,23.847,13.500,191,27,46,,
T,2023-05-10 14:28:30,6.26695333,-75.57230667,2.20,1454.553,23.847,13.491,191,28,46,,
T,2023-05-10 14:28:31,6.26683333,-75.57233000,2.10,1455.052,23.848,13.499,192,28,46,,
T,2023-05-10 14:28:32,6.26671333,-75.57235833,2.10,1455.352,23.848,13.493,192,28,46,,
T,2023-05-10 14:28:33,6.26659333,-75.57238500,2.10,1455.552,23.848,13.522,195,28,46,,
T,2023-05-10 14:28:34,6.26647000,-75.57240000,2.00,1457.651,23.849,12.878,192,28,46,,
T,2023-05-10 14:28:35,6.26635333,-75.57242333,2.00,1457.851,23.849,12.888,194,27,46,,
T,2023-05-10 14:28:36,6.26623833,-75.57244333,1.90,1458.051,23.849,13.025,191,27,46,,
T,2023-05-10 14:28:37,6.26612500,-75.57245667,1.90,1458.150,23.850,12.365,188,27,46,,
T,2023-05-10 14:28:38,6.26602167,-75.57246000,1.90,1458.050,23.850,10.736,183,27,46,,
T,2023-05-10 14:28:39,6.26593500,-75.57246167,2.30,1458.450,23.850,9.462,183,27,46,,
T,2023-05-10 14:28:40,6.26585667,-75.57246500,2.30,1457.850,23.850,9.495,183,27,46,,
T,2023-05-10 14:28:41,6.26577000,-75.57247167,2.50,1456.749,23.851,10.336,183,26,46,,
T,2023-05-10 14:28:42,6.26567667,-75.57248500,2.50,1456.249,23.851,10.623,188,25,46,,
T,2023-05-10 14:28:43,6.26558000,-75.57250500,2.40,1455.549,23.851,10.502,193,25,46,,
T,2023-05-10 14:28:44,6.26549167,-75.57252333,2.30,1455.348,23.852,10.400,193,25,46,,
T,2023-05-10 14:28:45,6.26540000,-75.57254333,2.30,1455.048,23.852,10.613,193,25,46,,
T,2023-05-10 14:28:46,6.26530000,-75.57256500,2.30,1454.548,23.852,11.343,193,25,46,,
T,2023-05-10 14:28:47,6.26519667,-75.57259167,2.30,1454.247,23.853,12.058,194,24,46,,
T,2023-05-10 14:28:48,6.26509333,-75.57261833,2.30,1454.647,23.853,12.229,192,23,46,,
T,2023-05-10 14:28:49,6.26498500,-75.57264333,2.30,1454.347,23.853,13.050,193,22,46,,
T,2023-05-10 14:28:50,6.26486833,-75.57266333,2.30,1454.346,23.854,13.036,193,24,46,,
T,2023-05-10 14:28:51,6.26475333,-75.57269667,2.20,1453.846,23.854,13.186,194,26,46,,
T,2023-05-10 14:28:52,6.26463667,-75.57272500,2.10,1454.745,23.855,13.449,194,26,46,,
T,2023-05-10 14:28:53,6.26451667,-75.57277000,2.00,1453.545,23.855,13.909,193,27,46,,
T,2023-05-10 14:28:54,6.26439167,-75.57280167,2.00,1453.444,23.856,14.791,193,26,46,,
T,2023-05-10 14:28:55,6.26426000,-75.57283500,2.00,1453.344,23.856,14.825,194,26,46,,
T,2023-05-10 14:28:56,6.26412667,-75.57286833,2.00,1452.943,23.857,15.149,195,26,46,,
T,2023-05-10 14:28:57,6.26399167,-75.57290333,2.00,1452.443,23.857,15.289,196,25,46,,
T,2023-05-10 14:28:58,6.26385500,-75.57294000,2.00,1452.242,23.858,15.712,196,24,46,,
T,2023-05-10 14:28:59,6.26371500,-75.57298167,2.00,1452.142,23.858,15.714,198,24,46,,
T,2023-05-10 14:29:00,6.26357500,-75.57302333,2.00,1452.141,23.859,16.208,197,24,46,,
T,2023-05-10 14:29:01,6.26343667,-75.57306833,2.00,1451.941,23.859,15.746,201,25,46,,
T,2023-05-10 14:29:02,6.26330333,-75.57312000,2.00,1451.940,23.860,16.052,202,25,46,,
T,2023-05-10 14:29:03,6.26316667,-75.57317167,2.00,1451.840,23.860,16.079,200,24,46,,
T,2023-05-10 14:29:04,6.26303000,-75.57321667,2.00,1451.939,23.861,15.939,199,23,46,,
T,2023-05-10 14:29:05,6.26289167,-75.57326833,2.00,1452.139,23.861,15.975,202,24,46,,
T,2023-05-10 14:29:06,6.26275167,-75.57332000,2.00,1452.438,23.862,16.415,199,23,46,,
T,2023-05-10 14:29:07,6.26260833,-75.57336500,2.00,1453.037,23.863,16.327,198,24,46,,
T,2023-05-10 14:29:08,6.26246833,-75.57341333,2.00,1453.637,23.863,15.966,200,23,46,,
T,2023-05-10 14:29:09,6.26233167,-75.57346833,2.10,1454.036,23.864,16.370,202,24,46,,
T,2023-05-10 14:29:10,6.26219333,-75.57352333,2.10,1454.336,23.864,16.549,201,25,46,,
T,2023-05-10 14:29:11,6.26205333,-75.57357833,2.10,1454.835,23.865,16.762,202,25,46,,
T,2023-05-10 14:29:12,6.26191333,-75.57363667,2.00,1455.034,23.866,16.793,203,25,46,,
T,2023-05-10 14:29:13,6.26177167,-75.57369833,2.00,1455.434,23.866,16.801,203,25,46,,
T,2023-05-10 14:29:14,6.26163167,-75.57376167,2.00,1455.933,23.867,16.428,204,25,46,,
T,2023-05-10 14:29:15,6.26149833,-75.57383333,2.50,1456.432,23.868,16.460,207,25,46,,
T,2023-05-10 14:29:16,6.26136667,-75.57390000,2.80,1457.532,23.868,16.564,207,25,46,,
T,2023-05-10 14:29:17,6.26124000,-75.57396333,2.90,1458.231,23.869,16.653,207,24,46,,
T,2023-05-10 14:29:18,6.26110667,-75.57403333,3.10,1459.030,23.870,16.370,210,22,46,,
T,2023-05-10 14:29:19,6.26096167,-75.57410667,2.80,1469.230,23.870,16.378,207,19,46,,
T,2023-05-10 14:29:20,6.26082167,-75.57416000,2.90,1468.829,23.871,16.064,204,20,46,,
T,2023-05-10 14:29:21,6.26069167,-75.57422333,2.70,1467.729,23.871,15.271,203,21,46,,
T,2023-05-10 14:29:22,6.26057000,-75.57429000,2.50,1466.728,23.872,14.777,206,23,46,,
T,2023-05-10 14:29:23,6.26045167,-75.57435500,2.40,1466.227,23.873,15.021,208,24,46,,
T,2023-05-10 14:29:24,6.26033500,-75.57441833,2.30,1465.727,23.873,14.659,208,24,46,,
T,2023-05-10 14:29:25,6.26022333,-75.57447333,2.50,1464.826,23.874,14.497,206,24,46,,
T,2023-05-10 14:29:26,6.26011000,-75.57453000,2.40,1464.426,23.874,14.217,208,25,46,,
T,2023-05-10 14:29:27,6.26000167,-75.57458500,2.50,1464.325,23.875,13.500,205,25,46,,
T,2023-05-10 14:29:28,6.25989333,-75.57463667,2.40,1463.625,23.875,13.606,205,25,46,,
T,2023-05-10 14:29:29,6.25978500,-75.57468333,2.30,1463.224,23.876,13.252,206,25,46,,
T,2023-05-10 14:29:30,6.25968167,-75.57473000,2.50,1463.524,23.876,12.563,209,25,46,,
T,2023-05-10 14:29:31,6.25958167,-75.57478333,2.50,1463.223,23.877,12.483,209,26,46,,
T,2023-05-10 14:29:32,6.25948500,-75.57483333,2.50,1462.823,23.877,12.241,205,26,46,,
T,2023-05-10 14:29:33,6.25939167,-75.57488000,2.40,1462.822,23.878,11.125,205,25,46,,
T,2023-05-10 14:29:34,6.25930333,-75.57492167,2.30,1462.122,23.878,10.814,207,26,46,,
T,2023-05-10 14:29:35,6.25921667,-75.57496667,2.20,1462.121,23.879,10.832,211,28,46,,
T,2023-05-10 14:29:36,6.25913000,-75.57501000,2.10,1462.721,23.879,10.465,209,27,46,,
T,2023-05-10 14:29:37,6.25905167,-75.57505000,2.10,1463.020,23.880,9.419,207,27,46,,
T,2023-05-10 14:29:38,6.25897833,-75.57508167,2.00,1462.920,23.880,8.218,206,30,46,,
T,2023-05-10 14:29:39,6.25891833,-75.57511000,2.00,1462.620,23.880,7.100,205,29,46,,
T,2023-05-10 14:29:40,6.25886500,-75.57513667,2.00,1462.820,23.880,6.376,207,29,46,,
T,2023-05-10 14:29:41,6.25882000,-75.57515833,2.00,1462.819,23.881,5.118,206,30,46,,
T,2023-05-10 14:29:42,6.25878667,-75.57518167,2.00,1462.919,23.881,4.493,210,30,46,,
T,2023-05-10 14:29:43,6.25875500,-75.57520000,1.90,1462.919,23.881,4.085,213,30,46,,
T,2023-05-10 14:29:44,6.25872333,-75.57521667,1.90,1462.719,23.881,4.423,209,31,46,,
T,2023-05-10 14:29:45,6.25868667,-75.57523167,1.90,1462.319,23.881,4.880,214,31,46,,
T,2023-05-10 14:29:46,6.25864667,-75.57524667,1.90,1462.419,23.881,5.392,216,31,46,,
T,2023-05-10 14:29:47,6.25860500,-75.57527000,1.90,1462.718,23.882,5.417,211,31,46,,
T,2023-05-10 14:29:48,6.25855833,-75.57529167,2.00,1462.418,23.882,5.927,204,29,46,,
T,2023-05-10 14:29:49,6.25850833,-75.57531667,2.00,1462.018,23.882,6.523,203,28,46,,
T,2023-05-10 14:29:50,6.25845333,-75.57534833,2.10,1461.818,23.882,7.148,205,28,46,,
T,2023-05-10 14:29:51,6.25838667,-75.57537000,2.10,1461.517,23.883,8.111,202,27,46,,
T,2023-05-10 14:29:52,6.25831667,-75.57539500,2.10,1461.417,23.883,8.549,202,27,46,,
T,2023-05-10 14:29:53,6.25824333,-75.57542500,2.10,1461.317,23.883,8.570,205,27,46,,
T,2023-05-10 14:29:54,6.25817333,-75.57546167,2.10,1461.216,23.884,8.576,206,28,46,,
T,2023-05-10 14:29:55,6.25810333,-75.57549667,2.10,1461.016,23.884,8.493,207,29,46,,
T,2023-05-10 14:29:56,6.25803333,-75.57553833,2.30,1460.616,23.884,8.280,209,29,46,,
T,2023-05-10 14:29:57,6.25796500,-75.57557000,2.20,1460.615,23.885,8.091,210,30,46,,
T,2023-05-10 14:29:58,6.25790000,-75.57560500,2.30,1460.515,23.885,8.342,207,29,46,,
T,2023-05-10 14:29:59,6.25783333,-75.57564500,2.20,1460.215,23.885,8.455,204,29,46,,
T,2023-05-10 14:30:00,6.25776333,-75.57567667,2.30,1459.914,23.886,8.308,208,29,46,,
T,2023-05-10 14:30:01,6.25769000,-75.57571167,2.30,1459.914,23.886,8.100,211,29,46,,
T,2023-05-10 14:30:02,6.25762500,-75.57575000,2.30,1459.414,23.886,7.754,210,29,46,,
T,2023-05-10 14:30:03,6.25756167,-75.57578333,2.30,1458.713,23.887,7.751,210,30,46,,
T,2023-05-10 14:30:04,6.25750333,-75.57581500,2.40,1458.013,23.887,7.765,209,30,46,,
T,2023-05-10 14:30:05,6.25743667,-75.57584167,2.30,1457.113,23.887,7.526,208,30,46,,
T,2023-05-10 14:30:06,6.25737500,-75.57587500,2.30,1457.312,23.888,7.065,210,30,46,,
T,2023-05-10 14:30:07,6.25731833,-75.57590833,2.30,1457.212,23.888,7.095,210,30,46,,
T,2023-05-10 14:30:08,6.25726333,-75.57594167,2.30,1457.512,23.888,7.057,211,30,46,,
T,2023-05-10 14:30:09,6.25721000,-75.57597167,2.30,1458.211,23.889,6.323,210,30,46,,
T,2023-05-10 14:30:10,6.25716833,-75.57599667,2.30,1458.711,23.889,5.259,210,30,46,,
T,2023-05-10 14:30:11,6.25713333,-75.57601333,2.30,1459.711,23.889,4.002,204,30,46,,
T,2023-05-10 14:30:12,6.25710500,-75.57602833,2.30,1460.311,23.889,3.455,205,30,46,,
T,2023-05-10 14:30:13,6.25707667,-75.57604000,2.30,1460.611,23.889,3.338,211,30,46,,
T,2023-05-10 14:30:14,6.25704833,-75.57605833,2.30,1461.511,23.889,3.923,208,30,46,,
T,2023-05-10 14:30:15,6.25701667,-75.57607833,2.20,1462.010,23.890,4.595,213,30,46,,
T,2023-05-10 14:30:16,6.25697833,-75.57610500,2.20,1462.510,23.890,5.377,212,30,46,,
T,2023-05-10 14:30:17,6.25693000,-75.57613333,2.20,1462.710,23.890,6.465,213,29,46,,
T,2023-05-10 14:30:18,6.25687500,-75.57616500,2.30,1462.710,23.890,6.999,210,29,46,,
T,2023-05-10 14:30:19,6.25681333,-75.57620000,2.40,1463.309,23.891,7.442,208,30,47,,
T,2023-05-10 14:30:20,6.25675500,-75.57624167,2.50,1463.609,23.891,7.962,213,30,47,,
T,2023-05-10 14:30:21,6.25669167,-75.57627667,2.30,1463.909,23.891,7.953,208,30,47,,
T,2023-05-10 14:30:22,6.25662333,-75.57631000,2.40,1463.508,23.892,8.663,207,29,47,,
T,2023-05-10 14:30:23,6.25654667,-75.57634000,2.40,1463.008,23.892,8.624,210,29,47,,
T,2023-05-10 14:30:24,6.25648167,-75.57638333,2.40,1462.408,23.892,8.448,210,30,47,,
T,2023-05-10 14:30:25,6.25640833,-75.57641667,2.40,1462.007,23.893,8.732,208,30,47,,
T,2023-05-10 14:30:26,6.25633667,-75.57645667,2.40,1462.107,23.893,9.036,210,31,47,,
T,2023-05-10 14:30:27,6.25626000,-75.57649333,2.40,1462.507,23.893,9.118,210,31,47,,
T,2023-05-10 14:30:28,6.25619000,-75.57653500,2.40,1462.906,23.894,9.280,213,30,47,,
T,2023-05-10 14:30:29,6.25611833,-75.57658000,2.40,1463.406,23.894,9.316,212,29,47,,
T,2023-05-10 14:30:30,6.25604500,-75.57662833,2.40,1463.105,23.895,9.320,210,29,47,,
T,2023-05-10 14:30:31,6.25597167,-75.57667333,2.40,1462.805,23.895,9.476,209,29,47,,
T,2023-05-10 14:30:32,6.25589667,-75.57672000,2.40,1462.305,23.895,9.666,210,29,47,,
T,2023-05-10 14:30:33,6.25581333,-75.57676167,2.40,1462.204,23.896,9.942,205,29,47,,
T,2023-05-10 14:30:34,6.25573500,-75.57679667,2.40,1463.004,23.896,9.849,205,29,47,,
T,2023-05-10 14:30:35,6.25565000,-75.57683833,2.40,1463.203,23.897,10.057,208,29,47,,
T,2023-05-10 14:30:36,6.25556667,-75.57688333,2.40,1463.603,23.897,10.615,207,29,47,,
T,2023-05-10 14:30:37,6.25548333,-75.57693000,2.30,1464.003,23.897,10.617,208,30,47,,
T,2023-05-10 14:30:38,6.25539333,-75.57698333,2.40,1463.402,23.898,10.938,208,29,47,,
T,2023-05-10 14:30:39,6.25530667,-75.57703000,2.50,1463.402,23.898,10.793,209,29,47,,
T,2023-05-10 14:30:40,6.25522167,-75.57708000,2.30,1463.501,23.899,11.069,209,29,47,,
T,2023-05-10 14:30:41,6.25513833,-75.57712500,2.40,1463.601,23.899,11.163,206,29,47,,
T,2023-05-10 14:30:42,6.25504667,-75.57717500,2.40,1463.400,23.900,11.366,210,29,47,,
T,2023-05-10 14:30:43,6.25495833,-75.57722833,2.40,1463.400,23.900,11.383,210,30,47,,
T,2023-05-10 14:30:44,6.25486333,-75.57728167,2.40,1463.499,23.901,11.807,212,30,47,,
T,2023-05-10 14:30:45,6.25476667,-75.57734167,2.40,1463.599,23.901,12.065,209,30,47,,
T,2023-05-10 14:30:46,6.25467000,-75.57739333,2.40,1464.098,23.902,12.173,210,30,47,,
T,2023-05-10 14:30:47,6.25456833,-75.57743667,2.50,1464.398,23.902,12.195,208,31,47,,
T,2023-05-10 14:30:48,6.25446667,-75.57748167,2.60,1464.697,23.903,12.006,205,31,47,,
T,2023-05-10 14:30:49,6.25436167,-75.57752833,2.50,1464.997,23.903,12.375,203,30,47,,
T,2023-05-10 14:30:50,6.25424667,-75.57758000,2.70,1465.696,23.904,13.172,203,26,47,,
T,2023-05-10 14:30:51,6.25414167,-75.57764167,2.60,1466.296,23.904,12.893,208,26,47,,
T,2023-05-10 14:30:52,6.25404000,-75.57770833,2.40,1466.995,23.905,12.633,210,25,47,,
T,2023-05-10 14:30:53,6.25394500,-75.57776333,2.30,1466.295,23.905,12.480,210,26,47,,
T,2023-05-10 14:30:54,6.25385167,-75.57782167,2.30,1466.094,23.906,12.081,211,26,47,,
T,2023-05-10 14:30:55,6.25375667,-75.57787833,2.30,1465.794,23.906,12.567,211,28,47,,
T,2023-05-10 14:30:56,6.25365500,-75.57793000,2.50,1466.093,23.907,12.438,208,29,47,,
T,2023-05-10 14:30:57,6.25356000,-75.57797500,2.50,1465.893,23.907,12.337,207,29,47,,
T,2023-05-10 14:30:58,6.25346333,-75.57802500,2.40,1465.992,23.908,12.314,208,29,47,,
T,2023-05-10 14:30:59,6.25338500,-75.57809167,2.50,1465.392,23.908,12.165,209,28,47,,
T,2023-05-10 14:31:00,6.25329500,-75.57815333,2.40,1464.891,23.909,12.316,212,29,47,,
T,2023-05-10 14:31:01,6.25320000,-75.57821167,2.60,1464.591,23.909,12.087,210,27,47,,
T,2023-05-10 14:31:02,6.25312000,-75.57828000,2.60,1464.190,23.910,11.827,212,26,47,,
T,2023-05-10 14:31:03,6.25303167,-75.57834333,2.60,1463.890,23.910,11.926,211,26,47,,
T,2023-05-10 14:31:04,6.25294333,-75.57839833,2.70,1464.189,23.911,12.053,211,27,47,,
T,2023-05-10 14:31:05,6.25284833,-75.57845333,2.60,1464.389,23.911,12.427,208,26,47,,
T,2023-05-10 14:31:06,6.25274333,-75.57850500,2.60,1464.188,23.912,12.623,208,25,47,,
T,2023-05-10 14:31:07,6.25264000,-75.57855667,2.60,1463.888,23.912,12.725,211,25,47,,
T,2023-05-10 14:31:08,6.25253167,-75.57861000,2.60,1463.587,23.913,12.763,210,23,47,,
T,2023-05-10 14:31:09,6.25242333,-75.57866000,2.60,1463.487,23.913,12.801,210,23,47,,
T,2023-05-10 14:31:10,6.25232667,-75.57871833,2.70,1463.486,23.914,12.439,213,24,47,,
T,2023-05-10 14:31:11,6.25223167,-75.57877500,2.60,1463.885,23.915,11.942,210,24,47,,
T,2023-05-10 14:31:12,6.25213667,-75.57881667,2.60,1464.185,23.915,11.571,209,24,47,,
T,2023-05-10 14:31:13,6.25204167,-75.57885333,2.60,1464.585,23.915,10.767,209,24,47,,
T,2023-05-10 14:31:14,6.25196667,-75.57890167,2.60,1464.884,23.916,9.186,212,23,47,,
T,2023-05-10 14:31:15,6.25190167,-75.57894333,2.60,1464.584,23.916,8.610,211,24,47,,
T,2023-05-10 14:31:16,6.25183500,-75.57898000,2.60,1464.184,23.916,8.524,206,25,47,,
T,2023-05-10 14:31:17,6.25177000,-75.57901500,2.60,1464.083,23.917,8.415,212,25,47,,
T,2023-05-10 14:31:18,6.25170333,-75.57905333,2.60,1463.883,23.917,8.561,210,24,47,,
T,2023-05-10 14:31:19,6.25163667,-75.57909833,2.70,1463.782,23.918,9.168,215,23,47,,
T,2023-05-10 14:31:20,6.25157000,-75.57915000,2.80,1463.782,23.918,9.626,210,21,47,,
T,2023-05-10 14:31:21,6.25150167,-75.57920667,2.80,1464.482,23.918,9.382,208,23,47,,
T,2023-05-10 14:31:22,6.25142333,-75.57924667,2.80,1464.181,23.919,9.417,208,24,47,,
T,2023-05-10 14:31:23,6.25133500,-75.57930333,2.70,1464.081,23.919,10.245,211,25,47,,
T,2023-05-10 14:31:24,6.25124500,-75.57935167,2.50,1464.580,23.920,11.181,209,26,47,,
T,2023-05-10 14:31:25,6.25115333,-75.57940333,2.50,1464.780,23.920,11.307,210,25,47,,
T,2023-05-10 14:31:26,6.25105833,-75.57945167,2.40,1464.979,23.921,11.564,207,23,47,,
T,2023-05-10 14:31:27,6.25096000,-75.57949667,2.30,1465.079,23.921,11.981,207,25,47,,
T,2023-05-10 14:31:28,6.25086000,-75.57955667,2.20,1465.078,23.922,12.369,210,26,47,,
T,2023-05-10 14:31:29,6.25075500,-75.57961167,2.10,1465.378,23.922,12.930,208,26,47,,
T,2023-05-10 14:31:30,6.25064833,-75.57966667,2.40,1465.177,23.923,12.611,208,28,47,,
T,2023-05-10 14:31:31,6.25054167,-75.57971667,2.40,1465.377,23.923,12.815,209,28,47,,
T,2023-05-10 14:31:32,6.25044167,-75.57977167,2.40,1465.776,23.924,12.837,206,27,47,,
T,2023-05-10 14:31:33,6.25033333,-75.57982833,2.40,1465.376,23.924,12.753,206,27,47,,
T,2023-05-10 14:31:34,6.25023000,-75.57987500,2.50,1464.575,23.925,12.571,204,26,47,,
T,2023-05-10 14:31:35,6.25012833,-75.57991833,2.40,1465.475,23.925,12.173,201,26,47,,
T,2023-05-10 14:31:36,6.25002000,-75.57994667,2.40,1466.174,23.926,12.752,196,26,47,,
T,2023-05-10 14:31:37,6.24990500,-75.57997167,2.20,1466.274,23.926,13.194,192,27,47,,
T,2023-05-10 14:31:38,6.24978667,-75.57999333,2.10,1466.474,23.926,13.371,193,26,47,,
T,2023-05-10 14:31:39,6.24967167,-75.58003167,2.20,1464.873,23.927,13.273,197,23,47,,
T,2023-05-10 14:31:40,6.24955667,-75.58008167,2.20,1464.473,23.927,13.182,201,24,47,,
T,2023-05-10 14:31:41,6.24944667,-75.58013000,2.10,1464.972,23.928,13.197,204,25,47,,
T,2023-05-10 14:31:42,6.24934000,-75.58018333,2.40,1465.072,23.928,13.200,206,27,47,,
T,2023-05-10 14:31:43,6.24923500,-75.58023833,2.30,1465.471,23.929,12.956,206,25,47,,
T,2023-05-10 14:31:44,6.24913000,-75.58028667,2.30,1465.571,23.929,12.640,205,25,47,,
T,2023-05-10 14:31:45,6.24902833,-75.58033333,2.20,1464.970,23.930,12.048,202,26,47,,
T,2023-05-10 14:31:46,6.24893000,-75.58038667,2.40,1464.570,23.930,12.022,203,27,47,,
T,2023-05-10 14:31:47,6.24883000,-75.58042333,2.40,1464.170,23.930,12.252,201,28,47,,
T,2023-05-10 14:31:48,6.24872500,-75.58045667,2.40,1463.669,23.931,12.630,198,27,47,,
T,2023-05-10 14:31:49,6.24861667,-75.58048500,2.40,1464.069,23.931,12.637,197,28,47,,
T,2023-05-10 14:31:50,6.24850500,-75.58050833,2.30,1464.368,23.932,12.765,193,30,47,,
T,2023-05-10 14:31:51,6.24839000,-75.58052667,2.40,1465.468,23.932,12.626,191,30,47,,
T,2023-05-10 14:31:52,6.24827667,-75.58054500,2.60,1465.968,23.932,11.994,188,28,47,,
T,2023-05-10 14:31:53,6.24815833,-75.58055167,2.70,1466.268,23.932,12.870,185,26,47,,
T,2023-05-10 14:31:54,6.24803833,-75.58055833,2.80,1466.367,23.933,12.845,185,27,47,,
T,2023-05-10 14:31:55,6.24791333,-75.58055833,2.60,1466.167,23.933,13.793,181,21,47,,
T,2023-05-10 14:31:56,6.24778167,-75.58054167,2.40,1465.667,23.933,14.054,175,21,47,,
T,2023-05-10 14:31:57,6.24765333,-75.58052500,2.20,1465.467,23.933,14.367,169,23,47,,
T,2023-05-10 14:31:58,6.24752167,-75.58049000,2.10,1465.067,23.933,14.334,168,25,47,,
T,2023-05-10 14:31:59,6.24738833,-75.58044667,2.30,1465.867,23.933,14.584,164,26,47,,
T,2023-05-10 14:32:00,6.24725667,-75.58040667,2.20,1466.467,23.933,14.596,165,26,47,,
T,2023-05-10 14:32:01,6.24713000,-75.58036667,2.30,1466.467,23.933,14.412,163,26,47,,
T,2023-05-10 14:32:02,6.24700667,-75.58032333,2.10,1466.366,23.934,14.138,162,26,47,,
T,2023-05-10 14:32:03,6.24688833,-75.58028167,2.00,1465.766,23.934,13.658,162,26,47,,
T,2023-05-10 14:32:04,6.24676667,-75.58024167,2.20,1464.766,23.934,13.455,161,27,47,,
T,2023-05-10 14:32:05,6.24665667,-75.58019667,2.30,1464.766,23.934,13.612,162,27,47,,
T,2023-05-10 14:32:06,6.24654667,-75.58015833,2.30,1465.366,23.934,13.037,161,27,47,,
T,2023-05-10 14:32:07,6.24643333,-75.58012833,2.40,1465.866,23.934,12.696,162,27,47,,
T,2023-05-10 14:32:08,6.24632500,-75.58009500,2.40,1466.166,23.934,12.302,164,27,47,,
T,2023-05-10 14:32:09,6.24622333,-75.58006500,2.40,1466.666,23.934,12.310,164,27,47,,
T,2023-05-10 14:32:10,6.24611667,-75.58003167,2.20,1467.166,23.934,12.751,164,28,47,,
T,2023-05-10 14:32:11,6.24600500,-75.57999500,2.30,1467.466,23.934,13.589,164,28,47,,
T,2023-05-10 14:32:12,6.24588167,-75.57995167,2.40,1467.566,23.934,14.735,164,28,47,,
T,2023-05-10 14:32:13,6.24574333,-75.57991167,2.20,1466.966,23.934,16.067,164,28,47,,
T,2023-05-10 14:32:14,6.24560000,-75.57986500,2.10,1466.566,23.934,16.703,160,28,47,,
T,2023-05-10 14:32:15,6.24545500,-75.57981833,2.30,1465.666,23.934,16.883,162,26,47,,
T,2023-05-10 14:32:16,6.24531000,-75.57977500,2.30,1464.466,23.934,16.525,162,26,47,,
T,2023-05-10 14:32:17,6.24517000,-75.57972667,2.30,1463.166,23.934,16.933,160,26,47,,
T,2023-05-10 14:32:18,6.24502500,-75.57967333,2.40,1461.966,23.934,16.900,161,26,47,,
T,2023-05-10 14:32:19,6.24488167,-75.57962167,2.60,1461.466,23.934,16.398,162,23,47,,
T,2023-05-10 14:32:20,6.24474000,-75.57957000,2.60,1460.766,23.934,16.163,159,22,47,,
T,2023-05-10 14:32:21,6.24459667,-75.57951833,2.70,1459.766,23.934,15.635,160,19,47,,
T,2023-05-10 14:32:22,6.24446500,-75.57947000,2.90,1459.466,23.934,15.022,163,12,47,,
T,2023-05-10 14:32:23,6.24436167,-75.57943333,4.70,1459.266,23.934,12.340,160,11,47,,
T,2023-05-10 14:32:24,6.24426167,-75.57939833,6.40,1459.266,23.934,11.997,161,8,46,,
T,2023-05-10 14:32:25,6.24416167,-75.57936500,54.30,1459.266,23.934,11.900,161,3,46,,
T,2023-05-10 14:32:26,6.24406500,-75.57934500,71.80,1459.166,23.934,11.337,163,3,46,,
T,2023-05-10 14:32:27,6.24397167,-75.57932333,89.70,1459.166,23.934,10.793,164,3,46,,
T,2023-05-10 14:33:03,6.24106333,-75.57818333,3.00,1460.066,23.934,10.734,161,16,47,,
T,2023-05-10 14:33:04,6.24096000,-75.57815833,2.70,1462.466,23.934,10.738,161,20,47,,
T,2023-05-10 14:33:05,6.24086833,-75.57814167,2.40,1461.266,23.934,10.733,161,23,47,,
T,2023-05-10 14:33:06,6.24076833,-75.57811333,2.20,1462.766,23.934,10.599,162,23,47,,
T,2023-05-10 14:33:07,6.24067833,-75.57808667,2.10,1464.166,23.934,9.977,163,23,47,,
T,2023-05-10 14:33:08,6.24059000,-75.57805833,2.10,1465.166,23.934,9.753,159,23,47,,
T,2023-05-10 14:33:09,6.24050167,-75.57802833,2.00,1465.966,23.934,10.477,159,25,47,,
T,2023-05-10 14:33:10,6.24040833,-75.57799833,1.90,1466.166,23.934,10.986,160,25,47,,
T,2023-05-10 14:33:11,6.24031333,-75.57796500,1.90,1466.566,23.934,11.659,159,25,47,,
T,2023-05-10 14:33:12,6.24021167,-75.57792667,1.90,1466.866,23.934,11.898,160,25,47,,
T,2023-05-10 14:33:13,6.24010833,-75.57789333,1.80,1467.266,23.934,11.878,163,26,47,,
T,2023-05-10 14:33:14,6.24000333,-75.57786333,1.80,1467.666,23.934,11.752,164,26,47,,
T,2023-05-10 14:33:15,6.23990000,-75.57782500,1.90,1468.166,23.934,12.048,158,26,47,,
T,2023-05-10 14:33:16,6.23980000,-75.57778333,1.90,1468.166,23.934,11.592,157,25,47,,
T,2023-05-10 14:33:17,6.23970667,-75.57775000,2.00,1468.466,23.934,10.420,160,24,47,,
T,2023-05-10 14:33:18,6.23962167,-75.57772500,2.10,1468.766,23.934,9.343,164,22,47,,
T,2023-05-10 14:33:19,6.23955000,-75.57770333,2.20,1469.266,23.934,8.301,163,21,47,,
T,2023-05-10 14:33:20,6.23948833,-75.57768333,2.20,1469.966,23.934,7.825,165,20,47,,
T,2023-05-10 14:33:21,6.23942000,-75.57765833,2.40,1470.066,23.934,8.414,163,19,47,,
T,2023-05-10 14:33:22,6.23934000,-75.57764833,2.20,1470.565,23.935,8.431,166,20,47,,
T,2023-05-10 14:33:23,6.23926667,-75.57763333,2.20,1471.365,23.935,8.717,164,20,47,,
T,2023-05-10 14:33:24,6.23919000,-75.57760833,2.30,1471.865,23.935,8.498,162,19,47,,
T,2023-05-10 14:33:25,6.23911833,-75.57758833,2.30,1472.765,23.935,7.993,162,21,47,,
T,2023-05-10 14:33:26,6.23905333,-75.57756667,2.20,1473.365,23.935,7.594,164,22,47,,
T,2023-05-10 14:33:27,6.23899333,-75.57755167,2.20,1473.965,23.935,6.630,165,23,47,,
T,2023-05-10 14:33:28,6.23894667,-75.57754500,2.40,1473.365,23.935,5.602,163,22,47,,
T,2023-05-10 14:33:29,6.23890167,-75.57752167,2.30,1473.265,23.935,5.381,156,24,47,,
T,2023-05-10 14:33:30,6.23885833,-75.57750333,2.20,1473.265,23.935,5.599,158,24,47,,
T,2023-05-10 14:33:31,6.23881333,-75.57748333,2.20,1473.765,23.935,6.059,159,24,47,,
T,2023-05-10 14:33:32,6.23876500,-75.57746500,2.20,1474.165,23.935,6.182,159,24,47,,
T,2023-05-10 14:33:33,6.23871333,-75.57745000,2.20,1474.265,23.935,6.413,166,24,47,,
T,2023-05-10 14:33:34,6.23865833,-75.57743000,2.10,1474.265,23.935,6.722,161,25,47,,
T,2023-05-10 14:33:35,6.23860167,-75.57740167,2.00,1474.765,23.935,6.862,160,25,47,,
T,2023-05-10 14:33:36,6.23854333,-75.57738000,1.90,1474.865,23.935,7.099,158,25,47,,
T,2023-05-10 14:33:37,6.23848167,-75.57735500,1.90,1475.365,23.935,7.291,160,25,47,,
T,2023-05-10 14:33:38,6.23841833,-75.57733333,1.80,1475.665,23.935,6.782,159,25,47,,
T,2023-05-10 14:33:39,6.23835333,-75.57730667,1.90,1476.065,23.935,7.317,157,24,47,,
T,2023-05-10 14:33:40,6.23828500,-75.57728667,1.90,1476.465,23.935,7.421,160,24,47,,
T,2023-05-10 14:33:41,6.23822000,-75.57726333,1.90,1476.865,23.935,7.056,159,22,47,,
T,2023-05-10 14:33:42,6.23815833,-75.57724000,1.80,1476.965,23.935,7.089,159,23,47,,
T,2023-05-10 14:33:43,6.23809167,-75.57721833,1.80,1477.065,23.935,8.065,163,24,47,,
T,2023-05-10 14:33:44,6.23802167,-75.57719500,1.90,1477.065,23.935,8.623,164,22,47,,
T,2023-05-10 14:33:45,6.23794167,-75.57717167,1.90,1477.165,23.935,9.115,165,22,47,,
T,2023-05-10 14:33:46,6.23785833,-75.57714500,1.90,1477.265,23.935,9.691,164,22,47,,
T,2023-05-10 14:33:47,6.23777333,-75.57712333,2.20,1477.265,23.935,9.575,164,22,47,,
T,2023-05-10 14:33:48,6.23768667,-75.57710000,2.30,1476.665,23.935,9.760,163,22,47,,
T,2023-05-10 14:33:49,6.23759667,-75.57707667,2.40,1475.565,23.935,9.862,163,21,47,,
T,2023-05-10 14:33:50,6.23750833,-75.57704500,2.40,1474.865,23.935,9.590,163,23,47,,
T,2023-05-10 14:33:51,6.23742667,-75.57702333,2.20,1474.465,23.935,8.731,164,24,47,,
T,2023-05-10 14:33:52,6.23735667,-75.57700333,2.10,1473.865,23.935,7.769,161,24,47,,
T,2023-05-10 14:33:53,6.23729667,-75.57698000,2.10,1473.765,23.935,6.708,159,24,47,,
T,2023-05-10 14:33:54,6.23724333,-75.57696167,2.00,1473.865,23.935,5.935,163,24,47,,
T,2023-05-10 14:33:55,6.23719167,-75.57694000,2.00,1473.965,23.935,6.295,165,24,47,,
T,2023-05-10 14:33:56,6.23713500,-75.57692333,1.90,1474.265,23.935,6.494,164,24,47,,
T,2023-05-10 14:33:57,6.23708167,-75.57690500,1.80,1474.065,23.935,6.512,161,24,47,,
T,2023-05-10 14:33:58,6.23703167,-75.57688833,1.80,1473.365,23.935,6.105,162,24,47,,
T,2023-05-10 14:33:59,6.23698000,-75.57687333,1.70,1473.365,23.935,6.323,164,24,47,,
T,2023-05-10 14:34:00,6.23692167,-75.57686167,2.00,1473.065,23.935,7.090,166,24,47,,
T,2023-05-10 14:34:01,6.23685833,-75.57684333,2.10,1472.965,23.935,7.794,165,24,47,,
T,2023-05-10 14:34:02,6.23678333,-75.57682833,2.20,1472.465,23.935,8.628,164,24,47,,
T,2023-05-10 14:34:03,6.23670500,-75.57681167,2.40,1471.965,23.935,9.362,165,22,47,,
T,2023-05-10 14:34:04,6.23662667,-75.57679167,2.60,1471.465,23.935,9.786,163,22,47,,
T,2023-05-10 14:34:05,6.23654000,-75.57676667,2.50,1471.165,23.935,10.390,163,22,47,,
T,2023-05-10 14:34:06,6.23645167,-75.57674333,2.50,1470.865,23.935,9.269,165,21,47,,
T,2023-05-10 14:34:07,6.23636500,-75.57672000,2.50,1470.565,23.935,9.302,164,21,47,,
T,2023-05-10 14:34:08,6.23628333,-75.57668500,2.30,1470.165,23.935,9.194,160,21,47,,
T,2023-05-10 14:34:09,6.23621000,-75.57665333,2.20,1469.865,23.935,8.126,162,21,47,,
T,2023-05-10 14:34:10,6.23614333,-75.57663167,2.20,1469.765,23.935,7.364,162,21,47,,
T,2023-05-10 14:34:11,6.23608833,-75.57661000,2.10,1469.265,23.935,6.151,160,23,47,,
T,2023-05-10 14:34:12,6.23603667,-75.57658667,2.10,1468.765,23.935,6.464,160,25,47,,
T,2023-05-10 14:34:13,6.23597667,-75.57656500,2.00,1468.165,23.935,7.127,162,25,47,,
T,2023-05-10 14:34:14,6.23591667,-75.57655000,1.90,1467.665,23.935,6.889,167,26,47,,
T,2023-05-10 14:34:15,6.23585833,-75.57653333,1.90,1467.865,23.935,6.102,162,25,47,,
T,2023-05-10 14:34:16,6.23580500,-75.57651333,1.90,1468.065,23.935,6.211,159,26,47,,
T,2023-05-10 14:34:17,6.23574500,-75.57649167,1.90,1468.165,23.935,7.524,159,27,47,,
T,2023-05-10 14:34:18,6.23567333,-75.57646833,1.80,1468.465,23.935,8.781,159,27,47,,
T,2023-05-10 14:34:19,6.23559500,-75.57643833,1.80,1468.765,23.935,9.044,161,26,47,,
T,2023-05-10 14:34:20,6.23551500,-75.57641000,1.80,1468.665,23.935,9.212,160,26,47,,
T,2023-05-10 14:34:21,6.23542833,-75.57638167,1.80,1468.864,23.936,10.144,162,26,47,,
T,2023-05-10 14:34:22,6.23533500,-75.57635333,1.80,1468.864,23.936,11.080,163,26,47,,
T,2023-05-10 14:34:23,6.23523667,-75.57631833,1.70,1469.164,23.936,11.770,160,26,47,,
T,2023-05-10 14:34:24,6.23513333,-75.57628500,1.70,1469.464,23.936,12.033,161,26,47,,
T,2023-05-10 14:34:25,6.23502833,-75.57624833,1.70,1469.564,23.936,12.197,162,26,47,,
T,2023-05-10 14:34:26,6.23492000,-75.57621333,1.70,1469.764,23.936,12.214,163,26,47,,
T,2023-05-10 14:34:27,6.23481833,-75.57618333,1.70,1469.964,23.936,10.780,163,26,47,,
T,2023-05-10 14:34:28,6.23473167,-75.57615667,1.70,1469.964,23.936,8.997,163,26,47,,
T,2023-05-10 14:34:29,6.23466167,-75.57613500,1.70,1470.064,23.936,7.507,162,26,47,,
T,2023-05-10 14:34:30,6.23460167,-75.57612000,1.80,1470.164,23.936,6.928,161,26,47,,
T,2023-05-10 14:34:31,6.23455333,-75.57610833,1.80,1470.364,23.936,5.973,165,26,47,,
T,2023-05-10 14:34:32,6.23449833,-75.57609833,1.80,1470.664,23.936,6.701,173,26,47,,
T,2023-05-10 14:34:33,6.23443333,-75.57608667,1.80,1470.864,23.936,7.898,172,26,47,,
T,2023-05-10 14:34:34,6.23436333,-75.57608000,1.80,1471.064,23.936,8.184,173,26,47,,
T,2023-05-10 14:34:35,6.23429000,-75.57606833,2.10,1470.764,23.936,8.355,174,26,47,,
T,2023-05-10 14:34:36,6.23421500,-75.57606333,2.10,1471.064,23.936,8.357,177,26,47,,
T,2023-05-10 14:34:37,6.23413500,-75.57605667,2.00,1471.664,23.936,8.635,178,27,47,,
T,2023-05-10 14:34:38,6.23406000,-75.57605167,1.90,1472.364,23.936,7.798,177,27,47,,
T,2023-05-10 14:34:39,6.23399333,-75.57604833,1.90,1472.663,23.937,6.403,174,27,47,,
T,2023-05-10 14:34:40,6.23393667,-75.57604000,1.80,1473.163,23.937,6.183,173,27,47,,
T,2023-05-10 14:34:41,6.23388167,-75.57603500,1.80,1473.563,23.937,6.364,176,26,47,,
T,2023-05-10 14:34:42,6.23382667,-75.57603167,1.80,1473.963,23.937,6.222,178,26,47,,
T,2023-05-10 14:34:43,6.23377167,-75.57603000,1.80,1474.363,23.937,6.260,176,25,47,,
T,2023-05-10 14:34:44,6.23371333,-75.57602500,1.80,1474.963,23.937,6.698,178,26,47,,
T,2023-05-10 14:34:45,6.23365833,-75.57602167,2.10,1475.063,23.937,5.674,177,26,47,,
T,2023-05-10 14:34:46,6.23361333,-75.57601833,2.20,1475.363,23.937,4.933,178,26,47,,
T,2023-05-10 14:34:47,6.23356333,-75.57601500,2.10,1475.463,23.937,5.756,178,26,47,,
T,2023-05-10 14:34:48,6.23350500,-75.57601333,2.00,1476.263,23.937,6.562,183,28,47,,
T,2023-05-10 14:34:49,6.23343500,-75.57601667,1.90,1476.663,23.937,7.952,182,28,46,,
T,2023-05-10 14:34:50,6.23335333,-75.57602333,2.20,1476.162,23.938,9.073,182,28,46,,
T,2023-05-10 14:34:51,6.23326167,-75.57602333,2.10,1476.462,23.938,10.150,179,27,46,,
T,2023-05-10 14:34:52,6.23316333,-75.57602167,2.10,1476.262,23.938,10.696,181,27,46,,
T,2023-05-10 14:34:53,6.23306500,-75.57601833,2.00,1475.862,23.938,10.866,177,27,46,,
T,2023-05-10 14:34:54,6.23296500,-75.57600833,2.00,1475.862,23.938,10.668,176,27,46,,
T,2023-05-10 14:34:55,6.23287333,-75.57600000,1.90,1476.262,23.938,9.359,175,27,46,,
T,2023-05-10 14:34:56,6.23279500,-75.57599500,1.90,1476.561,23.939,8.201,175,27,46,,
T,2023-05-10 14:34:57,6.23273167,-75.57598833,2.00,1476.861,23.939,6.477,172,27,46,,
T,2023-05-10 14:34:58,6.23268500,-75.57598167,2.00,1476.961,23.939,5.050,171,27,46,,
T,2023-05-10 14:34:59,6.23266000,-75.57598500,2.00,1477.261,23.939,3.448,171,27,46,,
T,2023-05-10 14:35:00,6.23264333,-75.57598167,2.00,1477.461,23.939,2.470,171,27,46,,
T,2023-05-10 14:35:01,6.23262167,-75.57597833,2.10,1477.561,23.939,3.820,176,27,46,,
T,2023-05-10 14:35:02,6.23258667,-75.57597500,2.00,1478.161,23.939,4.338,182,27,46,,
T,2023-05-10 14:35:03,6.23255333,-75.57597333,2.00,1478.361,23.939,3.427,179,27,46,,
T,2023-05-10 14:35:04,6.23253167,-75.57597000,2.00,1478.361,23.939,2.172,173,27,46,,
T,2023-05-10 14:35:05,6.23251167,-75.57596667,2.10,1478.361,23.939,2.706,175,26,46,,
T,2023-05-10 14:35:06,6.23248333,-75.57596833,2.10,1477.761,23.939,3.519,182,26,46,,
T,2023-05-10 14:35:07,6.23244833,-75.57596500,2.10,1477.561,23.939,4.392,179,27,46,,
T,2023-05-10 14:35:08,6.23239833,-75.57595667,2.00,1477.461,23.939,5.712,172,28,46,,
T,2023-05-10 14:35:09,6.23234000,-75.57594667,2.00,1477.261,23.939,6.937,172,27,46,,
T,2023-05-10 14:35:10,6.23227000,-75.57594000,2.00,1477.261,23.939,8.031,176,27,46,,
T,2023-05-10 14:35:11,6.23219167,-75.57593667,2.00,1477.061,23.939,8.750,180,27,46,,
T,2023-05-10 14:35:12,6.23211000,-75.57593833,1.90,1477.160,23.940,9.095,181,27,46,,
T,2023-05-10 14:35:13,6.23202333,-75.57594167,1.90,1477.260,23.940,9.515,181,27,46,,
T,2023-05-10 14:35:14,6.23193500,-75.57594167,1.90,1476.860,23.940,9.710,179,27,46,,
T,2023-05-10 14:35:15,6.23185000,-75.57594500,1.90,1476.460,23.940,9.208,180,27,46,,
T,2023-05-10 14:35:16,6.23177333,-75.57595000,1.90,1476.060,23.940,8.448,178,27,46,,
T,2023-05-10 14:35:17,6.23170333,-75.57595000,2.00,1476.159,23.941,7.221,181,27,46,,
T,2023-05-10 14:35:18,6.23164167,-75.57595167,2.00,1476.259,23.941,6.958,179,25,46,,
T,2023-05-10 14:35:19,6.23158000,-75.57595333,2.00,1476.059,23.941,7.039,184,22,46,,
T,2023-05-10 14:35:20,6.23152000,-75.57595833,2.10,1476.059,23.941,6.803,183,22,46,,
T,2023-05-10 14:35:21,6.23145833,-75.57595500,2.40,1475.759,23.941,6.066,175,21,46,,
T,2023-05-10 14:35:22,6.23140000,-75.57595167,2.40,1475.859,23.941,6.500,178,20,46,,
T,2023-05-10 14:35:23,6.23132833,-75.57595167,2.40,1475.459,23.941,7.228,181,20,46,,
T,2023-05-10 14:35:24,6.23125667,-75.57595333,2.40,1474.459,23.941,7.983,183,21,46,,
T,2023-05-10 14:35:25,6.23118333,-75.57596333,2.30,1475.058,23.942,9.164,184,22,46,,
T,2023-05-10 14:35:26,6.23109833,-75.57598000,2.40,1475.558,23.942,10.488,186,23,46,,
T,2023-05-10 14:35:27,6.23099667,-75.57598833,2.30,1475.258,23.942,11.670,184,22,46,,
T,2023-05-10 14:35:28,6.23089333,-75.57599833,2.20,1475.458,23.942,11.325,185,22,46,,
T,2023-05-10 14:35:29,6.23079167,-75.57601167,2.20,1475.657,23.943,10.949,187,23,46,,
T,2023-05-10 14:35:30,6.23069500,-75.57602500,2.20,1475.357,23.943,10.821,187,23,46,,
T,2023-05-10 14:35:31,6.23059833,-75.57603833,2.10,1475.057,23.943,10.455,188,24,46,,
T,2023-05-10 14:35:32,6.23050167,-75.57605333,2.10,1474.657,23.943,10.788,188,24,46,,
T,2023-05-10 14:35:33,6.23040000,-75.57606333,2.30,1474.256,23.944,10.612,188,23,46,,
T,2023-05-10 14:35:34,6.23030500,-75.57607833,2.50,1473.956,23.944,10.613,188,23,46,,
T,2023-05-10 14:35:35,6.23020667,-75.57609500,2.50,1474.356,23.944,10.508,190,23,46,,
T,2023-05-10 14:35:36,6.23011333,-75.57611500,2.40,1474.956,23.944,10.938,190,23,46,,
T,2023-05-10 14:35:37,6.23001000,-75.57612833,2.50,1475.855,23.945,11.031,190,25,46,,
T,2023-05-10 14:35:38,6.22991167,-75.57614333,2.30,1475.855,23.945,11.159,188,25,46,,
T,2023-05-10 14:35:39,6.22980833,-75.57616167,2.50,1475.755,23.945,11.545,190,24,46,,
T,2023-05-10 14:35:40,6.22970000,-75.57617333,2.40,1475.654,23.946,12.325,190,25,46,,
T,2023-05-10 14:35:41,6.22959000,-75.57617833,2.40,1475.554,23.946,12.240,190,25,46,,
T,2023-05-10 14:35:42,6.22948333,-75.57619167,2.20,1476.054,23.946,12.610,191,25,46,,
T,2023-05-10 14:35:43,6.22936833,-75.57621667,2.40,1476.154,23.946,13.152,189,25,46,,
T,2023-05-10 14:35:44,6.22924833,-75.57624333,2.50,1475.953,23.947,13.419,186,24,46,,
T,2023-05-10 14:35:45,6.22912500,-75.57626500,2.40,1476.053,23.947,13.146,188,24,46,,
T,2023-05-10 14:35:46,6.22900500,-75.57629000,2.50,1475.752,23.948,13.532,190,24,46,,
T,2023-05-10 14:35:47,6.22888667,-75.57630667,2.70,1475.552,23.948,13.310,189,24,46,,
T,2023-05-10 14:35:48,6.22876833,-75.57633167,2.70,1475.152,23.948,13.210,190,24,46,,
T,2023-05-10 14:35:49,6.22864833,-75.57634833,2.70,1474.551,23.949,13.297,187,23,46,,
T,2023-05-10 14:35:50,6.22853000,-75.57636667,2.70,1474.551,23.949,13.444,188,22,46,,
T,2023-05-10 14:35:51,6.22841333,-75.57638167,2.80,1474.451,23.949,13.079,188,22,46,,
T,2023-05-10 14:35:52,6.22829167,-75.57640167,2.70,1474.651,23.949,13.379,189,20,46,,
T,2023-05-10 14:35:53,6.22817667,-75.57643833,2.50,1474.550,23.950,13.057,189,21,46,,
T,2023-05-10 14:35:54,6.22805667,-75.57645167,2.60,1473.750,23.950,13.419,188,19,46,,
T,2023-05-10 14:35:55,6.22793333,-75.57646667,2.50,1476.049,23.951,13.096,187,19,46,,
T,2023-05-10 14:35:56,6.22781333,-75.57648500,2.60,1475.849,23.951,13.120,188,19,46,,
T,2023-05-10 14:35:57,6.22769833,-75.57650500,2.60,1475.949,23.951,13.035,190,19,46,,
T,2023-05-10 14:35:58,6.22758333,-75.57652833,2.70,1475.348,23.952,12.934,190,20,46,,
T,2023-05-10 14:35:59,6.22746333,-75.57654333,2.70,1475.248,23.952,12.956,187,20,46,,
T,2023-05-10 14:36:00,6.22734500,-75.57655833,2.70,1475.248,23.952,12.830,189,20,46,,
T,2023-05-10 14:36:01,6.22722833,-75.57657167,2.60,1475.848,23.952,12.845,188,19,46,,
T,2023-05-10 14:36:02,6.22711333,-75.57658667,2.60,1475.947,23.953,12.826,190,20,46,,
T,2023-05-10 14:36:03,6.22699500,-75.57660167,2.60,1476.447,23.953,12.845,188,21,46,,
T,2023-05-10 14:36:04,6.22687333,-75.57661000,2.60,1476.947,23.953,13.276,188,21,46,,
T,2023-05-10 14:36:05,6.22675833,-75.57662500,2.50,1477.046,23.954,13.005,189,22,46,,
T,2023-05-10 14:36:06,6.22664167,-75.57664000,2.40,1477.546,23.954,13.368,189,21,46,,
T,2023-05-10 14:36:07,6.22652500,-75.57665833,2.60,1477.646,23.954,13.267,188,20,46,,
T,2023-05-10 14:36:08,6.22640667,-75.57667333,2.70,1477.745,23.955,13.250,186,20,46,,
T,2023-05-10 14:36:09,6.22629000,-75.57668500,2.70,1478.145,23.955,12.937,188,20,46,,
T,2023-05-10 14:36:10,6.22617500,-75.57670000,2.70,1478.245,23.955,12.938,188,21,46,,
T,2023-05-10 14:36:11,6.22605667,-75.57672333,2.60,1477.844,23.956,13.051,189,21,46,,
T,2023-05-10 14:36:12,6.22594167,-75.57674167,2.70,1477.444,23.956,12.928,188,21,46,,
T,2023-05-10 14:36:13,6.22582333,-75.57675500,2.70,1476.844,23.956,13.266,187,22,46,,
T,2023-05-10 14:36:14,6.22570500,-75.57676667,2.70,1476.744,23.956,13.002,186,22,46,,
T,2023-05-10 14:36:15,6.22559000,-75.57677833,2.60,1477.043,23.957,12.970,186,22,46,,
T,2023-05-10 14:36:16,6.22547500,-75.57679500,2.70,1477.243,23.957,12.842,187,20,46,,
T,2023-05-10 14:36:17,6.22536000,-75.57681500,2.50,1477.143,23.957,13.030,187,22,46,,
T,2023-05-10 14:36:18,6.22524667,-75.57683833,2.30,1476.542,23.958,13.020,186,21,46,,
T,2023-05-10 14:36:19,6.22512833,-75.57685500,2.20,1476.342,23.958,13.444,187,22,46,,
T,2023-05-10 14:36:20,6.22501667,-75.57687333,2.50,1476.542,23.958,12.900,188,21,46,,
T,2023-05-10 14:36:21,6.22490500,-75.57688500,2.70,1476.641,23.959,12.428,186,20,46,,
T,2023-05-10 14:36:22,6.22479667,-75.57689833,2.80,1477.341,23.959,12.442,188,21,46,,
T,2023-05-10 14:36:23,6.22468667,-75.57691000,2.80,1477.941,23.959,12.403,188,21,46,,
T,2023-05-10 14:36:24,6.22457833,-75.57692167,2.80,1478.741,23.959,11.779,189,22,46,,
T,2023-05-10 14:36:25,6.22446500,-75.57693667,2.80,1478.640,23.960,11.994,188,22,46,,
T,2023-05-10 14:36:26,6.22434667,-75.57693833,2.90,1478.540,23.960,12.140,188,23,46,,
T,2023-05-10 14:36:27,6.22423000,-75.57695500,2.90,1478.940,23.960,12.283,189,22,46,,
T,2023-05-10 14:36:28,6.22411167,-75.57696500,2.50,1481.039,23.961,12.312,187,22,46,,
T,2023-05-10 14:36:29,6.22398667,-75.57698000,2.20,1481.139,23.961,12.484,188,22,46,,
T,2023-05-10 14:36:30,6.22388167,-75.57700333,2.30,1480.939,23.961,12.330,189,23,46,,
T,2023-05-10 14:36:31,6.22377667,-75.57702167,2.40,1480.938,23.962,12.061,189,22,46,,
T,2023-05-10 14:36:32,6.22367500,-75.57704000,2.40,1481.338,23.962,11.669,190,22,46,,
T,2023-05-10 14:36:33,6.22357333,-75.57706667,2.30,1481.938,23.962,11.704,191,22,46,,
T,2023-05-10 14:36:34,6.22347000,-75.57707833,2.20,1482.238,23.962,11.810,190,23,46,,
T,2023-05-10 14:36:35,6.22336500,-75.57708833,2.10,1482.037,23.963,12.115,188,23,46,,
T,2023-05-10 14:36:36,6.22325167,-75.57710333,2.20,1481.637,23.963,12.099,189,22,46,,
T,2023-05-10 14:36:37,6.22314333,-75.57712833,2.10,1482.237,23.963,12.059,188,22,46,,
T,2023-05-10 14:36:38,6.22303667,-75.57714000,2.20,1481.936,23.964,11.733,188,23,46,,
T,2023-05-10 14:36:39,6.22293667,-75.57715833,2.20,1481.036,23.964,11.516,190,24,46,,
T,2023-05-10 14:36:40,6.22283833,-75.57717500,2.20,1481.236,23.964,11.249,190,24,46,,
T,2023-05-10 14:36:41,6.22273667,-75.57718667,2.40,1481.336,23.964,11.455,190,23,46,,
T,2023-05-10 14:36:42,6.22263500,-75.57720333,2.30,1482.235,23.965,11.588,189,21,46,,
T,2023-05-10 14:36:43,6.22253167,-75.57721333,2.30,1482.635,23.965,11.439,188,21,46,,
T,2023-05-10 14:36:44,6.22242667,-75.57722000,2.20,1482.835,23.965,11.459,188,19,46,,
T,2023-05-10 14:36:45,6.22232667,-75.57723500,2.20,1482.735,23.965,11.696,187,20,46,,
T,2023-05-10 14:36:46,6.22221833,-75.57725000,2.20,1482.934,23.966,11.568,189,20,46,,
T,2023-05-10 14:36:47,6.22210667,-75.57726000,2.20,1483.834,23.966,11.539,190,20,46,,
T,2023-05-10 14:36:48,6.22200333,-75.57728333,2.20,1484.934,23.966,11.530,192,21,46,,
T,2023-05-10 14:36:49,6.22189667,-75.57729667,2.10,1485.333,23.967,12.008,188,22,46,,
T,2023-05-10 14:36:50,6.22178500,-75.57730667,1.90,1485.933,23.967,12.122,188,23,46,,
T,2023-05-10 14:36:51,6.22167500,-75.57732167,1.90,1486.233,23.967,12.395,187,26,46,,
T,2023-05-10 14:36:52,6.22156000,-75.57733500,1.90,1487.033,23.967,12.383,188,27,46,,
T,2023-05-10 14:36:53,6.22145000,-75.57735000,1.80,1486.832,23.968,12.286,188,27,46,,
T,2023-05-10 14:36:54,6.22134000,-75.57736500,1.80,1486.832,23.968,12.015,189,27,46,,
T,2023-05-10 14:36:55,6.22123333,-75.57738333,1.80,1486.732,23.968,11.983,189,27,46,,
T,2023-05-10 14:36:56,6.22113000,-75.57740000,2.10,1485.231,23.969,11.827,189,26,46,,
T,2023-05-10 14:36:57,6.22102000,-75.57741333,2.10,1484.331,23.969,11.930,188,27,46,,
T,2023-05-10 14:36:58,6.22091667,-75.57743167,1.90,1483.831,23.969,11.932,188,27,46,,
T,2023-05-10 14:36:59,6.22080500,-75.57744333,1.80,1483.831,23.969,12.120,188,27,46,,
T,2023-05-10 14:37:00,6.22069500,-75.57745667,1.80,1483.630,23.970,12.624,186,28,46,,
T,2023-05-10 14:37:01,6.22058667,-75.57747500,2.10,1483.130,23.970,12.366,188,27,46,,
T,2023-05-10 14:37:02,6.22047833,-75.57749000,2.20,1483.130,23.970,11.987,188,27,46,,
T,2023-05-10 14:37:03,6.22037000,-75.57750500,2.20,1482.729,23.971,12.071,192,28,46,,
T,2023-05-10 14:37:04,6.22025333,-75.57750833,2.20,1483.229,23.971,12.089,187,27,46,,
T,2023-05-10 14:37:05,6.22014667,-75.57751833,2.10,1483.729,23.971,12.253,188,27,46,,
T,2023-05-10 14:37:06,6.22003500,-75.57753333,1.90,1483.629,23.971,12.292,187,29,46,,
T,2023-05-10 14:37:07,6.21993000,-75.57755167,2.10,1483.728,23.972,11.774,189,29,46,,
T,2023-05-10 14:37:08,6.21982833,-75.57757167,2.10,1483.128,23.972,11.660,189,29,46,,
T,2023-05-10 14:37:09,6.21972500,-75.57759000,1.90,1483.428,23.972,11.486,189,29,45,,
T,2023-05-10 14:37:10,6.21962333,-75.57760667,1.80,1483.727,23.973,11.086,196,29,45,,
T,2023-05-10 14:37:11,6.21952500,-75.57762833,1.80,1483.727,23.973,11.700,189,29,45,,
T,2023-05-10 14:37:12,6.21942000,-75.57764667,1.70,1483.527,23.973,11.849,189,29,45,,
T,2023-05-10 14:37:13,6.21931333,-75.57766000,1.70,1483.626,23.974,11.608,190,29,45,,
T,2023-05-10 14:37:14,6.21920833,-75.57767833,1.70,1483.626,23.974,11.600,191,29,45,,
T,2023-05-10 14:37:15,6.21910333,-75.57769667,1.70,1483.726,23.974,11.520,188,27,45,,
T,2023-05-10 14:37:16,6.21899333,-75.57770667,2.00,1483.426,23.974,12.077,188,27,45,,
T,2023-05-10 14:37:17,6.21888000,-75.57772500,2.10,1482.925,23.975,12.090,186,27,45,,
T,2023-05-10 14:37:18,6.21876833,-75.57773167,2.00,1482.925,23.975,11.777,190,28,45,,
T,2023-05-10 14:37:19,6.21866167,-75.57774667,1.90,1483.425,23.975,11.954,189,29,45,,
T,2023-05-10 14:37:20,6.21855167,-75.57775833,1.80,1483.724,23.976,11.762,189,29,45,,
T,2023-05-10 14:37:21,6.21844333,-75.57777000,1.70,1483.824,23.976,11.848,188,29,45,,
T,2023-05-10 14:37:22,6.21833667,-75.57778500,1.70,1484.024,23.976,11.717,188,29,45,,
T,2023-05-10 14:37:23,6.21823167,-75.57780000,1.70,1484.224,23.976,11.734,187,30,45,,
T,2023-05-10 14:37:24,6.21812833,-75.57781333,1.60,1484.623,23.977,11.701,188,30,45,,
T,2023-05-10 14:37:25,6.21802500,-75.57782833,1.70,1484.823,23.977,11.526,188,29,45,,
T,2023-05-10 14:37:26,6.21792000,-75.57784167,1.70,1484.923,23.977,11.385,188,28,45,,
T,2023-05-10 14:37:27,6.21782000,-75.57785500,1.60,1485.423,23.977,11.063,188,28,45,,
T,2023-05-10 14:37:28,6.21772167,-75.57786500,1.60,1485.622,23.978,11.214,188,28,45,,
T,2023-05-10 14:37:29,6.21762333,-75.57787833,1.60,1485.722,23.978,11.390,185,28,45,,
T,2023-05-10 14:37:30,6.21752000,-75.57788833,1.60,1485.622,23.978,11.079,189,28,45,,
T,2023-05-10 14:37:31,6.21742500,-75.57790500,1.60,1486.022,23.978,10.785,190,28,45,,
T,2023-05-10 14:37:32,6.21732833,-75.57792333,1.60,1486.221,23.979,10.397,193,29,45,,
T,2023-05-10 14:37:33,6.21723333,-75.57793667,1.70,1486.421,23.979,10.966,187,28,45,,
T,2023-05-10 14:37:34,6.21712833,-75.57794833,1.70,1486.621,23.979,10.754,187,28,45,,
T,2023-05-10 14:37:35,6.21702833,-75.57796000,1.70,1486.320,23.980,9.752,191,29,45,,
T,2023-05-10 14:37:36,6.21693833,-75.57797000,1.60,1486.320,23.980,9.661,187,29,45,,
T,2023-05-10 14:37:37,6.21685000,-75.57798167,1.60,1486.620,23.980,9.544,187,29,45,,
T,2023-05-10 14:37:38,6.21676667,-75.57799667,1.60,1486.520,23.980,9.311,189,29,45,,
T,2023-05-10 14:37:39,6.21669000,-75.57801000,1.60,1486.420,23.980,7.928,187,29,45,,
T,2023-05-10 14:37:40,6.21663167,-75.57801833,1.60,1486.619,23.981,5.771,187,29,45,,
T,2023-05-10 14:37:41,6.21659333,-75.57802667,1.60,1486.819,23.981,4.175,186,29,45,,
T,2023-05-10 14:37:42,6.21656333,-75.57803333,1.60,1487.219,23.981,3.361,200,29,45,,
T,2023-05-10 14:37:43,6.21653500,-75.57804000,1.50,1487.419,23.981,3.765,184,29,45,,
T,2023-05-10 14:37:44,6.21650333,-75.57804167,1.50,1487.619,23.981,4.121,188,29,45,,
T,2023-05-10 14:37:45,6.21646500,-75.57804667,1.50,1487.619,23.981,4.804,189,29,45,,
T,2023-05-10 14:37:46,6.21642500,-75.57806000,1.70,1487.119,23.981,5.508,189,28,45,,
T,2023-05-10 14:37:47,6.21637333,-75.57806500,1.80,1486.619,23.981,5.378,191,28,45,,
T,2023-05-10 14:37:48,6.21631833,-75.57807000,1.80,1486.019,23.981,5.710,185,28,45,,
T,2023-05-10 14:37:49,6.21626833,-75.57807167,1.80,1486.318,23.982,5.412,186,28,45,,
T,2023-05-10 14:37:50,6.21622333,-75.57807833,1.70,1486.218,23.982,5.137,188,28,45,,
T,2023-05-10 14:37:51,6.21618000,-75.57808167,1.80,1486.118,23.982,4.752,192,28,45,,
T,2023-05-10 14:37:52,6.21613833,-75.57808833,1.80,1485.718,23.982,4.977,189,28,45,,
T,2023-05-10 14:37:53,6.21609833,-75.57808833,1.80,1486.018,23.982,5.080,189,28,45,,
T,2023-05-10 14:37:54,6.21604833,-75.57809667,1.70,1486.218,23.982,5.405,193,29,45,,
T,2023-05-10 14:37:55,6.21599667,-75.57811000,1.70,1485.818,23.982,5.509,191,29,45,,
T,2023-05-10 14:37:56,6.21594167,-75.57811833,1.60,1485.718,23.982,5.890,188,29,45,,
T,2023-05-10 14:37:57,6.21588167,-75.57812500,1.60,1485.917,23.983,6.018,188,29,45,,
T,2023-05-10 14:37:58,6.21582333,-75.57813667,1.50,1485.917,23.983,6.741,191,28,45,,
T,2023-05-10 14:37:59,6.21575833,-75.57814667,1.50,1486.217,23.983,7.616,188,29,45,,
T,2023-05-10 14:38:00,6.21569167,-75.57815667,1.50,1486.317,23.983,7.613,189,29,45,,
T,2023-05-10 14:38:01,6.21562000,-75.57816667,1.50,1486.417,23.983,8.111,190,29,45,,
T,2023-05-10 14:38:02,6.21554667,-75.57817667,1.40,1486.616,23.984,8.289,188,29,45,,
T,2023-05-10 14:38:03,6.21547500,-75.57818667,1.40,1486.816,23.984,7.999,188,29,45,,
T,2023-05-10 14:38:04,6.21540333,-75.57819667,1.40,1487.016,23.984,7.980,188,29,45,,
T,2023-05-10 14:38:05,6.21533000,-75.57820833,1.50,1486.716,23.984,8.392,191,29,45,,
T,2023-05-10 14:38:06,6.21525500,-75.57822667,1.50,1486.516,23.984,8.619,195,29,45,,
T,2023-05-10 14:38:07,6.21517833,-75.57825167,1.50,1486.715,23.985,8.851,199,30,45,,
T,2023-05-10 14:38:08,6.21510000,-75.57827500,1.50,1487.115,23.985,9.360,198,29,45,,
T,2023-05-10 14:38:09,6.21501667,-75.57830333,1.50,1487.415,23.985,9.692,201,30,45,,
T,2023-05-10 14:38:10,6.21493333,-75.57833500,1.50,1487.714,23.986,9.679,207,29,45,,
T,2023-05-10 14:38:11,6.21485667,-75.57837833,1.50,1487.914,23.986,9.924,212,29,45,,
T,2023-05-10 14:38:12,6.21478000,-75.57842833,2.10,1487.614,23.986,10.273,220,26,45,,
T,2023-05-10 14:38:13,6.21471667,-75.57849167,2.00,1488.213,23.987,10.381,230,27,45,,
T,2023-05-10 14:38:14,6.21466667,-75.57856833,2.10,1488.913,23.987,10.467,233,28,45,,
T,2023-05-10 14:38:15,6.21461833,-75.57865833,2.10,1489.612,23.988,10.990,235,28,45,,
T,2023-05-10 14:38:16,6.21456333,-75.57874167,2.10,1489.712,23.988,10.826,232,29,45,,
T,2023-05-10 14:38:17,6.21449667,-75.57883000,2.10,1489.311,23.989,10.497,234,29,45,,
T,2023-05-10 14:38:18,6.21444833,-75.57891833,2.10,1489.310,23.990,10.742,238,29,45,,
T,2023-05-10 14:38:19,6.21440167,-75.57900833,2.20,1489.210,23.990,10.945,237,28,45,,
T,2023-05-10 14:38:20,6.21435167,-75.57909500,2.20,1489.409,23.991,11.141,240,28,45,,
T,2023-05-10 14:38:21,6.21429500,-75.57917833,2.20,1489.809,23.991,10.961,236,29,45,,
T,2023-05-10 14:38:22,6.21423667,-75.57925833,2.20,1490.508,23.992,10.945,239,29,45,,
T,2023-05-10 14:38:23,6.21418500,-75.57933500,2.10,1490.708,23.992,9.730,241,30,45,,
T,2023-05-10 14:38:24,6.21415333,-75.57941167,2.00,1490.507,23.993,8.520,250,30,45,,
T,2023-05-10 14:38:25,6.21413667,-75.57948500,2.00,1490.607,23.993,7.653,259,29,45,,
T,2023-05-10 14:38:26,6.21413667,-75.57956167,2.00,1490.207,23.993,8.012,271,29,45,,
T,2023-05-10 14:38:27,6.21415000,-75.57964333,2.00,1490.506,23.994,8.278,278,29,45,,
T,2023-05-10 14:38:28,6.21417500,-75.57971333,2.00,1490.606,23.994,8.749,285,28,45,,
T,2023-05-10 14:38:29,6.21419833,-75.57978500,2.00,1490.605,23.995,8.949,289,27,45,,
T,2023-05-10 14:38:30,6.21422833,-75.57986833,1.90,1490.405,23.995,9.447,290,28,45,,
T,2023-05-10 14:38:31,6.21425000,-75.57995667,2.00,1490.605,23.995,9.430,288,28,45,,
T,2023-05-10 14:38:32,6.21427167,-75.58004000,1.90,1490.904,23.996,9.344,285,28,45,,
T,2023-05-10 14:38:33,6.21429333,-75.58012333,2.10,1491.504,23.996,9.528,287,26,45,,
T,2023-05-10 14:38:34,6.21432000,-75.58021833,1.90,1491.503,23.997,10.552,288,29,45,,
T,2023-05-10 14:38:35,6.21434667,-75.58030833,1.80,1490.703,23.997,10.253,292,29,45,,
T,2023-05-10 14:38:36,6.21438000,-75.58039167,1.70,1489.903,23.997,8.351,291,32,45,,
T,2023-05-10 14:38:37,6.21440333,-75.58046167,1.60,1489.602,23.998,7.266,290,32,45,,
T,2023-05-10 14:38:38,6.21442500,-75.58052333,1.60,1489.302,23.998,7.540,289,32,45,,
T,2023-05-10 14:38:39,6.21444667,-75.58059000,1.50,1490.002,23.998,8.219,290,30,45,,
T,2023-05-10 14:38:40,6.21447333,-75.58066333,1.50,1490.801,23.999,8.865,290,30,45,,
T,2023-05-10 14:38:41,6.21450667,-75.58074500,1.50,1491.001,23.999,9.399,290,30,45,,
T,2023-05-10 14:38:42,6.21453667,-75.58082333,1.50,1491.401,23.999,8.030,291,32,45,,
T,2023-05-10 14:38:43,6.21455833,-75.58088000,1.50,1491.400,24.000,5.997,291,31,45,,
T,2023-05-10 14:38:44,6.21457333,-75.58091833,1.50,1491.300,24.000,4.251,290,31,45,,
T,2023-05-10 14:38:45,6.21458333,-75.58094667,1.50,1491.200,24.000,3.202,288,31,45,,
T,2023-05-10 14:38:46,6.21458667,-75.58096833,1.70,1491.000,24.000,2.685,297,31,45,,
T,2023-05-10 14:38:47,6.21459500,-75.58099500,1.50,1491.000,24.000,3.010,282,30,45,,
T,2023-05-10 14:38:48,6.21460333,-75.58102500,1.50,1491.600,24.000,2.896,290,31,45,,
T,2023-05-10 14:38:49,6.21461167,-75.58104833,1.40,1491.700,24.000,1.831,289,31,45,,
T,2023-05-10 14:38:50,6.21461833,-75.58106500,1.40,1492.100,24.000,1.233,289,31,45,,
T,2023-05-10 14:38:51,6.21462167,-75.58107833,1.40,1492.500,24.000,1.369,289,31,45,,
T,2023-05-10 14:38:52,6.21462667,-75.58109167,1.40,1492.499,24.001,1.594,289,31,45,,
T,2023-05-10 14:38:53,6.21463167,-75.58110500,1.40,1492.799,24.001,1.360,289,31,45,,
T,2023-05-10 14:38:54,6.21463500,-75.58111667,1.50,1492.799,24.001,1.458,289,31,45,,
T,2023-05-10 14:38:55,6.21464000,-75.58113167,1.50,1492.899,24.001,2.586,288,31,45,,
T,2023-05-10 14:38:56,6.21464833,-75.58115333,1.50,1492.899,24.001,2.074,288,31,45,,
T,2023-05-10 14:38:57,6.21465000,-75.58116667,1.50,1492.799,24.001,0.000,,30,45,,
T,2023-05-10 14:38:58,6.21465333,-75.58117667,1.50,1492.599,24.001,0.000,,30,45,,
T,2023-05-10 14:38:59,6.21465667,-75.58119000,1.40,1492.599,24.001,1.877,289,30,45,,
T,2023-05-10 14:39:00,6.21466333,-75.58121000,1.40,1492.799,24.001,2.449,287,30,45,,
T,2023-05-10 14:39:01,6.21467333,-75.58123000,1.40,1492.599,24.001,2.465,291,30,45,,
T,2023-05-10 14:39:02,6.21468667,-75.58125333,1.40,1492.599,24.001,3.184,300,30,45,,
T,2023-05-10 14:39:03,6.21471333,-75.58128333,1.40,1492.599,24.001,4.596,308,30,45,,
T,2023-05-10 14:39:04,6.21474333,-75.58131667,1.40,1492.899,24.001,4.563,315,30,45,,
T,2023-05-10 14:39:05,6.21477167,-75.58134333,1.40,1493.198,24.002,4.150,317,30,45,,
T,2023-05-10 14:39:06,6.21480333,-75.58137333,1.40,1493.398,24.002,5.087,318,30,45,,
T,2023-05-10 14:39:07,6.21484000,-75.58140833,1.40,1493.598,24.002,5.654,321,32,45,,
T,2023-05-10 14:39:08,6.21488167,-75.58144000,1.40,1493.398,24.002,5.691,327,32,45,,
T,2023-05-10 14:39:09,6.21492833,-75.58146833,1.40,1493.098,24.002,5.888,333,32,45,,
T,2023-05-10 14:39:10,6.21497833,-75.58149333,1.60,1492.798,24.002,6.049,333,31,45,,
T,2023-05-10 14:39:11,6.21502667,-75.58151833,1.60,1492.598,24.002,5.376,331,31,45,,
T,2023-05-10 14:39:12,6.21506833,-75.58154667,1.70,1492.798,24.002,5.170,322,32,45,,
T,2023-05-10 14:39:13,6.21510167,-75.58157000,2.00,1492.398,24.002,4.575,313,30,45,,
T,2023-05-10 14:39:14,6.21512500,-75.58160000,1.90,1492.098,24.002,4.571,301,28,45,,
T,2023-05-10 14:39:15,6.21514000,-75.58163000,2.00,1491.798,24.002,3.194,299,29,45,,
T,2023-05-10 14:39:16,6.21514333,-75.58164833,1.90,1492.098,24.002,1.840,292,30,45,,
T,2023-05-10 14:39:17,6.21514500,-75.58166167,1.90,1491.898,24.002,1.086,292,30,45,,
T,2023-05-10 14:39:18,6.21514500,-75.58167167,1.80,1491.297,24.003,0.000,,29,45,,
T,2023-05-10 14:39:19,6.21514667,-75.58167833,1.70,1490.697,24.003,0.000,,30,45,,
T,2023-05-10 14:39:20,6.21515000,-75.58168000,1.70,1489.997,24.003,0.000,,29,45,,
T,2023-05-10 14:39:21,6.21515000,-75.58168000,1.60,1489.997,24.003,0.000,,29,45,,
T,2023-05-10 14:39:22,6.21515000,-75.58168000,1.70,1489.997,24.003,0.000,,31,45,,
T,2023-05-10 14:39:23,6.21515333,-75.58172833,1.80,1489.197,24.003,4.133,274,32,45,,
T,2023-05-10 14:39:24,6.21514833,-75.58177167,1.70,1489.597,24.003,5.234,266,32,45,,
T,2023-05-10 14:39:25,6.21513667,-75.58182333,1.70,1489.897,24.003,5.880,259,32,45,,
T,2023-05-10 14:39:26,6.21512167,-75.58188167,1.60,1490.096,24.004,6.642,250,32,45,,
T,2023-05-10 14:39:27,6.21509000,-75.58193833,1.60,1490.496,24.004,6.832,237,32,45,,
T,2023-05-10 14:39:28,6.21505000,-75.58198500,1.50,1490.996,24.004,6.190,228,32,45,,
T,2023-05-10 14:39:29,6.21500833,-75.58201500,1.50,1491.395,24.005,5.284,220,32,45,,
T,2023-05-10 14:39:30,6.21497000,-75.58203333,1.50,1491.495,24.005,4.865,209,32,45,,
T,2023-05-10 14:39:31,6.21493167,-75.58205333,1.50,1491.895,24.005,4.864,210,32,45,,
T,2023-05-10 14:39:32,6.21489000,-75.58206833,1.50,1491.895,24.005,4.851,202,32,45,,
T,2023-05-10 14:39:33,6.21484667,-75.58207667,1.50,1491.695,24.005,4.933,194,32,45,,
T,2023-05-10 14:39:34,6.21479833,-75.58208667,1.50,1491.695,24.005,6.877,180,31,45,,
T,2023-05-10 14:39:35,6.21472667,-75.58208667,1.60,1491.694,24.006,7.900,181,31,45,,
T,2023-05-10 14:39:36,6.21465000,-75.58208667,1.70,1491.894,24.006,8.392,187,31,45,,
T,2023-05-10 14:39:37,6.21457167,-75.58210000,1.70,1492.094,24.006,9.028,196,31,45,,
T,2023-05-10 14:39:38,6.21449333,-75.58212833,1.60,1492.294,24.006,9.384,205,31,45,,
T,2023-05-10 14:39:39,6.21441833,-75.58217000,1.60,1492.693,24.007,9.734,212,31,45,,
T,2023-05-10 14:39:40,6.21434500,-75.58221333,1.60,1492.993,24.007,8.608,211,31,45,,
T,2023-05-10 14:39:41,6.21428333,-75.58225000,1.50,1493.393,24.007,6.988,216,31,45,,
T,2023-05-10 14:39:42,6.21424000,-75.58228667,1.50,1493.393,24.007,5.748,224,31,45,,
T,2023-05-10 14:39:43,6.21421667,-75.58232833,1.60,1493.092,24.008,5.491,236,31,45,,
T,2023-05-10 14:39:44,6.21421000,-75.58237500,1.70,1492.792,24.008,4.741,254,31,45,,
T,2023-05-10 14:39:45,6.21422833,-75.58242000,1.80,1492.892,24.008,4.635,280,31,45,,
T,2023-05-10 14:39:46,6.21426333,-75.58247833,1.90,1493.092,24.008,6.406,290,31,44,,
T,2023-05-10 14:39:47,6.21430333,-75.58254667,1.80,1493.491,24.009,7.554,297,28,44,,
T,2023-05-10 14:39:48,6.21434500,-75.58262167,1.70,1494.191,24.009,8.134,296,28,44,,
T,2023-05-10 14:39:49,6.21438333,-75.58270000,1.70,1494.891,24.009,8.030,293,28,44,,
T,2023-05-10 14:39:50,6.21441167,-75.58276667,1.70,1495.490,24.010,7.431,291,28,44,,
T,2023-05-10 14:39:51,6.21443667,-75.58282833,1.80,1496.190,24.010,6.655,293,28,44,,
T,2023-05-10 14:39:52,6.21444500,-75.58287333,1.90,1496.390,24.010,5.259,273,29,44,,
T,2023-05-10 14:39:53,6.21442167,-75.58290667,1.90,1496.290,24.010,4.999,251,30,44,,
T,2023-05-10 14:39:54,6.21437333,-75.58293833,2.00,1495.789,24.011,5.811,229,30,44,,
T,2023-05-10 14:39:55,6.21431167,-75.58296833,2.00,1495.289,24.011,7.099,215,30,44,,
T,2023-05-10 14:39:56,6.21424500,-75.58299333,1.80,1495.089,24.011,7.541,213,31,44,,
T,2023-05-10 14:39:57,6.21418333,-75.58302333,1.70,1495.189,24.011,7.221,215,31,44,,
T,2023-05-10 14:39:58,6.21412833,-75.58305500,1.60,1495.688,24.012,6.692,221,31,44,,
T,2023-05-10 14:39:59,6.21408833,-75.58309500,1.60,1496.388,24.012,6.336,234,31,44,,
T,2023-05-10 14:40:00,6.21406667,-75.58314167,1.70,1497.388,24.012,5.438,244,31,44,,
T,2023-05-10 14:40:01,6.21408167,-75.58318333,2.00,1498.088,24.012,5.016,268,31,44,,
T,2023-05-10 14:40:02,6.21410833,-75.58323667,2.00,1498.787,24.013,5.493,286,30,44,,
T,2023-05-10 14:40:03,6.21414667,-75.58330000,1.90,1499.287,24.013,6.847,294,31,44,,
T,2023-05-10 14:40:04,6.21418833,-75.58336667,1.90,1499.787,24.013,7.546,296,31,44,,
T,2023-05-10 14:40:05,6.21423000,-75.58343667,2.00,1500.086,24.014,7.287,296,29,44,,
T,2023-05-10 14:40:06,6.21427500,-75.58351000,2.10,1501.086,24.014,7.818,298,27,44,,
T,2023-05-10 14:40:07,6.21431500,-75.58358667,2.10,1501.886,24.014,7.987,298,27,44,,
T,2023-05-10 14:40:08,6.21435333,-75.58365333,2.00,1502.486,24.014,8.148,299,27,44,,
T,2023-05-10 14:40:09,6.21439167,-75.58371833,1.90,1503.185,24.015,7.908,301,27,44,,
T,2023-05-10 14:40:10,6.21443333,-75.58378333,2.00,1502.985,24.015,8.068,301,27,44,,
T,2023-05-10 14:40:11,6.21446500,-75.58385333,2.10,1502.785,24.015,7.784,297,27,44,,
T,2023-05-10 14:40:12,6.21450000,-75.58391500,2.10,1503.385,24.015,7.094,299,27,44,,
T,2023-05-10 14:40:13,6.21452833,-75.58396667,1.90,1504.084,24.016,5.782,300,26,44,,
T,2023-05-10 14:40:14,6.21455167,-75.58400500,2.00,1503.984,24.016,4.218,301,26,44,,
T,2023-05-10 14:40:15,6.21456000,-75.58401833,1.90,1503.984,24.016,2.250,305,27,44,,
T,2023-05-10 14:40:16,6.21457167,-75.58402833,1.80,1504.384,24.016,2.338,301,27,44,,
T,2023-05-10 14:40:17,6.21458667,-75.58404667,1.70,1504.884,24.016,2.917,316,28,44,,
T,2023-05-10 14:40:18,6.21460833,-75.58406833,1.70,1504.584,24.016,3.244,313,28,44,,
T,2023-05-10 14:40:19,6.21463833,-75.58408167,1.70,1503.984,24.016,3.875,333,27,44,,
T,2023-05-10 14:40:20,6.21468167,-75.58407000,1.80,1503.684,24.016,4.288,23,29,44,,
T,2023-05-10 14:40:21,6.21473000,-75.58404833,1.70,1502.884,24.016,5.036,28,30,44,,
T,2023-05-10 14:40:22,6.21477667,-75.58403167,1.70,1502.384,24.016,4.556,23,30,44,,
T,2023-05-10 14:40:23,6.21482000,-75.58403000,1.70,1502.285,24.015,3.980,21,30,44,,
T,2023-05-10 14:40:24,6.21486000,-75.58404833,2.00,1501.585,24.015,3.459,360,30,44,,
T,2023-05-10 14:40:25,6.21489167,-75.58409333,2.20,1500.984,24.016,3.628,329,30,44,,
T,2023-05-10 14:40:26,6.21492167,-75.58415833,2.30,1500.584,24.016,4.586,304,29,44,,
T,2023-05-10 14:40:27,6.21494833,-75.58423167,2.20,1500.184,24.016,5.981,298,28,44,,
T,2023-05-10 14:40:28,6.21499333,-75.58430167,2.20,1500.383,24.017,7.060,300,28,44,,
T,2023-05-10 14:40:29,6.21502000,-75.58437667,2.10,1499.883,24.017,7.069,296,28,44,,
T,2023-05-10 14:40:30,6.21504500,-75.58444333,2.10,1500.283,24.017,6.912,299,28,44,,
T,2023-05-10 14:40:31,6.21507167,-75.58451500,2.00,1499.783,24.017,6.786,297,28,44,,
T,2023-05-10 14:40:32,6.21509500,-75.58456833,1.90,1498.982,24.018,5.862,299,28,44,,
T,2023-05-10 14:40:33,6.21512000,-75.58460500,1.80,1499.182,24.018,4.012,299,28,44,,
T,2023-05-10 14:40:34,6.21513167,-75.58462333,1.70,1499.882,24.018,1.955,296,29,44,,
T,2023-05-10 14:40:35,6.21513667,-75.58463167,1.70,1500.282,24.018,1.202,296,29,44,,
T,2023-05-10 14:40:36,6.21513667,-75.58464500,1.70,1500.182,24.018,1.755,261,29,44,,
T,2023-05-10 14:40:37,6.21513000,-75.58466000,1.60,1500.282,24.018,1.952,244,30,44,,
T,2023-05-10 14:40:38,6.21512000,-75.58467667,1.60,1500.482,24.018,2.355,244,30,44,,
T,2023-05-10 14:40:39,6.21511000,-75.58469500,1.60,1500.782,24.018,2.441,246,30,44,,
T,2023-05-10 14:40:40,6.21510167,-75.58470833,1.60,1500.982,24.018,2.163,233,30,44,,
T,2023-05-10 14:40:41,6.21509000,-75.58471667,1.60,1501.081,24.019,1.341,233,30,44,,
T,2023-05-10 14:40:42,6.21508667,-75.58472000,1.60,1501.181,24.019,0.000,,30,44,,
T,2023-05-10 14:40:43,6.21508833,-75.58471833,1.60,1501.281,24.019,0.000,,30,44,,
T,2023-05-10 14:40:44,6.21508667,-75.58471167,1.60,1501.282,24.018,0.000,,28,44,,
T,2023-05-10 14:40:45,6.21508667,-75.58471167,1.70,1501.282,24.018,0.000,,29,44,,
T,2023-05-10 14:40:46,6.21508667,-75.58471167,1.70,1501.282,24.018,0.000,,29,44,,
T,2023-05-10 14:40:47,6.21508667,-75.58471167,1.10,1501.282,24.018,0.000,,28,44,,
T,2023-05-10 14:40:48,6.21508667,-75.58471167,1.00,1501.282,24.018,0.000,,28,44,,
T,2023-05-10 14:40:49,6.21508667,-75.58471167,1.00,1501.282,24.018,0.000,,29,44,,
T,2023-05-10 14:40:50,6.21508667,-75.58471167,1.00,1501.282,24.018,0.000,,30,44,,
T,2023-05-10 14:40:51,6.21508667,-75.58471167,1.00,1501.282,24.018,0.000,,30,44,,
T,2023-05-10 14:40:52,6.21508667,-75.58471167,1.00,1501.282,24.018,0.000,,29,44,,
T,2023-05-10 14:40:53,6.21508667,-75.58471167,1.00,1501.282,24.018,0.000,,29,44,,
T,2023-05-10 14:40:54,6.21508667,-75.58471167,1.00,1501.282,24.018,0.000,,29,44,,
T,2023-05-10 14:40:55,6.21508667,-75.58471167,1.00,1501.282,24.018,0.000,,30,44,,
T,2023-05-10 14:40:56,6.21508667,-75.58471167,1.00,1501.282,24.018,0.000,,29,44,,
T,2023-05-10 14:40:57,6.21508667,-75.58471167,1.00,1501.282,24.018,0.000,,29,44,,
T,2023-05-10 14:40:58,6.21508667,-75.58471167,1.00,1501.282,24.018,0.000,,30,44,,
T,2023-05-10 14:40:59,6.21508667,-75.58471167,1.00,1501.282,24.018,0.000,,27,44,,
T,2023-05-10 14:41:00,6.21508667,-75.58471167,1.00,1501.282,24.018,0.000,,26,44,,
T,2023-05-10 14:41:01,6.21508667,-75.58471167,1.00,1501.282,24.018,0.000,,24,44,,
T,2023-05-10 14:41:02,6.21508667,-75.58471167,1.00,1501.282,24.018,0.000,,25,44,,
T,2023-05-10 14:41:03,6.21508667,-75.58471167,1.00,1501.282,24.018,0.000,,25,44,,
T,2023-05-10 14:41:04,6.21508667,-75.58471167,1.00,1501.282,24.018,0.000,,27,44,,
T,2023-05-10 14:41:05,6.21508667,-75.58471167,0.90,1501.282,24.018,0.000,,27,44,,
T,2023-05-10 14:41:06,6.21508667,-75.58471167,1.10,1501.282,24.018,0.000,,27,44,,
T,2023-05-10 14:41:07,6.21508667,-75.58471167,1.70,1501.282,24.018,0.000,,27,44,,
T,2023-05-10 14:41:08,6.21508667,-75.58471167,1.70,1501.282,24.018,0.000,,27,44,,
T,2023-05-10 14:41:09,6.21508667,-75.58471167,1.70,1501.282,24.018,0.000,,28,44,,
T,2023-05-10 14:41:10,6.21508667,-75.58471167,1.70,1501.282,24.018,0.000,,28,44,,
T,2023-05-10 14:41:11,6.21508667,-75.58471167,1.70,1501.282,24.018,0.000,,28,44,,
T,2023-05-10 14:41:12,6.21508667,-75.58471167,1.60,1501.282,24.018,0.000,,28,44,,
T,2023-05-10 14:41:13,6.21508667,-75.58471167,1.60,1501.282,24.018,0.000,,26,44,,
