type,date time,latitude,longitude,accuracy(m),altitude(m),geoid_height(m),speed(m/s),bearing(deg),sat_used,sat_inview,name,desc
T,2023-05-10 12:30:32.161,6.21525000,-75.58444667,2.90,1487.783,24.017,0.147,79,14,46,20230510-073032,GPS Logger: 20230510-073032 - Seis
T,2023-05-10 12:30:34,6.21526000,-75.58447333,2.60,1487.683,24.017,0.049,233,14,46,,
T,2023-05-10 12:30:35,6.21526167,-75.58449333,2.30,1487.583,24.017,0.426,300,16,46,,
T,2023-05-10 12:30:36,6.21526167,-75.58450333,2.20,1487.883,24.017,0.165,47,17,46,,
T,2023-05-10 12:30:37,6.21526500,-75.58450833,2.10,1487.883,24.017,0.400,111,18,46,,
T,2023-05-10 12:30:38,6.21526500,-75.58451333,2.00,1488.083,24.017,0.417,107,18,46,,
T,2023-05-10 12:30:39,6.21527167,-75.58451667,1.90,1488.483,24.017,0.252,113,20,46,,
T,2023-05-10 12:30:40,6.21527500,-75.58451833,1.90,1488.783,24.017,0.243,107,18,46,,
T,2023-05-10 12:30:41,6.21527500,-75.58452333,1.90,1488.783,24.017,0.203,133,16,46,,
T,2023-05-10 12:30:42,6.21527833,-75.58452833,1.80,1488.783,24.017,0.119,68,18,46,,
T,2023-05-10 12:30:43,6.21528167,-75.58453333,1.80,1488.883,24.017,0.057,17,21,46,,
T,2023-05-10 12:30:44,6.21528167,-75.58453833,1.80,1488.883,24.017,0.066,352,21,46,,
T,2023-05-10 12:30:45,6.21528167,-75.58454167,1.70,1488.883,24.017,0.055,300,22,46,,
T,2023-05-10 12:30:46,6.21528167,-75.58454500,1.70,1488.783,24.017,0.119,215,23,46,,
T,2023-05-10 12:30:47,6.21528167,-75.58454833,1.70,1488.783,24.017,0.064,140,22,46,,
T,2023-05-10 12:30:48,6.21528167,-75.58454833,1.70,1488.683,24.017,0.089,106,24,46,,
T,2023-05-10 12:30:49,6.21528333,-75.58455167,1.70,1488.583,24.017,0.128,112,24,46,,
T,2023-05-10 12:30:50,6.21528333,-75.58455000,1.70,1488.483,24.017,0.123,285,24,46,,
T,2023-05-10 12:30:51,6.21528500,-75.58455167,1.70,1488.283,24.017,0.114,94,23,46,,
T,2023-05-10 12:30:52,6.21528500,-75.58455167,1.70,1488.283,24.017,0.109,48,23,46,,
T,2023-05-10 12:30:53,6.21528500,-75.58455500,1.70,1488.283,24.017,0.142,269,23,46,,
T,2023-05-10 12:30:54,6.21528500,-75.58455667,1.80,1488.283,24.017,0.176,284,23,46,,
T,2023-05-10 12:30:55,6.21528333,-75.58455667,1.80,1488.283,24.017,0.195,61,23,46,,
T,2023-05-10 12:30:56,6.21528167,-75.58455167,1.90,1488.183,24.017,0.206,71,22,46,,
T,2023-05-10 12:30:57,6.21528333,-75.58455000,1.90,1488.083,24.017,0.257,89,21,46,,
T,2023-05-10 12:30:58,6.21528167,-75.58454167,2.00,1488.083,24.017,0.000,,22,46,,
T,2023-05-10 12:30:59,6.21528167,-75.58454000,2.20,1488.183,24.017,0.000,,20,46,,
T,2023-05-10 12:31:00,6.21527833,-75.58454333,2.20,1488.183,24.017,0.374,237,21,46,,
T,2023-05-10 12:31:01,6.21527500,-75.58454000,2.30,1488.483,24.017,0.408,180,20,46,,
T,2023-05-10 12:31:02,6.21527000,-75.58453667,2.20,1488.983,24.017,0.481,137,20,46,,
T,2023-05-10 12:31:03,6.21526667,-75.58452833,2.20,1489.083,24.017,0.000,,20,46,,
T,2023-05-10 12:31:04,6.21526333,-75.58452167,2.20,1489.183,24.017,0.561,134,21,46,,
T,2023-05-10 12:31:05,6.21526000,-75.58452000,2.20,1489.383,24.017,0.601,132,21,46,,
T,2023-05-10 12:31:06,6.21525667,-75.58452500,2.20,1489.583,24.017,0.628,143,21,46,,
T,2023-05-10 12:31:07,6.21525667,-75.58451667,2.20,1489.683,24.017,0.616,138,21,46,,
T,2023-05-10 12:31:08,6.21525500,-75.58451000,2.10,1489.983,24.017,0.614,130,21,46,,
T,2023-05-10 12:31:09,6.21525667,-75.58450833,2.10,1490.083,24.017,0.563,127,21,46,,
T,2023-05-10 12:31:10,6.21525833,-75.58450500,2.10,1490.083,24.017,0.549,106,21,46,,
T,2023-05-10 12:31:11,6.21526000,-75.58450500,2.10,1490.283,24.017,0.525,85,20,46,,
T,2023-05-10 12:31:12,6.21526167,-75.58450500,2.10,1490.483,24.017,0.463,78,20,46,,
T,2023-05-10 12:31:13,6.21526333,-75.58450500,2.10,1490.783,24.017,0.406,144,20,46,,
T,2023-05-10 12:31:14,6.21526333,-75.58450500,2.10,1490.983,24.017,0.000,,20,46,,
T,2023-05-10 12:31:15,6.21526333,-75.58450333,2.20,1490.983,24.017,0.000,,20,46,,
T,2023-05-10 12:31:16,6.21526167,-75.58450000,2.20,1490.083,24.017,0.000,,19,46,,
T,2023-05-10 12:31:17,6.21526167,-75.58450000,2.10,1490.083,24.017,0.000,,19,46,,
T,2023-05-10 12:31:18,6.21526167,-75.58450000,2.10,1490.083,24.017,0.000,,19,46,,
T,2023-05-10 12:31:19,6.21526167,-75.58450000,2.10,1490.083,24.017,0.000,,18,46,,
T,2023-05-10 12:31:20,6.21526167,-75.58450000,2.10,1490.083,24.017,0.000,,19,46,,
T,2023-05-10 12:31:21,6.21526167,-75.58450000,2.10,1490.083,24.017,0.000,,19,46,,
T,2023-05-10 12:31:22,6.21526167,-75.58450000,2.10,1490.083,24.017,0.000,,19,46,,
T,2023-05-10 12:31:23,6.21526167,-75.58450000,2.10,1490.083,24.017,0.000,,19,46,,
T,2023-05-10 12:31:24,6.21526167,-75.58450000,2.10,1490.083,24.017,0.000,,19,46,,
T,2023-05-10 12:31:25,6.21526167,-75.58450000,2.10,1490.083,24.017,0.000,,18,46,,
T,2023-05-10 12:31:26,6.21526167,-75.58450000,2.10,1490.083,24.017,0.000,,18,46,,
T,2023-05-10 12:31:27,6.21526167,-75.58450000,2.20,1490.083,24.017,0.000,,20,46,,
T,2023-05-10 12:31:28,6.21526167,-75.58450000,2.20,1490.083,24.017,0.000,,19,46,,
T,2023-05-10 12:31:29,6.21526167,-75.58450000,2.20,1490.083,24.017,0.000,,19,46,,
T,2023-05-10 12:31:30,6.21526167,-75.58450000,2.20,1490.083,24.017,0.000,,19,46,,
T,2023-05-10 12:31:31,6.21526167,-75.58450000,2.20,1490.083,24.017,0.000,,19,46,,
T,2023-05-10 12:31:32,6.21526167,-75.58450000,2.20,1490.083,24.017,0.000,,19,46,,
T,2023-05-10 12:31:33,6.21526167,-75.58450000,2.30,1490.083,24.017,0.000,,19,46,,
T,2023-05-10 12:31:34,6.21526167,-75.58450000,2.30,1490.083,24.017,0.000,,18,46,,
T,2023-05-10 12:31:35,6.21526167,-75.58450000,2.30,1490.083,24.017,0.000,,18,46,,
T,2023-05-10 12:31:36,6.21526167,-75.58450000,2.30,1490.083,24.017,0.000,,17,46,,
T,2023-05-10 12:31:37,6.21526167,-75.58450000,2.30,1490.083,24.017,0.000,,17,46,,
T,2023-05-10 12:31:38,6.21526167,-75.58450000,2.30,1490.083,24.017,0.000,,19,46,,
T,2023-05-10 12:31:39,6.21526167,-75.58450000,2.30,1490.083,24.017,0.000,,19,46,,
T,2023-05-10 12:31:40,6.21526167,-75.58450000,2.30,1490.083,24.017,0.000,,19,46,,
T,2023-05-10 12:31:41,6.21526167,-75.58450000,2.30,1490.083,24.017,0.000,,19,46,,
T,2023-05-10 12:31:42,6.21526167,-75.58450000,2.30,1490.083,24.017,0.000,,20,46,,
T,2023-05-10 12:31:43,6.21526167,-75.58450000,2.20,1490.083,24.017,0.000,,20,46,,
T,2023-05-10 12:31:44,6.21526167,-75.58450000,2.20,1490.083,24.017,0.000,,19,46,,
T,2023-05-10 12:31:45,6.21526167,-75.58450000,2.20,1490.083,24.017,0.000,,20,46,,
T,2023-05-10 12:31:46,6.21526167,-75.58450000,2.20,1490.083,24.017,0.000,,20,46,,
T,2023-05-10 12:31:47,6.21526167,-75.58450000,2.20,1490.083,24.017,0.000,,22,46,,
T,2023-05-10 12:31:48,6.21526167,-75.58450000,2.20,1490.083,24.017,0.000,,21,46,,
T,2023-05-10 12:31:49,6.21526167,-75.58450000,2.20,1490.083,24.017,0.000,,21,46,,
T,2023-05-10 12:31:50,6.21526167,-75.58450000,2.20,1490.083,24.017,0.000,,20,46,,
T,2023-05-10 12:31:51,6.21526167,-75.58450000,2.00,1490.083,24.017,0.000,,19,46,,
T,2023-05-10 12:31:52,6.21526167,-75.58450000,2.00,1490.083,24.017,0.000,,21,46,,
T,2023-05-10 12:31:53,6.21526167,-75.58450000,2.10,1490.083,24.017,0.000,,20,46,,
T,2023-05-10 12:31:54,6.21526167,-75.58450000,2.10,1490.083,24.017,0.000,,20,46,,
T,2023-05-10 12:31:55,6.21526167,-75.58450000,2.20,1490.083,24.017,0.000,,20,46,,
T,2023-05-10 12:31:56,6.21526167,-75.58450000,2.30,1490.083,24.017,0.000,,19,46,,
T,2023-05-10 12:31:57,6.21526167,-75.58450000,2.30,1490.083,24.017,0.000,,19,46,,
T,2023-05-10 12:31:58,6.21526167,-75.58450000,2.40,1490.083,24.017,0.000,,20,46,,
T,2023-05-10 12:31:59,6.21526167,-75.58450000,2.30,1490.083,24.017,0.000,,20,46,,
T,2023-05-10 12:32:00,6.21526167,-75.58450000,2.40,1490.083,24.017,0.000,,20,46,,
T,2023-05-10 12:32:01,6.21526167,-75.58450000,2.30,1490.083,24.017,0.000,,18,46,,
T,2023-05-10 12:32:02,6.21526167,-75.58450000,2.30,1490.083,24.017,0.000,,18,46,,
T,2023-05-10 12:32:03,6.21526167,-75.58450000,2.30,1490.083,24.017,0.000,,20,46,,
T,2023-05-10 12:32:04,6.21526167,-75.58450000,2.30,1490.083,24.017,0.000,,21,46,,
T,2023-05-10 12:32:05,6.21526167,-75.58450000,2.30,1490.083,24.017,0.000,,20,46,,
T,2023-05-10 12:32:06,6.21526167,-75.58450000,2.20,1490.083,24.017,0.000,,21,46,,
T,2023-05-10 12:32:07,6.21526167,-75.58450000,2.20,1490.083,24.017,0.000,,20,46,,
T,2023-05-10 12:32:08,6.21526167,-75.58450000,2.20,1490.083,24.017,0.000,,20,46,,
T,2023-05-10 12:32:09,6.21526167,-75.58450000,2.20,1490.083,24.017,0.000,,19,46,,
T,2023-05-10 12:32:10,6.21526167,-75.58450000,2.20,1490.083,24.017,0.000,,19,46,,
T,2023-05-10 12:32:11,6.21526167,-75.58450000,2.20,1490.083,24.017,0.000,,20,46,,
T,2023-05-10 12:32:12,6.21526167,-75.58450000,2.20,1490.083,24.017,0.000,,20,46,,
T,2023-05-10 12:32:13,6.21526167,-75.58450000,2.20,1490.083,24.017,0.000,,20,46,,
T,2023-05-10 12:32:14,6.21528833,-75.58447833,2.20,1491.883,24.017,0.241,304,19,46,,
T,2023-05-10 12:32:15,6.21528500,-75.58447667,2.20,1491.783,24.017,0.000,,19,46,,
T,2023-05-10 12:32:16,6.21528500,-75.58447333,2.20,1491.883,24.017,0.000,,19,46,,
T,2023-05-10 12:32:17,6.21528333,-75.58446667,2.20,1491.883,24.017,0.000,,19,46,,
T,2023-05-10 12:32:18,6.21528167,-75.58446333,2.20,1491.683,24.017,0.000,,20,46,,
T,2023-05-10 12:32:19,6.21528167,-75.58446333,2.30,1491.683,24.017,0.000,,20,46,,
T,2023-05-10 12:32:20,6.21528167,-75.58446333,2.30,1491.683,24.017,0.000,,20,46,,
T,2023-05-10 12:32:21,6.21528333,-75.58447333,2.20,1491.983,24.017,0.381,5,20,46,,
T,2023-05-10 12:32:22,6.21528500,-75.58447333,2.10,1491.883,24.017,0.000,,20,46,,
T,2023-05-10 12:32:23,6.21528500,-75.58447167,2.10,1491.783,24.017,0.000,,21,46,,
T,2023-05-10 12:32:24,6.21528333,-75.58446667,2.10,1491.783,24.017,0.000,,22,46,,
T,2023-05-10 12:32:25,6.21528333,-75.58446667,2.10,1491.783,24.017,0.000,,22,46,,
T,2023-05-10 12:32:26,6.21528333,-75.58446667,2.10,1491.783,24.017,0.000,,20,46,,
T,2023-05-10 12:32:27,6.21528333,-75.58446667,2.20,1491.783,24.017,0.000,,21,46,,
T,2023-05-10 12:32:28,6.21528333,-75.58446667,2.20,1491.783,24.017,0.000,,23,46,,
T,2023-05-10 12:32:29,6.21528333,-75.58446667,2.20,1491.783,24.017,0.000,,23,46,,
T,2023-05-10 12:32:30,6.21528333,-75.58446667,2.10,1491.783,24.017,0.000,,22,46,,
T,2023-05-10 12:32:31,6.21528333,-75.58446667,2.10,1491.783,24.017,0.000,,21,46,,
T,2023-05-10 12:32:32,6.21528333,-75.58446667,2.10,1491.783,24.017,0.000,,21,46,,
T,2023-05-10 12:32:33,6.21528333,-75.58446667,2.10,1491.783,24.017,0.000,,22,46,,
T,2023-05-10 12:32:34,6.21528333,-75.58446667,2.10,1491.783,24.017,0.000,,21,46,,
T,2023-05-10 12:32:35,6.21528333,-75.58446667,2.10,1491.783,24.017,0.000,,21,46,,
T,2023-05-10 12:32:36,6.21528333,-75.58446667,2.10,1491.783,24.017,0.000,,20,46,,
T,2023-05-10 12:32:37,6.21528333,-75.58446667,2.20,1491.783,24.017,0.000,,19,46,,
T,2023-05-10 12:32:38,6.21528333,-75.58446667,2.20,1491.783,24.017,0.000,,20,46,,
T,2023-05-10 12:32:39,6.21528333,-75.58446667,2.20,1491.783,24.017,0.000,,20,46,,
T,2023-05-10 12:32:40,6.21528333,-75.58446667,2.10,1491.783,24.017,0.000,,21,46,,
T,2023-05-10 12:32:41,6.21528333,-75.58446667,2.10,1491.783,24.017,0.000,,21,46,,
T,2023-05-10 12:32:42,6.21528333,-75.58446667,2.10,1491.783,24.017,0.000,,21,46,,
T,2023-05-10 12:32:43,6.21530667,-75.58448167,2.10,1495.483,24.017,0.354,260,21,46,,
T,2023-05-10 12:32:44,6.21531167,-75.58448667,2.10,1495.783,24.017,0.000,,20,46,,
T,2023-05-10 12:32:45,6.21531167,-75.58449000,2.00,1495.483,24.017,0.000,,21,46,,
T,2023-05-10 12:32:46,6.21531500,-75.58449167,2.00,1495.483,24.017,0.000,,19,46,,
T,2023-05-10 12:32:47,6.21531500,-75.58449167,2.00,1495.483,24.017,0.000,,19,46,,
T,2023-05-10 12:32:48,6.21531500,-75.58449167,2.00,1495.483,24.017,0.000,,19,46,,
T,2023-05-10 12:32:49,6.21531500,-75.58449167,2.00,1495.483,24.017,0.000,,18,46,,
T,2023-05-10 12:32:50,6.21531500,-75.58449167,2.00,1495.483,24.017,0.000,,19,46,,
T,2023-05-10 12:32:51,6.21531500,-75.58449167,2.00,1495.483,24.017,0.000,,18,46,,
T,2023-05-10 12:32:52,6.21531500,-75.58449167,2.00,1495.483,24.017,0.000,,19,46,,
T,2023-05-10 12:32:53,6.21531500,-75.58449167,2.00,1495.483,24.017,0.000,,19,46,,
T,2023-05-10 12:32:54,6.21531500,-75.58449167,2.00,1495.483,24.017,0.000,,20,46,,
T,2023-05-10 12:32:55,6.21531500,-75.58449167,2.00,1495.483,24.017,0.000,,20,46,,
T,2023-05-10 12:32:56,6.21531500,-75.58449167,2.00,1495.483,24.017,0.000,,21,46,,
T,2023-05-10 12:32:57,6.21531500,-75.58449167,2.10,1495.483,24.017,0.000,,21,46,,
T,2023-05-10 12:32:58,6.21531500,-75.58449167,2.00,1495.483,24.017,0.000,,21,46,,
T,2023-05-10 12:32:59,6.21531500,-75.58449167,2.00,1495.483,24.017,0.000,,21,46,,
T,2023-05-10 12:33:00,6.21531500,-75.58449167,2.10,1495.483,24.017,0.000,,21,46,,
T,2023-05-10 12:33:01,6.21531500,-75.58449167,2.10,1495.483,24.017,0.000,,21,46,,
T,2023-05-10 12:33:02,6.21531500,-75.58449167,2.10,1495.483,24.017,0.000,,21,46,,
T,2023-05-10 12:33:03,6.21531500,-75.58449167,2.10,1495.483,24.017,0.000,,22,46,,
T,2023-05-10 12:33:04,6.21531500,-75.58449167,2.10,1495.483,24.017,0.000,,22,46,,
T,2023-05-10 12:33:05,6.21531500,-75.58449167,2.10,1495.483,24.017,0.000,,23,46,,
T,2023-05-10 12:33:06,6.21532500,-75.58448167,2.30,1498.183,24.017,4.204,37,22,46,,
T,2023-05-10 12:33:07,6.21536333,-75.58445333,2.20,1498.383,24.017,4.810,39,22,46,,
T,2023-05-10 12:33:08,6.21540500,-75.58442000,2.40,1498.284,24.016,5.421,38,23,46,,
T,2023-05-10 12:33:09,6.21545667,-75.58439667,2.50,1498.384,24.016,5.519,32,22,46,,
T,2023-05-10 12:33:10,6.21549667,-75.58437167,2.40,1497.984,24.016,5.267,34,22,46,,
T,2023-05-10 12:33:11,6.21554167,-75.58434667,2.40,1497.384,24.016,4.901,34,22,46,,
T,2023-05-10 12:33:12,6.21558833,-75.58432333,2.40,1496.885,24.015,4.973,35,22,46,,
T,2023-05-10 12:33:13,6.21564000,-75.58430333,2.50,1496.585,24.015,5.680,31,21,46,,
T,2023-05-10 12:33:14,6.21571000,-75.58428500,2.40,1496.285,24.015,6.526,26,22,46,,
T,2023-05-10 12:33:15,6.21577167,-75.58425833,2.40,1495.785,24.015,6.715,29,22,46,,
T,2023-05-10 12:33:16,6.21583500,-75.58422500,2.30,1495.186,24.014,5.757,25,21,46,,
T,2023-05-10 12:33:17,6.21589000,-75.58420167,2.30,1494.286,24.014,6.018,24,20,46,,
T,2023-05-10 12:33:18,6.21595000,-75.58417500,2.40,1494.086,24.014,6.135,25,20,46,,
T,2023-05-10 12:33:19,6.21600167,-75.58415667,2.60,1493.686,24.014,6.176,22,20,46,,
T,2023-05-10 12:33:20,6.21603667,-75.58413833,2.50,1493.386,24.014,6.061,24,20,46,,
T,2023-05-10 12:33:21,6.21605667,-75.58412167,2.50,1493.486,24.014,2.828,28,21,46,,
T,2023-05-10 12:33:22,6.21607333,-75.58411167,2.50,1493.687,24.013,2.571,29,22,46,,
T,2023-05-10 12:33:23,6.21607833,-75.58409833,2.40,1493.487,24.013,1.806,39,23,46,,
T,2023-05-10 12:33:24,6.21608667,-75.58408500,2.30,1493.687,24.013,1.207,45,23,46,,
T,2023-05-10 12:33:25,6.21609167,-75.58408000,2.20,1493.587,24.013,0.932,44,23,46,,
T,2023-05-10 12:33:26,6.21609333,-75.58407667,2.10,1493.487,24.013,0.678,72,23,46,,
T,2023-05-10 12:33:27,6.21609167,-75.58406667,2.10,1493.587,24.013,1.008,97,23,46,,
T,2023-05-10 12:33:28,6.21608167,-75.58404167,2.20,1493.487,24.013,2.044,95,22,46,,
T,2023-05-10 12:33:29,6.21605167,-75.58399000,2.20,1493.587,24.013,4.985,114,22,46,,
T,2023-05-10 12:33:30,6.21601833,-75.58393333,2.30,1493.587,24.013,6.107,117,23,46,,
T,2023-05-10 12:33:31,6.21598167,-75.58386833,2.30,1493.588,24.012,7.133,117,24,46,,
T,2023-05-10 12:33:32,6.21594167,-75.58379667,2.30,1493.488,24.012,8.128,116,22,46,,
T,2023-05-10 12:33:33,6.21590833,-75.58372333,2.30,1493.588,24.012,8.397,115,21,46,,
T,2023-05-10 12:33:34,6.21587333,-75.58365167,2.20,1493.789,24.011,8.042,117,20,46,,
T,2023-05-10 12:33:35,6.21583333,-75.58358500,2.20,1493.589,24.011,7.732,117,20,46,,
T,2023-05-10 12:33:36,6.21579000,-75.58351667,2.30,1494.789,24.011,8.071,118,21,46,,
T,2023-05-10 12:33:37,6.21575333,-75.58345000,2.50,1494.889,24.011,7.844,116,20,46,,
T,2023-05-10 12:33:38,6.21572667,-75.58338500,2.30,1494.890,24.010,7.597,116,21,46,,
T,2023-05-10 12:33:39,6.21569333,-75.58332667,2.20,1494.990,24.010,6.984,119,21,46,,
T,2023-05-10 12:33:40,6.21566500,-75.58326833,2.10,1494.990,24.010,6.969,116,22,46,,
T,2023-05-10 12:33:41,6.21563500,-75.58321333,2.10,1494.690,24.010,6.955,116,22,46,,
T,2023-05-10 12:33:42,6.21560500,-75.58315667,2.10,1494.791,24.009,7.078,117,23,46,,
T,2023-05-10 12:33:43,6.21557500,-75.58310333,2.10,1494.991,24.009,6.739,119,23,46,,
T,2023-05-10 12:33:44,6.21554500,-75.58305000,2.10,1495.091,24.009,6.623,120,24,46,,
T,2023-05-10 12:33:45,6.21551167,-75.58299667,2.10,1494.691,24.009,6.786,120,23,46,,
T,2023-05-10 12:33:46,6.21547833,-75.58293667,2.10,1494.492,24.008,7.299,116,22,46,,
T,2023-05-10 12:33:47,6.21544333,-75.58288000,2.00,1494.092,24.008,7.198,119,21,46,,
T,2023-05-10 12:33:48,6.21540667,-75.58282333,2.00,1493.692,24.008,7.214,120,22,46,,
T,2023-05-10 12:33:49,6.21537667,-75.58276500,2.30,1493.792,24.008,6.933,121,22,46,,
T,2023-05-10 12:33:50,6.21535000,-75.58270667,2.20,1493.692,24.008,7.173,115,21,46,,
T,2023-05-10 12:33:51,6.21532167,-75.58265167,2.30,1493.693,24.007,6.936,120,22,46,,
T,2023-05-10 12:33:52,6.21529833,-75.58260000,2.10,1493.793,24.007,6.295,117,22,46,,
T,2023-05-10 12:33:53,6.21527500,-75.58254833,2.20,1493.993,24.007,6.006,119,22,46,,
T,2023-05-10 12:33:54,6.21525000,-75.58250000,2.10,1493.293,24.007,5.901,118,23,46,,
T,2023-05-10 12:33:55,6.21522500,-75.58245667,2.20,1492.994,24.006,5.728,115,24,46,,
T,2023-05-10 12:33:56,6.21520000,-75.58240667,2.10,1492.794,24.006,5.951,116,24,46,,
T,2023-05-10 12:33:57,6.21517500,-75.58235500,2.10,1492.894,24.006,6.424,115,24,46,,
T,2023-05-10 12:33:58,6.21515333,-75.58231000,2.20,1493.794,24.006,5.471,120,24,46,,
T,2023-05-10 12:33:59,6.21512500,-75.58227500,2.30,1494.094,24.006,5.109,123,24,46,,
T,2023-05-10 12:34:00,6.21510000,-75.58224333,2.20,1494.194,24.006,4.941,126,24,46,,
T,2023-05-10 12:34:01,6.21507167,-75.58220833,2.20,1494.095,24.005,5.088,131,23,46,,
T,2023-05-10 12:34:02,6.21503833,-75.58217333,2.20,1494.095,24.005,5.496,141,21,46,,
T,2023-05-10 12:34:03,6.21499500,-75.58214333,2.10,1494.795,24.005,5.769,151,21,46,,
T,2023-05-10 12:34:04,6.21495333,-75.58211667,2.30,1495.095,24.005,5.989,151,21,46,,
T,2023-05-10 12:34:05,6.21491667,-75.58208833,2.30,1495.095,24.005,5.146,149,20,46,,
T,2023-05-10 12:34:06,6.21487833,-75.58206667,2.20,1495.095,24.005,4.747,155,20,46,,
T,2023-05-10 12:34:07,6.21482833,-75.58205167,2.20,1495.395,24.005,4.715,156,21,46,,
T,2023-05-10 12:34:08,6.21478333,-75.58203500,2.20,1495.595,24.005,4.603,156,22,46,,
T,2023-05-10 12:34:09,6.21474500,-75.58201333,2.20,1496.295,24.005,4.571,152,23,46,,
T,2023-05-10 12:34:10,6.21471833,-75.58200000,2.20,1496.595,24.005,3.683,150,23,46,,
T,2023-05-10 12:34:11,6.21469500,-75.58198500,2.30,1497.095,24.005,3.360,148,21,46,,
T,2023-05-10 12:34:12,6.21466833,-75.58197167,2.30,1497.195,24.005,3.353,143,21,46,,
T,2023-05-10 12:34:13,6.21464333,-75.58194667,2.40,1497.495,24.005,3.692,132,22,45,,
T,2023-05-10 12:34:14,6.21462167,-75.58191333,2.40,1497.595,24.005,4.165,127,22,45,,
T,2023-05-10 12:34:15,6.21460833,-75.58187500,2.40,1498.295,24.005,3.173,116,21,46,,
T,2023-05-10 12:34:16,6.21460333,-75.58185000,2.30,1497.495,24.005,2.914,101,20,46,,
T,2023-05-10 12:34:17,6.21460167,-75.58181500,2.40,1496.096,24.004,3.397,89,21,46,,
T,2023-05-10 12:34:18,6.21459667,-75.58176167,2.40,1495.096,24.004,4.730,90,22,46,,
T,2023-05-10 12:34:19,6.21459167,-75.58170500,2.30,1494.796,24.004,5.397,82,23,46,,
T,2023-05-10 12:34:20,6.21459833,-75.58165500,2.10,1494.196,24.004,5.406,75,25,46,,
T,2023-05-10 12:34:21,6.21461500,-75.58160333,2.00,1493.597,24.003,5.651,67,25,46,,
T,2023-05-10 12:34:22,6.21464000,-75.58155000,2.00,1493.497,24.003,5.659,61,24,46,,
T,2023-05-10 12:34:23,6.21466167,-75.58150500,2.00,1493.197,24.003,4.859,60,24,46,,
T,2023-05-10 12:34:24,6.21468167,-75.58147000,2.10,1493.598,24.002,3.492,60,24,46,,
T,2023-05-10 12:34:25,6.21469167,-75.58144833,2.10,1493.898,24.002,2.209,53,24,46,,
T,2023-05-10 12:34:26,6.21470333,-75.58143167,1.90,1493.798,24.002,1.927,38,25,46,,
T,2023-05-10 12:34:27,6.21470833,-75.58141833,1.90,1493.598,24.002,1.470,38,25,46,,
T,2023-05-10 12:34:28,6.21471333,-75.58141167,1.90,1493.398,24.002,1.216,38,25,46,,
T,2023-05-10 12:34:29,6.21472333,-75.58140667,1.80,1493.598,24.002,0.000,,25,46,,
T,2023-05-10 12:34:30,6.21473000,-75.58140500,1.80,1493.698,24.002,0.000,,25,46,,
T,2023-05-10 12:34:31,6.21473500,-75.58140333,1.70,1493.498,24.002,0.000,,25,46,,
T,2023-05-10 12:34:32,6.21473500,-75.58140333,1.70,1493.498,24.002,0.000,,24,46,,
T,2023-05-10 12:34:33,6.21473500,-75.58140333,1.80,1493.498,24.002,0.000,,25,46,,
T,2023-05-10 12:34:34,6.21473500,-75.58140333,1.80,1493.498,24.002,0.000,,24,46,,
T,2023-05-10 12:34:35,6.21473500,-75.58140333,1.90,1493.498,24.002,0.000,,24,46,,
T,2023-05-10 12:34:36,6.21473500,-75.58140333,1.10,1493.498,24.002,0.000,,24,46,,
T,2023-05-10 12:34:37,6.21473500,-75.58140333,1.00,1493.498,24.002,0.000,,24,46,,
T,2023-05-10 12:34:38,6.21473500,-75.58140333,1.00,1493.498,24.002,0.000,,24,46,,
T,2023-05-10 12:34:39,6.21473500,-75.58140333,1.00,1493.498,24.002,0.000,,24,46,,
T,2023-05-10 12:34:40,6.21473500,-75.58140333,1.00,1493.498,24.002,0.000,,23,46,,
T,2023-05-10 12:34:41,6.21473500,-75.58140333,1.00,1493.498,24.002,0.000,,24,46,,
T,2023-05-10 12:34:42,6.21473500,-75.58140333,1.00,1493.498,24.002,0.000,,23,46,,
T,2023-05-10 12:34:43,6.21473500,-75.58140333,1.00,1493.498,24.002,0.000,,24,46,,
T,2023-05-10 12:34:44,6.21473500,-75.58140333,1.00,1493.498,24.002,0.000,,23,46,,
T,2023-05-10 12:34:45,6.21473500,-75.58140333,1.00,1493.498,24.002,0.000,,24,46,,
T,2023-05-10 12:34:46,6.21473500,-75.58140333,1.00,1493.498,24.002,0.000,,24,46,,
T,2023-05-10 12:34:47,6.21473500,-75.58140333,1.00,1493.498,24.002,0.000,,24,46,,
T,2023-05-10 12:34:48,6.21473500,-75.58140333,1.00,1493.498,24.002,0.000,,24,46,,
T,2023-05-10 12:34:49,6.21473500,-75.58140333,1.00,1493.498,24.002,0.000,,24,46,,
T,2023-05-10 12:34:50,6.21473500,-75.58140333,1.00,1493.498,24.002,0.000,,24,46,,
T,2023-05-10 12:34:51,6.21473500,-75.58140333,1.00,1493.498,24.002,0.000,,24,46,,
T,2023-05-10 12:34:52,6.21473500,-75.58140333,1.00,1493.498,24.002,0.000,,24,46,,
T,2023-05-10 12:34:53,6.21473500,-75.58140333,1.00,1493.498,24.002,0.000,,24,46,,
T,2023-05-10 12:34:54,6.21473500,-75.58140333,1.00,1493.498,24.002,0.000,,24,46,,
T,2023-05-10 12:34:55,6.21473500,-75.58140333,1.00,1493.498,24.002,0.000,,24,46,,
T,2023-05-10 12:34:56,6.21473500,-75.58140333,1.00,1493.498,24.002,0.000,,24,46,,
T,2023-05-10 12:34:57,6.21473500,-75.58140333,1.00,1493.498,24.002,0.000,,24,46,,
T,2023-05-10 12:34:58,6.21473500,-75.58140333,1.00,1493.498,24.002,0.000,,25,46,,
T,2023-05-10 12:34:59,6.21473500,-75.58140333,1.00,1493.498,24.002,0.000,,25,46,,
T,2023-05-10 12:35:00,6.21473500,-75.58140333,1.00,1493.498,24.002,0.000,,25,46,,
T,2023-05-10 12:35:01,6.21473500,-75.58140333,1.00,1493.498,24.002,0.000,,25,46,,
T,2023-05-10 12:35:02,6.21473500,-75.58140333,1.00,1493.498,24.002,0.000,,25,46,,
T,2023-05-10 12:35:03,6.21473500,-75.58140333,1.00,1493.498,24.002,0.000,,25,46,,
T,2023-05-10 12:35:04,6.21473500,-75.58140333,1.00,1493.498,24.002,0.000,,25,46,,
T,2023-05-10 12:35:05,6.21473500,-75.58140333,1.00,1493.498,24.002,0.000,,25,46,,
T,2023-05-10 12:35:06,6.21473500,-75.58140333,1.00,1493.498,24.002,0.000,,25,46,,
T,2023-05-10 12:35:07,6.21474000,-75.58139833,1.00,1493.598,24.002,3.492,14,25,46,,
T,2023-05-10 12:35:08,6.21478333,-75.58139333,1.60,1493.598,24.002,4.877,5,24,46,,
T,2023-05-10 12:35:09,6.21484333,-75.58139333,1.90,1493.598,24.002,6.277,357,23,46,,
T,2023-05-10 12:35:10,6.21491833,-75.58139333,2.10,1493.598,24.002,7.389,0,25,46,,
T,2023-05-10 12:35:11,6.21500333,-75.58138667,2.20,1493.399,24.001,8.050,6,26,46,,
T,2023-05-10 12:35:12,6.21508000,-75.58137000,2.30,1492.499,24.001,8.332,9,26,46,,
T,2023-05-10 12:35:13,6.21515500,-75.58135333,2.10,1492.299,24.001,8.300,17,25,46,,
T,2023-05-10 12:35:14,6.21523333,-75.58132167,2.30,1492.599,24.001,9.345,24,24,46,,
T,2023-05-10 12:35:15,6.21531167,-75.58128333,2.40,1492.400,24.000,9.801,29,25,46,,
T,2023-05-10 12:35:16,6.21540000,-75.58123667,2.20,1492.100,24.000,10.499,27,25,46,,
T,2023-05-10 12:35:17,6.21549167,-75.58119167,2.40,1491.901,23.999,10.788,24,25,46,,
T,2023-05-10 12:35:18,6.21558833,-75.58115500,2.30,1491.801,23.999,10.942,17,25,46,,
T,2023-05-10 12:35:19,6.21568833,-75.58112167,2.50,1491.301,23.999,11.254,16,24,46,,
T,2023-05-10 12:35:20,6.21579333,-75.58108833,2.40,1490.402,23.998,11.279,15,24,46,,
T,2023-05-10 12:35:21,6.21589667,-75.58105167,2.40,1489.602,23.998,11.243,16,24,46,,
T,2023-05-10 12:35:22,6.21599667,-75.58102167,2.20,1488.303,23.997,11.044,14,24,46,,
T,2023-05-10 12:35:23,6.21609667,-75.58099500,2.30,1487.403,23.997,11.005,14,25,46,,
T,2023-05-10 12:35:24,6.21619500,-75.58097000,2.30,1486.403,23.997,11.126,12,25,46,,
T,2023-05-10 12:35:25,6.21629000,-75.58095500,2.20,1486.003,23.997,11.450,13,25,46,,
T,2023-05-10 12:35:26,6.21639500,-75.58093167,2.20,1486.004,23.996,11.349,14,25,46,,
T,2023-05-10 12:35:27,6.21649500,-75.58090167,2.30,1485.404,23.996,11.140,13,25,46,,
T,2023-05-10 12:35:28,6.21659667,-75.58087333,2.30,1484.904,23.996,11.168,13,24,46,,
T,2023-05-10 12:35:29,6.21668833,-75.58085167,2.20,1483.505,23.995,11.023,13,24,46,,
T,2023-05-10 12:35:30,6.21678833,-75.58082167,2.20,1482.505,23.995,11.129,13,24,46,,
T,2023-05-10 12:35:31,6.21688333,-75.58079333,2.20,1482.405,23.995,10.962,15,24,46,,
T,2023-05-10 12:35:32,6.21697833,-75.58077667,2.20,1482.406,23.994,10.726,15,23,46,,
T,2023-05-10 12:35:33,6.21706833,-75.58075833,2.20,1482.306,23.994,10.487,16,22,46,,
T,2023-05-10 12:35:34,6.21715333,-75.58074167,2.20,1481.806,23.994,9.744,14,22,46,,
T,2023-05-10 12:35:35,6.21723333,-75.58071500,2.20,1482.607,23.993,8.449,15,24,46,,
T,2023-05-10 12:35:36,6.21730333,-75.58069500,2.20,1483.507,23.993,7.348,14,24,46,,
T,2023-05-10 12:35:37,6.21736000,-75.58068667,2.10,1484.007,23.993,6.142,13,25,46,,
T,2023-05-10 12:35:38,6.21740333,-75.58068000,2.10,1484.607,23.993,4.636,15,25,46,,
T,2023-05-10 12:35:39,6.21743333,-75.58067167,2.10,1485.507,23.993,3.485,17,24,46,,
T,2023-05-10 12:35:40,6.21745167,-75.58066333,2.00,1486.207,23.993,2.459,14,24,46,,
T,2023-05-10 12:35:41,6.21746500,-75.58066000,1.90,1486.907,23.993,1.495,14,24,46,,
T,2023-05-10 12:35:42,6.21747000,-75.58065667,1.90,1487.007,23.993,0.000,,24,46,,
T,2023-05-10 12:35:43,6.21747000,-75.58066167,1.80,1487.207,23.993,0.000,,24,46,,
T,2023-05-10 12:35:44,6.21746667,-75.58066167,1.80,1487.107,23.993,0.000,,26,46,,
T,2023-05-10 12:35:45,6.21746667,-75.58066167,1.70,1487.107,23.993,0.000,,26,46,,
T,2023-05-10 12:35:46,6.21746667,-75.58066167,1.70,1487.107,23.993,0.000,,26,46,,
T,2023-05-10 12:35:47,6.21746667,-75.58066167,1.60,1487.107,23.993,0.000,,26,46,,
T,2023-05-10 12:35:48,6.21746667,-75.58066167,1.10,1487.107,23.993,0.000,,26,46,,
T,2023-05-10 12:35:49,6.21746667,-75.58066167,1.00,1487.107,23.993,0.000,,25,46,,
T,2023-05-10 12:35:50,6.21746667,-75.58066167,1.00,1487.107,23.993,0.000,,25,46,,
T,2023-05-10 12:35:51,6.21746667,-75.58066167,1.00,1487.107,23.993,0.000,,26,46,,
T,2023-05-10 12:35:52,6.21746667,-75.58066167,1.00,1487.107,23.993,0.000,,26,46,,
T,2023-05-10 12:35:53,6.21746667,-75.58066167,1.00,1487.107,23.993,0.000,,26,46,,
T,2023-05-10 12:35:54,6.21746667,-75.58066167,1.00,1487.107,23.993,0.000,,26,46,,
T,2023-05-10 12:35:55,6.21746667,-75.58066167,1.00,1487.107,23.993,0.000,,27,46,,
T,2023-05-10 12:35:56,6.21746667,-75.58066167,1.00,1487.107,23.993,0.000,,26,46,,
T,2023-05-10 12:35:57,6.21746667,-75.58066167,1.00,1487.107,23.993,0.000,,26,46,,
T,2023-05-10 12:35:58,6.21746667,-75.58066167,1.00,1487.107,23.993,0.000,,26,46,,
T,2023-05-10 12:35:59,6.21746667,-75.58066167,1.00,1487.107,23.993,0.000,,26,46,,
T,2023-05-10 12:36:00,6.21746667,-75.58066167,1.00,1487.107,23.993,0.000,,27,46,,
T,2023-05-10 12:36:01,6.21746667,-75.58066167,1.00,1487.107,23.993,0.000,,26,46,,
T,2023-05-10 12:36:02,6.21746667,-75.58066167,1.00,1487.107,23.993,0.000,,26,46,,
T,2023-05-10 12:36:03,6.21746667,-75.58066167,1.00,1487.107,23.993,0.000,,27,46,,
T,2023-05-10 12:36:04,6.21746667,-75.58066167,1.00,1487.107,23.993,0.000,,25,46,,
T,2023-05-10 12:36:05,6.21746667,-75.58066167,1.00,1487.107,23.993,0.000,,25,46,,
T,2023-05-10 12:36:06,6.21746667,-75.58066167,1.00,1487.107,23.993,0.000,,26,46,,
T,2023-05-10 12:36:07,6.21746667,-75.58066167,1.00,1487.107,23.993,0.000,,27,46,,
T,2023-05-10 12:36:08,6.21746667,-75.58066167,1.00,1487.107,23.993,0.000,,27,46,,
T,2023-05-10 12:36:09,6.21746667,-75.58066167,1.00,1487.107,23.993,0.000,,27,46,,
T,2023-05-10 12:36:10,6.21746667,-75.58066167,1.00,1487.107,23.993,0.000,,27,46,,
T,2023-05-10 12:36:11,6.21746667,-75.58066167,1.00,1487.107,23.993,0.000,,27,46,,
T,2023-05-10 12:36:12,6.21746667,-75.58066167,1.00,1487.107,23.993,0.000,,27,46,,
T,2023-05-10 12:36:13,6.21746667,-75.58066167,1.00,1487.107,23.993,0.000,,27,46,,
T,2023-05-10 12:36:14,6.21746667,-75.58066167,1.00,1487.107,23.993,0.000,,27,46,,
T,2023-05-10 12:36:15,6.21747667,-75.58067333,1.10,1487.407,23.993,3.666,17,27,46,,
T,2023-05-10 12:36:16,6.21752333,-75.58066333,1.70,1487.907,23.993,5.238,10,27,46,,
T,2023-05-10 12:36:17,6.21758833,-75.58065000,1.90,1488.608,23.992,6.857,10,26,46,,
T,2023-05-10 12:36:18,6.21766333,-75.58064000,2.00,1488.908,23.992,7.297,12,26,46,,
T,2023-05-10 12:36:19,6.21774000,-75.58062833,2.10,1489.308,23.992,8.172,11,26,46,,
T,2023-05-10 12:36:20,6.21782167,-75.58061167,2.10,1489.808,23.992,8.930,12,25,46,,
T,2023-05-10 12:36:21,6.21790833,-75.58058667,2.10,1489.609,23.991,9.523,14,25,46,,
T,2023-05-10 12:36:22,6.21799333,-75.58056667,2.20,1489.409,23.991,9.678,13,25,46,,
T,2023-05-10 12:36:23,6.21808333,-75.58054667,2.20,1488.709,23.991,9.774,14,24,46,,
T,2023-05-10 12:36:24,6.21817000,-75.58053000,2.20,1487.809,23.991,10.179,13,24,46,,
T,2023-05-10 12:36:25,6.21826167,-75.58050833,2.20,1486.810,23.990,10.543,13,24,46,,
T,2023-05-10 12:36:26,6.21835833,-75.58048500,2.30,1487.010,23.990,10.638,13,24,46,,
T,2023-05-10 12:36:27,6.21845333,-75.58046500,2.30,1486.410,23.990,10.744,13,24,46,,
T,2023-05-10 12:36:28,6.21855000,-75.58044167,2.30,1486.211,23.989,11.147,14,24,46,,
T,2023-05-10 12:36:29,6.21865167,-75.58041667,2.30,1486.511,23.989,11.403,14,24,46,,
T,2023-05-10 12:36:30,6.21875167,-75.58039333,2.30,1486.311,23.989,11.439,11,24,46,,
T,2023-05-10 12:36:31,6.21885833,-75.58037000,2.30,1486.111,23.989,11.297,13,25,46,,
T,2023-05-10 12:36:32,6.21896833,-75.58034167,2.30,1486.212,23.988,11.815,13,25,46,,
T,2023-05-10 12:36:33,6.21907667,-75.58031333,2.30,1486.612,23.988,12.188,12,25,46,,
T,2023-05-10 12:36:34,6.21917833,-75.58029000,2.40,1487.113,23.987,11.867,12,24,46,,
T,2023-05-10 12:36:35,6.21928167,-75.58026333,2.30,1486.413,23.987,11.359,12,25,46,,
T,2023-05-10 12:36:36,6.21938000,-75.58024333,2.10,1486.113,23.987,11.207,12,25,46,,
T,2023-05-10 12:36:37,6.21947333,-75.58021333,2.20,1485.513,23.987,11.115,13,25,46,,
T,2023-05-10 12:36:38,6.21957000,-75.58018833,2.10,1484.914,23.986,10.989,14,25,46,,
T,2023-05-10 12:36:39,6.21967000,-75.58016167,2.20,1485.314,23.986,10.859,13,25,46,,
T,2023-05-10 12:36:40,6.21976667,-75.58013333,2.20,1485.014,23.986,10.995,12,25,46,,
T,2023-05-10 12:36:41,6.21986000,-75.58011167,2.10,1484.915,23.985,11.012,14,25,46,,
T,2023-05-10 12:36:42,6.21996167,-75.58008833,2.20,1484.615,23.985,11.171,11,25,46,,
T,2023-05-10 12:36:43,6.22006000,-75.58006667,2.30,1484.315,23.985,11.133,13,24,46,,
T,2023-05-10 12:36:44,6.22016000,-75.58005000,2.10,1484.116,23.984,11.012,12,25,46,,
T,2023-05-10 12:36:45,6.22026000,-75.58003167,2.20,1484.016,23.984,11.026,12,26,46,,
T,2023-05-10 12:36:46,6.22035667,-75.58001167,2.20,1484.016,23.984,10.922,12,26,46,,
T,2023-05-10 12:36:47,6.22044667,-75.57999333,2.30,1483.017,23.983,10.904,12,26,46,,
T,2023-05-10 12:36:48,6.22054167,-75.57996667,2.30,1483.517,23.983,10.878,13,26,46,,
T,2023-05-10 12:36:49,6.22063500,-75.57994500,2.30,1483.217,23.983,10.876,13,26,46,,
T,2023-05-10 12:36:50,6.22072833,-75.57991500,2.10,1483.217,23.983,10.914,13,26,46,,
T,2023-05-10 12:36:51,6.22082667,-75.57988667,2.30,1483.318,23.982,10.823,13,26,46,,
T,2023-05-10 12:36:52,6.22092333,-75.57986333,2.10,1483.218,23.982,10.845,16,25,46,,
T,2023-05-10 12:36:53,6.22102333,-75.57984000,2.10,1483.118,23.982,11.137,13,25,46,,
T,2023-05-10 12:36:54,6.22111833,-75.57981500,2.30,1483.419,23.981,11.017,12,26,46,,
T,2023-05-10 12:36:55,6.22120667,-75.57980333,2.30,1483.919,23.981,10.796,13,26,46,,
T,2023-05-10 12:36:56,6.22130500,-75.57977500,2.10,1484.119,23.981,10.777,13,26,46,,
T,2023-05-10 12:36:57,6.22139667,-75.57975500,2.20,1483.320,23.980,11.011,15,25,46,,
T,2023-05-10 12:36:58,6.22149833,-75.57973833,2.00,1483.520,23.980,11.165,13,25,46,,
T,2023-05-10 12:36:59,6.22160333,-75.57971833,2.10,1483.420,23.980,11.424,14,24,46,,
T,2023-05-10 12:37:00,6.22170500,-75.57969667,2.20,1482.221,23.979,11.425,16,23,46,,
T,2023-05-10 12:37:01,6.22180167,-75.57966833,2.00,1481.921,23.979,11.183,17,26,46,,
T,2023-05-10 12:37:02,6.22189667,-75.57963667,1.90,1482.321,23.979,11.154,20,26,46,,
T,2023-05-10 12:37:03,6.22199000,-75.57960167,2.10,1482.422,23.978,11.043,20,26,46,,
T,2023-05-10 12:37:04,6.22208333,-75.57956333,1.90,1482.922,23.978,10.803,20,26,46,,
T,2023-05-10 12:37:05,6.22217833,-75.57953167,2.10,1483.022,23.978,9.942,20,25,46,,
T,2023-05-10 12:37:06,6.22225500,-75.57949500,2.20,1483.623,23.977,8.385,23,25,46,,
T,2023-05-10 12:37:07,6.22231667,-75.57947167,2.20,1483.823,23.977,6.617,24,25,46,,
T,2023-05-10 12:37:08,6.22235667,-75.57945167,2.20,1483.823,23.977,5.102,25,25,46,,
T,2023-05-10 12:37:09,6.22239667,-75.57943500,2.10,1484.323,23.977,5.885,23,25,46,,
T,2023-05-10 12:37:10,6.22244833,-75.57941500,2.10,1484.623,23.977,7.211,21,24,46,,
T,2023-05-10 12:37:11,6.22250833,-75.57939167,1.90,1484.724,23.976,7.825,21,24,46,,
T,2023-05-10 12:37:12,6.22257833,-75.57936500,1.90,1484.424,23.976,8.521,20,25,46,,
T,2023-05-10 12:37:13,6.22265167,-75.57933667,1.80,1484.324,23.976,9.048,19,25,46,,
T,2023-05-10 12:37:14,6.22273167,-75.57930833,1.80,1483.725,23.975,9.368,20,25,46,,
T,2023-05-10 12:37:15,6.22281333,-75.57927667,1.80,1483.425,23.975,9.534,21,25,46,,
T,2023-05-10 12:37:16,6.22289667,-75.57924167,1.80,1483.325,23.975,9.804,22,25,46,,
T,2023-05-10 12:37:17,6.22298167,-75.57921000,1.80,1483.426,23.974,10.141,21,25,46,,
T,2023-05-10 12:37:18,6.22307500,-75.57917833,2.10,1483.626,23.974,10.502,20,25,46,,
T,2023-05-10 12:37:19,6.22316500,-75.57914500,2.00,1483.626,23.974,10.034,21,25,46,,
T,2023-05-10 12:37:20,6.22324833,-75.57910833,2.00,1483.327,23.973,9.765,20,25,46,,
T,2023-05-10 12:37:21,6.22333333,-75.57907500,2.20,1483.027,23.973,10.024,21,24,46,,
T,2023-05-10 12:37:22,6.22342333,-75.57904500,2.20,1482.427,23.973,10.141,20,23,46,,
T,2023-05-10 12:37:23,6.22351000,-75.57901000,2.20,1481.328,23.972,10.330,21,24,46,,
T,2023-05-10 12:37:24,6.22360167,-75.57897000,2.30,1481.328,23.972,10.441,20,26,46,,
T,2023-05-10 12:37:25,6.22369333,-75.57893833,2.40,1480.928,23.972,10.285,20,26,46,,
T,2023-05-10 12:37:26,6.22378500,-75.57890833,2.30,1481.029,23.971,10.675,18,25,46,,
T,2023-05-10 12:37:27,6.22386833,-75.57887833,2.30,1480.729,23.971,10.688,18,25,46,,
T,2023-05-10 12:37:28,6.22396167,-75.57884833,2.20,1480.329,23.971,10.700,19,24,46,,
T,2023-05-10 12:37:29,6.22405167,-75.57881667,2.40,1480.130,23.970,11.011,19,25,46,,
T,2023-05-10 12:37:30,6.22414667,-75.57878667,2.20,1479.730,23.970,11.351,21,26,46,,
T,2023-05-10 12:37:31,6.22423667,-75.57875167,2.40,1479.330,23.970,11.082,23,26,46,,
T,2023-05-10 12:37:32,6.22432833,-75.57872000,2.40,1478.731,23.969,11.183,22,26,46,,
T,2023-05-10 12:37:33,6.22442000,-75.57868167,2.50,1479.831,23.969,11.347,24,26,46,,
T,2023-05-10 12:37:34,6.22451167,-75.57865333,2.50,1480.131,23.969,11.641,20,26,46,,
T,2023-05-10 12:37:35,6.22460833,-75.57861500,2.30,1480.232,23.968,10.859,19,26,46,,
T,2023-05-10 12:37:36,6.22469833,-75.57857667,2.20,1480.032,23.968,10.745,19,26,46,,
T,2023-05-10 12:37:37,6.22478500,-75.57853500,2.10,1479.133,23.967,10.979,20,26,46,,
T,2023-05-10 12:37:38,6.22487667,-75.57850167,2.00,1478.633,23.967,10.969,21,26,46,,
T,2023-05-10 12:37:39,6.22496500,-75.57846500,1.90,1478.133,23.967,10.651,21,26,46,,
T,2023-05-10 12:37:40,6.22505167,-75.57842667,1.80,1477.834,23.966,10.125,24,26,46,,
T,2023-05-10 12:37:41,6.22514167,-75.57839000,2.10,1478.334,23.966,9.577,22,26,46,,
T,2023-05-10 12:37:42,6.22522500,-75.57836167,2.10,1478.734,23.966,9.078,19,26,46,,
T,2023-05-10 12:37:43,6.22530000,-75.57833500,2.10,1478.935,23.965,8.455,19,25,46,,
T,2023-05-10 12:37:44,6.22537000,-75.57831000,2.20,1478.935,23.965,7.732,19,25,46,,
T,2023-05-10 12:37:45,6.22543000,-75.57829000,2.10,1478.735,23.965,7.297,20,24,46,,
T,2023-05-10 12:37:46,6.22548667,-75.57827000,2.20,1478.535,23.965,6.244,22,23,46,,
T,2023-05-10 12:37:47,6.22553500,-75.57824667,2.20,1478.636,23.964,4.974,23,24,46,,
T,2023-05-10 12:37:48,6.22557000,-75.57823667,2.10,1479.036,23.964,3.917,22,24,46,,
T,2023-05-10 12:37:49,6.22559833,-75.57822667,2.00,1480.136,23.964,2.918,18,26,46,,
T,2023-05-10 12:37:50,6.22561667,-75.57822000,2.00,1480.536,23.964,1.579,19,26,46,,
T,2023-05-10 12:37:51,6.22561667,-75.57821833,2.00,1480.736,23.964,0.000,,26,46,,
T,2023-05-10 12:37:52,6.22562000,-75.57822167,2.00,1480.836,23.964,0.000,,26,46,,
T,2023-05-10 12:37:53,6.22562167,-75.57822333,2.10,1480.836,23.964,0.000,,26,46,,
T,2023-05-10 12:37:54,6.22562167,-75.57822333,2.10,1480.836,23.964,0.000,,26,46,,
T,2023-05-10 12:37:55,6.22562167,-75.57822333,2.10,1480.836,23.964,0.000,,25,46,,
T,2023-05-10 12:37:56,6.22562167,-75.57822333,1.20,1480.836,23.964,0.000,,25,46,,
T,2023-05-10 12:37:57,6.22562167,-75.57822333,1.10,1480.836,23.964,0.000,,26,46,,
T,2023-05-10 12:37:58,6.22562167,-75.57822333,1.00,1480.836,23.964,0.000,,26,46,,
T,2023-05-10 12:37:59,6.22562167,-75.57822333,1.00,1480.836,23.964,0.000,,26,46,,
T,2023-05-10 12:38:00,6.22562167,-75.57822333,1.00,1480.836,23.964,0.000,,26,46,,
T,2023-05-10 12:38:01,6.22562167,-75.57822333,1.00,1480.836,23.964,0.000,,26,46,,
T,2023-05-10 12:38:02,6.22562167,-75.57822333,0.90,1480.836,23.964,0.000,,26,46,,
T,2023-05-10 12:38:03,6.22562167,-75.57822333,0.90,1480.836,23.964,0.000,,26,46,,
T,2023-05-10 12:38:04,6.22562167,-75.57822333,0.90,1480.836,23.964,0.000,,26,46,,
T,2023-05-10 12:38:05,6.22562167,-75.57822333,0.90,1480.836,23.964,0.000,,26,46,,
T,2023-05-10 12:38:06,6.22562167,-75.57822333,0.90,1480.836,23.964,0.000,,26,46,,
T,2023-05-10 12:38:07,6.22562167,-75.57822333,0.90,1480.836,23.964,0.000,,26,46,,
T,2023-05-10 12:38:08,6.22562167,-75.57822333,1.00,1480.836,23.964,0.000,,25,46,,
T,2023-05-10 12:38:09,6.22562167,-75.57822333,1.10,1480.836,23.964,0.000,,25,46,,
T,2023-05-10 12:38:10,6.22562167,-75.57822333,1.10,1480.836,23.964,0.000,,24,46,,
T,2023-05-10 12:38:11,6.22562167,-75.57822333,1.10,1480.836,23.964,0.000,,24,46,,
T,2023-05-10 12:38:12,6.22562167,-75.57822333,1.10,1480.836,23.964,0.000,,24,46,,
T,2023-05-10 12:38:13,6.22562167,-75.57822333,1.10,1480.836,23.964,0.000,,24,46,,
T,2023-05-10 12:38:14,6.22562167,-75.57822333,1.10,1480.836,23.964,0.000,,24,46,,
T,2023-05-10 12:38:15,6.22562167,-75.57822333,1.40,1480.836,23.964,0.000,,24,46,,
T,2023-05-10 12:38:16,6.22562167,-75.57822333,1.60,1480.836,23.964,0.000,,24,46,,
T,2023-05-10 12:38:17,6.22562167,-75.57822333,1.70,1480.836,23.964,0.000,,24,46,,
T,2023-05-10 12:38:18,6.22562167,-75.57822333,1.80,1480.836,23.964,0.000,,23,46,,
T,2023-05-10 12:38:19,6.22562167,-75.57822333,1.10,1480.836,23.964,0.000,,23,46,,
T,2023-05-10 12:38:20,6.22562167,-75.57822333,1.10,1480.836,23.964,0.000,,23,46,,
T,2023-05-10 12:38:21,6.22562167,-75.57822333,1.10,1480.836,23.964,0.000,,23,46,,
T,2023-05-10 12:38:22,6.22562167,-75.57822333,1.10,1480.836,23.964,0.000,,22,46,,
T,2023-05-10 12:38:23,6.22562167,-75.57822333,1.10,1480.836,23.964,0.000,,22,46,,
T,2023-05-10 12:38:24,6.22562167,-75.57822333,1.00,1480.836,23.964,0.000,,22,46,,
T,2023-05-10 12:38:25,6.22562167,-75.57822333,1.10,1480.836,23.964,0.000,,23,46,,
T,2023-05-10 12:38:26,6.22562167,-75.57822333,1.10,1480.836,23.964,0.000,,24,46,,
T,2023-05-10 12:38:27,6.22562167,-75.57822333,1.10,1480.836,23.964,0.000,,24,46,,
T,2023-05-10 12:38:28,6.22562167,-75.57822333,1.00,1480.836,23.964,0.000,,23,46,,
T,2023-05-10 12:38:29,6.22562167,-75.57822333,1.00,1480.836,23.964,0.000,,23,46,,
T,2023-05-10 12:38:30,6.22562167,-75.57822333,1.00,1480.836,23.964,0.000,,23,46,,
T,2023-05-10 12:38:31,6.22562167,-75.57822333,1.00,1480.836,23.964,0.000,,23,46,,
T,2023-05-10 12:38:32,6.22562167,-75.57822333,1.00,1480.836,23.964,0.000,,22,46,,
T,2023-05-10 12:38:33,6.22562167,-75.57822333,1.00,1480.836,23.964,0.000,,22,46,,
T,2023-05-10 12:38:34,6.22562167,-75.57822333,1.00,1480.836,23.964,0.000,,22,46,,
T,2023-05-10 12:38:35,6.22562167,-75.57822333,1.00,1480.836,23.964,0.000,,23,46,,
T,2023-05-10 12:38:36,6.22562167,-75.57822333,1.00,1480.836,23.964,0.000,,22,46,,
T,2023-05-10 12:38:37,6.22562167,-75.57822333,1.00,1480.836,23.964,0.000,,23,46,,
T,2023-05-10 12:38:38,6.22562167,-75.57822333,1.00,1480.836,23.964,0.000,,22,46,,
T,2023-05-10 12:38:39,6.22562167,-75.57822333,1.00,1480.836,23.964,0.000,,21,46,,
T,2023-05-10 12:38:40,6.22562167,-75.57822333,1.00,1480.836,23.964,0.000,,22,46,,
T,2023-05-10 12:38:41,6.22562167,-75.57822500,1.10,1482.136,23.964,3.423,15,24,46,,
T,2023-05-10 12:38:42,6.22565833,-75.57821333,1.70,1482.336,23.964,4.294,23,21,46,,
T,2023-05-10 12:38:43,6.22570000,-75.57820167,2.00,1482.536,23.964,5.003,17,21,46,,
T,2023-05-10 12:38:44,6.22575333,-75.57818833,2.10,1482.936,23.964,6.139,18,23,46,,
T,2023-05-10 12:38:45,6.22581667,-75.57817167,2.20,1483.236,23.964,6.419,20,24,46,,
T,2023-05-10 12:38:46,6.22587500,-75.57815167,2.30,1483.437,23.963,6.503,20,25,46,,
T,2023-05-10 12:38:47,6.22593167,-75.57813000,2.30,1483.437,23.963,6.627,24,25,46,,
T,2023-05-10 12:38:48,6.22599333,-75.57810667,2.30,1483.137,23.963,7.394,21,25,46,,
T,2023-05-10 12:38:49,6.22605833,-75.57807667,2.20,1483.037,23.963,8.017,19,25,46,,
T,2023-05-10 12:38:50,6.22612833,-75.57804833,2.30,1483.638,23.962,7.999,17,24,46,,
T,2023-05-10 12:38:51,6.22620333,-75.57802167,2.40,1484.238,23.962,8.829,20,25,46,,
T,2023-05-10 12:38:52,6.22627500,-75.57799167,2.30,1484.338,23.962,8.820,21,26,46,,
T,2023-05-10 12:38:53,6.22635333,-75.57796667,2.20,1484.639,23.961,8.954,19,25,46,,
T,2023-05-10 12:38:54,6.22643333,-75.57794000,2.20,1484.639,23.961,9.266,19,24,46,,
T,2023-05-10 12:38:55,6.22651333,-75.57791167,2.50,1484.239,23.961,9.257,21,24,46,,
T,2023-05-10 12:38:56,6.22659000,-75.57788167,2.40,1484.439,23.961,9.524,21,26,46,,
T,2023-05-10 12:38:57,6.22667500,-75.57784833,2.30,1484.340,23.960,9.727,21,26,46,,
T,2023-05-10 12:38:58,6.22676000,-75.57781500,2.50,1483.740,23.960,9.910,18,24,46,,
T,2023-05-10 12:38:59,6.22684667,-75.57778167,2.50,1483.041,23.959,10.078,22,23,46,,
T,2023-05-10 12:39:00,6.22693333,-75.57774500,2.40,1481.941,23.959,10.225,18,25,46,,
T,2023-05-10 12:39:01,6.22702500,-75.57771167,2.30,1482.141,23.959,9.966,21,25,46,,
T,2023-05-10 12:39:02,6.22712000,-75.57767833,2.40,1481.642,23.958,10.153,20,25,46,,
T,2023-05-10 12:39:03,6.22721833,-75.57764667,2.50,1482.042,23.958,10.385,18,23,46,,
T,2023-05-10 12:39:04,6.22731333,-75.57761500,2.60,1482.542,23.958,10.416,20,23,46,,
T,2023-05-10 12:39:05,6.22740333,-75.57758167,2.60,1483.043,23.957,10.416,20,23,46,,
T,2023-05-10 12:39:06,6.22748833,-75.57755333,2.70,1483.343,23.957,10.438,20,22,46,,
T,2023-05-10 12:39:07,6.22757833,-75.57751500,2.70,1483.843,23.957,10.810,22,22,46,,
T,2023-05-10 12:39:08,6.22766667,-75.57748000,2.60,1483.244,23.956,10.923,20,23,46,,
T,2023-05-10 12:39:09,6.22775500,-75.57744833,2.60,1482.744,23.956,10.327,22,23,46,,
T,2023-05-10 12:39:10,6.22783500,-75.57742000,2.40,1482.544,23.956,8.790,21,24,46,,
T,2023-05-10 12:39:11,6.22790167,-75.57739667,2.50,1482.345,23.955,7.453,22,23,46,,
T,2023-05-10 12:39:12,6.22796000,-75.57738167,2.50,1482.645,23.955,6.239,18,23,46,,
T,2023-05-10 12:39:13,6.22800167,-75.57736500,2.50,1482.645,23.955,4.707,19,23,46,,
T,2023-05-10 12:39:14,6.22802833,-75.57735167,2.50,1482.545,23.955,3.218,15,23,46,,
T,2023-05-10 12:39:15,6.22805500,-75.57733667,2.50,1482.845,23.955,3.198,14,24,46,,
T,2023-05-10 12:39:16,6.22807833,-75.57732667,2.50,1482.345,23.955,3.706,19,23,46,,
T,2023-05-10 12:39:17,6.22810500,-75.57730500,2.40,1482.145,23.955,4.094,20,24,46,,
T,2023-05-10 12:39:18,6.22813833,-75.57728833,2.40,1481.946,23.954,4.187,15,24,46,,
T,2023-05-10 12:39:19,6.22816833,-75.57727000,2.40,1481.146,23.954,3.306,18,24,46,,
T,2023-05-10 12:39:20,6.22819000,-75.57726000,2.30,1480.846,23.954,2.637,21,23,46,,
T,2023-05-10 12:39:21,6.22820833,-75.57725000,2.30,1480.546,23.954,2.004,27,23,46,,
T,2023-05-10 12:39:22,6.22822167,-75.57724167,2.20,1480.346,23.954,1.764,19,23,46,,
T,2023-05-10 12:39:23,6.22823000,-75.57723500,2.10,1479.846,23.954,0.000,,24,46,,
T,2023-05-10 12:39:24,6.22823333,-75.57723000,2.10,1479.346,23.954,0.000,,24,46,,
T,2023-05-10 12:39:25,6.22823167,-75.57723000,2.00,1479.446,23.954,0.000,,25,46,,
T,2023-05-10 12:39:26,6.22823167,-75.57723000,2.00,1479.446,23.954,0.000,,25,46,,
T,2023-05-10 12:39:27,6.22823167,-75.57723000,1.90,1479.446,23.954,0.000,,24,46,,
T,2023-05-10 12:39:28,6.22823167,-75.57723000,1.90,1479.446,23.954,0.000,,24,46,,
T,2023-05-10 12:39:29,6.22823167,-75.57723000,1.10,1479.446,23.954,0.000,,24,46,,
T,2023-05-10 12:39:30,6.22823167,-75.57723000,1.00,1479.446,23.954,0.000,,23,46,,
T,2023-05-10 12:39:31,6.22823167,-75.57723000,1.00,1479.446,23.954,0.000,,24,46,,
T,2023-05-10 12:39:32,6.22823167,-75.57723000,1.00,1479.446,23.954,0.000,,24,46,,
T,2023-05-10 12:39:33,6.22823167,-75.57723000,1.00,1479.446,23.954,0.000,,25,46,,
T,2023-05-10 12:39:34,6.22823167,-75.57723000,1.00,1479.446,23.954,0.000,,25,46,,
T,2023-05-10 12:39:35,6.22823167,-75.57723000,1.00,1479.446,23.954,0.000,,24,46,,
T,2023-05-10 12:39:36,6.22823167,-75.57723000,1.10,1479.446,23.954,0.000,,24,46,,
T,2023-05-10 12:39:37,6.22823167,-75.57723000,1.00,1479.446,23.954,0.000,,24,46,,
T,2023-05-10 12:39:38,6.22823167,-75.57723000,1.00,1479.446,23.954,0.000,,24,46,,
T,2023-05-10 12:39:39,6.22823167,-75.57723000,1.00,1479.446,23.954,0.000,,25,46,,
T,2023-05-10 12:39:40,6.22823167,-75.57723000,1.00,1479.446,23.954,0.000,,25,46,,
T,2023-05-10 12:39:41,6.22823167,-75.57723000,1.00,1479.446,23.954,0.000,,25,46,,
T,2023-05-10 12:39:42,6.22823167,-75.57723000,1.00,1479.446,23.954,0.000,,24,46,,
T,2023-05-10 12:39:43,6.22823167,-75.57723000,1.00,1479.446,23.954,0.000,,24,46,,
T,2023-05-10 12:39:44,6.22823167,-75.57723000,1.00,1479.446,23.954,0.000,,24,46,,
T,2023-05-10 12:39:45,6.22823167,-75.57723000,1.00,1479.446,23.954,0.000,,24,46,,
T,2023-05-10 12:39:46,6.22823167,-75.57723000,1.00,1479.446,23.954,0.000,,24,46,,
T,2023-05-10 12:39:47,6.22823167,-75.57723000,1.00,1479.446,23.954,0.000,,24,46,,
T,2023-05-10 12:39:48,6.22823167,-75.57723000,1.00,1479.446,23.954,0.000,,24,46,,
T,2023-05-10 12:39:49,6.22823167,-75.57723000,1.00,1479.446,23.954,0.000,,24,46,,
T,2023-05-10 12:39:50,6.22823167,-75.57723000,1.00,1479.446,23.954,0.000,,24,46,,
T,2023-05-10 12:39:51,6.22823167,-75.57723000,1.00,1479.446,23.954,0.000,,24,46,,
T,2023-05-10 12:39:52,6.22823167,-75.57723000,1.00,1479.446,23.954,0.000,,24,46,,
T,2023-05-10 12:39:53,6.22823167,-75.57722833,1.00,1480.646,23.954,2.808,14,24,46,,
T,2023-05-10 12:39:54,6.22826167,-75.57721833,1.20,1480.646,23.954,4.115,22,24,46,,
T,2023-05-10 12:39:55,6.22830000,-75.57720000,1.40,1480.746,23.954,4.915,25,24,46,,
T,2023-05-10 12:39:56,6.22834833,-75.57718167,1.50,1480.747,23.953,6.254,22,25,46,,
T,2023-05-10 12:39:57,6.22840500,-75.57716167,1.60,1480.847,23.953,6.684,21,25,46,,
T,2023-05-10 12:39:58,6.22846333,-75.57714167,1.70,1480.847,23.953,7.142,20,23,46,,
T,2023-05-10 12:39:59,6.22852833,-75.57712167,2.20,1481.047,23.953,7.590,19,23,46,,
T,2023-05-10 12:40:00,6.22860000,-75.57710000,2.20,1481.347,23.953,8.091,17,23,46,,
T,2023-05-10 12:40:01,6.22867333,-75.57708000,2.20,1481.548,23.952,8.442,17,22,46,,
T,2023-05-10 12:40:02,6.22874333,-75.57706000,2.20,1481.748,23.952,8.008,20,20,46,,
T,2023-05-10 12:40:03,6.22881833,-75.57704333,2.50,1481.548,23.952,7.840,19,18,46,,
T,2023-05-10 12:40:04,6.22890000,-75.57703000,2.60,1480.948,23.952,7.850,12,19,46,,
T,2023-05-10 12:40:05,6.22897667,-75.57701500,2.60,1480.649,23.951,7.559,14,20,46,,
T,2023-05-10 12:40:06,6.22905833,-75.57700500,2.70,1480.649,23.951,7.738,12,20,46,,
T,2023-05-10 12:40:07,6.22915000,-75.57700000,2.60,1480.549,23.951,8.646,5,21,46,,
T,2023-05-10 12:40:08,6.22923833,-75.57700333,2.60,1480.449,23.951,8.354,3,20,46,,
T,2023-05-10 12:40:09,6.22931667,-75.57700000,2.40,1479.949,23.951,8.846,3,21,46,,
T,2023-05-10 12:40:10,6.22939667,-75.57699500,2.30,1479.450,23.950,8.941,4,22,46,,
T,2023-05-10 12:40:11,6.22948333,-75.57698833,2.40,1479.050,23.950,8.645,2,23,46,,
T,2023-05-10 12:40:12,6.22957000,-75.57698833,2.30,1478.750,23.950,8.760,358,23,46,,
T,2023-05-10 12:40:13,6.22965500,-75.57699500,2.30,1478.750,23.950,9.064,357,23,46,,
T,2023-05-10 12:40:14,6.22974167,-75.57699667,2.30,1478.850,23.950,9.351,358,22,46,,
T,2023-05-10 12:40:15,6.22983333,-75.57701000,2.40,1479.450,23.950,10.115,351,22,46,,
T,2023-05-10 12:40:16,6.22992667,-75.57703000,2.40,1479.750,23.950,10.577,351,22,46,,
T,2023-05-10 12:40:17,6.23002333,-75.57705667,2.50,1481.350,23.950,10.913,348,22,46,,
T,2023-05-10 12:40:18,6.23012333,-75.57708000,2.60,1481.551,23.949,11.373,346,22,46,,
T,2023-05-10 12:40:19,6.23021500,-75.57711167,2.50,1481.651,23.949,11.390,343,22,46,,
T,2023-05-10 12:40:20,6.23032333,-75.57714833,2.60,1482.251,23.949,11.395,346,22,46,,
T,2023-05-10 12:40:21,6.23042667,-75.57718167,2.60,1482.951,23.949,11.211,342,22,46,,
T,2023-05-10 12:40:22,6.23052833,-75.57721833,2.60,1483.951,23.949,10.985,343,23,46,,
T,2023-05-10 12:40:23,6.23062500,-75.57725500,2.60,1484.551,23.949,11.100,346,23,46,,
T,2023-05-10 12:40:24,6.23072500,-75.57728833,2.50,1484.951,23.949,11.325,345,23,46,,
T,2023-05-10 12:40:25,6.23082000,-75.57731667,2.40,1484.951,23.949,11.432,344,23,46,,
T,2023-05-10 12:40:26,6.23091667,-75.57734833,2.40,1484.851,23.949,11.517,344,23,46,,
T,2023-05-10 12:40:27,6.23101167,-75.57737833,2.40,1484.751,23.949,11.641,344,24,46,,
T,2023-05-10 12:40:28,6.23111833,-75.57741333,2.50,1484.551,23.949,12.103,345,24,46,,
T,2023-05-10 12:40:29,6.23122667,-75.57743500,2.50,1484.151,23.949,11.787,347,24,46,,
T,2023-05-10 12:40:30,6.23132833,-75.57744833,2.40,1483.651,23.949,11.553,348,24,46,,
T,2023-05-10 12:40:31,6.23143167,-75.57746000,2.40,1483.451,23.949,11.673,347,24,46,,
T,2023-05-10 12:40:32,6.23154000,-75.57747667,2.40,1482.951,23.949,11.678,350,24,46,,
T,2023-05-10 12:40:33,6.23164333,-75.57749167,2.40,1482.951,23.949,11.692,351,24,46,,
T,2023-05-10 12:40:34,6.23174333,-75.57750667,2.40,1483.451,23.949,12.048,351,24,46,,
T,2023-05-10 12:40:35,6.23185000,-75.57751833,2.40,1483.152,23.948,12.055,351,24,46,,
T,2023-05-10 12:40:36,6.23195333,-75.57753833,2.40,1482.952,23.948,12.046,353,24,46,,
T,2023-05-10 12:40:37,6.23206333,-75.57754500,2.30,1482.752,23.948,12.141,356,24,46,,
T,2023-05-10 12:40:38,6.23217333,-75.57754833,2.30,1482.752,23.948,12.429,356,24,46,,
T,2023-05-10 12:40:39,6.23228500,-75.57755333,2.30,1482.952,23.948,12.412,356,24,46,,
T,2023-05-10 12:40:40,6.23239667,-75.57755833,2.40,1482.952,23.948,12.400,357,24,46,,
T,2023-05-10 12:40:41,6.23250833,-75.57756833,2.40,1482.353,23.947,12.398,358,24,46,,
T,2023-05-10 12:40:42,6.23262167,-75.57757333,2.40,1481.853,23.947,12.744,358,24,46,,
T,2023-05-10 12:40:43,6.23274167,-75.57757500,2.40,1481.453,23.947,13.127,2,24,46,,
T,2023-05-10 12:40:44,6.23286167,-75.57756833,2.30,1481.353,23.947,12.829,2,24,46,,
T,2023-05-10 12:40:45,6.23298167,-75.57755833,2.20,1481.354,23.946,12.945,4,23,46,,
T,2023-05-10 12:40:46,6.23309833,-75.57755000,2.30,1481.554,23.946,13.068,4,23,46,,
T,2023-05-10 12:40:47,6.23321000,-75.57754167,2.40,1482.054,23.946,13.153,4,23,46,,
T,2023-05-10 12:40:48,6.23332333,-75.57753000,2.40,1481.654,23.946,13.131,6,23,46,,
T,2023-05-10 12:40:49,6.23344333,-75.57751833,2.40,1480.655,23.945,13.396,5,23,46,,
T,2023-05-10 12:40:50,6.23356833,-75.57749667,2.50,1479.555,23.945,13.962,7,22,46,,
T,2023-05-10 12:40:51,6.23369333,-75.57747667,2.50,1478.955,23.945,14.135,9,22,46,,
T,2023-05-10 12:40:52,6.23382000,-75.57745333,2.50,1477.856,23.944,13.619,10,23,46,,
T,2023-05-10 12:40:53,6.23393833,-75.57742833,2.50,1477.456,23.944,13.499,12,23,46,,
T,2023-05-10 12:40:54,6.23404833,-75.57739833,2.60,1477.157,23.943,12.695,14,23,46,,
T,2023-05-10 12:40:55,6.23416500,-75.57736667,2.50,1476.257,23.943,12.425,13,23,46,,
T,2023-05-10 12:40:56,6.23427500,-75.57733667,2.40,1476.157,23.943,12.801,13,23,46,,
T,2023-05-10 12:40:57,6.23439667,-75.57730833,2.50,1476.258,23.942,13.067,13,23,46,,
T,2023-05-10 12:40:58,6.23451667,-75.57727667,2.40,1477.058,23.942,13.098,14,22,46,,
T,2023-05-10 12:40:59,6.23463000,-75.57724833,2.60,1477.758,23.942,12.923,15,22,46,,
T,2023-05-10 12:41:00,6.23474833,-75.57721667,2.60,1478.459,23.941,13.197,12,21,46,,
T,2023-05-10 12:41:01,6.23486667,-75.57718333,2.70,1479.159,23.941,13.214,13,21,46,,
T,2023-05-10 12:41:02,6.23497667,-75.57715333,2.70,1479.160,23.940,13.218,16,22,46,,
T,2023-05-10 12:41:03,6.23507667,-75.57710333,2.60,1477.160,23.940,12.589,20,20,46,,
T,2023-05-10 12:41:04,6.23518333,-75.57706000,2.60,1473.660,23.940,12.840,17,19,46,,
T,2023-05-10 12:41:05,6.23530500,-75.57703000,2.50,1472.361,23.939,12.432,17,18,46,,
T,2023-05-10 12:41:06,6.23541667,-75.57699500,2.50,1472.861,23.939,12.425,16,17,46,,
T,2023-05-10 12:41:07,6.23553000,-75.57697333,2.40,1473.962,23.938,12.523,14,18,46,,
T,2023-05-10 12:41:08,6.23564833,-75.57696000,2.30,1473.862,23.938,12.178,14,19,46,,
T,2023-05-10 12:41:09,6.23575833,-75.57694000,2.50,1473.762,23.938,11.897,14,18,46,,
T,2023-05-10 12:41:10,6.23584833,-75.57691000,2.50,1473.763,23.937,10.615,16,18,46,,
T,2023-05-10 12:41:11,6.23593667,-75.57689833,2.50,1474.363,23.937,9.802,14,19,46,,
T,2023-05-10 12:41:12,6.23601000,-75.57687000,2.40,1474.563,23.937,9.123,20,21,46,,
T,2023-05-10 12:41:13,6.23608167,-75.57683833,2.40,1474.763,23.937,8.833,22,21,46,,
T,2023-05-10 12:41:14,6.23614833,-75.57680167,2.30,1475.864,23.936,8.795,26,21,46,,
T,2023-05-10 12:41:15,6.23621833,-75.57676500,2.30,1477.264,23.936,9.104,26,22,46,,
T,2023-05-10 12:41:16,6.23628833,-75.57672667,2.30,1478.064,23.936,9.753,28,23,46,,
T,2023-05-10 12:41:17,6.23637333,-75.57668000,2.30,1479.265,23.935,10.457,30,24,46,,
T,2023-05-10 12:41:18,6.23646167,-75.57662833,2.20,1480.365,23.935,10.695,31,24,46,,
T,2023-05-10 12:41:19,6.23654500,-75.57657333,2.20,1481.166,23.934,11.254,32,24,46,,
T,2023-05-10 12:41:20,6.23662833,-75.57652000,2.20,1481.466,23.934,11.662,33,24,46,,
T,2023-05-10 12:41:21,6.23671333,-75.57645333,2.20,1482.167,23.933,11.745,33,24,46,,
T,2023-05-10 12:41:22,6.23680000,-75.57639500,2.10,1482.567,23.933,11.916,33,25,46,,
T,2023-05-10 12:41:23,6.23689167,-75.57633500,1.90,1482.568,23.932,11.943,33,24,46,,
T,2023-05-10 12:41:24,6.23698333,-75.57627500,1.80,1482.368,23.932,11.921,33,25,46,,
T,2023-05-10 12:41:25,6.23707333,-75.57621500,1.80,1481.969,23.931,12.107,32,25,46,,
T,2023-05-10 12:41:26,6.23717167,-75.57615500,2.20,1481.869,23.931,12.130,32,25,46,,
T,2023-05-10 12:41:27,6.23726667,-75.57609333,2.30,1481.470,23.930,12.371,31,25,46,,
T,2023-05-10 12:41:28,6.23736000,-75.57603000,2.30,1480.770,23.930,12.473,30,25,46,,
T,2023-05-10 12:41:29,6.23745667,-75.57597667,2.40,1480.571,23.929,12.768,27,25,46,,
T,2023-05-10 12:41:30,6.23755833,-75.57592500,2.50,1480.371,23.929,12.854,25,25,46,,
T,2023-05-10 12:41:31,6.23766667,-75.57588000,2.40,1480.571,23.929,13.216,22,23,46,,
T,2023-05-10 12:41:32,6.23778333,-75.57583500,2.30,1481.472,23.928,13.496,20,22,46,,
T,2023-05-10 12:41:33,6.23789833,-75.57579833,2.20,1480.472,23.928,13.984,16,24,46,,
T,2023-05-10 12:41:34,6.23802167,-75.57576833,2.20,1480.073,23.927,13.861,17,24,46,,
T,2023-05-10 12:41:35,6.23814000,-75.57573500,2.20,1479.573,23.927,13.698,17,24,46,,
T,2023-05-10 12:41:36,6.23826500,-75.57570333,2.20,1478.974,23.926,13.693,16,24,46,,
T,2023-05-10 12:41:37,6.23838333,-75.57567167,2.30,1478.674,23.926,13.676,17,24,46,,
T,2023-05-10 12:41:38,6.23850500,-75.57564167,2.20,1478.874,23.926,13.722,17,23,46,,
T,2023-05-10 12:41:39,6.23862167,-75.57560667,2.20,1478.675,23.925,13.835,17,24,46,,
T,2023-05-10 12:41:40,6.23874833,-75.57557500,2.30,1478.775,23.925,13.960,16,24,46,,
T,2023-05-10 12:41:41,6.23886333,-75.57553500,2.20,1478.376,23.924,13.935,15,23,46,,
T,2023-05-10 12:41:42,6.23897833,-75.57550500,2.20,1478.676,23.924,13.952,13,23,46,,
T,2023-05-10 12:41:43,6.23910000,-75.57547833,2.20,1478.976,23.924,13.720,12,24,46,,
T,2023-05-10 12:41:44,6.23922667,-75.57545667,2.30,1478.477,23.923,13.375,13,24,46,,
T,2023-05-10 12:41:45,6.23934333,-75.57543000,2.30,1478.477,23.923,13.463,11,24,46,,
T,2023-05-10 12:41:46,6.23947000,-75.57540833,2.20,1478.377,23.923,13.360,11,24,46,,
T,2023-05-10 12:41:47,6.23958833,-75.57538667,2.20,1478.378,23.922,13.363,9,24,46,,
T,2023-05-10 12:41:48,6.23970667,-75.57537000,2.20,1477.978,23.922,13.103,8,24,46,,
T,2023-05-10 12:41:49,6.23982167,-75.57535833,2.30,1477.778,23.922,13.185,7,24,46,,
T,2023-05-10 12:41:50,6.23994000,-75.57533833,2.30,1477.879,23.921,13.348,7,24,46,,
T,2023-05-10 12:41:51,6.24005500,-75.57532500,2.30,1477.579,23.921,13.380,7,24,46,,
T,2023-05-10 12:41:52,6.24017667,-75.57531333,2.20,1476.779,23.921,13.541,6,24,46,,
T,2023-05-10 12:41:53,6.24030167,-75.57530667,2.20,1476.680,23.920,13.673,4,24,46,,
T,2023-05-10 12:41:54,6.24042833,-75.57530000,2.30,1476.580,23.920,13.955,4,24,46,,
T,2023-05-10 12:41:55,6.24055833,-75.57528833,2.20,1475.380,23.920,13.989,3,24,46,,
T,2023-05-10 12:41:56,6.24068500,-75.57528000,2.20,1474.480,23.920,13.999,1,24,46,,
T,2023-05-10 12:41:57,6.24080833,-75.57528000,2.30,1473.881,23.919,13.784,3,24,46,,
T,2023-05-10 12:41:58,6.24093167,-75.57527333,2.30,1473.981,23.919,13.615,2,24,46,,
T,2023-05-10 12:41:59,6.24105667,-75.57526500,2.30,1473.681,23.919,13.592,0,24,46,,
T,2023-05-10 12:42:00,6.24117500,-75.57527333,2.30,1473.281,23.919,13.428,359,24,46,,
T,2023-05-10 12:42:01,6.24129500,-75.57527500,2.40,1472.682,23.918,13.428,0,24,46,,
T,2023-05-10 12:42:02,6.24141833,-75.57527333,2.50,1472.482,23.918,13.441,360,24,46,,
T,2023-05-10 12:42:03,6.24154000,-75.57526833,2.40,1471.982,23.918,13.392,0,24,46,,
T,2023-05-10 12:42:04,6.24166500,-75.57527000,2.60,1471.282,23.918,13.705,0,23,46,,
T,2023-05-10 12:42:05,6.24179000,-75.57526500,2.70,1471.383,23.917,13.222,360,22,46,,
T,2023-05-10 12:42:06,6.24190833,-75.57526667,2.70,1471.883,23.917,13.127,2,22,46,,
T,2023-05-10 12:42:07,6.24203000,-75.57526333,2.70,1472.283,23.917,12.731,360,23,46,,
T,2023-05-10 12:42:08,6.24214667,-75.57525333,2.60,1471.683,23.917,12.848,0,23,46,,
T,2023-05-10 12:42:09,6.24226500,-75.57524833,2.30,1470.884,23.916,13.178,360,22,46,,
T,2023-05-10 12:42:10,6.24238667,-75.57524167,2.50,1470.184,23.916,13.018,2,21,46,,
T,2023-05-10 12:42:11,6.24249833,-75.57523167,2.60,1469.784,23.916,12.845,4,21,46,,
T,2023-05-10 12:42:12,6.24261667,-75.57522000,2.60,1469.385,23.915,12.949,4,21,46,,
T,2023-05-10 12:42:13,6.24273000,-75.57521167,2.60,1470.085,23.915,12.519,6,22,46,,
T,2023-05-10 12:42:14,6.24284667,-75.57520833,2.50,1470.585,23.915,12.105,4,22,46,,
T,2023-05-10 12:42:15,6.24295500,-75.57520833,2.40,1470.485,23.915,11.445,6,21,46,,
T,2023-05-10 12:42:16,6.24306167,-75.57520167,2.50,1470.585,23.915,11.674,2,21,46,,
T,2023-05-10 12:42:17,6.24316167,-75.57519833,2.40,1470.286,23.914,11.562,2,21,46,,
T,2023-05-10 12:42:18,6.24326500,-75.57519667,2.50,1470.086,23.914,11.311,4,22,46,,
T,2023-05-10 12:42:19,6.24337333,-75.57520167,2.50,1469.686,23.914,11.971,3,22,46,,
T,2023-05-10 12:42:20,6.24347833,-75.57519333,2.50,1470.286,23.914,11.663,3,23,46,,
T,2023-05-10 12:42:21,6.24357833,-75.57518667,2.50,1469.987,23.913,11.853,3,23,46,,
T,2023-05-10 12:42:22,6.24368167,-75.57518333,2.40,1469.587,23.913,11.879,3,22,46,,
T,2023-05-10 12:42:23,6.24379000,-75.57517833,2.60,1470.087,23.913,12.169,1,21,46,,
T,2023-05-10 12:42:24,6.24389500,-75.57517000,2.60,1469.987,23.913,11.723,3,19,46,,
T,2023-05-10 12:42:25,6.24399500,-75.57516000,2.70,1469.787,23.913,11.698,5,17,46,,
T,2023-05-10 12:42:26,6.24410167,-75.57515333,2.70,1469.688,23.912,11.615,3,20,46,,
T,2023-05-10 12:42:27,6.24421000,-75.57514667,2.70,1469.088,23.912,11.445,2,19,46,,
T,2023-05-10 12:42:28,6.24431333,-75.57514500,2.60,1468.888,23.912,11.280,3,19,46,,
T,2023-05-10 12:42:29,6.24441667,-75.57514000,2.70,1468.788,23.912,10.986,3,18,46,,
T,2023-05-10 12:42:30,6.24451333,-75.57513167,2.60,1469.489,23.911,11.177,3,18,46,,
T,2023-05-10 12:42:31,6.24461667,-75.57513167,2.50,1469.389,23.911,11.194,3,17,46,,
T,2023-05-10 12:42:32,6.24471333,-75.57513333,2.50,1468.989,23.911,10.645,2,17,46,,
T,2023-05-10 12:42:33,6.24481000,-75.57513500,2.40,1468.189,23.911,10.162,1,19,46,,
T,2023-05-10 12:42:34,6.24489667,-75.57512333,2.30,1467.389,23.911,9.233,3,21,46,,
T,2023-05-10 12:42:35,6.24497833,-75.57511167,2.40,1467.490,23.910,8.699,2,21,46,,
T,2023-05-10 12:42:36,6.24506000,-75.57510333,2.40,1467.490,23.910,8.543,2,20,46,,
T,2023-05-10 12:42:37,6.24514333,-75.57509833,2.50,1467.390,23.910,8.753,2,20,46,,
T,2023-05-10 12:42:38,6.24522000,-75.57509333,2.40,1467.090,23.910,8.378,1,19,46,,
T,2023-05-10 12:42:39,6.24529333,-75.57509167,2.50,1467.090,23.910,8.260,1,19,46,,
T,2023-05-10 12:42:40,6.24535667,-75.57509667,2.50,1467.790,23.910,7.456,3,20,46,,
T,2023-05-10 12:42:41,6.24542000,-75.57509333,2.50,1468.091,23.909,6.654,4,20,46,,
T,2023-05-10 12:42:42,6.24547000,-75.57509667,2.50,1467.891,23.909,5.690,0,22,46,,
T,2023-05-10 12:42:43,6.24551500,-75.57509500,2.50,1468.091,23.909,4.985,5,21,46,,
T,2023-05-10 12:42:44,6.24556167,-75.57509167,2.50,1468.091,23.909,5.643,3,21,46,,
T,2023-05-10 12:42:45,6.24561333,-75.57508667,2.50,1468.091,23.909,6.008,6,21,46,,
T,2023-05-10 12:42:46,6.24566833,-75.57506833,2.40,1467.291,23.909,6.249,18,21,46,,
T,2023-05-10 12:42:47,6.24572167,-75.57504000,2.40,1466.691,23.909,7.043,23,20,46,,
T,2023-05-10 12:42:48,6.24577500,-75.57500000,2.40,1466.492,23.908,7.616,28,20,46,,
T,2023-05-10 12:42:49,6.24583833,-75.57496167,2.30,1466.192,23.908,7.913,37,20,46,,
T,2023-05-10 12:42:50,6.24590000,-75.57491167,2.30,1466.192,23.908,8.547,41,20,46,,
T,2023-05-10 12:42:51,6.24596167,-75.57486500,2.30,1466.293,23.907,8.836,45,20,46,,
T,2023-05-10 12:42:52,6.24602667,-75.57481000,2.30,1466.693,23.907,9.179,43,20,46,,
T,2023-05-10 12:42:53,6.24609667,-75.57476833,2.50,1467.094,23.906,8.248,38,21,46,,
T,2023-05-10 12:42:54,6.24616833,-75.57473667,2.50,1467.394,23.906,7.580,30,22,46,,
T,2023-05-10 12:42:55,6.24622667,-75.57471167,2.50,1468.694,23.906,7.580,16,22,46,,
T,2023-05-10 12:42:56,6.24630167,-75.57471667,2.30,1468.494,23.906,7.678,0,22,46,,
T,2023-05-10 12:42:57,6.24637500,-75.57473500,2.30,1468.094,23.906,7.690,348,22,46,,
T,2023-05-10 12:42:58,6.24644833,-75.57476333,2.50,1467.294,23.906,7.673,342,21,46,,
T,2023-05-10 12:42:59,6.24652333,-75.57479667,2.60,1467.094,23.906,7.643,337,20,46,,
T,2023-05-10 12:43:00,6.24661167,-75.57484167,2.70,1467.494,23.906,8.518,333,19,46,,
T,2023-05-10 12:43:01,6.24668333,-75.57489000,2.70,1467.994,23.906,9.076,330,18,46,,
T,2023-05-10 12:43:02,6.24676167,-75.57494333,2.80,1468.194,23.906,9.299,330,18,46,,
T,2023-05-10 12:43:03,6.24683833,-75.57498500,2.70,1468.394,23.906,9.396,334,19,46,,
T,2023-05-10 12:43:04,6.24691500,-75.57502333,2.60,1468.094,23.906,9.541,336,20,46,,
T,2023-05-10 12:43:05,6.24699333,-75.57505167,2.70,1468.194,23.906,9.512,344,20,46,,
T,2023-05-10 12:43:06,6.24707500,-75.57507500,2.70,1468.094,23.906,9.675,343,19,46,,
T,2023-05-10 12:43:07,6.24716167,-75.57509667,2.70,1467.994,23.906,9.814,348,18,46,,
T,2023-05-10 12:43:08,6.24725500,-75.57509000,2.60,1466.994,23.906,10.475,355,19,46,,
T,2023-05-10 12:43:09,6.24735500,-75.57507500,2.70,1466.794,23.906,10.771,3,19,46,,
T,2023-05-10 12:43:10,6.24745500,-75.57505667,2.50,1466.495,23.905,11.113,7,17,46,,
T,2023-05-10 12:43:11,6.24755833,-75.57504500,2.40,1466.695,23.905,11.277,5,17,46,,
T,2023-05-10 12:43:12,6.24766667,-75.57503667,2.40,1466.195,23.905,11.639,6,18,46,,
T,2023-05-10 12:43:13,6.24777333,-75.57502833,2.30,1466.696,23.904,11.427,4,18,46,,
T,2023-05-10 12:43:14,6.24787667,-75.57502167,2.50,1467.296,23.904,11.230,3,18,46,,
T,2023-05-10 12:43:15,6.24797500,-75.57502167,2.60,1467.196,23.904,11.149,2,18,46,,
T,2023-05-10 12:43:16,6.24808000,-75.57500833,2.60,1468.296,23.904,10.378,3,19,46,,
T,2023-05-10 12:43:17,6.24816833,-75.57500333,2.50,1468.696,23.904,10.264,4,20,46,,
T,2023-05-10 12:43:18,6.24825833,-75.57499500,2.40,1468.397,23.903,10.235,4,20,46,,
T,2023-05-10 12:43:19,6.24834667,-75.57498833,2.50,1468.597,23.903,10.084,3,21,46,,
T,2023-05-10 12:43:20,6.24843667,-75.57498500,2.40,1468.697,23.903,10.067,3,21,46,,
T,2023-05-10 12:43:21,6.24852833,-75.57498333,2.50,1468.997,23.903,9.476,1,22,46,,
T,2023-05-10 12:43:22,6.24860833,-75.57498167,2.40,1468.297,23.903,8.869,0,22,46,,
T,2023-05-10 12:43:23,6.24867500,-75.57497667,2.40,1467.898,23.902,7.639,0,22,46,,
T,2023-05-10 12:43:24,6.24873667,-75.57497833,2.50,1467.498,23.902,6.567,358,22,46,,
T,2023-05-10 12:43:25,6.24879000,-75.57498167,2.60,1466.898,23.902,5.693,358,22,46,,
T,2023-05-10 12:43:26,6.24882833,-75.57497667,2.60,1466.798,23.902,4.798,6,22,45,,
T,2023-05-10 12:43:27,6.24887667,-75.57499000,2.50,1466.898,23.902,3.830,2,22,45,,
T,2023-05-10 12:43:28,6.24891167,-75.57499000,2.50,1466.898,23.902,3.126,4,20,45,,
T,2023-05-10 12:43:29,6.24893667,-75.57498833,2.50,1466.998,23.902,2.994,0,18,45,,
T,2023-05-10 12:43:30,6.24896667,-75.57498167,2.50,1466.598,23.902,2.740,9,17,45,,
T,2023-05-10 12:43:31,6.24899333,-75.57497667,2.50,1466.298,23.902,2.459,26,18,45,,
T,2023-05-10 12:43:32,6.24900500,-75.57495833,2.50,1466.198,23.902,2.424,47,17,45,,
T,2023-05-10 12:43:33,6.24901833,-75.57493833,2.50,1465.998,23.902,3.144,49,18,45,,
T,2023-05-10 12:43:34,6.24903333,-75.57491167,2.50,1465.499,23.901,3.467,64,18,45,,
T,2023-05-10 12:43:35,6.24903667,-75.57487500,2.50,1465.299,23.901,4.017,87,15,45,,
T,2023-05-10 12:43:36,6.24902667,-75.57483000,2.50,1465.099,23.901,4.279,99,16,45,,
T,2023-05-10 12:43:37,6.24901000,-75.57477333,2.50,1464.599,23.901,5.602,106,14,45,,
T,2023-05-10 12:43:38,6.24899667,-75.57471667,2.70,1464.200,23.900,6.039,102,12,45,,
T,2023-05-10 12:43:39,6.24898333,-75.57464667,2.90,1464.200,23.900,6.970,102,11,45,,
T,2023-05-10 12:43:40,6.24896167,-75.57457000,2.90,1464.000,23.900,7.755,105,10,45,,
T,2023-05-10 12:43:41,6.24894167,-75.57449667,2.90,1463.901,23.899,7.633,105,9,45,,
T,2023-05-10 12:43:42,6.24890833,-75.57442000,3.10,1464.701,23.899,7.803,110,8,45,,
T,2023-05-10 12:43:43,6.24887500,-75.57434333,3.20,1465.201,23.899,8.141,113,8,45,,
T,2023-05-10 12:43:44,6.24885167,-75.57425500,3.20,1465.002,23.898,8.877,111,10,45,,
T,2023-05-10 12:43:45,6.24882333,-75.57417167,3.10,1464.802,23.898,9.210,110,10,45,,
T,2023-05-10 12:43:46,6.24879500,-75.57410000,3.10,1465.602,23.898,8.907,108,10,45,,
T,2023-05-10 12:43:47,6.24876000,-75.57402833,3.20,1465.703,23.897,8.937,113,9,45,,
T,2023-05-10 12:43:48,6.24873667,-75.57394667,3.20,1465.703,23.897,9.297,110,7,45,,
T,2023-05-10 12:43:49,6.24871167,-75.57385667,3.30,1465.503,23.897,9.979,108,7,45,,
T,2023-05-10 12:43:50,6.24868667,-75.57376000,3.40,1465.304,23.896,10.603,107,7,45,,
T,2023-05-10 12:43:51,6.24866833,-75.57367500,3.50,1465.504,23.896,10.234,107,9,45,,
T,2023-05-10 12:43:52,6.24864333,-75.57358667,3.60,1465.805,23.895,10.042,108,8,45,,
T,2023-05-10 12:43:53,6.24859500,-75.57349167,3.40,1467.705,23.895,9.914,108,12,45,,
T,2023-05-10 12:43:54,6.24856667,-75.57341000,3.20,1467.905,23.895,9.660,109,12,45,,
T,2023-05-10 12:43:55,6.24854000,-75.57333167,3.10,1467.906,23.894,9.690,110,12,45,,
T,2023-05-10 12:43:56,6.24851000,-75.57325167,3.10,1467.506,23.894,9.789,108,13,45,,
T,2023-05-10 12:43:57,6.24847667,-75.57316833,3.10,1467.607,23.893,10.002,111,12,45,,
T,2023-05-10 12:43:58,6.24844167,-75.57309167,3.10,1468.007,23.893,10.096,110,12,45,,
T,2023-05-10 12:43:59,6.24840667,-75.57300500,3.10,1467.807,23.893,10.190,110,11,45,,
T,2023-05-10 12:44:00,6.24836833,-75.57292500,3.20,1467.808,23.892,10.103,112,10,45,,
T,2023-05-10 12:44:01,6.24833500,-75.57284667,3.10,1468.308,23.892,9.767,110,12,45,,
T,2023-05-10 12:44:02,6.24831500,-75.57276833,3.20,1468.108,23.892,9.552,107,11,45,,
T,2023-05-10 12:44:03,6.24829500,-75.57269500,3.20,1468.409,23.891,9.136,107,10,45,,
T,2023-05-10 12:44:04,6.24827667,-75.57262333,3.20,1468.509,23.891,8.731,105,9,45,,
T,2023-05-10 12:44:05,6.24826000,-75.57255000,3.20,1468.609,23.891,9.017,104,12,45,,
T,2023-05-10 12:44:06,6.24824167,-75.57247500,3.30,1468.910,23.890,8.995,103,10,45,,
T,2023-05-10 12:44:07,6.24822500,-75.57239833,3.40,1469.110,23.890,8.890,104,9,45,,
T,2023-05-10 12:44:08,6.24821500,-75.57232667,3.50,1469.310,23.890,8.532,103,9,45,,
T,2023-05-10 12:44:09,6.24820667,-75.57225500,3.60,1469.411,23.889,8.374,102,9,45,,
T,2023-05-10 12:44:10,6.24820167,-75.57218333,3.60,1469.511,23.889,8.627,101,9,45,,
T,2023-05-10 12:44:11,6.24817667,-75.57211167,3.80,1469.811,23.889,8.157,104,8,45,,
T,2023-05-10 12:44:12,6.24814667,-75.57204333,3.80,1470.112,23.888,7.760,108,8,45,,
T,2023-05-10 12:44:13,6.24811833,-75.57197667,3.90,1470.212,23.888,7.680,112,8,45,,
T,2023-05-10 12:44:14,6.24806167,-75.57190333,3.90,1471.012,23.888,8.537,115,9,45,,
T,2023-05-10 12:44:15,6.24802000,-75.57182333,4.00,1470.913,23.887,8.678,115,8,45,,
T,2023-05-10 12:44:16,6.24796833,-75.57174833,4.00,1471.213,23.887,8.528,118,8,45,,
T,2023-05-10 12:44:17,6.24791833,-75.57167667,4.10,1471.413,23.887,8.526,119,8,45,,
T,2023-05-10 12:44:18,6.24788333,-75.57160333,4.10,1471.414,23.886,8.607,117,7,45,,
T,2023-05-10 12:44:19,6.24779333,-75.57152000,4.10,1473.514,23.886,9.041,119,8,45,,
T,2023-05-10 12:44:20,6.24776167,-75.57144833,4.10,1473.614,23.886,8.890,117,9,45,,
T,2023-05-10 12:44:21,6.24770667,-75.57138333,3.90,1473.914,23.886,8.757,116,8,45,,
T,2023-05-10 12:44:22,6.24769167,-75.57131833,3.80,1474.315,23.885,8.226,114,10,45,,
T,2023-05-10 12:44:23,6.24767500,-75.57124667,3.70,1474.615,23.885,8.260,114,10,45,,
T,2023-05-10 12:44:24,6.24766000,-75.57118167,3.70,1474.715,23.885,7.754,112,11,45,,
T,2023-05-10 12:44:25,6.24766167,-75.57112000,3.60,1474.816,23.884,6.967,110,12,45,,
T,2023-05-10 12:44:26,6.24768500,-75.57106167,3.60,1475.116,23.884,6.361,107,10,45,,
T,2023-05-10 12:44:27,6.24766333,-75.57100667,3.30,1476.416,23.884,5.806,108,11,45,,
T,2023-05-10 12:44:28,6.24765333,-75.57096667,3.30,1476.816,23.884,5.300,112,13,45,,
T,2023-05-10 12:44:29,6.24764500,-75.57093333,3.10,1476.517,23.883,5.161,107,14,45,,
T,2023-05-10 12:44:30,6.24763167,-75.57088667,3.00,1476.817,23.883,4.988,110,15,45,,
T,2023-05-10 12:44:31,6.24761667,-75.57084667,2.90,1476.417,23.883,5.102,110,16,45,,
T,2023-05-10 12:44:32,6.24760500,-75.57079333,2.90,1476.817,23.883,5.478,111,16,45,,
T,2023-05-10 12:44:33,6.24759000,-75.57074333,2.80,1477.217,23.883,4.748,107,15,45,,
T,2023-05-10 12:44:34,6.24759000,-75.57070000,2.90,1477.718,23.882,4.355,99,14,45,,
T,2023-05-10 12:44:35,6.24760167,-75.57067000,2.90,1478.618,23.882,2.772,95,15,45,,
T,2023-05-10 12:44:36,6.24760333,-75.57064333,2.90,1479.018,23.882,2.785,101,15,45,,
T,2023-05-10 12:44:37,6.24760667,-75.57062833,2.80,1478.818,23.882,2.383,100,15,45,,
T,2023-05-10 12:44:38,6.24760167,-75.57061167,2.70,1479.318,23.882,1.984,101,17,45,,
T,2023-05-10 12:44:39,6.24759333,-75.57059000,2.80,1479.918,23.882,2.445,99,15,45,,
T,2023-05-10 12:44:40,6.24759000,-75.57057333,2.80,1480.418,23.882,2.128,111,16,45,,
T,2023-05-10 12:44:41,6.24759000,-75.57056500,2.90,1480.918,23.882,1.705,108,16,45,,
T,2023-05-10 12:44:42,6.24758500,-75.57055333,2.90,1481.218,23.882,1.522,111,16,45,,
T,2023-05-10 12:44:43,6.24759500,-75.57055333,2.90,1481.318,23.882,0.000,,16,45,,
T,2023-05-10 12:44:44,6.24760167,-75.57055667,2.90,1481.518,23.882,0.000,,15,45,,
T,2023-05-10 12:44:45,6.24760833,-75.57056167,2.90,1481.918,23.882,0.000,,14,45,,
T,2023-05-10 12:44:46,6.24760833,-75.57056167,2.90,1481.918,23.882,0.000,,14,45,,
T,2023-05-10 12:44:47,6.24760833,-75.57056167,2.90,1481.918,23.882,0.000,,13,45,,
T,2023-05-10 12:44:48,6.24764333,-75.57057000,2.90,1483.018,23.882,0.146,111,14,45,,
T,2023-05-10 12:44:49,6.24764333,-75.57057167,2.90,1483.518,23.882,0.000,,15,45,,
T,2023-05-10 12:44:50,6.24764333,-75.57056333,2.90,1483.518,23.882,0.000,,14,45,,
T,2023-05-10 12:44:51,6.24763500,-75.57054667,2.90,1483.719,23.881,0.000,,17,45,,
T,2023-05-10 12:44:52,6.24763500,-75.57054667,2.90,1483.719,23.881,0.000,,14,45,,
T,2023-05-10 12:44:53,6.24763500,-75.57054667,3.00,1483.719,23.881,0.000,,15,45,,
T,2023-05-10 12:44:54,6.24762333,-75.57049333,3.00,1483.919,23.881,0.150,111,16,45,,
T,2023-05-10 12:44:55,6.24761667,-75.57047500,3.10,1483.919,23.881,0.178,111,17,45,,
T,2023-05-10 12:44:56,6.24760833,-75.57045167,3.10,1483.719,23.881,2.222,112,16,45,,
T,2023-05-10 12:44:57,6.24760167,-75.57043000,3.10,1483.519,23.881,2.251,109,17,45,,
T,2023-05-10 12:44:58,6.24760500,-75.57041833,3.10,1483.419,23.881,1.161,109,16,45,,
T,2023-05-10 12:44:59,6.24760667,-75.57040667,3.10,1483.319,23.881,1.175,109,17,45,,
T,2023-05-10 12:45:00,6.24760667,-75.57039000,3.10,1483.319,23.881,2.087,91,14,45,,
T,2023-05-10 12:45:01,6.24759833,-75.57037000,3.10,1483.319,23.881,2.607,113,15,45,,
T,2023-05-10 12:45:02,6.24759667,-75.57034833,3.10,1483.320,23.880,2.382,95,15,45,,
T,2023-05-10 12:45:03,6.24759500,-75.57033000,3.10,1483.320,23.880,2.018,98,14,45,,
T,2023-05-10 12:45:04,6.24758833,-75.57031000,3.10,1483.120,23.880,2.384,101,13,45,,
T,2023-05-10 12:45:05,6.24758667,-75.57029667,3.10,1483.120,23.880,2.020,97,13,44,,
T,2023-05-10 12:45:06,6.24757833,-75.57027333,3.10,1483.120,23.880,2.893,103,13,45,,
T,2023-05-10 12:45:07,6.24757000,-75.57024833,3.10,1483.020,23.880,2.658,94,11,45,,
T,2023-05-10 12:45:08,6.24756500,-75.57022500,3.20,1482.820,23.880,2.365,91,10,45,,
T,2023-05-10 12:45:09,6.24754833,-75.57019333,3.40,1482.620,23.880,2.347,90,8,45,,
T,2023-05-10 12:45:10,6.24752500,-75.57017667,3.60,1482.320,23.880,1.596,109,8,45,,
T,2023-05-10 12:45:11,6.24751667,-75.57016167,3.70,1482.020,23.880,1.282,109,7,45,,
T,2023-05-10 12:45:12,6.24751667,-75.57016833,3.90,1481.820,23.880,0.000,,5,45,,
T,2023-05-10 12:45:13,6.24751833,-75.57016167,4.10,1481.720,23.880,0.000,,4,44,,
T,2023-05-10 12:45:14,6.24751833,-75.57016500,4.30,1481.520,23.880,0.000,,4,44,,
T,2023-05-10 12:45:15,6.24751833,-75.57016500,4.40,1481.520,23.880,0.000,,4,44,,
T,2023-05-10 12:45:16,6.24751833,-75.57016500,4.70,1481.520,23.880,0.000,,4,45,,
T,2023-05-10 12:45:17,6.24751833,-75.57016500,4.90,1481.520,23.880,0.000,,4,45,,
T,2023-05-10 12:45:18,6.24751833,-75.57016500,5.20,1481.520,23.880,0.000,,4,45,,
T,2023-05-10 12:45:19,6.24749667,-75.57013500,30.50,1481.020,23.880,0.057,109,3,45,,
T,2023-05-10 12:45:20,6.24750000,-75.57014000,31.30,1480.920,23.880,0.018,109,3,45,,
T,2023-05-10 12:45:21,6.24750000,-75.57014000,32.30,1480.920,23.880,0.009,109,3,45,,
T,2023-05-10 12:45:22,6.24748167,-75.57012000,32.40,1480.920,23.880,0.048,109,3,44,,
T,2023-05-10 12:45:23,6.24747000,-75.57010000,5.50,1480.921,23.879,0.000,,4,44,,
T,2023-05-10 12:45:24,6.24747500,-75.57009167,5.50,1480.821,23.879,0.000,,4,44,,
T,2023-05-10 12:45:25,6.24748833,-75.57008500,5.50,1480.821,23.879,0.000,,4,44,,
T,2023-05-10 12:45:26,6.24748833,-75.57008500,5.40,1480.821,23.879,0.000,,5,44,,
T,2023-05-10 12:45:27,6.24748833,-75.57008500,5.40,1480.821,23.879,0.000,,5,44,,
T,2023-05-10 12:45:28,6.24748833,-75.57008500,5.30,1480.821,23.879,0.000,,4,45,,
T,2023-05-10 12:45:29,6.24748833,-75.57008500,5.30,1480.821,23.879,0.000,,4,45,,
T,2023-05-10 12:45:30,6.24748833,-75.57008500,5.40,1480.821,23.879,0.000,,4,45,,
T,2023-05-10 12:45:31,6.24748833,-75.57008500,5.60,1480.821,23.879,0.000,,4,45,,
T,2023-05-10 12:45:32,6.24748833,-75.57008500,5.70,1480.821,23.879,0.000,,4,45,,
T,2023-05-10 12:45:33,6.24748833,-75.57008500,5.90,1480.821,23.879,0.000,,4,45,,
T,2023-05-10 12:45:34,6.24748833,-75.57008500,5.80,1480.821,23.879,0.000,,4,44,,
T,2023-05-10 12:45:35,6.24748833,-75.57008500,5.80,1480.821,23.879,0.000,,4,44,,
T,2023-05-10 12:45:36,6.24748833,-75.57008500,5.60,1480.821,23.879,0.000,,5,44,,
T,2023-05-10 12:45:37,6.24748833,-75.57008500,5.50,1480.821,23.879,0.000,,5,44,,
T,2023-05-10 12:45:38,6.24748833,-75.57008500,5.50,1480.821,23.879,0.000,,4,44,,
T,2023-05-10 12:45:39,6.24748833,-75.57008500,5.50,1480.821,23.879,0.000,,4,45,,
T,2023-05-10 12:45:40,6.24748833,-75.57008500,5.50,1480.821,23.879,0.000,,4,45,,
T,2023-05-10 12:45:41,6.24748833,-75.57008500,5.40,1480.821,23.879,0.000,,5,45,,
T,2023-05-10 12:45:42,6.24737667,-75.57004333,5.30,1480.321,23.879,0.554,109,5,45,,
T,2023-05-10 12:45:43,6.24734500,-75.57002000,5.30,1480.221,23.879,0.000,,5,45,,
T,2023-05-10 12:45:44,6.24733833,-75.57001667,5.30,1480.221,23.879,0.000,,4,45,,
T,2023-05-10 12:45:45,6.24732833,-75.57001833,5.30,1480.221,23.879,0.000,,4,45,,
T,2023-05-10 12:45:46,6.24732167,-75.57001667,27.90,1480.221,23.879,0.845,109,3,45,,
T,2023-05-10 12:45:47,6.24731833,-75.57001833,27.80,1480.221,23.879,0.528,109,3,45,,
T,2023-05-10 12:45:48,6.24731833,-75.57000833,27.90,1480.221,23.879,0.975,109,3,44,,
T,2023-05-10 12:45:49,6.24731833,-75.56999833,29.00,1480.221,23.879,0.996,109,3,45,,
T,2023-05-10 12:45:50,6.24731833,-75.56998167,30.50,1480.221,23.879,1.471,109,3,45,,
T,2023-05-10 12:45:51,6.24731833,-75.56996833,32.80,1480.221,23.879,1.487,94,3,45,,
T,2023-05-10 12:45:52,6.24732000,-75.56994500,5.80,1480.221,23.879,1.824,98,4,45,,
T,2023-05-10 12:45:53,6.24732500,-75.56993000,5.90,1480.121,23.879,1.699,98,4,45,,
T,2023-05-10 12:45:54,6.24733333,-75.56992667,35.60,1480.121,23.879,0.094,98,3,45,,
T,2023-05-10 12:45:55,6.24734000,-75.56993000,38.10,1480.121,23.879,0.026,98,3,45,,
T,2023-05-10 12:45:56,6.24735333,-75.56992833,40.40,1480.121,23.879,0.056,98,3,45,,
T,2023-05-10 12:45:57,6.24735833,-75.56992500,43.30,1480.121,23.879,0.057,98,3,45,,
T,2023-05-10 12:45:58,6.24736500,-75.56992833,46.60,1480.221,23.879,0.055,98,3,44,,
T,2023-05-10 12:45:59,6.24736500,-75.56992833,47.20,1480.221,23.879,0.046,98,3,45,,
T,2023-05-10 12:46:00,6.24734500,-75.56991667,44.00,1480.221,23.879,0.008,98,3,45,,
T,2023-05-10 12:46:02,6.24734500,-75.56990333,42.10,1480.221,23.879,0.030,98,3,44,,
T,2023-05-10 12:46:03,6.24737500,-75.56990500,40.20,1480.221,23.879,0.132,98,3,44,,
T,2023-05-10 12:46:04,6.24739667,-75.56991167,40.60,1480.221,23.879,0.163,98,3,44,,
T,2023-05-10 12:46:05,6.24740000,-75.56990500,6.20,1480.221,23.879,0.000,,4,44,,
T,2023-05-10 12:46:06,6.24739833,-75.56988833,6.20,1480.222,23.878,0.000,,4,44,,
T,2023-05-10 12:46:07,6.24743333,-75.56988667,6.10,1480.222,23.878,0.151,98,4,44,,
T,2023-05-10 12:46:08,6.24745500,-75.56988167,6.10,1480.222,23.878,0.145,98,4,44,,
T,2023-05-10 12:46:09,6.24748833,-75.56987667,6.00,1480.322,23.878,0.170,98,4,44,,
T,2023-05-10 12:46:25,6.24809000,-75.56947500,4.40,1481.625,23.875,7.074,31,10,45,,
T,2023-05-10 12:46:26,6.24815000,-75.56945000,4.00,1479.625,23.875,7.080,32,10,45,,
T,2023-05-10 12:46:27,6.24821667,-75.56941667,3.80,1474.926,23.874,7.103,27,10,45,,
T,2023-05-10 12:46:28,6.24827667,-75.56939167,3.60,1474.226,23.874,6.572,26,11,45,,
T,2023-05-10 12:46:29,6.24833833,-75.56939167,3.20,1474.026,23.874,6.070,20,14,45,,
T,2023-05-10 12:46:30,6.24838167,-75.56936333,3.10,1476.626,23.874,5.462,24,15,45,,
T,2023-05-10 12:46:31,6.24841667,-75.56932500,2.90,1477.726,23.874,4.888,37,14,45,,
T,2023-05-10 12:46:32,6.24844333,-75.56930667,2.90,1478.527,23.873,4.589,35,14,45,,
T,2023-05-10 12:46:33,6.24845333,-75.56929333,2.90,1479.027,23.873,2.872,37,14,45,,
T,2023-05-10 12:46:34,6.24844833,-75.56928333,2.90,1478.527,23.873,1.485,37,16,45,,
T,2023-05-10 12:46:35,6.24843833,-75.56927333,2.90,1477.927,23.873,0.000,,16,45,,
T,2023-05-10 12:46:36,6.24843167,-75.56927000,2.80,1477.827,23.873,0.000,,15,45,,
T,2023-05-10 12:46:37,6.24842500,-75.56927000,2.80,1477.527,23.873,0.000,,14,45,,
T,2023-05-10 12:46:38,6.24842500,-75.56927000,2.80,1477.527,23.873,0.000,,16,45,,
T,2023-05-10 12:46:39,6.24842500,-75.56927000,2.70,1477.527,23.873,0.000,,15,45,,
T,2023-05-10 12:46:40,6.24842500,-75.56927000,2.70,1477.527,23.873,0.000,,17,45,,
T,2023-05-10 12:46:41,6.24842500,-75.56927000,2.70,1477.527,23.873,0.000,,15,45,,
T,2023-05-10 12:46:42,6.24842500,-75.56927000,2.70,1477.527,23.873,0.000,,14,45,,
T,2023-05-10 12:46:43,6.24842500,-75.56927000,1.20,1477.527,23.873,0.000,,14,45,,
T,2023-05-10 12:46:44,6.24842500,-75.56927000,1.10,1477.527,23.873,0.000,,19,45,,
T,2023-05-10 12:46:45,6.24842500,-75.56927000,1.10,1477.527,23.873,0.000,,20,45,,
T,2023-05-10 12:46:46,6.24842500,-75.56927000,1.10,1477.527,23.873,0.000,,20,45,,
T,2023-05-10 12:46:47,6.24842500,-75.56927000,1.00,1477.527,23.873,0.000,,18,45,,
T,2023-05-10 12:46:48,6.24842500,-75.56927000,1.40,1477.527,23.873,0.000,,18,45,,
T,2023-05-10 12:46:49,6.24842500,-75.56927000,1.60,1477.527,23.873,0.000,,19,45,,
T,2023-05-10 12:46:50,6.24842500,-75.56927000,1.70,1477.527,23.873,0.000,,20,45,,
T,2023-05-10 12:46:51,6.24842500,-75.56927000,1.80,1477.527,23.873,0.000,,19,45,,
T,2023-05-10 12:46:52,6.24842500,-75.56927000,1.90,1477.527,23.873,0.000,,19,45,,
T,2023-05-10 12:46:53,6.24842500,-75.56927000,1.90,1477.527,23.873,0.000,,20,45,,
T,2023-05-10 12:46:54,6.24842500,-75.56927000,1.90,1477.527,23.873,0.000,,20,45,,
T,2023-05-10 12:46:55,6.24842500,-75.56927000,2.00,1477.527,23.873,0.000,,21,45,,
T,2023-05-10 12:46:56,6.24842500,-75.56927000,2.00,1477.527,23.873,0.000,,21,45,,
T,2023-05-10 12:46:57,6.24842500,-75.56927000,2.10,1477.527,23.873,0.000,,20,45,,
T,2023-05-10 12:46:58,6.24842500,-75.56927000,2.10,1477.527,23.873,0.000,,21,45,,
T,2023-05-10 12:46:59,6.24842500,-75.56927000,2.10,1477.527,23.873,0.000,,20,45,,
T,2023-05-10 12:47:00,6.24842500,-75.56927000,2.20,1477.527,23.873,0.000,,18,45,,
T,2023-05-10 12:47:01,6.24842500,-75.56927000,2.10,1477.527,23.873,0.000,,17,45,,
T,2023-05-10 12:47:02,6.24842500,-75.56927000,2.10,1477.527,23.873,0.000,,16,45,,
T,2023-05-10 12:47:03,6.24842500,-75.56927000,2.00,1477.527,23.873,0.000,,17,45,,
T,2023-05-10 12:47:04,6.24842500,-75.56927000,2.00,1477.527,23.873,0.000,,17,45,,
T,2023-05-10 12:47:05,6.24842500,-75.56927000,2.00,1477.527,23.873,0.000,,17,45,,
T,2023-05-10 12:47:06,6.24842500,-75.56927000,1.90,1477.527,23.873,0.000,,17,45,,
T,2023-05-10 12:47:07,6.24842500,-75.56927000,1.90,1477.527,23.873,0.000,,17,45,,
T,2023-05-10 12:47:08,6.24842500,-75.56927000,1.90,1477.527,23.873,0.000,,16,45,,
T,2023-05-10 12:47:09,6.24842500,-75.56927000,1.90,1477.527,23.873,0.000,,16,45,,
T,2023-05-10 12:47:10,6.24842500,-75.56927000,1.90,1477.527,23.873,0.000,,16,45,,
T,2023-05-10 12:47:11,6.24842500,-75.56927000,1.90,1477.527,23.873,0.000,,18,45,,
T,2023-05-10 12:47:12,6.24842500,-75.56927000,2.00,1477.527,23.873,0.000,,18,45,,
T,2023-05-10 12:47:13,6.24842500,-75.56927000,2.00,1477.527,23.873,0.000,,16,45,,
T,2023-05-10 12:47:14,6.24842500,-75.56927000,2.00,1477.527,23.873,0.000,,18,45,,
T,2023-05-10 12:47:15,6.24842500,-75.56927000,2.00,1477.527,23.873,0.000,,19,45,,
T,2023-05-10 12:47:16,6.24842500,-75.56927000,2.00,1477.527,23.873,0.000,,18,45,,
T,2023-05-10 12:47:17,6.24842500,-75.56927000,1.90,1477.527,23.873,0.000,,18,45,,
T,2023-05-10 12:47:18,6.24842500,-75.56927000,1.90,1477.527,23.873,0.000,,20,45,,
T,2023-05-10 12:47:19,6.24842500,-75.56927000,1.90,1477.527,23.873,0.000,,20,45,,
T,2023-05-10 12:47:20,6.24842500,-75.56927000,2.00,1477.527,23.873,0.000,,21,45,,
T,2023-05-10 12:47:21,6.24833333,-75.56926833,2.00,1470.527,23.873,0.268,25,21,45,,
T,2023-05-10 12:47:22,6.24832667,-75.56926667,1.90,1470.227,23.873,0.000,,21,45,,
T,2023-05-10 12:47:23,6.24832333,-75.56926500,1.90,1469.627,23.873,0.000,,22,45,,
T,2023-05-10 12:47:24,6.24832500,-75.56926833,1.10,1470.127,23.873,0.000,,21,45,,
T,2023-05-10 12:47:25,6.24832500,-75.56926833,1.10,1470.127,23.873,0.000,,21,45,,
T,2023-05-10 12:47:26,6.24832500,-75.56926833,1.00,1470.127,23.873,0.000,,21,45,,
T,2023-05-10 12:47:27,6.24832500,-75.56926833,1.00,1470.127,23.873,0.000,,21,45,,
T,2023-05-10 12:47:28,6.24832500,-75.56926833,1.00,1470.127,23.873,0.000,,21,45,,
T,2023-05-10 12:47:29,6.24832500,-75.56926833,1.00,1470.127,23.873,0.000,,21,45,,
T,2023-05-10 12:47:30,6.24832500,-75.56926833,1.00,1470.127,23.873,0.000,,20,45,,
T,2023-05-10 12:47:31,6.24832500,-75.56926833,1.00,1470.127,23.873,0.000,,20,45,,
T,2023-05-10 12:47:32,6.24832500,-75.56926833,1.00,1470.127,23.873,0.000,,21,45,,
T,2023-05-10 12:47:33,6.24832500,-75.56926833,0.90,1470.127,23.873,0.000,,21,45,,
T,2023-05-10 12:47:34,6.24832500,-75.56926833,1.00,1470.127,23.873,0.000,,22,45,,
T,2023-05-10 12:47:35,6.24832500,-75.56926833,1.00,1470.127,23.873,0.000,,23,45,,
T,2023-05-10 12:47:36,6.24832500,-75.56926833,1.00,1470.127,23.873,0.000,,23,45,,
T,2023-05-10 12:47:37,6.24832500,-75.56926833,1.00,1470.127,23.873,0.000,,23,45,,
T,2023-05-10 12:47:38,6.24832500,-75.56926833,1.00,1470.127,23.873,0.000,,23,45,,
T,2023-05-10 12:47:39,6.24832500,-75.56926833,1.00,1470.127,23.873,0.000,,24,45,,
T,2023-05-10 12:47:40,6.24832500,-75.56926833,1.00,1470.127,23.873,0.000,,24,45,,
T,2023-05-10 12:47:41,6.24832500,-75.56926833,1.00,1470.127,23.873,0.000,,24,45,,
T,2023-05-10 12:47:42,6.24832500,-75.56926833,1.00,1470.127,23.873,0.000,,24,45,,
T,2023-05-10 12:47:43,6.24832500,-75.56926833,1.00,1470.127,23.873,0.000,,24,45,,
T,2023-05-10 12:47:44,6.24832500,-75.56926833,1.00,1470.127,23.873,0.000,,24,45,,
T,2023-05-10 12:47:45,6.24832500,-75.56926833,1.00,1470.127,23.873,0.000,,24,45,,
T,2023-05-10 12:47:46,6.24832500,-75.56926833,1.00,1470.127,23.873,0.000,,24,45,,
T,2023-05-10 12:47:47,6.24832500,-75.56926833,1.00,1470.127,23.873,0.000,,24,45,,
T,2023-05-10 12:47:48,6.24832500,-75.56926833,1.00,1470.127,23.873,0.000,,24,45,,
T,2023-05-10 12:47:49,6.24832500,-75.56926833,1.30,1470.127,23.873,0.000,,24,45,,
T,2023-05-10 12:47:50,6.24832500,-75.56926833,1.50,1470.127,23.873,0.000,,23,45,,
T,2023-05-10 12:47:51,6.24832500,-75.56926833,1.50,1470.127,23.873,0.000,,23,45,,
T,2023-05-10 12:47:52,6.24832500,-75.56926833,1.50,1470.127,23.873,0.000,,24,45,,
T,2023-05-10 12:47:53,6.24832500,-75.56926833,1.60,1470.127,23.873,0.000,,24,45,,
T,2023-05-10 12:47:54,6.24832500,-75.56926833,1.70,1470.127,23.873,0.000,,24,45,,
T,2023-05-10 12:47:55,6.24832500,-75.56926833,1.70,1470.127,23.873,0.000,,24,45,,
T,2023-05-10 12:47:56,6.24832500,-75.56926833,1.70,1470.127,23.873,0.000,,24,45,,
T,2023-05-10 12:47:57,6.24832500,-75.56926833,1.10,1470.127,23.873,0.000,,24,45,,
T,2023-05-10 12:47:58,6.24832500,-75.56926833,1.00,1470.127,23.873,0.000,,24,45,,
T,2023-05-10 12:47:59,6.24832500,-75.56926833,1.00,1470.127,23.873,0.000,,24,45,,
T,2023-05-10 12:48:00,6.24832500,-75.56926833,1.00,1470.127,23.873,0.000,,24,45,,
T,2023-05-10 12:48:01,6.24832500,-75.56926833,1.00,1470.127,23.873,0.000,,24,45,,
T,2023-05-10 12:48:02,6.24832500,-75.56926833,1.00,1470.127,23.873,0.000,,24,45,,
T,2023-05-10 12:48:03,6.24832500,-75.56926833,1.00,1470.127,23.873,0.000,,24,44,,
T,2023-05-10 12:48:04,6.24832500,-75.56926833,1.00,1470.127,23.873,0.000,,24,44,,
T,2023-05-10 12:48:05,6.24832500,-75.56926833,1.00,1470.127,23.873,0.000,,24,44,,
T,2023-05-10 12:48:06,6.24832500,-75.56926833,1.30,1470.127,23.873,0.000,,24,44,,
T,2023-05-10 12:48:07,6.24832500,-75.56926833,1.70,1470.127,23.873,0.000,,24,44,,
T,2023-05-10 12:48:08,6.24832500,-75.56926833,1.70,1470.127,23.873,0.000,,24,44,,
T,2023-05-10 12:48:09,6.24832500,-75.56926833,1.80,1470.127,23.873,0.000,,25,44,,
T,2023-05-10 12:48:10,6.24832500,-75.56926833,1.90,1470.127,23.873,0.000,,24,44,,
T,2023-05-10 12:48:11,6.24832500,-75.56926833,1.90,1470.127,23.873,0.000,,23,44,,
T,2023-05-10 12:48:12,6.24832500,-75.56926833,2.10,1470.127,23.873,0.000,,23,44,,
T,2023-05-10 12:48:13,6.24832500,-75.56926833,2.00,1470.127,23.873,0.000,,21,44,,
T,2023-05-10 12:48:14,6.24832500,-75.56926833,2.00,1470.127,23.873,0.000,,23,44,,
