type,date time,latitude,longitude,accuracy(m),altitude(m),geoid_height(m),speed(m/s),bearing(deg),sat_used,sat_inview,name,desc
T,2023-05-09 15:04:56,6.27634531,-75.58650029,12.59,1545.026,23.899,0.000,,11,26,20230509-100456,GPS Logger: 20230509-100456 - Honda_cb125f_ruta 8
T,2023-05-09 15:04:57,6.27634511,-75.58650047,12.09,1544.823,23.899,0.000,,12,26,,
T,2023-05-09 15:04:58,6.27634611,-75.58650054,11.50,1544.969,23.899,0.000,,12,26,,
T,2023-05-09 15:04:59,6.27634494,-75.58650115,11.32,1545.292,23.899,0.000,,13,26,,
T,2023-05-09 15:05:00,6.27634540,-75.58650128,11.91,1545.373,23.899,0.000,,13,26,,
T,2023-05-09 15:05:01,6.27634557,-75.58650095,12.47,1545.291,23.899,0.000,,13,26,,
T,2023-05-09 15:05:02,6.27634615,-75.58650180,12.23,1545.261,23.899,0.000,,12,26,,
T,2023-05-09 15:05:03,6.27634554,-75.58650267,12.80,1545.269,23.899,0.000,,10,26,,
T,2023-05-09 15:05:04,6.27634497,-75.58650321,13.44,1545.343,23.899,0.000,,10,26,,
T,2023-05-09 15:05:05,6.27634474,-75.58650343,14.66,1545.359,23.899,0.000,,9,26,,
T,2023-05-09 15:05:06,6.27634464,-75.58650345,15.63,1545.368,23.899,0.000,,8,26,,
T,2023-05-09 15:05:07,6.27634437,-75.58650328,15.80,1545.300,23.899,0.000,,7,26,,
T,2023-05-09 15:05:08,6.27634363,-75.58650306,12.68,1545.287,23.899,0.000,,8,26,,
T,2023-05-09 15:05:09,6.27634372,-75.58650330,12.17,1545.352,23.899,0.000,,10,26,,
T,2023-05-09 15:05:10,6.27634338,-75.58650291,12.21,1545.316,23.899,0.000,,9,26,,
T,2023-05-09 15:05:11,6.27634267,-75.58650235,12.35,1545.294,23.899,0.000,,9,26,,
T,2023-05-09 15:05:12,6.27634124,-75.58650158,12.73,1545.176,23.899,0.000,,8,26,,
T,2023-05-09 15:05:13,6.27634036,-75.58650120,13.57,1545.147,23.899,0.000,,8,26,,
T,2023-05-09 15:05:14,6.27633918,-75.58650133,14.78,1545.263,23.899,0.000,,8,26,,
T,2023-05-09 15:05:15,6.27633787,-75.58650082,17.25,1545.156,23.899,0.000,,7,26,,
T,2023-05-09 15:05:16,6.27627430,-75.58633455,18.88,1544.053,23.899,7.040,135,8,26,,
T,2023-05-09 15:05:17,6.27623097,-75.58620168,19.26,1540.506,23.898,6.890,128,10,26,,
T,2023-05-09 15:05:18,6.27619903,-75.58614464,20.25,1540.829,23.898,6.430,115,9,26,,
T,2023-05-09 15:05:19,6.27615097,-75.58607347,21.22,1541.181,23.898,7.060,119,11,26,,
T,2023-05-09 15:05:20,6.27614388,-75.58591904,21.50,1541.287,23.897,7.790,112,11,26,,
T,2023-05-09 15:05:21,6.27612146,-75.58581335,22.75,1541.030,23.896,8.450,112,12,26,,
T,2023-05-09 15:05:22,6.27608920,-75.58575333,24.35,1540.912,23.896,8.180,112,12,26,,
T,2023-05-09 15:05:23,6.27606148,-75.58566717,27.63,1540.646,23.896,8.580,112,11,26,,
T,2023-05-09 15:05:24,6.27606303,-75.58553409,30.68,1539.666,23.895,9.180,109,11,25,,
T,2023-05-09 15:05:25,6.27607024,-75.58540080,35.17,1539.339,23.894,9.580,106,10,25,,
T,2023-05-09 15:05:26,6.27603167,-75.58524870,37.62,1539.195,23.894,10.460,107,9,25,,
T,2023-05-09 15:05:27,6.27599202,-75.58500629,34.44,1540.525,23.892,12.030,108,8,25,,
T,2023-05-09 15:05:28,6.27588767,-75.58496909,30.77,1539.451,23.892,11.880,111,10,25,,
T,2023-05-09 15:05:29,6.27583095,-75.58485724,30.71,1538.938,23.892,12.100,112,11,26,,
T,2023-05-09 15:05:30,6.27578059,-75.58476827,25.59,1538.487,23.892,11.280,108,11,26,,
T,2023-05-09 15:05:31,6.27575104,-75.58466382,25.73,1537.290,23.891,11.300,108,9,26,,
T,2023-05-09 15:05:32,6.27571012,-75.58459073,25.18,1537.703,23.891,10.040,113,9,26,,
T,2023-05-09 15:05:33,6.27568607,-75.58449187,25.49,1536.901,23.890,9.800,110,9,26,,
T,2023-05-09 15:05:34,6.27565027,-75.58441779,25.80,1537.505,23.890,8.890,117,7,26,,
T,2023-05-09 15:05:35,6.27560075,-75.58431701,26.31,1537.910,23.890,9.330,117,6,26,,
T,2023-05-09 15:05:36,6.27554714,-75.58422165,25.83,1537.324,23.889,8.730,119,7,26,,
T,2023-05-09 15:05:37,6.27546951,-75.58415295,25.57,1536.796,23.889,8.530,122,8,26,,
T,2023-05-09 15:05:38,6.27533997,-75.58402410,18.51,1536.957,23.889,7.820,115,8,25,,
T,2023-05-09 15:05:39,6.27529438,-75.58398318,14.86,1536.704,23.889,8.600,114,8,26,,
T,2023-05-09 15:05:40,6.27529851,-75.58390370,14.59,1536.411,23.888,8.950,113,10,26,,
T,2023-05-09 15:05:41,6.27523148,-75.58383310,14.83,1537.436,23.888,9.140,115,11,26,,
T,2023-05-09 15:05:42,6.27519708,-75.58375645,15.65,1536.957,23.888,8.950,114,10,26,,
T,2023-05-09 15:05:43,6.27517289,-75.58371104,14.99,1537.540,23.888,7.310,109,10,26,,
T,2023-05-09 15:05:44,6.27513291,-75.58366268,14.88,1536.030,23.887,6.870,109,10,26,,
T,2023-05-09 15:05:45,6.27511810,-75.58360343,15.91,1534.055,23.887,6.110,113,10,26,,
T,2023-05-09 15:05:46,6.27509597,-75.58355206,17.30,1533.491,23.887,6.180,109,7,26,,
T,2023-05-09 15:05:47,6.27507003,-75.58349489,17.06,1533.069,23.887,6.470,113,6,25,,
T,2023-05-09 15:05:48,6.27505102,-75.58342868,18.26,1533.172,23.886,7.090,108,6,26,,
T,2023-05-09 15:05:49,6.27502284,-75.58337690,17.84,1530.170,23.886,8.150,109,6,26,,
T,2023-05-09 15:05:50,6.27502201,-75.58328784,18.30,1528.664,23.886,8.570,105,7,26,,
T,2023-05-09 15:05:51,6.27499803,-75.58321237,18.38,1528.264,23.885,8.300,103,7,26,,
T,2023-05-09 15:05:52,6.27498691,-75.58314358,18.72,1527.301,23.885,7.450,103,10,26,,
T,2023-05-09 15:05:53,6.27497060,-75.58307535,18.61,1526.502,23.885,8.020,109,11,26,,
T,2023-05-09 15:05:54,6.27494239,-75.58301933,19.73,1526.590,23.885,7.660,112,10,26,,
T,2023-05-09 15:05:55,6.27491665,-75.58295354,21.24,1526.294,23.884,7.460,110,10,26,,
T,2023-05-09 15:05:56,6.27490008,-75.58288728,23.76,1525.481,23.884,7.270,100,9,26,,
T,2023-05-09 15:05:57,6.27489633,-75.58282447,25.67,1526.005,23.884,7.000,92,9,26,,
T,2023-05-09 15:05:58,6.27490640,-75.58278027,27.00,1526.051,23.883,6.160,77,8,26,,
T,2023-05-09 15:05:59,6.27491238,-75.58277032,28.32,1525.861,23.883,4.710,61,8,26,,
T,2023-05-09 15:06:00,6.27481757,-75.58278657,24.97,1524.632,23.884,3.470,52,7,26,,
T,2023-05-09 15:06:01,6.27484488,-75.58277527,26.17,1524.807,23.883,2.790,46,7,26,,
T,2023-05-09 15:06:02,6.27484788,-75.58276228,28.80,1524.630,23.883,2.640,51,7,26,,
T,2023-05-09 15:06:03,6.27485734,-75.58267635,28.27,1524.985,23.883,3.450,64,6,25,,
T,2023-05-09 15:06:04,6.27486324,-75.58264256,29.77,1525.551,23.883,3.410,80,6,26,,
T,2023-05-09 15:06:05,6.27486231,-75.58260995,24.33,1526.522,23.883,2.870,91,6,26,,
T,2023-05-09 15:06:06,6.27485670,-75.58256639,20.55,1526.579,23.882,4.020,112,9,26,,
T,2023-05-09 15:06:07,6.27484498,-75.58255208,17.82,1525.171,23.882,3.390,124,9,26,,
T,2023-05-09 15:06:08,6.27483001,-75.58251132,17.13,1524.734,23.882,4.330,136,9,26,,
T,2023-05-09 15:06:09,6.27479919,-75.58247888,17.44,1524.246,23.882,4.330,146,9,26,,
T,2023-05-09 15:06:10,6.27476998,-75.58245278,16.71,1523.979,23.882,4.200,145,10,25,,
T,2023-05-09 15:06:11,6.27472887,-75.58239342,15.91,1524.554,23.882,5.120,146,9,26,,
T,2023-05-09 15:06:12,6.27465733,-75.58236966,15.59,1524.927,23.882,5.140,149,7,25,,
T,2023-05-09 15:06:13,6.27461295,-75.58237125,14.52,1523.718,23.882,5.030,151,9,26,,
T,2023-05-09 15:06:14,6.27458371,-75.58233122,13.92,1524.081,23.882,4.520,155,9,26,,
T,2023-05-09 15:06:15,6.27455306,-75.58230701,14.39,1523.402,23.882,4.050,162,10,26,,
T,2023-05-09 15:06:16,6.27452526,-75.58229490,14.61,1524.425,23.882,3.820,167,10,26,,
T,2023-05-09 15:06:17,6.27450332,-75.58225541,14.70,1525.473,23.882,3.260,175,11,26,,
T,2023-05-09 15:06:18,6.27440963,-75.58229551,14.59,1522.678,23.882,5.170,166,11,26,,
T,2023-05-09 15:06:19,6.27427830,-75.58236741,13.62,1514.654,23.883,6.750,164,12,26,,
T,2023-05-09 15:06:20,6.27421512,-75.58235529,13.54,1513.502,23.883,7.230,166,11,26,,
T,2023-05-09 15:06:21,6.27417160,-75.58231405,13.75,1515.901,23.883,7.940,165,10,26,,
T,2023-05-09 15:06:22,6.27408706,-75.58229668,14.04,1519.688,23.883,8.290,160,9,26,,
T,2023-05-09 15:06:23,6.27400735,-75.58227032,14.07,1520.187,23.883,8.360,161,10,26,,
T,2023-05-09 15:06:24,6.27397861,-75.58222656,14.19,1516.862,23.883,7.490,157,11,26,,
T,2023-05-09 15:06:25,6.27391768,-75.58218572,14.90,1518.067,23.883,6.640,154,12,26,,
T,2023-05-09 15:06:26,6.27387955,-75.58217940,15.04,1518.758,23.883,4.490,157,12,26,,
T,2023-05-09 15:06:27,6.27384429,-75.58214718,15.57,1519.392,23.882,4.320,157,12,26,,
T,2023-05-09 15:06:28,6.27382168,-75.58213282,15.71,1519.171,23.882,3.340,164,12,25,,
T,2023-05-09 15:06:29,6.27382658,-75.58213272,15.01,1519.661,23.882,1.650,163,13,26,,
T,2023-05-09 15:06:30,6.27381292,-75.58212238,15.49,1519.702,23.882,1.530,165,14,26,,
T,2023-05-09 15:06:31,6.27380076,-75.58210923,16.33,1519.830,23.882,1.560,163,14,26,,
T,2023-05-09 15:06:32,6.27378712,-75.58210092,17.37,1519.748,23.882,1.620,162,12,26,,
T,2023-05-09 15:06:33,6.27377004,-75.58209040,17.82,1519.864,23.882,1.830,161,10,26,,
T,2023-05-09 15:06:34,6.27377652,-75.58209668,19.65,1519.398,23.882,0.660,162,11,26,,
T,2023-05-09 15:06:35,6.27377691,-75.58209807,16.49,1520.115,23.882,0.450,159,9,25,,
T,2023-05-09 15:06:36,6.27377738,-75.58210251,18.24,1520.017,23.882,0.300,160,10,26,,
T,2023-05-09 15:06:37,6.27376198,-75.58209936,17.52,1519.621,23.882,0.740,159,10,26,,
T,2023-05-09 15:06:38,6.27376190,-75.58209829,15.41,1517.931,23.882,0.000,,12,26,,
T,2023-05-09 15:06:39,6.27377564,-75.58211321,14.98,1517.413,23.882,0.000,,13,26,,
T,2023-05-09 15:06:40,6.27378756,-75.58211808,14.07,1517.083,23.882,0.000,,12,26,,
T,2023-05-09 15:06:41,6.27377389,-75.58211114,12.72,1517.645,23.882,0.000,,14,26,,
T,2023-05-09 15:06:42,6.27379866,-75.58211389,12.13,1517.477,23.882,0.000,,14,26,,
T,2023-05-09 15:06:43,6.27379943,-75.58210898,11.75,1517.769,23.882,0.000,,14,26,,
T,2023-05-09 15:06:44,6.27379686,-75.58211052,11.39,1518.046,23.882,0.000,,13,26,,
T,2023-05-09 15:06:45,6.27379392,-75.58211343,11.24,1518.465,23.882,0.000,,11,26,,
T,2023-05-09 15:06:46,6.27379152,-75.58211214,11.37,1518.316,23.882,0.000,,11,26,,
T,2023-05-09 15:06:47,6.27377924,-75.58210985,11.21,1518.132,23.882,0.000,,9,26,,
T,2023-05-09 15:06:48,6.27377837,-75.58211253,11.34,1517.793,23.882,0.000,,11,26,,
T,2023-05-09 15:06:49,6.27377857,-75.58211172,11.32,1517.143,23.882,0.000,,12,26,,
T,2023-05-09 15:06:50,6.27378284,-75.58211110,11.12,1516.330,23.882,0.000,,13,26,,
T,2023-05-09 15:06:51,6.27378745,-75.58211207,10.76,1516.252,23.882,0.000,,14,26,,
T,2023-05-09 15:06:52,6.27378718,-75.58211176,10.62,1515.563,23.882,0.000,,14,26,,
T,2023-05-09 15:06:53,6.27378605,-75.58211141,10.60,1515.377,23.882,0.000,,13,26,,
T,2023-05-09 15:06:54,6.27378643,-75.58211190,10.79,1516.013,23.882,0.000,,13,26,,
T,2023-05-09 15:06:55,6.27378487,-75.58211177,10.87,1515.655,23.882,0.000,,12,26,,
T,2023-05-09 15:06:56,6.27378395,-75.58211194,10.96,1515.195,23.882,0.000,,12,26,,
T,2023-05-09 15:06:57,6.27378361,-75.58211227,10.98,1515.368,23.882,0.000,,12,26,,
T,2023-05-09 15:06:58,6.27378308,-75.58211231,10.92,1515.238,23.882,0.000,,12,26,,
T,2023-05-09 15:06:59,6.27378403,-75.58211228,11.01,1515.121,23.882,0.000,,11,26,,
T,2023-05-09 15:07:00,6.27378374,-75.58211232,10.83,1515.327,23.882,0.000,,12,26,,
T,2023-05-09 15:07:01,6.27378370,-75.58211232,10.80,1515.326,23.882,0.000,,14,26,,
T,2023-05-09 15:07:02,6.27378353,-75.58211215,11.08,1515.371,23.882,0.000,,14,26,,
T,2023-05-09 15:07:03,6.27378348,-75.58211212,11.18,1515.368,23.882,0.000,,13,26,,
T,2023-05-09 15:07:04,6.27378347,-75.58211217,11.28,1515.298,23.882,0.000,,12,26,,
T,2023-05-09 15:07:05,6.27378153,-75.58211196,11.15,1514.775,23.882,0.000,,13,26,,
T,2023-05-09 15:07:06,6.27377947,-75.58211191,11.09,1514.296,23.882,0.000,,12,26,,
T,2023-05-09 15:07:07,6.27378002,-75.58211247,10.84,1514.300,23.882,0.000,,11,26,,
T,2023-05-09 15:07:08,6.27378124,-75.58211239,10.87,1514.648,23.882,0.000,,12,26,,
T,2023-05-09 15:07:09,6.27378161,-75.58211215,10.89,1514.328,23.882,0.000,,12,26,,
T,2023-05-09 15:07:10,6.27378113,-75.58211170,10.94,1514.299,23.882,0.000,,14,26,,
T,2023-05-09 15:07:11,6.27378169,-75.58211152,10.90,1513.631,23.882,0.000,,13,26,,
T,2023-05-09 15:07:12,6.27372048,-75.58208274,10.78,1512.224,23.882,6.110,155,14,26,,
T,2023-05-09 15:07:13,6.27370641,-75.58204012,10.71,1510.857,23.882,4.670,129,14,26,,
T,2023-05-09 15:07:14,6.27365044,-75.58201134,10.66,1512.217,23.882,4.710,136,14,26,,
T,2023-05-09 15:07:15,6.27362678,-75.58198009,10.90,1511.665,23.882,4.970,135,14,26,,
T,2023-05-09 15:07:16,6.27361123,-75.58192457,11.44,1513.022,23.882,5.160,117,14,26,,
T,2023-05-09 15:07:17,6.27363036,-75.58184101,11.10,1513.354,23.881,6.800,82,17,26,,
T,2023-05-09 15:07:18,6.27363867,-75.58178591,11.04,1508.468,23.881,5.890,91,16,26,,
T,2023-05-09 15:07:19,6.27363935,-75.58172570,11.22,1510.302,23.881,6.460,90,15,26,,
T,2023-05-09 15:07:20,6.27367328,-75.58167797,11.26,1508.211,23.880,5.960,72,14,26,,
T,2023-05-09 15:07:21,6.27369187,-75.58162288,11.53,1508.670,23.880,5.460,76,14,26,,
T,2023-05-09 15:07:22,6.27369464,-75.58156877,11.79,1507.471,23.880,6.090,87,14,26,,
T,2023-05-09 15:07:23,6.27367598,-75.58151958,11.81,1507.255,23.880,5.400,100,14,26,,
T,2023-05-09 15:07:24,6.27368080,-75.58146513,11.55,1506.820,23.879,5.240,89,15,26,,
T,2023-05-09 15:07:25,6.27368031,-75.58142257,11.51,1506.636,23.879,5.360,90,16,26,,
T,2023-05-09 15:07:26,6.27367091,-75.58137134,11.66,1507.022,23.879,5.850,96,17,26,,
T,2023-05-09 15:07:27,6.27367194,-75.58132340,11.75,1506.803,23.879,5.530,95,17,26,,
T,2023-05-09 15:07:28,6.27367250,-75.58129997,12.10,1506.545,23.878,3.570,89,17,26,,
T,2023-05-09 15:07:29,6.27367842,-75.58128790,12.56,1506.362,23.878,2.160,72,17,26,,
T,2023-05-09 15:07:30,6.27367868,-75.58127645,12.63,1505.738,23.878,1.480,48,16,26,,
T,2023-05-09 15:07:31,6.27369363,-75.58125318,12.95,1505.402,23.878,1.500,39,14,26,,
T,2023-05-09 15:07:32,6.27368063,-75.58125565,13.00,1504.988,23.878,1.030,52,15,26,,
T,2023-05-09 15:07:33,6.27366594,-75.58126521,12.18,1504.453,23.878,0.200,95,15,26,,
T,2023-05-09 15:07:34,6.27365779,-75.58126813,12.19,1503.900,23.878,0.670,94,15,26,,
T,2023-05-09 15:07:35,6.27365071,-75.58126832,12.47,1504.668,23.878,0.770,92,13,26,,
T,2023-05-09 15:07:36,6.27364879,-75.58126375,12.71,1504.395,23.878,0.710,88,13,26,,
T,2023-05-09 15:07:37,6.27364680,-75.58125904,13.21,1504.411,23.878,0.710,82,13,26,,
T,2023-05-09 15:07:38,6.27363715,-75.58125513,13.78,1504.201,23.878,0.890,85,11,26,,
T,2023-05-09 15:07:39,6.27362425,-75.58124666,14.54,1504.390,23.878,1.390,87,11,26,,
T,2023-05-09 15:07:40,6.27360740,-75.58123201,15.18,1504.225,23.878,2.000,89,9,26,,
T,2023-05-09 15:07:41,6.27359127,-75.58120659,16.19,1503.681,23.878,2.520,89,9,26,,
T,2023-05-09 15:07:42,6.27358099,-75.58117760,16.31,1503.969,23.878,2.870,88,9,25,,
T,2023-05-09 15:07:43,6.27358036,-75.58113866,16.92,1504.259,23.878,3.020,88,9,26,,
T,2023-05-09 15:07:44,6.27357352,-75.58106224,16.97,1503.098,23.877,4.630,87,11,26,,
T,2023-05-09 15:07:45,6.27355605,-75.58098472,15.89,1501.618,23.877,4.680,86,12,26,,
T,2023-05-09 15:07:46,6.27352004,-75.58078700,15.19,1502.900,23.876,5.830,102,13,26,,
T,2023-05-09 15:07:47,6.27348476,-75.58072820,15.96,1503.492,23.876,5.730,106,13,26,,
T,2023-05-09 15:07:48,6.27347910,-75.58066105,17.39,1503.119,23.876,5.870,104,14,26,,
T,2023-05-09 15:07:49,6.27350910,-75.58058454,19.89,1504.085,23.875,6.050,101,12,26,,
T,2023-05-09 15:07:50,6.27348075,-75.58052182,21.50,1503.397,23.875,6.510,104,11,26,,
T,2023-05-09 15:07:51,6.27345627,-75.58047629,24.55,1503.643,23.875,6.580,106,11,26,,
T,2023-05-09 15:07:52,6.27347874,-75.58038006,27.99,1503.217,23.874,6.940,99,10,26,,
T,2023-05-09 15:07:53,6.27350298,-75.58024225,26.84,1501.365,23.873,7.310,95,7,26,,
T,2023-05-09 15:07:54,6.27350172,-75.58014275,19.85,1499.294,23.873,6.830,87,9,26,,
T,2023-05-09 15:07:55,6.27352594,-75.58008364,17.67,1500.442,23.872,6.260,89,12,25,,
T,2023-05-09 15:07:56,6.27354592,-75.58001282,17.73,1501.008,23.872,6.220,87,14,26,,
T,2023-05-09 15:07:57,6.27353098,-75.57995727,14.73,1500.154,23.872,6.050,93,14,26,,
T,2023-05-09 15:07:58,6.27347266,-75.57990792,12.91,1501.169,23.872,6.340,129,17,26,,
T,2023-05-09 15:07:59,6.27340482,-75.57995766,11.48,1498.921,23.872,6.160,154,17,26,,
T,2023-05-09 15:08:00,6.27334030,-75.57999547,11.39,1494.783,23.872,5.900,179,19,26,,
T,2023-05-09 15:08:01,6.27329557,-75.57997751,11.71,1494.427,23.872,6.950,175,17,26,,
T,2023-05-09 15:08:02,6.27322469,-75.57996515,12.11,1493.279,23.873,7.770,179,17,26,,
T,2023-05-09 15:08:03,6.27314417,-75.57996722,12.85,1493.161,23.873,8.660,180,18,26,,
T,2023-05-09 15:08:04,6.27305225,-75.57997678,13.50,1493.332,23.873,9.020,182,18,26,,
T,2023-05-09 15:08:05,6.27297697,-75.57998620,14.07,1495.712,23.873,8.800,182,18,26,,
T,2023-05-09 15:08:06,6.27290487,-75.57999593,15.09,1494.890,23.873,8.600,183,18,26,,
T,2023-05-09 15:08:07,6.27282053,-75.57997061,15.11,1494.922,23.874,8.680,176,19,26,,
T,2023-05-09 15:08:08,6.27274237,-75.57997528,14.76,1495.805,23.874,8.420,175,17,26,,
T,2023-05-09 15:08:09,6.27264729,-75.57994963,14.25,1494.784,23.874,9.400,170,14,26,,
T,2023-05-09 15:08:10,6.27257976,-75.57991044,14.27,1493.241,23.874,9.180,163,16,26,,
T,2023-05-09 15:08:11,6.27250167,-75.57988811,14.67,1494.156,23.874,9.370,159,16,26,,
T,2023-05-09 15:08:12,6.27243801,-75.57986471,15.02,1491.207,23.874,9.000,158,15,26,,
T,2023-05-09 15:08:13,6.27236978,-75.57982982,14.50,1490.462,23.874,9.120,153,15,26,,
T,2023-05-09 15:08:14,6.27229757,-75.57979891,14.55,1486.484,23.874,8.980,148,14,26,,
T,2023-05-09 15:08:15,6.27224222,-75.57976062,14.72,1485.697,23.874,9.080,143,15,26,,
T,2023-05-09 15:08:16,6.27218721,-75.57965750,13.77,1486.739,23.873,9.500,132,15,26,,
T,2023-05-09 15:08:17,6.27212410,-75.57959955,13.87,1486.756,23.873,9.670,129,15,26,,
T,2023-05-09 15:08:18,6.27204789,-75.57951739,13.46,1488.316,23.873,10.680,127,15,26,,
T,2023-05-09 15:08:19,6.27201133,-75.57940278,13.18,1489.896,23.872,10.980,126,15,26,,
T,2023-05-09 15:08:20,6.27196306,-75.57932547,12.92,1488.003,23.872,11.310,127,16,26,,
T,2023-05-09 15:08:21,6.27190455,-75.57924448,12.84,1487.718,23.872,11.400,126,14,26,,
T,2023-05-09 15:08:22,6.27186555,-75.57916195,12.89,1487.109,23.872,11.470,126,14,26,,
T,2023-05-09 15:08:23,6.27179480,-75.57908554,12.99,1484.861,23.871,12.090,127,14,26,,
T,2023-05-09 15:08:24,6.27173138,-75.57898185,13.22,1482.764,23.871,12.630,126,14,26,,
T,2023-05-09 15:08:25,6.27165234,-75.57888376,13.29,1482.516,23.871,12.880,125,15,25,,
T,2023-05-09 15:08:26,6.27158177,-75.57878496,13.42,1482.101,23.870,13.120,126,15,26,,
T,2023-05-09 15:08:27,6.27150818,-75.57867695,13.73,1481.696,23.870,13.620,125,14,26,,
T,2023-05-09 15:08:28,6.27142952,-75.57859006,13.87,1482.516,23.870,13.520,125,14,26,,
T,2023-05-09 15:08:29,6.27134860,-75.57849564,13.99,1484.411,23.869,13.400,127,14,26,,
T,2023-05-09 15:08:30,6.27127396,-75.57840679,14.33,1484.491,23.869,13.160,128,14,26,,
T,2023-05-09 15:08:31,6.27120786,-75.57831903,13.84,1484.560,23.869,12.020,129,13,26,,
T,2023-05-09 15:08:32,6.27113549,-75.57823675,14.15,1484.139,23.868,11.790,131,13,26,,
T,2023-05-09 15:08:33,6.27107186,-75.57818000,14.16,1485.967,23.868,10.710,132,13,26,,
T,2023-05-09 15:08:34,6.27102399,-75.57809837,14.32,1485.970,23.868,10.620,132,14,26,,
T,2023-05-09 15:08:35,6.27097350,-75.57803576,14.22,1485.997,23.868,9.440,131,14,26,,
T,2023-05-09 15:08:36,6.27092349,-75.57796826,13.99,1485.370,23.867,9.370,129,13,26,,
T,2023-05-09 15:08:37,6.27085859,-75.57791213,13.97,1486.633,23.867,9.130,131,15,26,,
T,2023-05-09 15:08:38,6.27084430,-75.57784145,12.77,1487.970,23.867,7.690,127,15,26,,
T,2023-05-09 15:08:39,6.27084862,-75.57777429,12.19,1488.059,23.867,7.360,128,16,26,,
T,2023-05-09 15:08:40,6.27080847,-75.57772409,11.93,1488.730,23.866,7.220,129,15,26,,
T,2023-05-09 15:08:41,6.27078841,-75.57765657,11.81,1489.927,23.866,7.350,128,15,26,,
T,2023-05-09 15:08:42,6.27075236,-75.57758999,12.03,1490.254,23.866,7.430,127,15,26,,
T,2023-05-09 15:08:43,6.27071148,-75.57752872,11.70,1489.961,23.866,6.900,128,16,26,,
T,2023-05-09 15:08:44,6.27068019,-75.57747201,11.43,1491.335,23.865,6.880,127,16,26,,
T,2023-05-09 15:08:45,6.27064387,-75.57740821,11.14,1492.783,23.865,7.170,128,15,26,,
T,2023-05-09 15:08:46,6.27060259,-75.57735662,11.00,1495.248,23.865,7.550,128,15,26,,
T,2023-05-09 15:08:47,6.27055311,-75.57731613,11.17,1495.443,23.865,7.950,128,15,26,,
T,2023-05-09 15:08:48,6.27049908,-75.57726587,11.36,1495.389,23.865,8.330,129,15,26,,
T,2023-05-09 15:08:49,6.27044501,-75.57720291,11.41,1496.064,23.865,9.620,125,15,26,,
T,2023-05-09 15:08:50,6.27038798,-75.57712663,11.56,1497.594,23.864,10.350,125,14,26,,
T,2023-05-09 15:08:51,6.27033702,-75.57703190,11.43,1497.328,23.864,11.060,125,13,26,,
T,2023-05-09 15:08:52,6.27027719,-75.57694296,11.55,1497.009,23.864,11.530,125,13,26,,
T,2023-05-09 15:08:53,6.27021363,-75.57685810,11.85,1496.962,23.863,11.850,126,13,26,,
T,2023-05-09 15:08:54,6.27017090,-75.57676372,12.26,1497.280,23.863,11.560,124,13,26,,
T,2023-05-09 15:08:55,6.27010553,-75.57667477,12.58,1498.808,23.863,12.010,123,13,26,,
T,2023-05-09 15:08:56,6.27003454,-75.57659476,12.85,1497.888,23.862,11.550,129,14,26,,
T,2023-05-09 15:08:57,6.26995831,-75.57651669,13.32,1497.871,23.862,11.600,138,16,25,,
T,2023-05-09 15:08:58,6.26986636,-75.57645641,13.70,1497.103,23.862,11.490,145,16,26,,
T,2023-05-09 15:08:59,6.26977136,-75.57642903,13.98,1493.598,23.862,10.640,152,17,26,,
T,2023-05-09 15:09:00,6.26966784,-75.57639201,14.31,1493.907,23.862,11.380,160,16,26,,
T,2023-05-09 15:09:01,6.26956446,-75.57636699,14.28,1493.951,23.862,11.860,168,15,26,,
T,2023-05-09 15:09:02,6.26944781,-75.57637276,14.17,1492.640,23.863,11.810,178,15,26,,
T,2023-05-09 15:09:03,6.26935632,-75.57637150,14.45,1492.594,23.863,10.780,187,14,26,,
T,2023-05-09 15:09:04,6.26923691,-75.57639198,14.50,1492.131,23.863,11.570,192,13,26,,
T,2023-05-09 15:09:05,6.26913361,-75.57639165,14.69,1492.008,23.863,11.190,198,12,26,,
T,2023-05-09 15:09:06,6.26903560,-75.57644500,14.75,1491.590,23.864,11.140,200,11,26,,
T,2023-05-09 15:09:07,6.26889569,-75.57657199,14.31,1488.415,23.865,12.250,201,13,26,,
T,2023-05-09 15:09:08,6.26879258,-75.57660517,14.30,1487.829,23.865,11.650,199,11,26,,
T,2023-05-09 15:09:09,6.26870916,-75.57664997,14.26,1487.499,23.866,10.700,199,12,26,,
T,2023-05-09 15:09:10,6.26864559,-75.57668926,14.22,1486.885,23.866,9.680,199,11,26,,
T,2023-05-09 15:09:11,6.26856790,-75.57671983,14.12,1485.982,23.866,8.980,200,11,26,,
T,2023-05-09 15:09:12,6.26852020,-75.57673824,14.21,1485.614,23.867,7.580,201,13,26,,
T,2023-05-09 15:09:13,6.26845764,-75.57676585,14.28,1485.996,23.867,7.220,198,12,26,,
T,2023-05-09 15:09:14,6.26842501,-75.57675852,13.76,1485.666,23.867,5.670,199,15,26,,
T,2023-05-09 15:09:15,6.26836947,-75.57678360,13.41,1485.596,23.867,5.990,200,14,26,,
T,2023-05-09 15:09:16,6.26830335,-75.57677944,13.10,1485.617,23.867,6.970,198,15,26,,
T,2023-05-09 15:09:17,6.26822736,-75.57682331,13.14,1484.948,23.868,7.300,200,16,26,,
T,2023-05-09 15:09:18,6.26815672,-75.57684964,13.09,1485.018,23.868,8.030,196,14,26,,
T,2023-05-09 15:09:19,6.26807815,-75.57686612,12.60,1484.022,23.868,8.570,192,13,26,,
T,2023-05-09 15:09:20,6.26796946,-75.57685922,12.64,1483.166,23.868,9.210,185,12,26,,
T,2023-05-09 15:09:21,6.26788650,-75.57686543,13.01,1483.106,23.869,9.190,179,16,26,,
T,2023-05-09 15:09:22,6.26781159,-75.57685626,13.32,1484.065,23.869,9.280,173,15,26,,
T,2023-05-09 15:09:23,6.26773775,-75.57684574,13.53,1482.821,23.869,9.010,169,12,26,,
T,2023-05-09 15:09:24,6.26764469,-75.57682637,13.64,1482.160,23.869,9.650,168,15,26,,
T,2023-05-09 15:09:25,6.26754462,-75.57674010,13.21,1482.131,23.869,9.970,162,14,26,,
T,2023-05-09 15:09:26,6.26744899,-75.57670488,13.10,1480.856,23.869,10.700,160,15,26,,
T,2023-05-09 15:09:27,6.26738195,-75.57670468,13.71,1477.950,23.869,10.060,164,13,26,,
T,2023-05-09 15:09:28,6.26731412,-75.57669496,14.24,1475.892,23.869,10.220,163,14,26,,
T,2023-05-09 15:09:29,6.26721612,-75.57664420,14.46,1474.609,23.869,10.520,163,16,26,,
T,2023-05-09 15:09:30,6.26710160,-75.57656401,14.05,1471.135,23.869,10.570,161,15,26,,
T,2023-05-09 15:09:31,6.26700168,-75.57653507,13.49,1472.396,23.869,10.600,161,15,26,,
T,2023-05-09 15:09:32,6.26692972,-75.57651141,13.59,1471.668,23.869,9.770,161,16,26,,
T,2023-05-09 15:09:33,6.26687399,-75.57648686,13.15,1470.757,23.869,7.810,159,17,26,,
T,2023-05-09 15:09:34,6.26680390,-75.57645624,13.03,1470.474,23.869,7.890,157,16,26,,
T,2023-05-09 15:09:35,6.26673802,-75.57641982,12.95,1471.704,23.869,7.270,155,13,26,,
T,2023-05-09 15:09:36,6.26672257,-75.57639241,12.74,1470.713,23.869,6.650,155,15,26,,
T,2023-05-09 15:09:37,6.26665397,-75.57634820,12.80,1471.340,23.869,7.870,157,16,26,,
T,2023-05-09 15:09:38,6.26658490,-75.57630763,13.04,1469.384,23.869,8.860,155,15,26,,
T,2023-05-09 15:09:39,6.26650534,-75.57627659,13.15,1468.307,23.869,10.430,154,15,26,,
T,2023-05-09 15:09:40,6.26640843,-75.57623735,13.00,1468.784,23.869,10.880,156,13,26,,
T,2023-05-09 15:09:41,6.26632688,-75.57616152,13.13,1469.157,23.869,11.330,150,14,26,,
T,2023-05-09 15:09:42,6.26622713,-75.57609214,13.17,1468.943,23.868,11.820,147,14,26,,
T,2023-05-09 15:09:43,6.26615701,-75.57602550,13.19,1466.403,23.868,12.390,142,14,26,,
T,2023-05-09 15:09:44,6.26605768,-75.57596102,13.00,1467.578,23.868,12.420,142,14,26,,
T,2023-05-09 15:09:45,6.26598648,-75.57590203,13.57,1467.495,23.868,11.750,140,15,26,,
T,2023-05-09 15:09:46,6.26588313,-75.57585718,13.97,1470.588,23.868,11.520,138,15,26,,
T,2023-05-09 15:09:47,6.26584042,-75.57579683,13.22,1469.794,23.868,9.070,137,13,26,,
T,2023-05-09 15:09:48,6.26577005,-75.57573485,13.17,1468.948,23.868,8.310,140,12,26,,
T,2023-05-09 15:09:49,6.26571330,-75.57569173,13.15,1467.622,23.868,8.140,140,12,26,,
T,2023-05-09 15:09:50,6.26564773,-75.57563702,13.00,1467.243,23.867,8.380,138,12,26,,
T,2023-05-09 15:09:51,6.26558751,-75.57559007,12.93,1466.688,23.867,8.320,141,12,26,,
T,2023-05-09 15:09:52,6.26555915,-75.57556764,12.43,1466.116,23.867,6.850,139,15,26,,
T,2023-05-09 15:09:53,6.26551935,-75.57550626,12.49,1466.830,23.867,7.270,138,16,26,,
T,2023-05-09 15:09:54,6.26545923,-75.57546013,12.56,1466.841,23.867,7.490,139,16,26,,
T,2023-05-09 15:09:55,6.26539255,-75.57541401,12.50,1466.700,23.867,7.530,141,16,26,,
T,2023-05-09 15:09:56,6.26534895,-75.57537053,12.36,1467.170,23.867,7.100,143,16,26,,
T,2023-05-09 15:09:57,6.26532045,-75.57531927,12.50,1466.321,23.867,7.070,146,16,25,,
T,2023-05-09 15:09:58,6.26526852,-75.57529246,12.13,1466.520,23.867,6.540,147,13,26,,
T,2023-05-09 15:09:59,6.26523578,-75.57524688,11.97,1466.648,23.866,5.200,148,13,26,,
T,2023-05-09 15:10:00,6.26520881,-75.57521908,11.70,1467.181,23.866,4.750,152,14,26,,
T,2023-05-09 15:10:01,6.26515826,-75.57520913,11.70,1467.100,23.866,4.570,153,16,26,,
T,2023-05-09 15:10:02,6.26511677,-75.57519556,12.01,1464.881,23.866,4.190,152,16,26,,
T,2023-05-09 15:10:03,6.26508338,-75.57517847,12.42,1464.457,23.866,4.300,156,17,26,,
T,2023-05-09 15:10:04,6.26504790,-75.57516217,12.79,1464.191,23.866,4.350,165,18,26,,
T,2023-05-09 15:10:05,6.26496454,-75.57516539,12.79,1464.367,23.867,6.820,171,17,26,,
T,2023-05-09 15:10:06,6.26491422,-75.57516099,12.86,1463.788,23.867,6.240,176,17,26,,
T,2023-05-09 15:10:07,6.26485064,-75.57516784,13.01,1463.147,23.867,5.950,175,14,26,,
T,2023-05-09 15:10:08,6.26478882,-75.57516862,13.06,1463.127,23.867,6.360,179,13,26,,
T,2023-05-09 15:10:09,6.26474893,-75.57517085,13.36,1463.220,23.867,5.110,179,12,26,,
T,2023-05-09 15:10:10,6.26466394,-75.57519097,13.56,1462.956,23.867,6.560,178,11,26,,
T,2023-05-09 15:10:11,6.26459757,-75.57518048,13.70,1462.331,23.867,6.030,180,12,26,,
T,2023-05-09 15:10:12,6.26455856,-75.57517718,13.40,1462.197,23.868,5.160,179,12,26,,
T,2023-05-09 15:10:13,6.26451242,-75.57517287,13.37,1461.820,23.868,5.280,175,15,26,,
T,2023-05-09 15:10:14,6.26446864,-75.57519447,13.36,1462.218,23.868,5.040,176,15,26,,
T,2023-05-09 15:10:15,6.26441950,-75.57519224,13.29,1462.228,23.868,5.050,177,15,26,,
T,2023-05-09 15:10:16,6.26436569,-75.57519395,13.33,1462.249,23.868,5.040,175,16,26,,
T,2023-05-09 15:10:17,6.26431492,-75.57519795,13.63,1462.049,23.868,5.240,173,14,26,,
T,2023-05-09 15:10:18,6.26429363,-75.57519217,13.25,1461.820,23.868,3.800,171,16,26,,
T,2023-05-09 15:10:19,6.26426068,-75.57520898,13.35,1461.246,23.868,3.640,169,13,26,,
T,2023-05-09 15:10:20,6.26422950,-75.57520919,13.31,1462.117,23.868,2.650,167,13,25,,
T,2023-05-09 15:10:21,6.26420595,-75.57519091,13.28,1461.624,23.868,2.630,166,13,26,,
T,2023-05-09 15:10:22,6.26419265,-75.57521005,13.46,1462.254,23.869,1.890,172,12,26,,
T,2023-05-09 15:10:23,6.26417570,-75.57521577,13.90,1463.452,23.869,1.700,177,13,26,,
T,2023-05-09 15:10:24,6.26416123,-75.57521782,14.00,1463.815,23.869,1.290,182,13,26,,
T,2023-05-09 15:10:25,6.26414570,-75.57521872,14.21,1465.146,23.869,1.340,177,14,26,,
T,2023-05-09 15:10:26,6.26412719,-75.57521883,14.26,1464.800,23.869,1.660,179,14,26,,
T,2023-05-09 15:10:27,6.26410984,-75.57520943,14.09,1465.070,23.869,1.910,176,14,26,,
T,2023-05-09 15:10:28,6.26407830,-75.57521178,14.16,1462.658,23.869,2.410,184,14,26,,
T,2023-05-09 15:10:29,6.26406106,-75.57520507,14.51,1462.537,23.869,0.940,183,13,26,,
T,2023-05-09 15:10:30,6.26405608,-75.57520097,14.63,1461.801,23.869,0.350,181,12,26,,
T,2023-05-09 15:10:31,6.26404185,-75.57520248,14.56,1462.529,23.869,1.240,183,13,26,,
T,2023-05-09 15:10:32,6.26402028,-75.57520532,14.57,1462.612,23.869,1.630,185,14,26,,
T,2023-05-09 15:10:33,6.26400117,-75.57520648,15.11,1462.697,23.869,1.540,184,14,26,,
T,2023-05-09 15:10:34,6.26398275,-75.57520541,14.76,1462.595,23.869,1.660,180,14,26,,
T,2023-05-09 15:10:35,6.26397749,-75.57520788,14.46,1462.871,23.869,0.980,183,13,26,,
T,2023-05-09 15:10:36,6.26396416,-75.57520806,14.22,1462.367,23.869,1.310,191,13,26,,
T,2023-05-09 15:10:37,6.26395702,-75.57520915,13.91,1461.887,23.869,0.970,190,12,26,,
T,2023-05-09 15:10:38,6.26393949,-75.57521255,13.19,1461.861,23.869,1.630,191,12,26,,
T,2023-05-09 15:10:39,6.26392407,-75.57521212,12.51,1461.788,23.869,1.010,186,13,26,,
T,2023-05-09 15:10:40,6.26390312,-75.57520786,12.46,1462.248,23.869,0.920,185,15,26,,
T,2023-05-09 15:10:41,6.26388532,-75.57520306,12.23,1462.996,23.869,1.030,180,15,26,,
T,2023-05-09 15:10:42,6.26386865,-75.57520151,12.10,1463.637,23.869,1.560,176,15,26,,
T,2023-05-09 15:10:43,6.26384945,-75.57519921,11.91,1462.835,23.869,1.370,177,15,26,,
T,2023-05-09 15:10:44,6.26383871,-75.57519729,11.76,1463.504,23.869,0.880,181,15,26,,
T,2023-05-09 15:10:45,6.26382340,-75.57519778,11.74,1461.429,23.869,1.120,182,15,26,,
T,2023-05-09 15:10:46,6.26381040,-75.57519748,11.57,1460.571,23.869,1.070,185,14,26,,
T,2023-05-09 15:10:47,6.26379695,-75.57519694,11.60,1460.733,23.869,1.310,190,15,26,,
T,2023-05-09 15:10:48,6.26378623,-75.57519685,11.62,1460.737,23.869,0.940,195,14,26,,
T,2023-05-09 15:10:49,6.26377382,-75.57519721,11.83,1461.045,23.869,1.180,181,12,26,,
T,2023-05-09 15:10:50,6.26376454,-75.57519067,11.42,1460.671,23.869,0.460,177,12,26,,
T,2023-05-09 15:10:51,6.26375766,-75.57518568,10.95,1460.554,23.869,0.450,174,13,26,,
T,2023-05-09 15:10:52,6.26375178,-75.57517835,10.91,1460.682,23.869,0.330,174,14,26,,
T,2023-05-09 15:10:53,6.26374967,-75.57517464,10.89,1461.519,23.869,0.290,175,13,26,,
T,2023-05-09 15:10:54,6.26375020,-75.57516988,10.95,1461.874,23.869,0.230,177,14,26,,
T,2023-05-09 15:10:55,6.26375365,-75.57516719,11.00,1462.090,23.869,0.000,,15,26,,
T,2023-05-09 15:10:56,6.26375471,-75.57516742,11.20,1462.107,23.869,0.000,,15,26,,
T,2023-05-09 15:10:57,6.26375514,-75.57516455,11.30,1462.162,23.869,0.000,,14,26,,
T,2023-05-09 15:10:58,6.26375731,-75.57516601,11.34,1462.274,23.869,0.000,,12,26,,
T,2023-05-09 15:10:59,6.26375982,-75.57516767,11.49,1462.636,23.869,0.000,,14,26,,
T,2023-05-09 15:11:00,6.26376136,-75.57516759,11.43,1463.002,23.869,0.000,,13,26,,
T,2023-05-09 15:11:01,6.26376005,-75.57516786,11.13,1462.888,23.869,0.000,,13,26,,
T,2023-05-09 15:11:02,6.26376062,-75.57516196,11.12,1462.727,23.869,0.000,,13,26,,
T,2023-05-09 15:11:03,6.26376530,-75.57516107,11.15,1461.514,23.869,0.000,,15,26,,
T,2023-05-09 15:11:04,6.26376575,-75.57516398,11.30,1461.398,23.869,0.000,,15,26,,
T,2023-05-09 15:11:05,6.26376640,-75.57516516,11.49,1461.396,23.869,0.000,,14,26,,
T,2023-05-09 15:11:06,6.26376667,-75.57516461,11.41,1461.285,23.869,0.000,,14,26,,
T,2023-05-09 15:11:07,6.26376684,-75.57516288,11.50,1460.661,23.869,0.000,,14,26,,
T,2023-05-09 15:11:08,6.26376577,-75.57515901,11.46,1460.747,23.869,0.000,,11,26,,
T,2023-05-09 15:11:09,6.26376243,-75.57515717,11.34,1461.045,23.869,0.000,,11,26,,
T,2023-05-09 15:11:10,6.26375941,-75.57515544,11.35,1461.612,23.869,0.000,,10,26,,
T,2023-05-09 15:11:11,6.26375796,-75.57515746,11.49,1462.409,23.869,0.000,,11,26,,
T,2023-05-09 15:11:12,6.26375616,-75.57515681,11.29,1462.503,23.869,0.000,,11,26,,
T,2023-05-09 15:11:13,6.26375129,-75.57515609,11.34,1463.023,23.869,0.000,,9,26,,
T,2023-05-09 15:11:14,6.26374851,-75.57515511,11.38,1463.425,23.869,0.000,,12,26,,
T,2023-05-09 15:11:15,6.26374804,-75.57515494,11.47,1463.342,23.869,0.000,,12,26,,
T,2023-05-09 15:11:16,6.26374852,-75.57515418,11.55,1463.200,23.869,0.000,,13,26,,
T,2023-05-09 15:11:17,6.26374831,-75.57515322,11.53,1463.162,23.869,0.000,,13,26,,
T,2023-05-09 15:11:18,6.26374845,-75.57515396,11.59,1463.147,23.869,0.000,,13,26,,
T,2023-05-09 15:11:19,6.26374848,-75.57515447,11.68,1463.150,23.869,0.000,,15,26,,
T,2023-05-09 15:11:20,6.26374806,-75.57515352,11.61,1463.018,23.869,0.000,,12,26,,
T,2023-05-09 15:11:21,6.26374806,-75.57515524,11.54,1463.263,23.869,0.000,,11,26,,
T,2023-05-09 15:11:22,6.26374670,-75.57515351,11.55,1463.196,23.869,0.000,,10,26,,
T,2023-05-09 15:11:23,6.26372673,-75.57515822,11.38,1463.829,23.869,1.130,176,13,26,,
T,2023-05-09 15:11:24,6.26370958,-75.57515931,11.75,1465.033,23.869,0.600,177,13,26,,
T,2023-05-09 15:11:25,6.26368566,-75.57516434,11.96,1467.232,23.869,0.740,172,12,26,,
T,2023-05-09 15:11:26,6.26366719,-75.57517070,12.61,1466.750,23.870,0.780,177,12,26,,
T,2023-05-09 15:11:27,6.26363431,-75.57517291,12.53,1468.524,23.870,1.660,174,11,26,,
T,2023-05-09 15:11:28,6.26360607,-75.57516733,12.50,1469.074,23.870,1.870,177,13,26,,
T,2023-05-09 15:11:29,6.26357418,-75.57516260,12.44,1468.241,23.870,2.320,175,14,26,,
T,2023-05-09 15:11:30,6.26353827,-75.57516185,12.66,1468.625,23.870,2.430,174,12,26,,
T,2023-05-09 15:11:31,6.26351516,-75.57515833,12.73,1467.778,23.870,1.900,179,12,26,,
T,2023-05-09 15:11:32,6.26350391,-75.57515154,12.99,1467.683,23.870,1.580,180,11,26,,
T,2023-05-09 15:11:33,6.26350822,-75.57514961,12.65,1469.518,23.870,0.220,179,12,26,,
T,2023-05-09 15:11:34,6.26350746,-75.57515671,12.49,1467.454,23.870,0.280,178,12,26,,
T,2023-05-09 15:11:35,6.26351103,-75.57516101,12.16,1467.217,23.870,0.250,177,12,26,,
T,2023-05-09 15:11:36,6.26351801,-75.57517353,11.76,1467.490,23.870,0.000,,14,26,,
T,2023-05-09 15:11:37,6.26351565,-75.57517724,11.74,1466.501,23.870,0.000,,16,26,,
T,2023-05-09 15:11:38,6.26351445,-75.57518028,11.81,1466.327,23.870,0.000,,17,26,,
T,2023-05-09 15:11:39,6.26351267,-75.57518404,11.94,1467.633,23.870,0.000,,16,26,,
T,2023-05-09 15:11:40,6.26351176,-75.57518358,12.02,1468.234,23.870,0.000,,16,26,,
T,2023-05-09 15:11:41,6.26351253,-75.57517936,11.83,1468.446,23.870,0.000,,15,26,,
T,2023-05-09 15:11:42,6.26350426,-75.57518286,11.74,1466.929,23.870,0.000,,14,26,,
T,2023-05-09 15:11:43,6.26349150,-75.57518818,11.53,1465.655,23.870,0.000,,13,26,,
T,2023-05-09 15:11:44,6.26348242,-75.57518987,11.33,1465.188,23.870,0.000,,13,26,,
T,2023-05-09 15:11:45,6.26347874,-75.57519270,11.18,1464.809,23.870,0.000,,15,26,,
T,2023-05-09 15:11:46,6.26348078,-75.57519227,11.01,1465.551,23.870,0.000,,15,26,,
T,2023-05-09 15:11:47,6.26347118,-75.57518655,10.89,1465.927,23.870,0.000,,16,26,,
T,2023-05-09 15:11:48,6.26346510,-75.57518529,10.77,1466.169,23.870,0.000,,16,26,,
T,2023-05-09 15:11:49,6.26345809,-75.57518719,10.57,1465.852,23.870,0.000,,17,26,,
T,2023-05-09 15:11:50,6.26345528,-75.57518305,10.44,1465.459,23.870,0.000,,17,26,,
T,2023-05-09 15:11:51,6.26344596,-75.57517084,10.39,1466.141,23.870,0.400,181,16,26,,
T,2023-05-09 15:11:52,6.26342998,-75.57518346,10.37,1463.450,23.870,0.790,181,16,26,,
T,2023-05-09 15:11:53,6.26341503,-75.57518639,10.40,1466.000,23.870,0.570,179,15,26,,
T,2023-05-09 15:11:54,6.26340096,-75.57518429,10.52,1467.251,23.870,0.700,176,16,26,,
T,2023-05-09 15:11:55,6.26338742,-75.57518053,10.65,1468.681,23.870,0.770,172,16,26,,
T,2023-05-09 15:11:56,6.26337341,-75.57517695,10.40,1469.681,23.870,0.840,181,16,26,,
T,2023-05-09 15:11:57,6.26335496,-75.57517487,10.45,1469.805,23.870,1.000,186,16,26,,
T,2023-05-09 15:11:58,6.26333410,-75.57517100,10.76,1468.680,23.870,1.180,181,16,26,,
T,2023-05-09 15:11:59,6.26331122,-75.57516798,10.51,1468.168,23.870,1.530,172,17,26,,
T,2023-05-09 15:12:00,6.26329551,-75.57516631,10.66,1467.290,23.870,0.970,172,17,26,,
T,2023-05-09 15:12:01,6.26328703,-75.57516420,10.84,1468.384,23.870,0.470,171,17,26,,
T,2023-05-09 15:12:02,6.26328042,-75.57516124,10.91,1468.440,23.870,0.480,170,17,26,,
T,2023-05-09 15:12:03,6.26326181,-75.57515338,10.69,1467.583,23.870,1.290,169,17,26,,
T,2023-05-09 15:12:04,6.26324011,-75.57514577,10.53,1468.196,23.870,1.390,176,17,26,,
T,2023-05-09 15:12:05,6.26322443,-75.57513674,10.43,1467.513,23.870,1.420,165,17,26,,
T,2023-05-09 15:12:06,6.26321059,-75.57512994,10.39,1468.379,23.870,1.030,168,16,26,,
T,2023-05-09 15:12:07,6.26319847,-75.57512806,10.29,1467.474,23.870,0.960,172,17,26,,
T,2023-05-09 15:12:08,6.26318370,-75.57512655,10.25,1467.582,23.870,1.580,168,16,26,,
T,2023-05-09 15:12:09,6.26316460,-75.57512853,10.23,1467.440,23.870,1.730,170,16,26,,
T,2023-05-09 15:12:10,6.26314569,-75.57512722,10.29,1467.404,23.871,1.720,168,16,26,,
T,2023-05-09 15:12:11,6.26313238,-75.57512679,10.34,1466.190,23.871,1.440,171,16,26,,
T,2023-05-09 15:12:12,6.26311809,-75.57512527,10.54,1464.942,23.871,1.890,170,16,26,,
T,2023-05-09 15:12:13,6.26310018,-75.57512406,10.63,1464.640,23.871,1.880,163,15,26,,
T,2023-05-09 15:12:14,6.26308376,-75.57512115,10.68,1463.419,23.871,1.820,160,17,26,,
T,2023-05-09 15:12:15,6.26306657,-75.57511775,10.63,1465.009,23.871,1.890,167,17,26,,
T,2023-05-09 15:12:16,6.26304490,-75.57512305,10.90,1464.117,23.871,2.310,166,17,26,,
T,2023-05-09 15:12:17,6.26302244,-75.57513709,11.27,1462.799,23.871,2.460,174,17,26,,
T,2023-05-09 15:12:18,6.26299525,-75.57515300,11.79,1462.489,23.871,2.810,184,16,26,,
T,2023-05-09 15:12:19,6.26295465,-75.57516447,11.96,1462.798,23.871,4.140,180,15,26,,
T,2023-05-09 15:12:20,6.26291867,-75.57517206,12.24,1463.039,23.871,3.730,175,14,26,,
T,2023-05-09 15:12:21,6.26289375,-75.57517702,12.19,1463.653,23.871,2.990,166,15,26,,
T,2023-05-09 15:12:22,6.26286288,-75.57517317,12.20,1463.006,23.871,3.360,167,15,26,,
T,2023-05-09 15:12:23,6.26282841,-75.57516722,12.04,1463.196,23.871,3.480,167,14,26,,
T,2023-05-09 15:12:24,6.26279583,-75.57515789,11.84,1462.793,23.871,3.140,168,15,26,,
T,2023-05-09 15:12:25,6.26277081,-75.57515564,11.62,1462.443,23.872,2.660,170,15,26,,
T,2023-05-09 15:12:26,6.26274934,-75.57515305,11.65,1462.004,23.872,2.390,172,17,26,,
T,2023-05-09 15:12:27,6.26273517,-75.57515093,11.44,1462.422,23.872,1.390,176,17,26,,
T,2023-05-09 15:12:28,6.26272839,-75.57514833,11.62,1462.590,23.872,1.410,160,16,26,,
T,2023-05-09 15:12:29,6.26272620,-75.57514342,11.65,1462.292,23.872,0.980,160,16,26,,
T,2023-05-09 15:12:30,6.26271576,-75.57513707,11.68,1462.779,23.872,1.610,169,15,26,,
T,2023-05-09 15:12:31,6.26269062,-75.57512911,11.96,1462.348,23.872,2.450,171,16,26,,
T,2023-05-09 15:12:32,6.26266784,-75.57512223,12.33,1463.547,23.872,2.200,164,14,26,,
T,2023-05-09 15:12:33,6.26263459,-75.57512073,12.29,1462.180,23.872,3.090,166,14,26,,
T,2023-05-09 15:12:34,6.26258106,-75.57512120,12.33,1462.765,23.872,4.930,176,13,26,,
T,2023-05-09 15:12:35,6.26249005,-75.57512624,12.22,1462.162,23.872,6.730,175,13,26,,
T,2023-05-09 15:12:36,6.26242346,-75.57512479,11.81,1461.939,23.872,7.510,175,13,26,,
T,2023-05-09 15:12:37,6.26234062,-75.57510910,11.82,1461.728,23.872,7.930,174,13,26,,
T,2023-05-09 15:12:38,6.26226928,-75.57509960,11.80,1459.911,23.872,9.140,176,13,26,,
T,2023-05-09 15:12:39,6.26218371,-75.57509182,11.95,1458.568,23.873,9.380,176,11,26,,
T,2023-05-09 15:12:40,6.26210041,-75.57507535,12.23,1459.182,23.873,9.090,176,11,26,,
T,2023-05-09 15:12:41,6.26202865,-75.57508251,12.92,1459.352,23.873,8.020,177,11,26,,
T,2023-05-09 15:12:42,6.26195074,-75.57508293,12.95,1458.603,23.873,7.960,180,10,26,,
T,2023-05-09 15:12:43,6.26186042,-75.57511386,12.84,1459.853,23.873,8.970,180,11,26,,
T,2023-05-09 15:12:44,6.26179108,-75.57509104,12.55,1457.188,23.873,9.280,180,11,26,,
T,2023-05-09 15:12:45,6.26169519,-75.57510348,12.39,1455.830,23.874,9.180,179,14,26,,
T,2023-05-09 15:12:46,6.26162613,-75.57511621,12.85,1455.675,23.874,8.340,182,14,26,,
T,2023-05-09 15:12:47,6.26154266,-75.57509820,13.10,1458.008,23.874,8.440,182,14,26,,
T,2023-05-09 15:12:48,6.26147693,-75.57509741,13.46,1458.246,23.874,7.930,183,15,26,,
T,2023-05-09 15:12:49,6.26140022,-75.57510865,13.49,1460.626,23.874,7.810,185,14,26,,
T,2023-05-09 15:12:50,6.26132471,-75.57509743,13.36,1461.379,23.875,7.230,175,14,26,,
T,2023-05-09 15:12:51,6.26125802,-75.57508468,13.44,1463.409,23.875,6.830,182,13,26,,
T,2023-05-09 15:12:52,6.26120428,-75.57508528,13.68,1463.949,23.875,6.520,181,15,26,,
T,2023-05-09 15:12:53,6.26112743,-75.57511287,13.58,1463.140,23.875,7.570,181,15,26,,
T,2023-05-09 15:12:54,6.26104147,-75.57513783,12.78,1465.096,23.875,8.460,184,15,26,,
T,2023-05-09 15:12:55,6.26094245,-75.57514150,12.47,1465.898,23.876,9.850,183,15,26,,
T,2023-05-09 15:12:56,6.26084001,-75.57514494,12.25,1468.451,23.876,10.720,183,15,26,,
T,2023-05-09 15:12:57,6.26074145,-75.57513752,12.25,1467.412,23.876,11.430,183,12,26,,
T,2023-05-09 15:12:58,6.26065364,-75.57512401,11.91,1467.036,23.876,10.580,183,11,26,,
T,2023-05-09 15:12:59,6.26055884,-75.57511616,11.98,1471.091,23.876,9.520,182,12,26,,
T,2023-05-09 15:13:00,6.26047244,-75.57511958,11.95,1471.980,23.877,9.100,181,13,26,,
T,2023-05-09 15:13:01,6.26040136,-75.57513217,12.03,1470.978,23.877,8.570,183,13,26,,
T,2023-05-09 15:13:02,6.26034378,-75.57514003,11.95,1471.807,23.877,7.060,180,14,26,,
T,2023-05-09 15:13:03,6.26030082,-75.57515070,12.11,1473.817,23.877,4.820,180,16,26,,
T,2023-05-09 15:13:04,6.26026462,-75.57513586,12.08,1474.861,23.877,3.710,182,16,26,,
T,2023-05-09 15:13:05,6.26025493,-75.57513604,12.05,1473.709,23.877,2.420,188,15,26,,
T,2023-05-09 15:13:06,6.26023944,-75.57513789,12.36,1473.936,23.877,2.060,188,13,26,,
T,2023-05-09 15:13:07,6.26022773,-75.57514028,12.60,1474.352,23.877,1.850,186,12,26,,
T,2023-05-09 15:13:08,6.26019374,-75.57514132,12.70,1474.323,23.877,3.280,184,12,26,,
T,2023-05-09 15:13:09,6.26015004,-75.57514957,12.78,1474.088,23.878,4.610,179,13,26,,
T,2023-05-09 15:13:10,6.26007982,-75.57517464,13.12,1474.129,23.878,6.300,180,13,26,,
T,2023-05-09 15:13:11,6.26000413,-75.57518886,13.61,1473.848,23.878,7.680,181,12,26,,
T,2023-05-09 15:13:12,6.25993482,-75.57518728,14.13,1473.395,23.878,7.910,184,11,26,,
T,2023-05-09 15:13:13,6.25984857,-75.57517658,14.36,1471.154,23.878,9.780,185,11,26,,
T,2023-05-09 15:13:14,6.25973857,-75.57517070,13.77,1473.936,23.879,10.430,187,11,26,,
T,2023-05-09 15:13:15,6.25963255,-75.57514509,13.25,1475.490,23.879,11.510,187,12,26,,
T,2023-05-09 15:13:16,6.25954298,-75.57513488,12.92,1472.766,23.879,12.030,188,12,26,,
T,2023-05-09 15:13:17,6.25942040,-75.57515017,12.74,1474.446,23.879,12.550,189,12,26,,
T,2023-05-09 15:13:18,6.25931499,-75.57518112,12.34,1474.110,23.880,12.200,191,13,26,,
T,2023-05-09 15:13:19,6.25922160,-75.57522292,11.91,1470.226,23.880,12.120,192,13,26,,
T,2023-05-09 15:13:20,6.25911194,-75.57525659,11.70,1470.197,23.880,11.930,196,14,26,,
T,2023-05-09 15:13:21,6.25901466,-75.57528392,11.64,1471.082,23.881,11.230,196,14,26,,
T,2023-05-09 15:13:22,6.25892497,-75.57531443,11.69,1472.039,23.881,10.840,201,14,26,,
T,2023-05-09 15:13:23,6.25884968,-75.57535162,11.96,1471.278,23.882,9.760,203,13,26,,
T,2023-05-09 15:13:24,6.25876999,-75.57539009,11.90,1469.869,23.882,9.830,200,13,26,,
T,2023-05-09 15:13:25,6.25870076,-75.57541793,11.94,1468.813,23.882,8.950,204,13,26,,
T,2023-05-09 15:13:26,6.25864654,-75.57544271,11.89,1469.431,23.882,7.780,207,12,26,,
T,2023-05-09 15:13:27,6.25858250,-75.57547402,12.05,1469.456,23.883,7.990,206,13,26,,
T,2023-05-09 15:13:28,6.25851399,-75.57549951,12.38,1469.436,23.883,8.000,204,13,26,,
T,2023-05-09 15:13:29,6.25846329,-75.57551621,12.13,1467.203,23.883,6.570,201,14,26,,
T,2023-05-09 15:13:30,6.25843292,-75.57552992,11.99,1466.544,23.883,4.930,203,13,26,,
T,2023-05-09 15:13:31,6.25839842,-75.57554869,11.86,1465.831,23.884,4.090,204,13,26,,
T,2023-05-09 15:13:32,6.25837477,-75.57557095,11.66,1464.242,23.884,2.860,206,14,26,,
T,2023-05-09 15:13:33,6.25834769,-75.57558080,11.78,1465.854,23.884,2.790,206,13,26,,
T,2023-05-09 15:13:34,6.25832107,-75.57558558,11.81,1465.895,23.884,2.730,205,13,26,,
T,2023-05-09 15:13:35,6.25828932,-75.57560047,11.81,1465.924,23.884,3.470,202,13,26,,
T,2023-05-09 15:13:36,6.25825817,-75.57561221,11.74,1466.294,23.884,3.670,202,14,26,,
T,2023-05-09 15:13:37,6.25821963,-75.57563385,11.58,1464.719,23.884,4.670,209,14,26,,
T,2023-05-09 15:13:38,6.25813564,-75.57567057,11.80,1466.809,23.885,7.500,210,14,26,,
T,2023-05-09 15:13:39,6.25805368,-75.57569073,11.67,1468.869,23.885,8.410,208,14,26,,
T,2023-05-09 15:13:40,6.25796547,-75.57574028,11.99,1469.489,23.886,9.830,207,13,26,,
T,2023-05-09 15:13:41,6.25788041,-75.57578363,11.75,1469.145,23.886,9.800,207,13,26,,
T,2023-05-09 15:13:42,6.25780579,-75.57583868,11.91,1468.944,23.886,9.610,210,13,26,,
T,2023-05-09 15:13:43,6.25773167,-75.57585985,11.83,1468.612,23.887,9.430,210,13,26,,
T,2023-05-09 15:13:44,6.25766415,-75.57589319,11.68,1468.925,23.887,8.670,211,13,26,,
T,2023-05-09 15:13:45,6.25759728,-75.57594529,11.80,1468.317,23.888,8.600,212,13,26,,
T,2023-05-09 15:13:46,6.25753451,-75.57597551,11.90,1466.510,23.888,8.070,211,12,26,,
T,2023-05-09 15:13:47,6.25748755,-75.57599853,11.72,1466.126,23.888,7.120,212,12,26,,
T,2023-05-09 15:13:48,6.25742657,-75.57602965,11.58,1464.687,23.888,7.160,211,13,26,,
T,2023-05-09 15:13:49,6.25736084,-75.57605966,11.52,1464.586,23.889,7.750,211,13,26,,
T,2023-05-09 15:13:50,6.25731764,-75.57610382,11.95,1465.346,23.889,7.580,209,13,26,,
T,2023-05-09 15:13:51,6.25728166,-75.57613066,12.27,1464.626,23.889,6.390,210,13,26,,
T,2023-05-09 15:13:52,6.25724907,-75.57614544,12.46,1464.550,23.889,5.400,205,13,26,,
T,2023-05-09 15:13:53,6.25719549,-75.57616972,12.86,1464.619,23.890,5.750,200,12,26,,
T,2023-05-09 15:13:54,6.25714885,-75.57618723,13.15,1464.227,23.890,6.410,205,11,26,,
T,2023-05-09 15:13:55,6.25706211,-75.57621537,12.95,1464.048,23.890,8.550,209,10,26,,
T,2023-05-09 15:13:56,6.25699588,-75.57626085,12.44,1463.827,23.891,8.760,210,10,26,,
T,2023-05-09 15:13:57,6.25690355,-75.57628863,12.29,1462.504,23.891,9.010,209,11,26,,
T,2023-05-09 15:13:58,6.25683389,-75.57632381,11.68,1464.211,23.891,9.180,209,11,26,,
T,2023-05-09 15:13:59,6.25677681,-75.57636482,11.37,1465.144,23.892,9.390,210,12,26,,
T,2023-05-09 15:14:00,6.25671304,-75.57639099,11.25,1464.353,23.892,8.480,210,12,26,,
T,2023-05-09 15:14:01,6.25663407,-75.57644319,11.44,1464.181,23.892,8.270,211,13,26,,
T,2023-05-09 15:14:02,6.25656971,-75.57648504,11.72,1463.458,23.893,8.280,210,13,26,,
T,2023-05-09 15:14:03,6.25650108,-75.57652009,11.55,1463.537,23.893,7.800,209,14,26,,
T,2023-05-09 15:14:04,6.25644986,-75.57656999,11.60,1463.955,23.893,7.960,209,14,26,,
T,2023-05-09 15:14:05,6.25638065,-75.57660676,11.65,1465.009,23.894,7.680,210,14,26,,
T,2023-05-09 15:14:06,6.25632355,-75.57663308,11.85,1463.665,23.894,7.370,210,13,26,,
T,2023-05-09 15:14:07,6.25625350,-75.57666572,11.86,1463.869,23.894,7.090,210,11,26,,
T,2023-05-09 15:14:08,6.25620703,-75.57668256,12.19,1462.419,23.895,5.880,209,12,26,,
T,2023-05-09 15:14:09,6.25615350,-75.57671309,12.77,1462.531,23.895,6.350,211,11,26,,
T,2023-05-09 15:14:10,6.25609077,-75.57675957,12.74,1462.281,23.895,6.840,212,11,26,,
T,2023-05-09 15:14:11,6.25602022,-75.57678937,13.11,1462.677,23.896,7.430,210,10,26,,
T,2023-05-09 15:14:12,6.25598273,-75.57682588,13.04,1463.690,23.896,7.340,208,11,26,,
T,2023-05-09 15:14:13,6.25591513,-75.57686366,12.78,1463.533,23.896,7.520,209,13,26,,
T,2023-05-09 15:14:14,6.25585506,-75.57690177,12.67,1464.630,23.896,7.710,211,14,26,,
T,2023-05-09 15:14:15,6.25577477,-75.57692561,12.61,1468.364,23.897,7.570,209,14,26,,
T,2023-05-09 15:14:16,6.25572484,-75.57695699,12.73,1468.414,23.897,7.330,210,14,26,,
T,2023-05-09 15:14:17,6.25568695,-75.57697782,12.72,1467.170,23.897,5.950,211,14,26,,
T,2023-05-09 15:14:18,6.25563964,-75.57699799,12.71,1467.713,23.897,5.750,209,14,26,,
T,2023-05-09 15:14:19,6.25561564,-75.57702495,12.64,1465.934,23.898,5.420,210,13,26,,
T,2023-05-09 15:14:20,6.25556969,-75.57704045,12.37,1466.888,23.898,5.510,210,15,26,,
T,2023-05-09 15:14:21,6.25552275,-75.57706263,12.36,1467.350,23.898,6.150,208,15,26,,
T,2023-05-09 15:14:22,6.25545760,-75.57709436,11.87,1467.710,23.898,6.840,209,16,26,,
T,2023-05-09 15:14:23,6.25538448,-75.57713202,11.86,1466.732,23.899,7.350,209,17,26,,
T,2023-05-09 15:14:24,6.25531498,-75.57716840,11.74,1468.489,23.899,7.550,209,16,26,,
T,2023-05-09 15:14:25,6.25524075,-75.57721103,11.72,1467.611,23.899,8.280,209,16,26,,
T,2023-05-09 15:14:26,6.25513752,-75.57724236,11.50,1469.557,23.900,9.340,209,15,26,,
T,2023-05-09 15:14:27,6.25504179,-75.57727208,11.65,1471.857,23.900,9.680,207,13,26,,
T,2023-05-09 15:14:28,6.25497841,-75.57731587,12.00,1471.906,23.901,9.810,207,13,26,,
T,2023-05-09 15:14:29,6.25488908,-75.57735309,12.12,1472.302,23.901,10.430,208,13,27,,
T,2023-05-09 15:14:30,6.25482176,-75.57740680,12.19,1473.762,23.901,10.100,209,15,27,,
T,2023-05-09 15:14:31,6.25474538,-75.57746129,12.21,1473.038,23.902,9.670,209,15,27,,
T,2023-05-09 15:14:32,6.25467184,-75.57751584,12.18,1473.189,23.902,9.590,208,14,27,,
T,2023-05-09 15:14:33,6.25460190,-75.57756356,12.13,1472.020,23.903,9.000,210,13,27,,
T,2023-05-09 15:14:34,6.25453423,-75.57759615,12.24,1471.256,23.903,8.860,209,13,27,,
T,2023-05-09 15:14:35,6.25446429,-75.57763473,12.83,1471.214,23.903,8.840,208,13,27,,
T,2023-05-09 15:14:39,6.25418480,-75.57779985,13.97,1470.723,23.905,8.630,209,,27,,
T,2023-05-09 15:14:40,6.25412413,-75.57781217,13.68,1471.246,23.905,8.480,210,9,27,,
T,2023-05-09 15:14:41,6.25406093,-75.57786244,13.12,1470.953,23.906,8.510,210,8,26,,
T,2023-05-09 15:14:42,6.25395603,-75.57791851,12.76,1470.690,23.906,8.480,210,9,27,,
T,2023-05-09 15:14:43,6.25388753,-75.57797304,12.98,1471.605,23.907,9.230,210,9,27,,
T,2023-05-09 15:14:44,6.25380331,-75.57801902,13.09,1471.565,23.907,10.240,209,10,27,,
T,2023-05-09 15:14:45,6.25372290,-75.57806496,13.75,1471.574,23.907,10.240,210,10,27,,
T,2023-05-09 15:14:46,6.25366597,-75.57809489,14.09,1470.306,23.908,9.140,210,10,27,,
T,2023-05-09 15:14:47,6.25360069,-75.57814251,13.86,1468.432,23.908,9.530,211,10,27,,
T,2023-05-09 15:14:48,6.25355321,-75.57818915,13.45,1463.970,23.908,10.360,210,10,27,,
T,2023-05-09 15:14:49,6.25347923,-75.57824804,13.64,1464.188,23.909,10.840,212,10,27,,
T,2023-05-09 15:14:50,6.25340747,-75.57828631,13.93,1463.276,23.909,10.970,212,11,27,,
T,2023-05-09 15:14:51,6.25328092,-75.57832908,13.68,1464.525,23.910,11.980,208,10,27,,
T,2023-05-09 15:14:52,6.25319596,-75.57840335,13.19,1463.199,23.910,12.520,209,11,27,,
T,2023-05-09 15:14:53,6.25309045,-75.57847413,13.37,1463.536,23.911,13.620,211,12,27,,
T,2023-05-09 15:14:54,6.25296902,-75.57853895,13.43,1465.344,23.912,13.860,210,13,27,,
T,2023-05-09 15:14:55,6.25283995,-75.57859810,13.10,1465.244,23.912,14.040,209,13,27,,
T,2023-05-09 15:14:56,6.25272747,-75.57864834,13.07,1465.275,23.913,14.110,209,14,27,,
T,2023-05-09 15:14:57,6.25260565,-75.57870610,12.70,1464.888,23.913,13.940,209,13,27,,
T,2023-05-09 15:14:58,6.25247709,-75.57877175,12.48,1465.703,23.914,14.450,209,12,27,,
T,2023-05-09 15:14:59,6.25236238,-75.57883974,12.52,1465.925,23.915,14.630,210,12,27,,
T,2023-05-09 15:15:00,6.25224733,-75.57891778,12.51,1465.534,23.915,15.070,211,12,27,,
T,2023-05-09 15:15:01,6.25212241,-75.57899192,12.45,1466.455,23.916,15.780,211,12,27,,
T,2023-05-09 15:15:02,6.25198986,-75.57906368,12.31,1466.609,23.917,15.900,210,11,27,,
T,2023-05-09 15:15:03,6.25186065,-75.57913920,12.59,1466.049,23.917,15.670,209,13,27,,
T,2023-05-09 15:15:04,6.25174228,-75.57920099,12.79,1466.015,23.918,14.840,209,14,27,,
T,2023-05-09 15:15:05,6.25163519,-75.57925960,13.17,1466.379,23.918,13.970,209,14,27,,
T,2023-05-09 15:15:06,6.25153737,-75.57930631,13.48,1466.169,23.919,12.700,209,13,27,,
T,2023-05-09 15:15:07,6.25144617,-75.57932061,13.20,1465.424,23.919,12.350,208,13,27,,
T,2023-05-09 15:15:08,6.25135154,-75.57939889,13.27,1465.665,23.920,12.300,207,13,27,,
T,2023-05-09 15:15:09,6.25127826,-75.57944143,13.51,1465.367,23.920,10.800,209,11,27,,
T,2023-05-09 15:15:10,6.25118960,-75.57948189,13.70,1464.939,23.921,10.410,208,10,27,,
T,2023-05-09 15:15:11,6.25110339,-75.57952903,14.13,1464.907,23.921,10.160,208,11,27,,
T,2023-05-09 15:15:12,6.25106723,-75.57956297,13.76,1465.452,23.921,8.640,210,11,27,,
T,2023-05-09 15:15:13,6.25098904,-75.57960196,13.43,1465.033,23.922,8.800,209,11,27,,
T,2023-05-09 15:15:14,6.25091088,-75.57964197,12.79,1463.827,23.922,8.880,209,11,27,,
T,2023-05-09 15:15:15,6.25086175,-75.57968713,13.01,1463.179,23.922,8.690,214,12,27,,
T,2023-05-09 15:15:16,6.25079148,-75.57973035,12.85,1461.547,23.923,9.660,219,12,27,,
T,2023-05-09 15:15:17,6.25072076,-75.57979501,12.49,1461.418,23.923,9.400,225,11,27,,
T,2023-05-09 15:15:18,6.25065161,-75.57986679,12.28,1460.639,23.924,9.380,227,12,27,,
T,2023-05-09 15:15:19,6.25058450,-75.57991698,11.87,1462.950,23.924,8.510,232,12,27,,
T,2023-05-09 15:15:20,6.25053322,-75.57996712,11.82,1465.191,23.925,7.300,231,12,27,,
T,2023-05-09 15:15:21,6.25050005,-75.58001005,11.89,1465.831,23.925,6.390,237,12,26,,
T,2023-05-09 15:15:22,6.25046005,-75.58005634,11.69,1465.708,23.925,7.110,243,12,27,,
T,2023-05-09 15:15:23,6.25043963,-75.58011382,11.23,1465.501,23.926,6.930,250,13,27,,
T,2023-05-09 15:15:24,6.25041658,-75.58018305,11.26,1464.001,23.926,7.370,259,12,27,,
T,2023-05-09 15:15:25,6.25039806,-75.58026469,11.61,1461.328,23.926,8.380,263,12,27,,
T,2023-05-09 15:15:26,6.25037815,-75.58034861,12.02,1462.694,23.927,9.300,266,12,27,,
T,2023-05-09 15:15:27,6.25037116,-75.58044521,12.15,1463.983,23.927,10.240,267,12,27,,
T,2023-05-09 15:15:28,6.25038131,-75.58053484,12.31,1464.098,23.928,10.150,268,14,27,,
T,2023-05-09 15:15:29,6.25036117,-75.58062047,12.10,1467.201,23.928,9.870,263,13,27,,
T,2023-05-09 15:15:30,6.25034702,-75.58070352,12.01,1468.919,23.929,9.310,259,13,27,,
T,2023-05-09 15:15:31,6.25034291,-75.58077778,11.89,1467.300,23.929,9.020,254,14,27,,
T,2023-05-09 15:15:32,6.25033137,-75.58085525,12.09,1467.220,23.930,9.280,250,14,27,,
T,2023-05-09 15:15:33,6.25031255,-75.58092462,12.24,1467.320,23.930,9.200,239,14,27,,
T,2023-05-09 15:15:34,6.25026036,-75.58099163,12.26,1466.668,23.931,8.990,227,13,27,,
T,2023-05-09 15:15:35,6.25018510,-75.58105786,12.65,1466.841,23.931,9.420,216,13,27,,
T,2023-05-09 15:15:36,6.25010798,-75.58110520,13.29,1465.877,23.931,9.200,205,12,27,,
T,2023-05-09 15:15:37,6.25001516,-75.58112260,13.88,1464.153,23.932,9.090,193,12,27,,
T,2023-05-09 15:15:38,6.24995783,-75.58113740,14.22,1463.301,23.932,7.770,184,12,27,,
T,2023-05-09 15:15:39,6.24983476,-75.58116546,13.85,1464.670,23.932,9.630,178,11,27,,
T,2023-05-09 15:15:40,6.24970258,-75.58113485,13.38,1464.928,23.932,10.780,174,12,26,,
T,2023-05-09 15:15:41,6.24961622,-75.58109358,13.42,1464.326,23.932,10.150,174,11,26,,
T,2023-05-09 15:15:42,6.24952989,-75.58107165,13.95,1464.450,23.932,9.800,174,12,27,,
T,2023-05-09 15:15:43,6.24943318,-75.58104166,14.06,1464.641,23.933,9.540,178,13,27,,
T,2023-05-09 15:15:44,6.24933977,-75.58104543,13.92,1465.095,23.933,10.210,178,12,27,,
T,2023-05-09 15:15:45,6.24924371,-75.58105113,14.04,1463.884,23.933,11.030,174,12,27,,
T,2023-05-09 15:15:46,6.24914621,-75.58103544,14.40,1462.935,23.933,11.670,170,12,27,,
T,2023-05-09 15:15:47,6.24905302,-75.58101490,14.51,1462.327,23.933,11.510,173,10,27,,
T,2023-05-09 15:15:48,6.24894968,-75.58100625,14.92,1462.436,23.933,11.580,174,9,27,,
T,2023-05-09 15:15:49,6.24882789,-75.58100730,15.12,1462.193,23.934,12.670,176,9,27,,
T,2023-05-09 15:15:50,6.24870347,-75.58098051,15.00,1462.074,23.934,13.210,181,10,27,,
T,2023-05-09 15:15:51,6.24856709,-75.58100486,15.05,1460.097,23.934,13.940,192,14,27,,
T,2023-05-09 15:15:52,6.24845429,-75.58103084,15.78,1460.047,23.934,13.400,199,14,27,,
T,2023-05-09 15:15:56,6.24809228,-75.58124847,16.91,1457.611,23.936,10.190,224,,26,,
T,2023-05-09 15:15:57,6.24801992,-75.58130545,15.80,1457.883,23.937,10.190,225,9,27,,
T,2023-05-09 15:15:58,6.24795701,-75.58136525,15.17,1458.474,23.937,10.520,226,7,27,,
T,2023-05-09 15:15:59,6.24787434,-75.58135590,15.55,1461.148,23.937,9.830,223,7,27,,
T,2023-05-09 15:16:00,6.24780267,-75.58136668,15.54,1458.496,23.937,9.440,223,7,27,,
T,2023-05-09 15:16:01,6.24775793,-75.58143180,15.62,1458.626,23.938,8.750,223,7,27,,
T,2023-05-09 15:16:02,6.24769805,-75.58150036,15.21,1458.485,23.938,8.500,224,8,27,,
T,2023-05-09 15:16:03,6.24762901,-75.58157173,15.40,1458.355,23.939,8.800,223,10,27,,
T,2023-05-09 15:16:04,6.24756928,-75.58164276,15.08,1458.636,23.939,8.800,223,11,27,,
T,2023-05-09 15:16:05,6.24750394,-75.58169049,15.06,1458.407,23.940,8.870,224,11,27,,
T,2023-05-09 15:16:06,6.24743900,-75.58179152,14.09,1459.144,23.940,10.220,224,11,27,,
T,2023-05-09 15:16:07,6.24734859,-75.58189584,13.31,1460.061,23.941,10.990,225,13,27,,
T,2023-05-09 15:16:08,6.24727086,-75.58197202,12.81,1461.125,23.942,10.670,224,13,27,,
T,2023-05-09 15:16:09,6.24721557,-75.58204371,12.53,1462.070,23.942,10.280,225,13,27,,
T,2023-05-09 15:16:10,6.24714720,-75.58210449,12.33,1461.566,23.942,10.200,226,12,27,,
T,2023-05-09 15:16:11,6.24707931,-75.58218772,12.13,1461.097,23.943,11.080,225,12,27,,
T,2023-05-09 15:16:12,6.24700011,-75.58226713,11.78,1462.115,23.944,10.820,225,12,27,,
T,2023-05-09 15:16:13,6.24692566,-75.58231627,12.10,1465.670,23.944,9.790,225,11,27,,
T,2023-05-09 15:16:14,6.24687623,-75.58237109,12.21,1464.329,23.944,9.200,226,12,27,,
T,2023-05-09 15:16:15,6.24680485,-75.58243353,11.81,1464.643,23.945,9.700,225,13,27,,
T,2023-05-09 15:16:16,6.24674880,-75.58250066,11.78,1465.276,23.945,9.700,224,14,27,,
T,2023-05-09 15:16:17,6.24669309,-75.58255057,11.63,1466.473,23.946,8.440,226,14,27,,
T,2023-05-09 15:16:18,6.24663096,-75.58261585,11.75,1468.072,23.946,8.300,226,14,27,,
T,2023-05-09 15:16:19,6.24657326,-75.58269096,12.25,1467.829,23.947,8.580,223,15,27,,
T,2023-05-09 15:16:20,6.24652446,-75.58274839,12.62,1467.000,23.947,8.760,225,14,27,,
T,2023-05-09 15:16:21,6.24646622,-75.58281857,12.00,1467.588,23.948,9.400,222,15,27,,
T,2023-05-09 15:16:22,6.24640615,-75.58287915,12.51,1467.881,23.948,9.440,224,14,27,,
T,2023-05-09 15:16:23,6.24635041,-75.58292709,12.64,1468.354,23.948,9.100,228,13,27,,
T,2023-05-09 15:16:24,6.24633605,-75.58295610,12.23,1465.546,23.949,7.580,227,14,27,,
T,2023-05-09 15:16:25,6.24628686,-75.58299656,12.46,1464.637,23.949,6.640,226,13,27,,
T,2023-05-09 15:16:26,6.24624123,-75.58302846,12.37,1465.808,23.949,5.820,225,13,27,,
T,2023-05-09 15:16:27,6.24620806,-75.58306209,12.48,1466.685,23.949,5.330,225,12,27,,
T,2023-05-09 15:16:28,6.24617802,-75.58309222,12.49,1466.633,23.950,5.200,225,13,27,,
T,2023-05-09 15:16:29,6.24616344,-75.58308637,12.30,1464.494,23.950,4.090,227,13,27,,
T,2023-05-09 15:16:30,6.24613388,-75.58311259,12.11,1464.817,23.950,4.740,224,13,27,,
T,2023-05-09 15:16:31,6.24609424,-75.58314997,12.10,1464.667,23.950,5.360,229,13,27,,
T,2023-05-09 15:16:32,6.24605282,-75.58317570,11.89,1464.982,23.950,5.290,226,14,27,,
T,2023-05-09 15:16:33,6.24601765,-75.58319503,11.60,1466.540,23.950,4.480,226,15,27,,
T,2023-05-09 15:16:34,6.24599659,-75.58322564,11.40,1466.636,23.951,4.370,223,15,27,,
T,2023-05-09 15:16:35,6.24595223,-75.58326505,11.34,1467.606,23.951,4.750,223,14,27,,
T,2023-05-09 15:16:36,6.24591799,-75.58330222,11.47,1466.802,23.951,4.720,223,13,27,,
T,2023-05-09 15:16:37,6.24586765,-75.58333884,11.22,1468.512,23.951,4.170,223,12,27,,
T,2023-05-09 15:16:38,6.24583952,-75.58336499,11.41,1468.191,23.952,4.290,224,14,27,,
T,2023-05-09 15:16:39,6.24581716,-75.58339291,11.55,1469.074,23.952,4.110,229,13,27,,
T,2023-05-09 15:16:40,6.24579189,-75.58341424,11.68,1468.207,23.952,4.100,223,12,27,,
T,2023-05-09 15:16:41,6.24576195,-75.58344098,11.82,1468.082,23.952,4.660,224,13,27,,
T,2023-05-09 15:16:42,6.24573104,-75.58346992,12.03,1468.287,23.952,4.790,225,15,27,,
T,2023-05-09 15:16:43,6.24569808,-75.58349841,12.07,1468.824,23.953,5.190,224,14,27,,
T,2023-05-09 15:16:44,6.24564275,-75.58356137,12.03,1469.060,23.953,6.640,225,11,26,,
T,2023-05-09 15:16:45,6.24558893,-75.58365295,11.97,1469.721,23.954,7.710,226,13,27,,
T,2023-05-09 15:16:46,6.24553705,-75.58372149,12.06,1469.965,23.954,7.840,225,13,27,,
T,2023-05-09 15:16:47,6.24546688,-75.58379549,11.76,1471.953,23.955,9.150,227,13,27,,
T,2023-05-09 15:16:48,6.24539706,-75.58387054,11.59,1471.090,23.955,10.100,227,12,27,,
T,2023-05-09 15:16:49,6.24533214,-75.58394117,11.20,1470.770,23.956,10.960,227,11,27,,
T,2023-05-09 15:16:50,6.24526941,-75.58402078,11.46,1470.747,23.956,11.540,226,13,27,,
T,2023-05-09 15:16:51,6.24518961,-75.58408784,11.28,1471.140,23.957,11.790,224,13,27,,
T,2023-05-09 15:16:52,6.24509216,-75.58416606,11.22,1472.108,23.957,13.000,223,13,27,,
T,2023-05-09 15:16:53,6.24500730,-75.58425233,11.08,1472.963,23.958,12.940,225,15,27,,
T,2023-05-09 15:16:54,6.24492811,-75.58434484,11.27,1473.449,23.958,13.100,225,16,27,,
T,2023-05-09 15:16:55,6.24482841,-75.58443500,11.47,1474.182,23.959,14.000,225,16,27,,
T,2023-05-09 15:16:56,6.24473268,-75.58452009,11.66,1474.042,23.960,14.270,226,16,27,,
T,2023-05-09 15:16:57,6.24463473,-75.58463159,11.77,1474.004,23.961,14.950,226,16,27,,
T,2023-05-09 15:16:58,6.24454216,-75.58472517,12.10,1474.095,23.961,14.740,225,16,27,,
T,2023-05-09 15:16:59,6.24445194,-75.58480751,12.08,1474.873,23.962,13.910,225,14,27,,
T,2023-05-09 15:17:00,6.24436248,-75.58489883,12.43,1476.614,23.962,13.640,226,13,27,,
T,2023-05-09 15:17:01,6.24428466,-75.58498293,12.47,1476.079,23.963,13.320,223,13,27,,
T,2023-05-09 15:17:02,6.24423866,-75.58505711,12.54,1478.510,23.964,12.110,225,10,27,,
T,2023-05-09 15:17:03,6.24418418,-75.58515306,12.50,1478.644,23.964,11.900,226,10,27,,
T,2023-05-09 15:17:04,6.24410492,-75.58521336,12.48,1478.488,23.965,11.780,225,11,27,,
T,2023-05-09 15:17:05,6.24404606,-75.58529295,12.03,1478.403,23.965,11.120,227,12,27,,
T,2023-05-09 15:17:06,6.24397275,-75.58537403,12.05,1479.805,23.966,10.740,227,13,27,,
T,2023-05-09 15:17:07,6.24387946,-75.58543547,11.93,1481.313,23.966,10.450,227,13,27,,
T,2023-05-09 15:17:08,6.24380984,-75.58549945,12.13,1481.325,23.967,10.620,227,15,27,,
T,2023-05-09 15:17:09,6.24374209,-75.58555157,12.34,1480.959,23.967,10.150,224,15,27,,
T,2023-05-09 15:17:10,6.24368558,-75.58561491,12.17,1481.047,23.967,9.360,226,15,27,,
T,2023-05-09 15:17:11,6.24363550,-75.58567046,12.10,1481.602,23.968,8.490,227,14,27,,
T,2023-05-09 15:17:12,6.24356547,-75.58571230,12.01,1481.287,23.968,7.860,225,14,27,,
T,2023-05-09 15:17:13,6.24352588,-75.58574216,11.82,1480.051,23.968,6.190,225,13,27,,
T,2023-05-09 15:17:14,6.24348225,-75.58577334,12.17,1480.789,23.969,5.280,223,12,27,,
T,2023-05-09 15:17:15,6.24345941,-75.58579105,12.01,1481.154,23.969,3.270,227,12,27,,
T,2023-05-09 15:17:16,6.24344470,-75.58581288,11.80,1480.472,23.969,2.610,229,12,27,,
T,2023-05-09 15:17:17,6.24343549,-75.58582217,12.17,1481.869,23.969,2.120,229,13,27,,
T,2023-05-09 15:17:18,6.24343978,-75.58581540,11.68,1482.343,23.969,0.610,218,13,27,,
T,2023-05-09 15:17:19,6.24344574,-75.58581215,11.80,1481.323,23.969,0.280,223,15,27,,
T,2023-05-09 15:17:20,6.24345156,-75.58581485,11.65,1482.811,23.969,0.480,226,16,27,,
T,2023-05-09 15:17:21,6.24345039,-75.58582035,11.56,1483.088,23.969,0.420,227,16,27,,
T,2023-05-09 15:17:22,6.24344949,-75.58582163,11.37,1483.626,23.969,0.150,223,16,27,,
T,2023-05-09 15:17:23,6.24344673,-75.58582458,11.20,1483.581,23.969,0.000,,14,27,,
T,2023-05-09 15:17:24,6.24344501,-75.58582341,11.11,1483.961,23.969,0.000,,14,27,,
T,2023-05-09 15:17:25,6.24344426,-75.58582315,11.03,1483.167,23.969,0.000,,13,27,,
T,2023-05-09 15:17:26,6.24344501,-75.58582316,11.02,1483.420,23.969,0.000,,13,27,,
T,2023-05-09 15:17:27,6.24337650,-75.58587817,11.03,1483.560,23.969,5.920,224,14,27,,
T,2023-05-09 15:17:28,6.24332536,-75.58592179,10.95,1484.510,23.970,7.000,223,14,27,,
T,2023-05-09 15:17:29,6.24325864,-75.58597463,10.86,1485.813,23.970,7.580,224,16,27,,
T,2023-05-09 15:17:30,6.24319502,-75.58603203,10.85,1487.028,23.971,8.450,224,15,27,,
T,2023-05-09 15:17:31,6.24310641,-75.58612116,10.86,1487.313,23.971,9.320,224,12,27,,
T,2023-05-09 15:17:32,6.24304181,-75.58618606,10.94,1487.187,23.972,10.170,225,12,27,,
T,2023-05-09 15:17:33,6.24297752,-75.58625594,10.75,1486.468,23.972,10.250,225,11,27,,
T,2023-05-09 15:17:34,6.24292083,-75.58632772,11.00,1485.695,23.973,10.390,226,11,27,,
T,2023-05-09 15:17:35,6.24285476,-75.58639434,11.54,1485.086,23.973,10.250,226,11,27,,
T,2023-05-09 15:17:36,6.24277553,-75.58647091,11.83,1483.856,23.974,11.100,225,11,27,,
T,2023-05-09 15:17:37,6.24268179,-75.58654553,12.43,1483.873,23.974,11.910,225,12,27,,
T,2023-05-09 15:17:38,6.24259870,-75.58662683,12.62,1483.473,23.975,12.590,225,12,27,,
T,2023-05-09 15:17:39,6.24252613,-75.58670892,12.79,1482.302,23.975,12.440,225,12,27,,
T,2023-05-09 15:17:40,6.24241313,-75.58677961,12.55,1483.325,23.976,12.930,225,12,27,,
T,2023-05-09 15:17:41,6.24235359,-75.58687049,12.57,1482.478,23.977,13.090,226,12,27,,
T,2023-05-09 15:17:42,6.24228283,-75.58696810,13.17,1483.538,23.977,13.830,227,13,27,,
T,2023-05-09 15:17:43,6.24219492,-75.58707314,13.46,1483.262,23.978,14.570,227,11,27,,
T,2023-05-09 15:17:44,6.24209221,-75.58717095,14.18,1482.502,23.979,14.750,224,11,27,,
T,2023-05-09 15:17:45,6.24199931,-75.58725532,15.13,1482.313,23.979,14.470,222,11,27,,
T,2023-05-09 15:17:46,6.24192765,-75.58734386,15.12,1481.360,23.980,14.310,224,10,27,,
T,2023-05-09 15:17:47,6.24183414,-75.58741245,15.27,1482.084,23.980,13.390,225,11,27,,
T,2023-05-09 15:17:48,6.24170419,-75.58748061,14.94,1484.321,23.981,14.210,225,11,27,,
T,2023-05-09 15:17:49,6.24162213,-75.58757861,14.85,1485.368,23.982,14.140,226,11,27,,
T,2023-05-09 15:17:50,6.24154071,-75.58765739,14.94,1485.195,23.982,13.880,226,11,27,,
T,2023-05-09 15:17:51,6.24142390,-75.58776118,15.01,1485.576,23.983,14.320,225,11,27,,
T,2023-05-09 15:17:52,6.24130375,-75.58788259,14.85,1485.001,23.984,14.370,225,11,27,,
T,2023-05-09 15:17:53,6.24121083,-75.58798314,14.95,1485.175,23.985,15.130,226,11,27,,
T,2023-05-09 15:17:54,6.24109941,-75.58809791,13.90,1487.253,23.985,15.140,227,11,26,,
T,2023-05-09 15:17:55,6.24099551,-75.58819921,13.07,1487.146,23.986,15.830,228,12,26,,
T,2023-05-09 15:17:56,6.24089473,-75.58830943,12.40,1488.926,23.987,16.170,227,12,27,,
T,2023-05-09 15:17:57,6.24077420,-75.58842115,12.07,1488.312,23.988,16.190,227,12,27,,
T,2023-05-09 15:17:58,6.24066864,-75.58852197,12.61,1492.495,23.988,16.260,226,12,27,,
T,2023-05-09 15:17:59,6.24055858,-75.58864246,13.23,1491.559,23.989,16.690,225,13,27,,
T,2023-05-09 15:18:00,6.24043761,-75.58876848,13.38,1490.745,23.990,17.050,224,14,27,,
T,2023-05-09 15:18:01,6.24030481,-75.58891997,12.94,1492.732,23.991,17.760,224,13,27,,
T,2023-05-09 15:18:02,6.24019150,-75.58902125,13.69,1496.315,23.992,17.450,225,15,27,,
T,2023-05-09 15:18:03,6.24008357,-75.58913817,12.85,1498.739,23.993,17.400,228,14,27,,
T,2023-05-09 15:18:04,6.23998278,-75.58925946,12.96,1497.992,23.994,17.340,229,14,27,,
T,2023-05-09 15:18:05,6.23987549,-75.58937058,13.58,1498.303,23.994,17.580,227,14,27,,
T,2023-05-09 15:18:06,6.23975886,-75.58946756,13.66,1499.316,23.995,17.610,226,15,27,,
T,2023-05-09 15:18:07,6.23964357,-75.58959251,14.39,1499.411,23.996,17.620,226,16,27,,
T,2023-05-09 15:18:08,6.23954130,-75.58968097,14.04,1500.305,23.997,17.020,225,14,27,,
T,2023-05-09 15:18:09,6.23943813,-75.58978548,13.78,1500.704,23.997,16.540,225,14,27,,
T,2023-05-09 15:18:10,6.23932107,-75.58990295,13.50,1500.338,23.998,17.300,226,12,27,,
T,2023-05-09 15:18:11,6.23917958,-75.59004080,12.67,1499.086,23.999,18.130,228,11,27,,
T,2023-05-09 15:18:12,6.23906234,-75.59016097,12.29,1499.371,24.000,18.050,226,11,27,,
T,2023-05-09 15:18:13,6.23894959,-75.59028184,12.39,1498.749,24.001,18.080,226,11,27,,
T,2023-05-09 15:18:14,6.23883891,-75.59037377,12.22,1500.709,24.002,17.270,225,13,27,,
T,2023-05-09 15:18:15,6.23873663,-75.59048142,12.44,1500.058,24.002,16.910,225,13,27,,
T,2023-05-09 15:18:16,6.23863965,-75.59059014,13.17,1500.471,24.003,16.840,225,15,27,,
T,2023-05-09 15:18:17,6.23852147,-75.59070052,13.10,1499.243,24.004,17.030,225,16,27,,
T,2023-05-09 15:18:18,6.23839497,-75.59079755,13.03,1499.925,24.005,17.100,224,15,27,,
T,2023-05-09 15:18:19,6.23828262,-75.59091872,13.09,1501.270,24.006,17.350,224,16,27,,
T,2023-05-09 15:18:20,6.23816803,-75.59102132,13.26,1500.999,24.006,17.530,224,15,27,,
T,2023-05-09 15:18:21,6.23805514,-75.59113236,13.52,1500.076,24.007,17.390,225,15,27,,
T,2023-05-09 15:18:22,6.23791416,-75.59123864,13.21,1500.147,24.008,18.310,225,14,27,,
T,2023-05-09 15:18:23,6.23777824,-75.59134767,13.27,1499.522,24.009,18.350,225,13,27,,
T,2023-05-09 15:18:24,6.23766370,-75.59145556,12.74,1498.423,24.010,17.290,226,13,27,,
T,2023-05-09 15:18:25,6.23753873,-75.59156212,12.80,1499.036,24.010,17.180,225,13,27,,
T,2023-05-09 15:18:26,6.23746030,-75.59168275,12.13,1499.406,24.011,15.850,227,13,27,,
T,2023-05-09 15:18:27,6.23736827,-75.59178413,12.25,1498.514,24.012,14.990,227,14,27,,
T,2023-05-09 15:18:28,6.23728393,-75.59187080,11.70,1500.935,24.013,14.460,227,14,27,,
T,2023-05-09 15:18:29,6.23720149,-75.59196480,11.53,1499.657,24.013,14.270,227,15,27,,
T,2023-05-09 15:18:30,6.23711979,-75.59205161,11.77,1501.585,24.014,14.050,227,15,27,,
T,2023-05-09 15:18:31,6.23702653,-75.59216207,11.66,1501.922,24.015,14.300,226,12,27,,
T,2023-05-09 15:18:32,6.23693201,-75.59224627,11.53,1502.505,24.015,14.750,224,12,27,,
T,2023-05-09 15:18:33,6.23684406,-75.59234802,11.62,1501.959,24.016,14.210,224,12,27,,
T,2023-05-09 15:18:34,6.23673695,-75.59243839,11.74,1502.111,24.017,14.150,225,13,26,,
T,2023-05-09 15:18:35,6.23664665,-75.59253927,11.90,1502.049,24.017,14.780,226,13,27,,
T,2023-05-09 15:18:36,6.23655387,-75.59262807,12.01,1502.182,24.018,14.660,226,13,27,,
T,2023-05-09 15:18:37,6.23646406,-75.59271863,12.03,1502.497,24.019,14.550,226,13,26,,
T,2023-05-09 15:18:38,6.23637179,-75.59281462,11.95,1501.913,24.019,14.810,225,13,27,,
T,2023-05-09 15:18:39,6.23629484,-75.59290218,12.32,1501.947,24.020,13.920,225,13,27,,
T,2023-05-09 15:18:40,6.23622457,-75.59297771,12.27,1501.610,24.020,12.970,225,12,27,,
T,2023-05-09 15:18:41,6.23614501,-75.59304923,12.57,1502.552,24.021,12.560,224,12,27,,
T,2023-05-09 15:18:42,6.23607198,-75.59310966,12.92,1502.843,24.021,11.770,225,13,27,,
T,2023-05-09 15:18:43,6.23600173,-75.59320163,13.26,1502.069,24.022,11.590,225,13,27,,
T,2023-05-09 15:18:44,6.23590708,-75.59327584,13.42,1502.306,24.023,12.050,224,13,27,,
T,2023-05-09 15:18:45,6.23581388,-75.59335331,13.42,1501.465,24.023,11.740,223,11,27,,
T,2023-05-09 15:18:46,6.23574667,-75.59342206,13.92,1499.645,24.024,11.160,224,11,27,,
T,2023-05-09 15:18:47,6.23565994,-75.59349318,14.58,1499.170,24.024,11.480,223,11,27,,
T,2023-05-09 15:18:48,6.23558338,-75.59357688,14.84,1498.599,24.025,11.450,224,10,27,,
T,2023-05-09 15:18:49,6.23550850,-75.59364772,15.85,1498.614,24.025,11.430,224,12,27,,
T,2023-05-09 15:18:50,6.23545594,-75.59370632,17.45,1498.457,24.026,10.570,224,12,27,,
T,2023-05-09 15:18:51,6.23543867,-75.59371433,18.00,1499.109,24.026,7.880,214,12,27,,
T,2023-05-09 15:18:52,6.23543318,-75.59371084,18.10,1498.339,24.026,5.160,196,12,26,,
T,2023-05-09 15:18:53,6.23542588,-75.59371233,18.40,1498.628,24.026,3.960,187,13,27,,
T,2023-05-09 15:18:54,6.23539853,-75.59371841,19.60,1498.346,24.026,3.630,185,13,27,,
T,2023-05-09 15:18:55,6.23538762,-75.59372768,20.69,1498.701,24.026,3.120,189,10,27,,
T,2023-05-09 15:18:56,6.23538469,-75.59370819,19.46,1498.422,24.026,1.780,181,11,27,,
T,2023-05-09 15:18:57,6.23539127,-75.59371552,18.82,1498.176,24.026,0.270,184,12,27,,
T,2023-05-09 15:18:58,6.23538868,-75.59371925,17.82,1498.510,24.026,0.260,185,10,27,,
T,2023-05-09 15:18:59,6.23537974,-75.59372136,17.03,1499.057,24.026,0.580,187,9,27,,
T,2023-05-09 15:19:00,6.23536616,-75.59372980,15.76,1499.161,24.026,0.000,,9,27,,
T,2023-05-09 15:19:01,6.23536144,-75.59373069,15.76,1498.945,24.026,0.170,186,10,27,,
T,2023-05-09 15:19:02,6.23535254,-75.59373427,15.69,1499.207,24.026,0.220,186,10,27,,
T,2023-05-09 15:19:03,6.23534767,-75.59373282,15.89,1499.149,24.026,0.000,,9,27,,
T,2023-05-09 15:19:04,6.23535922,-75.59373284,17.09,1497.846,24.026,0.430,186,9,27,,
T,2023-05-09 15:19:05,6.23536788,-75.59373932,18.07,1497.901,24.026,0.710,186,11,27,,
T,2023-05-09 15:19:06,6.23537310,-75.59374417,19.98,1498.058,24.026,0.540,186,10,27,,
T,2023-05-09 15:19:07,6.23537614,-75.59375018,22.28,1498.049,24.026,0.520,185,7,27,,
T,2023-05-09 15:19:08,6.23537444,-75.59375045,19.80,1498.278,24.026,0.170,184,7,27,,
T,2023-05-09 15:19:09,6.23537448,-75.59374771,19.55,1498.096,24.026,0.400,184,7,27,,
T,2023-05-09 15:19:10,6.23536346,-75.59374620,18.02,1498.102,24.026,0.710,182,6,26,,
T,2023-05-09 15:19:11,6.23536275,-75.59374435,17.98,1498.056,24.026,0.160,187,6,25,,
T,2023-05-09 15:19:12,6.23536263,-75.59374352,17.54,1498.241,24.026,0.150,182,8,27,,
T,2023-05-09 15:19:13,6.23535363,-75.59374751,17.19,1498.444,24.026,0.790,181,10,27,,
T,2023-05-09 15:19:14,6.23531629,-75.59373752,15.77,1499.818,24.026,3.030,174,10,27,,
T,2023-05-09 15:19:15,6.23521150,-75.59372967,15.30,1499.804,24.026,5.710,172,10,27,,
T,2023-05-09 15:19:16,6.23512788,-75.59370237,15.05,1499.104,24.026,6.670,175,10,27,,
T,2023-05-09 15:19:17,6.23504170,-75.59370409,14.63,1500.317,24.026,7.170,176,9,27,,
T,2023-05-09 15:19:18,6.23497725,-75.59372085,14.88,1500.563,24.027,7.350,176,9,27,,
T,2023-05-09 15:19:19,6.23481271,-75.59374675,14.34,1501.232,24.027,9.810,179,9,27,,
T,2023-05-09 15:19:20,6.23468238,-75.59374518,14.83,1502.411,24.027,10.490,179,9,27,,
T,2023-05-09 15:19:21,6.23459620,-75.59373569,14.96,1503.139,24.027,10.630,177,9,27,,
T,2023-05-09 15:19:22,6.23446338,-75.59373659,15.57,1506.123,24.028,11.160,174,9,27,,
T,2023-05-09 15:19:23,6.23435664,-75.59372322,17.60,1506.670,24.028,11.630,176,10,27,,
T,2023-05-09 15:19:24,6.23424576,-75.59371089,18.74,1506.021,24.028,11.490,175,11,27,,
T,2023-05-09 15:19:25,6.23414059,-75.59370289,18.96,1506.731,24.028,11.400,176,11,27,,
T,2023-05-09 15:19:26,6.23406136,-75.59369563,15.62,1506.102,24.028,11.410,178,11,27,,
T,2023-05-09 15:19:27,6.23393945,-75.59371153,14.84,1506.382,24.029,10.680,179,9,27,,
T,2023-05-09 15:19:28,6.23382970,-75.59371291,14.32,1507.326,24.029,10.880,182,8,27,,
T,2023-05-09 15:19:29,6.23372957,-75.59372576,13.98,1505.945,24.029,10.990,182,9,27,,
T,2023-05-09 15:19:30,6.23364064,-75.59373836,14.48,1505.993,24.029,10.610,181,9,27,,
T,2023-05-09 15:19:31,6.23353950,-75.59375131,15.20,1507.700,24.030,10.760,181,10,27,,
T,2023-05-09 15:19:32,6.23345168,-75.59374380,16.00,1507.124,24.030,10.460,178,10,27,,
T,2023-05-09 15:19:33,6.23338245,-75.59370627,15.38,1504.981,24.030,10.420,174,10,27,,
T,2023-05-09 15:19:34,6.23329384,-75.59368023,14.25,1504.374,24.030,10.550,176,12,27,,
T,2023-05-09 15:19:35,6.23318669,-75.59367879,13.64,1504.101,24.030,10.710,176,12,27,,
T,2023-05-09 15:19:36,6.23308323,-75.59367329,13.37,1503.793,24.030,10.910,177,13,27,,
T,2023-05-09 15:19:37,6.23297269,-75.59367895,13.03,1503.342,24.030,11.780,178,12,27,,
T,2023-05-09 15:19:38,6.23287316,-75.59367322,13.12,1502.650,24.030,11.250,178,11,27,,
T,2023-05-09 15:19:39,6.23276830,-75.59368687,13.28,1500.773,24.031,10.070,180,11,27,,
T,2023-05-09 15:19:40,6.23269786,-75.59366763,13.25,1500.042,24.031,9.430,179,10,27,,
T,2023-05-09 15:19:41,6.23263032,-75.59367465,13.10,1499.292,24.031,8.490,180,10,27,,
T,2023-05-09 15:19:42,6.23257309,-75.59368732,13.30,1497.514,24.031,6.930,179,8,27,,
T,2023-05-09 15:19:43,6.23252865,-75.59367227,13.56,1497.091,24.031,5.750,168,9,27,,
T,2023-05-09 15:19:44,6.23248498,-75.59366428,13.99,1496.265,24.031,5.510,156,11,27,,
T,2023-05-09 15:19:45,6.23243728,-75.59367545,14.48,1494.693,24.031,5.250,158,12,27,,
T,2023-05-09 15:19:46,6.23240087,-75.59365467,13.94,1493.450,24.031,4.460,163,12,27,,
T,2023-05-09 15:19:47,6.23236522,-75.59368111,13.39,1490.940,24.032,3.410,173,15,27,,
T,2023-05-09 15:19:48,6.23235333,-75.59367366,13.33,1491.723,24.032,2.860,171,15,27,,
T,2023-05-09 15:19:49,6.23233018,-75.59367696,13.19,1491.872,24.032,2.920,129,13,27,,
T,2023-05-09 15:19:50,6.23231564,-75.59365744,13.49,1490.846,24.032,2.740,95,14,27,,
T,2023-05-09 15:19:51,6.23231258,-75.59363286,13.68,1491.659,24.031,1.810,83,14,27,,
T,2023-05-09 15:19:52,6.23230224,-75.59362555,14.52,1492.302,24.031,2.860,58,14,27,,
T,2023-05-09 15:19:53,6.23230018,-75.59361757,15.01,1492.364,24.031,2.110,27,11,27,,
T,2023-05-09 15:19:54,6.23228700,-75.59361560,15.41,1491.405,24.031,2.590,4,11,27,,
T,2023-05-09 15:19:55,6.23227601,-75.59360747,15.99,1491.415,24.031,1.970,12,10,27,,
T,2023-05-09 15:19:56,6.23227115,-75.59359890,16.23,1490.259,24.031,1.680,7,9,27,,
T,2023-05-09 15:19:57,6.23225706,-75.59359548,17.06,1489.930,24.031,1.900,4,10,26,,
T,2023-05-09 15:19:58,6.23224828,-75.59359084,18.10,1490.083,24.031,0.940,355,8,27,,
T,2023-05-09 15:19:59,6.23223739,-75.59358972,18.52,1490.517,24.031,1.080,10,8,27,,
T,2023-05-09 15:20:00,6.23222476,-75.59358496,16.83,1491.143,24.031,1.130,6,9,27,,
T,2023-05-09 15:20:01,6.23220767,-75.59357539,17.61,1491.553,24.031,1.250,7,11,27,,
T,2023-05-09 15:20:02,6.23219777,-75.59357429,18.68,1491.254,24.031,0.920,9,12,27,,
T,2023-05-09 15:20:03,6.23220853,-75.59357479,19.27,1490.907,24.031,0.290,7,11,27,,
T,2023-05-09 15:20:04,6.23221306,-75.59357953,17.62,1490.473,24.031,0.920,7,11,27,,
T,2023-05-09 15:20:05,6.23221491,-75.59357603,18.70,1490.086,24.031,0.920,6,11,27,,
T,2023-05-09 15:20:06,6.23219783,-75.59358499,16.98,1490.146,24.031,0.720,207,10,27,,
T,2023-05-09 15:20:07,6.23219383,-75.59358310,17.84,1489.030,24.031,0.400,205,8,27,,
T,2023-05-09 15:20:08,6.23220249,-75.59357937,18.74,1490.549,24.031,0.170,215,7,27,,
T,2023-05-09 15:20:09,6.23219969,-75.59357520,15.65,1492.332,24.031,0.540,170,7,27,,
T,2023-05-09 15:20:10,6.23221723,-75.59357183,16.37,1494.059,24.031,0.410,59,8,27,,
T,2023-05-09 15:20:11,6.23223002,-75.59356278,16.60,1494.319,24.031,0.490,47,8,27,,
T,2023-05-09 15:20:12,6.23224116,-75.59354116,17.12,1494.074,24.031,1.350,81,10,27,,
T,2023-05-09 15:20:13,6.23225656,-75.59354253,16.16,1494.022,24.031,0.530,57,11,27,,
T,2023-05-09 15:20:14,6.23226386,-75.59353011,16.22,1494.350,24.031,0.910,60,11,27,,
T,2023-05-09 15:20:15,6.23228525,-75.59350615,16.59,1494.103,24.031,1.970,54,11,26,,
T,2023-05-09 15:20:16,6.23231576,-75.59350798,16.16,1493.261,24.031,1.330,25,11,26,,
T,2023-05-09 15:20:17,6.23233092,-75.59350392,15.79,1493.301,24.031,1.240,30,11,27,,
T,2023-05-09 15:20:18,6.23233744,-75.59349854,15.15,1493.142,24.031,0.930,48,9,27,,
T,2023-05-09 15:20:19,6.23234235,-75.59348900,15.72,1492.775,24.031,0.950,46,9,27,,
T,2023-05-09 15:20:20,6.23233512,-75.59347761,15.56,1494.182,24.031,0.570,67,9,27,,
T,2023-05-09 15:20:21,6.23233232,-75.59347219,16.46,1493.877,24.031,0.220,76,9,27,,
T,2023-05-09 15:20:22,6.23232190,-75.59346496,17.11,1494.391,24.030,0.380,137,10,27,,
T,2023-05-09 15:20:23,6.23230920,-75.59345627,16.28,1494.896,24.030,0.380,131,10,27,,
T,2023-05-09 15:20:24,6.23230064,-75.59345397,16.60,1494.522,24.030,0.250,160,11,27,,
T,2023-05-09 15:20:25,6.23228550,-75.59344965,17.28,1494.486,24.030,0.930,175,11,27,,
T,2023-05-09 15:20:26,6.23229842,-75.59344512,17.69,1494.149,24.030,0.370,146,11,27,,
T,2023-05-09 15:20:27,6.23233651,-75.59345043,17.93,1492.961,24.030,0.950,358,10,27,,
T,2023-05-09 15:20:28,6.23235504,-75.59345784,18.86,1493.012,24.030,0.620,353,9,27,,
T,2023-05-09 15:20:29,6.23237143,-75.59345937,17.43,1493.184,24.030,0.690,340,9,27,,
T,2023-05-09 15:20:30,6.23238137,-75.59346274,18.20,1493.099,24.030,0.560,301,8,27,,
T,2023-05-09 15:20:31,6.23238525,-75.59346407,19.53,1493.226,24.030,0.420,288,7,27,,
T,2023-05-09 15:20:32,6.23238765,-75.59346307,17.84,1492.963,24.030,0.000,,7,27,,
T,2023-05-09 15:20:33,6.23237875,-75.59346497,18.30,1493.065,24.030,0.470,247,8,27,,
T,2023-05-09 15:20:34,6.23237939,-75.59346454,19.36,1492.942,24.030,0.310,263,8,27,,
T,2023-05-09 15:20:35,6.23238461,-75.59346486,21.18,1492.938,24.030,0.320,280,8,27,,
T,2023-05-09 15:20:36,6.23239077,-75.59346592,23.78,1492.932,24.030,0.330,287,7,27,,
T,2023-05-09 15:20:37,6.23239754,-75.59346576,26.64,1492.930,24.030,0.270,8,7,27,,
T,2023-05-09 15:20:38,6.23240310,-75.59346501,30.99,1492.932,24.030,0.270,10,6,27,,
T,2023-05-09 15:20:39,6.23240702,-75.59346520,38.58,1492.933,24.030,0.270,12,4,27,,
T,2023-05-09 15:20:40,6.23242473,-75.59346254,47.30,1493.660,24.030,0.620,12,3,26,,
T,2023-05-09 15:20:41,6.23243214,-75.59345662,49.18,1493.696,24.030,0.610,0,3,27,,
T,2023-05-09 15:20:42,6.23241551,-75.59344780,38.65,1491.879,24.030,0.690,141,5,25,,
T,2023-05-09 15:20:43,6.23243095,-75.59344368,30.63,1493.375,24.030,0.530,5,5,26,,
T,2023-05-09 15:20:44,6.23244056,-75.59344463,32.78,1493.321,24.030,0.490,325,5,26,,
T,2023-05-09 15:20:45,6.23244977,-75.59344792,34.86,1493.132,24.030,0.470,262,5,26,,
T,2023-05-09 15:20:46,6.23245013,-75.59345550,37.79,1493.158,24.030,0.910,239,5,27,,
T,2023-05-09 15:20:47,6.23244817,-75.59345974,41.06,1493.257,24.030,0.620,240,5,27,,
