type,date time,latitude,longitude,accuracy(m),altitude(m),geoid_height(m),speed(m/s),bearing(deg),sat_used,sat_inview,name,desc
T,2023-05-07 20:19:00.579,6.26593670,-75.57490794,3.97,1469.426,23.863,17.690,9,11,33,20230507-151900,GPS Logger: 20230507-151900 - 2021_yamaha_250_ruta7
T,2023-05-07 20:19:01.579,6.26607467,-75.57487820,4.01,1466.051,23.863,17.240,12,11,33,,
T,2023-05-07 20:19:02.579,6.26623494,-75.57484583,4.00,1466.337,23.862,17.600,13,11,33,,
T,2023-05-07 20:19:03,6.26630247,-75.57481116,3.91,1470.412,23.862,17.830,13,11,33,,
T,2023-05-07 20:19:05,6.26663529,-75.57474356,3.79,1463.216,23.861,19.550,13,25,33,,
T,2023-05-07 20:19:06,6.26681457,-75.57470282,3.79,1462.513,23.860,20.580,13,25,33,,
T,2023-05-07 20:19:07,6.26699779,-75.57465989,3.79,1461.038,23.859,20.940,12,25,33,,
T,2023-05-07 20:19:08,6.26717969,-75.57461836,3.79,1461.213,23.859,20.660,12,25,33,,
T,2023-05-07 20:19:09,6.26735714,-75.57457992,3.79,1460.608,23.858,20.310,13,25,33,,
T,2023-05-07 20:19:10,6.26753651,-75.57453599,3.79,1460.156,23.857,19.940,14,25,33,,
T,2023-05-07 20:19:11,6.26770644,-75.57449526,3.79,1460.208,23.857,19.110,14,25,33,,
T,2023-05-07 20:19:12,6.26786665,-75.57445453,3.79,1460.348,23.856,17.810,14,25,33,,
T,2023-05-07 20:19:13,6.26802832,-75.57441528,3.79,1459.997,23.856,18.120,14,25,33,,
T,2023-05-07 20:19:14,6.26818136,-75.57437922,3.79,1460.153,23.855,17.190,13,25,33,,
T,2023-05-07 20:19:15,6.26834090,-75.57433577,3.79,1460.265,23.855,17.730,15,25,33,,
T,2023-05-07 20:19:16,6.26849376,-75.57430760,3.79,1459.834,23.854,17.450,11,24,31,,
T,2023-05-07 20:19:17,6.26865407,-75.57427077,3.79,1460.996,23.853,18.000,13,22,30,,
T,2023-05-07 20:19:18,6.26881391,-75.57424421,3.79,1461.285,23.853,18.290,11,20,29,,
T,2023-05-07 20:19:19,6.26897161,-75.57421099,3.80,1461.480,23.852,18.150,13,22,32,,
T,2023-05-07 20:19:20,6.26913039,-75.57417603,4.30,1462.115,23.852,18.370,11,20,29,,
T,2023-05-07 20:19:21,6.26929248,-75.57414259,5.58,1462.135,23.851,18.310,12,20,29,,
T,2023-05-07 20:19:22,6.26945729,-75.57410409,4.81,1462.002,23.851,18.780,13,16,30,,
T,2023-05-07 20:19:23,6.26963387,-75.57405373,4.47,1462.029,23.850,19.920,14,15,29,,
T,2023-05-07 20:19:24,6.26979728,-75.57401084,5.10,1462.868,23.849,18.800,14,13,30,,
T,2023-05-07 20:19:25,6.26997869,-75.57397192,4.97,1463.699,23.849,19.290,13,14,30,,
T,2023-05-07 20:19:26,6.27014902,-75.57393778,4.95,1463.706,23.848,19.060,12,14,30,,
T,2023-05-07 20:19:27,6.27031917,-75.57389255,5.07,1463.688,23.848,19.270,16,12,29,,
T,2023-05-07 20:19:28,6.27045566,-75.57385732,4.73,1462.926,23.847,17.920,14,14,31,,
T,2023-05-07 20:19:29,6.27061308,-75.57381630,4.80,1462.917,23.847,17.240,14,13,31,,
T,2023-05-07 20:19:30,6.27074861,-75.57377913,4.78,1462.663,23.846,15.150,14,15,32,,
T,2023-05-07 20:19:31,6.27087955,-75.57374695,4.74,1463.038,23.846,15.080,14,15,32,,
T,2023-05-07 20:19:32,6.27100817,-75.57372384,5.12,1463.489,23.845,14.640,13,16,31,,
T,2023-05-07 20:19:33,6.27112316,-75.57369646,5.21,1461.830,23.845,12.010,16,13,25,,
T,2023-05-07 20:19:34,6.27123720,-75.57366580,5.03,1461.781,23.844,12.740,16,18,32,,
T,2023-05-07 20:19:35,6.27134800,-75.57363907,5.00,1459.132,23.844,12.610,15,17,32,,
T,2023-05-07 20:19:36,6.27145307,-75.57361313,4.86,1457.781,23.844,11.970,15,15,31,,
T,2023-05-07 20:19:37,6.27156350,-75.57358043,5.02,1458.319,23.843,12.710,14,17,33,,
T,2023-05-07 20:19:38,6.27168293,-75.57355608,5.10,1457.207,23.843,12.870,13,15,31,,
T,2023-05-07 20:19:39,6.27179931,-75.57353577,5.19,1458.854,23.842,12.300,14,15,29,,
T,2023-05-07 20:19:40,6.27191170,-75.57351307,5.46,1459.314,23.842,12.230,13,17,33,,
T,2023-05-07 20:19:41,6.27201431,-75.57348156,5.75,1460.706,23.842,12.390,14,16,31,,
T,2023-05-07 20:19:42,6.27212817,-75.57344870,5.27,1461.010,23.841,12.360,15,15,30,,
T,2023-05-07 20:19:43,6.27223239,-75.57342527,4.84,1461.380,23.841,12.760,13,16,32,,
T,2023-05-07 20:19:44,6.27234567,-75.57339788,4.68,1462.589,23.840,12.620,14,17,33,,
T,2023-05-07 20:19:45,6.27244858,-75.57336629,4.66,1462.627,23.840,11.820,12,13,30,,
T,2023-05-07 20:19:46,6.27256227,-75.57333977,4.86,1462.769,23.840,12.280,12,16,33,,
T,2023-05-07 20:19:47,6.27266851,-75.57331878,4.78,1461.922,23.839,11.330,13,15,31,,
T,2023-05-07 20:19:48,6.27278003,-75.57329540,4.54,1459.951,23.839,12.490,12,14,31,,
T,2023-05-07 20:19:49,6.27289327,-75.57327293,4.66,1459.464,23.839,12.750,11,15,32,,
T,2023-05-07 20:19:50,6.27300099,-75.57324935,4.67,1459.978,23.838,12.050,12,16,32,,
T,2023-05-07 20:19:51,6.27310776,-75.57322930,4.70,1460.488,23.838,12.160,13,12,28,,
T,2023-05-07 20:19:52,6.27321383,-75.57320260,4.72,1460.749,23.837,12.100,13,13,28,,
T,2023-05-07 20:19:53,6.27332110,-75.57317911,4.82,1461.187,23.837,12.140,15,14,31,,
T,2023-05-07 20:19:54,6.27342112,-75.57315833,4.80,1459.703,23.837,11.410,14,14,29,,
T,2023-05-07 20:19:55,6.27351667,-75.57313533,4.48,1459.965,23.836,10.360,13,16,32,,
T,2023-05-07 20:19:56,6.27360295,-75.57311527,4.52,1460.740,23.836,9.940,12,16,32,,
T,2023-05-07 20:19:57,6.27370166,-75.57310146,4.61,1460.484,23.836,10.270,12,13,29,,
T,2023-05-07 20:19:58,6.27377058,-75.57308639,5.09,1460.691,23.836,10.730,12,16,31,,
T,2023-05-07 20:19:59,6.27386522,-75.57306276,5.56,1462.012,23.835,10.860,13,13,29,,
T,2023-05-07 20:20:00,6.27396385,-75.57303671,5.37,1462.423,23.835,11.610,13,16,30,,
T,2023-05-07 20:20:01,6.27406750,-75.57300790,5.19,1462.866,23.834,11.730,14,17,32,,
T,2023-05-07 20:20:02,6.27417212,-75.57298379,4.98,1463.176,23.834,11.500,13,17,32,,
T,2023-05-07 20:20:03,6.27428160,-75.57295541,4.92,1462.702,23.834,12.170,13,16,31,,
T,2023-05-07 20:20:04,6.27439854,-75.57292426,5.01,1462.199,23.833,12.620,12,18,33,,
T,2023-05-07 20:20:05,6.27451815,-75.57290919,5.07,1462.498,23.833,13.470,12,17,32,,
T,2023-05-07 20:20:06,6.27462931,-75.57288559,5.21,1462.962,23.833,13.500,9,15,31,,
T,2023-05-07 20:20:07,6.27476011,-75.57286595,5.37,1463.200,23.832,14.300,7,16,33,,
T,2023-05-07 20:20:08,6.27489853,-75.57284175,5.15,1462.966,23.832,15.580,10,13,29,,
T,2023-05-07 20:20:09,6.27504306,-75.57280117,4.86,1461.893,23.831,16.320,13,16,31,,
T,2023-05-07 20:20:10,6.27519273,-75.57276956,4.66,1461.534,23.831,16.780,13,17,33,,
T,2023-05-07 20:20:11,6.27535138,-75.57272714,5.00,1462.093,23.830,17.510,15,17,32,,
T,2023-05-07 20:20:12,6.27551353,-75.57269243,5.00,1460.841,23.830,18.400,15,16,31,,
T,2023-05-07 20:20:13,6.27567761,-75.57264349,5.45,1458.389,23.829,18.420,14,16,32,,
T,2023-05-07 20:20:14,6.27583943,-75.57260422,6.34,1458.304,23.828,18.420,14,16,32,,
T,2023-05-07 20:20:15,6.27599514,-75.57257116,7.66,1457.904,23.828,18.080,13,5,21,,
T,2023-05-07 20:20:16,6.27615460,-75.57253496,9.77,1457.938,23.827,18.080,13,5,21,,
T,2023-05-07 20:20:17,6.27628141,-75.57250792,7.35,1455.996,23.827,17.010,13,15,31,,
T,2023-05-07 20:20:18,6.27642607,-75.57247516,7.03,1454.676,23.826,17.350,13,16,31,,
T,2023-05-07 20:20:19,6.27658666,-75.57243599,6.64,1454.617,23.826,17.720,13,15,31,,
T,2023-05-07 20:20:20,6.27674962,-75.57238575,5.76,1455.497,23.825,17.770,12,17,31,,
T,2023-05-07 20:20:21,6.27690733,-75.57234949,5.87,1455.930,23.825,17.840,12,17,31,,
T,2023-05-07 20:20:22,6.27706612,-75.57231871,5.74,1454.103,23.824,18.040,13,17,31,,
T,2023-05-07 20:20:23,6.27722548,-75.57229555,6.58,1453.682,23.824,17.920,12,17,31,,
T,2023-05-07 20:20:24,6.27735701,-75.57225763,6.80,1452.003,23.823,17.080,11,17,32,,
T,2023-05-07 20:20:25,6.27750318,-75.57223117,5.80,1452.880,23.823,15.850,10,17,33,,
T,2023-05-07 20:20:26,6.27762765,-75.57221325,5.66,1453.488,23.822,13.760,9,16,33,,
T,2023-05-07 20:20:27,6.27774014,-75.57219959,5.01,1453.422,23.822,12.390,8,16,33,,
T,2023-05-07 20:20:28,6.27783913,-75.57218502,5.11,1453.794,23.822,10.980,8,16,33,,
T,2023-05-07 20:20:29,6.27792813,-75.57217204,4.61,1453.890,23.821,10.030,7,16,33,,
T,2023-05-07 20:20:30,6.27802767,-75.57217041,4.11,1453.824,23.821,10.220,7,19,33,,
T,2023-05-07 20:20:31,6.27811433,-75.57215624,3.87,1454.338,23.821,9.690,8,19,33,,
T,2023-05-07 20:20:32,6.27820719,-75.57214874,3.79,1454.476,23.821,9.670,8,18,31,,
T,2023-05-07 20:20:33,6.27830405,-75.57213506,3.79,1455.271,23.820,10.690,7,16,30,,
T,2023-05-07 20:20:34,6.27840006,-75.57212403,3.79,1455.413,23.820,10.680,3,16,30,,
T,2023-05-07 20:20:35,6.27850601,-75.57210032,3.94,1454.347,23.820,11.360,6,16,30,,
T,2023-05-07 20:20:36,6.27864498,-75.57208737,4.29,1454.821,23.819,13.610,6,18,31,,
T,2023-05-07 20:20:37,6.27874821,-75.57207054,4.72,1455.359,23.819,12.710,7,17,32,,
T,2023-05-07 20:20:38,6.27888671,-75.57206374,4.33,1455.288,23.819,14.090,6,12,30,,
T,2023-05-07 20:20:39,6.27903090,-75.57204838,4.01,1455.258,23.818,14.750,5,14,29,,
T,2023-05-07 20:20:40,6.27916348,-75.57203664,4.31,1455.240,23.818,14.730,2,14,29,,
T,2023-05-07 20:20:41,6.27929715,-75.57202003,4.36,1454.797,23.817,14.700,7,14,31,,
T,2023-05-07 20:20:42,6.27942205,-75.57199729,4.01,1455.695,23.817,15.170,11,14,31,,
T,2023-05-07 20:20:43,6.27955135,-75.57197379,4.03,1455.402,23.817,15.060,11,15,31,,
T,2023-05-07 20:20:44,6.27968814,-75.57195498,4.14,1455.417,23.816,14.850,9,15,31,,
T,2023-05-07 20:20:45,6.27981811,-75.57193101,4.29,1455.592,23.816,14.840,7,15,31,,
T,2023-05-07 20:20:46,6.27993545,-75.57192738,4.57,1455.340,23.815,13.520,7,14,29,,
T,2023-05-07 20:20:47,6.28005649,-75.57191118,4.53,1455.558,23.815,12.980,7,15,32,,
T,2023-05-07 20:20:48,6.28017803,-75.57189882,4.26,1455.971,23.815,13.130,7,14,31,,
T,2023-05-07 20:20:49,6.28030303,-75.57189149,4.22,1455.560,23.814,13.200,8,15,32,,
T,2023-05-07 20:20:50,6.28041439,-75.57188218,4.74,1455.487,23.814,12.440,8,15,32,,
T,2023-05-07 20:20:51,6.28051849,-75.57185774,4.86,1456.583,23.814,13.120,6,13,30,,
T,2023-05-07 20:20:52,6.28064315,-75.57183864,4.54,1456.276,23.813,13.920,6,14,31,,
T,2023-05-07 20:20:53,6.28076995,-75.57181013,4.25,1459.205,23.813,13.850,9,14,31,,
T,2023-05-07 20:20:54,6.28089198,-75.57179171,4.22,1458.011,23.813,14.740,9,14,33,,
T,2023-05-07 20:20:55,6.28102765,-75.57177787,4.18,1457.910,23.812,15.260,10,14,32,,
T,2023-05-07 20:20:56,6.28116480,-75.57176112,4.00,1458.792,23.812,15.070,8,14,30,,
T,2023-05-07 20:20:57,6.28130906,-75.57174249,3.93,1459.214,23.811,15.880,5,16,31,,
T,2023-05-07 20:20:58,6.28144641,-75.57171465,3.91,1457.997,23.811,16.120,8,17,30,,
T,2023-05-07 20:20:59,6.28159553,-75.57168666,3.79,1457.863,23.810,16.730,12,18,31,,
T,2023-05-07 20:21:00,6.28173722,-75.57165176,3.79,1458.709,23.810,15.960,14,18,31,,
T,2023-05-07 20:21:01,6.28188755,-75.57161048,3.79,1459.288,23.809,16.970,17,15,28,,
T,2023-05-07 20:21:02,6.28202995,-75.57155989,4.14,1463.050,23.809,16.970,19,16,31,,
T,2023-05-07 20:21:03,6.28216574,-75.57150778,4.26,1463.486,23.808,16.850,18,15,27,,
T,2023-05-07 20:21:04,6.28228232,-75.57145414,4.75,1459.113,23.808,16.690,19,19,31,,
T,2023-05-07 20:21:05,6.28242248,-75.57141424,5.49,1458.522,23.807,15.860,18,15,27,,
T,2023-05-07 20:21:06,6.28255777,-75.57137170,5.93,1458.082,23.807,15.340,19,16,31,,
T,2023-05-07 20:21:07,6.28267685,-75.57133516,5.82,1458.533,23.806,13.360,16,16,31,,
T,2023-05-07 20:21:08,6.28279094,-75.57129489,5.51,1457.799,23.806,13.450,18,18,32,,
T,2023-05-07 20:21:09,6.28291525,-75.57125773,5.49,1458.529,23.805,13.970,18,15,30,,
T,2023-05-07 20:21:10,6.28305533,-75.57121680,5.04,1460.226,23.805,15.210,18,17,31,,
T,2023-05-07 20:21:11,6.28319335,-75.57116541,4.96,1462.911,23.804,15.670,18,15,30,,
T,2023-05-07 20:21:12,6.28333075,-75.57111862,5.17,1463.584,23.803,16.160,17,16,32,,
T,2023-05-07 20:21:13,6.28348654,-75.57107355,5.17,1461.843,23.803,17.580,17,16,30,,
T,2023-05-07 20:21:14,6.28363418,-75.57102885,4.70,1462.156,23.802,16.790,17,16,30,,
T,2023-05-07 20:21:15,6.28378939,-75.57097686,4.69,1462.654,23.802,17.940,18,17,28,,
T,2023-05-07 20:21:16,6.28393919,-75.57092515,4.73,1462.694,23.801,17.680,20,18,29,,
T,2023-05-07 20:21:17,6.28409373,-75.57087823,4.71,1463.670,23.800,17.850,19,19,33,,
T,2023-05-07 20:21:18,6.28425566,-75.57083111,4.52,1464.702,23.800,18.350,18,18,30,,
T,2023-05-07 20:21:19,6.28441550,-75.57077453,4.45,1465.898,23.799,18.590,18,19,31,,
T,2023-05-07 20:21:20,6.28457372,-75.57072439,4.45,1467.024,23.799,18.630,18,18,31,,
T,2023-05-07 20:21:21,6.28474312,-75.57067075,4.73,1466.728,23.798,19.250,16,14,31,,
T,2023-05-07 20:21:22,6.28490911,-75.57061402,5.02,1466.836,23.797,19.120,22,16,31,,
T,2023-05-07 20:21:23,6.28507418,-75.57056666,5.15,1465.984,23.797,18.610,19,16,30,,
T,2023-05-07 20:21:24,6.28524223,-75.57051287,5.29,1466.130,23.796,19.200,18,14,29,,
T,2023-05-07 20:21:25,6.28541403,-75.57045710,5.78,1466.036,23.795,19.290,17,16,32,,
T,2023-05-07 20:21:26,6.28557786,-75.57040935,5.65,1465.585,23.795,19.150,17,15,31,,
T,2023-05-07 20:21:27,6.28574623,-75.57035918,5.29,1465.199,23.794,19.290,17,16,30,,
T,2023-05-07 20:21:28,6.28591333,-75.57030693,5.31,1465.745,23.793,18.890,19,16,30,,
T,2023-05-07 20:21:29,6.28608361,-75.57025332,5.64,1466.162,23.793,18.910,17,15,29,,
T,2023-05-07 20:21:30,6.28622985,-75.57020575,4.73,1464.330,23.792,18.660,16,15,31,,
T,2023-05-07 20:21:31,6.28638976,-75.57015245,4.44,1465.256,23.791,19.010,17,17,32,,
T,2023-05-07 20:21:32,6.28653256,-75.57010836,4.29,1464.763,23.791,18.570,16,17,32,,
T,2023-05-07 20:21:33,6.28668968,-75.57005425,4.51,1465.558,23.790,18.520,18,16,32,,
T,2023-05-07 20:21:34,6.28685515,-75.57000222,4.98,1467.144,23.790,18.700,19,17,32,,
T,2023-05-07 20:21:35,6.28702042,-75.56995085,4.10,1468.053,23.789,19.120,18,13,29,,
T,2023-05-07 20:21:36,6.28718248,-75.56989699,4.10,1468.424,23.788,18.980,17,14,27,,
T,2023-05-07 20:21:37,6.28734943,-75.56985078,4.26,1470.427,23.788,19.050,17,18,30,,
T,2023-05-07 20:21:38,6.28751607,-75.56979578,4.22,1468.220,23.787,18.840,18,18,31,,
T,2023-05-07 20:21:39,6.28768243,-75.56974196,4.38,1470.628,23.786,19.070,17,16,29,,
T,2023-05-07 20:21:40,6.28784642,-75.56968340,4.31,1471.168,23.786,19.050,18,17,30,,
T,2023-05-07 20:21:41,6.28801060,-75.56963114,5.03,1471.724,23.785,19.050,18,17,30,,
T,2023-05-07 20:21:42,6.28817572,-75.56958031,5.57,1473.886,23.784,18.810,18,17,33,,
T,2023-05-07 20:21:43,6.28834720,-75.56953251,6.42,1474.962,23.784,19.020,19,10,25,,
T,2023-05-07 20:21:44,6.28851536,-75.56947778,6.13,1476.065,23.783,18.950,18,17,31,,
T,2023-05-07 20:21:45,6.28867338,-75.56942878,5.99,1476.487,23.782,18.960,18,14,29,,
T,2023-05-07 20:21:46,6.28884291,-75.56937575,6.26,1476.797,23.782,19.060,19,16,32,,
T,2023-05-07 20:21:47,6.28897814,-75.56933351,6.30,1474.964,23.781,18.580,19,15,30,,
T,2023-05-07 20:21:48,6.28913287,-75.56927923,6.46,1475.917,23.781,18.700,19,16,31,,
T,2023-05-07 20:21:49,6.28929363,-75.56923927,6.86,1476.948,23.780,18.340,17,14,30,,
T,2023-05-07 20:21:50,6.28945968,-75.56919149,6.93,1477.195,23.779,18.430,16,16,32,,
T,2023-05-07 20:21:51,6.28963886,-75.56913875,5.95,1475.377,23.779,19.070,15,14,28,,
T,2023-05-07 20:21:52,6.28979988,-75.56908207,6.20,1476.678,23.778,18.960,17,15,30,,
T,2023-05-07 20:21:53,6.28996672,-75.56901468,6.01,1478.106,23.777,20.000,18,14,27,,
T,2023-05-07 20:21:54,6.29012986,-75.56894558,6.10,1477.972,23.777,19.870,18,18,32,,
T,2023-05-07 20:21:55,6.29030976,-75.56888206,6.70,1478.602,23.776,20.640,21,16,32,,
T,2023-05-07 20:21:56,6.29050121,-75.56880489,6.60,1479.152,23.775,21.700,21,12,27,,
T,2023-05-07 20:21:57,6.29068948,-75.56873533,6.26,1478.336,23.774,21.400,19,14,30,,
T,2023-05-07 20:21:58,6.29087614,-75.56868286,6.29,1479.063,23.774,21.070,18,16,30,,
T,2023-05-07 20:21:59,6.29106803,-75.56862743,6.27,1478.713,23.773,21.570,17,18,31,,
T,2023-05-07 20:22:00,6.29125574,-75.56857474,5.81,1479.492,23.772,21.330,16,16,30,,
T,2023-05-07 20:22:01,6.29143617,-75.56853137,5.02,1480.693,23.771,21.500,14,17,32,,
T,2023-05-07 20:22:02,6.29162900,-75.56848552,5.35,1481.179,23.771,21.540,13,15,31,,
T,2023-05-07 20:22:03,6.29181768,-75.56842183,4.43,1483.467,23.770,20.710,18,14,30,,
T,2023-05-07 20:22:04,6.29200567,-75.56836274,4.08,1485.043,23.769,20.890,18,13,26,,
T,2023-05-07 20:22:05,6.29218577,-75.56830557,4.33,1485.430,23.769,20.890,18,13,26,,
T,2023-05-07 20:22:06,6.29236277,-75.56825800,4.32,1484.084,23.768,20.100,18,14,28,,
T,2023-05-07 20:22:07,6.29254425,-75.56819563,4.40,1495.490,23.767,20.340,19,14,27,,
T,2023-05-07 20:22:08,6.29272186,-75.56812065,4.90,1498.320,23.766,21.400,20,16,29,,
T,2023-05-07 20:22:09,6.29290080,-75.56806138,5.71,1497.919,23.766,20.800,20,17,32,,
T,2023-05-07 20:22:10,6.29306930,-75.56799523,6.12,1497.335,23.765,19.990,20,16,32,,
T,2023-05-07 20:22:11,6.29324376,-75.56793777,6.39,1497.768,23.764,20.000,20,14,29,,
T,2023-05-07 20:22:12,6.29341508,-75.56789307,5.97,1494.215,23.764,20.350,18,15,31,,
T,2023-05-07 20:22:13,6.29359905,-75.56782941,6.00,1494.516,23.763,21.220,18,14,29,,
T,2023-05-07 20:22:14,6.29378243,-75.56776598,6.14,1495.927,23.762,21.430,18,14,31,,
T,2023-05-07 20:22:15,6.29397186,-75.56771207,5.71,1498.276,23.761,21.170,19,14,29,,
T,2023-05-07 20:22:16,6.29415391,-75.56765297,5.86,1500.381,23.761,20.760,18,17,32,,
T,2023-05-07 20:22:17,6.29433051,-75.56760060,5.88,1501.397,23.760,20.380,16,16,31,,
T,2023-05-07 20:22:18,6.29450652,-75.56755516,5.34,1501.926,23.759,19.910,15,16,31,,
T,2023-05-07 20:22:19,6.29468902,-75.56749843,4.87,1502.730,23.759,20.460,16,14,30,,
T,2023-05-07 20:22:20,6.29485538,-75.56744899,4.33,1502.296,23.758,20.390,18,13,28,,
T,2023-05-07 20:22:21,6.29502819,-75.56738872,4.44,1503.597,23.757,20.110,18,17,32,,
T,2023-05-07 20:22:22,6.29520226,-75.56733218,4.60,1503.686,23.757,20.060,19,16,30,,
T,2023-05-07 20:22:23,6.29537526,-75.56727928,4.49,1503.962,23.756,19.650,19,17,31,,
T,2023-05-07 20:22:24,6.29554151,-75.56721785,4.58,1505.255,23.755,19.840,19,17,31,,
T,2023-05-07 20:22:25,6.29570837,-75.56715569,4.63,1506.187,23.755,19.810,18,17,31,,
T,2023-05-07 20:22:26,6.29588668,-75.56710396,4.58,1507.087,23.754,20.230,17,17,31,,
T,2023-05-07 20:22:27,6.29606049,-75.56704499,5.02,1505.719,23.753,20.060,18,16,31,,
T,2023-05-07 20:22:28,6.29622847,-75.56699099,5.43,1506.360,23.752,19.540,19,15,32,,
T,2023-05-07 20:22:29,6.29639814,-75.56692757,5.31,1506.672,23.752,19.270,19,14,31,,
T,2023-05-07 20:22:30,6.29656431,-75.56687035,5.48,1508.254,23.751,19.400,18,12,31,,
T,2023-05-07 20:22:31,6.29674193,-75.56681266,5.64,1508.548,23.750,19.430,18,11,31,,
T,2023-05-07 20:22:32,6.29692795,-75.56676551,4.71,1513.101,23.750,19.210,18,13,33,,
T,2023-05-07 20:22:33,6.29709791,-75.56671194,4.96,1513.984,23.749,19.770,19,10,29,,
T,2023-05-07 20:22:34,6.29725790,-75.56665374,5.31,1513.945,23.748,18.970,19,11,30,,
T,2023-05-07 20:22:35,6.29741817,-75.56660092,5.42,1514.070,23.748,18.660,18,13,33,,
T,2023-05-07 20:22:36,6.29758598,-75.56655087,5.67,1513.405,23.747,18.630,18,13,32,,
T,2023-05-07 20:22:37,6.29774384,-75.56649986,6.09,1514.063,23.746,18.460,19,13,30,,
T,2023-05-07 20:22:38,6.29787591,-75.56646095,5.93,1514.612,23.746,16.240,20,13,30,,
T,2023-05-07 20:22:39,6.29801514,-75.56640946,6.12,1515.032,23.745,15.600,20,13,31,,
T,2023-05-07 20:22:40,6.29813913,-75.56637741,5.58,1515.093,23.745,15.500,21,14,26,,
T,2023-05-07 20:22:41,6.29826904,-75.56631615,5.65,1515.496,23.744,15.700,23,15,29,,
T,2023-05-07 20:22:42,6.29837366,-75.56625861,5.48,1512.900,23.744,15.000,26,17,30,,
T,2023-05-07 20:22:43,6.29844711,-75.56621056,5.53,1506.513,23.743,14.670,27,17,31,,
T,2023-05-07 20:22:44,6.29857563,-75.56614479,5.40,1508.226,23.743,14.970,30,16,31,,
T,2023-05-07 20:22:45,6.29869364,-75.56606705,5.73,1510.152,23.742,15.110,33,17,32,,
T,2023-05-07 20:22:46,6.29880765,-75.56598242,5.74,1512.393,23.741,15.500,36,14,32,,
T,2023-05-07 20:22:47,6.29891944,-75.56589932,6.17,1512.159,23.741,15.710,37,10,28,,
T,2023-05-07 20:22:48,6.29903089,-75.56580789,7.42,1512.185,23.740,15.770,41,16,33,,
T,2023-05-07 20:22:49,6.29912081,-75.56572029,7.00,1512.876,23.739,14.650,43,15,32,,
T,2023-05-07 20:22:50,6.29921141,-75.56563777,6.78,1512.722,23.739,14.160,45,14,31,,
T,2023-05-07 20:22:51,6.29928806,-75.56556263,7.47,1512.123,23.738,13.170,44,13,29,,
T,2023-05-07 20:22:52,6.29937149,-75.56547877,7.94,1512.549,23.737,12.800,45,13,29,,
T,2023-05-07 20:22:53,6.29945434,-75.56539804,9.29,1512.494,23.737,12.800,45,13,29,,
T,2023-05-07 20:22:54,6.29954143,-75.56531824,10.90,1513.602,23.736,12.660,46,14,31,,
T,2023-05-07 20:22:55,6.29962344,-75.56524105,10.00,1512.918,23.736,12.690,45,13,28,,
T,2023-05-07 20:22:56,6.29973382,-75.56514582,7.40,1516.627,23.735,13.110,44,17,31,,
T,2023-05-07 20:22:57,6.29984156,-75.56505555,6.62,1518.032,23.734,13.450,43,17,31,,
T,2023-05-07 20:22:58,6.29995045,-75.56496572,6.21,1518.493,23.733,13.110,43,17,32,,
T,2023-05-07 20:22:59,6.30003586,-75.56488864,5.28,1518.036,23.733,12.530,44,19,33,,
T,2023-05-07 20:23:00,6.30012406,-75.56480664,5.27,1517.492,23.732,13.120,44,19,33,,
T,2023-05-07 20:23:01,6.30022158,-75.56472012,5.58,1518.057,23.732,13.700,44,19,33,,
T,2023-05-07 20:23:02,6.30031954,-75.56463209,5.99,1518.474,23.731,14.130,42,19,33,,
T,2023-05-07 20:23:03,6.30041733,-75.56454217,6.42,1519.346,23.730,14.290,43,19,33,,
T,2023-05-07 20:23:04,6.30050508,-75.56444236,5.55,1518.682,23.729,14.500,44,19,33,,
T,2023-05-07 20:23:05,6.30060279,-75.56435268,5.08,1517.731,23.729,14.210,42,18,33,,
T,2023-05-07 20:23:06,6.30070384,-75.56426280,4.94,1517.501,23.728,14.370,42,15,33,,
T,2023-05-07 20:23:07,6.30080987,-75.56417570,4.97,1516.963,23.727,14.550,39,16,33,,
T,2023-05-07 20:23:08,6.30091765,-75.56409459,4.85,1516.342,23.727,14.450,36,18,33,,
T,2023-05-07 20:23:09,6.30102414,-75.56401470,4.48,1515.394,23.726,14.030,34,18,32,,
T,2023-05-07 20:23:10,6.30113615,-75.56394891,4.45,1514.639,23.725,14.450,32,17,31,,
T,2023-05-07 20:23:11,6.30124399,-75.56387597,4.51,1514.659,23.725,14.080,31,18,32,,
T,2023-05-07 20:23:12,6.30136153,-75.56381437,4.39,1514.897,23.724,14.110,29,19,33,,
T,2023-05-07 20:23:13,6.30148131,-75.56375809,4.61,1513.961,23.724,13.680,27,17,30,,
T,2023-05-07 20:23:14,6.30155885,-75.56370023,4.29,1512.773,23.723,14.060,27,16,32,,
T,2023-05-07 20:23:15,6.30166806,-75.56363431,4.50,1510.585,23.723,14.300,28,14,30,,
T,2023-05-07 20:23:16,6.30178328,-75.56356746,4.52,1508.599,23.722,14.110,28,16,31,,
T,2023-05-07 20:23:17,6.30188668,-75.56351657,4.38,1510.063,23.721,14.010,29,18,33,,
T,2023-05-07 20:23:18,6.30199982,-75.56345772,4.31,1507.670,23.721,14.330,29,16,29,,
T,2023-05-07 20:23:19,6.30209790,-75.56339177,4.25,1506.275,23.720,14.020,31,17,31,,
T,2023-05-07 20:23:20,6.30219621,-75.56332285,4.59,1505.620,23.720,13.530,34,18,33,,
T,2023-05-07 20:23:21,6.30230213,-75.56324336,4.50,1505.938,23.719,14.350,38,15,29,,
T,2023-05-07 20:23:22,6.30240878,-75.56316017,4.38,1505.984,23.718,14.950,41,17,33,,
T,2023-05-07 20:23:23,6.30250990,-75.56306690,4.41,1505.456,23.718,15.190,45,14,27,,
T,2023-05-07 20:23:24,6.30261307,-75.56296435,4.25,1505.543,23.717,15.940,48,17,32,,
T,2023-05-07 20:23:25,6.30270498,-75.56285966,4.15,1503.381,23.716,15.360,52,16,31,,
T,2023-05-07 20:23:26,6.30278802,-75.56274632,3.96,1503.714,23.715,15.420,55,15,31,,
T,2023-05-07 20:23:27,6.30287183,-75.56261933,4.03,1503.299,23.715,16.350,60,16,31,,
T,2023-05-07 20:23:28,6.30294634,-75.56249103,3.95,1503.247,23.714,16.510,63,15,31,,
T,2023-05-07 20:23:29,6.30300706,-75.56235324,3.92,1503.481,23.713,15.870,67,14,31,,
T,2023-05-07 20:23:30,6.30307451,-75.56222078,4.02,1503.460,23.712,15.970,69,16,31,,
T,2023-05-07 20:23:31,6.30312945,-75.56209423,4.13,1503.505,23.711,15.650,68,15,31,,
T,2023-05-07 20:23:32,6.30318605,-75.56196592,4.06,1503.978,23.710,14.970,67,17,32,,
T,2023-05-07 20:23:33,6.30324055,-75.56184057,4.00,1503.383,23.710,14.850,67,16,31,,
T,2023-05-07 20:23:34,6.30329177,-75.56172239,4.14,1503.824,23.709,14.360,66,16,32,,
T,2023-05-07 20:23:35,6.30334945,-75.56161509,4.13,1502.937,23.708,14.090,66,12,30,,
T,2023-05-07 20:23:36,6.30340329,-75.56149620,4.02,1503.117,23.707,14.060,66,15,32,,
T,2023-05-07 20:23:37,6.30346724,-75.56137393,4.35,1501.738,23.707,14.370,65,12,31,,
T,2023-05-07 20:23:38,6.30353402,-75.56124960,4.57,1502.526,23.706,15.310,60,13,32,,
T,2023-05-07 20:23:39,6.30361169,-75.56113093,4.64,1502.454,23.705,16.780,54,12,31,,
T,2023-05-07 20:23:40,6.30370441,-75.56100428,4.79,1500.255,23.704,17.280,53,13,32,,
T,2023-05-07 20:23:41,6.30380036,-75.56088541,4.98,1500.758,23.703,17.050,49,13,31,,
T,2023-05-07 20:23:42,6.30390849,-75.56079055,4.99,1500.460,23.703,16.800,43,15,32,,
T,2023-05-07 20:23:43,6.30402686,-75.56067836,5.27,1499.154,23.702,16.230,38,12,29,,
T,2023-05-07 20:23:44,6.30414256,-75.56059291,5.45,1498.318,23.701,16.120,33,15,32,,
T,2023-05-07 20:23:45,6.30427085,-75.56051844,5.18,1496.360,23.700,15.600,28,14,30,,
T,2023-05-07 20:23:46,6.30437363,-75.56047725,4.77,1493.718,23.700,15.350,23,15,30,,
T,2023-05-07 20:23:47,6.30448110,-75.56043676,4.43,1490.130,23.700,15.580,19,15,30,,
T,2023-05-07 20:23:48,6.30460650,-75.56040213,4.25,1488.613,23.699,15.280,15,15,29,,
T,2023-05-07 20:23:49,6.30473945,-75.56036621,4.82,1488.165,23.699,15.240,11,15,29,,
T,2023-05-07 20:23:50,6.30486412,-75.56034655,5.03,1487.402,23.698,15.180,6,14,32,,
T,2023-05-07 20:23:51,6.30501777,-75.56033800,4.78,1487.827,23.698,15.840,2,12,31,,
T,2023-05-07 20:23:52,6.30515969,-75.56034353,4.25,1487.732,23.697,15.940,359,12,29,,
T,2023-05-07 20:23:53,6.30531229,-75.56035587,4.31,1487.754,23.697,16.660,358,15,32,,
T,2023-05-07 20:23:54,6.30547295,-75.56037339,4.18,1486.981,23.697,17.650,358,15,30,,
T,2023-05-07 20:23:55,6.30564473,-75.56038553,4.39,1485.605,23.697,18.420,357,18,33,,
T,2023-05-07 20:23:56,6.30581784,-75.56040083,4.15,1486.107,23.696,18.990,357,16,31,,
T,2023-05-07 20:23:57,6.30594156,-75.56040595,4.44,1480.637,23.696,19.560,354,17,33,,
T,2023-05-07 20:23:58,6.30612091,-75.56041581,4.74,1479.454,23.696,19.970,356,13,28,,
T,2023-05-07 20:23:59,6.30629065,-75.56040375,4.56,1480.569,23.695,19.770,357,16,31,,
T,2023-05-07 20:24:00,6.30646288,-75.56040754,4.73,1478.631,23.695,19.910,358,15,33,,
T,2023-05-07 20:24:01,6.30663784,-75.56041065,4.60,1475.900,23.694,20.620,358,15,31,,
T,2023-05-07 20:24:02,6.30682819,-75.56040599,4.45,1475.644,23.694,21.040,2,14,32,,
T,2023-05-07 20:24:03,6.30702235,-75.56039622,4.64,1474.873,23.693,21.520,4,15,33,,
T,2023-05-07 20:24:04,6.30721976,-75.56038201,5.04,1473.572,23.693,21.700,6,13,31,,
T,2023-05-07 20:24:05,6.30741128,-75.56035315,5.06,1473.215,23.692,21.600,8,15,31,,
T,2023-05-07 20:24:06,6.30760769,-75.56032613,4.94,1472.004,23.692,21.500,9,12,28,,
T,2023-05-07 20:24:07,6.30775894,-75.56030455,5.14,1467.861,23.691,19.690,11,15,31,,
T,2023-05-07 20:24:08,6.30793420,-75.56027381,5.79,1467.497,23.691,19.680,11,15,31,,
T,2023-05-07 20:24:09,6.30810087,-75.56022796,5.87,1467.576,23.690,19.430,13,14,31,,
T,2023-05-07 20:24:10,6.30825368,-75.56017838,6.26,1466.329,23.690,18.390,16,13,31,,
T,2023-05-07 20:24:11,6.30840766,-75.56012309,7.00,1464.556,23.689,18.440,17,15,31,,
T,2023-05-07 20:24:12,6.30856485,-75.56007066,7.38,1464.638,23.688,17.740,19,17,33,,
T,2023-05-07 20:24:13,6.30871467,-75.55999865,7.43,1463.372,23.688,17.280,19,14,29,,
T,2023-05-07 20:24:14,6.30886801,-75.55995541,7.12,1463.458,23.687,16.990,21,17,31,,
T,2023-05-07 20:24:15,6.30901498,-75.55990822,7.11,1464.082,23.686,16.570,25,16,31,,
T,2023-05-07 20:24:16,6.30915900,-75.55984614,7.47,1464.095,23.686,16.570,23,16,29,,
T,2023-05-07 20:24:17,6.30925487,-75.55980821,6.43,1458.984,23.685,16.240,23,16,32,,
T,2023-05-07 20:24:18,6.30940265,-75.55974731,6.43,1459.102,23.685,16.660,25,16,30,,
T,2023-05-07 20:24:19,6.30954198,-75.55968893,5.70,1458.866,23.684,16.370,27,16,33,,
T,2023-05-07 20:24:20,6.30967811,-75.55962503,5.76,1458.558,23.683,16.440,27,14,30,,
T,2023-05-07 20:24:21,6.30981824,-75.55955471,5.88,1457.767,23.683,16.330,27,16,32,,
T,2023-05-07 20:24:22,6.30995532,-75.55948058,5.65,1456.742,23.682,16.870,30,14,30,,
T,2023-05-07 20:24:23,6.31010530,-75.55939409,5.26,1458.809,23.681,17.270,34,17,33,,
T,2023-05-07 20:24:24,6.31024339,-75.55931491,5.55,1458.428,23.681,17.560,31,14,29,,
T,2023-05-07 20:24:25,6.31036959,-75.55922936,5.53,1458.131,23.680,17.140,33,16,31,,
T,2023-05-07 20:24:26,6.31049331,-75.55914803,5.47,1457.969,23.679,16.810,35,17,31,,
T,2023-05-07 20:24:27,6.31061945,-75.55905894,5.58,1457.889,23.678,16.760,35,16,30,,
T,2023-05-07 20:24:28,6.31075196,-75.55896470,5.65,1457.153,23.678,17.600,35,18,33,,
T,2023-05-07 20:24:29,6.31087875,-75.55887187,5.58,1456.963,23.677,17.200,36,16,31,,
T,2023-05-07 20:24:30,6.31100167,-75.55878361,5.59,1457.075,23.676,16.710,36,15,32,,
T,2023-05-07 20:24:31,6.31112338,-75.55870174,5.63,1456.780,23.675,16.310,36,16,33,,
T,2023-05-07 20:24:32,6.31124194,-75.55861263,5.86,1456.777,23.675,16.310,36,15,32,,
T,2023-05-07 20:24:33,6.31136681,-75.55852374,5.83,1457.576,23.674,16.030,36,14,31,,
T,2023-05-07 20:24:34,6.31147499,-75.55843382,5.66,1458.289,23.673,15.570,36,16,32,,
T,2023-05-07 20:24:35,6.31159398,-75.55835362,5.76,1457.143,23.672,15.410,35,17,33,,
T,2023-05-07 20:24:36,6.31171560,-75.55826098,5.82,1455.780,23.672,16.080,36,14,30,,
T,2023-05-07 20:24:37,6.31183019,-75.55818353,5.51,1454.828,23.671,15.950,35,16,32,,
T,2023-05-07 20:24:38,6.31195178,-75.55810487,5.21,1454.293,23.670,16.090,34,14,30,,
T,2023-05-07 20:24:39,6.31207533,-75.55802488,5.19,1453.862,23.670,15.990,35,16,32,,
T,2023-05-07 20:24:40,6.31220884,-75.55792885,5.23,1455.830,23.669,16.720,35,15,30,,
T,2023-05-07 20:24:41,6.31233022,-75.55785348,5.12,1456.440,23.668,15.770,34,17,30,,
T,2023-05-07 20:24:42,6.31246060,-75.55776856,5.39,1456.902,23.667,16.990,31,16,30,,
T,2023-05-07 20:24:43,6.31260057,-75.55769332,5.95,1457.288,23.667,17.070,30,17,31,,
T,2023-05-07 20:24:44,6.31274312,-75.55762119,6.01,1456.884,23.666,17.270,29,19,32,,
T,2023-05-07 20:24:45,6.31288566,-75.55755573,6.14,1455.956,23.665,17.780,27,14,27,,
T,2023-05-07 20:24:46,6.31303024,-75.55748544,7.22,1455.736,23.665,17.790,25,14,27,,
T,2023-05-07 20:24:47,6.31315054,-75.55742248,6.81,1457.691,23.664,16.950,24,17,28,,
T,2023-05-07 20:24:48,6.31328947,-75.55735800,9.50,1457.719,23.663,16.940,24,17,28,,
T,2023-05-07 20:24:49,6.31338260,-75.55729179,7.77,1452.024,23.663,15.860,35,15,29,,
T,2023-05-07 20:24:50,6.31349732,-75.55720511,8.40,1450.997,23.662,15.680,48,17,31,,
T,2023-05-07 20:24:51,6.31357619,-75.55711097,9.00,1451.741,23.661,14.310,60,11,26,,
T,2023-05-07 20:24:52,6.31365011,-75.55702349,12.00,1451.720,23.661,13.350,70,11,26,,
T,2023-05-07 20:24:53,6.31360417,-75.55686215,13.62,1448.613,23.660,13.780,78,10,25,,
T,2023-05-07 20:24:54,6.31363830,-75.55674498,16.97,1448.642,23.659,13.650,79,10,25,,
T,2023-05-07 20:24:55,6.31367391,-75.55651908,10.01,1447.659,23.658,16.600,79,15,29,,
T,2023-05-07 20:24:56,6.31369596,-75.55635596,9.64,1447.990,23.657,16.820,80,15,30,,
T,2023-05-07 20:24:57,6.31371829,-75.55619453,6.67,1449.170,23.656,16.150,81,12,30,,
T,2023-05-07 20:24:58,6.31373028,-75.55604344,5.12,1449.414,23.656,15.380,83,17,31,,
T,2023-05-07 20:24:59,6.31373752,-75.55591738,4.73,1450.530,23.655,14.140,83,20,31,,
T,2023-05-07 20:25:00,6.31375894,-75.55579408,4.36,1450.623,23.654,12.720,74,19,31,,
T,2023-05-07 20:25:01,6.31380489,-75.55569698,3.98,1450.040,23.654,11.620,59,20,31,,
T,2023-05-07 20:25:02,6.31387027,-75.55561829,3.81,1450.388,23.653,11.510,45,20,31,,
T,2023-05-07 20:25:03,6.31395739,-75.55556896,3.79,1449.712,23.653,10.970,27,21,31,,
T,2023-05-07 20:25:04,6.31406371,-75.55553753,3.79,1449.313,23.652,11.970,15,21,31,,
T,2023-05-07 20:25:05,6.31416773,-75.55553208,3.79,1446.775,23.652,12.780,7,19,32,,
T,2023-05-07 20:25:06,6.31428330,-75.55552572,3.79,1446.001,23.652,13.010,4,19,33,,
T,2023-05-07 20:25:07,6.31440082,-75.55551941,3.79,1445.008,23.651,12.940,4,19,33,,
T,2023-05-07 20:25:08,6.31451597,-75.55551160,3.79,1444.516,23.651,12.980,3,19,33,,
T,2023-05-07 20:25:09,6.31464286,-75.55550772,3.86,1444.614,23.651,13.420,2,17,29,,
T,2023-05-07 20:25:10,6.31476872,-75.55550623,3.79,1445.103,23.650,14.150,1,18,30,,
T,2023-05-07 20:25:11,6.31484096,-75.55550763,3.82,1438.173,23.650,14.380,2,17,29,,
T,2023-05-07 20:25:12,6.31497099,-75.55550474,4.08,1437.807,23.650,14.380,2,17,29,,
T,2023-05-07 20:25:13,6.31511090,-75.55550740,4.41,1438.893,23.650,14.600,1,16,30,,
T,2023-05-07 20:25:14,6.31524306,-75.55550692,5.71,1438.929,23.649,14.610,1,16,30,,
T,2023-05-07 20:25:15,6.31537173,-75.55551845,6.99,1440.860,23.649,14.740,360,14,30,,
T,2023-05-07 20:25:16,6.31550502,-75.55552108,9.15,1440.886,23.649,14.740,359,14,30,,
T,2023-05-07 20:25:17,6.31567413,-75.55551094,8.83,1441.686,23.648,16.030,356,11,27,,
T,2023-05-07 20:25:18,6.31582535,-75.55551513,9.09,1441.613,23.648,16.310,0,15,28,,
T,2023-05-07 20:25:19,6.31597290,-75.55551538,10.63,1441.587,23.648,16.310,360,15,28,,
T,2023-05-07 20:25:20,6.31615585,-75.55553657,9.66,1439.385,23.647,16.820,359,15,31,,
T,2023-05-07 20:25:21,6.31631483,-75.55553784,8.40,1440.679,23.647,17.430,359,16,31,,
T,2023-05-07 20:25:22,6.31649744,-75.55555607,8.10,1438.989,23.647,17.810,358,13,32,,
T,2023-05-07 20:25:23,6.31665044,-75.55555107,6.93,1437.034,23.646,18.120,358,16,32,,
T,2023-05-07 20:25:24,6.31682338,-75.55556103,6.28,1437.821,23.646,18.300,357,16,32,,
T,2023-05-07 20:25:25,6.31698699,-75.55557195,6.24,1440.203,23.646,17.990,359,17,33,,
T,2023-05-07 20:25:26,6.31715778,-75.55556488,6.23,1441.110,23.645,18.820,360,16,32,,
T,2023-05-07 20:25:27,6.31733252,-75.55556341,5.81,1440.831,23.645,18.920,4,15,31,,
T,2023-05-07 20:25:28,6.31750083,-75.55554068,5.49,1440.209,23.644,18.550,8,17,33,,
T,2023-05-07 20:25:29,6.31767370,-75.55551734,5.27,1440.133,23.644,18.530,12,15,30,,
T,2023-05-07 20:25:30,6.31784665,-75.55548159,5.23,1445.104,23.643,18.450,18,16,32,,
T,2023-05-07 20:25:31,6.31801256,-75.55542586,4.37,1445.967,23.643,18.760,21,15,30,,
T,2023-05-07 20:25:32,6.31818234,-75.55538222,4.40,1445.354,23.642,18.720,20,17,32,,
T,2023-05-07 20:25:33,6.31834252,-75.55532949,4.39,1446.476,23.641,18.440,19,13,30,,
T,2023-05-07 20:25:34,6.31849623,-75.55528372,4.08,1444.514,23.641,18.160,17,16,33,,
T,2023-05-07 20:25:35,6.31865102,-75.55521474,4.13,1444.346,23.640,18.660,18,15,31,,
T,2023-05-07 20:25:36,6.31882352,-75.55516871,4.20,1444.592,23.639,19.200,18,14,32,,
T,2023-05-07 20:25:37,6.31898855,-75.55511674,4.29,1443.334,23.639,19.620,18,15,32,,
T,2023-05-07 20:25:38,6.31916320,-75.55505768,4.09,1442.829,23.638,20.130,17,14,31,,
T,2023-05-07 20:25:39,6.31932661,-75.55500534,4.10,1442.319,23.637,19.170,16,15,32,,
T,2023-05-07 20:25:40,6.31950195,-75.55495729,4.18,1443.113,23.637,19.570,15,15,32,,
T,2023-05-07 20:25:41,6.31967090,-75.55491550,4.31,1442.215,23.636,20.070,15,14,31,,
T,2023-05-07 20:25:42,6.31985907,-75.55486539,4.27,1441.622,23.635,20.830,13,14,32,,
T,2023-05-07 20:25:43,6.32004335,-75.55482731,4.29,1441.128,23.635,20.740,11,14,32,,
T,2023-05-07 20:25:44,6.32023023,-75.55478915,4.14,1441.547,23.634,20.550,10,12,30,,
T,2023-05-07 20:25:45,6.32041944,-75.55475412,4.23,1440.400,23.634,21.270,7,14,31,,
T,2023-05-07 20:25:46,6.32061514,-75.55472521,4.10,1439.545,23.633,21.320,8,17,33,,
T,2023-05-07 20:25:47,6.32079923,-75.55469960,4.21,1436.983,23.632,21.200,9,14,30,,
T,2023-05-07 20:25:48,6.32099129,-75.55466327,4.13,1437.957,23.632,21.280,9,15,31,,
T,2023-05-07 20:25:49,6.32118229,-75.55462472,4.01,1437.828,23.631,21.770,9,16,32,,
T,2023-05-07 20:25:50,6.32137875,-75.55459188,3.90,1436.232,23.631,21.900,9,16,31,,
T,2023-05-07 20:25:51,6.32157828,-75.55456305,3.99,1436.274,23.630,21.970,9,16,32,,
T,2023-05-07 20:25:52,6.32177996,-75.55453940,4.27,1435.571,23.629,22.070,9,17,33,,
T,2023-05-07 20:25:53,6.32196975,-75.55450633,4.13,1436.307,23.629,21.810,9,16,30,,
T,2023-05-07 20:25:54,6.32215749,-75.55447384,4.19,1434.740,23.628,20.980,9,14,30,,
T,2023-05-07 20:25:55,6.32234542,-75.55444257,4.21,1434.729,23.628,21.510,9,17,33,,
T,2023-05-07 20:25:56,6.32251460,-75.55440962,3.89,1429.885,23.627,21.520,8,16,31,,
T,2023-05-07 20:25:57,6.32271084,-75.55438855,3.79,1429.849,23.626,21.610,7,16,31,,
T,2023-05-07 20:25:58,6.32285004,-75.55436334,3.96,1424.361,23.626,21.460,8,18,33,,
T,2023-05-07 20:25:59,6.32304386,-75.55433452,3.92,1424.232,23.625,21.390,9,17,31,,
T,2023-05-07 20:26:00,6.32323659,-75.55430115,3.91,1423.721,23.625,21.210,11,17,32,,
T,2023-05-07 20:26:01,6.32342156,-75.55426382,3.93,1424.439,23.624,21.170,12,16,31,,
T,2023-05-07 20:26:02,6.32360594,-75.55421159,3.81,1424.076,23.623,21.280,14,15,31,,
T,2023-05-07 20:26:03,6.32380213,-75.55416508,3.95,1424.724,23.623,21.750,16,16,33,,
T,2023-05-07 20:26:04,6.32399179,-75.55409891,4.27,1424.603,23.622,21.940,19,15,32,,
T,2023-05-07 20:26:05,6.32417706,-75.55403522,4.34,1423.892,23.621,22.040,21,17,33,,
T,2023-05-07 20:26:06,6.32436611,-75.55396368,4.68,1420.160,23.620,22.580,24,17,33,,
T,2023-05-07 20:26:07,6.32455050,-75.55388541,4.45,1418.296,23.620,22.480,25,16,32,,
T,2023-05-07 20:26:08,6.32473209,-75.55378905,4.50,1417.326,23.619,22.800,27,16,33,,
T,2023-05-07 20:26:09,6.32491336,-75.55368952,4.42,1419.153,23.618,22.780,30,16,32,,
T,2023-05-07 20:26:10,6.32508982,-75.55358073,4.51,1418.266,23.617,22.910,31,15,32,,
T,2023-05-07 20:26:11,6.32527186,-75.55347242,4.32,1417.936,23.616,23.200,31,15,31,,
T,2023-05-07 20:26:12,6.32544603,-75.55337272,4.53,1418.811,23.615,22.440,30,16,31,,
T,2023-05-07 20:26:13,6.32563303,-75.55327147,4.58,1418.654,23.614,23.300,28,18,33,,
T,2023-05-07 20:26:14,6.32580263,-75.55317979,4.54,1417.925,23.613,23.570,30,17,31,,
T,2023-05-07 20:26:15,6.32598314,-75.55306387,4.43,1417.321,23.612,23.390,33,16,31,,
T,2023-05-07 20:26:16,6.32616805,-75.55294399,4.31,1417.780,23.611,23.760,32,16,31,,
T,2023-05-07 20:26:17,6.32636052,-75.55283157,4.48,1416.907,23.610,24.630,30,17,32,,
T,2023-05-07 20:26:18,6.32655237,-75.55271506,4.61,1416.311,23.609,24.490,31,17,32,,
T,2023-05-07 20:26:19,6.32673793,-75.55259311,4.69,1416.051,23.608,24.240,31,18,33,,
T,2023-05-07 20:26:20,6.32692870,-75.55248115,4.75,1416.360,23.607,24.590,32,18,33,,
T,2023-05-07 20:26:21,6.32705449,-75.55237223,4.78,1413.231,23.606,24.210,32,18,33,,
T,2023-05-07 20:26:22,6.32723948,-75.55225784,4.98,1414.379,23.605,24.290,34,17,32,,
T,2023-05-07 20:26:23,6.32742122,-75.55213995,4.90,1415.066,23.604,24.070,34,17,32,,
T,2023-05-07 20:26:24,6.32760168,-75.55202181,4.85,1415.158,23.603,23.620,35,17,32,,
T,2023-05-07 20:26:25,6.32778378,-75.55189474,5.00,1413.985,23.602,23.480,34,18,33,,
T,2023-05-07 20:26:26,6.32796471,-75.55177206,5.24,1413.246,23.601,23.170,34,17,32,,
T,2023-05-07 20:26:27,6.32813709,-75.55164760,5.31,1412.690,23.600,22.850,34,18,33,,
T,2023-05-07 20:26:28,6.32831547,-75.55153567,5.75,1412.771,23.599,23.080,34,17,32,,
T,2023-05-07 20:26:29,6.32848953,-75.55142295,5.96,1412.458,23.598,22.480,34,15,29,,
T,2023-05-07 20:26:30,6.32865078,-75.55130576,6.10,1411.555,23.597,21.820,36,14,28,,
T,2023-05-07 20:26:31,6.32880453,-75.55119019,6.31,1411.076,23.596,21.480,36,17,32,,
T,2023-05-07 20:26:32,6.32896071,-75.55108120,6.50,1410.770,23.595,21.150,35,15,30,,
T,2023-05-07 20:26:33,6.32912086,-75.55097304,6.21,1410.895,23.594,20.810,35,17,32,,
T,2023-05-07 20:26:34,6.32926936,-75.55087433,6.06,1409.834,23.593,20.140,35,15,29,,
T,2023-05-07 20:26:35,6.32941480,-75.55077892,5.64,1407.882,23.592,19.280,34,18,32,,
T,2023-05-07 20:26:36,6.32954714,-75.55067675,5.51,1407.565,23.592,18.450,33,13,27,,
T,2023-05-07 20:26:37,6.32968754,-75.55058323,5.62,1407.756,23.591,18.760,33,18,33,,
T,2023-05-07 20:26:38,6.32981522,-75.55048685,5.42,1407.664,23.590,17.300,34,15,30,,
T,2023-05-07 20:26:39,6.32995484,-75.55040246,5.01,1408.519,23.589,17.440,34,18,33,,
T,2023-05-07 20:26:40,6.33008448,-75.55031771,4.98,1408.954,23.588,17.270,34,17,32,,
T,2023-05-07 20:26:41,6.33018823,-75.55022783,5.04,1403.208,23.588,16.940,34,18,33,,
T,2023-05-07 20:26:42,6.33032923,-75.55014475,5.40,1404.308,23.587,17.630,34,15,30,,
T,2023-05-07 20:26:43,6.33046377,-75.55005109,5.68,1403.957,23.586,17.910,35,18,32,,
T,2023-05-07 20:26:44,6.33059990,-75.54995684,5.90,1404.767,23.585,18.010,35,14,29,,
T,2023-05-07 20:26:45,6.33073706,-75.54986378,5.90,1406.106,23.585,18.200,33,16,31,,
T,2023-05-07 20:26:46,6.33088508,-75.54977540,5.71,1406.885,23.584,18.550,32,17,32,,
T,2023-05-07 20:26:47,6.33102555,-75.54968524,5.57,1408.236,23.583,18.630,33,18,33,,
T,2023-05-07 20:26:48,6.33116303,-75.54958478,5.21,1408.768,23.582,18.630,34,14,28,,
T,2023-05-07 20:26:49,6.33130583,-75.54949068,5.11,1409.907,23.581,18.800,33,17,32,,
T,2023-05-07 20:26:50,6.33143908,-75.54939314,4.86,1410.139,23.581,18.220,35,15,30,,
T,2023-05-07 20:26:51,6.33157641,-75.54929066,4.67,1409.935,23.580,18.710,37,16,31,,
T,2023-05-07 20:26:52,6.33172179,-75.54918014,4.55,1409.750,23.579,19.250,40,15,30,,
T,2023-05-07 20:26:53,6.33184960,-75.54907486,4.39,1410.254,23.578,19.100,45,16,31,,
T,2023-05-07 20:26:54,6.33197720,-75.54895554,4.36,1415.746,23.577,19.030,45,17,33,,
T,2023-05-07 20:26:55,6.33209071,-75.54882902,4.34,1416.610,23.576,18.510,50,15,31,,
T,2023-05-07 20:26:56,6.33219771,-75.54870295,4.40,1416.221,23.575,18.320,55,15,31,,
T,2023-05-07 20:26:57,6.33229558,-75.54857368,4.49,1416.966,23.574,17.830,58,15,31,,
T,2023-05-07 20:26:58,6.33237548,-75.54844397,4.52,1416.481,23.573,17.190,62,16,33,,
T,2023-05-07 20:26:59,6.33244269,-75.54830547,4.62,1415.779,23.573,17.040,65,15,31,,
T,2023-05-07 20:27:00,6.33250371,-75.54816104,4.55,1416.116,23.572,17.500,70,15,31,,
T,2023-05-07 20:27:01,6.33256081,-75.54801072,4.61,1415.584,23.571,17.990,71,14,30,,
T,2023-05-07 20:27:02,6.33262075,-75.54785335,4.55,1415.349,23.570,18.000,72,11,26,,
T,2023-05-07 20:27:03,6.33267772,-75.54769327,4.32,1415.251,23.569,18.250,70,15,32,,
T,2023-05-07 20:27:04,6.33273109,-75.54753293,4.39,1415.974,23.568,18.500,71,14,29,,
T,2023-05-07 20:27:05,6.33279434,-75.54737083,5.06,1417.131,23.567,18.960,71,15,32,,
T,2023-05-07 20:27:06,6.33284803,-75.54721891,5.44,1416.971,23.566,18.670,70,12,29,,
T,2023-05-07 20:27:07,6.33291242,-75.54705052,5.63,1417.926,23.565,18.910,70,15,31,,
T,2023-05-07 20:27:08,6.33298602,-75.54687943,5.93,1420.363,23.564,19.680,69,13,32,,
T,2023-05-07 20:27:09,6.33305660,-75.54670366,6.35,1422.812,23.563,20.030,68,13,30,,
T,2023-05-07 20:27:10,6.33312392,-75.54654332,6.44,1422.248,23.562,19.700,69,15,32,,
T,2023-05-07 20:27:11,6.33313805,-75.54640470,5.50,1418.474,23.561,19.800,69,15,32,,
T,2023-05-07 20:27:12,6.33319618,-75.54625630,5.63,1417.290,23.560,19.290,71,14,32,,
T,2023-05-07 20:27:13,6.33326459,-75.54609501,6.37,1415.180,23.559,19.890,70,15,32,,
T,2023-05-07 20:27:14,6.33332943,-75.54592635,6.42,1415.944,23.558,20.160,71,14,31,,
T,2023-05-07 20:27:15,6.33338260,-75.54575992,6.06,1415.226,23.557,19.150,71,14,32,,
T,2023-05-07 20:27:16,6.33344285,-75.54559905,6.15,1416.630,23.556,18.360,69,13,31,,
T,2023-05-07 20:27:17,6.33350553,-75.54544844,6.64,1416.925,23.555,17.660,68,13,30,,
T,2023-05-07 20:27:18,6.33358735,-75.54530418,6.25,1416.341,23.554,17.390,63,12,29,,
T,2023-05-07 20:27:19,6.33367110,-75.54517103,6.01,1416.039,23.554,17.010,58,14,32,,
T,2023-05-07 20:27:20,6.33376585,-75.54504274,6.06,1416.311,23.553,16.970,52,14,32,,
T,2023-05-07 20:27:21,6.33386483,-75.54493474,6.01,1416.485,23.552,16.460,47,14,31,,
T,2023-05-07 20:27:22,6.33397157,-75.54483355,6.79,1416.861,23.551,16.220,40,15,33,,
T,2023-05-07 20:27:23,6.33409640,-75.54475375,6.56,1417.796,23.550,15.980,33,14,30,,
T,2023-05-07 20:27:24,6.33422738,-75.54467581,6.28,1417.806,23.550,15.760,28,15,28,,
T,2023-05-07 20:27:25,6.33437160,-75.54461043,6.29,1417.089,23.549,16.940,22,18,32,,
T,2023-05-07 20:27:26,6.33451293,-75.54455334,7.66,1416.896,23.548,16.810,15,18,32,,
T,2023-05-07 20:27:27,6.33468058,-75.54451462,7.03,1416.800,23.548,17.400,10,17,31,,
T,2023-05-07 20:27:28,6.33485482,-75.54449014,7.04,1418.427,23.547,17.940,9,19,32,,
T,2023-05-07 20:27:29,6.33504864,-75.54447236,6.27,1420.319,23.547,18.680,8,16,30,,
T,2023-05-07 20:27:30,6.33520172,-75.54444874,5.60,1420.995,23.546,18.810,7,14,30,,
T,2023-05-07 20:27:31,6.33537546,-75.54445006,5.46,1422.414,23.546,18.810,6,15,31,,
T,2023-05-07 20:27:32,6.33547319,-75.54441536,6.26,1417.581,23.545,18.510,7,16,32,,
T,2023-05-07 20:27:33,6.33564433,-75.54439882,6.23,1418.140,23.545,18.560,7,17,31,,
T,2023-05-07 20:27:34,6.33581048,-75.54438977,6.13,1417.879,23.545,17.510,7,16,32,,
T,2023-05-07 20:27:35,6.33596227,-75.54438054,6.31,1417.109,23.544,16.590,5,16,31,,
T,2023-05-07 20:27:36,6.33610152,-75.54435468,6.56,1417.138,23.544,15.510,5,16,32,,
T,2023-05-07 20:27:37,6.33624621,-75.54434822,6.73,1417.654,23.543,15.180,4,14,30,,
T,2023-05-07 20:27:38,6.33636220,-75.54432951,6.69,1418.689,23.543,13.440,5,16,32,,
T,2023-05-07 20:27:39,6.33647502,-75.54432858,6.49,1417.646,23.543,12.170,6,13,30,,
T,2023-05-07 20:27:40,6.33658326,-75.54431183,6.00,1414.942,23.542,11.830,5,15,31,,
T,2023-05-07 20:27:41,6.33668690,-75.54430389,6.04,1415.730,23.542,11.850,8,14,31,,
T,2023-05-07 20:27:42,6.33679786,-75.54428058,5.54,1415.240,23.542,12.010,15,13,30,,
T,2023-05-07 20:27:43,6.33690933,-75.54425429,5.05,1415.833,23.541,12.230,24,17,33,,
T,2023-05-07 20:27:44,6.33700354,-75.54419020,4.70,1416.426,23.541,11.970,32,17,30,,
T,2023-05-07 20:27:45,6.33709797,-75.54413941,4.09,1416.977,23.540,11.780,40,18,29,,
T,2023-05-07 20:27:46,6.33716092,-75.54405018,3.91,1417.506,23.540,12.170,47,16,28,,
T,2023-05-07 20:27:47,6.33724235,-75.54395186,3.79,1418.519,23.539,13.690,47,20,32,,
T,2023-05-07 20:27:48,6.33732312,-75.54385292,3.83,1419.437,23.538,13.750,53,17,29,,
T,2023-05-07 20:27:49,6.33740109,-75.54374921,3.79,1419.486,23.538,14.370,49,17,30,,
T,2023-05-07 20:27:50,6.33748259,-75.54364979,3.97,1419.754,23.537,14.130,37,17,30,,
T,2023-05-07 20:27:51,6.33758076,-75.54357884,4.15,1419.134,23.536,13.390,29,17,31,,
T,2023-05-07 20:27:52,6.33770706,-75.54352553,5.24,1419.253,23.536,13.140,19,12,30,,
T,2023-05-07 20:27:53,6.33779897,-75.54351662,4.18,1419.669,23.535,10.780,7,14,29,,
T,2023-05-07 20:27:54,6.33789433,-75.54350192,4.65,1419.739,23.535,10.650,358,14,29,,
T,2023-05-07 20:27:55,6.33800207,-75.54351625,4.82,1421.288,23.535,11.320,347,14,29,,
T,2023-05-07 20:27:56,6.33810385,-75.54354029,5.97,1420.540,23.535,10.740,335,15,30,,
T,2023-05-07 20:27:57,6.33815812,-75.54356826,6.83,1422.622,23.535,8.890,327,13,26,,
T,2023-05-07 20:27:58,6.33822063,-75.54360325,6.78,1424.423,23.535,7.980,322,16,29,,
T,2023-05-07 20:27:59,6.33826294,-75.54364581,7.33,1423.479,23.535,7.020,322,19,33,,
T,2023-05-07 20:28:00,6.33829536,-75.54367419,7.56,1424.671,23.535,5.480,300,15,29,,
T,2023-05-07 20:28:01,6.33828282,-75.54366869,6.68,1426.116,23.535,3.250,296,19,32,,
T,2023-05-07 20:28:02,6.33830138,-75.54368926,5.82,1425.297,23.535,3.240,309,19,32,,
T,2023-05-07 20:28:03,6.33830348,-75.54369361,5.60,1427.119,23.535,3.080,290,16,31,,
T,2023-05-07 20:28:04,6.33832654,-75.54373337,5.51,1426.743,23.535,4.010,278,12,30,,
T,2023-05-07 20:28:05,6.33833450,-75.54378128,5.20,1425.705,23.536,4.360,276,16,32,,
T,2023-05-07 20:28:06,6.33834641,-75.54383128,4.96,1428.303,23.536,4.250,272,15,31,,
T,2023-05-07 20:28:07,6.33834716,-75.54389092,5.00,1429.033,23.536,3.620,271,16,32,,
T,2023-05-07 20:28:08,6.33834520,-75.54392468,5.32,1429.641,23.536,3.810,263,14,30,,
T,2023-05-07 20:28:09,6.33832700,-75.54396310,4.85,1428.655,23.537,3.140,264,14,30,,
T,2023-05-07 20:28:10,6.33832568,-75.54398195,4.17,1427.575,23.537,2.030,267,15,32,,
T,2023-05-07 20:28:11,6.33832056,-75.54399680,3.90,1427.935,23.537,2.140,270,15,32,,
T,2023-05-07 20:28:12,6.33831185,-75.54401894,3.92,1429.277,23.537,1.960,259,12,29,,
T,2023-05-07 20:28:13,6.33830094,-75.54404408,4.07,1429.295,23.537,2.630,256,13,31,,
T,2023-05-07 20:28:14,6.33828914,-75.54406938,5.09,1429.358,23.537,2.640,244,13,31,,
T,2023-05-07 20:28:15,6.33827281,-75.54410277,5.23,1428.755,23.537,4.020,248,14,32,,
T,2023-05-07 20:28:16,6.33823648,-75.54418427,4.91,1428.494,23.538,6.070,250,14,30,,
T,2023-05-07 20:28:17,6.33821693,-75.54424561,4.87,1430.816,23.538,6.250,247,15,32,,
T,2023-05-07 20:28:18,6.33819426,-75.54429734,5.47,1430.717,23.539,6.240,243,15,32,,
T,2023-05-07 20:28:19,6.33815408,-75.54438901,5.31,1429.904,23.539,8.740,247,12,30,,
T,2023-05-07 20:28:20,6.33812631,-75.54446316,6.76,1429.706,23.540,8.750,248,12,30,,
T,2023-05-07 20:28:21,6.33806689,-75.54461368,6.61,1429.734,23.541,13.180,246,11,30,,
T,2023-05-07 20:28:22,6.33802066,-75.54472123,8.51,1429.708,23.541,13.020,239,11,30,,
T,2023-05-07 20:28:23,6.33793767,-75.54484279,7.33,1429.090,23.542,13.880,227,13,32,,
T,2023-05-07 20:28:24,6.33786459,-75.54493858,9.35,1429.120,23.543,13.340,216,13,32,,
T,2023-05-07 20:28:25,6.33774324,-75.54496786,7.56,1428.986,23.543,11.440,198,14,28,,
T,2023-05-07 20:28:26,6.33766472,-75.54501667,9.48,1428.846,23.544,10.370,173,14,28,,
T,2023-05-07 20:28:27,6.33759596,-75.54498120,8.35,1428.362,23.544,7.530,138,6,21,,
T,2023-05-07 20:28:28,6.33753729,-75.54499095,10.46,1428.414,23.544,6.540,107,6,21,,
T,2023-05-07 20:28:29,6.33762987,-75.54482945,8.12,1425.493,23.543,6.700,77,15,27,,
T,2023-05-07 20:28:30,6.33765634,-75.54477768,8.60,1425.996,23.542,6.310,49,15,28,,
T,2023-05-07 20:28:31,6.33769072,-75.54471836,8.17,1425.707,23.542,6.480,38,16,30,,
T,2023-05-07 20:28:32,6.33777645,-75.54469543,8.40,1424.372,23.542,7.080,48,18,30,,
T,2023-05-07 20:28:33,6.33786351,-75.54465694,7.49,1424.501,23.541,9.020,64,19,30,,
T,2023-05-07 20:28:34,6.33791786,-75.54458898,7.62,1423.949,23.541,9.290,85,19,30,,
T,2023-05-07 20:28:35,6.33796472,-75.54449234,7.10,1423.620,23.540,9.940,94,19,30,,
T,2023-05-07 20:28:36,6.33798885,-75.54440170,6.44,1423.216,23.540,10.320,92,19,30,,
T,2023-05-07 20:28:37,6.33802108,-75.54431470,6.73,1424.505,23.539,10.190,90,19,30,,
T,2023-05-07 20:28:38,6.33805243,-75.54422801,6.84,1424.773,23.539,10.060,89,19,30,,
T,2023-05-07 20:28:39,6.33806962,-75.54414094,7.33,1424.224,23.538,9.710,90,18,30,,
T,2023-05-07 20:28:40,6.33809476,-75.54405876,7.02,1425.340,23.538,9.330,90,17,30,,
T,2023-05-07 20:28:41,6.33811202,-75.54396735,6.28,1424.913,23.537,10.190,93,17,31,,
T,2023-05-07 20:28:42,6.33813163,-75.54386666,5.58,1424.358,23.537,10.450,97,17,31,,
T,2023-05-07 20:28:43,6.33813024,-75.54376959,5.39,1426.632,23.536,9.400,111,19,31,,
T,2023-05-07 20:28:44,6.33810322,-75.54369458,5.10,1426.635,23.536,8.370,132,18,31,,
T,2023-05-07 20:28:45,6.33807305,-75.54365518,5.05,1426.117,23.536,6.120,141,18,31,,
T,2023-05-07 20:28:46,6.33804405,-75.54363057,5.10,1427.425,23.536,4.230,163,18,31,,
T,2023-05-07 20:28:47,6.33801025,-75.54362171,4.61,1427.396,23.536,4.640,175,19,31,,
T,2023-05-07 20:28:48,6.33795749,-75.54363363,3.96,1425.485,23.536,4.800,193,19,31,,
T,2023-05-07 20:28:49,6.33792202,-75.54365299,3.79,1425.632,23.536,3.950,204,21,31,,
T,2023-05-07 20:28:50,6.33790420,-75.54367362,3.84,1426.731,23.536,3.550,234,21,32,,
T,2023-05-07 20:28:51,6.33789058,-75.54371005,3.86,1426.432,23.536,3.510,254,20,32,,
T,2023-05-07 20:28:52,6.33787378,-75.54374594,3.88,1425.546,23.537,3.520,274,20,32,,
T,2023-05-07 20:28:53,6.33786757,-75.54378569,3.95,1424.835,23.537,4.350,264,19,32,,
T,2023-05-07 20:28:54,6.33787782,-75.54382126,3.97,1423.254,23.537,3.870,264,17,32,,
T,2023-05-07 20:28:55,6.33788678,-75.54385095,4.42,1422.187,23.537,2.700,219,17,32,,
T,2023-05-07 20:28:56,6.33788265,-75.54386310,5.31,1421.852,23.537,1.860,171,17,32,,
T,2023-05-07 20:28:57,6.33787338,-75.54386191,5.46,1421.802,23.537,0.310,157,17,32,,
T,2023-05-07 20:28:58,6.33787287,-75.54386131,5.17,1421.953,23.537,0.690,155,18,32,,
T,2023-05-07 20:28:59,6.33787294,-75.54385947,5.80,1422.199,23.537,0.840,134,17,32,,
T,2023-05-07 20:29:00,6.33787498,-75.54385741,5.45,1422.594,23.537,0.250,104,16,32,,
T,2023-05-07 20:29:01,6.33787918,-75.54385715,6.22,1422.774,23.537,0.220,95,15,32,,
T,2023-05-07 20:29:02,6.33788159,-75.54385502,7.86,1422.877,23.537,0.450,82,15,32,,
T,2023-05-07 20:29:03,6.33788244,-75.54385578,11.01,1422.286,23.537,0.680,69,15,32,,
T,2023-05-07 20:29:04,6.33788175,-75.54385583,13.91,1422.120,23.537,0.920,63,14,32,,
T,2023-05-07 20:29:05,6.33787958,-75.54386131,16.78,1422.047,23.537,2.290,56,11,32,,
T,2023-05-07 20:29:06,6.33788373,-75.54386541,19.10,1421.930,23.537,1.370,40,12,32,,
T,2023-05-07 20:29:07,6.33788990,-75.54387735,18.32,1421.380,23.537,0.670,347,10,32,,
T,2023-05-07 20:29:08,6.33788727,-75.54388130,16.12,1420.381,23.537,0.150,340,10,32,,
T,2023-05-07 20:29:09,6.33787843,-75.54388336,11.67,1420.585,23.537,0.510,340,12,32,,
T,2023-05-07 20:29:10,6.33787293,-75.54389131,9.78,1420.591,23.537,0.520,340,14,32,,
T,2023-05-07 20:29:11,6.33786211,-75.54389541,12.90,1421.714,23.537,0.460,340,14,32,,
T,2023-05-07 20:29:12,6.33785905,-75.54390032,12.71,1421.475,23.537,0.420,340,14,31,,
T,2023-05-07 20:29:13,6.33785538,-75.54391160,12.02,1421.765,23.537,0.930,340,15,32,,
T,2023-05-07 20:29:14,6.33785153,-75.54392435,11.52,1419.913,23.537,0.840,274,16,32,,
T,2023-05-07 20:29:15,6.33784705,-75.54393393,11.39,1421.108,23.538,0.730,340,17,32,,
T,2023-05-07 20:29:16,6.33784371,-75.54394258,11.41,1421.951,23.538,0.720,340,17,32,,
T,2023-05-07 20:29:17,6.33783858,-75.54394997,11.40,1422.500,23.538,0.610,340,17,32,,
T,2023-05-07 20:29:18,6.33783571,-75.54395690,11.31,1422.306,23.538,0.660,340,16,32,,
T,2023-05-07 20:29:19,6.33783511,-75.54396299,11.05,1422.156,23.538,0.560,340,15,31,,
T,2023-05-07 20:29:20,6.33783398,-75.54396974,10.99,1422.170,23.538,0.950,272,15,32,,
T,2023-05-07 20:29:21,6.33783458,-75.54397794,10.94,1421.851,23.538,0.920,275,14,32,,
T,2023-05-07 20:29:22,6.33783690,-75.54398642,10.94,1422.750,23.538,0.850,286,14,32,,
T,2023-05-07 20:29:23,6.33784193,-75.54399678,10.95,1422.575,23.538,1.140,301,13,32,,
T,2023-05-07 20:29:24,6.33784633,-75.54400520,11.00,1423.346,23.538,0.900,310,12,31,,
T,2023-05-07 20:29:25,6.33785390,-75.54401324,11.01,1423.182,23.538,1.070,309,13,32,,
T,2023-05-07 20:29:26,6.33786289,-75.54402323,11.15,1422.749,23.538,1.200,309,13,32,,
T,2023-05-07 20:29:27,6.33787165,-75.54403207,11.24,1421.750,23.538,0.910,305,12,32,,
T,2023-05-07 20:29:28,6.33787807,-75.54403874,11.53,1421.801,23.538,0.930,305,11,32,,
T,2023-05-07 20:29:29,6.33788371,-75.54404470,11.65,1422.681,23.538,1.010,311,10,32,,
T,2023-05-07 20:29:30,6.33788730,-75.54404780,11.86,1421.676,23.538,0.660,326,10,31,,
T,2023-05-07 20:29:31,6.33788915,-75.54404836,12.06,1421.047,23.538,0.730,341,10,31,,
