type,date time,latitude,longitude,accuracy(m),altitude(m),geoid_height(m),speed(m/s),bearing(deg),sat_used,sat_inview,name,desc
T,2023-05-04 16:01:30,6.26132831,-75.59725797,4.08,1495.427,23.990,0.230,69,13,25,20230504-110130,GPS Logger: 20230504-110130 - Honda_cb125f_ruta2
T,2023-05-04 16:01:31,6.26133152,-75.59725818,3.92,1495.404,23.990,0.000,,14,25,,
T,2023-05-04 16:01:32,6.26133434,-75.59725929,3.79,1494.805,23.990,0.000,,14,25,,
T,2023-05-04 16:01:33,6.26133805,-75.59725907,3.79,1495.689,23.990,0.350,19,14,25,,
T,2023-05-04 16:01:34,6.26134190,-75.59725900,3.79,1495.257,23.990,0.000,,14,25,,
T,2023-05-04 16:01:35,6.26134575,-75.59725826,3.79,1495.571,23.990,0.000,,14,25,,
T,2023-05-04 16:01:36,6.26134694,-75.59726185,3.82,1495.437,23.990,0.000,,14,25,,
T,2023-05-04 16:01:37,6.26134711,-75.59726378,3.89,1495.273,23.990,0.000,,13,25,,
T,2023-05-04 16:01:38,6.26134714,-75.59726431,3.91,1495.269,23.990,0.000,,13,25,,
T,2023-05-04 16:01:39,6.26134712,-75.59726447,3.85,1495.270,23.990,0.000,,12,25,,
T,2023-05-04 16:01:40,6.26134891,-75.59726687,3.79,1494.779,23.990,0.000,,12,25,,
T,2023-05-04 16:01:41,6.26135168,-75.59727080,3.79,1494.310,23.990,0.000,,12,25,,
T,2023-05-04 16:01:42,6.26135227,-75.59727161,3.79,1494.419,23.990,0.000,,12,25,,
T,2023-05-04 16:01:43,6.26135187,-75.59727121,3.79,1494.501,23.990,0.000,,12,25,,
T,2023-05-04 16:01:44,6.26135206,-75.59727163,3.79,1494.551,23.990,0.000,,12,25,,
T,2023-05-04 16:01:45,6.26135211,-75.59727173,3.79,1494.561,23.990,0.000,,13,25,,
T,2023-05-04 16:01:46,6.26135212,-75.59727172,3.79,1494.567,23.990,0.000,,13,25,,
T,2023-05-04 16:01:47,6.26135212,-75.59727175,3.79,1494.562,23.990,0.000,,13,25,,
T,2023-05-04 16:01:48,6.26135215,-75.59727177,3.79,1494.561,23.990,0.000,,13,25,,
T,2023-05-04 16:01:49,6.26135217,-75.59727179,3.79,1494.560,23.990,0.000,,13,25,,
T,2023-05-04 16:01:50,6.26135135,-75.59727124,3.79,1494.538,23.990,0.000,,13,25,,
T,2023-05-04 16:01:51,6.26135108,-75.59727124,3.79,1494.473,23.990,0.000,,13,25,,
T,2023-05-04 16:01:52,6.26135103,-75.59727123,3.79,1494.474,23.990,0.000,,13,24,,
T,2023-05-04 16:01:53,6.26135103,-75.59727125,3.79,1494.469,23.990,0.000,,13,25,,
T,2023-05-04 16:01:54,6.26135104,-75.59727124,3.79,1494.466,23.990,0.000,,13,25,,
T,2023-05-04 16:01:55,6.26135108,-75.59727126,3.79,1494.461,23.990,0.000,,13,25,,
T,2023-05-04 16:01:56,6.26135107,-75.59727126,3.79,1494.464,23.990,0.000,,13,25,,
T,2023-05-04 16:01:57,6.26135109,-75.59727125,3.79,1494.465,23.990,0.000,,13,25,,
T,2023-05-04 16:01:58,6.26135466,-75.59726945,3.79,1494.896,23.990,0.440,27,13,25,,
T,2023-05-04 16:01:59,6.26135464,-75.59726850,3.79,1495.285,23.990,0.000,,13,25,,
T,2023-05-04 16:02:00,6.26135440,-75.59726923,3.79,1495.428,23.990,0.000,,13,25,,
T,2023-05-04 16:02:01,6.26135483,-75.59727046,3.97,1495.713,23.990,0.000,,13,25,,
T,2023-05-04 16:02:02,6.26135196,-75.59726332,3.79,1496.406,23.990,0.460,102,13,25,,
T,2023-05-04 16:02:03,6.26135156,-75.59726021,3.79,1496.570,23.990,0.250,115,13,25,,
T,2023-05-04 16:02:04,6.26135026,-75.59725867,3.79,1497.203,23.990,0.150,198,12,25,,
T,2023-05-04 16:02:05,6.26134845,-75.59725566,3.85,1497.784,23.990,0.500,106,12,25,,
T,2023-05-04 16:02:06,6.26134952,-75.59725298,3.98,1498.306,23.990,0.330,91,13,25,,
T,2023-05-04 16:02:07,6.26135147,-75.59725147,4.02,1498.421,23.990,0.220,80,13,25,,
T,2023-05-04 16:02:08,6.26135080,-75.59724736,4.05,1498.157,23.990,0.000,,13,25,,
T,2023-05-04 16:02:09,6.26135037,-75.59724626,3.96,1498.150,23.990,0.000,,13,25,,
T,2023-05-04 16:02:10,6.26134680,-75.59724709,3.90,1498.260,23.990,0.290,149,13,25,,
T,2023-05-04 16:02:11,6.26134260,-75.59724422,3.81,1498.345,23.990,0.410,187,13,25,,
T,2023-05-04 16:02:12,6.26134153,-75.59724105,3.83,1498.332,23.990,0.000,,12,25,,
T,2023-05-04 16:02:13,6.26134138,-75.59724021,3.80,1498.332,23.990,0.000,,13,25,,
T,2023-05-04 16:02:14,6.26132927,-75.59723766,3.87,1497.803,23.990,1.500,166,13,25,,
T,2023-05-04 16:02:15,6.26130283,-75.59722952,4.18,1498.094,23.990,3.330,167,13,25,,
T,2023-05-04 16:02:16,6.26125040,-75.59723035,4.18,1497.226,23.990,5.210,182,13,25,,
T,2023-05-04 16:02:17,6.26118830,-75.59723878,4.21,1497.042,23.990,6.320,186,13,25,,
T,2023-05-04 16:02:18,6.26112485,-75.59724817,4.33,1497.137,23.990,6.510,188,14,25,,
T,2023-05-04 16:02:19,6.26106601,-75.59726154,4.41,1497.378,23.990,6.210,192,13,25,,
T,2023-05-04 16:02:20,6.26100069,-75.59730351,5.03,1498.779,23.991,5.230,203,13,25,,
T,2023-05-04 16:02:21,6.26096218,-75.59733195,5.48,1499.342,23.991,4.730,217,13,25,,
T,2023-05-04 16:02:22,6.26093676,-75.59735432,5.77,1499.361,23.991,3.920,222,12,25,,
T,2023-05-04 16:02:23,6.26091535,-75.59736937,6.58,1499.345,23.991,3.120,228,9,25,,
T,2023-05-04 16:02:24,6.26089376,-75.59741087,8.03,1499.955,23.992,3.530,239,11,25,,
T,2023-05-04 16:02:25,6.26090053,-75.59746536,7.87,1499.741,23.992,4.850,268,12,25,,
T,2023-05-04 16:02:26,6.26091267,-75.59752041,8.66,1499.214,23.992,5.140,272,12,25,,
T,2023-05-04 16:02:27,6.26093985,-75.59754529,10.17,1498.734,23.992,4.730,281,12,25,,
T,2023-05-04 16:02:28,6.26097044,-75.59760394,11.32,1496.999,23.992,6.220,287,12,25,,
T,2023-05-04 16:02:29,6.26097723,-75.59765851,12.32,1496.776,23.993,5.820,284,12,25,,
T,2023-05-04 16:02:30,6.26101403,-75.59769387,10.49,1495.708,23.993,5.410,290,12,25,,
T,2023-05-04 16:02:31,6.26101112,-75.59776595,9.37,1495.804,23.993,5.470,286,12,25,,
T,2023-05-04 16:02:32,6.26102575,-75.59782984,9.62,1496.128,23.993,5.560,289,12,25,,
T,2023-05-04 16:02:33,6.26103063,-75.59789077,9.85,1496.611,23.994,5.890,281,12,25,,
T,2023-05-04 16:02:34,6.26105005,-75.59795016,11.10,1496.803,23.994,6.110,276,12,25,,
T,2023-05-04 16:02:35,6.26109361,-75.59801083,13.17,1496.710,23.994,6.490,289,12,25,,
T,2023-05-04 16:02:36,6.26105198,-75.59806707,12.93,1496.568,23.995,5.760,272,12,25,,
T,2023-05-04 16:02:37,6.26105429,-75.59811274,13.73,1496.946,23.995,5.650,276,11,25,,
T,2023-05-04 16:02:38,6.26110553,-75.59799656,14.30,1495.397,23.994,2.670,348,12,25,,
T,2023-05-04 16:02:39,6.26112446,-75.59804676,14.45,1496.031,23.994,3.270,310,13,25,,
T,2023-05-04 16:02:40,6.26117140,-75.59800713,13.47,1497.445,23.994,3.080,339,13,25,,
T,2023-05-04 16:02:41,6.26122150,-75.59800586,11.76,1496.965,23.994,4.200,3,13,25,,
T,2023-05-04 16:02:42,6.26127158,-75.59804370,12.84,1497.422,23.994,4.860,358,13,25,,
T,2023-05-04 16:02:43,6.26135355,-75.59806986,14.03,1498.046,23.994,5.740,358,13,25,,
T,2023-05-04 16:02:44,6.26140852,-75.59801309,11.69,1498.386,23.993,5.100,12,11,25,,
T,2023-05-04 16:02:45,6.26146625,-75.59802268,11.70,1499.520,23.993,5.090,8,11,25,,
T,2023-05-04 16:02:46,6.26151608,-75.59800926,11.32,1499.241,23.993,4.940,16,12,25,,
T,2023-05-04 16:02:47,6.26157726,-75.59797365,11.51,1500.484,23.993,5.280,26,12,25,,
T,2023-05-04 16:02:48,6.26161784,-75.59792180,11.61,1498.852,23.993,5.990,24,11,25,,
T,2023-05-04 16:02:49,6.26169096,-75.59791698,10.34,1498.143,23.992,6.680,28,11,25,,
T,2023-05-04 16:02:50,6.26176867,-75.59788794,10.24,1497.187,23.992,7.420,25,11,25,,
T,2023-05-04 16:02:51,6.26187920,-75.59786988,11.34,1497.040,23.992,8.520,22,11,25,,
T,2023-05-04 16:02:52,6.26190456,-75.59787650,13.26,1496.636,23.992,7.250,20,10,25,,
T,2023-05-04 16:02:53,6.26197304,-75.59784359,14.73,1496.391,23.991,7.540,19,11,25,,
T,2023-05-04 16:02:54,6.26206288,-75.59782593,12.54,1495.087,23.991,8.430,14,12,25,,
T,2023-05-04 16:02:55,6.26214902,-75.59782661,12.91,1495.556,23.991,8.390,16,12,25,,
T,2023-05-04 16:02:56,6.26223115,-75.59779872,12.72,1495.830,23.990,7.960,18,12,25,,
T,2023-05-04 16:02:57,6.26230257,-75.59779059,14.16,1495.920,23.990,7.850,16,12,25,,
T,2023-05-04 16:02:58,6.26237925,-75.59778015,15.98,1495.380,23.990,7.830,13,12,25,,
T,2023-05-04 16:02:59,6.26245188,-75.59775488,17.23,1495.828,23.990,7.600,20,12,25,,
T,2023-05-04 16:03:00,6.26250777,-75.59774714,18.73,1497.433,23.990,7.150,16,10,25,,
T,2023-05-04 16:03:01,6.26262434,-75.59767744,18.10,1496.485,23.989,8.500,21,10,25,,
T,2023-05-04 16:03:02,6.26264951,-75.59767630,15.43,1495.186,23.989,6.950,9,10,25,,
T,2023-05-04 16:03:03,6.26271716,-75.59769415,15.48,1494.529,23.989,8.120,11,10,25,,
T,2023-05-04 16:03:04,6.26281739,-75.59766701,15.36,1495.578,23.988,9.450,15,11,25,,
T,2023-05-04 16:03:05,6.26286714,-75.59764872,15.67,1493.202,23.988,9.070,16,11,25,,
T,2023-05-04 16:03:06,6.26291207,-75.59761949,15.12,1492.659,23.988,8.480,12,13,25,,
T,2023-05-04 16:03:07,6.26299960,-75.59759960,15.13,1493.302,23.988,9.200,12,13,25,,
T,2023-05-04 16:03:08,6.26311398,-75.59758393,15.04,1492.662,23.987,9.710,11,13,25,,
T,2023-05-04 16:03:09,6.26322178,-75.59756076,15.58,1493.749,23.987,9.850,12,13,25,,
T,2023-05-04 16:03:10,6.26330502,-75.59754193,15.74,1493.423,23.987,9.670,14,12,25,,
T,2023-05-04 16:03:11,6.26335897,-75.59753925,14.89,1492.633,23.987,7.870,12,12,25,,
T,2023-05-04 16:03:12,6.26342288,-75.59753265,13.97,1493.962,23.986,7.320,16,10,25,,
T,2023-05-04 16:03:13,6.26344783,-75.59751514,13.37,1493.631,23.986,5.650,21,10,25,,
T,2023-05-04 16:03:14,6.26349305,-75.59749752,13.87,1494.972,23.986,5.040,28,10,25,,
T,2023-05-04 16:03:15,6.26353203,-75.59749118,13.89,1495.430,23.986,4.450,21,11,25,,
T,2023-05-04 16:03:16,6.26354153,-75.59748907,13.87,1495.328,23.986,2.900,25,10,25,,
T,2023-05-04 16:03:17,6.26353114,-75.59746744,12.93,1494.275,23.986,2.110,57,11,25,,
T,2023-05-04 16:03:18,6.26354190,-75.59745773,12.22,1494.182,23.986,1.180,67,10,25,,
T,2023-05-04 16:03:19,6.26355398,-75.59744468,11.63,1495.146,23.986,1.270,74,11,25,,
T,2023-05-04 16:03:20,6.26355620,-75.59743492,10.99,1497.489,23.986,0.660,114,12,25,,
T,2023-05-04 16:03:21,6.26355283,-75.59742825,10.85,1500.791,23.986,0.660,101,12,25,,
T,2023-05-04 16:03:22,6.26354967,-75.59741759,10.98,1500.849,23.985,0.760,90,13,25,,
T,2023-05-04 16:03:23,6.26354798,-75.59741547,10.75,1499.604,23.985,0.240,88,13,24,,
T,2023-05-04 16:03:24,6.26354695,-75.59741317,11.23,1499.680,23.985,0.150,94,13,25,,
T,2023-05-04 16:03:25,6.26355808,-75.59740924,11.05,1499.516,23.985,0.000,,13,25,,
T,2023-05-04 16:03:26,6.26356124,-75.59741145,11.28,1499.915,23.985,0.000,,12,25,,
T,2023-05-04 16:03:27,6.26356271,-75.59740987,11.26,1500.175,23.985,0.000,,12,25,,
T,2023-05-04 16:03:28,6.26356312,-75.59740870,10.89,1499.773,23.985,0.000,,12,25,,
T,2023-05-04 16:03:29,6.26356247,-75.59741131,10.69,1500.273,23.985,0.000,,12,25,,
T,2023-05-04 16:03:30,6.26356292,-75.59741006,10.52,1501.306,23.985,0.000,,12,25,,
T,2023-05-04 16:03:31,6.26355799,-75.59740646,10.49,1501.836,23.985,0.000,,12,25,,
T,2023-05-04 16:03:32,6.26355682,-75.59741153,10.47,1501.397,23.985,0.000,,12,25,,
T,2023-05-04 16:03:33,6.26355530,-75.59741019,10.31,1501.934,23.985,0.000,,12,25,,
T,2023-05-04 16:03:34,6.26355415,-75.59741132,10.26,1501.342,23.985,0.000,,12,25,,
T,2023-05-04 16:03:35,6.26355180,-75.59741434,10.18,1500.962,23.985,0.000,,12,25,,
T,2023-05-04 16:03:36,6.26355150,-75.59741636,10.25,1500.577,23.985,0.000,,12,25,,
T,2023-05-04 16:03:37,6.26355175,-75.59741725,10.22,1500.379,23.985,0.000,,12,25,,
T,2023-05-04 16:03:38,6.26355122,-75.59741760,10.22,1500.311,23.985,0.000,,12,25,,
T,2023-05-04 16:03:39,6.26355080,-75.59741805,10.14,1500.249,23.985,0.000,,12,25,,
T,2023-05-04 16:03:40,6.26355129,-75.59741741,10.02,1500.431,23.985,0.000,,12,24,,
T,2023-05-04 16:03:41,6.26355142,-75.59741727,9.96,1500.429,23.985,0.000,,12,25,,
T,2023-05-04 16:03:42,6.26355136,-75.59741758,10.07,1500.384,23.985,0.000,,12,25,,
T,2023-05-04 16:03:43,6.26355125,-75.59741762,10.04,1500.390,23.985,0.000,,12,25,,
T,2023-05-04 16:03:44,6.26355132,-75.59741760,10.15,1500.391,23.985,0.000,,12,25,,
T,2023-05-04 16:03:45,6.26355133,-75.59741758,10.60,1500.394,23.985,0.000,,12,25,,
T,2023-05-04 16:03:46,6.26355137,-75.59741750,11.23,1500.386,23.985,0.000,,12,25,,
T,2023-05-04 16:03:47,6.26355143,-75.59741728,11.33,1500.403,23.985,0.000,,12,25,,
T,2023-05-04 16:03:48,6.26354435,-75.59736282,12.14,1501.223,23.985,3.990,87,12,25,,
T,2023-05-04 16:03:49,6.26354735,-75.59732851,10.92,1502.191,23.985,2.830,87,11,25,,
T,2023-05-04 16:03:50,6.26354500,-75.59728559,10.91,1500.987,23.985,3.040,82,10,25,,
T,2023-05-04 16:03:51,6.26353951,-75.59723773,11.06,1499.668,23.985,3.230,93,10,25,,
T,2023-05-04 16:03:52,6.26353204,-75.59719356,11.48,1501.133,23.984,3.440,103,11,25,,
T,2023-05-04 16:03:53,6.26351975,-75.59714503,11.69,1500.567,23.984,3.820,107,10,25,,
T,2023-05-04 16:03:54,6.26350227,-75.59710048,12.41,1500.218,23.984,3.800,111,10,25,,
T,2023-05-04 16:03:55,6.26347275,-75.59706457,12.71,1498.496,23.984,3.530,120,11,25,,
T,2023-05-04 16:03:56,6.26345000,-75.59703853,12.62,1501.151,23.984,2.820,119,10,25,,
T,2023-05-04 16:03:57,6.26341926,-75.59700979,11.82,1502.218,23.984,2.820,124,11,25,,
T,2023-05-04 16:03:58,6.26340096,-75.59699444,11.01,1502.741,23.984,1.940,132,10,25,,
T,2023-05-04 16:03:59,6.26337702,-75.59697954,10.92,1502.008,23.984,2.230,137,12,25,,
T,2023-05-04 16:04:00,6.26335063,-75.59695639,10.77,1503.615,23.984,3.750,130,12,25,,
T,2023-05-04 16:04:01,6.26333538,-75.59692458,10.74,1503.055,23.983,4.080,115,11,25,,
T,2023-05-04 16:04:02,6.26331651,-75.59688589,10.98,1502.447,23.983,4.650,114,11,25,,
T,2023-05-04 16:04:03,6.26330121,-75.59683380,11.07,1503.278,23.983,5.570,108,11,25,,
T,2023-05-04 16:04:04,6.26327196,-75.59677998,11.52,1502.324,23.983,6.120,93,11,25,,
T,2023-05-04 16:04:05,6.26329726,-75.59672737,12.07,1506.554,23.982,6.550,78,11,25,,
T,2023-05-04 16:04:06,6.26330120,-75.59665804,13.35,1506.769,23.982,6.640,65,10,25,,
T,2023-05-04 16:04:07,6.26332305,-75.59659794,13.76,1506.111,23.982,6.610,48,10,25,,
T,2023-05-04 16:04:08,6.26334950,-75.59656718,14.34,1505.711,23.982,5.650,29,10,25,,
T,2023-05-04 16:04:09,6.26337544,-75.59653407,14.97,1504.944,23.981,5.190,16,11,25,,
T,2023-05-04 16:04:10,6.26345017,-75.59648347,15.20,1505.119,23.981,5.560,7,12,25,,
T,2023-05-04 16:04:11,6.26359500,-75.59649807,13.45,1505.624,23.981,7.500,351,12,25,,
T,2023-05-04 16:04:12,6.26376555,-75.59653841,12.50,1505.706,23.980,10.500,342,10,25,,
T,2023-05-04 16:04:13,6.26386352,-75.59655133,12.37,1505.829,23.980,10.650,341,11,24,,
T,2023-05-04 16:04:14,6.26396644,-75.59657642,12.43,1505.207,23.980,10.630,347,10,25,,
T,2023-05-04 16:04:15,6.26406466,-75.59654049,12.63,1503.812,23.980,10.110,6,10,25,,
T,2023-05-04 16:04:16,6.26417165,-75.59650083,13.41,1503.114,23.979,10.890,13,11,25,,
T,2023-05-04 16:04:17,6.26431405,-75.59648935,13.09,1503.815,23.979,12.020,13,11,25,,
T,2023-05-04 16:04:18,6.26439521,-75.59646002,12.85,1501.430,23.979,12.040,17,12,25,,
T,2023-05-04 16:04:19,6.26451930,-75.59645014,12.32,1502.672,23.978,12.940,15,12,25,,
T,2023-05-04 16:04:20,6.26464919,-75.59641273,12.21,1502.021,23.978,12.940,16,12,25,,
T,2023-05-04 16:04:21,6.26478347,-75.59637883,12.24,1501.426,23.977,13.400,15,12,25,,
T,2023-05-04 16:04:22,6.26493338,-75.59635058,12.62,1502.868,23.977,13.890,15,11,25,,
T,2023-05-04 16:04:23,6.26503525,-75.59631677,12.26,1502.485,23.976,13.600,15,11,25,,
T,2023-05-04 16:04:24,6.26513960,-75.59629011,12.96,1499.771,23.976,13.460,14,11,25,,
T,2023-05-04 16:04:25,6.26528942,-75.59626916,12.74,1499.104,23.976,14.660,12,11,24,,
T,2023-05-04 16:04:26,6.26541272,-75.59625237,12.32,1498.632,23.975,14.250,14,11,25,,
T,2023-05-04 16:04:27,6.26554836,-75.59621600,12.87,1498.256,23.975,14.330,13,11,25,,
T,2023-05-04 16:04:28,6.26568811,-75.59620065,13.48,1497.380,23.974,14.580,14,12,26,,
T,2023-05-04 16:04:29,6.26582645,-75.59616606,14.39,1498.296,23.974,14.690,14,12,26,,
T,2023-05-04 16:04:30,6.26590939,-75.59615396,14.11,1498.121,23.973,12.610,14,12,26,,
T,2023-05-04 16:04:31,6.26599025,-75.59613139,13.92,1498.781,23.973,12.040,15,12,26,,
T,2023-05-04 16:04:32,6.26612231,-75.59608713,13.59,1499.557,23.973,12.360,13,12,26,,
T,2023-05-04 16:04:33,6.26622966,-75.59605979,13.69,1501.645,23.972,12.450,14,12,26,,
T,2023-05-04 16:04:34,6.26633065,-75.59601543,13.46,1503.124,23.972,12.870,11,12,26,,
T,2023-05-04 16:04:35,6.26646112,-75.59598275,13.28,1502.660,23.971,13.260,12,11,26,,
T,2023-05-04 16:04:36,6.26656902,-75.59598628,13.66,1501.809,23.971,12.890,14,12,26,,
T,2023-05-04 16:04:37,6.26668470,-75.59598704,13.27,1503.271,23.971,12.430,13,12,26,,
T,2023-05-04 16:04:38,6.26676714,-75.59595576,13.85,1502.971,23.970,11.710,16,12,26,,
T,2023-05-04 16:04:39,6.26690103,-75.59592384,14.09,1502.832,23.970,12.370,15,12,26,,
T,2023-05-04 16:04:40,6.26705352,-75.59588243,13.96,1502.974,23.969,13.340,14,12,26,,
T,2023-05-04 16:04:41,6.26720285,-75.59584332,14.37,1502.030,23.969,14.180,15,12,26,,
T,2023-05-04 16:04:42,6.26729859,-75.59582593,13.69,1502.260,23.969,13.230,13,11,26,,
T,2023-05-04 16:04:43,6.26740251,-75.59580212,12.41,1504.986,23.968,12.280,14,12,26,,
T,2023-05-04 16:04:44,6.26748340,-75.59577263,12.50,1505.230,23.968,12.150,9,13,26,,
T,2023-05-04 16:04:45,6.26755461,-75.59576237,12.49,1506.796,23.968,11.320,12,13,26,,
T,2023-05-04 16:04:46,6.26763341,-75.59573557,12.45,1505.837,23.967,10.090,16,13,26,,
T,2023-05-04 16:04:47,6.26772691,-75.59570331,13.14,1506.452,23.967,9.900,15,13,26,,
T,2023-05-04 16:04:48,6.26779037,-75.59569326,13.03,1506.226,23.967,8.620,16,13,26,,
T,2023-05-04 16:04:49,6.26787882,-75.59568166,13.31,1506.071,23.967,9.000,16,12,26,,
T,2023-05-04 16:04:50,6.26797370,-75.59566375,13.55,1506.125,23.966,9.370,15,11,26,,
T,2023-05-04 16:04:51,6.26803034,-75.59562452,14.05,1508.048,23.966,8.820,18,11,26,,
T,2023-05-04 16:04:52,6.26803803,-75.59563520,14.63,1510.597,23.966,6.560,17,11,26,,
T,2023-05-04 16:04:53,6.26805796,-75.59562707,14.04,1510.047,23.966,5.510,15,11,26,,
T,2023-05-04 16:04:54,6.26805982,-75.59560613,13.54,1510.063,23.966,4.320,21,12,26,,
T,2023-05-04 16:04:55,6.26811289,-75.59558819,14.53,1510.352,23.965,5.040,17,12,26,,
T,2023-05-04 16:04:56,6.26813108,-75.59558521,14.27,1510.473,23.965,4.490,19,12,26,,
T,2023-05-04 16:04:57,6.26816393,-75.59558164,13.48,1510.092,23.965,2.840,16,12,26,,
T,2023-05-04 16:04:58,6.26821440,-75.59558535,13.56,1510.442,23.965,3.250,15,12,26,,
T,2023-05-04 16:04:59,6.26824324,-75.59556814,13.77,1509.569,23.965,3.240,17,12,26,,
T,2023-05-04 16:05:00,6.26830342,-75.59557164,13.98,1508.979,23.965,3.750,17,11,26,,
T,2023-05-04 16:05:01,6.26836577,-75.59555328,13.58,1509.428,23.965,4.120,16,11,26,,
T,2023-05-04 16:05:02,6.26840340,-75.59554033,12.80,1507.741,23.965,2.280,17,11,26,,
T,2023-05-04 16:05:03,6.26841576,-75.59552177,12.44,1508.272,23.964,1.550,16,10,26,,
T,2023-05-04 16:05:04,6.26842782,-75.59551540,12.42,1507.602,23.964,1.040,21,10,26,,
T,2023-05-04 16:05:05,6.26843807,-75.59551833,12.26,1507.706,23.964,0.290,13,10,26,,
T,2023-05-04 16:05:06,6.26844361,-75.59552026,12.04,1507.661,23.964,0.190,17,11,26,,
T,2023-05-04 16:05:07,6.26845562,-75.59552317,12.13,1508.315,23.964,0.690,19,12,26,,
T,2023-05-04 16:05:08,6.26846832,-75.59552196,12.41,1507.906,23.964,0.900,18,12,26,,
T,2023-05-04 16:05:09,6.26848368,-75.59551585,12.00,1509.514,23.964,1.400,19,12,26,,
T,2023-05-04 16:05:10,6.26849497,-75.59551213,12.10,1510.715,23.964,1.290,16,12,26,,
T,2023-05-04 16:05:11,6.26851140,-75.59550161,12.36,1510.538,23.964,1.930,15,12,26,,
T,2023-05-04 16:05:12,6.26855060,-75.59548666,12.50,1510.578,23.964,3.470,19,12,26,,
T,2023-05-04 16:05:13,6.26859647,-75.59547049,13.40,1511.047,23.964,4.180,17,12,26,,
T,2023-05-04 16:05:14,6.26869699,-75.59542166,13.62,1511.402,23.963,5.820,20,12,26,,
T,2023-05-04 16:05:15,6.26874227,-75.59544207,14.16,1510.717,23.963,5.390,17,11,26,,
T,2023-05-04 16:05:16,6.26882512,-75.59543489,13.93,1510.535,23.963,6.450,13,10,26,,
T,2023-05-04 16:05:17,6.26891099,-75.59542271,13.52,1509.719,23.963,7.220,13,11,26,,
T,2023-05-04 16:05:18,6.26903028,-75.59539701,12.77,1511.142,23.962,8.840,15,11,26,,
T,2023-05-04 16:05:19,6.26914227,-75.59537238,13.28,1510.735,23.962,9.770,16,12,26,,
T,2023-05-04 16:05:20,6.26923076,-75.59538893,13.59,1512.388,23.962,9.700,9,12,26,,
T,2023-05-04 16:05:21,6.26928871,-75.59535390,13.51,1512.414,23.962,9.170,16,12,26,,
T,2023-05-04 16:05:22,6.26938123,-75.59535911,12.76,1512.780,23.961,8.960,14,12,26,,
T,2023-05-04 16:05:23,6.26949676,-75.59533072,12.64,1513.443,23.961,9.550,13,11,26,,
T,2023-05-04 16:05:24,6.26960398,-75.59531382,13.24,1512.961,23.961,10.270,13,11,26,,
T,2023-05-04 16:05:25,6.26969813,-75.59532687,12.44,1514.180,23.960,10.220,11,11,26,,
T,2023-05-04 16:05:26,6.26979706,-75.59531501,12.03,1515.495,23.960,10.410,12,11,26,,
T,2023-05-04 16:05:27,6.26993356,-75.59527522,11.62,1516.279,23.960,11.560,13,11,26,,
T,2023-05-04 16:05:28,6.27003668,-75.59526592,11.55,1516.862,23.959,12.010,12,11,26,,
T,2023-05-04 16:05:29,6.27014879,-75.59523275,11.37,1515.536,23.959,12.130,13,12,26,,
T,2023-05-04 16:05:30,6.27025593,-75.59519975,11.59,1516.167,23.959,11.950,13,11,26,,
T,2023-05-04 16:05:31,6.27031153,-75.59516729,12.37,1515.287,23.958,10.770,16,11,26,,
T,2023-05-04 16:05:32,6.27040061,-75.59513659,13.03,1515.979,23.958,10.600,16,11,26,,
T,2023-05-04 16:05:33,6.27047934,-75.59511467,13.33,1516.351,23.958,10.320,17,11,26,,
T,2023-05-04 16:05:34,6.27057969,-75.59512403,14.01,1515.004,23.957,10.470,16,12,26,,
T,2023-05-04 16:05:35,6.27067167,-75.59509492,14.54,1515.498,23.957,10.610,18,12,26,,
T,2023-05-04 16:05:36,6.27075122,-75.59503691,13.97,1516.420,23.957,10.990,25,12,26,,
T,2023-05-04 16:05:37,6.27086433,-75.59498145,13.54,1515.091,23.956,11.920,31,11,26,,
T,2023-05-04 16:05:38,6.27098843,-75.59490994,12.97,1515.684,23.955,12.770,36,11,26,,
T,2023-05-04 16:05:39,6.27111489,-75.59482879,12.77,1514.717,23.955,13.560,42,10,26,,
T,2023-05-04 16:05:40,6.27120536,-75.59474327,13.33,1515.750,23.954,13.910,44,10,26,,
T,2023-05-04 16:05:41,6.27131589,-75.59463769,12.82,1517.366,23.953,14.480,46,10,26,,
T,2023-05-04 16:05:42,6.27140835,-75.59453994,13.15,1516.650,23.952,14.560,47,10,26,,
T,2023-05-04 16:05:43,6.27148791,-75.59442747,14.41,1517.973,23.952,14.640,48,11,26,,
T,2023-05-04 16:05:44,6.27156815,-75.59432727,14.66,1518.711,23.951,14.880,48,12,26,,
T,2023-05-04 16:05:45,6.27167361,-75.59422566,15.34,1518.711,23.950,15.230,49,11,26,,
T,2023-05-04 16:05:46,6.27179952,-75.59411083,15.57,1519.021,23.949,16.060,48,11,26,,
T,2023-05-04 16:05:47,6.27192288,-75.59399902,14.73,1517.803,23.948,16.480,47,12,26,,
T,2023-05-04 16:05:48,6.27203920,-75.59390293,14.04,1518.049,23.948,16.470,45,12,26,,
T,2023-05-04 16:05:49,6.27213189,-75.59382716,13.48,1519.745,23.947,15.010,40,12,26,,
T,2023-05-04 16:05:50,6.27224606,-75.59374326,12.78,1519.485,23.946,14.470,37,12,26,,
T,2023-05-04 16:05:51,6.27234151,-75.59366892,12.49,1520.115,23.946,13.810,33,12,26,,
T,2023-05-04 16:05:52,6.27240209,-75.59357706,12.42,1519.738,23.945,13.260,32,13,26,,
T,2023-05-04 16:05:53,6.27246817,-75.59351383,12.31,1519.296,23.945,12.610,28,13,26,,
T,2023-05-04 16:05:54,6.27259172,-75.59346291,12.06,1518.542,23.944,12.460,27,12,26,,
T,2023-05-04 16:05:55,6.27269789,-75.59341965,12.16,1518.699,23.944,12.180,27,11,26,,
T,2023-05-04 16:05:56,6.27279307,-75.59337786,12.01,1519.414,23.943,11.430,29,11,26,,
T,2023-05-04 16:05:57,6.27287358,-75.59334556,12.56,1520.902,23.943,10.280,27,11,26,,
T,2023-05-04 16:05:58,6.27295497,-75.59332249,12.00,1521.145,23.943,9.310,28,11,26,,
T,2023-05-04 16:05:59,6.27298646,-75.59330452,11.84,1520.890,23.942,8.010,24,11,26,,
T,2023-05-04 16:06:00,6.27304302,-75.59327665,11.57,1522.241,23.942,7.130,27,12,26,,
T,2023-05-04 16:06:01,6.27309520,-75.59325789,12.06,1523.577,23.942,6.480,27,12,26,,
T,2023-05-04 16:06:02,6.27316343,-75.59323108,12.07,1523.656,23.942,6.040,23,12,26,,
T,2023-05-04 16:06:03,6.27318340,-75.59319532,12.27,1523.432,23.941,5.080,28,12,26,,
T,2023-05-04 16:06:04,6.27320169,-75.59317799,12.11,1521.728,23.941,3.050,26,13,26,,
T,2023-05-04 16:06:05,6.27321946,-75.59316761,12.11,1521.406,23.941,2.560,23,13,26,,
T,2023-05-04 16:06:06,6.27321623,-75.59316842,11.46,1521.813,23.941,0.360,26,13,26,,
T,2023-05-04 16:06:07,6.27321851,-75.59314263,11.03,1522.253,23.941,0.350,25,12,26,,
T,2023-05-04 16:06:08,6.27318670,-75.59312664,10.98,1519.772,23.941,0.000,,13,26,,
T,2023-05-04 16:06:09,6.27318187,-75.59312088,11.02,1518.802,23.941,0.000,,13,26,,
T,2023-05-04 16:06:10,6.27318693,-75.59311700,11.17,1519.823,23.941,0.180,30,13,26,,
T,2023-05-04 16:06:11,6.27319368,-75.59311009,11.33,1517.969,23.941,0.280,30,13,26,,
T,2023-05-04 16:06:12,6.27320201,-75.59310396,11.44,1517.027,23.941,0.240,30,13,26,,
T,2023-05-04 16:06:13,6.27321118,-75.59310035,11.59,1518.145,23.941,0.360,29,13,26,,
T,2023-05-04 16:06:14,6.27322554,-75.59309808,11.30,1518.948,23.941,0.000,,13,26,,
T,2023-05-04 16:06:15,6.27323231,-75.59309560,11.02,1518.897,23.941,0.000,,13,26,,
T,2023-05-04 16:06:16,6.27323503,-75.59309949,10.87,1519.091,23.941,0.000,,13,26,,
T,2023-05-04 16:06:17,6.27323525,-75.59310132,10.90,1519.416,23.941,0.000,,12,26,,
T,2023-05-04 16:06:18,6.27323370,-75.59310112,10.97,1519.844,23.941,0.000,,12,26,,
T,2023-05-04 16:06:19,6.27323132,-75.59309843,10.89,1519.793,23.941,0.000,,12,26,,
T,2023-05-04 16:06:20,6.27322796,-75.59309670,11.05,1520.242,23.941,0.000,,12,26,,
T,2023-05-04 16:06:21,6.27322842,-75.59309407,11.27,1520.275,23.941,0.000,,12,26,,
T,2023-05-04 16:06:22,6.27322765,-75.59309167,11.31,1520.876,23.941,0.000,,12,26,,
T,2023-05-04 16:06:23,6.27322812,-75.59309195,11.22,1520.947,23.941,0.000,,12,26,,
T,2023-05-04 16:06:24,6.27322813,-75.59309165,11.20,1520.971,23.941,0.000,,13,26,,
T,2023-05-04 16:06:25,6.27322856,-75.59309345,11.22,1521.150,23.941,0.000,,13,26,,
T,2023-05-04 16:06:26,6.27322843,-75.59309418,11.05,1521.169,23.941,0.000,,13,26,,
T,2023-05-04 16:06:27,6.27322825,-75.59309648,10.94,1521.142,23.941,0.000,,13,26,,
T,2023-05-04 16:06:28,6.27322896,-75.59309634,11.09,1521.396,23.941,0.000,,13,26,,
T,2023-05-04 16:06:29,6.27322933,-75.59309703,11.44,1521.390,23.941,0.000,,13,26,,
T,2023-05-04 16:06:30,6.27322987,-75.59309729,11.61,1521.467,23.941,0.000,,12,26,,
T,2023-05-04 16:06:31,6.27323000,-75.59309747,11.62,1521.473,23.941,0.000,,12,26,,
T,2023-05-04 16:06:32,6.27322999,-75.59309759,11.37,1521.463,23.941,0.000,,12,26,,
T,2023-05-04 16:06:33,6.27323000,-75.59309768,11.32,1521.470,23.941,0.000,,11,26,,
T,2023-05-04 16:06:34,6.27323004,-75.59309776,11.31,1521.476,23.941,0.000,,11,26,,
T,2023-05-04 16:06:35,6.27323012,-75.59309782,11.47,1521.482,23.941,0.000,,11,26,,
T,2023-05-04 16:06:36,6.27323019,-75.59309787,11.50,1521.492,23.941,0.000,,12,26,,
T,2023-05-04 16:06:37,6.27323019,-75.59309791,11.24,1521.486,23.941,0.000,,12,26,,
T,2023-05-04 16:06:38,6.27323034,-75.59309797,11.40,1521.524,23.941,0.000,,12,26,,
T,2023-05-04 16:06:39,6.27323038,-75.59309799,11.52,1521.530,23.941,0.000,,13,26,,
T,2023-05-04 16:06:40,6.27323040,-75.59309797,11.57,1521.533,23.941,0.000,,13,26,,
T,2023-05-04 16:06:41,6.27323039,-75.59309796,11.48,1521.539,23.941,0.000,,13,26,,
T,2023-05-04 16:06:42,6.27323039,-75.59309797,11.43,1521.541,23.941,0.000,,12,26,,
T,2023-05-04 16:06:43,6.27323041,-75.59309795,11.28,1521.548,23.941,0.000,,12,26,,
T,2023-05-04 16:06:44,6.27323043,-75.59309790,11.28,1521.552,23.941,0.000,,12,26,,
T,2023-05-04 16:06:45,6.27323058,-75.59309770,11.18,1521.577,23.941,0.000,,11,26,,
T,2023-05-04 16:06:46,6.27323066,-75.59309762,11.33,1521.594,23.941,0.000,,12,26,,
T,2023-05-04 16:06:47,6.27323077,-75.59309753,11.28,1521.610,23.941,0.000,,12,26,,
T,2023-05-04 16:06:48,6.27323101,-75.59309744,11.32,1521.645,23.941,0.000,,12,26,,
T,2023-05-04 16:06:49,6.27325988,-75.59308684,11.56,1522.749,23.941,3.310,26,12,26,,
T,2023-05-04 16:06:50,6.27332323,-75.59304001,11.54,1523.941,23.940,5.410,29,12,26,,
T,2023-05-04 16:06:51,6.27339556,-75.59300201,11.62,1523.709,23.940,7.130,30,13,26,,
T,2023-05-04 16:06:52,6.27346888,-75.59296530,11.60,1524.689,23.940,7.730,31,13,26,,
T,2023-05-04 16:06:53,6.27355584,-75.59293794,11.82,1524.560,23.939,9.040,28,13,26,,
T,2023-05-04 16:06:54,6.27362812,-75.59287732,12.16,1524.660,23.939,9.850,36,13,26,,
T,2023-05-04 16:06:55,6.27367631,-75.59278495,11.87,1526.294,23.938,10.520,49,13,26,,
T,2023-05-04 16:06:56,6.27375189,-75.59270631,11.54,1528.936,23.938,11.020,55,13,26,,
T,2023-05-04 16:06:57,6.27381133,-75.59262111,11.65,1530.032,23.937,11.720,63,12,26,,
T,2023-05-04 16:06:58,6.27386837,-75.59253293,12.39,1532.089,23.936,11.670,70,12,26,,
T,2023-05-04 16:06:59,6.27389027,-75.59242403,13.43,1531.814,23.936,11.700,81,12,26,,
T,2023-05-04 16:07:00,6.27391948,-75.59231197,13.73,1532.267,23.935,12.050,89,12,26,,
T,2023-05-04 16:07:01,6.27389122,-75.59221417,13.25,1533.069,23.935,11.870,98,12,26,,
T,2023-05-04 16:07:02,6.27387759,-75.59208046,12.98,1532.695,23.934,12.790,103,12,26,,
T,2023-05-04 16:07:03,6.27384433,-75.59195168,13.14,1531.849,23.933,13.460,102,13,26,,
T,2023-05-04 16:07:04,6.27380299,-75.59180880,12.83,1531.957,23.933,14.110,102,13,26,,
T,2023-05-04 16:07:05,6.27379897,-75.59167694,12.43,1531.394,23.932,14.240,101,12,26,,
T,2023-05-04 16:07:06,6.27377139,-75.59154866,12.83,1531.705,23.932,14.180,99,12,25,,
T,2023-05-04 16:07:07,6.27379031,-75.59144703,13.64,1530.231,23.931,13.310,92,12,26,,
T,2023-05-04 16:07:08,6.27377536,-75.59132785,14.36,1529.649,23.930,13.360,87,12,26,,
T,2023-05-04 16:07:09,6.27378332,-75.59119421,14.85,1529.654,23.930,13.680,81,12,26,,
T,2023-05-04 16:07:10,6.27378462,-75.59108123,15.54,1531.703,23.929,13.350,74,12,26,,
T,2023-05-04 16:07:11,6.27379757,-75.59098358,16.29,1531.321,23.929,12.750,68,12,26,,
T,2023-05-04 16:07:12,6.27384243,-75.59092492,17.01,1530.267,23.928,11.400,60,12,26,,
T,2023-05-04 16:07:13,6.27395717,-75.59077736,14.93,1529.818,23.927,14.030,50,12,26,,
T,2023-05-04 16:07:14,6.27405892,-75.59064777,15.24,1529.051,23.926,14.590,45,11,26,,
T,2023-05-04 16:07:15,6.27418808,-75.59053111,15.27,1530.295,23.925,15.020,35,11,26,,
T,2023-05-04 16:07:16,6.27430175,-75.59043460,15.04,1530.459,23.925,14.720,28,11,26,,
T,2023-05-04 16:07:17,6.27447311,-75.59040729,14.19,1532.319,23.924,13.790,19,11,26,,
T,2023-05-04 16:07:18,6.27459538,-75.59036788,14.49,1533.102,23.923,13.030,9,12,26,,
T,2023-05-04 16:07:19,6.27474251,-75.59037032,13.71,1532.841,23.923,13.280,2,12,26,,
T,2023-05-04 16:07:20,6.27488569,-75.59036859,12.95,1535.109,23.923,14.070,356,13,26,,
T,2023-05-04 16:07:21,6.27500447,-75.59036529,12.32,1535.200,23.923,13.700,352,13,26,,
T,2023-05-04 16:07:22,6.27512359,-75.59038785,11.96,1536.443,23.922,13.360,350,13,26,,
T,2023-05-04 16:07:23,6.27524840,-75.59040316,11.61,1535.302,23.922,13.170,355,13,26,,
T,2023-05-04 16:07:24,6.27536394,-75.59040802,11.43,1536.865,23.922,12.970,1,13,26,,
T,2023-05-04 16:07:25,6.27546383,-75.59038622,11.40,1536.391,23.922,13.180,8,13,26,,
T,2023-05-04 16:07:26,6.27556032,-75.59035617,11.39,1538.351,23.921,12.930,14,13,26,,
T,2023-05-04 16:07:27,6.27566644,-75.59032895,11.46,1540.317,23.921,12.000,23,13,26,,
T,2023-05-04 16:07:28,6.27576930,-75.59028630,11.93,1542.009,23.920,11.470,29,13,26,,
T,2023-05-04 16:07:29,6.27585797,-75.59024563,12.31,1543.123,23.920,10.760,35,13,26,,
T,2023-05-04 16:07:30,6.27592581,-75.59019184,12.37,1542.866,23.920,9.400,48,12,26,,
T,2023-05-04 16:07:31,6.27598249,-75.59014654,12.61,1543.383,23.919,8.720,64,12,26,,
T,2023-05-04 16:07:32,6.27603721,-75.59009044,13.09,1543.797,23.919,8.310,72,13,26,,
T,2023-05-04 16:07:33,6.27604140,-75.58998426,12.18,1543.413,23.918,9.870,72,13,26,,
T,2023-05-04 16:07:34,6.27604758,-75.58990894,12.12,1543.443,23.918,9.960,75,13,26,,
T,2023-05-04 16:07:35,6.27608149,-75.58980962,12.07,1543.127,23.917,11.000,77,12,26,,
T,2023-05-04 16:07:36,6.27612215,-75.58970354,11.77,1545.023,23.917,11.960,75,12,26,,
T,2023-05-04 16:07:37,6.27615786,-75.58959629,11.61,1547.172,23.916,11.940,73,11,26,,
T,2023-05-04 16:07:38,6.27619761,-75.58949843,11.64,1547.050,23.915,11.990,74,11,26,,
T,2023-05-04 16:07:39,6.27621462,-75.58939351,12.17,1547.156,23.915,12.130,71,11,26,,
T,2023-05-04 16:07:40,6.27623150,-75.58929683,12.44,1547.060,23.914,11.450,73,11,26,,
T,2023-05-04 16:07:41,6.27626744,-75.58918476,13.15,1549.517,23.913,11.980,75,10,26,,
T,2023-05-04 16:07:42,6.27629285,-75.58908182,12.62,1548.346,23.913,11.210,79,11,26,,
T,2023-05-04 16:07:43,6.27631186,-75.58899349,13.04,1548.280,23.912,11.070,85,12,26,,
T,2023-05-04 16:07:44,6.27632744,-75.58888579,13.78,1550.554,23.912,11.040,86,12,26,,
T,2023-05-04 16:07:45,6.27633295,-75.58877328,14.94,1550.319,23.911,11.330,84,12,26,,
T,2023-05-04 16:07:46,6.27632865,-75.58871532,14.49,1550.370,23.911,9.370,83,12,26,,
T,2023-05-04 16:07:47,6.27635675,-75.58865142,14.37,1549.681,23.911,7.780,83,12,26,,
T,2023-05-04 16:07:48,6.27639320,-75.58858241,14.60,1551.925,23.910,7.100,83,12,26,,
T,2023-05-04 16:07:49,6.27640741,-75.58854157,14.13,1551.799,23.910,6.380,84,12,26,,
T,2023-05-04 16:07:50,6.27641841,-75.58850088,14.55,1553.159,23.910,6.060,87,11,26,,
T,2023-05-04 16:07:51,6.27642644,-75.58844894,15.38,1553.988,23.909,6.210,87,11,26,,
T,2023-05-04 16:07:52,6.27642204,-75.58839243,15.49,1553.627,23.909,6.110,84,11,25,,
T,2023-05-04 16:07:53,6.27642525,-75.58830240,15.58,1553.412,23.909,6.660,86,11,26,,
T,2023-05-04 16:07:54,6.27642406,-75.58832139,15.61,1552.900,23.909,5.060,82,11,26,,
T,2023-05-04 16:07:55,6.27644241,-75.58832143,16.35,1553.160,23.909,4.130,83,10,26,,
T,2023-05-04 16:07:56,6.27647505,-75.58827997,16.46,1553.275,23.908,4.080,83,9,26,,
T,2023-05-04 16:07:57,6.27645095,-75.58827200,15.91,1553.128,23.908,3.630,82,9,26,,
T,2023-05-04 16:07:58,6.27643485,-75.58826101,14.54,1553.574,23.908,3.800,82,10,26,,
T,2023-05-04 16:07:59,6.27642364,-75.58821267,14.47,1553.729,23.908,4.070,85,11,26,,
T,2023-05-04 16:08:00,6.27644140,-75.58818739,14.05,1554.239,23.908,3.910,84,11,26,,
T,2023-05-04 16:08:01,6.27644460,-75.58813942,13.97,1554.145,23.908,4.510,86,10,26,,
T,2023-05-04 16:08:02,6.27644730,-75.58810496,13.85,1553.747,23.907,3.990,82,11,26,,
T,2023-05-04 16:08:03,6.27645082,-75.58805835,12.89,1554.699,23.907,4.260,84,12,26,,
T,2023-05-04 16:08:04,6.27645436,-75.58801640,12.79,1555.920,23.907,3.720,90,12,26,,
T,2023-05-04 16:08:05,6.27645959,-75.58797456,12.98,1554.792,23.907,3.560,89,12,26,,
T,2023-05-04 16:08:06,6.27646072,-75.58793603,13.11,1554.101,23.907,3.830,85,12,26,,
T,2023-05-04 16:08:07,6.27646483,-75.58791107,13.47,1556.785,23.906,3.150,85,12,26,,
T,2023-05-04 16:08:08,6.27647951,-75.58787809,13.26,1558.037,23.906,3.450,86,11,26,,
T,2023-05-04 16:08:09,6.27648248,-75.58785251,13.82,1557.308,23.906,3.320,87,11,26,,
T,2023-05-04 16:08:10,6.27648546,-75.58781392,15.05,1556.910,23.906,3.990,88,11,26,,
T,2023-05-04 16:08:11,6.27648460,-75.58777061,15.63,1556.730,23.906,4.370,86,11,26,,
T,2023-05-04 16:08:12,6.27649543,-75.58777965,17.23,1558.564,23.906,2.100,84,10,26,,
T,2023-05-04 16:08:13,6.27650268,-75.58774146,18.07,1559.019,23.905,3.910,84,10,26,,
T,2023-05-04 16:08:14,6.27649419,-75.58762349,19.32,1558.971,23.905,5.300,88,9,26,,
T,2023-05-04 16:08:15,6.27649270,-75.58754877,19.56,1558.879,23.904,6.000,91,9,26,,
T,2023-05-04 16:08:16,6.27649086,-75.58744350,21.35,1558.526,23.904,6.910,94,8,26,,
T,2023-05-04 16:08:17,6.27646627,-75.58732678,15.81,1559.365,23.903,6.470,96,8,26,,
T,2023-05-04 16:08:18,6.27644655,-75.58726858,15.87,1559.841,23.903,6.210,98,10,26,,
T,2023-05-04 16:08:19,6.27643716,-75.58718524,14.81,1559.825,23.903,6.100,98,11,26,,
T,2023-05-04 16:08:20,6.27642197,-75.58716417,14.50,1560.123,23.903,4.840,99,11,25,,
T,2023-05-04 16:08:21,6.27641814,-75.58707585,14.40,1560.966,23.902,5.160,99,11,26,,
T,2023-05-04 16:08:22,6.27640082,-75.58701259,13.93,1562.128,23.902,5.250,105,11,26,,
T,2023-05-04 16:08:23,6.27640466,-75.58695640,14.56,1562.464,23.902,5.070,105,11,26,,
T,2023-05-04 16:08:24,6.27637767,-75.58685242,15.17,1562.530,23.901,6.170,101,10,26,,
T,2023-05-04 16:08:25,6.27636858,-75.58674770,15.41,1561.240,23.901,7.050,102,11,26,,
T,2023-05-04 16:08:26,6.27635959,-75.58667023,15.08,1560.329,23.900,7.140,100,11,26,,
T,2023-05-04 16:08:27,6.27629564,-75.58656802,15.71,1560.409,23.900,7.740,107,11,26,,
T,2023-05-04 16:08:28,6.27623705,-75.58645963,15.10,1559.749,23.899,8.550,107,11,26,,
T,2023-05-04 16:08:29,6.27627536,-75.58645320,13.94,1559.370,23.899,6.480,102,11,26,,
T,2023-05-04 16:08:30,6.27629837,-75.58647857,14.07,1557.688,23.899,4.180,101,11,26,,
T,2023-05-04 16:08:31,6.27631533,-75.58651552,14.42,1558.188,23.900,2.310,124,11,26,,
T,2023-05-04 16:08:32,6.27634072,-75.58652801,14.75,1559.745,23.900,1.490,148,11,26,,
T,2023-05-04 16:08:33,6.27629426,-75.58651296,15.05,1559.951,23.900,2.230,141,11,26,,
T,2023-05-04 16:08:34,6.27626741,-75.58653371,13.39,1559.567,23.900,2.730,186,11,26,,
T,2023-05-04 16:08:35,6.27624019,-75.58655279,13.16,1558.251,23.900,3.100,196,11,26,,
T,2023-05-04 16:08:36,6.27620770,-75.58656818,12.33,1557.293,23.900,2.890,195,10,26,,
T,2023-05-04 16:08:37,6.27616796,-75.58656185,11.79,1559.188,23.900,3.530,145,12,26,,
T,2023-05-04 16:08:38,6.27612661,-75.58655627,11.67,1560.428,23.900,3.840,148,12,26,,
T,2023-05-04 16:08:39,6.27609188,-75.58655670,11.57,1562.573,23.900,2.720,150,12,26,,
T,2023-05-04 16:08:40,6.27606769,-75.58656080,11.27,1562.502,23.900,2.070,152,12,26,,
T,2023-05-04 16:08:41,6.27606273,-75.58657251,10.86,1562.885,23.900,1.160,148,13,26,,
T,2023-05-04 16:08:42,6.27606190,-75.58658237,10.78,1564.528,23.900,0.200,144,13,26,,
T,2023-05-04 16:08:43,6.27606855,-75.58660390,10.79,1563.606,23.901,0.000,,13,26,,
T,2023-05-04 16:08:44,6.27607297,-75.58661254,10.77,1563.763,23.901,0.000,,13,26,,
T,2023-05-04 16:08:45,6.27607076,-75.58661310,10.77,1564.318,23.901,0.000,,13,26,,
T,2023-05-04 16:08:46,6.27606863,-75.58661132,10.79,1564.433,23.901,0.000,,13,26,,
T,2023-05-04 16:08:47,6.27606617,-75.58660838,10.79,1564.727,23.901,0.000,,13,26,,
T,2023-05-04 16:08:48,6.27606785,-75.58660773,10.91,1564.488,23.901,0.000,,13,26,,
T,2023-05-04 16:08:49,6.27607039,-75.58660532,11.00,1565.031,23.901,0.000,,13,26,,
T,2023-05-04 16:08:50,6.27605303,-75.58660104,10.72,1564.114,23.901,0.750,155,13,26,,
T,2023-05-04 16:08:51,6.27603847,-75.58659971,10.63,1562.809,23.901,0.990,146,13,26,,
T,2023-05-04 16:08:52,6.27602171,-75.58660180,10.72,1559.760,23.901,1.210,152,13,26,,
T,2023-05-04 16:08:53,6.27600555,-75.58660406,10.66,1559.830,23.901,1.540,156,13,26,,
T,2023-05-04 16:08:54,6.27599295,-75.58660139,10.68,1558.059,23.901,1.600,143,13,26,,
T,2023-05-04 16:08:55,6.27597613,-75.58660006,10.82,1558.033,23.901,2.330,137,13,26,,
T,2023-05-04 16:08:56,6.27595941,-75.58659938,10.50,1557.151,23.901,2.300,133,13,26,,
T,2023-05-04 16:08:57,6.27593816,-75.58660275,10.36,1556.968,23.901,2.040,142,13,26,,
T,2023-05-04 16:08:58,6.27591706,-75.58661200,10.27,1556.325,23.901,1.600,168,12,26,,
T,2023-05-04 16:08:59,6.27590273,-75.58662303,10.21,1556.335,23.901,0.810,210,12,26,,
T,2023-05-04 16:09:00,6.27589932,-75.58664044,10.38,1554.079,23.901,0.870,225,11,26,,
T,2023-05-04 16:09:01,6.27589605,-75.58666040,10.60,1552.626,23.901,1.450,224,11,26,,
T,2023-05-04 16:09:02,6.27589725,-75.58668115,10.98,1552.734,23.901,1.520,241,11,26,,
T,2023-05-04 16:09:03,6.27590208,-75.58669999,11.12,1553.120,23.901,1.270,232,11,26,,
T,2023-05-04 16:09:04,6.27591057,-75.58671115,10.82,1553.693,23.901,0.540,206,12,26,,
T,2023-05-04 16:09:05,6.27591626,-75.58671798,11.11,1552.404,23.901,0.530,217,12,26,,
T,2023-05-04 16:09:06,6.27592145,-75.58672685,11.80,1552.603,23.902,0.610,246,12,26,,
T,2023-05-04 16:09:07,6.27592907,-75.58674094,11.63,1551.785,23.902,0.490,244,12,26,,
T,2023-05-04 16:09:08,6.27593705,-75.58675070,11.41,1552.935,23.902,0.340,244,12,26,,
T,2023-05-04 16:09:09,6.27594761,-75.58675830,11.16,1553.352,23.902,0.000,,13,26,,
T,2023-05-04 16:09:10,6.27594892,-75.58675988,11.09,1552.293,23.902,0.000,,12,26,,
T,2023-05-04 16:09:11,6.27595295,-75.58675497,10.84,1551.709,23.902,0.000,,12,26,,
T,2023-05-04 16:09:12,6.27595808,-75.58675395,10.74,1552.188,23.902,0.000,,12,26,,
T,2023-05-04 16:09:13,6.27595731,-75.58675711,10.69,1551.639,23.902,0.000,,12,26,,
T,2023-05-04 16:09:14,6.27595639,-75.58676052,10.67,1551.541,23.902,0.000,,12,26,,
T,2023-05-04 16:09:15,6.27595843,-75.58676194,10.68,1551.039,23.902,0.000,,12,26,,
T,2023-05-04 16:09:16,6.27595860,-75.58676009,10.76,1551.107,23.902,0.000,,12,26,,
T,2023-05-04 16:09:17,6.27595669,-75.58675916,10.52,1551.205,23.902,0.420,168,12,26,,
T,2023-05-04 16:09:18,6.27595380,-75.58675870,10.43,1551.499,23.902,0.390,185,12,26,,
T,2023-05-04 16:09:19,6.27596115,-75.58675991,10.37,1551.345,23.902,0.000,,12,26,,
T,2023-05-04 16:09:20,6.27596251,-75.58676066,10.44,1550.700,23.902,0.000,,12,26,,
T,2023-05-04 16:09:21,6.27596641,-75.58676043,10.25,1550.964,23.902,0.000,,11,26,,
T,2023-05-04 16:09:22,6.27596474,-75.58676010,10.16,1550.324,23.902,0.000,,12,26,,
T,2023-05-04 16:09:23,6.27596607,-75.58676001,10.09,1550.741,23.902,0.000,,12,26,,
T,2023-05-04 16:09:24,6.27596963,-75.58676048,10.07,1550.766,23.902,0.000,,11,26,,
T,2023-05-04 16:09:25,6.27597510,-75.58675983,9.94,1551.459,23.902,0.000,,11,26,,
T,2023-05-04 16:09:26,6.27597846,-75.58676002,10.07,1551.665,23.902,0.000,,12,26,,
T,2023-05-04 16:09:27,6.27598105,-75.58675989,10.07,1551.782,23.902,0.000,,12,26,,
T,2023-05-04 16:09:28,6.27598225,-75.58675847,10.05,1551.626,23.902,0.000,,12,26,,
T,2023-05-04 16:09:29,6.27598330,-75.58675679,10.05,1551.659,23.902,0.000,,12,26,,
T,2023-05-04 16:09:30,6.27598484,-75.58675598,10.16,1551.495,23.902,0.000,,12,26,,
T,2023-05-04 16:09:31,6.27599002,-75.58675422,9.95,1552.416,23.902,0.000,,12,26,,
T,2023-05-04 16:09:32,6.27599022,-75.58675466,9.94,1552.127,23.902,0.000,,13,26,,
T,2023-05-04 16:09:33,6.27599642,-75.58676141,9.94,1551.271,23.902,0.910,306,13,26,,
T,2023-05-04 16:09:34,6.27600176,-75.58676471,9.94,1549.470,23.902,0.510,307,13,26,,
T,2023-05-04 16:09:35,6.27601127,-75.58676522,3.79,1548.949,23.902,0.960,350,13,26,,
T,2023-05-04 16:09:36,6.27602181,-75.58676498,3.79,1549.933,23.901,0.570,347,13,26,,
T,2023-05-04 16:09:37,6.27603037,-75.58676671,3.79,1549.758,23.901,0.460,325,13,26,,
T,2023-05-04 16:09:38,6.27603651,-75.58677411,3.79,1550.077,23.902,0.920,292,13,26,,
T,2023-05-04 16:09:39,6.27603989,-75.58678247,3.79,1549.440,23.902,0.960,285,13,26,,
T,2023-05-04 16:09:40,6.27604241,-75.58678777,3.80,1548.629,23.902,0.760,287,13,26,,
T,2023-05-04 16:09:41,6.27604340,-75.58679607,3.93,1549.841,23.902,1.020,267,13,26,,
T,2023-05-04 16:09:42,6.27604236,-75.58680411,3.94,1550.882,23.902,0.740,259,13,26,,
T,2023-05-04 16:09:43,6.27603831,-75.58681247,4.06,1550.435,23.902,0.750,244,13,26,,
T,2023-05-04 16:09:44,6.27602925,-75.58681861,4.01,1549.434,23.902,1.030,220,12,26,,
T,2023-05-04 16:09:45,6.27601787,-75.58682515,4.03,1549.846,23.902,1.170,218,12,26,,
T,2023-05-04 16:09:46,6.27600670,-75.58683300,4.52,1549.692,23.902,1.190,223,12,26,,
T,2023-05-04 16:09:47,6.27599647,-75.58684208,4.75,1549.715,23.902,1.220,231,12,26,,
T,2023-05-04 16:09:48,6.27599005,-75.58685096,5.07,1549.869,23.902,1.070,237,12,26,,
T,2023-05-04 16:09:49,6.27598435,-75.58686066,5.19,1549.643,23.902,1.240,248,12,26,,
T,2023-05-04 16:09:50,6.27597903,-75.58686956,5.75,1549.452,23.902,1.120,260,12,26,,
T,2023-05-04 16:09:51,6.27597963,-75.58687176,5.15,1548.138,23.902,0.620,274,12,26,,
