type,date time,latitude,longitude,accuracy(m),altitude(m),geoid_height(m),speed(m/s),bearing(deg),sat_used,sat_inview,name,desc
T,2023-05-05 03:04:41,6.27388634,-75.58215854,6.13,1505.698,23.882,0.000,,14,31,20230504-220441,GPS Logger: 20230504-220441 - Honda_cb125f-ruta3
T,2023-05-05 03:04:42,6.27388245,-75.58215673,5.66,1506.915,23.882,0.000,,14,31,,
T,2023-05-05 03:04:43,6.27387116,-75.58216001,5.13,1506.439,23.882,0.000,,14,31,,
T,2023-05-05 03:04:44,6.27386809,-75.58215205,4.75,1505.222,23.882,0.000,,14,31,,
T,2023-05-05 03:04:45,6.27386112,-75.58215479,4.47,1506.290,23.882,0.000,,14,31,,
T,2023-05-05 03:04:46,6.27385757,-75.58215760,4.26,1506.704,23.883,0.000,,13,31,,
T,2023-05-05 03:04:47,6.27380485,-75.58214525,4.21,1509.172,23.883,5.140,152,13,31,,
T,2023-05-05 03:04:48,6.27378023,-75.58215090,4.11,1508.939,23.883,1.950,163,13,31,,
T,2023-05-05 03:04:49,6.27376662,-75.58215938,4.29,1509.578,23.883,0.980,158,13,31,,
T,2023-05-05 03:04:50,6.27375368,-75.58216179,4.31,1511.308,23.883,0.820,153,13,31,,
T,2023-05-05 03:04:51,6.27374698,-75.58215432,3.98,1512.661,23.883,0.000,,12,31,,
T,2023-05-05 03:04:52,6.27374006,-75.58214867,3.90,1511.750,23.883,0.000,,13,31,,
T,2023-05-05 03:04:53,6.27373465,-75.58214729,3.85,1512.346,23.883,0.000,,14,31,,
T,2023-05-05 03:04:54,6.27372870,-75.58214865,3.79,1512.865,23.883,0.000,,14,31,,
T,2023-05-05 03:04:55,6.27372595,-75.58214635,3.79,1512.624,23.883,0.000,,14,31,,
T,2023-05-05 03:04:56,6.27372224,-75.58214674,3.79,1513.539,23.883,0.000,,14,31,,
T,2023-05-05 03:04:57,6.27371942,-75.58214148,3.79,1514.142,23.883,0.000,,14,31,,
T,2023-05-05 03:04:58,6.27371636,-75.58214020,3.79,1515.136,23.883,0.000,,13,31,,
T,2023-05-05 03:04:59,6.27371387,-75.58213791,3.79,1515.824,23.883,0.000,,12,31,,
T,2023-05-05 03:05:00,6.27371222,-75.58214029,3.79,1515.872,23.883,0.000,,12,31,,
T,2023-05-05 03:05:01,6.27371365,-75.58214076,3.79,1515.965,23.883,0.000,,13,31,,
T,2023-05-05 03:05:02,6.27371326,-75.58214128,3.79,1516.058,23.883,0.000,,13,31,,
T,2023-05-05 03:05:03,6.27371336,-75.58214102,3.79,1516.053,23.883,0.000,,13,31,,
T,2023-05-05 03:05:04,6.27371342,-75.58214100,3.79,1515.895,23.883,0.000,,14,31,,
T,2023-05-05 03:05:05,6.27371349,-75.58214080,3.79,1515.683,23.883,0.000,,14,31,,
T,2023-05-05 03:05:06,6.27371379,-75.58214023,3.79,1515.339,23.883,0.000,,14,31,,
T,2023-05-05 03:05:07,6.27371407,-75.58213994,3.79,1515.374,23.883,0.000,,13,31,,
T,2023-05-05 03:05:08,6.27371380,-75.58213887,3.79,1515.609,23.883,0.000,,13,31,,
T,2023-05-05 03:05:09,6.27371343,-75.58213699,3.79,1515.814,23.883,0.000,,13,31,,
T,2023-05-05 03:05:10,6.27371316,-75.58213555,3.79,1516.057,23.883,0.000,,12,31,,
T,2023-05-05 03:05:11,6.27371264,-75.58213581,3.79,1515.924,23.883,0.000,,12,31,,
T,2023-05-05 03:05:12,6.27371210,-75.58213512,3.79,1515.955,23.883,0.000,,12,31,,
T,2023-05-05 03:05:13,6.27371218,-75.58213458,3.79,1516.069,23.883,0.000,,13,31,,
T,2023-05-05 03:05:14,6.27371244,-75.58213540,3.79,1515.981,23.883,0.000,,13,31,,
T,2023-05-05 03:05:15,6.27371265,-75.58213657,3.79,1515.827,23.883,0.000,,13,31,,
T,2023-05-05 03:05:16,6.27371259,-75.58213642,3.79,1515.839,23.883,0.000,,14,31,,
T,2023-05-05 03:05:17,6.27371262,-75.58213661,3.79,1515.810,23.883,0.000,,14,31,,
T,2023-05-05 03:05:18,6.27371262,-75.58213659,3.79,1515.804,23.883,0.000,,14,31,,
T,2023-05-05 03:05:19,6.27371262,-75.58213662,3.79,1515.800,23.883,0.000,,13,31,,
T,2023-05-05 03:05:20,6.27371259,-75.58213661,3.79,1515.809,23.883,0.000,,13,31,,
T,2023-05-05 03:05:21,6.27371258,-75.58213655,3.79,1515.821,23.883,0.000,,13,31,,
T,2023-05-05 03:05:22,6.27371254,-75.58213645,3.79,1515.831,23.883,0.000,,12,31,,
T,2023-05-05 03:05:23,6.27371253,-75.58213641,3.79,1515.831,23.883,0.000,,12,31,,
T,2023-05-05 03:05:24,6.27371252,-75.58213640,3.79,1515.835,23.883,0.000,,12,31,,
T,2023-05-05 03:05:25,6.27371247,-75.58213634,3.79,1515.836,23.883,0.000,,11,31,,
T,2023-05-05 03:05:26,6.27371247,-75.58213633,3.79,1515.838,23.883,0.000,,11,31,,
T,2023-05-05 03:05:27,6.27371245,-75.58213630,3.79,1515.848,23.883,0.000,,12,31,,
T,2023-05-05 03:05:28,6.27371242,-75.58213626,3.79,1515.854,23.883,0.000,,13,31,,
T,2023-05-05 03:05:29,6.27367237,-75.58211093,3.79,1515.780,23.883,3.570,134,13,31,,
T,2023-05-05 03:05:30,6.27363996,-75.58208227,3.79,1513.287,23.883,4.870,135,13,31,,
T,2023-05-05 03:05:31,6.27363350,-75.58200856,3.79,1513.538,23.882,9.020,97,13,31,,
T,2023-05-05 03:05:32,6.27363706,-75.58193425,3.79,1511.588,23.882,9.390,90,14,31,,
T,2023-05-05 03:05:33,6.27363074,-75.58184630,3.79,1512.039,23.881,8.710,90,14,31,,
T,2023-05-05 03:05:34,6.27363353,-75.58176541,3.79,1511.970,23.881,8.940,89,14,31,,
T,2023-05-05 03:05:35,6.27363716,-75.58170205,4.02,1510.835,23.881,8.120,88,15,31,,
T,2023-05-05 03:05:36,6.27363131,-75.58163476,3.79,1510.445,23.880,8.530,91,15,31,,
T,2023-05-05 03:05:37,6.27363875,-75.58154741,3.87,1511.432,23.880,8.670,90,14,31,,
T,2023-05-05 03:05:38,6.27364387,-75.58146569,4.22,1511.132,23.879,9.030,90,14,31,,
T,2023-05-05 03:05:39,6.27364508,-75.58138826,5.28,1510.264,23.879,9.120,92,14,30,,
T,2023-05-05 03:05:40,6.27365035,-75.58128594,10.50,1510.311,23.878,10.510,88,14,30,,
T,2023-05-05 03:05:41,6.27365444,-75.58118582,10.90,1510.388,23.878,10.490,94,15,30,,
T,2023-05-05 03:05:42,6.27362732,-75.58108213,10.99,1509.809,23.877,10.840,97,15,30,,
T,2023-05-05 03:05:43,6.27360164,-75.58098498,11.16,1508.559,23.877,11.010,101,16,30,,
T,2023-05-05 03:05:44,6.27360461,-75.58086648,10.74,1508.705,23.876,11.640,97,14,30,,
T,2023-05-05 03:05:45,6.27358967,-75.58074740,10.52,1507.867,23.876,11.850,95,14,30,,
T,2023-05-05 03:05:46,6.27356955,-75.58064736,10.49,1506.663,23.875,11.600,96,14,30,,
T,2023-05-05 03:05:47,6.27354760,-75.58058481,10.32,1506.996,23.875,10.220,98,13,30,,
T,2023-05-05 03:05:48,6.27352742,-75.58049436,10.29,1506.728,23.875,10.170,98,12,30,,
T,2023-05-05 03:05:49,6.27348843,-75.58040247,11.13,1507.667,23.874,10.260,102,13,30,,
T,2023-05-05 03:05:50,6.27346918,-75.58033173,10.83,1507.167,23.874,8.730,99,15,30,,
T,2023-05-05 03:05:51,6.27346532,-75.58025620,10.79,1506.673,23.874,8.080,102,15,30,,
T,2023-05-05 03:05:52,6.27345881,-75.58018927,11.11,1507.037,23.873,7.090,98,15,30,,
T,2023-05-05 03:05:53,6.27345416,-75.58009946,11.14,1506.659,23.873,7.770,105,15,30,,
T,2023-05-05 03:05:54,6.27341495,-75.58005792,10.46,1504.965,23.873,6.290,128,15,30,,
T,2023-05-05 03:05:55,6.27336543,-75.58001608,10.35,1503.519,23.873,6.900,156,15,30,,
T,2023-05-05 03:05:56,6.27329658,-75.57998938,10.31,1503.495,23.873,8.530,173,15,30,,
T,2023-05-05 03:05:57,6.27320481,-75.57999003,10.24,1503.774,23.873,10.040,178,15,30,,
T,2023-05-05 03:05:58,6.27310169,-75.57998691,10.17,1504.279,23.873,11.130,176,15,30,,
T,2023-05-05 03:05:59,6.27299032,-75.57997269,10.18,1504.012,23.873,12.620,176,14,30,,
T,2023-05-05 03:06:00,6.27287170,-75.57996748,10.23,1503.156,23.873,13.060,176,14,30,,
T,2023-05-05 03:06:01,6.27275621,-75.57994852,10.24,1503.431,23.874,12.590,172,14,30,,
T,2023-05-05 03:06:02,6.27263944,-75.57992352,10.20,1503.068,23.874,13.120,168,13,30,,
T,2023-05-05 03:06:03,6.27253021,-75.57989359,10.18,1501.019,23.874,13.150,161,14,30,,
T,2023-05-05 03:06:04,6.27242357,-75.57985398,10.12,1498.934,23.874,12.800,155,14,30,,
T,2023-05-05 03:06:05,6.27231927,-75.57979888,10.10,1499.167,23.874,12.470,151,14,30,,
T,2023-05-05 03:06:06,6.27224062,-75.57974452,10.06,1496.506,23.874,12.260,144,14,30,,
T,2023-05-05 03:06:07,6.27215148,-75.57967047,10.04,1495.971,23.873,12.820,135,14,30,,
T,2023-05-05 03:06:08,6.27207934,-75.57957980,9.97,1496.279,23.873,13.070,130,15,30,,
T,2023-05-05 03:06:09,6.27200675,-75.57948195,10.02,1496.091,23.873,13.500,126,16,30,,
T,2023-05-05 03:06:10,6.27193823,-75.57937863,10.05,1495.142,23.872,13.570,125,16,30,,
T,2023-05-05 03:06:11,6.27186286,-75.57929698,10.22,1495.926,23.872,13.400,126,16,30,,
T,2023-05-05 03:06:12,6.27178254,-75.57919760,10.28,1496.285,23.872,13.480,126,16,30,,
T,2023-05-05 03:06:13,6.27170894,-75.57910236,10.32,1496.012,23.872,13.760,125,16,30,,
T,2023-05-05 03:06:14,6.27163744,-75.57899786,10.27,1496.642,23.871,13.630,124,15,30,,
T,2023-05-05 03:06:15,6.27156478,-75.57891079,10.18,1496.857,23.871,12.930,126,16,30,,
T,2023-05-05 03:06:16,6.27149812,-75.57882102,10.14,1496.886,23.871,12.480,126,16,30,,
T,2023-05-05 03:06:17,6.27143574,-75.57874188,10.31,1496.000,23.870,11.920,126,16,30,,
T,2023-05-05 03:06:18,6.27136914,-75.57866232,10.22,1496.939,23.870,11.630,127,15,30,,
T,2023-05-05 03:06:19,6.27131023,-75.57857745,10.27,1496.849,23.870,11.390,127,14,30,,
T,2023-05-05 03:06:20,6.27124770,-75.57850020,10.21,1495.802,23.869,11.700,127,14,30,,
T,2023-05-05 03:06:21,6.27117828,-75.57841530,10.33,1495.806,23.869,11.580,127,14,30,,
T,2023-05-05 03:06:22,6.27111542,-75.57833476,10.46,1495.218,23.869,11.620,127,13,30,,
T,2023-05-05 03:06:23,6.27104866,-75.57825604,10.45,1493.729,23.869,11.270,128,16,30,,
T,2023-05-05 03:06:24,6.27099194,-75.57817589,10.45,1492.977,23.868,11.060,128,16,29,,
T,2023-05-05 03:06:25,6.27093950,-75.57809273,10.36,1492.012,23.868,11.060,126,16,29,,
T,2023-05-05 03:06:26,6.27088919,-75.57801469,10.62,1490.880,23.868,10.670,126,16,29,,
T,2023-05-05 03:06:27,6.27083805,-75.57793686,10.59,1491.118,23.868,10.310,125,16,29,,
T,2023-05-05 03:06:28,6.27078181,-75.57786860,10.61,1490.094,23.867,9.750,127,16,29,,
T,2023-05-05 03:06:29,6.27073337,-75.57779765,10.83,1489.821,23.867,9.650,126,15,29,,
T,2023-05-05 03:06:30,6.27068931,-75.57773294,10.98,1490.346,23.867,8.980,127,17,29,,
T,2023-05-05 03:06:31,6.27063621,-75.57765628,11.40,1490.156,23.867,9.200,127,16,29,,
T,2023-05-05 03:06:32,6.27060681,-75.57761429,11.07,1489.216,23.866,7.030,127,15,29,,
T,2023-05-05 03:06:33,6.27056987,-75.57756020,10.89,1488.242,23.866,6.110,129,15,29,,
T,2023-05-05 03:06:34,6.27053541,-75.57750458,10.80,1488.265,23.866,6.950,130,15,29,,
T,2023-05-05 03:06:35,6.27048582,-75.57744315,10.84,1488.169,23.866,8.010,129,15,29,,
T,2023-05-05 03:06:36,6.27044497,-75.57738612,11.10,1487.173,23.866,7.650,126,14,29,,
T,2023-05-05 03:06:37,6.27041262,-75.57733365,11.00,1487.016,23.865,7.350,123,14,29,,
T,2023-05-05 03:06:38,6.27036873,-75.57726852,10.93,1487.232,23.865,8.100,125,14,29,,
T,2023-05-05 03:06:39,6.27032023,-75.57720219,11.23,1486.444,23.865,8.680,128,14,29,,
T,2023-05-05 03:06:40,6.27026711,-75.57712443,11.26,1486.599,23.865,9.180,129,14,29,,
T,2023-05-05 03:06:41,6.27021690,-75.57706300,11.48,1486.700,23.864,9.330,127,14,29,,
T,2023-05-05 03:06:42,6.27016703,-75.57698320,11.76,1485.940,23.864,9.940,126,14,29,,
T,2023-05-05 03:06:43,6.27011895,-75.57691394,12.30,1483.989,23.864,9.720,125,13,29,,
T,2023-05-05 03:06:44,6.27005904,-75.57685110,12.23,1484.346,23.864,10.030,124,13,29,,
T,2023-05-05 03:06:45,6.26999748,-75.57677190,12.35,1484.589,23.863,10.520,126,15,29,,
T,2023-05-05 03:06:46,6.26993886,-75.57670160,12.59,1484.149,23.863,10.130,129,15,29,,
T,2023-05-05 03:06:47,6.26988853,-75.57665530,12.33,1484.234,23.863,8.790,134,15,29,,
T,2023-05-05 03:06:48,6.26983450,-75.57660282,12.09,1484.228,23.863,8.900,140,14,29,,
T,2023-05-05 03:06:49,6.26976170,-75.57654385,11.94,1484.609,23.863,9.630,145,15,29,,
T,2023-05-05 03:06:50,6.26967870,-75.57651485,11.82,1484.302,23.863,9.540,154,15,29,,
T,2023-05-05 03:06:51,6.26959587,-75.57647887,11.78,1484.223,23.863,9.590,158,14,29,,
T,2023-05-05 03:06:52,6.26951415,-75.57645234,11.62,1483.691,23.863,9.070,165,13,29,,
T,2023-05-05 03:06:53,6.26943409,-75.57643542,11.50,1484.388,23.863,8.910,171,14,29,,
T,2023-05-05 03:06:54,6.26935446,-75.57644341,11.49,1484.220,23.863,8.700,177,15,29,,
T,2023-05-05 03:06:55,6.26928084,-75.57645154,11.07,1483.893,23.863,8.730,185,13,29,,
T,2023-05-05 03:06:56,6.26920311,-75.57646342,11.00,1484.642,23.864,8.260,190,13,29,,
T,2023-05-05 03:06:57,6.26912423,-75.57647532,10.79,1484.005,23.864,8.330,192,13,29,,
T,2023-05-05 03:06:58,6.26904808,-75.57648592,10.53,1484.146,23.864,8.340,197,14,29,,
T,2023-05-05 03:06:59,6.26897434,-75.57651275,10.44,1484.259,23.864,8.280,201,15,29,,
T,2023-05-05 03:07:00,6.26890862,-75.57652926,10.42,1486.635,23.865,8.080,202,15,29,,
T,2023-05-05 03:07:01,6.26884021,-75.57656050,10.43,1487.013,23.865,7.930,202,15,29,,
T,2023-05-05 03:07:02,6.26877004,-75.57658180,10.34,1486.911,23.865,7.900,198,14,29,,
T,2023-05-05 03:07:03,6.26869829,-75.57660192,10.31,1485.614,23.865,8.020,196,14,29,,
T,2023-05-05 03:07:04,6.26862125,-75.57661339,10.37,1485.462,23.866,8.520,191,14,29,,
T,2023-05-05 03:07:05,6.26853926,-75.57663459,10.34,1485.512,23.866,9.440,197,14,29,,
T,2023-05-05 03:07:06,6.26844929,-75.57667038,10.33,1485.918,23.866,10.670,199,14,29,,
T,2023-05-05 03:07:07,6.26834787,-75.57669894,10.29,1486.389,23.867,11.760,200,14,29,,
T,2023-05-05 03:07:08,6.26825156,-75.57673834,10.32,1487.644,23.867,12.170,202,15,29,,
T,2023-05-05 03:07:09,6.26813806,-75.57677633,10.27,1487.954,23.868,12.770,197,15,29,,
T,2023-05-05 03:07:10,6.26802724,-75.57680195,10.42,1487.121,23.868,12.260,192,15,28,,
T,2023-05-05 03:07:11,6.26791234,-75.57680968,10.29,1486.168,23.868,12.380,184,15,29,,
T,2023-05-05 03:07:12,6.26779318,-75.57680857,10.20,1485.579,23.869,12.820,176,15,29,,
T,2023-05-05 03:07:13,6.26767655,-75.57679174,10.18,1484.417,23.869,13.350,170,15,29,,
T,2023-05-05 03:07:14,6.26755525,-75.57675212,10.18,1482.676,23.869,14.640,163,14,29,,
T,2023-05-05 03:07:15,6.26741679,-75.57670504,9.94,1481.966,23.869,15.900,160,13,29,,
T,2023-05-05 03:07:16,6.26727360,-75.57665230,9.94,1480.910,23.869,16.940,159,14,29,,
T,2023-05-05 03:07:17,6.26712268,-75.57659335,10.22,1480.444,23.869,17.520,159,15,29,,
T,2023-05-05 03:07:18,6.26697916,-75.57653804,10.26,1480.493,23.869,17.480,158,15,29,,
T,2023-05-05 03:07:19,6.26683531,-75.57648646,10.30,1478.639,23.869,17.520,158,15,29,,
T,2023-05-05 03:07:20,6.26668921,-75.57642531,10.26,1477.963,23.869,17.620,158,15,29,,
T,2023-05-05 03:07:21,6.26654337,-75.57636225,10.20,1476.733,23.869,17.370,156,15,29,,
T,2023-05-05 03:07:22,6.26641158,-75.57629148,10.11,1476.018,23.869,16.910,152,15,29,,
T,2023-05-05 03:07:23,6.26628038,-75.57621542,9.94,1476.016,23.869,16.830,149,15,29,,
T,2023-05-05 03:07:24,6.26615404,-75.57613215,9.94,1474.435,23.869,17.140,145,15,29,,
T,2023-05-05 03:07:25,6.26601977,-75.57602520,10.00,1474.575,23.869,17.900,141,15,29,,
T,2023-05-05 03:07:26,6.26590061,-75.57592228,10.12,1473.599,23.868,17.780,140,15,29,,
T,2023-05-05 03:07:27,6.26577078,-75.57580685,10.09,1473.675,23.868,18.010,139,16,29,,
T,2023-05-05 03:07:28,6.26565017,-75.57570344,10.14,1474.075,23.868,17.670,139,16,29,,
T,2023-05-05 03:07:29,6.26553597,-75.57560570,10.22,1474.318,23.868,17.000,138,15,29,,
T,2023-05-05 03:07:30,6.26542294,-75.57551191,10.24,1474.803,23.867,15.810,140,16,29,,
T,2023-05-05 03:07:31,6.26531125,-75.57543619,10.34,1473.067,23.867,14.750,144,16,29,,
T,2023-05-05 03:07:32,6.26521206,-75.57536542,10.33,1473.955,23.867,13.730,149,16,29,,
T,2023-05-05 03:07:33,6.26510439,-75.57531345,10.41,1474.896,23.867,12.890,152,16,29,,
T,2023-05-05 03:07:34,6.26500329,-75.57527093,10.62,1473.948,23.867,12.240,157,16,29,,
T,2023-05-05 03:07:35,6.26490051,-75.57523973,10.77,1473.688,23.867,12.020,165,15,29,,
T,2023-05-05 03:07:36,6.26479565,-75.57522783,10.59,1474.066,23.867,11.570,173,15,29,,
T,2023-05-05 03:07:37,6.26469358,-75.57522232,10.58,1474.445,23.867,11.870,175,14,29,,
T,2023-05-05 03:07:38,6.26458047,-75.57521979,10.44,1474.466,23.868,12.470,178,14,29,,
T,2023-05-05 03:07:39,6.26446634,-75.57522370,10.43,1474.406,23.868,12.890,179,13,29,,
T,2023-05-05 03:07:40,6.26434300,-75.57521435,10.47,1474.223,23.868,13.690,177,13,29,,
T,2023-05-05 03:07:41,6.26421625,-75.57520695,10.54,1474.282,23.868,14.030,175,14,29,,
T,2023-05-05 03:07:42,6.26407580,-75.57518975,10.51,1474.353,23.869,15.090,175,14,29,,
T,2023-05-05 03:07:43,6.26392918,-75.57517821,10.45,1474.535,23.869,15.800,176,13,29,,
T,2023-05-05 03:07:44,6.26377926,-75.57517027,10.52,1474.288,23.869,16.240,179,14,29,,
T,2023-05-05 03:07:45,6.26362855,-75.57517554,10.46,1474.225,23.870,16.470,182,14,29,,
T,2023-05-05 03:07:46,6.26347836,-75.57518610,10.54,1474.572,23.870,16.530,182,13,29,,
T,2023-05-05 03:07:47,6.26332694,-75.57519547,10.60,1474.725,23.870,16.520,182,13,29,,
T,2023-05-05 03:07:48,6.26317361,-75.57519405,10.44,1474.661,23.871,16.510,181,13,29,,
T,2023-05-05 03:07:49,6.26301563,-75.57518359,10.28,1474.829,23.871,16.790,180,14,29,,
T,2023-05-05 03:07:50,6.26286387,-75.57517816,10.11,1475.116,23.871,17.000,179,14,28,,
T,2023-05-05 03:07:51,6.26270585,-75.57517384,10.17,1473.300,23.872,17.330,178,15,29,,
T,2023-05-05 03:07:52,6.26255092,-75.57516728,10.17,1472.274,23.872,17.600,178,15,29,,
T,2023-05-05 03:07:53,6.26239401,-75.57515893,10.11,1472.209,23.872,17.600,178,15,29,,
T,2023-05-05 03:07:54,6.26223419,-75.57515855,10.11,1471.381,23.873,17.690,180,16,29,,
T,2023-05-05 03:07:55,6.26207769,-75.57515961,10.24,1470.143,23.873,17.690,180,16,29,,
T,2023-05-05 03:07:56,6.26193036,-75.57516484,10.34,1467.212,23.874,17.610,179,15,29,,
T,2023-05-05 03:07:57,6.26177564,-75.57516024,10.53,1466.192,23.874,17.190,180,15,29,,
T,2023-05-05 03:07:58,6.26162460,-75.57515877,10.58,1466.347,23.874,16.760,181,15,29,,
T,2023-05-05 03:07:59,6.26147664,-75.57515674,10.59,1467.105,23.875,16.360,181,15,29,,
T,2023-05-05 03:08:00,6.26134087,-75.57516544,10.66,1467.035,23.875,16.020,181,16,29,,
T,2023-05-05 03:08:01,6.26119948,-75.57516367,10.53,1467.542,23.875,15.610,180,16,29,,
T,2023-05-05 03:08:02,6.26106115,-75.57516770,10.42,1467.618,23.876,14.810,180,16,29,,
T,2023-05-05 03:08:03,6.26094260,-75.57517181,10.33,1467.090,23.876,13.780,181,16,29,,
T,2023-05-05 03:08:04,6.26082170,-75.57517630,10.34,1466.805,23.876,13.100,181,16,29,,
T,2023-05-05 03:08:05,6.26070844,-75.57517148,10.36,1467.840,23.876,12.330,181,16,29,,
T,2023-05-05 03:08:06,6.26060169,-75.57517483,10.31,1467.407,23.877,11.620,181,15,29,,
T,2023-05-05 03:08:07,6.26050778,-75.57517915,10.47,1465.495,23.877,11.050,180,14,29,,
T,2023-05-05 03:08:08,6.26041906,-75.57518063,10.55,1464.561,23.877,10.140,180,13,29,,
T,2023-05-05 03:08:09,6.26034651,-75.57518775,10.56,1464.507,23.877,8.820,181,13,29,,
T,2023-05-05 03:08:10,6.26027959,-75.57519475,10.41,1464.714,23.877,7.830,182,15,29,,
T,2023-05-05 03:08:11,6.26021506,-75.57519716,10.41,1465.432,23.878,7.150,181,16,29,,
T,2023-05-05 03:08:12,6.26015584,-75.57520423,10.41,1464.183,23.878,7.100,184,16,29,,
T,2023-05-05 03:08:13,6.26008007,-75.57521123,10.31,1463.060,23.878,8.050,183,16,29,,
T,2023-05-05 03:08:14,6.26000649,-75.57521498,10.28,1463.110,23.878,8.180,181,16,29,,
T,2023-05-05 03:08:15,6.25994108,-75.57521951,10.23,1462.762,23.878,7.680,182,16,29,,
T,2023-05-05 03:08:16,6.25987179,-75.57522034,10.06,1462.318,23.879,7.130,184,16,29,,
T,2023-05-05 03:08:17,6.25980404,-75.57522692,9.94,1461.788,23.879,7.310,184,16,29,,
T,2023-05-05 03:08:18,6.25973072,-75.57522765,9.94,1462.917,23.879,7.630,187,16,29,,
T,2023-05-05 03:08:19,6.25966500,-75.57523655,9.94,1462.937,23.879,7.210,186,16,29,,
T,2023-05-05 03:08:20,6.25959721,-75.57523888,9.94,1462.729,23.879,7.030,185,16,29,,
T,2023-05-05 03:08:21,6.25954459,-75.57524074,9.94,1462.784,23.879,5.900,186,16,29,,
T,2023-05-05 03:08:22,6.25949503,-75.57524225,9.94,1462.823,23.879,5.070,186,16,29,,
T,2023-05-05 03:08:23,6.25945778,-75.57524608,9.94,1462.940,23.880,3.800,187,17,29,,
T,2023-05-05 03:08:24,6.25941781,-75.57525507,9.94,1461.722,23.880,4.710,190,17,29,,
T,2023-05-05 03:08:25,6.25935840,-75.57525424,9.94,1462.899,23.880,6.300,187,16,29,,
T,2023-05-05 03:08:26,6.25928844,-75.57526095,9.94,1462.964,23.880,7.910,187,16,29,,
T,2023-05-05 03:08:27,6.25920294,-75.57527973,9.94,1463.477,23.880,9.390,189,16,29,,
T,2023-05-05 03:08:28,6.25911551,-75.57529902,9.94,1464.536,23.881,10.210,194,17,29,,
T,2023-05-05 03:08:29,6.25901715,-75.57531706,9.94,1464.165,23.881,11.340,193,16,29,,
T,2023-05-05 03:08:30,6.25891131,-75.57534686,9.94,1464.544,23.881,12.180,196,16,29,,
T,2023-05-05 03:08:31,6.25880001,-75.57538658,9.94,1464.145,23.882,13.220,197,16,29,,
T,2023-05-05 03:08:32,6.25867672,-75.57542869,9.94,1464.276,23.882,14.490,200,17,29,,
T,2023-05-05 03:08:33,6.25854950,-75.57548789,9.94,1464.104,23.883,15.110,206,17,29,,
T,2023-05-05 03:08:34,6.25842070,-75.57554270,9.94,1463.655,23.884,15.510,205,17,29,,
T,2023-05-05 03:08:35,6.25829259,-75.57559908,9.94,1463.833,23.884,15.450,206,17,29,,
T,2023-05-05 03:08:36,6.25816851,-75.57565690,9.94,1463.718,23.885,15.340,205,15,29,,
T,2023-05-05 03:08:37,6.25803827,-75.57570938,9.94,1464.556,23.885,15.200,205,15,29,,
T,2023-05-05 03:08:38,6.25791326,-75.57576790,9.94,1464.621,23.886,15.460,207,15,29,,
T,2023-05-05 03:08:39,6.25777728,-75.57583122,9.94,1464.184,23.886,15.990,207,15,29,,
T,2023-05-05 03:08:40,6.25765002,-75.57589897,9.94,1463.533,23.887,16.240,207,15,29,,
T,2023-05-05 03:08:41,6.25751782,-75.57597049,9.94,1464.106,23.888,16.470,207,16,29,,
T,2023-05-05 03:08:42,6.25737348,-75.57604311,9.94,1465.499,23.889,17.220,208,16,29,,
T,2023-05-05 03:08:43,6.25723084,-75.57611481,9.94,1465.475,23.889,17.500,208,16,29,,
T,2023-05-05 03:08:44,6.25708672,-75.57618691,9.94,1465.532,23.890,17.790,208,17,28,,
T,2023-05-05 03:08:45,6.25693310,-75.57626544,9.94,1467.076,23.891,18.350,208,17,28,,
T,2023-05-05 03:08:46,6.25678299,-75.57634946,9.94,1466.556,23.891,18.580,208,17,28,,
T,2023-05-05 03:08:47,6.25663098,-75.57642187,9.94,1466.940,23.892,18.920,209,16,28,,
T,2023-05-05 03:08:48,6.25647877,-75.57650189,10.16,1466.454,23.893,18.960,208,16,28,,
T,2023-05-05 03:08:49,6.25632915,-75.57658410,10.14,1465.819,23.894,19.210,208,16,28,,
T,2023-05-05 03:08:50,6.25617939,-75.57666660,10.16,1465.831,23.895,19.250,208,16,28,,
T,2023-05-05 03:08:51,6.25602654,-75.57674750,10.28,1466.049,23.895,19.660,209,16,28,,
T,2023-05-05 03:08:52,6.25586416,-75.57683375,10.52,1466.819,23.896,19.920,208,16,28,,
T,2023-05-05 03:08:53,6.25570744,-75.57692192,10.97,1465.761,23.897,19.730,208,16,28,,
T,2023-05-05 03:08:54,6.25555451,-75.57700675,10.79,1466.066,23.898,19.380,208,13,28,,
T,2023-05-05 03:08:55,6.25540177,-75.57708521,10.61,1466.288,23.898,19.240,208,13,28,,
T,2023-05-05 03:08:56,6.25524472,-75.57716823,10.56,1466.436,23.899,19.020,209,13,28,,
T,2023-05-05 03:08:57,6.25509618,-75.57725769,10.50,1466.664,23.900,19.030,209,14,28,,
T,2023-05-05 03:08:58,6.25495468,-75.57734837,10.52,1466.524,23.901,19.350,210,14,28,,
T,2023-05-05 03:08:59,6.25480446,-75.57743534,10.45,1465.685,23.902,19.620,210,14,28,,
T,2023-05-05 03:09:00,6.25465288,-75.57752383,10.22,1466.075,23.902,19.500,211,16,27,,
T,2023-05-05 03:09:01,6.25449536,-75.57761092,10.46,1467.515,23.903,19.540,212,16,28,,
T,2023-05-05 03:09:02,6.25434688,-75.57769920,10.82,1467.725,23.904,19.420,211,15,28,,
T,2023-05-05 03:09:03,6.25419202,-75.57779038,11.08,1467.274,23.905,19.600,211,14,28,,
T,2023-05-05 03:09:04,6.25401784,-75.57787978,10.52,1466.546,23.906,20.490,210,15,28,,
T,2023-05-05 03:09:05,6.25386288,-75.57797484,10.58,1465.703,23.907,20.830,210,15,28,,
T,2023-05-05 03:09:06,6.25370187,-75.57806058,10.44,1466.842,23.907,20.920,210,14,28,,
T,2023-05-05 03:09:07,6.25353416,-75.57815378,10.45,1466.497,23.908,21.000,210,15,28,,
T,2023-05-05 03:09:08,6.25336147,-75.57824768,10.40,1466.877,23.909,21.370,210,15,28,,
T,2023-05-05 03:09:09,6.25319140,-75.57833861,10.35,1467.718,23.910,21.360,209,15,28,,
T,2023-05-05 03:09:10,6.25302182,-75.57843686,10.57,1467.522,23.911,21.790,209,14,28,,
T,2023-05-05 03:09:11,6.25284926,-75.57853461,10.46,1467.703,23.912,21.430,208,14,28,,
T,2023-05-05 03:09:12,6.25269019,-75.57861118,10.46,1468.702,23.913,21.090,208,14,28,,
T,2023-05-05 03:09:13,6.25252005,-75.57870659,10.46,1468.607,23.913,21.160,209,12,28,,
T,2023-05-05 03:09:14,6.25233456,-75.57879789,10.66,1470.559,23.914,21.020,208,13,28,,
T,2023-05-05 03:09:15,6.25217948,-75.57890311,10.49,1469.292,23.915,20.190,209,13,28,,
T,2023-05-05 03:09:16,6.25202081,-75.57899746,10.35,1469.970,23.916,19.570,209,15,28,,
T,2023-05-05 03:09:17,6.25187228,-75.57908835,10.50,1469.738,23.917,18.420,209,15,28,,
T,2023-05-05 03:09:18,6.25173621,-75.57918224,10.56,1469.307,23.918,18.210,210,15,28,,
T,2023-05-05 03:09:19,6.25159122,-75.57926699,10.62,1471.012,23.919,17.410,210,16,28,,
T,2023-05-05 03:09:20,6.25147116,-75.57933651,10.47,1471.034,23.919,16.130,210,16,28,,
T,2023-05-05 03:09:21,6.25135714,-75.57938207,10.33,1471.734,23.920,14.780,210,15,28,,
T,2023-05-05 03:09:22,6.25123678,-75.57945634,10.24,1471.459,23.920,14.890,210,15,28,,
T,2023-05-05 03:09:23,6.25112181,-75.57951731,10.17,1471.358,23.921,13.950,209,14,28,,
T,2023-05-05 03:09:24,6.25101326,-75.57957420,10.41,1471.588,23.921,13.940,209,15,28,,
T,2023-05-05 03:09:25,6.25090431,-75.57963878,10.67,1472.206,23.922,13.780,210,15,28,,
T,2023-05-05 03:09:26,6.25079668,-75.57969889,10.66,1472.859,23.923,13.190,213,15,28,,
T,2023-05-05 03:09:27,6.25070767,-75.57977559,10.37,1470.055,23.923,12.740,220,15,28,,
T,2023-05-05 03:09:28,6.25061089,-75.57985063,10.22,1466.988,23.924,13.040,228,15,28,,
T,2023-05-05 03:09:29,6.25054011,-75.57993518,10.29,1465.753,23.924,12.990,232,15,28,,
T,2023-05-05 03:09:30,6.25048075,-75.58003317,10.27,1465.796,23.925,12.450,240,16,28,,
T,2023-05-05 03:09:31,6.25044051,-75.58014306,10.13,1466.517,23.926,12.430,249,16,28,,
T,2023-05-05 03:09:32,6.25040531,-75.58025195,10.08,1466.624,23.926,12.550,258,16,28,,
T,2023-05-05 03:09:33,6.25039575,-75.58033119,10.68,1466.634,23.927,11.380,263,15,28,,
T,2023-05-05 03:09:34,6.25038514,-75.58046781,10.50,1467.686,23.928,13.320,266,15,28,,
T,2023-05-05 03:09:35,6.25037568,-75.58057991,10.48,1467.298,23.928,12.760,264,14,28,,
T,2023-05-05 03:09:36,6.25034400,-75.58069957,10.76,1467.133,23.929,12.650,256,14,28,,
T,2023-05-05 03:09:37,6.25032809,-75.58079740,11.19,1467.967,23.929,11.680,251,16,28,,
T,2023-05-05 03:09:38,6.25027534,-75.58088330,11.22,1467.561,23.930,11.160,240,14,28,,
T,2023-05-05 03:09:39,6.25020844,-75.58097257,11.42,1466.210,23.931,11.250,227,14,28,,
T,2023-05-05 03:09:40,6.25012727,-75.58102921,11.68,1466.023,23.931,10.640,212,14,28,,
T,2023-05-05 03:09:41,6.25002826,-75.58107997,11.90,1466.270,23.932,10.520,199,14,28,,
T,2023-05-05 03:09:42,6.24991738,-75.58110079,11.19,1465.743,23.932,11.670,188,15,28,,
T,2023-05-05 03:09:43,6.24977441,-75.58108868,10.90,1468.959,23.932,13.420,178,15,28,,
T,2023-05-05 03:09:44,6.24965619,-75.58107423,10.71,1467.844,23.932,13.770,175,16,28,,
T,2023-05-05 03:09:45,6.24952010,-75.58105660,10.63,1467.355,23.932,14.140,175,16,28,,
T,2023-05-05 03:09:46,6.24939270,-75.58104252,10.71,1467.384,23.933,14.070,175,16,28,,
T,2023-05-05 03:09:47,6.24926086,-75.58102897,11.04,1466.961,23.933,14.380,176,16,28,,
T,2023-05-05 03:09:48,6.24913942,-75.58102002,11.21,1464.948,23.933,14.060,176,15,28,,
T,2023-05-05 03:09:49,6.24902746,-75.58100282,10.97,1465.830,23.933,13.020,174,15,28,,
T,2023-05-05 03:09:50,6.24891858,-75.58098040,10.88,1465.893,23.933,12.310,173,15,28,,
T,2023-05-05 03:09:51,6.24879714,-75.58097133,10.88,1466.664,23.933,12.940,174,15,28,,
T,2023-05-05 03:09:52,6.24867388,-75.58096629,10.72,1466.611,23.934,13.110,176,15,28,,
T,2023-05-05 03:09:53,6.24853637,-75.58096188,10.75,1465.989,23.934,13.340,183,16,28,,
T,2023-05-05 03:09:54,6.24842575,-75.58097080,10.77,1466.339,23.934,13.400,185,16,28,,
T,2023-05-05 03:09:55,6.24831057,-75.58099548,11.12,1466.580,23.934,13.270,194,15,28,,
T,2023-05-05 03:09:56,6.24820247,-75.58103811,11.70,1466.446,23.935,12.880,205,16,28,,
T,2023-05-05 03:09:57,6.24810529,-75.58108697,12.41,1466.840,23.935,12.530,214,16,28,,
T,2023-05-05 03:09:58,6.24802316,-75.58115934,12.76,1466.187,23.936,12.250,221,16,28,,
T,2023-05-05 03:09:59,6.24794126,-75.58126829,12.47,1467.647,23.937,13.320,223,13,28,,
T,2023-05-05 03:10:00,6.24784578,-75.58135965,12.66,1468.804,23.937,13.770,223,14,28,,
T,2023-05-05 03:10:01,6.24774557,-75.58145769,12.68,1469.842,23.938,14.260,224,14,28,,
T,2023-05-05 03:10:02,6.24764101,-75.58155148,11.87,1471.952,23.939,14.720,226,12,28,,
T,2023-05-05 03:10:03,6.24754658,-75.58166539,11.46,1472.260,23.939,15.140,225,13,28,,
T,2023-05-05 03:10:04,6.24745358,-75.58176222,11.46,1472.214,23.940,15.260,224,13,28,,
T,2023-05-05 03:10:05,6.24734355,-75.58185642,11.29,1473.337,23.941,16.180,224,14,28,,
T,2023-05-05 03:10:06,6.24723288,-75.58195630,11.29,1474.099,23.942,16.630,225,14,28,,
T,2023-05-05 03:10:07,6.24711711,-75.58207059,10.84,1474.880,23.942,17.130,225,14,28,,
T,2023-05-05 03:10:08,6.24699583,-75.58218883,10.54,1476.554,23.943,17.450,224,16,28,,
T,2023-05-05 03:10:09,6.24688941,-75.58229894,10.36,1474.956,23.944,17.230,224,14,28,,
T,2023-05-05 03:10:10,6.24676807,-75.58240690,10.35,1476.808,23.945,17.140,224,14,28,,
T,2023-05-05 03:10:11,6.24665848,-75.58252311,10.36,1477.745,23.946,17.410,225,14,27,,
T,2023-05-05 03:10:12,6.24656383,-75.58264444,10.25,1478.244,23.946,16.910,225,14,28,,
T,2023-05-05 03:10:13,6.24647364,-75.58277179,10.23,1477.812,23.947,16.520,226,13,28,,
T,2023-05-05 03:10:14,6.24637958,-75.58286437,10.23,1477.195,23.948,15.430,225,13,28,,
T,2023-05-05 03:10:15,6.24628397,-75.58295458,10.36,1477.883,23.949,15.200,224,14,28,,
T,2023-05-05 03:10:16,6.24619298,-75.58304543,10.39,1477.807,23.949,14.050,225,15,28,,
T,2023-05-05 03:10:17,6.24609985,-75.58312867,10.58,1478.300,23.950,13.390,226,15,28,,
T,2023-05-05 03:10:18,6.24601196,-75.58321641,10.68,1479.225,23.950,13.170,225,15,28,,
T,2023-05-05 03:10:19,6.24594265,-75.58328691,10.84,1479.028,23.951,12.290,226,14,28,,
T,2023-05-05 03:10:20,6.24587664,-75.58335358,10.95,1479.527,23.951,11.460,226,15,28,,
T,2023-05-05 03:10:21,6.24581445,-75.58342087,11.06,1479.352,23.952,9.650,226,15,28,,
T,2023-05-05 03:10:22,6.24574928,-75.58348246,11.35,1481.076,23.952,9.510,225,15,27,,
T,2023-05-05 03:10:23,6.24569866,-75.58353330,11.21,1482.434,23.953,8.310,226,16,28,,
T,2023-05-05 03:10:24,6.24564623,-75.58357969,11.43,1483.964,23.953,7.300,224,17,28,,
T,2023-05-05 03:10:25,6.24559555,-75.58361235,11.70,1483.778,23.953,6.050,223,16,28,,
T,2023-05-05 03:10:26,6.24558198,-75.58361576,11.75,1482.837,23.953,3.620,222,16,28,,
T,2023-05-05 03:10:27,6.24556564,-75.58360904,11.79,1483.088,23.953,2.510,232,17,28,,
T,2023-05-05 03:10:28,6.24557626,-75.58359159,11.15,1482.164,23.953,0.290,232,18,28,,
T,2023-05-05 03:10:29,6.24557018,-75.58360332,11.02,1482.040,23.953,0.000,,18,28,,
T,2023-05-05 03:10:30,6.24556989,-75.58361042,11.46,1480.918,23.953,0.000,,17,28,,
T,2023-05-05 03:10:31,6.24557195,-75.58360992,12.16,1481.731,23.953,0.190,231,17,28,,
T,2023-05-05 03:10:32,6.24556460,-75.58361247,11.93,1481.016,23.953,0.320,231,17,28,,
T,2023-05-05 03:10:33,6.24555936,-75.58361137,11.70,1480.741,23.953,0.260,231,17,28,,
T,2023-05-05 03:10:34,6.24555584,-75.58361164,11.45,1481.734,23.953,0.000,,16,28,,
T,2023-05-05 03:10:35,6.24555405,-75.58361080,11.74,1481.904,23.953,0.000,,15,28,,
T,2023-05-05 03:10:36,6.24554453,-75.58360593,11.81,1482.344,23.953,0.000,,16,28,,
T,2023-05-05 03:10:37,6.24554547,-75.58360699,11.54,1481.253,23.953,0.000,,15,28,,
T,2023-05-05 03:10:38,6.24554095,-75.58360754,11.32,1480.559,23.953,0.000,,15,28,,
T,2023-05-05 03:10:39,6.24554392,-75.58360786,11.28,1480.089,23.953,0.000,,17,28,,
T,2023-05-05 03:10:40,6.24554358,-75.58360858,11.52,1481.306,23.953,0.000,,17,28,,
T,2023-05-05 03:10:41,6.24554515,-75.58360572,11.43,1481.661,23.953,0.000,,17,28,,
T,2023-05-05 03:10:42,6.24554625,-75.58360479,11.10,1482.566,23.953,0.000,,15,28,,
T,2023-05-05 03:10:43,6.24554822,-75.58360534,10.98,1482.898,23.953,0.000,,15,28,,
T,2023-05-05 03:10:44,6.24554781,-75.58360621,10.99,1483.044,23.953,0.000,,15,28,,
T,2023-05-05 03:10:45,6.24554634,-75.58360616,11.35,1483.387,23.953,0.000,,15,28,,
T,2023-05-05 03:10:46,6.24554339,-75.58360547,12.04,1483.722,23.953,0.000,,14,28,,
T,2023-05-05 03:10:47,6.24554404,-75.58360448,11.82,1483.657,23.953,0.000,,14,28,,
T,2023-05-05 03:10:48,6.24554384,-75.58360378,11.89,1483.742,23.953,0.000,,16,28,,
T,2023-05-05 03:10:49,6.24554354,-75.58360366,11.94,1483.757,23.953,0.000,,15,28,,
T,2023-05-05 03:10:50,6.24554313,-75.58360325,11.76,1483.879,23.953,0.000,,16,28,,
T,2023-05-05 03:10:51,6.24554303,-75.58360314,11.68,1483.883,23.953,0.000,,16,28,,
T,2023-05-05 03:10:52,6.24554313,-75.58360238,11.68,1483.942,23.953,0.000,,15,28,,
T,2023-05-05 03:10:53,6.24554295,-75.58360248,11.66,1483.918,23.953,0.000,,15,28,,
T,2023-05-05 03:10:54,6.24554368,-75.58360186,11.67,1483.825,23.953,0.000,,14,27,,
T,2023-05-05 03:10:55,6.24554356,-75.58360148,11.44,1483.854,23.953,0.000,,13,28,,
T,2023-05-05 03:10:56,6.24554316,-75.58360125,11.53,1483.891,23.953,0.000,,13,28,,
T,2023-05-05 03:10:57,6.24554345,-75.58360119,11.55,1483.902,23.953,0.000,,13,28,,
T,2023-05-05 03:10:58,6.24554329,-75.58360158,11.48,1483.869,23.953,0.000,,13,28,,
T,2023-05-05 03:10:59,6.24554284,-75.58360187,11.27,1483.854,23.953,0.000,,13,28,,
T,2023-05-05 03:11:00,6.24554291,-75.58360185,11.07,1483.860,23.953,0.000,,15,28,,
T,2023-05-05 03:11:01,6.24554290,-75.58360114,10.67,1484.012,23.953,0.000,,13,28,,
T,2023-05-05 03:11:02,6.24554323,-75.58360087,10.40,1483.980,23.953,0.000,,16,28,,
T,2023-05-05 03:11:03,6.24554318,-75.58360086,10.28,1483.981,23.953,0.000,,16,28,,
T,2023-05-05 03:11:04,6.24548082,-75.58367324,10.17,1483.999,23.954,6.170,224,16,28,,
T,2023-05-05 03:11:05,6.24544708,-75.58373271,10.17,1480.168,23.954,7.900,227,16,28,,
T,2023-05-05 03:11:06,6.24539429,-75.58379577,10.17,1479.514,23.955,9.560,227,16,28,,
T,2023-05-05 03:11:07,6.24534200,-75.58387418,10.35,1480.871,23.955,9.750,228,17,28,,
T,2023-05-05 03:11:08,6.24526462,-75.58394091,10.19,1481.055,23.956,11.470,227,17,28,,
T,2023-05-05 03:11:09,6.24518066,-75.58402347,10.19,1481.713,23.956,12.500,227,17,28,,
T,2023-05-05 03:11:10,6.24508609,-75.58410577,10.22,1482.646,23.957,13.340,225,17,28,,
T,2023-05-05 03:11:11,6.24499280,-75.58420147,10.36,1482.936,23.958,14.470,225,16,28,,
T,2023-05-05 03:11:12,6.24490218,-75.58429109,10.51,1483.068,23.958,14.400,226,16,28,,
T,2023-05-05 03:11:13,6.24481933,-75.58439829,10.71,1484.459,23.959,14.980,227,15,28,,
T,2023-05-05 03:11:14,6.24472202,-75.58451098,10.78,1485.831,23.960,15.440,227,16,28,,
T,2023-05-05 03:11:15,6.24461403,-75.58461777,10.81,1486.229,23.960,15.990,227,16,28,,
T,2023-05-05 03:11:16,6.24450974,-75.58472492,10.76,1486.019,23.961,16.370,226,16,28,,
T,2023-05-05 03:11:17,6.24441250,-75.58482245,10.83,1486.869,23.962,16.150,226,15,28,,
T,2023-05-05 03:11:18,6.24430673,-75.58493100,11.01,1486.868,23.963,16.260,226,15,28,,
T,2023-05-05 03:11:19,6.24421908,-75.58503694,10.95,1485.906,23.963,15.210,226,15,28,,
T,2023-05-05 03:11:20,6.24412172,-75.58513266,11.06,1485.089,23.964,14.710,227,13,28,,
T,2023-05-05 03:11:21,6.24402050,-75.58523465,11.31,1486.527,23.965,14.600,227,13,28,,
T,2023-05-05 03:11:22,6.24393034,-75.58531764,11.34,1486.948,23.965,14.220,226,13,28,,
T,2023-05-05 03:11:23,6.24383875,-75.58540415,11.51,1487.488,23.966,13.880,226,13,28,,
T,2023-05-05 03:11:24,6.24375997,-75.58548361,11.50,1488.954,23.967,13.980,225,14,28,,
T,2023-05-05 03:11:25,6.24367440,-75.58556620,11.39,1489.433,23.967,12.960,225,13,28,,
T,2023-05-05 03:11:26,6.24360134,-75.58565321,11.13,1488.343,23.968,12.220,226,14,28,,
T,2023-05-05 03:11:27,6.24352175,-75.58571588,10.95,1488.286,23.968,11.090,224,14,28,,
T,2023-05-05 03:11:28,6.24344997,-75.58577166,10.63,1489.245,23.969,9.790,225,14,28,,
T,2023-05-05 03:11:29,6.24339637,-75.58583841,10.45,1489.450,23.969,8.900,225,13,28,,
T,2023-05-05 03:11:30,6.24334416,-75.58589153,10.38,1489.915,23.970,8.500,225,13,28,,
T,2023-05-05 03:11:31,6.24328327,-75.58595119,10.39,1489.147,23.970,8.930,223,15,28,,
T,2023-05-05 03:11:32,6.24322147,-75.58600288,10.41,1488.730,23.970,9.030,223,15,27,,
T,2023-05-05 03:11:33,6.24315045,-75.58606680,10.17,1488.277,23.971,10.240,222,15,28,,
T,2023-05-05 03:11:34,6.24308728,-75.58614229,10.18,1487.604,23.971,10.720,222,15,28,,
T,2023-05-05 03:11:35,6.24300622,-75.58622365,10.14,1489.373,23.972,11.930,222,16,28,,
T,2023-05-05 03:11:36,6.24291775,-75.58630406,10.18,1490.008,23.973,13.010,223,15,28,,
T,2023-05-05 03:11:37,6.24282430,-75.58639550,10.19,1491.497,23.973,13.930,224,14,28,,
T,2023-05-05 03:11:38,6.24272906,-75.58648557,10.14,1492.326,23.974,14.400,225,14,28,,
T,2023-05-05 03:11:39,6.24263444,-75.58657250,10.26,1492.427,23.975,14.540,226,14,28,,
T,2023-05-05 03:11:40,6.24253771,-75.58666928,10.58,1491.371,23.975,14.880,226,15,28,,
T,2023-05-05 03:11:41,6.24245582,-75.58676032,10.51,1491.775,23.976,14.420,225,17,28,,
T,2023-05-05 03:11:42,6.24236258,-75.58685023,10.33,1492.543,23.976,14.040,226,17,28,,
T,2023-05-05 03:11:43,6.24227110,-75.58694318,10.24,1493.737,23.977,13.320,225,18,28,,
T,2023-05-05 03:11:44,6.24218410,-75.58702142,10.37,1493.521,23.978,12.870,224,18,28,,
T,2023-05-05 03:11:45,6.24211837,-75.58709233,10.35,1495.018,23.978,11.560,226,18,28,,
T,2023-05-05 03:11:46,6.24204948,-75.58716086,10.53,1495.140,23.979,11.290,225,17,28,,
T,2023-05-05 03:11:47,6.24197058,-75.58723864,10.79,1494.058,23.979,11.500,225,17,28,,
T,2023-05-05 03:11:48,6.24189945,-75.58731177,10.67,1494.151,23.980,11.670,225,17,28,,
T,2023-05-05 03:11:49,6.24182861,-75.58740360,10.75,1494.963,23.980,11.980,226,16,28,,
T,2023-05-05 03:11:50,6.24175190,-75.58748463,10.60,1495.482,23.981,12.690,227,15,28,,
T,2023-05-05 03:11:51,6.24165695,-75.58756774,10.48,1496.182,23.982,13.220,226,14,28,,
T,2023-05-05 03:11:52,6.24156705,-75.58764763,10.87,1495.322,23.982,13.370,227,17,28,,
T,2023-05-05 03:11:53,6.24147589,-75.58772733,11.63,1495.341,23.983,13.270,225,17,28,,
T,2023-05-05 03:11:54,6.24138426,-75.58781518,11.38,1494.012,23.983,13.450,225,16,28,,
T,2023-05-05 03:11:55,6.24128130,-75.58789603,11.45,1494.899,23.984,14.750,225,17,28,,
T,2023-05-05 03:11:56,6.24116356,-75.58800242,11.30,1495.552,23.985,15.470,226,17,28,,
T,2023-05-05 03:11:57,6.24105680,-75.58810814,10.84,1496.632,23.986,16.060,226,17,28,,
T,2023-05-05 03:11:58,6.24096852,-75.58822694,10.55,1498.030,23.986,16.590,226,16,28,,
T,2023-05-05 03:11:59,6.24087078,-75.58833634,10.26,1496.775,23.987,17.060,227,17,28,,
T,2023-05-05 03:12:00,6.24076295,-75.58845606,10.21,1496.940,23.988,17.580,227,18,28,,
T,2023-05-05 03:12:01,6.24065528,-75.58856531,10.27,1497.307,23.989,17.610,227,17,28,,
T,2023-05-05 03:12:02,6.24054077,-75.58867707,10.12,1496.963,23.990,17.160,225,18,28,,
T,2023-05-05 03:12:03,6.24042877,-75.58879125,10.07,1497.772,23.990,16.540,225,19,28,,
T,2023-05-05 03:12:04,6.24033790,-75.58890359,10.05,1498.043,23.991,15.960,226,19,28,,
T,2023-05-05 03:12:05,6.24023809,-75.58900495,10.03,1499.552,23.992,15.640,225,19,28,,
T,2023-05-05 03:12:06,6.24013542,-75.58910544,10.06,1499.314,23.993,15.550,224,19,28,,
T,2023-05-05 03:12:07,6.24002784,-75.58920195,10.35,1500.118,23.993,15.470,225,18,28,,
T,2023-05-05 03:12:08,6.23992599,-75.58930612,10.22,1500.921,23.994,15.360,225,18,28,,
T,2023-05-05 03:12:09,6.23983351,-75.58940706,10.11,1501.690,23.995,15.600,226,17,28,,
T,2023-05-05 03:12:10,6.23973192,-75.58950111,10.12,1502.898,23.995,15.740,225,16,28,,
T,2023-05-05 03:12:11,6.23962926,-75.58960600,10.01,1502.723,23.996,15.710,225,16,28,,
T,2023-05-05 03:12:12,6.23952244,-75.58970359,9.94,1502.951,23.997,15.690,224,16,28,,
T,2023-05-05 03:12:13,6.23942536,-75.58979467,9.94,1503.440,23.998,15.230,224,17,28,,
T,2023-05-05 03:12:14,6.23933037,-75.58988915,9.94,1504.316,23.998,15.300,224,16,28,,
T,2023-05-05 03:12:15,6.23923865,-75.58998592,9.94,1505.046,23.999,15.150,225,18,28,,
T,2023-05-05 03:12:16,6.23914481,-75.59008315,9.94,1505.524,24.000,14.980,225,17,28,,
T,2023-05-05 03:12:17,6.23904929,-75.59017551,9.94,1505.663,24.000,14.880,224,17,28,,
T,2023-05-05 03:12:18,6.23895831,-75.59027171,9.94,1505.483,24.001,14.770,224,17,27,,
T,2023-05-05 03:12:19,6.23886890,-75.59036891,9.94,1504.604,24.002,14.940,224,16,28,,
T,2023-05-05 03:12:20,6.23877617,-75.59045947,9.94,1504.815,24.002,14.780,223,17,28,,
T,2023-05-05 03:12:21,6.23867597,-75.59055052,9.94,1505.161,24.003,14.820,222,16,28,,
T,2023-05-05 03:12:22,6.23856558,-75.59064733,9.99,1505.965,24.004,15.340,222,17,28,,
T,2023-05-05 03:12:23,6.23847200,-75.59073810,9.94,1505.681,24.004,14.960,223,17,28,,
T,2023-05-05 03:12:24,6.23836893,-75.59083097,9.94,1505.498,24.005,14.540,223,18,28,,
T,2023-05-05 03:12:25,6.23827301,-75.59092047,9.94,1504.959,24.006,14.380,223,18,28,,
T,2023-05-05 03:12:26,6.23818231,-75.59101312,9.94,1505.414,24.006,14.180,224,17,28,,
T,2023-05-05 03:12:27,6.23808672,-75.59110028,10.11,1505.064,24.007,14.100,224,17,28,,
T,2023-05-05 03:12:28,6.23799588,-75.59119587,9.94,1503.700,24.008,14.030,223,17,28,,
T,2023-05-05 03:12:29,6.23790407,-75.59127835,10.10,1503.071,24.008,14.830,224,17,28,,
T,2023-05-05 03:12:30,6.23780757,-75.59137539,10.20,1501.944,24.009,15.310,225,16,28,,
T,2023-05-05 03:12:31,6.23771022,-75.59148716,9.94,1500.241,24.010,16.490,226,17,28,,
T,2023-05-05 03:12:32,6.23760528,-75.59160433,9.94,1500.861,24.011,17.150,227,19,28,,
T,2023-05-05 03:12:33,6.23748707,-75.59171668,9.94,1502.459,24.011,17.250,228,17,28,,
T,2023-05-05 03:12:34,6.23738218,-75.59183169,9.94,1502.810,24.012,16.890,228,18,28,,
T,2023-05-05 03:12:35,6.23727613,-75.59193862,10.09,1503.555,24.013,16.830,227,18,28,,
T,2023-05-05 03:12:36,6.23716871,-75.59204477,10.19,1503.998,24.014,16.760,227,18,28,,
T,2023-05-05 03:12:37,6.23706540,-75.59216172,10.12,1504.274,24.014,16.760,227,18,28,,
T,2023-05-05 03:12:38,6.23695533,-75.59226433,10.19,1504.558,24.015,16.700,226,17,28,,
T,2023-05-05 03:12:39,6.23685319,-75.59237631,10.22,1504.485,24.016,16.710,225,18,28,,
T,2023-05-05 03:12:40,6.23675090,-75.59247783,10.14,1505.513,24.017,16.590,226,18,28,,
T,2023-05-05 03:12:41,6.23664744,-75.59257819,10.14,1506.681,24.017,16.410,225,18,28,,
T,2023-05-05 03:12:42,6.23654767,-75.59267761,10.06,1507.627,24.018,16.600,226,18,28,,
T,2023-05-05 03:12:43,6.23644973,-75.59279642,10.18,1508.500,24.019,16.620,226,18,28,,
T,2023-05-05 03:12:44,6.23634883,-75.59290846,10.29,1508.109,24.020,16.660,226,18,28,,
T,2023-05-05 03:12:45,6.23625071,-75.59300625,10.43,1508.785,24.020,16.360,226,16,28,,
T,2023-05-05 03:12:46,6.23614854,-75.59310881,10.75,1508.569,24.021,16.360,226,17,28,,
T,2023-05-05 03:12:47,6.23605299,-75.59320723,10.71,1508.165,24.022,15.530,226,17,28,,
T,2023-05-05 03:12:48,6.23595520,-75.59330755,10.90,1507.773,24.023,15.630,227,17,28,,
T,2023-05-05 03:12:49,6.23586437,-75.59340297,11.26,1508.013,24.023,15.050,227,16,28,,
T,2023-05-05 03:12:50,6.23577406,-75.59350948,11.82,1507.378,24.024,14.840,227,15,28,,
T,2023-05-05 03:12:51,6.23567326,-75.59362971,12.92,1507.151,24.025,15.520,227,14,27,,
T,2023-05-05 03:12:52,6.23555907,-75.59374762,13.55,1508.093,24.026,16.390,228,13,28,,
T,2023-05-05 03:12:53,6.23548639,-75.59382702,14.31,1508.184,24.026,14.600,227,14,28,,
T,2023-05-05 03:12:54,6.23539911,-75.59391362,15.11,1507.588,24.027,14.320,226,12,28,,
T,2023-05-05 03:12:55,6.23529905,-75.59402120,15.23,1506.898,24.028,14.940,226,12,28,,
T,2023-05-05 03:12:56,6.23519363,-75.59413608,15.17,1507.503,24.028,15.220,226,13,28,,
T,2023-05-05 03:12:57,6.23507498,-75.59425036,13.77,1508.520,24.029,15.290,226,14,26,,
T,2023-05-05 03:12:58,6.23497788,-75.59434591,13.15,1508.773,24.030,14.930,226,14,28,,
T,2023-05-05 03:12:59,6.23487233,-75.59444305,13.17,1508.683,24.031,15.010,226,12,28,,
T,2023-05-05 03:13:00,6.23480077,-75.59453531,13.16,1507.559,24.031,14.430,226,13,28,,
T,2023-05-05 03:13:01,6.23469604,-75.59463023,13.41,1508.410,24.032,14.560,225,14,28,,
T,2023-05-05 03:13:02,6.23462537,-75.59468791,12.78,1508.270,24.032,13.470,226,13,28,,
T,2023-05-05 03:13:03,6.23455200,-75.59476705,12.34,1507.988,24.033,12.300,225,13,28,,
T,2023-05-05 03:13:04,6.23446144,-75.59484252,12.25,1509.104,24.033,12.440,225,13,28,,
T,2023-05-05 03:13:05,6.23437227,-75.59492672,11.92,1508.367,24.034,12.220,226,14,28,,
T,2023-05-05 03:13:06,6.23429212,-75.59501123,12.03,1508.785,24.035,12.150,225,14,28,,
T,2023-05-05 03:13:07,6.23422529,-75.59507386,11.92,1509.121,24.035,10.200,224,14,28,,
T,2023-05-05 03:13:08,6.23417929,-75.59512469,11.82,1511.039,24.036,8.560,224,14,28,,
T,2023-05-05 03:13:09,6.23411831,-75.59517047,11.72,1511.407,24.036,8.330,226,14,28,,
T,2023-05-05 03:13:10,6.23405661,-75.59521613,11.35,1512.470,24.036,8.500,226,14,28,,
T,2023-05-05 03:13:11,6.23399526,-75.59528134,11.43,1511.754,24.037,9.170,226,14,28,,
T,2023-05-05 03:13:12,6.23392942,-75.59532933,11.51,1511.939,24.037,9.580,224,14,28,,
T,2023-05-05 03:13:13,6.23386027,-75.59540996,11.54,1512.137,24.038,10.770,224,14,28,,
T,2023-05-05 03:13:14,6.23379743,-75.59549174,11.33,1513.383,24.038,11.660,226,14,28,,
T,2023-05-05 03:13:15,6.23371942,-75.59556924,11.41,1514.113,24.039,11.570,226,14,28,,
T,2023-05-05 03:13:16,6.23365379,-75.59565047,11.62,1515.361,24.039,11.660,227,13,28,,
T,2023-05-05 03:13:17,6.23359119,-75.59573996,12.09,1517.041,24.040,11.500,226,14,28,,
T,2023-05-05 03:13:18,6.23353305,-75.59579776,12.16,1517.423,24.040,10.490,227,14,28,,
T,2023-05-05 03:13:19,6.23346043,-75.59586900,12.44,1516.973,24.041,10.730,227,13,28,,
T,2023-05-05 03:13:20,6.23339889,-75.59593241,12.53,1515.993,24.041,9.770,226,12,28,,
T,2023-05-05 03:13:21,6.23333859,-75.59599211,12.56,1516.428,24.042,9.670,227,13,28,,
T,2023-05-05 03:13:22,6.23329030,-75.59605183,12.41,1515.704,24.042,8.600,224,13,28,,
T,2023-05-05 03:13:23,6.23323252,-75.59610295,12.20,1515.339,24.042,6.950,224,13,28,,
T,2023-05-05 03:13:24,6.23317867,-75.59612571,12.06,1516.255,24.043,5.210,222,13,28,,
T,2023-05-05 03:13:25,6.23314108,-75.59614570,11.64,1517.425,24.043,3.490,222,14,28,,
T,2023-05-05 03:13:26,6.23312383,-75.59615835,11.43,1518.831,24.043,2.710,230,15,28,,
T,2023-05-05 03:13:27,6.23311121,-75.59615703,11.11,1519.122,24.043,0.340,228,14,28,,
T,2023-05-05 03:13:28,6.23311141,-75.59615989,11.00,1519.111,24.043,0.000,,14,28,,
T,2023-05-05 03:13:29,6.23311641,-75.59615331,10.86,1518.676,24.043,0.000,,14,28,,
T,2023-05-05 03:13:30,6.23311714,-75.59614690,10.88,1518.010,24.043,0.000,,14,28,,
T,2023-05-05 03:13:31,6.23311146,-75.59614581,10.96,1517.904,24.043,0.000,,14,28,,
T,2023-05-05 03:13:32,6.23310713,-75.59614514,11.02,1517.663,24.043,0.000,,15,28,,
T,2023-05-05 03:13:33,6.23310369,-75.59614551,11.02,1517.162,24.043,0.000,,16,28,,
T,2023-05-05 03:13:34,6.23310003,-75.59614755,10.99,1516.591,24.043,0.000,,14,28,,
T,2023-05-05 03:13:35,6.23309852,-75.59615060,11.03,1516.729,24.043,0.000,,14,28,,
T,2023-05-05 03:13:36,6.23309559,-75.59615222,10.82,1516.677,24.043,0.000,,14,28,,
T,2023-05-05 03:13:37,6.23309398,-75.59615378,10.67,1516.130,24.043,0.000,,13,28,,
T,2023-05-05 03:13:38,6.23309450,-75.59615245,10.65,1515.711,24.043,0.000,,14,28,,
T,2023-05-05 03:13:39,6.23309229,-75.59615151,10.52,1515.839,24.043,0.000,,13,28,,
T,2023-05-05 03:13:40,6.23309076,-75.59615094,10.33,1515.854,24.043,0.000,,15,28,,
T,2023-05-05 03:13:41,6.23309076,-75.59615122,10.34,1515.783,24.043,0.000,,15,28,,
T,2023-05-05 03:13:42,6.23309059,-75.59615136,10.46,1515.831,24.043,0.000,,15,28,,
T,2023-05-05 03:13:43,6.23309055,-75.59615159,10.74,1515.915,24.043,0.000,,15,28,,
T,2023-05-05 03:13:44,6.23308974,-75.59615135,10.92,1516.076,24.043,0.000,,15,28,,
T,2023-05-05 03:13:45,6.23308827,-75.59615105,10.92,1516.384,24.043,0.000,,15,28,,
T,2023-05-05 03:13:46,6.23308595,-75.59615030,10.93,1516.675,24.043,0.000,,14,28,,
T,2023-05-05 03:13:47,6.23308482,-75.59614964,11.01,1516.855,24.043,0.000,,14,28,,
T,2023-05-05 03:13:48,6.23308364,-75.59614929,11.03,1517.088,24.043,0.000,,15,28,,
T,2023-05-05 03:13:49,6.23308227,-75.59614912,10.83,1517.322,24.043,0.000,,15,28,,
T,2023-05-05 03:13:50,6.23308146,-75.59614877,10.70,1517.440,24.043,0.000,,15,28,,
T,2023-05-05 03:13:51,6.23304436,-75.59617450,10.49,1517.312,24.043,3.950,213,15,27,,
T,2023-05-05 03:13:52,6.23300220,-75.59620611,10.43,1516.656,24.043,4.290,218,17,28,,
T,2023-05-05 03:13:53,6.23295800,-75.59623698,10.26,1515.816,24.044,4.820,211,17,28,,
T,2023-05-05 03:13:54,6.23290328,-75.59627758,10.31,1516.103,24.044,5.630,214,16,28,,
T,2023-05-05 03:13:55,6.23286574,-75.59630994,10.50,1516.518,24.044,5.380,223,17,28,,
T,2023-05-05 03:13:56,6.23283770,-75.59635145,10.72,1517.106,24.045,4.900,238,17,28,,
T,2023-05-05 03:13:57,6.23281744,-75.59640027,10.99,1516.980,24.045,5.320,256,17,28,,
T,2023-05-05 03:13:58,6.23282369,-75.59647335,10.71,1516.208,24.045,6.460,267,16,28,,
T,2023-05-05 03:13:59,6.23283312,-75.59652056,10.85,1515.273,24.045,6.560,267,17,28,,
T,2023-05-05 03:14:00,6.23283472,-75.59657638,11.11,1515.640,24.046,6.330,269,16,28,,
T,2023-05-05 03:14:01,6.23283163,-75.59662888,11.13,1515.335,24.046,5.930,268,15,28,,
T,2023-05-05 03:14:02,6.23283294,-75.59668638,11.41,1514.550,24.046,5.890,271,16,28,,
T,2023-05-05 03:14:03,6.23283581,-75.59672036,11.47,1514.925,24.046,4.480,275,14,28,,
T,2023-05-05 03:14:04,6.23283385,-75.59677539,11.62,1514.862,24.047,5.380,276,14,28,,
T,2023-05-05 03:14:05,6.23283795,-75.59681041,11.70,1513.963,24.047,4.110,271,12,28,,
T,2023-05-05 03:14:06,6.23283066,-75.59683972,11.78,1514.613,24.047,3.320,271,12,28,,
T,2023-05-05 03:14:07,6.23282370,-75.59687027,11.81,1514.548,24.047,3.030,272,12,28,,
T,2023-05-05 03:14:08,6.23283429,-75.59689352,11.91,1514.547,24.047,2.630,299,10,28,,
T,2023-05-05 03:14:09,6.23287990,-75.59689159,11.58,1513.954,24.047,2.560,338,13,28,,
T,2023-05-05 03:14:10,6.23288640,-75.59688521,11.61,1514.467,24.047,1.820,355,14,27,,
T,2023-05-05 03:14:11,6.23290637,-75.59689041,11.67,1512.768,24.047,2.300,356,15,28,,
T,2023-05-05 03:14:12,6.23293206,-75.59689502,11.72,1513.390,24.047,3.220,5,14,28,,
T,2023-05-05 03:14:13,6.23295794,-75.59690366,11.76,1513.138,24.047,3.380,358,13,28,,
T,2023-05-05 03:14:14,6.23298207,-75.59691130,11.74,1511.043,24.047,2.840,359,13,28,,
T,2023-05-05 03:14:15,6.23300631,-75.59691779,12.13,1508.647,24.047,2.900,3,13,28,,
T,2023-05-05 03:14:16,6.23302819,-75.59692489,11.92,1509.519,24.047,2.700,12,12,28,,
T,2023-05-05 03:14:17,6.23304972,-75.59693452,12.02,1509.905,24.047,2.040,11,11,28,,
T,2023-05-05 03:14:18,6.23306051,-75.59694442,11.91,1508.644,24.047,0.960,13,12,28,,
T,2023-05-05 03:14:19,6.23307243,-75.59694969,11.87,1507.125,24.047,0.720,28,11,28,,
T,2023-05-05 03:14:20,6.23308770,-75.59694843,11.62,1507.540,24.047,1.240,38,12,27,,
T,2023-05-05 03:14:21,6.23311441,-75.59695317,11.91,1507.519,24.047,2.230,14,12,28,,
T,2023-05-05 03:14:22,6.23313044,-75.59695880,12.02,1506.094,24.047,0.960,359,14,28,,
T,2023-05-05 03:14:23,6.23314857,-75.59696249,11.85,1507.067,24.047,1.110,355,15,28,,
T,2023-05-05 03:14:24,6.23315870,-75.59695954,12.05,1506.151,24.047,1.060,348,15,28,,
T,2023-05-05 03:14:25,6.23316642,-75.59696104,12.46,1506.456,24.047,0.710,332,15,28,,
T,2023-05-05 03:14:26,6.23318366,-75.59696809,12.50,1507.202,24.047,1.200,342,14,27,,
T,2023-05-05 03:14:27,6.23319598,-75.59697057,11.73,1507.802,24.047,0.550,354,16,28,,
T,2023-05-05 03:14:28,6.23320682,-75.59696996,11.31,1507.493,24.047,0.590,6,16,28,,
T,2023-05-05 03:14:29,6.23321516,-75.59696991,11.08,1507.945,24.047,0.360,359,15,28,,
T,2023-05-05 03:14:30,6.23321917,-75.59697210,10.83,1508.903,24.047,0.000,,16,28,,
T,2023-05-05 03:14:31,6.23322254,-75.59697389,10.66,1508.354,24.047,0.000,,16,28,,
T,2023-05-05 03:14:32,6.23322701,-75.59697123,10.51,1508.577,24.047,0.000,,17,28,,
T,2023-05-05 03:14:33,6.23323182,-75.59696905,10.42,1508.786,24.047,0.000,,17,28,,
T,2023-05-05 03:14:34,6.23323616,-75.59696893,10.37,1509.945,24.047,0.000,,17,28,,
T,2023-05-05 03:14:35,6.23324189,-75.59696785,10.32,1510.067,24.047,0.000,,18,28,,
T,2023-05-05 03:14:36,6.23324332,-75.59696816,10.36,1510.147,24.047,0.000,,16,28,,
T,2023-05-05 03:14:37,6.23324409,-75.59697004,10.22,1510.691,24.047,0.000,,16,28,,
T,2023-05-05 03:14:38,6.23324498,-75.59697041,10.21,1511.264,24.047,0.000,,16,28,,
T,2023-05-05 03:14:39,6.23324817,-75.59697213,10.30,1511.968,24.047,0.000,,16,28,,
T,2023-05-05 03:14:40,6.23325033,-75.59697308,10.30,1512.227,24.047,0.000,,16,28,,
T,2023-05-05 03:14:41,6.23325220,-75.59697356,10.47,1512.376,24.047,0.000,,15,28,,
T,2023-05-05 03:14:42,6.23325398,-75.59697440,10.50,1512.572,24.047,0.000,,14,28,,
T,2023-05-05 03:14:43,6.23325664,-75.59697620,10.41,1512.824,24.047,0.000,,14,28,,
T,2023-05-05 03:14:44,6.23325890,-75.59697765,10.43,1513.029,24.047,0.000,,14,28,,
T,2023-05-05 03:14:45,6.23325951,-75.59697787,10.10,1513.056,24.047,0.000,,14,28,,
T,2023-05-05 03:14:46,6.23326401,-75.59697900,9.94,1513.271,24.047,0.240,320,16,28,,
T,2023-05-05 03:14:47,6.23326803,-75.59697559,9.94,1512.826,24.047,0.340,123,15,28,,
T,2023-05-05 03:14:48,6.23327524,-75.59697159,9.94,1513.313,24.047,0.000,,15,28,,
T,2023-05-05 03:14:49,6.23327627,-75.59697052,9.94,1513.641,24.047,0.000,,15,28,,
T,2023-05-05 03:14:50,6.23327945,-75.59696961,9.94,1513.246,24.047,0.000,,15,28,,
T,2023-05-05 03:14:51,6.23328408,-75.59696852,9.94,1513.506,24.047,0.000,,16,28,,
T,2023-05-05 03:14:52,6.23329089,-75.59697010,9.94,1513.877,24.047,0.000,,14,28,,
T,2023-05-05 03:14:53,6.23329329,-75.59697172,9.94,1513.928,24.047,0.000,,14,27,,
T,2023-05-05 03:14:54,6.23329569,-75.59697073,9.94,1514.278,24.047,0.000,,14,28,,
T,2023-05-05 03:14:55,6.23330015,-75.59697144,9.94,1514.739,24.047,0.000,,15,28,,
T,2023-05-05 03:14:56,6.23330105,-75.59697120,10.26,1515.268,24.047,0.000,,15,28,,
T,2023-05-05 03:14:57,6.23330500,-75.59697250,9.94,1515.452,24.047,0.000,,14,28,,
T,2023-05-05 03:14:58,6.23330688,-75.59697489,9.94,1516.165,24.047,0.000,,16,28,,
T,2023-05-05 03:14:59,6.23330774,-75.59697516,9.94,1516.640,24.047,0.000,,16,27,,
T,2023-05-05 03:15:00,6.23330900,-75.59697606,9.94,1516.822,24.047,0.000,,16,28,,
T,2023-05-05 03:15:01,6.23330961,-75.59697637,9.94,1516.488,24.047,0.000,,16,28,,
T,2023-05-05 03:15:02,6.23330921,-75.59697631,9.94,1516.788,24.047,0.000,,16,28,,
T,2023-05-05 03:15:03,6.23330655,-75.59696591,9.94,1516.592,24.047,0.700,105,17,28,,
T,2023-05-05 03:15:04,6.23330083,-75.59696072,9.94,1518.399,24.047,0.710,116,16,28,,
T,2023-05-05 03:15:05,6.23328987,-75.59695982,9.94,1518.774,24.047,0.670,156,18,28,,
T,2023-05-05 03:15:06,6.23327914,-75.59696182,9.94,1518.206,24.047,0.640,193,17,28,,
T,2023-05-05 03:15:07,6.23326913,-75.59696421,10.06,1516.224,24.047,0.850,193,17,28,,
T,2023-05-05 03:15:08,6.23325910,-75.59696789,10.34,1516.155,24.047,0.630,197,17,28,,
T,2023-05-05 03:15:09,6.23324963,-75.59696925,10.71,1515.407,24.047,0.640,187,17,28,,
T,2023-05-05 03:15:10,6.23324131,-75.59696887,11.09,1514.565,24.047,0.660,178,17,28,,
T,2023-05-05 03:15:11,6.23323339,-75.59697258,11.58,1515.072,24.047,0.560,192,17,28,,
T,2023-05-05 03:15:12,6.23322506,-75.59697983,11.72,1514.354,24.047,0.770,202,17,28,,
T,2023-05-05 03:15:13,6.23320977,-75.59700685,11.27,1514.481,24.047,2.130,230,16,28,,
T,2023-05-05 03:15:14,6.23319496,-75.59703335,11.51,1516.331,24.047,1.770,234,16,28,,
T,2023-05-05 03:15:15,6.23318176,-75.59705053,11.89,1517.222,24.047,1.660,232,17,28,,
T,2023-05-05 03:15:16,6.23316748,-75.59707232,11.84,1517.158,24.048,1.750,233,17,28,,
T,2023-05-05 03:15:17,6.23315986,-75.59707803,12.05,1517.066,24.048,1.230,231,16,28,,
T,2023-05-05 03:15:18,6.23315218,-75.59707642,11.98,1516.839,24.048,1.270,218,15,28,,
T,2023-05-05 03:15:19,6.23314462,-75.59708133,11.70,1516.826,24.048,0.750,202,16,28,,
T,2023-05-05 03:15:20,6.23313070,-75.59708434,11.53,1517.006,24.048,1.480,195,16,28,,
