type,date time,latitude,longitude,accuracy(m),altitude(m),geoid_height(m),speed(m/s),bearing(deg),sat_used,sat_inview,name,desc
T,2023-03-22 11:47:50.097,6.17105833,-75.59457000,1.80,1529.644,24.156,1.114,47,18,39,20230322-064750,GPS Logger: 20230322-064750 - NMax_viaje_4
T,2023-03-22 11:47:52,6.17106333,-75.59456333,1.90,1528.144,24.156,0.030,47,24,39,,
T,2023-03-22 11:47:53,6.17106667,-75.59456833,1.80,1527.144,24.156,0.018,47,24,39,,
T,2023-03-22 11:47:54,6.17106167,-75.59457000,1.80,1527.044,24.156,0.016,47,15,39,,
T,2023-03-22 11:47:55,6.17106167,-75.59457000,1.80,1527.144,24.156,0.015,47,15,39,,
T,2023-03-22 11:47:56,6.17105833,-75.59457167,1.80,1526.744,24.156,0.137,210,19,39,,
T,2023-03-22 11:47:57,6.17105833,-75.59457500,1.70,1526.844,24.156,0.059,176,15,39,,
T,2023-03-22 11:47:58,6.17106000,-75.59457667,1.70,1527.444,24.156,0.043,306,14,39,,
T,2023-03-22 11:48:00,6.17106000,-75.59457833,1.60,1528.144,24.156,0.047,111,20,39,,
T,2023-03-22 11:48:01,6.17106167,-75.59458167,1.60,1528.644,24.156,0.085,359,21,39,,
T,2023-03-22 11:48:02,6.17106167,-75.59458333,1.60,1529.144,24.156,0.100,32,21,39,,
T,2023-03-22 11:48:03,6.17106667,-75.59458667,1.50,1529.944,24.156,0.118,8,23,39,,
T,2023-03-22 11:48:04,6.17107167,-75.59459167,1.50,1530.344,24.156,0.103,350,23,39,,
T,2023-03-22 11:48:05,6.17107500,-75.59459667,1.50,1530.744,24.156,0.100,341,25,39,,
T,2023-03-22 11:48:06,6.17108000,-75.59459667,1.50,1530.944,24.156,0.107,17,25,39,,
T,2023-03-22 11:48:07,6.17108167,-75.59459500,1.50,1531.144,24.156,0.101,60,25,39,,
T,2023-03-22 11:48:08,6.17108500,-75.59459667,1.50,1531.344,24.156,0.101,49,25,39,,
T,2023-03-22 11:48:09,6.17108500,-75.59460000,1.50,1531.544,24.156,0.100,296,24,39,,
T,2023-03-22 11:48:10,6.17109000,-75.59460333,1.50,1531.944,24.156,0.109,335,24,39,,
T,2023-03-22 11:48:11,6.17109000,-75.59460333,1.50,1532.244,24.156,0.118,348,24,39,,
T,2023-03-22 11:48:12,6.17109333,-75.59460333,1.50,1532.444,24.156,0.131,15,24,39,,
T,2023-03-22 11:48:13,6.17111167,-75.59459000,1.60,1532.644,24.156,0.477,41,23,39,,
T,2023-03-22 11:48:14,6.17114667,-75.59456167,1.80,1532.644,24.156,4.359,45,23,39,,
T,2023-03-22 11:48:15,6.17118000,-75.59452667,2.20,1532.645,24.155,5.039,50,23,39,,
T,2023-03-22 11:48:16,6.17123333,-75.59447667,2.30,1532.645,24.155,7.260,46,22,39,,
T,2023-03-22 11:48:17,6.17131167,-75.59440333,2.00,1533.146,24.154,9.788,47,25,39,,
T,2023-03-22 11:48:18,6.17139000,-75.59431667,1.90,1533.346,24.154,11.229,46,25,39,,
T,2023-03-22 11:48:19,6.17147167,-75.59423500,1.90,1533.847,24.153,12.043,45,25,39,,
T,2023-03-22 11:48:20,6.17155000,-75.59415500,1.80,1534.447,24.153,12.623,45,26,39,,
T,2023-03-22 11:48:21,6.17163167,-75.59407000,1.90,1534.648,24.152,13.151,44,25,39,,
T,2023-03-22 11:48:22,6.17171667,-75.59398167,1.90,1535.049,24.151,13.633,43,25,39,,
T,2023-03-22 11:48:23,6.17181333,-75.59389333,2.10,1535.149,24.151,14.110,44,25,39,,
T,2023-03-22 11:48:24,6.17191167,-75.59380000,2.00,1535.350,24.150,14.728,45,26,39,,
T,2023-03-22 11:48:25,6.17201167,-75.59370667,1.80,1535.251,24.149,15.139,43,27,39,,
T,2023-03-22 11:48:26,6.17212000,-75.59361167,2.00,1535.351,24.149,15.797,44,27,39,,
T,2023-03-22 11:48:27,6.17222000,-75.59351667,2.10,1534.952,24.148,16.114,47,27,39,,
T,2023-03-22 11:48:28,6.17232167,-75.59341500,2.10,1535.053,24.147,16.715,44,27,39,,
T,2023-03-22 11:48:29,6.17242833,-75.59332000,2.00,1535.153,24.147,16.517,43,26,39,,
T,2023-03-22 11:48:30,6.17253333,-75.59322667,2.00,1536.054,24.146,16.331,43,26,39,,
T,2023-03-22 11:48:31,6.17264167,-75.59312667,2.10,1537.055,24.145,16.176,40,27,39,,
T,2023-03-22 11:48:32,6.17275333,-75.59303167,2.00,1537.656,24.144,16.142,40,27,39,,
T,2023-03-22 11:48:33,6.17286500,-75.59294500,1.90,1538.656,24.144,15.985,40,27,39,,
T,2023-03-22 11:48:34,6.17297500,-75.59284667,2.00,1539.557,24.143,16.019,37,26,39,,
T,2023-03-22 11:48:35,6.17309333,-75.59275667,2.00,1540.358,24.142,16.178,38,27,39,,
T,2023-03-22 11:48:36,6.17321167,-75.59266000,1.90,1540.658,24.142,16.795,37,27,39,,
T,2023-03-22 11:48:37,6.17333667,-75.59256667,2.00,1540.359,24.141,17.473,36,27,39,,
T,2023-03-22 11:48:38,6.17346667,-75.59247000,2.00,1540.960,24.140,17.508,35,28,39,,
T,2023-03-22 11:48:39,6.17359667,-75.59237333,1.90,1541.961,24.139,17.933,34,28,39,,
T,2023-03-22 11:48:40,6.17373167,-75.59228500,1.90,1542.061,24.139,18.195,35,28,39,,
T,2023-03-22 11:48:41,6.17386667,-75.59218667,1.90,1542.262,24.138,18.575,36,28,39,,
T,2023-03-22 11:48:42,6.17400500,-75.59209333,1.90,1541.563,24.137,18.840,36,28,39,,
T,2023-03-22 11:48:43,6.17414333,-75.59199667,1.90,1541.064,24.136,18.623,36,28,39,,
T,2023-03-22 11:48:44,6.17427500,-75.59189500,2.00,1540.665,24.135,18.435,36,28,39,,
T,2023-03-22 11:48:45,6.17440500,-75.59180167,2.00,1539.565,24.135,17.957,37,27,39,,
T,2023-03-22 11:48:46,6.17454167,-75.59170167,1.90,1537.566,24.134,17.956,35,27,39,,
T,2023-03-22 11:48:47,6.17467667,-75.59161833,1.90,1535.367,24.133,17.600,34,28,39,,
T,2023-03-22 11:48:48,6.17481667,-75.59153167,2.00,1533.567,24.133,17.721,34,27,39,,
T,2023-03-22 11:48:49,6.17496167,-75.59144667,1.90,1532.168,24.132,17.758,36,27,39,,
T,2023-03-22 11:48:50,6.17508333,-75.59134667,1.90,1530.869,24.131,17.379,35,28,39,,
T,2023-03-22 11:48:51,6.17521167,-75.59125667,2.00,1529.370,24.130,17.405,34,28,39,,
T,2023-03-22 11:48:52,6.17533833,-75.59116667,1.80,1527.670,24.130,16.889,34,28,39,,
T,2023-03-22 11:48:53,6.17546500,-75.59108500,1.70,1526.871,24.129,16.449,35,27,39,,
T,2023-03-22 11:48:54,6.17558167,-75.59100167,1.60,1525.872,24.128,16.189,35,27,39,,
T,2023-03-22 11:48:55,6.17569833,-75.59091667,1.60,1525.172,24.128,15.722,37,26,39,,
T,2023-03-22 11:48:56,6.17580333,-75.59083333,2.10,1525.073,24.127,15.074,36,26,39,,
T,2023-03-22 11:48:57,6.17591333,-75.59075333,1.90,1524.174,24.126,15.351,35,26,39,,
T,2023-03-22 11:48:58,6.17602667,-75.59067167,1.90,1523.974,24.126,15.193,35,26,39,,
T,2023-03-22 11:48:59,6.17614000,-75.59059167,1.80,1524.075,24.125,15.426,35,24,39,,
T,2023-03-22 11:49:00,6.17625000,-75.59051500,1.80,1523.176,24.124,15.124,36,25,39,,
T,2023-03-22 11:49:01,6.17635667,-75.59043333,1.90,1522.576,24.124,15.145,36,24,39,,
T,2023-03-22 11:49:02,6.17646167,-75.59035667,2.00,1521.977,24.123,14.361,37,25,39,,
T,2023-03-22 11:49:03,6.17656167,-75.59028833,2.00,1521.377,24.123,13.127,35,25,39,,
T,2023-03-22 11:49:04,6.17665833,-75.59022833,2.10,1520.878,24.122,11.894,33,23,39,,
T,2023-03-22 11:49:05,6.17675000,-75.59017000,2.10,1519.978,24.122,11.470,33,23,39,,
T,2023-03-22 11:49:06,6.17684167,-75.59011000,2.10,1519.379,24.121,11.346,33,21,39,,
T,2023-03-22 11:49:07,6.17693333,-75.59005000,2.10,1518.679,24.121,11.529,33,23,39,,
T,2023-03-22 11:49:08,6.17702333,-75.58999167,2.10,1517.980,24.120,11.820,35,24,39,,
T,2023-03-22 11:49:09,6.17711500,-75.58992333,2.00,1517.580,24.120,12.160,35,23,39,,
T,2023-03-22 11:49:10,6.17720333,-75.58985667,2.00,1517.281,24.119,12.021,37,23,39,,
T,2023-03-22 11:49:11,6.17729000,-75.58979167,2.00,1516.881,24.119,12.004,37,23,39,,
T,2023-03-22 11:49:12,6.17737833,-75.58971667,1.90,1517.082,24.118,12.353,38,23,39,,
T,2023-03-22 11:49:13,6.17747333,-75.58965000,1.90,1516.982,24.118,12.958,37,23,39,,
T,2023-03-22 11:49:14,6.17757167,-75.58958000,1.80,1517.383,24.117,13.059,36,23,39,,
T,2023-03-22 11:49:15,6.17767500,-75.58950167,1.90,1517.484,24.116,13.597,37,24,39,,
T,2023-03-22 11:49:16,6.17777833,-75.58941833,1.90,1517.484,24.116,13.784,37,23,39,,
T,2023-03-22 11:49:17,6.17788167,-75.58933667,2.00,1517.585,24.115,13.906,37,23,39,,
T,2023-03-22 11:49:18,6.17798333,-75.58925667,1.90,1517.486,24.114,13.807,36,23,39,,
T,2023-03-22 11:49:19,6.17808000,-75.58918833,2.00,1517.486,24.114,13.042,34,23,39,,
T,2023-03-22 11:49:20,6.17817667,-75.58911833,2.10,1517.387,24.113,12.552,35,22,39,,
T,2023-03-22 11:49:21,6.17827667,-75.58906167,2.50,1517.687,24.113,12.365,35,20,39,,
T,2023-03-22 11:49:22,6.17836500,-75.58900500,2.60,1519.188,24.112,11.604,35,21,39,,
T,2023-03-22 11:49:23,6.17845167,-75.58896000,2.50,1520.488,24.112,10.923,35,21,39,,
T,2023-03-22 11:49:24,6.17853500,-75.58890833,2.60,1521.388,24.112,10.722,34,21,39,,
T,2023-03-22 11:49:25,6.17862833,-75.58886167,2.60,1522.789,24.111,9.640,36,21,39,,
T,2023-03-22 11:49:26,6.17869333,-75.58881500,2.60,1524.389,24.111,8.894,36,21,39,,
T,2023-03-22 11:49:27,6.17874500,-75.58878000,2.60,1525.390,24.110,7.611,38,20,39,,
T,2023-03-22 11:49:28,6.17878000,-75.58875500,2.60,1526.590,24.110,6.078,42,20,39,,
T,2023-03-22 11:49:29,6.17881000,-75.58872667,2.50,1526.990,24.110,4.899,42,20,39,,
T,2023-03-22 11:49:30,6.17882667,-75.58871833,2.40,1526.290,24.110,3.538,42,20,39,,
T,2023-03-22 11:49:31,6.17884500,-75.58869500,2.30,1525.890,24.110,3.077,38,20,39,,
T,2023-03-22 11:49:32,6.17885667,-75.58867833,2.30,1525.590,24.110,2.609,43,20,39,,
T,2023-03-22 11:49:33,6.17886833,-75.58865500,2.20,1525.690,24.110,2.892,48,20,39,,
T,2023-03-22 11:49:34,6.17890333,-75.58862667,2.10,1526.091,24.109,4.322,41,21,39,,
T,2023-03-22 11:49:35,6.17895333,-75.58859333,2.10,1526.291,24.109,6.030,36,22,39,,
T,2023-03-22 11:49:36,6.17901500,-75.58855500,2.10,1526.791,24.109,7.027,37,23,39,,
T,2023-03-22 11:49:37,6.17909333,-75.58850000,2.00,1527.592,24.108,8.351,37,23,39,,
T,2023-03-22 11:49:38,6.17917667,-75.58844333,1.90,1527.892,24.108,9.754,36,23,39,,
T,2023-03-22 11:49:39,6.17926667,-75.58838333,2.20,1527.893,24.107,9.621,36,23,39,,
T,2023-03-22 11:49:40,6.17935667,-75.58831667,2.00,1527.393,24.107,10.208,36,23,39,,
T,2023-03-22 11:49:41,6.17944333,-75.58825167,1.90,1527.394,24.106,10.222,37,23,39,,
T,2023-03-22 11:49:42,6.17952333,-75.58819333,1.80,1526.694,24.106,10.262,36,23,39,,
T,2023-03-22 11:49:43,6.17961167,-75.58812667,2.00,1526.095,24.105,10.675,37,22,39,,
T,2023-03-22 11:49:44,6.17969500,-75.58806667,2.00,1525.395,24.105,11.022,37,22,39,,
T,2023-03-22 11:49:45,6.17977667,-75.58800667,1.90,1524.896,24.104,11.687,36,22,39,,
T,2023-03-22 11:49:46,6.17986667,-75.58794667,2.00,1524.396,24.104,11.788,35,22,39,,
T,2023-03-22 11:49:47,6.17995833,-75.58788333,2.00,1524.797,24.103,11.348,36,22,39,,
T,2023-03-22 11:49:48,6.18003833,-75.58782500,2.00,1524.097,24.103,11.309,36,22,39,,
T,2023-03-22 11:49:49,6.18012000,-75.58776500,2.10,1524.597,24.103,10.802,37,23,39,,
T,2023-03-22 11:49:50,6.18018667,-75.58771333,2.20,1523.698,24.102,10.249,38,23,39,,
T,2023-03-22 11:49:51,6.18025833,-75.58766167,2.30,1523.098,24.102,10.245,42,22,39,,
T,2023-03-22 11:49:52,6.18032333,-75.58761000,2.50,1522.799,24.101,9.926,42,22,39,,
T,2023-03-22 11:49:53,6.18039500,-75.58757333,2.50,1522.999,24.101,10.020,39,22,39,,
T,2023-03-22 11:49:54,6.18047333,-75.58752000,2.50,1522.599,24.101,10.184,35,20,38,,
T,2023-03-22 11:49:55,6.18055000,-75.58747333,2.50,1521.900,24.100,9.050,36,20,38,,
T,2023-03-22 11:49:56,6.18061000,-75.58741833,2.40,1521.000,24.100,8.561,36,23,38,,
T,2023-03-22 11:49:57,6.18066500,-75.58736833,2.30,1520.001,24.099,9.050,38,22,38,,
T,2023-03-22 11:49:58,6.18074167,-75.58731000,2.50,1519.701,24.099,9.607,40,20,38,,
T,2023-03-22 11:49:59,6.18082667,-75.58725167,2.50,1518.602,24.098,9.893,39,21,38,,
T,2023-03-22 11:50:00,6.18091667,-75.58719833,2.40,1518.402,24.098,10.322,38,22,38,,
T,2023-03-22 11:50:01,6.18099833,-75.58714000,2.20,1518.102,24.098,9.959,36,22,38,,
T,2023-03-22 11:50:02,6.18107000,-75.58709000,2.30,1517.603,24.097,9.419,36,21,38,,
T,2023-03-22 11:50:03,6.18113667,-75.58703667,2.30,1517.203,24.097,9.065,35,21,38,,
T,2023-03-22 11:50:04,6.18121333,-75.58698000,2.20,1516.704,24.096,9.756,36,22,38,,
T,2023-03-22 11:50:05,6.18128333,-75.58693000,2.10,1516.204,24.096,9.910,36,23,38,,
T,2023-03-22 11:50:06,6.18135833,-75.58687667,2.00,1516.105,24.095,10.154,36,23,38,,
T,2023-03-22 11:50:07,6.18142833,-75.58682500,2.00,1516.205,24.095,10.141,35,23,38,,
T,2023-03-22 11:50:08,6.18150000,-75.58677000,2.00,1516.105,24.095,10.428,38,24,38,,
T,2023-03-22 11:50:09,6.18156500,-75.58671333,2.00,1515.806,24.094,10.006,40,24,38,,
T,2023-03-22 11:50:10,6.18163333,-75.58666000,2.00,1515.706,24.094,9.803,38,23,38,,
T,2023-03-22 11:50:11,6.18170667,-75.58660833,2.10,1515.507,24.093,10.095,36,24,38,,
T,2023-03-22 11:50:12,6.18178833,-75.58655167,2.10,1515.207,24.093,10.179,37,23,38,,
T,2023-03-22 11:50:13,6.18186333,-75.58649667,2.10,1514.808,24.092,9.788,39,21,38,,
T,2023-03-22 11:50:14,6.18193333,-75.58644500,2.10,1514.208,24.092,9.444,39,21,38,,
T,2023-03-22 11:50:15,6.18200167,-75.58639333,2.10,1513.708,24.092,9.694,38,22,38,,
T,2023-03-22 11:50:16,6.18207167,-75.58633500,2.10,1513.009,24.091,9.293,39,22,38,,
T,2023-03-22 11:50:17,6.18213500,-75.58628333,2.10,1512.709,24.091,8.117,40,20,38,,
T,2023-03-22 11:50:18,6.18219000,-75.58624333,2.20,1512.309,24.091,6.762,40,19,38,,
T,2023-03-22 11:50:19,6.18223000,-75.58621167,2.10,1511.710,24.090,5.339,41,21,38,,
T,2023-03-22 11:50:20,6.18226167,-75.58618667,2.10,1511.510,24.090,4.177,40,21,38,,
T,2023-03-22 11:50:21,6.18228167,-75.58617333,2.10,1511.410,24.090,2.936,41,20,38,,
T,2023-03-22 11:50:22,6.18229000,-75.58616000,2.00,1511.110,24.090,1.826,42,20,38,,
T,2023-03-22 11:50:23,6.18230000,-75.58615000,2.00,1511.510,24.090,1.936,44,19,38,,
T,2023-03-22 11:50:24,6.18231500,-75.58613833,2.00,1512.110,24.090,1.727,47,19,38,,
T,2023-03-22 11:50:25,6.18232667,-75.58612833,2.10,1512.610,24.090,1.859,45,19,38,,
T,2023-03-22 11:50:26,6.18233833,-75.58611667,2.10,1513.110,24.090,1.892,45,20,38,,
T,2023-03-22 11:50:27,6.18236833,-75.58610000,2.00,1514.011,24.089,3.595,38,20,38,,
T,2023-03-22 11:50:28,6.18239833,-75.58607333,2.00,1514.411,24.089,4.263,44,20,38,,
T,2023-03-22 11:50:29,6.18244000,-75.58603500,2.10,1514.611,24.089,5.636,38,20,38,,
T,2023-03-22 11:50:30,6.18249500,-75.58599833,2.20,1514.811,24.089,6.600,37,20,38,,
T,2023-03-22 11:50:31,6.18255333,-75.58595500,2.20,1514.812,24.088,7.454,42,19,38,,
T,2023-03-22 11:50:32,6.18261000,-75.58590167,2.30,1515.412,24.088,8.554,43,20,38,,
T,2023-03-22 11:50:33,6.18265833,-75.58585000,2.20,1515.412,24.088,7.843,44,20,38,,
T,2023-03-22 11:50:34,6.18270500,-75.58579500,2.10,1514.413,24.087,7.947,45,21,38,,
T,2023-03-22 11:50:35,6.18278833,-75.58573333,2.20,1515.213,24.087,8.924,43,20,38,,
T,2023-03-22 11:50:36,6.18286500,-75.58566500,2.20,1516.014,24.086,8.713,42,20,38,,
T,2023-03-22 11:50:37,6.18293167,-75.58559833,2.20,1516.714,24.086,8.228,44,22,38,,
T,2023-03-22 11:50:38,6.18299333,-75.58554167,2.10,1516.815,24.085,7.701,45,22,39,,
T,2023-03-22 11:50:39,6.18304500,-75.58549167,2.10,1516.815,24.085,6.942,48,23,39,,
T,2023-03-22 11:50:40,6.18308667,-75.58544500,2.00,1516.615,24.085,6.371,49,22,39,,
T,2023-03-22 11:50:41,6.18313000,-75.58540000,2.00,1516.316,24.084,6.611,46,22,39,,
T,2023-03-22 11:50:42,6.18317667,-75.58535000,2.00,1515.916,24.084,7.376,46,22,39,,
T,2023-03-22 11:50:43,6.18323167,-75.58529167,1.90,1515.316,24.084,7.946,46,22,39,,
T,2023-03-22 11:50:44,6.18328000,-75.58523667,1.90,1514.817,24.083,7.648,49,22,39,,
T,2023-03-22 11:50:45,6.18332500,-75.58518333,1.90,1514.617,24.083,7.004,52,22,39,,
T,2023-03-22 11:50:46,6.18337167,-75.58513333,1.90,1514.518,24.082,6.733,48,23,39,,
T,2023-03-22 11:50:47,6.18341000,-75.58509167,2.00,1514.418,24.082,6.093,48,23,39,,
T,2023-03-22 11:50:48,6.18344667,-75.58505333,2.00,1514.218,24.082,5.413,50,23,39,,
T,2023-03-22 11:50:49,6.18347667,-75.58502000,2.00,1514.018,24.082,4.471,50,23,39,,
T,2023-03-22 11:50:50,6.18350333,-75.58498667,2.10,1513.919,24.081,4.099,55,23,39,,
T,2023-03-22 11:50:51,6.18353833,-75.58494500,2.10,1513.719,24.081,5.333,52,21,39,,
T,2023-03-22 11:50:52,6.18357667,-75.58490833,2.20,1513.219,24.081,4.909,48,22,39,,
T,2023-03-22 11:50:53,6.18360833,-75.58487833,2.00,1512.919,24.081,3.949,42,22,39,,
T,2023-03-22 11:50:54,6.18364500,-75.58485333,2.10,1513.020,24.080,3.552,46,22,39,,
T,2023-03-22 11:50:55,6.18367333,-75.58483500,2.10,1513.220,24.080,2.620,43,21,39,,
T,2023-03-22 11:50:56,6.18370667,-75.58481667,2.10,1514.520,24.080,3.014,35,21,39,,
T,2023-03-22 11:50:57,6.18374167,-75.58479833,2.10,1516.020,24.080,3.370,38,23,39,,
T,2023-03-22 11:50:58,6.18378167,-75.58476167,2.10,1517.320,24.080,4.488,47,23,39,,
T,2023-03-22 11:50:59,6.18383000,-75.58471833,2.10,1518.521,24.079,5.412,46,22,39,,
T,2023-03-22 11:51:00,6.18387333,-75.58468000,2.20,1519.121,24.079,5.668,44,22,39,,
T,2023-03-22 11:51:01,6.18391333,-75.58464000,2.20,1519.521,24.079,5.815,52,22,39,,
T,2023-03-22 11:51:02,6.18394500,-75.58460167,2.30,1520.221,24.079,5.032,51,22,39,,
T,2023-03-22 11:51:03,6.18398167,-75.58456500,2.20,1520.022,24.078,5.008,46,23,39,,
T,2023-03-22 11:51:04,6.18401833,-75.58452333,2.10,1520.122,24.078,5.392,50,23,39,,
T,2023-03-22 11:51:05,6.18405833,-75.58447833,2.10,1519.822,24.078,6.199,49,23,39,,
T,2023-03-22 11:51:06,6.18409833,-75.58442333,2.10,1519.623,24.077,6.888,53,24,39,,
T,2023-03-22 11:51:07,6.18414833,-75.58435667,2.20,1519.323,24.077,7.889,49,23,39,,
T,2023-03-22 11:51:08,6.18420500,-75.58428167,2.20,1519.124,24.076,9.114,50,23,39,,
T,2023-03-22 11:51:09,6.18427667,-75.58419667,2.30,1518.224,24.076,10.608,50,23,39,,
T,2023-03-22 11:51:10,6.18436000,-75.58411333,2.20,1518.125,24.075,11.362,46,24,39,,
T,2023-03-22 11:51:11,6.18444000,-75.58403000,2.00,1517.825,24.075,11.111,47,25,39,,
T,2023-03-22 11:51:12,6.18452167,-75.58394833,1.90,1516.826,24.074,10.973,46,24,39,,
T,2023-03-22 11:51:13,6.18460333,-75.58387333,1.80,1516.627,24.073,10.732,45,24,39,,
T,2023-03-22 11:51:14,6.18467333,-75.58380500,1.70,1516.127,24.073,9.892,47,24,39,,
T,2023-03-22 11:51:15,6.18473667,-75.58374167,1.70,1516.227,24.073,8.817,45,24,39,,
T,2023-03-22 11:51:16,6.18479333,-75.58368667,1.80,1516.328,24.072,7.687,43,24,39,,
T,2023-03-22 11:51:17,6.18483667,-75.58364500,1.90,1516.428,24.072,6.264,45,24,39,,
T,2023-03-22 11:51:18,6.18486167,-75.58361167,2.10,1516.528,24.072,3.690,46,24,39,,
T,2023-03-22 11:51:19,6.18487833,-75.58359833,2.10,1516.329,24.071,2.510,46,24,39,,
T,2023-03-22 11:51:20,6.18489333,-75.58358333,2.10,1516.729,24.071,2.667,42,24,39,,
T,2023-03-22 11:51:21,6.18491167,-75.58356167,2.10,1517.029,24.071,3.035,45,23,39,,
T,2023-03-22 11:51:22,6.18493667,-75.58354000,2.10,1516.929,24.071,3.843,50,22,39,,
T,2023-03-22 11:51:23,6.18497000,-75.58351000,2.10,1516.529,24.071,4.585,46,24,39,,
T,2023-03-22 11:51:24,6.18501167,-75.58347667,2.10,1516.129,24.071,5.326,45,24,39,,
T,2023-03-22 11:51:25,6.18504500,-75.58344833,2.10,1515.730,24.070,4.809,48,24,39,,
T,2023-03-22 11:51:26,6.18508500,-75.58341667,2.20,1515.530,24.070,4.330,47,24,39,,
T,2023-03-22 11:51:27,6.18511667,-75.58338667,2.20,1515.030,24.070,3.877,48,24,39,,
T,2023-03-22 11:51:28,6.18513833,-75.58336167,2.10,1514.430,24.070,3.557,47,24,39,,
T,2023-03-22 11:51:29,6.18515500,-75.58333667,2.00,1514.330,24.070,2.557,50,24,39,,
T,2023-03-22 11:51:30,6.18517000,-75.58332333,1.90,1515.231,24.069,1.199,50,24,39,,
T,2023-03-22 11:51:31,6.18518000,-75.58331500,1.80,1515.531,24.069,0.000,,24,39,,
T,2023-03-22 11:51:32,6.18518167,-75.58331500,1.80,1515.331,24.069,0.000,,24,39,,
T,2023-03-22 11:51:33,6.18518167,-75.58331333,1.80,1515.331,24.069,0.000,,24,39,,
T,2023-03-22 11:51:34,6.18518167,-75.58331333,1.80,1515.331,24.069,0.000,,25,39,,
T,2023-03-22 11:51:35,6.18518167,-75.58331333,1.90,1515.331,24.069,0.000,,24,39,,
T,2023-03-22 11:51:36,6.18518167,-75.58331333,1.90,1515.331,24.069,0.000,,23,39,,
T,2023-03-22 11:51:37,6.18518167,-75.58331333,1.90,1515.331,24.069,0.000,,23,39,,
T,2023-03-22 11:51:38,6.18518167,-75.58331333,1.90,1515.331,24.069,0.000,,22,39,,
T,2023-03-22 11:51:39,6.18518167,-75.58331333,1.90,1515.331,24.069,0.000,,23,39,,
T,2023-03-22 11:51:40,6.18518167,-75.58331333,1.90,1515.331,24.069,0.000,,24,39,,
T,2023-03-22 11:51:41,6.18518167,-75.58331333,1.90,1515.331,24.069,0.000,,24,39,,
T,2023-03-22 11:51:42,6.18518167,-75.58331333,1.90,1515.331,24.069,0.000,,24,39,,
T,2023-03-22 11:51:43,6.18518167,-75.58331333,1.90,1515.331,24.069,0.000,,24,39,,
T,2023-03-22 11:51:44,6.18518167,-75.58331333,1.90,1515.331,24.069,0.000,,24,39,,
T,2023-03-22 11:51:45,6.18518167,-75.58331333,1.90,1515.331,24.069,0.000,,24,39,,
T,2023-03-22 11:51:46,6.18518167,-75.58331333,1.90,1515.331,24.069,0.000,,24,39,,
T,2023-03-22 11:51:47,6.18518167,-75.58331333,1.80,1515.331,24.069,0.000,,24,39,,
T,2023-03-22 11:51:48,6.18518167,-75.58331333,1.70,1515.331,24.069,0.000,,24,39,,
T,2023-03-22 11:51:49,6.18518167,-75.58331333,1.70,1515.331,24.069,0.000,,24,39,,
T,2023-03-22 11:51:50,6.18518167,-75.58331333,1.70,1515.331,24.069,0.000,,24,39,,
T,2023-03-22 11:51:51,6.18518167,-75.58331333,1.70,1515.331,24.069,0.000,,24,39,,
T,2023-03-22 11:51:52,6.18518167,-75.58331333,1.70,1515.331,24.069,0.000,,24,39,,
T,2023-03-22 11:51:53,6.18518167,-75.58331333,1.70,1515.331,24.069,0.000,,24,39,,
T,2023-03-22 11:51:54,6.18518167,-75.58331333,1.70,1515.331,24.069,0.000,,23,39,,
T,2023-03-22 11:51:55,6.18518167,-75.58331333,1.70,1515.331,24.069,0.000,,23,39,,
T,2023-03-22 11:51:56,6.18518167,-75.58331333,1.70,1515.331,24.069,0.000,,23,39,,
T,2023-03-22 11:51:57,6.18518167,-75.58331333,1.70,1515.331,24.069,0.000,,23,39,,
T,2023-03-22 11:51:58,6.18518167,-75.58331333,1.70,1515.331,24.069,0.000,,23,39,,
T,2023-03-22 11:51:59,6.18518167,-75.58331333,1.80,1515.331,24.069,0.000,,24,39,,
T,2023-03-22 11:52:00,6.18518167,-75.58331333,1.70,1515.331,24.069,0.000,,24,39,,
T,2023-03-22 11:52:01,6.18518167,-75.58331333,1.70,1515.331,24.069,0.000,,24,39,,
T,2023-03-22 11:52:02,6.18518167,-75.58331333,1.70,1515.331,24.069,0.000,,24,39,,
T,2023-03-22 11:52:03,6.18518167,-75.58331333,1.70,1515.331,24.069,0.000,,24,39,,
T,2023-03-22 11:52:04,6.18518167,-75.58331333,1.80,1515.331,24.069,0.000,,24,39,,
T,2023-03-22 11:52:05,6.18518167,-75.58331333,1.80,1515.331,24.069,0.000,,25,39,,
T,2023-03-22 11:52:06,6.18518167,-75.58331333,1.70,1515.331,24.069,0.000,,25,39,,
T,2023-03-22 11:52:07,6.18518167,-75.58331333,1.70,1515.331,24.069,0.000,,25,39,,
T,2023-03-22 11:52:08,6.18518167,-75.58331333,1.60,1515.331,24.069,0.000,,25,39,,
T,2023-03-22 11:52:09,6.18518167,-75.58331333,1.60,1515.331,24.069,0.000,,25,39,,
T,2023-03-22 11:52:10,6.18518167,-75.58331333,1.60,1515.331,24.069,0.000,,25,39,,
T,2023-03-22 11:52:11,6.18518167,-75.58331333,1.50,1515.331,24.069,0.000,,25,39,,
T,2023-03-22 11:52:12,6.18518167,-75.58331333,1.60,1515.331,24.069,0.000,,24,39,,
T,2023-03-22 11:52:13,6.18521333,-75.58327500,1.70,1518.231,24.069,3.672,44,24,39,,
T,2023-03-22 11:52:14,6.18525000,-75.58323500,1.90,1518.131,24.069,5.794,44,24,39,,
T,2023-03-22 11:52:15,6.18530500,-75.58318500,1.90,1518.332,24.068,7.725,42,25,39,,
T,2023-03-22 11:52:16,6.18537333,-75.58311667,2.00,1518.932,24.068,9.634,45,25,39,,
T,2023-03-22 11:52:17,6.18544500,-75.58303667,2.10,1519.233,24.067,10.538,46,25,39,,
T,2023-03-22 11:52:18,6.18552000,-75.58295333,2.10,1519.733,24.067,10.248,46,22,39,,
T,2023-03-22 11:52:19,6.18558333,-75.58287167,2.00,1521.034,24.066,10.574,47,23,39,,
T,2023-03-22 11:52:20,6.18566000,-75.58278500,2.00,1521.434,24.066,11.768,45,25,39,,
T,2023-03-22 11:52:21,6.18574333,-75.58270167,2.10,1521.435,24.065,12.113,45,25,39,,
T,2023-03-22 11:52:22,6.18582833,-75.58262167,2.10,1520.935,24.065,12.686,45,24,39,,
T,2023-03-22 11:52:23,6.18591833,-75.58253833,1.90,1519.836,24.064,13.418,42,26,39,,
T,2023-03-22 11:52:24,6.18601500,-75.58245833,1.90,1520.837,24.063,13.954,41,26,39,,
T,2023-03-22 11:52:25,6.18611500,-75.58237667,2.00,1520.437,24.063,14.118,40,24,39,,
T,2023-03-22 11:52:26,6.18621167,-75.58231000,2.10,1521.238,24.062,13.834,38,26,39,,
T,2023-03-22 11:52:27,6.18631667,-75.58223667,2.20,1520.438,24.062,14.396,36,26,39,,
T,2023-03-22 11:52:28,6.18642500,-75.58215833,2.00,1518.639,24.061,14.217,36,26,39,,
T,2023-03-22 11:52:29,6.18653833,-75.58208333,2.10,1517.540,24.060,15.194,34,26,39,,
T,2023-03-22 11:52:30,6.18666167,-75.58201667,2.20,1518.040,24.060,15.518,33,25,39,,
T,2023-03-22 11:52:31,6.18678333,-75.58193833,1.90,1518.441,24.059,15.766,31,25,39,,
T,2023-03-22 11:52:32,6.18690667,-75.58186500,1.80,1518.142,24.058,15.821,29,24,39,,
T,2023-03-22 11:52:33,6.18703000,-75.58179833,1.80,1518.242,24.058,15.593,28,23,39,,
T,2023-03-22 11:52:34,6.18715667,-75.58173333,2.20,1519.143,24.057,16.212,26,24,39,,
T,2023-03-22 11:52:35,6.18730000,-75.58166833,2.10,1518.943,24.057,17.021,24,24,39,,
T,2023-03-22 11:52:36,6.18744500,-75.58160333,1.90,1518.444,24.056,16.711,24,25,39,,
T,2023-03-22 11:52:37,6.18758500,-75.58154333,1.90,1517.845,24.055,16.828,23,25,39,,
T,2023-03-22 11:52:38,6.18772667,-75.58148000,1.80,1516.945,24.055,16.168,23,25,39,,
T,2023-03-22 11:52:39,6.18787167,-75.58142500,2.00,1517.446,24.054,15.893,22,24,39,,
T,2023-03-22 11:52:40,6.18800167,-75.58137333,1.90,1517.646,24.054,14.931,24,24,39,,
T,2023-03-22 11:52:41,6.18811833,-75.58132667,2.30,1517.247,24.053,14.351,20,23,39,,
T,2023-03-22 11:52:42,6.18823833,-75.58128333,2.10,1517.947,24.053,13.859,22,22,39,,
T,2023-03-22 11:52:43,6.18834333,-75.58124333,2.00,1517.448,24.052,11.496,23,22,39,,
T,2023-03-22 11:52:44,6.18843333,-75.58120333,2.00,1517.248,24.052,11.467,27,21,39,,
T,2023-03-22 11:52:45,6.18852500,-75.58116333,1.90,1516.848,24.052,11.071,23,22,39,,
T,2023-03-22 11:52:46,6.18862000,-75.58112667,1.90,1516.749,24.051,11.376,26,20,39,,
T,2023-03-22 11:52:47,6.18872000,-75.58108500,2.10,1516.549,24.051,11.737,25,19,39,,
T,2023-03-22 11:52:48,6.18882167,-75.58104167,2.10,1517.150,24.050,11.337,24,20,39,,
T,2023-03-22 11:52:49,6.18892000,-75.58099833,2.10,1517.250,24.050,11.134,23,21,39,,
T,2023-03-22 11:52:50,6.18901000,-75.58096500,2.10,1517.250,24.050,10.023,23,21,39,,
T,2023-03-22 11:52:51,6.18909167,-75.58093500,2.10,1516.651,24.049,9.099,23,21,39,,
T,2023-03-22 11:52:52,6.18916667,-75.58090500,2.10,1515.751,24.049,8.462,24,22,39,,
T,2023-03-22 11:52:53,6.18923667,-75.58087167,2.10,1515.651,24.049,8.308,23,20,39,,
T,2023-03-22 11:52:54,6.18930167,-75.58082333,2.10,1515.552,24.048,8.870,24,20,39,,
T,2023-03-22 11:52:55,6.18937000,-75.58076333,2.10,1515.352,24.048,9.240,24,20,39,,
T,2023-03-22 11:52:56,6.18945167,-75.58072333,2.10,1515.652,24.048,9.558,22,20,39,,
T,2023-03-22 11:52:57,6.18953667,-75.58069167,2.00,1515.553,24.047,10.105,22,20,39,,
T,2023-03-22 11:52:58,6.18962500,-75.58064833,2.20,1515.653,24.047,10.459,23,20,39,,
T,2023-03-22 11:52:59,6.18971833,-75.58060500,1.90,1514.854,24.046,10.670,23,21,39,,
T,2023-03-22 11:53:00,6.18980500,-75.58056333,2.20,1513.554,24.046,10.222,24,20,39,,
T,2023-03-22 11:53:01,6.18989167,-75.58053500,2.10,1513.354,24.046,10.379,23,22,39,,
T,2023-03-22 11:53:02,6.18998500,-75.58049833,2.10,1513.255,24.045,10.656,21,22,39,,
T,2023-03-22 11:53:03,6.19007500,-75.58046500,2.00,1513.155,24.045,10.291,21,22,39,,
T,2023-03-22 11:53:04,6.19016333,-75.58043333,2.20,1513.055,24.045,10.573,21,22,39,,
T,2023-03-22 11:53:05,6.19025833,-75.58040000,2.20,1513.056,24.044,10.314,17,22,39,,
T,2023-03-22 11:53:06,6.19035000,-75.58037500,2.10,1511.956,24.044,10.298,17,22,39,,
T,2023-03-22 11:53:07,6.19044500,-75.58034667,2.20,1510.456,24.044,10.045,18,21,39,,
T,2023-03-22 11:53:08,6.19053167,-75.58032000,2.00,1509.857,24.043,10.529,18,22,39,,
T,2023-03-22 11:53:09,6.19062333,-75.58029667,1.90,1509.557,24.043,10.354,17,21,39,,
T,2023-03-22 11:53:10,6.19072333,-75.58027500,2.00,1508.957,24.043,10.256,15,21,39,,
T,2023-03-22 11:53:11,6.19082000,-75.58026000,2.00,1509.558,24.042,10.463,13,22,39,,
T,2023-03-22 11:53:12,6.19091667,-75.58024833,2.10,1510.658,24.042,10.843,11,22,39,,
T,2023-03-22 11:53:13,6.19101667,-75.58022833,2.00,1510.758,24.042,11.552,12,21,39,,
T,2023-03-22 11:53:14,6.19111833,-75.58019833,2.20,1511.058,24.042,12.009,14,20,39,,
T,2023-03-22 11:53:15,6.19122500,-75.58016167,2.10,1510.659,24.041,12.033,13,20,39,,
T,2023-03-22 11:53:16,6.19133833,-75.58013000,2.20,1510.959,24.041,11.822,11,22,39,,
T,2023-03-22 11:53:17,6.19143500,-75.58012000,2.20,1511.359,24.041,11.570,9,22,39,,
T,2023-03-22 11:53:18,6.19154333,-75.58011000,2.20,1511.560,24.040,11.734,7,23,39,,
T,2023-03-22 11:53:19,6.19165333,-75.58010500,2.20,1511.360,24.040,12.260,7,24,39,,
T,2023-03-22 11:53:20,6.19176833,-75.58010833,2.30,1510.860,24.040,12.678,4,24,39,,
T,2023-03-22 11:53:21,6.19188833,-75.58011667,2.30,1510.660,24.040,13.435,2,25,39,,
T,2023-03-22 11:53:22,6.19201833,-75.58012333,2.10,1509.961,24.039,13.958,2,24,39,,
T,2023-03-22 11:53:23,6.19215000,-75.58010167,2.00,1509.561,24.039,14.575,6,23,39,,
T,2023-03-22 11:53:24,6.19228667,-75.58007833,2.00,1510.161,24.039,14.904,8,22,39,,
T,2023-03-22 11:53:25,6.19242167,-75.58004667,1.90,1508.962,24.038,15.387,10,22,39,,
T,2023-03-22 11:53:26,6.19256667,-75.58000833,1.90,1508.862,24.038,15.534,12,24,39,,
T,2023-03-22 11:53:27,6.19270167,-75.57997000,2.00,1509.963,24.037,15.696,14,24,39,,
T,2023-03-22 11:53:28,6.19284833,-75.57993500,1.90,1511.163,24.037,15.686,15,25,39,,
T,2023-03-22 11:53:29,6.19298000,-75.57989833,1.90,1512.064,24.036,15.697,17,24,39,,
T,2023-03-22 11:53:30,6.19311333,-75.57985667,1.90,1513.064,24.036,15.720,17,24,39,,
T,2023-03-22 11:53:31,6.19324167,-75.57981333,2.00,1514.165,24.035,15.367,16,25,39,,
T,2023-03-22 11:53:32,6.19337833,-75.57978333,1.90,1515.865,24.035,15.251,15,24,39,,
T,2023-03-22 11:53:33,6.19351667,-75.57975833,2.00,1516.765,24.035,15.290,13,24,39,,
T,2023-03-22 11:53:34,6.19365000,-75.57972167,2.00,1517.766,24.034,15.319,14,23,39,,
T,2023-03-22 11:53:35,6.19378500,-75.57968333,2.00,1518.866,24.034,15.169,13,24,39,,
T,2023-03-22 11:53:36,6.19392000,-75.57964667,1.80,1519.767,24.033,14.886,14,25,39,,
T,2023-03-22 11:53:37,6.19405167,-75.57960333,1.90,1520.167,24.033,14.978,16,25,39,,
T,2023-03-22 11:53:38,6.19417833,-75.57956500,1.80,1520.168,24.032,14.880,16,25,39,,
T,2023-03-22 11:53:39,6.19431000,-75.57953667,1.80,1520.868,24.032,14.788,15,25,39,,
T,2023-03-22 11:53:40,6.19444333,-75.57950500,1.80,1521.468,24.032,14.982,16,25,39,,
T,2023-03-22 11:53:41,6.19457500,-75.57947000,1.80,1521.269,24.031,15.317,17,25,39,,
T,2023-03-22 11:53:42,6.19470500,-75.57942833,1.80,1521.669,24.031,15.427,18,25,39,,
T,2023-03-22 11:53:43,6.19483833,-75.57938500,1.80,1520.870,24.030,15.459,17,25,39,,
T,2023-03-22 11:53:44,6.19496833,-75.57934167,1.80,1520.270,24.030,14.905,21,25,39,,
T,2023-03-22 11:53:45,6.19509833,-75.57928500,1.80,1520.371,24.029,14.873,22,26,39,,
T,2023-03-22 11:53:46,6.19521500,-75.57922667,1.80,1519.771,24.029,14.898,24,26,39,,
T,2023-03-22 11:53:47,6.19533667,-75.57917333,1.70,1518.672,24.028,15.352,24,26,39,,
T,2023-03-22 11:53:48,6.19546333,-75.57912167,1.70,1517.472,24.028,15.183,24,27,39,,
T,2023-03-22 11:53:49,6.19558667,-75.57907333,1.80,1516.373,24.027,14.910,23,26,39,,
T,2023-03-22 11:53:50,6.19570833,-75.57902000,1.90,1514.373,24.027,14.532,24,27,39,,
T,2023-03-22 11:53:51,6.19582500,-75.57895833,1.90,1513.374,24.026,13.677,23,26,39,,
T,2023-03-22 11:53:52,6.19593667,-75.57891333,1.80,1513.174,24.026,13.638,23,25,39,,
T,2023-03-22 11:53:53,6.19604667,-75.57886833,1.90,1512.575,24.025,13.499,23,26,39,,
T,2023-03-22 11:53:54,6.19616000,-75.57882167,1.80,1511.075,24.025,13.471,24,25,39,,
T,2023-03-22 11:53:55,6.19627500,-75.57877000,1.80,1510.076,24.024,13.507,24,25,39,,
T,2023-03-22 11:53:56,6.19638500,-75.57872000,1.80,1509.976,24.024,13.469,24,25,39,,
T,2023-03-22 11:53:57,6.19649833,-75.57866333,1.90,1508.777,24.023,13.483,24,25,39,,
T,2023-03-22 11:53:58,6.19660667,-75.57861667,1.90,1508.377,24.023,13.507,23,26,39,,
T,2023-03-22 11:53:59,6.19671833,-75.57857500,1.90,1507.178,24.022,13.221,24,25,39,,
T,2023-03-22 11:54:00,6.19682833,-75.57853000,2.00,1506.878,24.022,13.089,26,26,39,,
T,2023-03-22 11:54:01,6.19693333,-75.57848167,2.00,1505.679,24.021,13.062,24,26,39,,
T,2023-03-22 11:54:02,6.19704000,-75.57844000,2.00,1505.779,24.021,13.057,23,25,39,,
T,2023-03-22 11:54:03,6.19714667,-75.57839000,2.10,1505.280,24.020,13.043,20,22,39,,
T,2023-03-22 11:54:04,6.19725667,-75.57834833,2.00,1504.780,24.020,12.728,22,23,39,,
T,2023-03-22 11:54:05,6.19736000,-75.57829833,2.00,1504.380,24.020,12.822,24,24,39,,
T,2023-03-22 11:54:06,6.19746500,-75.57824667,2.10,1503.981,24.019,12.841,25,24,39,,
T,2023-03-22 11:54:07,6.19756833,-75.57820000,2.20,1504.181,24.019,12.697,23,23,39,,
T,2023-03-22 11:54:08,6.19767500,-75.57815167,2.20,1503.582,24.018,12.782,23,20,39,,
T,2023-03-22 11:54:09,6.19777333,-75.57811333,2.30,1502.382,24.018,12.435,24,21,39,,
T,2023-03-22 11:54:10,6.19787167,-75.57806000,2.30,1501.683,24.017,12.020,25,21,39,,
T,2023-03-22 11:54:11,6.19797500,-75.57801500,2.30,1500.483,24.017,12.472,23,20,39,,
T,2023-03-22 11:54:12,6.19808500,-75.57797667,2.20,1499.884,24.016,12.505,21,20,39,,
T,2023-03-22 11:54:13,6.19819333,-75.57793833,2.20,1499.184,24.016,12.466,22,20,39,,
T,2023-03-22 11:54:14,6.19829833,-75.57789167,2.20,1499.084,24.016,12.998,21,21,39,,
T,2023-03-22 11:54:15,6.19841833,-75.57785167,2.30,1499.085,24.015,13.288,18,22,39,,
T,2023-03-22 11:54:16,6.19853167,-75.57782833,2.40,1497.785,24.015,12.779,16,23,39,,
T,2023-03-22 11:54:17,6.19864833,-75.57779333,2.20,1497.186,24.014,13.293,18,26,39,,
T,2023-03-22 11:54:18,6.19876000,-75.57775333,2.00,1496.486,24.014,13.138,18,26,39,,
T,2023-03-22 11:54:19,6.19887833,-75.57772667,2.20,1497.386,24.014,12.855,18,25,39,,
T,2023-03-22 11:54:20,6.19899000,-75.57769500,2.10,1496.887,24.013,12.485,17,24,39,,
T,2023-03-22 11:54:21,6.19910000,-75.57766833,2.00,1496.987,24.013,11.751,16,24,39,,
T,2023-03-22 11:54:22,6.19919833,-75.57764500,2.00,1496.987,24.013,10.726,15,24,39,,
T,2023-03-22 11:54:23,6.19929333,-75.57762000,2.00,1497.288,24.012,10.625,14,24,39,,
T,2023-03-22 11:54:24,6.19938667,-75.57760167,1.90,1497.288,24.012,10.234,16,24,39,,
T,2023-03-22 11:54:25,6.19947333,-75.57758500,1.80,1497.488,24.012,9.212,15,22,39,,
T,2023-03-22 11:54:26,6.19955333,-75.57757167,2.10,1496.689,24.011,7.536,15,22,39,,
T,2023-03-22 11:54:27,6.19961833,-75.57756000,2.20,1496.489,24.011,6.564,14,21,39,,
T,2023-03-22 11:54:28,6.19966833,-75.57755333,2.20,1496.689,24.011,5.387,10,22,39,,
T,2023-03-22 11:54:29,6.19970667,-75.57754833,2.20,1497.089,24.011,4.722,8,22,39,,
T,2023-03-22 11:54:30,6.19975000,-75.57754500,2.10,1497.489,24.011,5.110,10,23,39,,
T,2023-03-22 11:54:31,6.19979833,-75.57753333,2.10,1497.689,24.011,5.665,10,23,39,,
T,2023-03-22 11:54:32,6.19985000,-75.57751833,2.00,1498.489,24.011,6.160,8,23,39,,
T,2023-03-22 11:54:33,6.19991167,-75.57750667,2.00,1499.390,24.010,7.214,7,23,39,,
T,2023-03-22 11:54:34,6.19998333,-75.57749167,2.00,1500.490,24.010,8.082,8,24,39,,
T,2023-03-22 11:54:35,6.20006167,-75.57747500,2.10,1500.890,24.010,9.028,11,24,39,,
T,2023-03-22 11:54:36,6.20015167,-75.57745833,2.20,1501.290,24.010,10.178,10,23,39,,
T,2023-03-22 11:54:37,6.20024833,-75.57744667,2.10,1501.891,24.009,11.102,5,23,39,,
T,2023-03-22 11:54:38,6.20035500,-75.57743667,2.00,1502.391,24.009,11.872,5,22,39,,
T,2023-03-22 11:54:39,6.20046833,-75.57742833,2.20,1502.591,24.009,12.217,5,20,39,,
T,2023-03-22 11:54:40,6.20058500,-75.57741500,2.30,1502.491,24.009,12.191,6,21,39,,
T,2023-03-22 11:54:41,6.20070833,-75.57741000,2.30,1501.992,24.008,12.520,6,21,39,,
T,2023-03-22 11:54:42,6.20082333,-75.57739333,2.20,1501.392,24.008,12.755,7,21,39,,
T,2023-03-22 11:54:43,6.20093667,-75.57736667,2.10,1501.392,24.008,12.783,7,21,39,,
T,2023-03-22 11:54:44,6.20105500,-75.57734833,2.00,1501.093,24.007,13.254,7,22,39,,
T,2023-03-22 11:54:45,6.20117333,-75.57733833,1.90,1500.693,24.007,12.958,6,22,39,,
T,2023-03-22 11:54:46,6.20128500,-75.57733000,1.90,1500.793,24.007,11.955,8,20,39,,
T,2023-03-22 11:54:47,6.20139167,-75.57731500,1.80,1500.593,24.007,11.704,5,19,39,,
T,2023-03-22 11:54:48,6.20149500,-75.57730833,1.80,1500.394,24.006,11.224,4,22,39,,
T,2023-03-22 11:54:49,6.20159500,-75.57730167,2.10,1499.994,24.006,11.214,4,20,39,,
T,2023-03-22 11:54:50,6.20170333,-75.57730000,2.10,1499.694,24.006,11.428,4,21,39,,
T,2023-03-22 11:54:51,6.20181000,-75.57729333,2.00,1499.594,24.006,12.230,6,21,39,,
T,2023-03-22 11:54:52,6.20192000,-75.57728167,1.90,1499.595,24.005,12.811,6,20,39,,
T,2023-03-22 11:54:53,6.20203500,-75.57727000,1.80,1499.595,24.005,12.940,8,22,39,,
T,2023-03-22 11:54:54,6.20214167,-75.57726833,2.00,1500.095,24.005,12.945,6,22,39,,
T,2023-03-22 11:54:55,6.20226333,-75.57725000,2.10,1499.395,24.005,13.416,6,22,39,,
T,2023-03-22 11:54:56,6.20239000,-75.57723000,2.10,1498.496,24.004,13.573,7,23,39,,
T,2023-03-22 11:54:57,6.20251667,-75.57721833,2.00,1497.796,24.004,13.699,6,22,39,,
T,2023-03-22 11:54:58,6.20264500,-75.57720833,1.90,1497.896,24.004,14.099,6,21,39,,
T,2023-03-22 11:54:59,6.20277333,-75.57720333,1.90,1499.297,24.003,14.131,5,22,39,,
T,2023-03-22 11:55:00,6.20289833,-75.57719000,2.40,1499.097,24.003,14.201,5,20,39,,
T,2023-03-22 11:55:01,6.20301833,-75.57717833,2.40,1498.797,24.003,13.163,6,19,39,,
T,2023-03-22 11:55:02,6.20314167,-75.57717167,2.60,1497.998,24.002,12.842,6,20,39,,
T,2023-03-22 11:55:03,6.20326500,-75.57716833,2.20,1496.298,24.002,12.715,4,23,39,,
T,2023-03-22 11:55:04,6.20338167,-75.57715000,1.90,1495.698,24.002,12.691,5,22,39,,
T,2023-03-22 11:55:05,6.20349500,-75.57712667,2.00,1495.999,24.001,12.559,6,22,39,,
T,2023-03-22 11:55:06,6.20360333,-75.57711667,1.70,1495.499,24.001,12.260,6,24,39,,
T,2023-03-22 11:55:07,6.20370500,-75.57711000,1.90,1495.099,24.001,11.202,5,24,39,,
T,2023-03-22 11:55:08,6.20379167,-75.57710833,1.90,1494.899,24.001,10.273,4,23,39,,
T,2023-03-22 11:55:09,6.20388000,-75.57710500,1.90,1495.199,24.001,9.656,5,23,39,,
T,2023-03-22 11:55:10,6.20396000,-75.57709500,1.90,1494.800,24.000,8.820,7,23,39,,
T,2023-03-22 11:55:11,6.20402833,-75.57708667,2.00,1494.500,24.000,8.141,4,22,39,,
T,2023-03-22 11:55:12,6.20409833,-75.57707500,2.00,1494.800,24.000,7.262,4,23,39,,
T,2023-03-22 11:55:13,6.20416000,-75.57706833,2.00,1494.200,24.000,6.532,4,23,39,,
T,2023-03-22 11:55:14,6.20421333,-75.57706000,2.10,1494.600,24.000,6.100,7,24,39,,
T,2023-03-22 11:55:15,6.20426000,-75.57704500,2.10,1494.600,24.000,5.597,13,21,39,,
T,2023-03-22 11:55:16,6.20430333,-75.57703333,2.20,1494.901,23.999,5.107,13,21,39,,
T,2023-03-22 11:55:17,6.20434333,-75.57702000,2.20,1494.601,23.999,5.010,12,21,39,,
T,2023-03-22 11:55:18,6.20438167,-75.57701833,2.20,1494.701,23.999,4.658,360,20,39,,
T,2023-03-22 11:55:19,6.20442000,-75.57702167,2.10,1495.701,23.999,4.311,3,20,39,,
T,2023-03-22 11:55:20,6.20445667,-75.57703000,2.10,1496.701,23.999,4.125,360,20,39,,
T,2023-03-22 11:55:21,6.20449333,-75.57702833,2.10,1497.801,23.999,4.336,3,21,39,,
T,2023-03-22 11:55:22,6.20452333,-75.57702333,2.10,1499.101,23.999,3.830,6,22,39,,
T,2023-03-22 11:55:23,6.20455000,-75.57702000,2.10,1500.401,23.999,3.092,9,22,39,,
T,2023-03-22 11:55:24,6.20456833,-75.57702167,2.00,1501.701,23.999,2.494,19,23,39,,
T,2023-03-22 11:55:25,6.20458833,-75.57701833,2.00,1502.101,23.999,1.859,12,22,39,,
T,2023-03-22 11:55:26,6.20460500,-75.57702167,2.10,1502.701,23.999,1.392,12,22,39,,
T,2023-03-22 11:55:27,6.20462500,-75.57702333,2.10,1503.501,23.999,1.792,356,22,39,,
T,2023-03-22 11:55:28,6.20464167,-75.57702167,2.00,1504.201,23.999,1.381,356,22,39,,
T,2023-03-22 11:55:29,6.20465500,-75.57702167,2.10,1504.301,23.999,1.203,356,22,39,,
T,2023-03-22 11:55:30,6.20466500,-75.57702000,2.10,1504.701,23.999,0.000,,21,39,,
T,2023-03-22 11:55:31,6.20467000,-75.57702000,2.20,1504.601,23.999,0.000,,21,39,,
T,2023-03-22 11:55:32,6.20467167,-75.57702000,2.20,1504.401,23.999,0.000,,21,39,,
T,2023-03-22 11:55:33,6.20467167,-75.57702000,2.20,1504.401,23.999,0.000,,21,39,,
T,2023-03-22 11:55:34,6.20467167,-75.57702000,2.20,1504.401,23.999,0.000,,21,39,,
T,2023-03-22 11:55:35,6.20467167,-75.57702000,2.20,1504.401,23.999,0.000,,21,39,,
T,2023-03-22 11:55:36,6.20467167,-75.57702000,2.20,1504.401,23.999,0.000,,21,39,,
T,2023-03-22 11:55:37,6.20467167,-75.57702000,2.20,1504.401,23.999,0.000,,21,39,,
T,2023-03-22 11:55:38,6.20467167,-75.57702000,2.30,1504.401,23.999,0.000,,21,39,,
T,2023-03-22 11:55:39,6.20474833,-75.57704000,2.20,1504.301,23.999,3.115,353,22,39,,
T,2023-03-22 11:55:40,6.20480667,-75.57704167,2.30,1504.601,23.999,4.141,360,22,39,,
T,2023-03-22 11:55:41,6.20487167,-75.57704000,2.30,1504.902,23.998,5.084,8,22,39,,
T,2023-03-22 11:55:42,6.20494000,-75.57702833,2.10,1504.702,23.998,5.695,11,23,39,,
T,2023-03-22 11:55:43,6.20500667,-75.57701500,2.20,1504.202,23.998,5.393,14,23,39,,
T,2023-03-22 11:55:44,6.20505500,-75.57701167,2.00,1503.002,23.998,4.528,8,23,39,,
T,2023-03-22 11:55:45,6.20509333,-75.57701000,2.10,1502.002,23.998,3.617,5,22,39,,
T,2023-03-22 11:55:46,6.20512833,-75.57701333,2.10,1501.402,23.998,3.352,358,22,39,,
T,2023-03-22 11:55:47,6.20516667,-75.57701333,2.10,1501.002,23.998,3.760,2,23,39,,
T,2023-03-22 11:55:48,6.20520500,-75.57701333,2.10,1500.802,23.998,4.636,3,24,39,,
T,2023-03-22 11:55:49,6.20525500,-75.57701000,2.10,1500.903,23.997,5.042,4,24,39,,
T,2023-03-22 11:55:50,6.20530667,-75.57700333,2.10,1502.003,23.997,5.280,7,24,39,,
T,2023-03-22 11:55:51,6.20536000,-75.57699500,2.00,1503.203,23.997,4.969,16,24,39,,
T,2023-03-22 11:55:52,6.20541167,-75.57698167,2.00,1503.403,23.997,4.638,26,24,39,,
T,2023-03-22 11:55:53,6.20545667,-75.57695167,2.00,1502.803,23.997,4.600,45,24,39,,
T,2023-03-22 11:55:54,6.20548500,-75.57690167,2.00,1502.204,23.996,4.754,68,24,39,,
T,2023-03-22 11:55:55,6.20548833,-75.57684167,2.10,1501.604,23.996,5.634,86,24,39,,
T,2023-03-22 11:55:56,6.20549000,-75.57677500,2.10,1500.904,23.996,6.212,95,25,39,,
T,2023-03-22 11:55:57,6.20548167,-75.57671667,2.10,1500.305,23.995,5.867,104,25,39,,
T,2023-03-22 11:55:58,6.20546000,-75.57665500,2.20,1499.705,23.995,6.778,114,25,39,,
T,2023-03-22 11:55:59,6.20543167,-75.57659333,2.20,1500.205,23.995,7.121,120,25,39,,
T,2023-03-22 11:56:00,6.20539667,-75.57652167,2.30,1500.605,23.995,7.890,118,24,39,,
T,2023-03-22 11:56:01,6.20535667,-75.57645000,2.30,1501.006,23.994,8.674,118,24,39,,
T,2023-03-22 11:56:02,6.20532333,-75.57638167,2.40,1502.306,23.994,8.638,116,24,39,,
T,2023-03-22 11:56:03,6.20528667,-75.57630833,2.40,1503.306,23.994,8.138,117,23,39,,
T,2023-03-22 11:56:04,6.20525500,-75.57622833,2.40,1503.207,23.993,8.326,115,21,39,,
T,2023-03-22 11:56:05,6.20522667,-75.57616000,2.20,1503.007,23.993,7.606,114,22,39,,
T,2023-03-22 11:56:06,6.20519833,-75.57609167,2.10,1503.807,23.993,7.331,113,23,39,,
T,2023-03-22 11:56:07,6.20516500,-75.57603000,2.00,1503.607,23.993,7.533,116,24,39,,
T,2023-03-22 11:56:08,6.20513167,-75.57596333,2.00,1503.108,23.992,8.439,116,24,39,,
T,2023-03-22 11:56:09,6.20509667,-75.57588167,2.00,1503.008,23.992,9.062,115,24,39,,
T,2023-03-22 11:56:10,6.20506000,-75.57579667,2.00,1503.208,23.992,9.618,115,24,39,,
T,2023-03-22 11:56:11,6.20502000,-75.57570500,2.00,1503.509,23.991,10.529,116,24,39,,
T,2023-03-22 11:56:12,6.20497667,-75.57561500,2.00,1504.009,23.991,10.508,116,24,39,,
T,2023-03-22 11:56:13,6.20493500,-75.57551333,2.10,1504.210,23.990,10.981,113,23,39,,
T,2023-03-22 11:56:14,6.20489833,-75.57541667,2.10,1504.510,23.990,10.391,113,22,39,,
T,2023-03-22 11:56:15,6.20486333,-75.57532333,2.20,1504.811,23.989,10.115,111,22,39,,
T,2023-03-22 11:56:16,6.20484000,-75.57523667,2.20,1505.311,23.989,9.152,106,23,39,,
T,2023-03-22 11:56:17,6.20481833,-75.57516000,2.10,1505.811,23.989,8.385,102,23,39,,
T,2023-03-22 11:56:18,6.20479667,-75.57509833,2.10,1506.412,23.988,6.949,107,22,39,,
T,2023-03-22 11:56:19,6.20477500,-75.57504667,2.10,1506.912,23.988,6.227,112,21,39,,
T,2023-03-22 11:56:20,6.20475167,-75.57499667,2.00,1507.612,23.988,5.581,112,23,39,,
T,2023-03-22 11:56:21,6.20472667,-75.57494500,1.90,1508.312,23.988,6.858,112,22,39,,
T,2023-03-22 11:56:22,6.20469833,-75.57488667,1.90,1509.113,23.987,7.761,111,22,39,,
T,2023-03-22 11:56:23,6.20466167,-75.57481167,1.90,1509.713,23.987,8.434,113,20,39,,
T,2023-03-22 11:56:24,6.20462167,-75.57474167,2.00,1510.513,23.987,7.677,117,20,39,,
T,2023-03-22 11:56:25,6.20458333,-75.57468167,2.10,1511.313,23.987,6.695,123,20,39,,
T,2023-03-22 11:56:26,6.20456167,-75.57462333,2.00,1511.614,23.986,5.584,110,23,39,,
T,2023-03-22 11:56:27,6.20454500,-75.57458167,2.00,1511.814,23.986,4.302,105,23,39,,
T,2023-03-22 11:56:28,6.20453667,-75.57456500,2.00,1512.014,23.986,2.403,99,23,39,,
T,2023-03-22 11:56:29,6.20453667,-75.57456667,1.90,1512.114,23.986,0.000,,24,39,,
T,2023-03-22 11:56:30,6.20453833,-75.57456500,1.80,1512.114,23.986,0.000,,24,39,,
T,2023-03-22 11:56:31,6.20453833,-75.57456167,1.80,1512.314,23.986,0.000,,24,39,,
T,2023-03-22 11:56:32,6.20453833,-75.57456167,1.80,1512.314,23.986,0.000,,24,39,,
T,2023-03-22 11:56:33,6.20453833,-75.57456167,1.80,1512.314,23.986,0.000,,24,39,,
T,2023-03-22 11:56:34,6.20453833,-75.57456167,1.80,1512.314,23.986,0.000,,24,39,,
T,2023-03-22 11:56:35,6.20453833,-75.57456167,1.80,1512.314,23.986,0.000,,23,39,,
T,2023-03-22 11:56:36,6.20453833,-75.57456167,1.80,1512.314,23.986,0.000,,22,39,,
T,2023-03-22 11:56:37,6.20453833,-75.57456167,1.80,1512.314,23.986,0.000,,22,39,,
T,2023-03-22 11:56:38,6.20453833,-75.57456167,1.80,1512.314,23.986,0.000,,21,39,,
T,2023-03-22 11:56:39,6.20452833,-75.57452167,1.70,1510.614,23.986,3.495,110,22,39,,
T,2023-03-22 11:56:40,6.20451000,-75.57449833,1.70,1510.014,23.986,4.975,109,23,39,,
T,2023-03-22 11:56:41,6.20449167,-75.57445333,1.70,1510.014,23.986,6.360,112,23,39,,
T,2023-03-22 11:56:42,6.20446667,-75.57440000,1.70,1509.715,23.985,6.635,111,21,39,,
T,2023-03-22 11:56:43,6.20444000,-75.57434500,1.60,1509.515,23.985,6.441,112,22,39,,
T,2023-03-22 11:56:44,6.20441500,-75.57429333,1.60,1509.415,23.985,6.457,111,21,39,,
T,2023-03-22 11:56:45,6.20438833,-75.57423833,1.70,1509.715,23.985,6.984,114,21,39,,
T,2023-03-22 11:56:46,6.20436167,-75.57418000,1.70,1509.716,23.984,6.998,110,19,39,,
T,2023-03-22 11:56:47,6.20433500,-75.57412333,1.70,1509.716,23.984,7.019,113,21,39,,
T,2023-03-22 11:56:48,6.20430667,-75.57406667,1.70,1509.716,23.984,7.178,110,20,39,,
T,2023-03-22 11:56:49,6.20428667,-75.57400333,1.80,1509.716,23.984,7.492,106,21,39,,
T,2023-03-22 11:56:50,6.20427000,-75.57393833,1.90,1509.717,23.983,7.348,101,20,39,,
T,2023-03-22 11:56:51,6.20425833,-75.57387667,2.10,1509.817,23.983,7.134,92,20,39,,
T,2023-03-22 11:56:52,6.20425000,-75.57383333,2.30,1510.317,23.983,5.717,94,20,39,,
T,2023-03-22 11:56:53,6.20424667,-75.57380833,2.10,1510.517,23.983,4.077,97,20,39,,
T,2023-03-22 11:56:54,6.20424333,-75.57378833,2.10,1511.117,23.983,2.596,95,21,39,,
T,2023-03-22 11:56:55,6.20424167,-75.57377167,2.10,1511.817,23.983,1.910,100,22,39,,
T,2023-03-22 11:56:56,6.20423500,-75.57375833,2.00,1512.518,23.982,1.413,100,22,39,,
T,2023-03-22 11:56:57,6.20423167,-75.57375000,2.00,1513.218,23.982,0.000,,22,39,,
T,2023-03-22 11:56:58,6.20423000,-75.57374667,2.00,1514.218,23.982,0.000,,21,39,,
T,2023-03-22 11:56:59,6.20422667,-75.57375000,1.90,1514.818,23.982,0.000,,21,39,,
T,2023-03-22 11:57:00,6.20422667,-75.57375000,1.90,1514.818,23.982,0.000,,22,39,,
T,2023-03-22 11:57:01,6.20422667,-75.57375000,1.90,1514.818,23.982,0.000,,22,39,,
T,2023-03-22 11:57:02,6.20421833,-75.57371000,1.90,1515.818,23.982,2.552,99,22,39,,
T,2023-03-22 11:57:03,6.20421333,-75.57366167,1.90,1516.618,23.982,4.417,101,22,39,,
T,2023-03-22 11:57:04,6.20421167,-75.57359000,2.00,1516.718,23.982,6.324,105,23,39,,
T,2023-03-22 11:57:05,6.20420000,-75.57351000,2.00,1517.219,23.981,7.711,106,21,39,,
T,2023-03-22 11:57:06,6.20418333,-75.57342667,2.10,1517.419,23.981,8.802,106,22,39,,
T,2023-03-22 11:57:07,6.20415333,-75.57333667,2.00,1517.920,23.980,9.355,109,22,39,,
T,2023-03-22 11:57:08,6.20412333,-75.57324833,1.80,1517.820,23.980,10.350,108,23,39,,
T,2023-03-22 11:57:09,6.20408833,-75.57315667,1.70,1517.820,23.980,11.129,107,20,39,,
T,2023-03-22 11:57:10,6.20405500,-75.57305500,1.70,1518.321,23.979,11.773,108,19,39,,
T,2023-03-22 11:57:11,6.20401500,-75.57295167,1.70,1518.821,23.979,12.364,109,21,39,,
T,2023-03-22 11:57:12,6.20397167,-75.57284333,2.10,1519.922,23.978,11.925,113,19,39,,
T,2023-03-22 11:57:13,6.20392000,-75.57275333,2.20,1520.122,23.978,11.078,115,18,39,,
T,2023-03-22 11:57:14,6.20387167,-75.57267167,2.00,1519.722,23.978,9.970,118,21,39,,
T,2023-03-22 11:57:15,6.20383000,-75.57259500,1.90,1519.823,23.977,9.375,120,21,39,,
T,2023-03-22 11:57:16,6.20379000,-75.57252167,2.10,1519.723,23.977,8.490,117,20,39,,
T,2023-03-22 11:57:17,6.20376000,-75.57245667,2.00,1520.123,23.977,7.937,117,22,39,,
T,2023-03-22 11:57:18,6.20373167,-75.57239500,1.80,1520.624,23.976,7.323,115,23,39,,
T,2023-03-22 11:57:19,6.20370167,-75.57234167,1.70,1520.924,23.976,6.696,112,21,39,,
T,2023-03-22 11:57:20,6.20368167,-75.57229167,1.70,1520.924,23.976,6.026,110,19,39,,
T,2023-03-22 11:57:21,6.20366333,-75.57224500,1.60,1521.424,23.976,5.638,111,22,39,,
T,2023-03-22 11:57:22,6.20364667,-75.57220000,1.50,1521.724,23.976,5.221,113,24,39,,
T,2023-03-22 11:57:23,6.20363000,-75.57215833,1.50,1522.425,23.975,4.973,112,23,39,,
T,2023-03-22 11:57:24,6.20361500,-75.57212333,1.50,1523.025,23.975,3.886,110,24,39,,
T,2023-03-22 11:57:25,6.20360167,-75.57209833,1.80,1523.925,23.975,2.590,116,23,39,,
T,2023-03-22 11:57:26,6.20359000,-75.57208667,1.80,1524.825,23.975,1.396,116,23,39,,
T,2023-03-22 11:57:27,6.20358333,-75.57207667,1.80,1525.925,23.975,0.000,,23,39,,
T,2023-03-22 11:57:28,6.20358500,-75.57207167,1.70,1526.525,23.975,0.000,,23,39,,
T,2023-03-22 11:57:29,6.20358667,-75.57207000,1.60,1526.725,23.975,0.000,,24,39,,
T,2023-03-22 11:57:30,6.20358667,-75.57207000,1.60,1526.725,23.975,0.000,,24,39,,
T,2023-03-22 11:57:31,6.20358667,-75.57207000,1.50,1526.725,23.975,0.000,,24,39,,
T,2023-03-22 11:57:32,6.20358667,-75.57207000,1.50,1526.725,23.975,0.000,,23,39,,
T,2023-03-22 11:57:33,6.20358667,-75.57207000,1.50,1526.725,23.975,0.000,,24,39,,
T,2023-03-22 11:57:34,6.20358667,-75.57207000,1.50,1526.725,23.975,0.000,,23,39,,
T,2023-03-22 11:57:35,6.20358667,-75.57207000,1.50,1526.725,23.975,0.000,,24,39,,
T,2023-03-22 11:57:36,6.20358667,-75.57207000,1.40,1526.725,23.975,0.000,,24,39,,
T,2023-03-22 11:57:37,6.20358667,-75.57207000,1.40,1526.725,23.975,0.000,,25,39,,
T,2023-03-22 11:57:38,6.20358667,-75.57207000,1.40,1526.725,23.975,0.000,,24,39,,
T,2023-03-22 11:57:39,6.20358667,-75.57207000,1.30,1526.725,23.975,0.000,,25,39,,
T,2023-03-22 11:57:40,6.20358667,-75.57207000,1.30,1526.725,23.975,0.000,,24,39,,
T,2023-03-22 11:57:41,6.20358667,-75.57207000,1.30,1526.725,23.975,0.000,,25,39,,
T,2023-03-22 11:57:42,6.20358667,-75.57207000,1.30,1526.725,23.975,0.000,,24,39,,
T,2023-03-22 11:57:43,6.20358667,-75.57207000,1.30,1526.725,23.975,0.000,,23,39,,
T,2023-03-22 11:57:44,6.20358667,-75.57207000,1.40,1526.725,23.975,0.000,,22,39,,
T,2023-03-22 11:57:45,6.20358667,-75.57207000,1.40,1526.725,23.975,0.000,,23,39,,
T,2023-03-22 11:57:46,6.20358667,-75.57207000,1.40,1526.725,23.975,0.000,,24,39,,
T,2023-03-22 11:57:47,6.20358667,-75.57207000,1.40,1526.725,23.975,0.000,,24,39,,
T,2023-03-22 11:57:48,6.20358667,-75.57207000,1.40,1526.725,23.975,0.000,,24,39,,
T,2023-03-22 11:57:49,6.20358667,-75.57207000,1.30,1526.725,23.975,0.000,,24,39,,
T,2023-03-22 11:57:50,6.20358667,-75.57207000,1.40,1526.725,23.975,0.000,,23,39,,
T,2023-03-22 11:57:51,6.20358667,-75.57207000,1.40,1526.725,23.975,0.000,,23,39,,
T,2023-03-22 11:57:52,6.20358667,-75.57207000,1.40,1526.725,23.975,0.000,,24,39,,
T,2023-03-22 11:57:53,6.20358667,-75.57207000,1.40,1526.725,23.975,0.000,,24,39,,
T,2023-03-22 11:57:54,6.20358667,-75.57207000,1.40,1526.725,23.975,0.000,,23,39,,
T,2023-03-22 11:57:55,6.20358667,-75.57207000,1.40,1526.725,23.975,0.000,,23,39,,
T,2023-03-22 11:57:56,6.20358667,-75.57207000,1.40,1526.725,23.975,0.000,,22,39,,
T,2023-03-22 11:57:57,6.20358667,-75.57207000,1.40,1526.725,23.975,0.000,,23,39,,
T,2023-03-22 11:57:58,6.20358667,-75.57207000,1.40,1526.725,23.975,0.000,,23,39,,
T,2023-03-22 11:57:59,6.20358667,-75.57207000,1.40,1526.725,23.975,0.000,,24,39,,
T,2023-03-22 11:58:00,6.20358667,-75.57207000,1.40,1526.725,23.975,0.000,,24,39,,
T,2023-03-22 11:58:01,6.20358667,-75.57207000,1.40,1526.725,23.975,0.000,,24,39,,
T,2023-03-22 11:58:02,6.20358667,-75.57207000,1.40,1526.725,23.975,0.000,,24,39,,
T,2023-03-22 11:58:03,6.20358667,-75.57207000,1.40,1526.725,23.975,0.000,,23,39,,
T,2023-03-22 11:58:04,6.20358667,-75.57207000,1.40,1526.725,23.975,0.000,,24,39,,
T,2023-03-22 11:58:05,6.20358667,-75.57207000,1.40,1526.725,23.975,0.000,,24,39,,
T,2023-03-22 11:58:06,6.20358667,-75.57207000,1.40,1526.725,23.975,0.000,,24,39,,
T,2023-03-22 11:58:07,6.20358667,-75.57207000,1.40,1526.725,23.975,0.000,,24,39,,
T,2023-03-22 11:58:08,6.20358667,-75.57207000,1.40,1526.725,23.975,0.000,,24,39,,
T,2023-03-22 11:58:09,6.20358667,-75.57207000,1.40,1526.725,23.975,0.000,,24,39,,
T,2023-03-22 11:58:10,6.20358667,-75.57207000,1.40,1526.725,23.975,0.000,,23,39,,
T,2023-03-22 11:58:11,6.20358667,-75.57207000,1.40,1526.725,23.975,0.000,,23,39,,
T,2023-03-22 11:58:12,6.20358667,-75.57207000,1.40,1526.725,23.975,0.000,,23,39,,
T,2023-03-22 11:58:13,6.20358667,-75.57207000,1.40,1526.725,23.975,0.000,,23,39,,
T,2023-03-22 11:58:14,6.20358667,-75.57207000,1.40,1526.725,23.975,0.000,,23,39,,
T,2023-03-22 11:58:15,6.20358667,-75.57207000,1.40,1526.725,23.975,0.000,,23,39,,
T,2023-03-22 11:58:16,6.20358667,-75.57207000,1.40,1526.725,23.975,0.000,,23,39,,
T,2023-03-22 11:58:17,6.20358667,-75.57207000,1.40,1526.725,23.975,0.000,,23,39,,
T,2023-03-22 11:58:18,6.20358667,-75.57207000,1.40,1526.725,23.975,0.000,,23,39,,
T,2023-03-22 11:58:19,6.20355167,-75.57200000,1.60,1524.625,23.975,3.470,105,22,39,,
T,2023-03-22 11:58:20,6.20354333,-75.57196667,1.70,1525.126,23.974,4.564,108,22,39,,
T,2023-03-22 11:58:21,6.20353167,-75.57192667,1.60,1525.426,23.974,4.878,113,23,39,,
T,2023-03-22 11:58:22,6.20351000,-75.57188833,1.80,1525.526,23.974,4.859,115,22,39,,
T,2023-03-22 11:58:23,6.20348833,-75.57185667,1.90,1526.126,23.974,4.626,119,22,39,,
T,2023-03-22 11:58:24,6.20346333,-75.57183000,1.80,1526.926,23.974,3.612,135,22,39,,
T,2023-03-22 11:58:25,6.20343500,-75.57181000,1.70,1527.926,23.974,3.774,165,23,39,,
T,2023-03-22 11:58:26,6.20339833,-75.57181000,1.60,1528.326,23.974,4.668,190,23,39,,
T,2023-03-22 11:58:27,6.20335167,-75.57182667,1.70,1528.726,23.974,5.901,200,23,39,,
T,2023-03-22 11:58:28,6.20330000,-75.57185000,1.70,1529.126,23.974,6.352,204,23,39,,
T,2023-03-22 11:58:29,6.20325000,-75.57187167,1.80,1529.425,23.975,6.249,207,22,39,,
T,2023-03-22 11:58:30,6.20320000,-75.57189000,1.90,1529.725,23.975,5.075,203,21,39,,
T,2023-03-22 11:58:31,6.20315667,-75.57189833,1.90,1529.925,23.975,4.134,197,22,39,,
T,2023-03-22 11:58:32,6.20312333,-75.57191167,2.00,1530.325,23.975,3.748,205,22,39,,
T,2023-03-22 11:58:33,6.20310500,-75.57191833,2.00,1530.825,23.975,2.136,213,21,39,,
T,2023-03-22 11:58:34,6.20309833,-75.57192167,2.00,1531.225,23.975,1.291,213,20,39,,
T,2023-03-22 11:58:35,6.20309500,-75.57191833,2.00,1531.525,23.975,0.000,,21,39,,
T,2023-03-22 11:58:36,6.20309833,-75.57193333,1.90,1530.925,23.975,0.000,,21,39,,
T,2023-03-22 11:58:37,6.20310167,-75.57193000,1.80,1530.625,23.975,0.000,,20,39,,
