type,date time,latitude,longitude,accuracy(m),altitude(m),geoid_height(m),speed(m/s),bearing(deg),sat_used,sat_inview,name,desc
T,2023-03-22 11:59:55.835,6.20318333,-75.57142667,4.30,1530.228,23.972,0.094,115,14,39,20230322-065955,GPS Logger: 20230322-065955 - Nmax_viaje_14
T,2023-03-22 11:59:56.834,6.20316667,-75.57149833,4.00,1530.227,23.973,0.160,53,15,39,,
T,2023-03-22 11:59:57.828,6.20315000,-75.57149167,3.70,1529.927,23.973,0.151,85,16,39,,
T,2023-03-22 11:59:59,6.20315167,-75.57150167,3.60,1529.927,23.973,0.148,104,16,39,,
T,2023-03-22 12:00:00,6.20314167,-75.57153167,3.50,1529.927,23.973,0.168,115,16,39,,
T,2023-03-22 12:00:01,6.20313167,-75.57156333,3.40,1529.927,23.973,0.233,67,15,39,,
T,2023-03-22 12:00:02,6.20312667,-75.57160167,3.30,1530.127,23.973,0.036,332,16,39,,
T,2023-03-22 12:00:03,6.20312500,-75.57163667,3.10,1530.126,23.974,0.231,289,19,39,,
T,2023-03-22 12:00:04,6.20311333,-75.57167333,3.00,1530.226,23.974,0.141,266,19,39,,
T,2023-03-22 12:00:05,6.20311333,-75.57167333,2.80,1530.226,23.974,0.135,279,19,39,,
T,2023-03-22 12:00:06,6.20311333,-75.57167333,2.80,1530.226,23.974,0.143,273,19,39,,
T,2023-03-22 12:00:07,6.20309333,-75.57168500,2.70,1530.126,23.974,0.106,259,20,39,,
T,2023-03-22 12:00:08,6.20309333,-75.57168500,2.60,1530.126,23.974,0.054,248,19,39,,
T,2023-03-22 12:00:09,6.20309333,-75.57168500,2.60,1530.126,23.974,0.000,,19,39,,
T,2023-03-22 12:00:10,6.20309333,-75.57168500,2.50,1530.126,23.974,0.000,,19,39,,
T,2023-03-22 12:00:11,6.20307333,-75.57167167,2.50,1530.126,23.974,0.096,144,19,39,,
T,2023-03-22 12:00:12,6.20307333,-75.57167167,2.40,1530.126,23.974,0.000,,20,39,,
T,2023-03-22 12:00:13,6.20306667,-75.57164833,2.40,1530.226,23.974,0.080,67,20,39,,
T,2023-03-22 12:00:14,6.20306333,-75.57165833,2.40,1530.226,23.974,0.101,173,20,39,,
T,2023-03-22 12:00:15,6.20305167,-75.57169667,2.20,1530.526,23.974,0.256,180,20,39,,
T,2023-03-22 12:00:16,6.20304167,-75.57170833,2.20,1530.526,23.974,0.408,183,20,39,,
T,2023-03-22 12:00:17,6.20302333,-75.57171333,2.30,1530.526,23.974,0.585,190,20,39,,
T,2023-03-22 12:00:18,6.20299833,-75.57172500,2.30,1530.526,23.974,0.844,189,19,39,,
T,2023-03-22 12:00:19,6.20296333,-75.57174500,2.30,1530.426,23.974,1.161,201,19,39,,
T,2023-03-22 12:00:20,6.20293667,-75.57176167,2.30,1530.525,23.975,1.436,204,21,39,,
T,2023-03-22 12:00:21,6.20291500,-75.57177667,2.40,1530.725,23.975,1.677,210,21,39,,
T,2023-03-22 12:00:22,6.20289833,-75.57177833,2.50,1531.025,23.975,1.868,208,21,39,,
T,2023-03-22 12:00:23,6.20288333,-75.57179667,2.60,1531.225,23.975,2.039,219,20,39,,
T,2023-03-22 12:00:24,6.20287167,-75.57182167,2.70,1531.325,23.975,2.197,226,21,39,,
T,2023-03-22 12:00:25,6.20286167,-75.57185333,2.80,1531.425,23.975,2.220,238,21,39,,
T,2023-03-22 12:00:26,6.20286000,-75.57189000,2.80,1531.225,23.975,2.260,273,20,39,,
T,2023-03-22 12:00:27,6.20286167,-75.57194000,2.80,1531.324,23.976,2.329,288,20,39,,
T,2023-03-22 12:00:28,6.20286500,-75.57202167,2.60,1531.624,23.976,2.398,284,20,39,,
T,2023-03-22 12:00:29,6.20287000,-75.57210333,2.40,1532.323,23.977,2.454,275,20,39,,
T,2023-03-22 12:00:30,6.20287333,-75.57214667,2.60,1532.423,23.977,2.518,275,20,39,,
T,2023-03-22 12:00:31,6.20288333,-75.57217833,2.70,1532.623,23.977,2.568,287,20,39,,
T,2023-03-22 12:00:32,6.20289000,-75.57221667,2.80,1532.623,23.977,2.673,285,20,39,,
T,2023-03-22 12:00:33,6.20289667,-75.57227000,2.50,1533.523,23.977,3.032,294,20,38,,
T,2023-03-22 12:00:34,6.20291667,-75.57236000,2.40,1533.422,23.978,9.082,295,20,38,,
T,2023-03-22 12:00:35,6.20295667,-75.57246000,2.30,1533.422,23.978,10.591,291,20,38,,
T,2023-03-22 12:00:36,6.20299833,-75.57259167,2.40,1531.821,23.979,12.540,288,18,38,,
T,2023-03-22 12:00:37,6.20303167,-75.57273667,2.40,1530.220,23.980,12.983,288,19,38,,
T,2023-03-22 12:00:38,6.20306833,-75.57289500,2.30,1529.220,23.980,13.480,289,18,38,,
T,2023-03-22 12:00:39,6.20310167,-75.57301333,2.20,1528.619,23.981,13.949,288,18,38,,
T,2023-03-22 12:00:40,6.20316167,-75.57313500,2.40,1528.319,23.981,14.159,290,17,38,,
T,2023-03-22 12:00:41,6.20321500,-75.57325333,2.30,1527.818,23.982,13.477,290,17,38,,
T,2023-03-22 12:00:42,6.20326167,-75.57336500,2.40,1527.218,23.982,12.873,291,18,38,,
T,2023-03-22 12:00:43,6.20331167,-75.57344333,2.30,1526.617,23.983,11.558,292,18,38,,
T,2023-03-22 12:00:44,6.20335000,-75.57353667,2.20,1525.217,23.983,11.234,291,18,38,,
T,2023-03-22 12:00:45,6.20337833,-75.57363000,2.20,1523.917,23.983,10.609,289,18,38,,
T,2023-03-22 12:00:46,6.20340667,-75.57370833,2.30,1522.616,23.984,9.254,290,17,38,,
T,2023-03-22 12:00:47,6.20342000,-75.57378500,2.40,1521.716,23.984,8.549,284,19,38,,
T,2023-03-22 12:00:48,6.20342500,-75.57383333,2.50,1520.516,23.984,7.069,280,18,38,,
T,2023-03-22 12:00:49,6.20340500,-75.57384500,2.60,1519.815,23.985,5.137,271,18,38,,
T,2023-03-22 12:00:50,6.20337500,-75.57386500,2.60,1518.415,23.985,4.028,255,20,38,,
T,2023-03-22 12:00:51,6.20332667,-75.57390333,2.50,1517.515,23.985,4.418,234,20,38,,
T,2023-03-22 12:00:52,6.20327000,-75.57393167,2.50,1516.815,23.985,4.891,220,20,38,,
T,2023-03-22 12:00:53,6.20319833,-75.57396000,2.40,1516.914,23.986,6.125,212,20,38,,
T,2023-03-22 12:00:54,6.20311333,-75.57399167,2.50,1517.014,23.986,7.777,205,20,38,,
T,2023-03-22 12:00:55,6.20300333,-75.57403500,2.50,1517.114,23.986,9.364,207,19,38,,
T,2023-03-22 12:00:56,6.20289833,-75.57408000,2.50,1516.513,23.987,9.896,206,18,38,,
T,2023-03-22 12:00:57,6.20279500,-75.57412833,2.50,1516.513,23.987,10.150,207,17,38,,
T,2023-03-22 12:00:58,6.20270333,-75.57417500,2.50,1516.712,23.988,9.237,209,19,38,,
T,2023-03-22 12:00:59,6.20266667,-75.57418500,2.40,1515.512,23.988,7.823,208,21,38,,
T,2023-03-22 12:01:00,6.20260167,-75.57421333,2.30,1515.812,23.988,6.552,207,21,38,,
T,2023-03-22 12:01:01,6.20255167,-75.57423333,2.30,1515.612,23.988,5.468,201,21,38,,
T,2023-03-22 12:01:02,6.20250667,-75.57425167,2.30,1515.612,23.988,5.336,199,21,38,,
T,2023-03-22 12:01:03,6.20245000,-75.57426833,2.30,1515.211,23.989,5.943,194,20,38,,
T,2023-03-22 12:01:04,6.20238833,-75.57429000,2.30,1514.911,23.989,6.655,196,20,38,,
T,2023-03-22 12:01:05,6.20233000,-75.57431333,2.30,1515.011,23.989,6.750,204,20,38,,
T,2023-03-22 12:01:06,6.20226833,-75.57434833,2.20,1513.811,23.989,6.850,207,21,38,,
T,2023-03-22 12:01:07,6.20219833,-75.57439167,2.20,1511.810,23.990,7.131,208,21,38,,
T,2023-03-22 12:01:08,6.20213333,-75.57443167,2.30,1511.010,23.990,7.382,208,21,38,,
T,2023-03-22 12:01:09,6.20206167,-75.57448833,2.40,1510.209,23.991,7.835,215,20,38,,
T,2023-03-22 12:01:10,6.20200167,-75.57455167,2.40,1509.209,23.991,7.171,223,21,38,,
T,2023-03-22 12:01:11,6.20195167,-75.57462167,2.30,1508.609,23.991,7.046,235,21,38,,
T,2023-03-22 12:01:12,6.20190667,-75.57470667,2.20,1507.408,23.992,7.328,243,21,38,,
T,2023-03-22 12:01:13,6.20187500,-75.57478833,2.10,1506.908,23.992,8.106,251,22,38,,
T,2023-03-22 12:01:14,6.20186667,-75.57486167,2.00,1506.407,23.993,8.110,259,22,38,,
T,2023-03-22 12:01:15,6.20187833,-75.57492333,2.10,1505.707,23.993,7.201,269,21,38,,
T,2023-03-22 12:01:16,6.20190667,-75.57499167,2.20,1505.207,23.993,7.223,283,20,38,,
T,2023-03-22 12:01:17,6.20196000,-75.57506333,2.50,1504.406,23.994,8.202,294,18,38,,
T,2023-03-22 12:01:18,6.20204667,-75.57513167,2.50,1504.006,23.994,9.228,311,18,38,,
T,2023-03-22 12:01:19,6.20213833,-75.57520000,2.50,1504.606,23.994,8.885,313,21,38,,
T,2023-03-22 12:01:20,6.20221667,-75.57525833,2.40,1505.406,23.994,8.368,310,21,38,,
T,2023-03-22 12:01:21,6.20228000,-75.57531000,2.30,1506.506,23.994,7.850,303,19,38,,
T,2023-03-22 12:01:22,6.20232667,-75.57537167,2.30,1507.205,23.995,8.107,299,19,38,,
T,2023-03-22 12:01:23,6.20236667,-75.57542500,2.20,1506.605,23.995,8.757,295,21,38,,
T,2023-03-22 12:01:24,6.20240000,-75.57549500,2.10,1505.305,23.995,9.491,294,21,38,,
T,2023-03-22 12:01:25,6.20243667,-75.57557667,2.00,1505.405,23.995,10.368,291,21,38,,
T,2023-03-22 12:01:26,6.20247333,-75.57566167,1.90,1505.304,23.996,10.990,292,22,38,,
T,2023-03-22 12:01:27,6.20250667,-75.57576167,1.90,1505.204,23.996,11.703,291,22,38,,
T,2023-03-22 12:01:28,6.20254500,-75.57586500,1.80,1505.203,23.997,12.411,293,21,38,,
T,2023-03-22 12:01:29,6.20257500,-75.57598333,2.00,1506.203,23.997,13.337,292,21,38,,
T,2023-03-22 12:01:30,6.20261333,-75.57611333,2.00,1506.902,23.998,14.165,293,21,38,,
T,2023-03-22 12:01:31,6.20266333,-75.57623667,2.10,1507.302,23.998,15.336,293,21,38,,
T,2023-03-22 12:01:32,6.20271500,-75.57637667,2.00,1508.301,23.999,16.216,293,22,38,,
T,2023-03-22 12:01:33,6.20278000,-75.57651500,2.10,1508.200,24.000,17.098,293,22,38,,
T,2023-03-22 12:01:34,6.20284000,-75.57666000,2.10,1508.300,24.000,17.699,293,22,38,,
T,2023-03-22 12:01:35,6.20289667,-75.57681167,2.00,1508.299,24.001,18.325,293,22,38,,
T,2023-03-22 12:01:36,6.20296667,-75.57696500,1.90,1506.998,24.002,18.762,293,22,38,,
T,2023-03-22 12:01:37,6.20303667,-75.57712500,2.00,1506.298,24.002,19.165,293,22,38,,
T,2023-03-22 12:01:38,6.20309833,-75.57729000,2.00,1505.397,24.003,19.401,293,21,38,,
T,2023-03-22 12:01:39,6.20317167,-75.57745167,2.00,1505.096,24.004,19.702,292,22,38,,
T,2023-03-22 12:01:40,6.20323833,-75.57762000,1.90,1505.495,24.005,19.966,293,22,38,,
T,2023-03-22 12:01:41,6.20331167,-75.57778500,1.90,1505.495,24.005,20.155,292,22,38,,
T,2023-03-22 12:01:42,6.20338667,-75.57795000,1.90,1505.194,24.006,20.310,293,22,38,,
T,2023-03-22 12:01:43,6.20346000,-75.57812167,1.90,1504.893,24.007,20.627,293,23,38,,
T,2023-03-22 12:01:44,6.20353833,-75.57828833,1.90,1504.593,24.007,20.944,293,23,38,,
T,2023-03-22 12:01:45,6.20361667,-75.57846500,1.90,1503.292,24.008,21.245,294,23,38,,
T,2023-03-22 12:01:46,6.20368167,-75.57866333,1.90,1503.791,24.009,21.343,293,24,38,,
T,2023-03-22 12:01:47,6.20375833,-75.57883333,1.90,1503.590,24.010,21.526,293,24,38,,
T,2023-03-22 12:01:48,6.20383333,-75.57900833,1.90,1503.589,24.011,21.527,293,24,38,,
T,2023-03-22 12:01:49,6.20391333,-75.57917833,1.90,1503.889,24.011,21.150,293,23,38,,
T,2023-03-22 12:01:50,6.20398833,-75.57935167,1.90,1503.588,24.012,20.962,292,24,38,,
T,2023-03-22 12:01:51,6.20406000,-75.57952167,1.90,1503.287,24.013,20.307,292,24,38,,
T,2023-03-22 12:01:52,6.20412500,-75.57969000,1.90,1502.786,24.014,20.217,293,24,38,,
T,2023-03-22 12:01:53,6.20419500,-75.57985500,1.90,1502.486,24.014,19.886,292,24,38,,
T,2023-03-22 12:01:54,6.20425500,-75.58002167,1.90,1502.485,24.015,18.564,291,24,38,,
T,2023-03-22 12:01:55,6.20431333,-75.58017833,1.90,1502.184,24.016,17.997,290,24,38,,
T,2023-03-22 12:01:56,6.20437500,-75.58033000,1.90,1500.984,24.016,17.966,291,24,38,,
T,2023-03-22 12:01:57,6.20444000,-75.58047667,1.90,1499.583,24.017,18.090,291,24,38,,
T,2023-03-22 12:01:58,6.20450500,-75.58061833,1.90,1498.582,24.018,17.513,292,24,38,,
T,2023-03-22 12:01:59,6.20456667,-75.58076333,1.90,1498.082,24.018,17.259,292,24,38,,
T,2023-03-22 12:02:00,6.20462833,-75.58090333,2.00,1498.081,24.019,17.090,292,24,38,,
T,2023-03-22 12:02:01,6.20469000,-75.58103667,1.90,1497.780,24.020,17.233,292,24,38,,
T,2023-03-22 12:02:02,6.20474000,-75.58118333,1.90,1497.780,24.020,17.004,292,24,38,,
T,2023-03-22 12:02:03,6.20479000,-75.58132333,1.90,1497.779,24.021,16.062,292,23,38,,
T,2023-03-22 12:02:04,6.20484833,-75.58145500,2.10,1498.279,24.021,15.118,292,24,38,,
T,2023-03-22 12:02:05,6.20490167,-75.58158167,2.10,1498.278,24.022,14.780,292,23,38,,
T,2023-03-22 12:02:06,6.20494833,-75.58170500,2.10,1498.177,24.023,14.205,293,24,38,,
T,2023-03-22 12:02:07,6.20499833,-75.58182667,2.00,1498.577,24.023,14.411,292,22,38,,
T,2023-03-22 12:02:08,6.20504500,-75.58195167,2.10,1498.476,24.024,14.018,291,21,38,,
T,2023-03-22 12:02:09,6.20509500,-75.58207167,2.00,1498.376,24.024,13.934,292,23,38,,
T,2023-03-22 12:02:10,6.20513500,-75.58218667,2.00,1498.575,24.025,13.756,291,23,38,,
T,2023-03-22 12:02:11,6.20517167,-75.58230333,2.00,1498.775,24.025,13.096,291,25,38,,
T,2023-03-22 12:02:12,6.20521833,-75.58240333,2.10,1499.474,24.026,12.493,294,24,38,,
T,2023-03-22 12:02:13,6.20525500,-75.58249167,2.00,1499.874,24.026,10.828,291,25,38,,
T,2023-03-22 12:02:14,6.20528833,-75.58257333,2.10,1500.374,24.026,8.315,290,25,38,,
T,2023-03-22 12:02:15,6.20531000,-75.58263167,2.00,1500.473,24.027,6.566,292,23,38,,
T,2023-03-22 12:02:16,6.20534000,-75.58267333,2.00,1499.973,24.027,7.034,294,22,38,,
T,2023-03-22 12:02:17,6.20536167,-75.58274500,1.90,1500.373,24.027,8.725,293,22,38,,
T,2023-03-22 12:02:18,6.20539833,-75.58282833,2.00,1500.372,24.028,10.545,294,24,38,,
T,2023-03-22 12:02:19,6.20543833,-75.58293333,2.10,1500.272,24.028,12.496,294,23,38,,
T,2023-03-22 12:02:20,6.20548500,-75.58304500,2.20,1500.472,24.028,13.851,292,23,38,,
T,2023-03-22 12:02:21,6.20553333,-75.58317500,2.20,1501.571,24.029,14.157,290,23,38,,
T,2023-03-22 12:02:22,6.20557333,-75.58329500,2.10,1502.470,24.030,12.587,291,22,38,,
T,2023-03-22 12:02:23,6.20560667,-75.58340000,2.10,1503.270,24.030,11.322,293,23,38,,
T,2023-03-22 12:02:24,6.20564500,-75.58349667,2.00,1503.769,24.031,11.412,294,24,38,,
T,2023-03-22 12:02:25,6.20568333,-75.58358500,2.10,1503.969,24.031,10.956,293,24,38,,
T,2023-03-22 12:02:26,6.20571833,-75.58367000,2.10,1504.969,24.031,10.200,293,23,38,,
T,2023-03-22 12:02:27,6.20575167,-75.58375500,2.20,1504.968,24.032,8.848,292,23,38,,
T,2023-03-22 12:02:28,6.20578000,-75.58382167,2.00,1505.068,24.032,7.581,288,23,38,,
T,2023-03-22 12:02:29,6.20580667,-75.58388000,2.10,1505.768,24.032,6.481,286,22,38,,
T,2023-03-22 12:02:30,6.20581667,-75.58392000,2.00,1505.468,24.032,4.148,281,23,38,,
T,2023-03-22 12:02:31,6.20582167,-75.58393333,2.00,1505.468,24.032,1.937,279,23,38,,
T,2023-03-22 12:02:32,6.20581667,-75.58393333,1.90,1505.568,24.032,0.000,,23,38,,
T,2023-03-22 12:02:33,6.20581667,-75.58392500,1.80,1505.168,24.032,0.000,,23,38,,
T,2023-03-22 12:02:34,6.20581667,-75.58392000,1.70,1504.568,24.032,0.000,,23,38,,
T,2023-03-22 12:02:35,6.20581667,-75.58392000,1.60,1504.568,24.032,0.000,,23,38,,
T,2023-03-22 12:02:36,6.20581667,-75.58392000,1.60,1504.568,24.032,0.000,,22,38,,
T,2023-03-22 12:02:37,6.20581667,-75.58392000,1.50,1504.568,24.032,0.000,,22,38,,
T,2023-03-22 12:02:38,6.20581667,-75.58392000,1.50,1504.568,24.032,0.000,,22,38,,
T,2023-03-22 12:02:39,6.20581667,-75.58392000,1.50,1504.568,24.032,0.000,,23,38,,
T,2023-03-22 12:02:40,6.20581667,-75.58392000,1.50,1504.568,24.032,0.000,,23,38,,
T,2023-03-22 12:02:41,6.20584333,-75.58393667,1.50,1504.768,24.032,3.364,297,22,38,,
T,2023-03-22 12:02:42,6.20586667,-75.58398833,1.60,1504.867,24.033,6.417,294,21,38,,
T,2023-03-22 12:02:43,6.20589167,-75.58405000,1.70,1504.867,24.033,6.857,292,22,38,,
T,2023-03-22 12:02:44,6.20592000,-75.58411667,1.60,1504.867,24.033,7.810,293,22,38,,
T,2023-03-22 12:02:45,6.20595833,-75.58419833,1.90,1504.766,24.034,9.942,294,22,38,,
T,2023-03-22 12:02:46,6.20600500,-75.58429167,1.80,1504.166,24.034,11.812,296,22,38,,
T,2023-03-22 12:02:47,6.20604833,-75.58440000,1.70,1503.966,24.034,13.072,292,22,38,,
T,2023-03-22 12:02:48,6.20609500,-75.58452000,1.90,1503.565,24.035,13.573,293,22,38,,
T,2023-03-22 12:02:49,6.20614667,-75.58463167,1.80,1502.865,24.035,13.025,294,22,38,,
T,2023-03-22 12:02:50,6.20619167,-75.58474167,1.70,1503.064,24.036,12.633,291,22,38,,
T,2023-03-22 12:02:51,6.20623500,-75.58484667,2.00,1502.964,24.036,11.645,290,22,38,,
T,2023-03-22 12:02:52,6.20626667,-75.58494167,1.80,1503.263,24.037,10.179,289,22,38,,
T,2023-03-22 12:02:53,6.20629667,-75.58502167,2.10,1503.263,24.037,8.376,289,21,38,,
T,2023-03-22 12:02:54,6.20631833,-75.58508833,2.10,1503.662,24.038,6.894,288,20,38,,
T,2023-03-22 12:02:55,6.20633167,-75.58513833,1.90,1504.362,24.038,4.977,285,22,38,,
T,2023-03-22 12:02:56,6.20634000,-75.58516167,1.90,1504.662,24.038,2.904,292,22,38,,
T,2023-03-22 12:02:57,6.20635333,-75.58518000,1.80,1505.162,24.038,3.262,288,22,38,,
T,2023-03-22 12:02:58,6.20636167,-75.58520667,1.90,1505.462,24.038,4.359,295,22,38,,
T,2023-03-22 12:02:59,6.20637333,-75.58524000,1.90,1505.762,24.038,4.861,297,22,38,,
T,2023-03-22 12:03:00,6.20639000,-75.58527833,1.80,1505.062,24.038,5.151,291,23,38,,
T,2023-03-22 12:03:01,6.20640167,-75.58532500,1.90,1504.661,24.039,5.555,289,23,38,,
T,2023-03-22 12:03:02,6.20641500,-75.58537000,1.80,1504.861,24.039,4.361,286,23,38,,
T,2023-03-22 12:03:03,6.20643167,-75.58541000,1.80,1505.761,24.039,3.946,288,22,38,,
T,2023-03-22 12:03:04,6.20644167,-75.58543500,1.80,1505.761,24.039,3.938,299,23,38,,
T,2023-03-22 12:03:05,6.20646667,-75.58546500,1.80,1505.161,24.039,4.406,295,23,38,,
T,2023-03-22 12:03:06,6.20649000,-75.58550167,1.70,1504.761,24.039,5.392,294,22,38,,
T,2023-03-22 12:03:07,6.20651167,-75.58554500,1.80,1504.060,24.040,6.123,294,23,38,,
T,2023-03-22 12:03:08,6.20654500,-75.58559500,1.90,1503.760,24.040,6.902,296,23,38,,
T,2023-03-22 12:03:09,6.20657500,-75.58565333,1.90,1503.060,24.040,8.010,294,23,38,,
T,2023-03-22 12:03:10,6.20660500,-75.58573333,2.00,1502.760,24.040,8.486,293,23,38,,
T,2023-03-22 12:03:11,6.20662833,-75.58580667,1.90,1503.159,24.041,7.842,291,23,38,,
T,2023-03-22 12:03:12,6.20665333,-75.58586833,2.00,1503.059,24.041,6.582,291,23,38,,
T,2023-03-22 12:03:13,6.20666833,-75.58592667,2.00,1503.459,24.041,5.713,291,22,38,,
T,2023-03-22 12:03:14,6.20668333,-75.58598000,1.90,1503.059,24.041,5.750,294,22,38,,
T,2023-03-22 12:03:15,6.20670333,-75.58603167,1.80,1503.858,24.042,5.788,295,22,38,,
T,2023-03-22 12:03:16,6.20672833,-75.58607167,1.80,1503.658,24.042,4.535,291,22,38,,
T,2023-03-22 12:03:17,6.20674833,-75.58609333,1.80,1503.058,24.042,3.599,299,23,38,,
T,2023-03-22 12:03:18,6.20676500,-75.58613167,1.80,1502.458,24.042,5.646,294,23,38,,
T,2023-03-22 12:03:19,6.20678667,-75.58618000,1.80,1501.558,24.042,6.212,289,23,38,,
T,2023-03-22 12:03:20,6.20680000,-75.58623667,1.80,1500.657,24.043,5.671,287,23,38,,
T,2023-03-22 12:03:21,6.20681500,-75.58628500,1.90,1500.257,24.043,5.367,290,23,38,,
T,2023-03-22 12:03:22,6.20682667,-75.58633167,1.90,1499.857,24.043,5.333,291,23,38,,
T,2023-03-22 12:03:23,6.20684167,-75.58637167,2.00,1499.957,24.043,4.851,292,23,38,,
T,2023-03-22 12:03:24,6.20685500,-75.58641333,2.10,1500.157,24.043,5.882,288,23,38,,
T,2023-03-22 12:03:25,6.20687667,-75.58647167,2.10,1500.856,24.044,6.805,289,23,38,,
T,2023-03-22 12:03:26,6.20690167,-75.58653667,2.20,1501.456,24.044,6.211,293,23,38,,
T,2023-03-22 12:03:27,6.20691667,-75.58658667,2.20,1502.056,24.044,4.669,284,23,38,,
T,2023-03-22 12:03:28,6.20692167,-75.58662000,2.20,1502.156,24.044,4.060,283,23,38,,
T,2023-03-22 12:03:29,6.20692667,-75.58665500,2.10,1502.055,24.045,4.058,279,23,38,,
T,2023-03-22 12:03:30,6.20693333,-75.58668167,2.00,1501.955,24.045,2.991,270,23,38,,
T,2023-03-22 12:03:31,6.20693167,-75.58670333,1.90,1501.855,24.045,2.391,250,22,38,,
T,2023-03-22 12:03:32,6.20691833,-75.58672667,1.90,1501.455,24.045,2.364,236,22,38,,
T,2023-03-22 12:03:33,6.20688500,-75.58674667,2.00,1501.655,24.045,3.690,219,22,38,,
T,2023-03-22 12:03:34,6.20682667,-75.58677167,2.10,1501.955,24.045,5.256,200,21,38,,
T,2023-03-22 12:03:35,6.20674333,-75.58680667,2.20,1502.754,24.046,7.671,199,21,38,,
T,2023-03-22 12:03:36,6.20663333,-75.58684667,2.00,1503.754,24.046,9.927,200,21,38,,
T,2023-03-22 12:03:37,6.20653500,-75.58688500,2.00,1504.754,24.046,9.336,201,21,38,,
T,2023-03-22 12:03:38,6.20646833,-75.58691000,2.00,1504.953,24.047,7.966,203,21,38,,
T,2023-03-22 12:03:39,6.20642333,-75.58692667,1.80,1504.953,24.047,6.024,204,22,38,,
T,2023-03-22 12:03:40,6.20639833,-75.58694167,1.80,1504.453,24.047,3.747,206,22,38,,
T,2023-03-22 12:03:41,6.20638500,-75.58695333,1.80,1503.253,24.047,3.633,205,22,38,,
T,2023-03-22 12:03:42,6.20634833,-75.58696833,1.70,1503.453,24.047,4.176,205,22,38,,
T,2023-03-22 12:03:43,6.20630500,-75.58698500,1.70,1503.853,24.047,5.172,201,22,38,,
T,2023-03-22 12:03:44,6.20625000,-75.58700833,1.90,1503.852,24.048,5.883,205,22,38,,
T,2023-03-22 12:03:45,6.20619833,-75.58702667,1.80,1503.852,24.048,5.899,201,22,38,,
T,2023-03-22 12:03:46,6.20616333,-75.58704667,1.90,1504.352,24.048,4.818,202,22,38,,
T,2023-03-22 12:03:47,6.20612833,-75.58706000,1.80,1504.352,24.048,3.607,199,22,38,,
T,2023-03-22 12:03:48,6.20609500,-75.58706167,1.80,1504.552,24.048,2.784,173,22,38,,
T,2023-03-22 12:03:49,6.20606833,-75.58705167,1.80,1504.652,24.048,3.872,152,22,38,,
T,2023-03-22 12:03:50,6.20603667,-75.58701833,1.90,1504.952,24.048,4.449,125,22,38,,
T,2023-03-22 12:03:51,6.20600833,-75.58696667,1.90,1506.252,24.048,5.647,115,22,38,,
T,2023-03-22 12:03:52,6.20598833,-75.58690833,2.00,1507.552,24.048,6.338,110,22,38,,
T,2023-03-22 12:03:53,6.20597167,-75.58685167,2.00,1508.753,24.047,6.250,108,22,38,,
T,2023-03-22 12:03:54,6.20595500,-75.58680167,1.90,1509.453,24.047,5.406,107,22,38,,
T,2023-03-22 12:03:55,6.20594333,-75.58676333,1.90,1510.053,24.047,4.220,107,23,38,,
T,2023-03-22 12:03:56,6.20593833,-75.58673167,1.90,1510.753,24.047,3.555,98,23,38,,
T,2023-03-22 12:03:57,6.20592667,-75.58670833,1.90,1510.753,24.047,3.014,113,23,38,,
T,2023-03-22 12:03:58,6.20591000,-75.58669167,1.90,1511.353,24.047,2.439,139,23,38,,
T,2023-03-22 12:03:59,6.20588833,-75.58667667,1.90,1512.253,24.047,2.825,138,23,38,,
T,2023-03-22 12:04:00,6.20586000,-75.58666333,1.80,1512.853,24.047,3.455,164,23,38,,
T,2023-03-22 12:04:01,6.20582000,-75.58665667,1.90,1513.553,24.047,4.776,184,24,38,,
T,2023-03-22 12:04:02,6.20577000,-75.58666333,1.90,1514.153,24.047,5.128,193,24,38,,
T,2023-03-22 12:04:03,6.20572000,-75.58667167,2.00,1514.553,24.047,4.547,194,24,38,,
T,2023-03-22 12:04:04,6.20567500,-75.58668833,2.00,1514.653,24.047,3.608,206,24,38,,
T,2023-03-22 12:04:05,6.20564167,-75.58669833,1.90,1514.053,24.047,3.588,202,23,38,,
T,2023-03-22 12:04:06,6.20560167,-75.58670500,1.90,1513.753,24.047,3.570,189,23,38,,
T,2023-03-22 12:04:07,6.20556500,-75.58671167,1.80,1513.953,24.047,3.125,195,24,38,,
T,2023-03-22 12:04:08,6.20552500,-75.58673333,1.70,1512.852,24.048,3.672,207,24,38,,
T,2023-03-22 12:04:09,6.20548500,-75.58675333,1.80,1512.852,24.048,3.920,206,24,38,,
T,2023-03-22 12:04:10,6.20545333,-75.58676500,1.70,1513.052,24.048,2.883,199,24,38,,
T,2023-03-22 12:04:11,6.20543167,-75.58677167,1.60,1513.152,24.048,2.228,191,24,38,,
T,2023-03-22 12:04:12,6.20541333,-75.58677833,1.60,1512.652,24.048,1.605,204,24,38,,
T,2023-03-22 12:04:13,6.20540000,-75.58678167,1.60,1512.552,24.048,1.309,204,23,38,,
T,2023-03-22 12:04:14,6.20539167,-75.58679000,1.60,1512.152,24.048,1.315,204,24,38,,
T,2023-03-22 12:04:15,6.20538333,-75.58679500,1.50,1511.352,24.048,0.000,,24,38,,
T,2023-03-22 12:04:16,6.20537833,-75.58679500,1.60,1511.252,24.048,0.000,,24,38,,
T,2023-03-22 12:04:17,6.20537333,-75.58679333,1.60,1511.252,24.048,0.000,,23,38,,
T,2023-03-22 12:04:18,6.20537333,-75.58679333,1.60,1511.252,24.048,0.000,,22,38,,
T,2023-03-22 12:04:19,6.20537333,-75.58679333,1.60,1511.252,24.048,0.000,,22,38,,
T,2023-03-22 12:04:20,6.20537333,-75.58679333,1.70,1511.252,24.048,0.000,,22,38,,
T,2023-03-22 12:04:21,6.20537333,-75.58679333,1.60,1511.252,24.048,0.000,,22,38,,
T,2023-03-22 12:04:22,6.20537333,-75.58679333,1.60,1511.252,24.048,0.000,,23,38,,
T,2023-03-22 12:04:23,6.20537333,-75.58679333,1.60,1511.252,24.048,0.000,,23,38,,
T,2023-03-22 12:04:24,6.20537333,-75.58679333,1.60,1511.252,24.048,0.000,,22,38,,
T,2023-03-22 12:04:25,6.20537333,-75.58679333,1.60,1511.252,24.048,0.000,,24,38,,
T,2023-03-22 12:04:26,6.20537333,-75.58679333,1.60,1511.252,24.048,0.000,,24,38,,
T,2023-03-22 12:04:27,6.20537333,-75.58679333,1.50,1511.252,24.048,0.000,,24,38,,
T,2023-03-22 12:04:28,6.20537333,-75.58679333,1.50,1511.252,24.048,0.000,,22,38,,
T,2023-03-22 12:04:29,6.20537333,-75.58679333,1.50,1511.252,24.048,0.000,,23,38,,
T,2023-03-22 12:04:30,6.20537333,-75.58679333,1.40,1511.252,24.048,0.000,,23,38,,
T,2023-03-22 12:04:31,6.20537333,-75.58679333,1.40,1511.252,24.048,0.000,,23,38,,
T,2023-03-22 12:04:32,6.20537333,-75.58679333,1.50,1511.252,24.048,0.000,,23,38,,
T,2023-03-22 12:04:33,6.20529833,-75.58679167,1.70,1510.152,24.048,5.207,200,23,38,,
T,2023-03-22 12:04:34,6.20522833,-75.58682333,1.80,1510.451,24.049,8.119,203,22,38,,
T,2023-03-22 12:04:35,6.20513500,-75.58685500,2.00,1510.451,24.049,9.093,201,22,38,,
T,2023-03-22 12:04:36,6.20504000,-75.58688667,1.80,1510.751,24.049,10.130,198,23,38,,
T,2023-03-22 12:04:37,6.20495333,-75.58691833,1.70,1510.550,24.050,8.567,200,23,38,,
T,2023-03-22 12:04:38,6.20487167,-75.58695500,2.00,1510.250,24.050,8.165,203,23,38,,
T,2023-03-22 12:04:39,6.20479167,-75.58698000,1.90,1509.750,24.050,8.436,198,23,38,,
T,2023-03-22 12:04:40,6.20471333,-75.58700667,1.80,1509.849,24.051,8.705,194,23,38,,
T,2023-03-22 12:04:41,6.20463000,-75.58703500,1.90,1509.549,24.051,10.062,199,23,38,,
T,2023-03-22 12:04:42,6.20454167,-75.58706833,1.90,1507.949,24.051,9.284,202,23,38,,
T,2023-03-22 12:04:43,6.20447000,-75.58709500,2.00,1507.348,24.052,7.998,200,22,38,,
T,2023-03-22 12:04:44,6.20441167,-75.58711000,2.10,1506.848,24.052,7.766,197,21,38,,
T,2023-03-22 12:04:45,6.20434167,-75.58713667,2.30,1506.748,24.052,8.658,200,21,38,,
T,2023-03-22 12:04:46,6.20425000,-75.58717833,2.20,1505.448,24.052,9.836,203,21,38,,
T,2023-03-22 12:04:47,6.20414667,-75.58722833,2.10,1504.747,24.053,11.076,203,21,38,,
T,2023-03-22 12:04:48,6.20405667,-75.58726500,1.90,1501.947,24.053,12.131,202,21,38,,
T,2023-03-22 12:04:49,6.20393500,-75.58732333,2.00,1500.746,24.054,13.371,202,21,38,,
T,2023-03-22 12:04:50,6.20380500,-75.58738333,2.00,1500.146,24.054,14.323,203,21,38,,
T,2023-03-22 12:04:51,6.20367333,-75.58744000,1.90,1500.345,24.055,14.508,201,21,38,,
T,2023-03-22 12:04:52,6.20356333,-75.58749167,1.90,1498.945,24.055,14.604,200,21,38,,
T,2023-03-22 12:04:53,6.20342833,-75.58753833,1.90,1499.444,24.056,14.397,199,21,38,,
T,2023-03-22 12:04:54,6.20330000,-75.58758333,1.90,1501.244,24.056,13.192,198,21,38,,
T,2023-03-22 12:04:55,6.20319167,-75.58762333,1.70,1502.143,24.057,12.085,200,22,38,,
T,2023-03-22 12:04:56,6.20309833,-75.58765833,1.60,1502.643,24.057,10.515,200,22,38,,
T,2023-03-22 12:04:57,6.20301833,-75.58769000,1.90,1502.242,24.058,8.836,202,21,38,,
T,2023-03-22 12:04:58,6.20294833,-75.58772000,2.00,1501.442,24.058,8.084,202,22,38,,
T,2023-03-22 12:04:59,6.20288333,-75.58774833,1.70,1500.442,24.058,8.480,199,22,38,,
T,2023-03-22 12:05:00,6.20281167,-75.58777500,1.60,1499.942,24.058,7.918,199,21,38,,
T,2023-03-22 12:05:01,6.20275000,-75.58779667,1.50,1499.841,24.059,6.781,201,22,38,,
T,2023-03-22 12:05:02,6.20269000,-75.58782167,1.40,1499.741,24.059,7.542,199,23,38,,
T,2023-03-22 12:05:03,6.20261500,-75.58785000,1.40,1500.041,24.059,9.104,199,24,38,,
T,2023-03-22 12:05:04,6.20252833,-75.58788167,1.40,1500.041,24.059,10.258,202,24,38,,
T,2023-03-22 12:05:05,6.20243833,-75.58792000,1.40,1500.040,24.060,10.832,203,23,38,,
T,2023-03-22 12:05:06,6.20234833,-75.58795833,1.40,1500.640,24.060,10.088,204,22,38,,
T,2023-03-22 12:05:07,6.20226167,-75.58799667,1.40,1501.339,24.061,10.189,202,22,38,,
T,2023-03-22 12:05:08,6.20217500,-75.58803333,1.40,1501.939,24.061,10.017,203,22,38,,
T,2023-03-22 12:05:09,6.20209500,-75.58806667,1.40,1502.839,24.061,9.052,202,22,38,,
T,2023-03-22 12:05:10,6.20202500,-75.58809833,1.80,1503.338,24.062,7.544,202,22,38,,
T,2023-03-22 12:05:11,6.20196333,-75.58812167,1.80,1504.338,24.062,7.550,198,22,38,,
T,2023-03-22 12:05:12,6.20189667,-75.58814500,1.80,1504.938,24.062,7.363,202,21,38,,
T,2023-03-22 12:05:13,6.20183333,-75.58817500,1.90,1505.638,24.062,7.146,203,21,38,,
T,2023-03-22 12:05:14,6.20178333,-75.58819833,1.80,1505.237,24.063,7.031,201,21,38,,
T,2023-03-22 12:05:15,6.20172500,-75.58822667,1.90,1505.537,24.063,7.039,202,21,38,,
T,2023-03-22 12:05:16,6.20167333,-75.58824667,1.90,1505.537,24.063,6.776,201,21,38,,
T,2023-03-22 12:05:17,6.20162333,-75.58826000,1.90,1506.237,24.063,5.673,198,21,38,,
T,2023-03-22 12:05:18,6.20158833,-75.58827833,1.80,1506.437,24.063,3.565,195,21,38,,
T,2023-03-22 12:05:19,6.20156833,-75.58828667,1.70,1506.737,24.063,1.728,203,21,38,,
T,2023-03-22 12:05:20,6.20155667,-75.58828833,1.70,1506.837,24.063,0.000,,22,38,,
T,2023-03-22 12:05:21,6.20155500,-75.58828833,1.80,1507.237,24.063,0.000,,22,38,,
T,2023-03-22 12:05:22,6.20155333,-75.58828833,1.80,1507.437,24.063,0.000,,22,38,,
T,2023-03-22 12:05:23,6.20155333,-75.58828833,1.80,1507.437,24.063,0.000,,22,38,,
T,2023-03-22 12:05:24,6.20155333,-75.58828833,1.60,1507.437,24.063,0.000,,22,38,,
T,2023-03-22 12:05:25,6.20155333,-75.58828833,1.50,1507.437,24.063,0.000,,22,38,,
T,2023-03-22 12:05:26,6.20155333,-75.58828833,1.50,1507.437,24.063,0.000,,23,38,,
T,2023-03-22 12:05:27,6.20155333,-75.58828833,1.50,1507.437,24.063,0.000,,23,38,,
T,2023-03-22 12:05:28,6.20155333,-75.58828833,1.60,1507.437,24.063,0.000,,23,38,,
T,2023-03-22 12:05:29,6.20155333,-75.58828833,1.60,1507.437,24.063,0.000,,22,38,,
T,2023-03-22 12:05:30,6.20155333,-75.58828833,1.60,1507.437,24.063,0.000,,22,38,,
T,2023-03-22 12:05:31,6.20155333,-75.58828833,1.60,1507.437,24.063,0.000,,22,38,,
T,2023-03-22 12:05:32,6.20155333,-75.58828833,1.60,1507.437,24.063,0.000,,22,38,,
T,2023-03-22 12:05:33,6.20155333,-75.58828833,1.60,1507.437,24.063,0.000,,24,38,,
T,2023-03-22 12:05:34,6.20152167,-75.58830833,1.60,1508.036,24.064,2.918,200,24,38,,
T,2023-03-22 12:05:35,6.20148500,-75.58831833,1.70,1508.536,24.064,4.543,202,24,38,,
T,2023-03-22 12:05:36,6.20143667,-75.58834167,1.70,1509.336,24.064,5.859,204,24,38,,
T,2023-03-22 12:05:37,6.20138667,-75.58837000,1.70,1510.036,24.064,6.478,203,23,38,,
T,2023-03-22 12:05:38,6.20133333,-75.58839500,1.70,1510.236,24.064,7.242,205,22,38,,
T,2023-03-22 12:05:39,6.20127000,-75.58842333,1.80,1510.435,24.065,7.477,202,23,38,,
T,2023-03-22 12:05:40,6.20120333,-75.58845333,1.80,1510.635,24.065,7.930,202,24,38,,
T,2023-03-22 12:05:41,6.20112833,-75.58848167,1.80,1510.835,24.065,8.691,201,24,38,,
T,2023-03-22 12:05:42,6.20105167,-75.58851167,1.90,1510.534,24.066,9.207,203,22,38,,
T,2023-03-22 12:05:43,6.20097000,-75.58854000,1.70,1510.234,24.066,9.706,202,23,38,,
T,2023-03-22 12:05:44,6.20088667,-75.58856833,1.80,1509.634,24.066,10.626,203,23,38,,
T,2023-03-22 12:05:45,6.20079667,-75.58860833,1.80,1508.533,24.067,12.089,203,23,38,,
T,2023-03-22 12:05:46,6.20068667,-75.58865333,1.90,1507.833,24.067,12.719,201,22,38,,
T,2023-03-22 12:05:47,6.20057667,-75.58869500,1.90,1506.932,24.068,12.364,202,22,38,,
T,2023-03-22 12:05:48,6.20047500,-75.58874500,1.90,1507.732,24.068,12.758,203,22,38,,
T,2023-03-22 12:05:49,6.20036333,-75.58879167,1.90,1507.932,24.068,13.161,202,22,39,,
T,2023-03-22 12:05:50,6.20025333,-75.58883333,1.90,1507.531,24.069,12.847,202,22,38,,
T,2023-03-22 12:05:51,6.20014667,-75.58888000,1.90,1507.631,24.069,13.106,202,23,38,,
T,2023-03-22 12:05:52,6.20002500,-75.58893167,1.90,1507.130,24.070,13.679,203,23,38,,
T,2023-03-22 12:05:53,6.19990333,-75.58898167,1.90,1507.230,24.070,14.082,202,23,38,,
T,2023-03-22 12:05:54,6.19978167,-75.58902500,1.90,1508.429,24.071,13.190,203,23,38,,
T,2023-03-22 12:05:55,6.19967833,-75.58906667,1.90,1509.229,24.071,12.521,202,23,38,,
T,2023-03-22 12:05:56,6.19956833,-75.58910833,2.00,1510.028,24.072,12.630,202,22,38,,
T,2023-03-22 12:05:57,6.19946167,-75.58915000,1.90,1510.628,24.072,12.926,203,22,38,,
T,2023-03-22 12:05:58,6.19935833,-75.58919500,2.00,1511.028,24.072,12.632,202,23,38,,
T,2023-03-22 12:05:59,6.19923833,-75.58924500,2.00,1508.227,24.073,12.629,201,23,38,,
T,2023-03-22 12:06:00,6.19914000,-75.58928500,1.80,1508.527,24.073,12.058,203,25,38,,
T,2023-03-22 12:06:01,6.19903667,-75.58932667,1.70,1508.926,24.074,12.228,202,25,38,,
T,2023-03-22 12:06:02,6.19893167,-75.58937000,1.60,1509.426,24.074,12.655,201,25,38,,
T,2023-03-22 12:06:03,6.19882667,-75.58941500,1.50,1509.125,24.075,13.052,202,25,38,,
T,2023-03-22 12:06:04,6.19871500,-75.58946000,1.50,1509.325,24.075,13.024,201,25,38,,
T,2023-03-22 12:06:05,6.19860167,-75.58950500,1.40,1509.524,24.076,13.230,202,25,38,,
T,2023-03-22 12:06:06,6.19848500,-75.58955167,1.40,1510.024,24.076,13.720,201,25,38,,
T,2023-03-22 12:06:07,6.19836833,-75.58959833,1.40,1510.523,24.077,13.751,202,25,38,,
T,2023-03-22 12:06:08,6.19824667,-75.58964667,1.40,1510.823,24.077,14.643,202,25,38,,
T,2023-03-22 12:06:09,6.19812167,-75.58969667,1.40,1511.322,24.078,15.101,202,25,38,,
T,2023-03-22 12:06:10,6.19799500,-75.58974167,1.90,1511.122,24.078,15.556,202,25,38,,
T,2023-03-22 12:06:11,6.19786167,-75.58979500,1.80,1511.321,24.079,15.768,202,25,38,,
T,2023-03-22 12:06:12,6.19773000,-75.58985167,1.80,1512.421,24.079,15.254,203,25,38,,
T,2023-03-22 12:06:13,6.19760167,-75.58990667,1.80,1513.220,24.080,14.814,203,24,38,,
T,2023-03-22 12:06:14,6.19748167,-75.58995833,1.80,1512.720,24.080,15.328,202,23,38,,
T,2023-03-22 12:06:15,6.19735833,-75.59001167,1.80,1512.519,24.081,15.648,203,23,38,,
T,2023-03-22 12:06:16,6.19722167,-75.59007167,1.90,1512.519,24.081,15.799,203,23,38,,
T,2023-03-22 12:06:17,6.19708667,-75.59012167,1.90,1512.818,24.082,15.686,202,23,38,,
T,2023-03-22 12:06:18,6.19695333,-75.59018000,1.80,1513.818,24.082,16.023,202,24,38,,
T,2023-03-22 12:06:19,6.19681833,-75.59024000,1.90,1514.417,24.083,16.031,203,24,38,,
T,2023-03-22 12:06:20,6.19668333,-75.59029167,1.80,1514.717,24.083,16.437,202,24,38,,
T,2023-03-22 12:06:21,6.19654333,-75.59034833,1.90,1515.416,24.084,16.075,203,24,38,,
T,2023-03-22 12:06:22,6.19640667,-75.59040000,1.90,1514.915,24.085,15.752,202,24,38,,
T,2023-03-22 12:06:23,6.19627667,-75.59045333,1.90,1514.815,24.085,15.655,202,23,38,,
T,2023-03-22 12:06:24,6.19614333,-75.59050833,1.90,1514.414,24.086,16.066,202,23,38,,
T,2023-03-22 12:06:25,6.19600667,-75.59056500,1.90,1514.614,24.086,16.184,204,23,38,,
T,2023-03-22 12:06:26,6.19587333,-75.59062667,1.90,1514.813,24.087,15.758,203,23,38,,
T,2023-03-22 12:06:27,6.19574667,-75.59068000,1.80,1515.813,24.087,14.829,202,23,38,,
T,2023-03-22 12:06:28,6.19562333,-75.59072667,1.70,1516.012,24.088,13.851,203,24,38,,
T,2023-03-22 12:06:29,6.19551333,-75.59077000,1.80,1516.712,24.088,13.341,202,24,38,,
T,2023-03-22 12:06:30,6.19541000,-75.59081167,1.80,1516.411,24.089,12.548,202,24,38,,
T,2023-03-22 12:06:31,6.19530500,-75.59085333,1.80,1515.811,24.089,12.357,202,24,38,,
T,2023-03-22 12:06:32,6.19520167,-75.59089500,1.80,1514.711,24.089,12.144,201,24,38,,
T,2023-03-22 12:06:33,6.19509833,-75.59093333,1.70,1514.310,24.090,11.587,202,24,38,,
T,2023-03-22 12:06:34,6.19500500,-75.59096833,1.80,1513.510,24.090,10.490,203,25,38,,
T,2023-03-22 12:06:35,6.19491500,-75.59100500,1.80,1513.509,24.091,10.780,201,25,38,,
T,2023-03-22 12:06:36,6.19482833,-75.59104167,1.80,1513.009,24.091,10.537,202,25,38,,
T,2023-03-22 12:06:37,6.19474500,-75.59107333,1.80,1512.709,24.091,9.485,203,25,38,,
T,2023-03-22 12:06:38,6.19467500,-75.59110667,1.80,1511.908,24.092,7.661,202,25,38,,
T,2023-03-22 12:06:39,6.19463167,-75.59112500,1.80,1512.708,24.092,4.710,203,25,38,,
T,2023-03-22 12:06:40,6.19460667,-75.59113667,1.70,1513.008,24.092,3.309,200,25,38,,
T,2023-03-22 12:06:41,6.19458333,-75.59114833,1.60,1513.108,24.092,3.278,201,25,38,,
T,2023-03-22 12:06:42,6.19455833,-75.59116333,1.60,1513.308,24.092,4.246,202,25,38,,
T,2023-03-22 12:06:43,6.19451500,-75.59118333,1.60,1513.408,24.092,5.858,200,25,38,,
T,2023-03-22 12:06:44,6.19445500,-75.59120833,1.70,1513.507,24.093,6.824,203,25,38,,
T,2023-03-22 12:06:45,6.19439167,-75.59123167,1.80,1513.607,24.093,7.374,201,24,38,,
T,2023-03-22 12:06:46,6.19432500,-75.59126000,1.70,1514.707,24.093,7.795,205,25,38,,
T,2023-03-22 12:06:47,6.19424833,-75.59129000,1.70,1514.807,24.093,8.912,201,24,38,,
T,2023-03-22 12:06:48,6.19416833,-75.59132500,1.70,1515.006,24.094,9.341,203,24,38,,
T,2023-03-22 12:06:49,6.19409500,-75.59135667,1.80,1515.006,24.094,8.918,201,24,38,,
T,2023-03-22 12:06:50,6.19402000,-75.59139167,1.80,1515.006,24.094,9.034,202,24,38,,
T,2023-03-22 12:06:51,6.19395000,-75.59142000,1.90,1515.105,24.095,8.161,204,24,38,,
T,2023-03-22 12:06:52,6.19388167,-75.59144500,1.70,1515.605,24.095,7.883,200,24,38,,
T,2023-03-22 12:06:53,6.19381167,-75.59147667,1.80,1515.705,24.095,9.006,201,24,38,,
T,2023-03-22 12:06:54,6.19373667,-75.59151167,1.80,1516.004,24.096,8.375,201,24,38,,
T,2023-03-22 12:06:55,6.19367333,-75.59153667,1.80,1516.804,24.096,6.992,202,24,39,,
T,2023-03-22 12:06:56,6.19362333,-75.59156500,1.80,1517.304,24.096,6.969,202,24,39,,
T,2023-03-22 12:06:57,6.19356667,-75.59158167,1.80,1518.504,24.096,6.500,200,24,39,,
T,2023-03-22 12:06:58,6.19351500,-75.59159333,1.80,1519.004,24.096,5.130,203,24,39,,
T,2023-03-22 12:06:59,6.19347167,-75.59160500,1.80,1519.703,24.097,3.792,200,24,39,,
T,2023-03-22 12:07:00,6.19343833,-75.59161000,1.70,1520.103,24.097,3.000,197,24,39,,
T,2023-03-22 12:07:01,6.19341333,-75.59161833,1.70,1520.603,24.097,2.856,200,24,39,,
T,2023-03-22 12:07:02,6.19338833,-75.59162333,1.70,1521.003,24.097,2.563,201,24,39,,
T,2023-03-22 12:07:03,6.19337500,-75.59163000,1.70,1521.903,24.097,1.379,201,24,39,,
T,2023-03-22 12:07:04,6.19337333,-75.59164000,1.60,1522.503,24.097,0.000,,24,39,,
T,2023-03-22 12:07:05,6.19337833,-75.59164500,1.60,1523.003,24.097,0.000,,24,39,,
T,2023-03-22 12:07:06,6.19338000,-75.59165000,1.50,1523.303,24.097,0.000,,24,39,,
T,2023-03-22 12:07:07,6.19338000,-75.59165000,1.60,1523.303,24.097,0.000,,24,39,,
T,2023-03-22 12:07:08,6.19338000,-75.59165000,1.60,1523.303,24.097,0.000,,25,39,,
T,2023-03-22 12:07:09,6.19338000,-75.59165000,1.60,1523.303,24.097,0.000,,25,39,,
T,2023-03-22 12:07:10,6.19338000,-75.59165000,1.60,1523.303,24.097,0.000,,25,39,,
T,2023-03-22 12:07:11,6.19338000,-75.59165000,1.60,1523.303,24.097,0.000,,25,39,,
T,2023-03-22 12:07:12,6.19338000,-75.59165000,1.60,1523.303,24.097,0.000,,24,39,,
T,2023-03-22 12:07:13,6.19338000,-75.59165000,1.60,1523.303,24.097,0.000,,24,39,,
T,2023-03-22 12:07:14,6.19338000,-75.59165000,1.60,1523.303,24.097,0.000,,25,39,,
T,2023-03-22 12:07:15,6.19338000,-75.59165000,1.60,1523.303,24.097,0.000,,25,39,,
T,2023-03-22 12:07:16,6.19338000,-75.59165000,1.60,1523.303,24.097,0.000,,25,39,,
T,2023-03-22 12:07:17,6.19338000,-75.59165000,1.60,1523.303,24.097,0.000,,25,39,,
T,2023-03-22 12:07:18,6.19338000,-75.59165000,1.60,1523.303,24.097,0.000,,25,39,,
T,2023-03-22 12:07:19,6.19338000,-75.59165000,1.60,1523.303,24.097,0.000,,25,39,,
T,2023-03-22 12:07:20,6.19338000,-75.59165000,1.60,1523.303,24.097,0.000,,25,39,,
T,2023-03-22 12:07:21,6.19338000,-75.59165000,1.60,1523.303,24.097,0.000,,25,39,,
T,2023-03-22 12:07:22,6.19338000,-75.59165000,1.60,1523.303,24.097,0.000,,25,39,,
T,2023-03-22 12:07:23,6.19338000,-75.59165000,1.60,1523.303,24.097,0.000,,24,39,,
T,2023-03-22 12:07:24,6.19338000,-75.59165000,1.60,1523.303,24.097,0.000,,24,39,,
T,2023-03-22 12:07:25,6.19338000,-75.59165000,1.60,1523.303,24.097,0.000,,24,39,,
T,2023-03-22 12:07:26,6.19338000,-75.59165000,1.60,1523.303,24.097,0.000,,24,39,,
T,2023-03-22 12:07:27,6.19338000,-75.59165000,1.50,1523.303,24.097,0.000,,24,39,,
T,2023-03-22 12:07:28,6.19338000,-75.59165000,1.50,1523.303,24.097,0.000,,23,39,,
T,2023-03-22 12:07:29,6.19338000,-75.59165000,1.50,1523.303,24.097,0.000,,23,39,,
T,2023-03-22 12:07:30,6.19338000,-75.59165000,1.50,1523.303,24.097,0.000,,23,39,,
T,2023-03-22 12:07:31,6.19338000,-75.59165000,1.50,1523.303,24.097,0.000,,25,39,,
T,2023-03-22 12:07:32,6.19338000,-75.59165000,1.40,1523.303,24.097,0.000,,25,39,,
T,2023-03-22 12:07:33,6.19338000,-75.59165000,1.40,1523.303,24.097,0.000,,25,39,,
T,2023-03-22 12:07:34,6.19338000,-75.59165000,1.40,1523.303,24.097,0.000,,26,39,,
T,2023-03-22 12:07:35,6.19338000,-75.59165000,1.40,1523.303,24.097,0.000,,26,39,,
T,2023-03-22 12:07:36,6.19338000,-75.59165000,1.40,1523.303,24.097,0.000,,26,39,,
T,2023-03-22 12:07:37,6.19338000,-75.59165000,1.40,1523.303,24.097,0.000,,26,39,,
T,2023-03-22 12:07:38,6.19338000,-75.59165000,1.40,1523.303,24.097,0.000,,26,39,,
T,2023-03-22 12:07:39,6.19338000,-75.59165000,1.40,1523.303,24.097,0.000,,26,39,,
T,2023-03-22 12:07:40,6.19338000,-75.59165000,1.40,1523.303,24.097,0.000,,26,39,,
T,2023-03-22 12:07:41,6.19338000,-75.59165000,1.30,1523.303,24.097,0.000,,26,39,,
T,2023-03-22 12:07:42,6.19338000,-75.59165000,1.30,1523.303,24.097,0.000,,26,39,,
T,2023-03-22 12:07:43,6.19338000,-75.59165000,1.30,1523.303,24.097,0.000,,26,39,,
T,2023-03-22 12:07:44,6.19338000,-75.59165000,1.30,1523.303,24.097,0.000,,26,39,,
T,2023-03-22 12:07:45,6.19338000,-75.59165000,1.30,1523.303,24.097,0.000,,27,39,,
T,2023-03-22 12:07:46,6.19338000,-75.59165000,1.30,1523.303,24.097,0.000,,27,39,,
T,2023-03-22 12:07:47,6.19338000,-75.59165000,1.30,1523.303,24.097,0.000,,28,39,,
T,2023-03-22 12:07:48,6.19338000,-75.59165000,1.30,1523.303,24.097,0.000,,27,39,,
T,2023-03-22 12:07:49,6.19338000,-75.59165000,1.30,1523.303,24.097,0.000,,25,39,,
T,2023-03-22 12:07:50,6.19338000,-75.59165000,1.30,1523.303,24.097,0.000,,25,39,,
T,2023-03-22 12:07:51,6.19338000,-75.59165000,1.30,1523.303,24.097,0.000,,24,39,,
T,2023-03-22 12:07:52,6.19338000,-75.59165000,1.30,1523.303,24.097,0.000,,26,39,,
T,2023-03-22 12:07:53,6.19338000,-75.59165000,1.30,1523.303,24.097,0.000,,24,39,,
T,2023-03-22 12:07:54,6.19338000,-75.59165000,1.30,1523.303,24.097,0.000,,24,39,,
T,2023-03-22 12:07:55,6.19338000,-75.59165000,1.40,1523.303,24.097,0.000,,25,39,,
T,2023-03-22 12:07:56,6.19338000,-75.59165000,1.30,1523.303,24.097,0.000,,25,39,,
T,2023-03-22 12:07:57,6.19338000,-75.59165000,1.30,1523.303,24.097,0.000,,25,39,,
T,2023-03-22 12:07:58,6.19338000,-75.59165000,1.30,1523.303,24.097,0.000,,25,39,,
T,2023-03-22 12:07:59,6.19338000,-75.59165000,1.30,1523.303,24.097,0.000,,25,39,,
T,2023-03-22 12:08:00,6.19338000,-75.59165000,1.30,1523.303,24.097,0.000,,25,39,,
T,2023-03-22 12:08:01,6.19338000,-75.59165000,1.30,1523.303,24.097,0.000,,25,39,,
T,2023-03-22 12:08:02,6.19338000,-75.59165000,1.30,1523.303,24.097,0.000,,25,39,,
T,2023-03-22 12:08:03,6.19338000,-75.59165000,1.30,1523.303,24.097,0.000,,25,39,,
T,2023-03-22 12:08:04,6.19338000,-75.59165000,1.40,1523.303,24.097,0.000,,25,39,,
T,2023-03-22 12:08:05,6.19331833,-75.59169167,1.70,1527.303,24.097,5.706,203,25,39,,
T,2023-03-22 12:08:06,6.19324167,-75.59171333,1.70,1526.502,24.098,7.703,203,25,39,,
T,2023-03-22 12:08:07,6.19316000,-75.59175000,1.60,1525.702,24.098,9.179,205,26,39,,
T,2023-03-22 12:08:08,6.19307000,-75.59179333,1.70,1524.302,24.098,10.168,206,26,39,,
T,2023-03-22 12:08:09,6.19298000,-75.59183500,1.60,1523.401,24.099,10.836,208,26,39,,
T,2023-03-22 12:08:10,6.19288667,-75.59188333,1.80,1522.101,24.099,10.659,211,26,39,,
T,2023-03-22 12:08:11,6.19279833,-75.59192667,1.80,1520.500,24.100,10.490,211,27,39,,
T,2023-03-22 12:08:12,6.19271333,-75.59197667,1.70,1519.800,24.100,11.332,212,27,39,,
T,2023-03-22 12:08:13,6.19262833,-75.59203667,1.60,1519.400,24.100,11.145,217,26,39,,
T,2023-03-22 12:08:14,6.19255167,-75.59210000,1.90,1519.399,24.101,11.264,216,25,39,,
T,2023-03-22 12:08:15,6.19246667,-75.59217000,1.90,1518.899,24.101,12.258,216,26,39,,
T,2023-03-22 12:08:16,6.19237500,-75.59224000,2.00,1518.498,24.102,12.292,221,26,39,,
T,2023-03-22 12:08:17,6.19229000,-75.59231333,1.80,1518.497,24.103,12.571,222,26,39,,
T,2023-03-22 12:08:18,6.19220833,-75.59238500,1.90,1518.697,24.103,11.187,224,25,39,,
T,2023-03-22 12:08:19,6.19214500,-75.59244667,1.80,1518.796,24.104,9.388,223,26,39,,
T,2023-03-22 12:08:20,6.19209000,-75.59249833,1.90,1518.996,24.104,8.560,222,25,39,,
T,2023-03-22 12:08:21,6.19204000,-75.59255000,1.80,1518.796,24.104,7.925,222,25,39,,
T,2023-03-22 12:08:22,6.19198333,-75.59260333,1.90,1518.495,24.105,8.858,221,25,39,,
T,2023-03-22 12:08:23,6.19192167,-75.59265833,2.00,1518.295,24.105,9.787,224,24,39,,
T,2023-03-22 12:08:24,6.19186333,-75.59272000,2.00,1518.595,24.105,9.318,226,26,39,,
T,2023-03-22 12:08:25,6.19180500,-75.59277500,1.90,1518.594,24.106,8.242,227,26,39,,
T,2023-03-22 12:08:26,6.19175167,-75.59282500,2.00,1518.694,24.106,8.536,220,27,39,,
T,2023-03-22 12:08:27,6.19168500,-75.59287667,2.00,1518.793,24.107,9.547,220,27,39,,
T,2023-03-22 12:08:28,6.19161167,-75.59293667,1.80,1518.893,24.107,10.310,221,27,39,,
T,2023-03-22 12:08:29,6.19154167,-75.59301167,1.70,1519.592,24.108,10.803,224,26,39,,
T,2023-03-22 12:08:30,6.19147000,-75.59308333,1.60,1519.592,24.108,10.921,225,25,39,,
T,2023-03-22 12:08:31,6.19140000,-75.59315333,1.60,1519.591,24.109,10.634,224,25,39,,
T,2023-03-22 12:08:32,6.19132667,-75.59322500,1.90,1520.491,24.109,9.497,223,24,39,,
T,2023-03-22 12:08:33,6.19126667,-75.59329333,1.70,1521.690,24.110,9.855,225,25,39,,
T,2023-03-22 12:08:34,6.19120667,-75.59336167,2.00,1522.790,24.110,9.548,222,25,39,,
T,2023-03-22 12:08:35,6.19114333,-75.59342833,2.00,1523.489,24.111,10.474,222,25,39,,
T,2023-03-22 12:08:36,6.19107667,-75.59349667,2.00,1524.389,24.111,10.109,222,24,39,,
T,2023-03-22 12:08:37,6.19101500,-75.59356000,1.90,1524.688,24.112,9.423,223,24,39,,
T,2023-03-22 12:08:38,6.19096167,-75.59362667,2.00,1525.388,24.112,9.096,224,25,39,,
T,2023-03-22 12:08:39,6.19090000,-75.59368167,2.00,1526.388,24.112,9.191,224,25,39,,
T,2023-03-22 12:08:40,6.19083167,-75.59374000,1.80,1526.387,24.113,9.028,226,24,39,,
T,2023-03-22 12:08:41,6.19076333,-75.59381333,1.80,1526.187,24.113,9.708,227,25,39,,
T,2023-03-22 12:08:42,6.19069333,-75.59388167,1.70,1525.986,24.114,10.075,226,24,39,,
T,2023-03-22 12:08:43,6.19062333,-75.59394667,1.60,1525.886,24.114,10.192,223,24,39,,
T,2023-03-22 12:08:44,6.19055500,-75.59401500,1.60,1525.385,24.115,10.537,226,25,39,,
T,2023-03-22 12:08:45,6.19048833,-75.59408833,1.60,1524.985,24.115,11.410,227,24,39,,
T,2023-03-22 12:08:46,6.19042000,-75.59416500,1.60,1524.384,24.116,12.029,224,24,39,,
T,2023-03-22 12:08:47,6.19033000,-75.59425333,1.60,1524.084,24.116,13.745,225,23,39,,
T,2023-03-22 12:08:48,6.19023167,-75.59434167,1.70,1524.283,24.117,14.603,220,24,39,,
T,2023-03-22 12:08:49,6.19013333,-75.59443000,1.70,1524.482,24.118,14.303,222,24,39,,
T,2023-03-22 12:08:50,6.19003667,-75.59451667,1.70,1525.582,24.118,14.475,223,24,39,,
T,2023-03-22 12:08:51,6.18994333,-75.59459833,1.70,1526.981,24.119,14.120,222,24,39,,
T,2023-03-22 12:08:52,6.18985500,-75.59468500,1.60,1527.880,24.120,12.320,223,24,39,,
T,2023-03-22 12:08:53,6.18977833,-75.59475833,1.60,1527.880,24.120,10.750,223,25,39,,
T,2023-03-22 12:08:54,6.18971167,-75.59482167,1.60,1527.979,24.121,9.881,224,25,39,,
T,2023-03-22 12:08:55,6.18964667,-75.59487833,1.50,1528.079,24.121,9.240,221,25,39,,
T,2023-03-22 12:08:56,6.18958667,-75.59492833,1.60,1528.079,24.121,8.658,220,25,39,,
T,2023-03-22 12:08:57,6.18953000,-75.59498500,1.60,1528.378,24.122,8.350,223,25,39,,
T,2023-03-22 12:08:58,6.18947833,-75.59504833,1.80,1528.378,24.122,8.340,223,26,39,,
T,2023-03-22 12:08:59,6.18941833,-75.59511167,1.70,1528.277,24.123,9.643,223,26,39,,
T,2023-03-22 12:09:00,6.18935333,-75.59516667,1.60,1527.277,24.123,9.990,223,26,39,,
T,2023-03-22 12:09:01,6.18928500,-75.59522667,1.60,1526.776,24.124,9.994,224,26,39,,
T,2023-03-22 12:09:02,6.18922167,-75.59529000,1.60,1526.676,24.124,9.767,224,25,39,,
T,2023-03-22 12:09:03,6.18916000,-75.59535167,1.60,1526.476,24.124,9.941,223,25,39,,
T,2023-03-22 12:09:04,6.18909667,-75.59542000,1.60,1526.875,24.125,9.712,225,25,39,,
T,2023-03-22 12:09:05,6.18903667,-75.59547833,1.70,1526.875,24.125,9.167,224,25,39,,
T,2023-03-22 12:09:06,6.18897667,-75.59554167,1.70,1527.274,24.126,9.703,226,24,39,,
T,2023-03-22 12:09:07,6.18891167,-75.59561667,1.70,1528.074,24.126,10.578,231,26,39,,
T,2023-03-22 12:09:08,6.18885333,-75.59569500,1.80,1528.273,24.127,10.686,231,26,39,,
T,2023-03-22 12:09:09,6.18879333,-75.59577333,1.80,1528.673,24.127,10.833,231,26,39,,
T,2023-03-22 12:09:10,6.18873000,-75.59585000,1.80,1529.272,24.128,10.260,230,25,39,,
T,2023-03-22 12:09:11,6.18867167,-75.59593000,1.80,1530.172,24.128,10.446,230,25,39,,
T,2023-03-22 12:09:12,6.18861333,-75.59600667,1.80,1530.871,24.129,10.530,233,26,39,,
T,2023-03-22 12:09:13,6.18855333,-75.59609167,1.70,1531.570,24.130,10.925,235,26,39,,
T,2023-03-22 12:09:14,6.18850167,-75.59617500,1.70,1531.870,24.130,10.612,234,24,39,,
T,2023-03-22 12:09:15,6.18844667,-75.59625333,1.70,1532.469,24.131,9.544,233,24,39,,
T,2023-03-22 12:09:16,6.18839167,-75.59632500,1.60,1532.969,24.131,9.572,234,25,39,,
T,2023-03-22 12:09:17,6.18834000,-75.59639500,1.60,1533.168,24.132,9.580,235,26,39,,
T,2023-03-22 12:09:18,6.18828833,-75.59646500,1.60,1533.468,24.132,9.588,235,25,39,,
T,2023-03-22 12:09:19,6.18823000,-75.59654333,1.70,1533.767,24.133,10.420,234,24,39,,
T,2023-03-22 12:09:20,6.18816833,-75.59663167,1.70,1534.167,24.133,11.331,235,23,39,,
T,2023-03-22 12:09:21,6.18810333,-75.59671667,1.70,1534.466,24.134,11.835,232,22,39,,
T,2023-03-22 12:09:22,6.18803500,-75.59680167,1.70,1534.366,24.134,11.621,233,23,39,,
T,2023-03-22 12:09:23,6.18797000,-75.59689000,1.70,1534.565,24.135,11.533,232,25,39,,
T,2023-03-22 12:09:24,6.18790333,-75.59697500,1.70,1534.765,24.135,11.571,232,25,39,,
T,2023-03-22 12:09:25,6.18784167,-75.59706000,1.60,1534.964,24.136,10.700,235,24,39,,
T,2023-03-22 12:09:26,6.18778667,-75.59714000,1.60,1535.063,24.137,9.696,235,24,39,,
T,2023-03-22 12:09:27,6.18773667,-75.59721833,1.90,1534.463,24.137,9.015,235,24,39,,
T,2023-03-22 12:09:28,6.18769000,-75.59729000,1.90,1534.263,24.137,9.484,237,24,39,,
T,2023-03-22 12:09:29,6.18764000,-75.59736500,1.80,1534.562,24.138,9.482,233,24,39,,
T,2023-03-22 12:09:30,6.18759333,-75.59742833,1.70,1534.562,24.138,9.150,235,23,39,,
T,2023-03-22 12:09:31,6.18754833,-75.59748833,1.70,1534.661,24.139,8.053,235,25,39,,
T,2023-03-22 12:09:32,6.18751333,-75.59753500,1.80,1534.861,24.139,6.935,237,25,39,,
T,2023-03-22 12:09:33,6.18749500,-75.59755500,1.90,1534.961,24.139,4.588,235,25,39,,
T,2023-03-22 12:09:34,6.18749500,-75.59755167,1.90,1534.861,24.139,1.971,235,25,39,,
T,2023-03-22 12:09:35,6.18749500,-75.59755333,1.80,1534.861,24.139,1.056,235,25,39,,
T,2023-03-22 12:09:36,6.18749000,-75.59756167,1.70,1535.361,24.139,1.634,241,25,39,,
T,2023-03-22 12:09:37,6.18748167,-75.59757333,1.60,1535.861,24.139,1.790,244,25,39,,
T,2023-03-22 12:09:38,6.18748333,-75.59758500,1.50,1536.161,24.139,1.959,248,25,39,,
T,2023-03-22 12:09:39,6.18748667,-75.59760333,1.50,1536.660,24.140,2.831,278,25,39,,
T,2023-03-22 12:09:40,6.18750667,-75.59762167,1.50,1537.060,24.140,2.931,313,25,39,,
T,2023-03-22 12:09:41,6.18753667,-75.59764667,1.50,1537.760,24.140,4.052,316,25,39,,
T,2023-03-22 12:09:42,6.18757167,-75.59767167,1.60,1537.860,24.140,4.719,324,25,39,,
T,2023-03-22 12:09:43,6.18761000,-75.59770667,1.60,1538.160,24.140,5.676,320,25,39,,
T,2023-03-22 12:09:44,6.18765000,-75.59774500,1.60,1538.560,24.140,6.120,315,24,39,,
T,2023-03-22 12:09:45,6.18768833,-75.59778667,1.50,1538.960,24.140,6.418,311,24,39,,
T,2023-03-22 12:09:46,6.18772667,-75.59783500,1.50,1539.460,24.140,6.507,310,23,39,,
T,2023-03-22 12:09:47,6.18776833,-75.59788333,1.40,1539.660,24.140,6.669,308,24,39,,
T,2023-03-22 12:09:48,6.18781167,-75.59793167,1.40,1539.959,24.141,7.029,310,25,39,,
T,2023-03-22 12:09:49,6.18786000,-75.59798000,1.40,1540.159,24.141,7.257,316,25,39,,
T,2023-03-22 12:09:50,6.18791000,-75.59802833,1.40,1540.259,24.141,7.538,313,24,39,,
T,2023-03-22 12:09:51,6.18796333,-75.59807833,1.40,1540.259,24.141,7.697,313,24,39,,
T,2023-03-22 12:09:52,6.18801500,-75.59813000,1.40,1540.159,24.141,7.876,313,24,39,,
T,2023-03-22 12:09:53,6.18807000,-75.59817667,1.80,1539.859,24.141,7.644,307,24,39,,
T,2023-03-22 12:09:54,6.18811500,-75.59823167,1.70,1539.558,24.142,7.329,304,25,39,,
T,2023-03-22 12:09:55,6.18815000,-75.59828500,1.70,1539.558,24.142,6.929,301,25,39,,
T,2023-03-22 12:09:56,6.18817500,-75.59833500,1.70,1539.958,24.142,5.599,294,25,39,,
T,2023-03-22 12:09:57,6.18819333,-75.59837500,1.60,1540.458,24.142,4.514,295,25,39,,
T,2023-03-22 12:09:58,6.18821167,-75.59840667,1.50,1541.158,24.142,3.843,296,25,39,,
T,2023-03-22 12:09:59,6.18822500,-75.59843500,1.50,1541.558,24.142,3.141,295,23,39,,
T,2023-03-22 12:10:00,6.18823667,-75.59845833,1.50,1541.957,24.143,2.286,295,24,39,,
T,2023-03-22 12:10:01,6.18824333,-75.59847500,1.50,1542.257,24.143,1.695,296,24,39,,
T,2023-03-22 12:10:02,6.18824833,-75.59848667,1.60,1543.057,24.143,1.812,304,24,39,,
T,2023-03-22 12:10:03,6.18825667,-75.59850000,1.60,1543.857,24.143,1.835,297,25,39,,
T,2023-03-22 12:10:04,6.18826333,-75.59851500,1.60,1544.157,24.143,1.817,294,24,39,,
T,2023-03-22 12:10:05,6.18826500,-75.59853333,1.60,1544.857,24.143,1.812,277,24,39,,
T,2023-03-22 12:10:06,6.18827333,-75.59855000,1.70,1545.757,24.143,2.513,276,24,39,,
T,2023-03-22 12:10:07,6.18828833,-75.59857833,1.70,1546.557,24.143,3.737,296,24,39,,
T,2023-03-22 12:10:08,6.18831333,-75.59862500,1.70,1546.757,24.143,6.023,295,25,39,,
T,2023-03-22 12:10:09,6.18834500,-75.59869167,1.90,1547.156,24.144,6.908,296,24,39,,
T,2023-03-22 12:10:10,6.18836667,-75.59875833,2.00,1546.956,24.144,6.150,290,24,39,,
T,2023-03-22 12:10:11,6.18837333,-75.59881667,1.90,1547.056,24.144,4.734,289,24,39,,
T,2023-03-22 12:10:12,6.18838000,-75.59884833,1.90,1547.356,24.144,3.509,283,24,39,,
T,2023-03-22 12:10:13,6.18838833,-75.59887833,1.70,1547.456,24.144,3.380,289,25,39,,
T,2023-03-22 12:10:14,6.18840500,-75.59891167,1.80,1547.655,24.145,4.417,293,25,39,,
T,2023-03-22 12:10:15,6.18842000,-75.59894833,1.80,1547.755,24.145,4.094,293,24,39,,
T,2023-03-22 12:10:16,6.18843833,-75.59898167,1.80,1548.055,24.145,3.649,296,24,39,,
T,2023-03-22 12:10:17,6.18845333,-75.59900667,1.60,1547.955,24.145,2.872,301,24,39,,
T,2023-03-22 12:10:18,6.18846333,-75.59903333,1.60,1547.055,24.145,2.757,294,24,39,,
T,2023-03-22 12:10:19,6.18847167,-75.59906000,1.50,1546.155,24.145,3.161,296,25,39,,
T,2023-03-22 12:10:20,6.18848500,-75.59909167,1.50,1545.555,24.145,3.530,300,25,39,,
T,2023-03-22 12:10:21,6.18850167,-75.59912667,1.60,1544.855,24.145,4.431,299,26,39,,
T,2023-03-22 12:10:22,6.18852667,-75.59916833,1.60,1543.554,24.146,5.579,301,26,39,,
T,2023-03-22 12:10:23,6.18855167,-75.59921833,1.60,1542.854,24.146,6.145,298,26,39,,
T,2023-03-22 12:10:24,6.18857167,-75.59927833,1.80,1542.654,24.146,7.316,295,25,39,,
T,2023-03-22 12:10:25,6.18860500,-75.59934000,1.70,1541.954,24.146,7.686,300,25,39,,
T,2023-03-22 12:10:26,6.18864167,-75.59940667,1.90,1541.353,24.147,8.171,297,25,39,,
T,2023-03-22 12:10:27,6.18867000,-75.59947833,2.00,1541.353,24.147,7.977,295,25,39,,
T,2023-03-22 12:10:28,6.18869167,-75.59954833,1.90,1541.553,24.147,7.242,295,25,39,,
T,2023-03-22 12:10:29,6.18871333,-75.59961167,2.00,1541.652,24.148,6.702,295,25,39,,
T,2023-03-22 12:10:30,6.18874000,-75.59965833,1.90,1541.652,24.148,5.332,297,25,39,,
T,2023-03-22 12:10:31,6.18875667,-75.59969833,1.90,1541.452,24.148,4.140,295,25,39,,
T,2023-03-22 12:10:32,6.18876833,-75.59973167,1.80,1541.852,24.148,3.640,293,25,39,,
T,2023-03-22 12:10:33,6.18877667,-75.59975667,1.70,1541.452,24.148,2.489,295,25,39,,
T,2023-03-22 12:10:34,6.18878500,-75.59977333,1.70,1540.952,24.148,1.810,295,25,39,,
T,2023-03-22 12:10:35,6.18879167,-75.59978333,1.70,1540.652,24.148,1.188,295,24,39,,
T,2023-03-22 12:10:36,6.18879333,-75.59979500,1.70,1540.452,24.148,1.375,295,25,39,,
T,2023-03-22 12:10:37,6.18879000,-75.59980667,1.80,1540.452,24.148,0.000,,25,39,,
T,2023-03-22 12:10:38,6.18878833,-75.59982333,1.80,1540.251,24.149,0.000,,25,39,,
T,2023-03-22 12:10:39,6.18878500,-75.59984500,1.90,1540.451,24.149,3.129,265,25,39,,
T,2023-03-22 12:10:40,6.18877500,-75.59987500,1.90,1540.551,24.149,3.995,252,25,39,,
T,2023-03-22 12:10:41,6.18875667,-75.59990167,1.90,1541.551,24.149,3.442,251,25,39,,
T,2023-03-22 12:10:42,6.18873000,-75.59992833,1.90,1542.851,24.149,4.603,228,25,39,,
T,2023-03-22 12:10:43,6.18869167,-75.59996000,1.90,1544.251,24.149,5.911,222,25,39,,
T,2023-03-22 12:10:44,6.18864667,-75.60000333,1.90,1545.650,24.150,6.944,224,25,39,,
T,2023-03-22 12:10:45,6.18860000,-75.60005000,1.90,1546.750,24.150,7.108,222,25,39,,
T,2023-03-22 12:10:46,6.18854667,-75.60010667,2.00,1547.449,24.151,7.563,227,24,39,,
T,2023-03-22 12:10:47,6.18848833,-75.60016000,1.90,1547.749,24.151,7.890,226,24,39,,
T,2023-03-22 12:10:48,6.18843333,-75.60021000,1.70,1548.249,24.151,8.147,225,24,39,,
T,2023-03-22 12:10:49,6.18837833,-75.60026833,1.90,1548.548,24.152,8.185,226,25,39,,
T,2023-03-22 12:10:50,6.18832667,-75.60031833,2.00,1549.348,24.152,7.960,224,25,39,,
T,2023-03-22 12:10:51,6.18827500,-75.60036167,1.80,1549.948,24.152,8.088,225,25,39,,
T,2023-03-22 12:10:52,6.18822167,-75.60040833,1.70,1550.547,24.153,8.239,225,25,39,,
T,2023-03-22 12:10:53,6.18817000,-75.60046000,1.60,1551.147,24.153,8.348,224,25,39,,
T,2023-03-22 12:10:54,6.18811833,-75.60051167,1.60,1551.847,24.153,8.250,226,25,39,,
T,2023-03-22 12:10:55,6.18807167,-75.60056000,1.70,1552.546,24.154,6.535,226,25,39,,
T,2023-03-22 12:10:56,6.18803833,-75.60059667,1.70,1553.046,24.154,5.377,226,25,39,,
T,2023-03-22 12:10:57,6.18801000,-75.60063333,1.80,1553.946,24.154,5.808,221,25,39,,
T,2023-03-22 12:10:58,6.18797500,-75.60067667,1.80,1555.045,24.155,6.750,223,25,39,,
T,2023-03-22 12:10:59,6.18793167,-75.60071833,1.70,1556.245,24.155,5.796,229,25,39,,
T,2023-03-22 12:11:00,6.18789500,-75.60075833,1.70,1557.045,24.155,5.041,224,26,39,,
T,2023-03-22 12:11:01,6.18786500,-75.60079000,1.70,1558.345,24.155,4.073,229,26,39,,
T,2023-03-22 12:11:02,6.18784333,-75.60081833,1.80,1559.044,24.156,2.976,229,26,39,,
T,2023-03-22 12:11:03,6.18782500,-75.60084000,1.80,1559.444,24.156,2.322,219,26,39,,
T,2023-03-22 12:11:04,6.18780667,-75.60085667,1.80,1559.944,24.156,2.357,209,25,39,,
T,2023-03-22 12:11:05,6.18779333,-75.60087000,1.80,1560.244,24.156,1.553,212,26,39,,
T,2023-03-22 12:11:06,6.18779000,-75.60087333,1.90,1561.044,24.156,0.000,,25,39,,
T,2023-03-22 12:11:07,6.18778667,-75.60087667,1.80,1561.744,24.156,0.000,,25,39,,
T,2023-03-22 12:11:08,6.18778500,-75.60088500,1.80,1562.344,24.156,0.000,,25,39,,
T,2023-03-22 12:11:09,6.18778500,-75.60088500,1.80,1562.344,24.156,0.000,,25,39,,
T,2023-03-22 12:11:10,6.18778500,-75.60088500,1.70,1562.344,24.156,0.000,,25,39,,
T,2023-03-22 12:11:11,6.18778500,-75.60088500,1.70,1562.344,24.156,0.000,,25,39,,
T,2023-03-22 12:11:12,6.18778500,-75.60088500,1.70,1562.344,24.156,0.000,,24,39,,
T,2023-03-22 12:11:13,6.18778500,-75.60088500,1.70,1562.344,24.156,0.000,,25,39,,
T,2023-03-22 12:11:14,6.18778500,-75.60088500,1.70,1562.344,24.156,0.000,,23,39,,
T,2023-03-22 12:11:15,6.18778500,-75.60088500,1.70,1562.344,24.156,0.000,,23,39,,
T,2023-03-22 12:11:16,6.18778500,-75.60088500,1.70,1562.344,24.156,0.000,,24,39,,
T,2023-03-22 12:11:17,6.18778500,-75.60088500,1.70,1562.344,24.156,0.000,,24,39,,
T,2023-03-22 12:11:18,6.18778500,-75.60088500,1.70,1562.344,24.156,0.000,,21,39,,
T,2023-03-22 12:11:19,6.18778500,-75.60088500,1.70,1562.344,24.156,0.000,,22,39,,
T,2023-03-22 12:11:20,6.18778500,-75.60088500,1.70,1562.344,24.156,0.000,,23,39,,
T,2023-03-22 12:11:21,6.18778500,-75.60088500,1.60,1562.344,24.156,0.000,,23,39,,
T,2023-03-22 12:11:22,6.18778500,-75.60088500,1.70,1562.344,24.156,0.000,,24,39,,
T,2023-03-22 12:11:23,6.18778500,-75.60088500,1.10,1562.344,24.156,0.000,,23,39,,
T,2023-03-22 12:11:24,6.18778500,-75.60088500,1.30,1562.344,24.156,0.000,,24,39,,
T,2023-03-22 12:11:25,6.18778500,-75.60088500,1.40,1562.344,24.156,0.000,,22,39,,
T,2023-03-22 12:11:26,6.18778500,-75.60088500,1.50,1562.344,24.156,0.000,,22,39,,
T,2023-03-22 12:11:27,6.18778500,-75.60088500,1.50,1562.344,24.156,0.000,,21,39,,
T,2023-03-22 12:11:28,6.18778500,-75.60088500,1.10,1562.344,24.156,0.000,,22,39,,
T,2023-03-22 12:11:29,6.18778500,-75.60088500,1.00,1562.344,24.156,0.000,,22,40,,
T,2023-03-22 12:11:30,6.18778500,-75.60088500,1.00,1562.344,24.156,0.000,,22,40,,
T,2023-03-22 12:11:31,6.18778500,-75.60088500,1.00,1562.344,24.156,0.000,,22,40,,
T,2023-03-22 12:11:32,6.18778500,-75.60088500,1.00,1562.344,24.156,0.000,,23,40,,
T,2023-03-22 12:11:33,6.18778500,-75.60088500,1.00,1562.344,24.156,0.000,,22,40,,
T,2023-03-22 12:11:34,6.18778500,-75.60088500,1.00,1562.344,24.156,0.000,,22,40,,
T,2023-03-22 12:11:35,6.18778500,-75.60088500,1.00,1562.344,24.156,0.000,,21,40,,
T,2023-03-22 12:11:36,6.18778500,-75.60088500,1.00,1562.344,24.156,0.000,,21,40,,
T,2023-03-22 12:11:37,6.18778500,-75.60088500,1.00,1562.344,24.156,0.000,,22,40,,
T,2023-03-22 12:11:38,6.18778500,-75.60088500,1.00,1562.344,24.156,0.000,,22,40,,
T,2023-03-22 12:11:39,6.18778500,-75.60088500,1.00,1562.344,24.156,0.000,,22,40,,
T,2023-03-22 12:11:40,6.18778500,-75.60088500,1.20,1562.344,24.156,0.000,,22,40,,
T,2023-03-22 12:11:41,6.18778500,-75.60088500,1.30,1562.344,24.156,0.000,,19,40,,
T,2023-03-22 12:11:42,6.18778500,-75.60088500,1.40,1562.344,24.156,0.000,,21,40,,
T,2023-03-22 12:11:43,6.18778500,-75.60088500,1.50,1562.344,24.156,0.000,,21,40,,
T,2023-03-22 12:11:44,6.18778500,-75.60088500,1.60,1562.344,24.156,0.000,,21,40,,
T,2023-03-22 12:11:45,6.18778500,-75.60088500,1.60,1562.344,24.156,0.000,,22,40,,
T,2023-03-22 12:11:46,6.18778500,-75.60088500,1.60,1562.344,24.156,0.000,,22,40,,
T,2023-03-22 12:11:47,6.18778500,-75.60088500,1.70,1562.344,24.156,0.000,,22,40,,
T,2023-03-22 12:11:48,6.18778500,-75.60088500,1.70,1562.344,24.156,0.000,,22,40,,
T,2023-03-22 12:11:49,6.18778500,-75.60088500,1.70,1562.344,24.156,0.000,,22,40,,
T,2023-03-22 12:11:50,6.18778500,-75.60088500,1.60,1562.344,24.156,0.000,,22,40,,
T,2023-03-22 12:11:51,6.18778500,-75.60088500,1.60,1562.344,24.156,0.000,,23,40,,
