type,date time,latitude,longitude,accuracy(m),altitude(m),geoid_height(m),speed(m/s),bearing(deg),sat_used,sat_inview,name,desc
T,2023-03-27 22:26:58.500,6.20324667,-75.57191333,2.20,1533.025,23.975,0.008,141,18,40,20230327-172658,GPS Logger: 20230327-172658 - Nmax_viaje_21
T,2023-03-27 22:26:59.500,6.20323833,-75.57191500,1.90,1532.825,23.975,0.076,224,22,40,,
T,2023-03-27 22:27:01,6.20324000,-75.57192667,1.80,1532.925,23.975,0.156,245,24,40,,
T,2023-03-27 22:27:02,6.20323833,-75.57193000,1.80,1533.225,23.975,0.213,241,23,40,,
T,2023-03-27 22:27:03,6.20323167,-75.57193667,1.80,1533.225,23.975,0.202,234,21,40,,
T,2023-03-27 22:27:04,6.20322833,-75.57194167,1.70,1533.125,23.975,0.066,195,21,40,,
T,2023-03-27 22:27:05,6.20322667,-75.57194333,1.70,1533.025,23.975,0.064,83,23,40,,
T,2023-03-27 22:27:06,6.20322833,-75.57194333,1.70,1533.125,23.975,0.130,316,23,40,,
T,2023-03-27 22:27:07,6.20323167,-75.57194500,1.70,1533.125,23.975,0.012,244,23,40,,
T,2023-03-27 22:27:08,6.20323333,-75.57194667,1.60,1533.225,23.975,0.042,278,23,40,,
T,2023-03-27 22:27:09,6.20323500,-75.57195167,1.60,1533.225,23.975,0.038,306,23,40,,
T,2023-03-27 22:27:10,6.20323833,-75.57195667,1.60,1533.425,23.975,0.136,338,24,40,,
T,2023-03-27 22:27:11,6.20324000,-75.57196333,1.60,1533.325,23.975,1.016,225,24,40,,
T,2023-03-27 22:27:12,6.20323333,-75.57197333,1.60,1533.725,23.975,1.726,234,24,40,,
T,2023-03-27 22:27:13,6.20322500,-75.57198833,1.70,1534.125,23.975,2.105,232,24,40,,
T,2023-03-27 22:27:14,6.20321167,-75.57199667,1.90,1534.425,23.975,2.056,218,22,40,,
T,2023-03-27 22:27:15,6.20318833,-75.57200000,1.90,1534.825,23.975,2.242,200,24,40,,
T,2023-03-27 22:27:16,6.20316167,-75.57199833,2.00,1535.225,23.975,1.191,185,22,40,,
T,2023-03-27 22:27:17,6.20313167,-75.57200167,2.00,1535.325,23.975,1.514,186,23,40,,
T,2023-03-27 22:27:18,6.20309500,-75.57200500,2.10,1535.324,23.976,1.862,185,22,40,,
T,2023-03-27 22:27:19,6.20305833,-75.57200833,2.10,1535.824,23.976,2.255,185,24,40,,
T,2023-03-27 22:27:20,6.20299500,-75.57203667,2.20,1536.624,23.976,2.823,198,25,40,,
T,2023-03-27 22:27:21,6.20293000,-75.57206500,2.40,1537.124,23.976,7.879,202,24,40,,
T,2023-03-27 22:27:22,6.20283167,-75.57210000,2.30,1537.723,23.977,10.227,195,24,40,,
T,2023-03-27 22:27:23,6.20272167,-75.57213167,2.20,1538.723,23.977,11.411,195,24,40,,
T,2023-03-27 22:27:24,6.20260500,-75.57216333,2.10,1539.323,23.977,11.909,195,24,40,,
T,2023-03-27 22:27:25,6.20249000,-75.57219333,2.20,1539.722,23.978,12.446,196,23,40,,
T,2023-03-27 22:27:26,6.20237167,-75.57222167,2.20,1540.422,23.978,12.752,195,25,40,,
T,2023-03-27 22:27:27,6.20225333,-75.57226167,2.20,1540.921,23.979,13.267,199,25,40,,
T,2023-03-27 22:27:28,6.20213500,-75.57230167,2.20,1541.521,23.979,13.247,198,25,40,,
T,2023-03-27 22:27:29,6.20201833,-75.57235000,2.20,1542.321,23.979,12.883,202,25,40,,
T,2023-03-27 22:27:30,6.20190000,-75.57238500,2.20,1542.620,23.980,12.265,199,25,40,,
T,2023-03-27 22:27:31,6.20178667,-75.57242500,2.20,1542.620,23.980,12.458,198,25,40,,
T,2023-03-27 22:27:32,6.20167500,-75.57246333,2.10,1542.419,23.981,12.428,199,25,40,,
T,2023-03-27 22:27:33,6.20156333,-75.57249667,2.10,1542.519,23.981,11.988,200,25,40,,
T,2023-03-27 22:27:34,6.20146167,-75.57253667,2.10,1542.618,23.982,11.208,204,25,40,,
T,2023-03-27 22:27:35,6.20137000,-75.57257167,2.10,1542.518,23.982,9.533,204,24,40,,
T,2023-03-27 22:27:36,6.20129333,-75.57259500,2.00,1542.618,23.982,8.029,202,22,40,,
T,2023-03-27 22:27:37,6.20123167,-75.57261500,2.00,1542.918,23.982,6.716,203,22,40,,
T,2023-03-27 22:27:38,6.20118500,-75.57263000,2.00,1543.017,23.983,5.596,202,23,40,,
T,2023-03-27 22:27:39,6.20114500,-75.57263000,2.00,1543.717,23.983,3.985,200,22,40,,
T,2023-03-27 22:27:40,6.20112167,-75.57263333,1.90,1544.417,23.983,2.284,208,22,40,,
T,2023-03-27 22:27:41,6.20111833,-75.57264000,1.90,1544.917,23.983,1.010,208,23,40,,
T,2023-03-27 22:27:42,6.20112167,-75.57264000,1.80,1545.117,23.983,0.000,,23,40,,
T,2023-03-27 22:27:43,6.20112167,-75.57264000,1.90,1544.817,23.983,0.000,,22,40,,
T,2023-03-27 22:27:44,6.20112667,-75.57263333,1.80,1544.417,23.983,0.000,,21,40,,
T,2023-03-27 22:27:45,6.20112667,-75.57263333,1.80,1544.417,23.983,0.000,,22,40,,
T,2023-03-27 22:27:46,6.20112667,-75.57263333,1.80,1544.417,23.983,0.000,,22,40,,
T,2023-03-27 22:27:47,6.20112667,-75.57263333,1.80,1544.417,23.983,0.000,,22,40,,
T,2023-03-27 22:27:48,6.20112667,-75.57263333,1.80,1544.417,23.983,0.000,,22,40,,
T,2023-03-27 22:27:49,6.20112667,-75.57263333,1.80,1544.417,23.983,0.000,,22,40,,
T,2023-03-27 22:27:50,6.20112667,-75.57263333,1.80,1544.417,23.983,0.000,,23,40,,
T,2023-03-27 22:27:51,6.20112667,-75.57263333,1.80,1544.417,23.983,0.000,,24,40,,
T,2023-03-27 22:27:52,6.20112667,-75.57263333,1.80,1544.417,23.983,0.000,,24,40,,
T,2023-03-27 22:27:53,6.20112667,-75.57263333,1.80,1544.417,23.983,0.000,,25,40,,
T,2023-03-27 22:27:54,6.20112667,-75.57263333,1.80,1544.417,23.983,0.000,,23,40,,
T,2023-03-27 22:27:55,6.20112667,-75.57263333,1.80,1544.417,23.983,0.000,,26,40,,
T,2023-03-27 22:27:56,6.20112667,-75.57263333,1.80,1544.417,23.983,0.000,,26,40,,
T,2023-03-27 22:27:57,6.20112667,-75.57263333,1.80,1544.417,23.983,0.000,,27,40,,
T,2023-03-27 22:27:58,6.20112667,-75.57263333,1.80,1544.417,23.983,0.000,,27,40,,
T,2023-03-27 22:27:59,6.20112667,-75.57263333,1.80,1544.417,23.983,0.000,,27,40,,
T,2023-03-27 22:28:00,6.20112667,-75.57263333,1.80,1544.417,23.983,0.000,,27,40,,
T,2023-03-27 22:28:01,6.20112667,-75.57263333,1.80,1544.417,23.983,0.000,,27,40,,
T,2023-03-27 22:28:02,6.20112667,-75.57263333,1.80,1544.417,23.983,0.000,,26,40,,
T,2023-03-27 22:28:03,6.20112667,-75.57263333,1.80,1544.417,23.983,0.000,,26,40,,
T,2023-03-27 22:28:04,6.20112667,-75.57263333,1.80,1544.417,23.983,0.000,,26,40,,
T,2023-03-27 22:28:05,6.20112667,-75.57263333,1.80,1544.417,23.983,0.000,,26,40,,
T,2023-03-27 22:28:06,6.20112667,-75.57263333,1.80,1544.417,23.983,0.000,,27,40,,
T,2023-03-27 22:28:07,6.20112667,-75.57263333,1.80,1544.417,23.983,0.000,,26,40,,
T,2023-03-27 22:28:08,6.20112667,-75.57263333,1.80,1544.417,23.983,0.000,,27,40,,
T,2023-03-27 22:28:09,6.20112667,-75.57263333,1.80,1544.417,23.983,0.000,,24,40,,
T,2023-03-27 22:28:10,6.20112667,-75.57263333,1.80,1544.417,23.983,0.000,,26,40,,
T,2023-03-27 22:28:11,6.20112667,-75.57263333,1.80,1544.417,23.983,0.000,,26,40,,
T,2023-03-27 22:28:12,6.20112667,-75.57263333,1.80,1544.417,23.983,0.000,,27,40,,
T,2023-03-27 22:28:13,6.20112167,-75.57267333,1.90,1543.217,23.983,3.191,193,27,40,,
T,2023-03-27 22:28:14,6.20108667,-75.57269333,1.90,1543.317,23.983,3.894,199,25,40,,
T,2023-03-27 22:28:15,6.20104333,-75.57271667,2.00,1542.917,23.983,5.126,204,26,40,,
T,2023-03-27 22:28:16,6.20099000,-75.57274333,2.00,1542.716,23.984,6.182,205,27,40,,
T,2023-03-27 22:28:17,6.20093000,-75.57277000,2.10,1542.616,23.984,6.644,203,26,40,,
T,2023-03-27 22:28:18,6.20087167,-75.57279167,2.20,1542.316,23.984,6.174,200,26,40,,
T,2023-03-27 22:28:19,6.20081333,-75.57281667,2.20,1542.116,23.984,6.273,205,25,40,,
T,2023-03-27 22:28:20,6.20074833,-75.57284500,2.20,1541.615,23.985,6.501,206,26,40,,
T,2023-03-27 22:28:21,6.20066833,-75.57288167,2.20,1540.815,23.985,7.721,208,25,40,,
T,2023-03-27 22:28:22,6.20059667,-75.57291833,2.30,1540.315,23.985,7.849,210,25,40,,
T,2023-03-27 22:28:23,6.20052000,-75.57295000,2.20,1539.915,23.985,8.004,209,27,40,,
T,2023-03-27 22:28:24,6.20044167,-75.57299333,2.20,1539.414,23.986,8.471,208,25,40,,
T,2023-03-27 22:28:25,6.20036667,-75.57304000,2.20,1539.014,23.986,8.507,209,25,40,,
T,2023-03-27 22:28:26,6.20028833,-75.57308333,2.20,1538.713,23.987,8.920,210,25,40,,
T,2023-03-27 22:28:27,6.20020333,-75.57313333,2.20,1538.813,23.987,10.169,210,26,40,,
T,2023-03-27 22:28:28,6.20011333,-75.57318333,2.10,1538.812,23.988,10.818,210,28,40,,
T,2023-03-27 22:28:29,6.20000833,-75.57323500,2.00,1538.912,23.988,11.699,208,27,40,,
T,2023-03-27 22:28:30,6.19990000,-75.57329333,1.90,1538.812,23.988,12.364,205,26,40,,
T,2023-03-27 22:28:31,6.19979500,-75.57335167,1.90,1539.111,23.989,12.189,208,26,40,,
T,2023-03-27 22:28:32,6.19969500,-75.57341167,1.90,1539.110,23.990,12.193,209,26,40,,
T,2023-03-27 22:28:33,6.19959667,-75.57347000,1.90,1539.310,23.990,12.206,209,25,40,,
T,2023-03-27 22:28:34,6.19950167,-75.57353000,1.90,1539.509,23.991,11.516,208,25,40,,
T,2023-03-27 22:28:35,6.19940667,-75.57358333,1.90,1539.509,23.991,11.089,207,25,40,,
T,2023-03-27 22:28:36,6.19931833,-75.57363333,1.90,1539.309,23.991,10.523,205,25,40,,
T,2023-03-27 22:28:37,6.19922833,-75.57367667,1.90,1539.408,23.992,10.527,205,24,40,,
T,2023-03-27 22:28:38,6.19914333,-75.57372167,1.90,1539.708,23.992,10.281,207,25,40,,
T,2023-03-27 22:28:39,6.19905667,-75.57376667,1.90,1540.007,23.993,10.490,205,25,40,,
T,2023-03-27 22:28:40,6.19897000,-75.57380333,1.80,1540.407,23.993,9.872,205,29,40,,
T,2023-03-27 22:28:41,6.19888833,-75.57384833,1.70,1540.807,23.993,10.624,208,28,40,,
T,2023-03-27 22:28:42,6.19880333,-75.57390667,1.90,1541.506,23.994,11.141,204,27,40,,
T,2023-03-27 22:28:43,6.19871667,-75.57396500,2.10,1541.306,23.994,11.133,205,24,40,,
T,2023-03-27 22:28:44,6.19863500,-75.57401333,2.20,1540.905,23.995,10.681,205,24,40,,
T,2023-03-27 22:28:45,6.19854333,-75.57406000,2.10,1540.105,23.995,10.818,206,24,40,,
T,2023-03-27 22:28:46,6.19845333,-75.57410500,2.00,1539.704,23.996,10.975,204,23,40,,
T,2023-03-27 22:28:47,6.19836167,-75.57415167,2.20,1539.504,23.996,11.158,205,21,40,,
T,2023-03-27 22:28:48,6.19827000,-75.57419500,2.10,1539.604,23.996,10.750,204,23,40,,
T,2023-03-27 22:28:49,6.19817667,-75.57423833,2.00,1540.803,23.997,11.502,205,24,40,,
T,2023-03-27 22:28:50,6.19807333,-75.57429167,1.90,1536.903,23.997,11.629,207,23,40,,
T,2023-03-27 22:28:51,6.19797833,-75.57434000,1.90,1537.602,23.998,11.404,205,24,40,,
T,2023-03-27 22:28:52,6.19788167,-75.57438667,1.90,1538.102,23.998,11.673,207,25,40,,
T,2023-03-27 22:28:53,6.19778500,-75.57443833,1.90,1538.701,23.999,12.041,207,24,40,,
T,2023-03-27 22:28:54,6.19768667,-75.57449333,1.80,1539.001,23.999,11.926,205,24,40,,
T,2023-03-27 22:28:55,6.19759000,-75.57454500,1.70,1539.400,24.000,11.961,203,25,40,,
T,2023-03-27 22:28:56,6.19748667,-75.57458333,1.60,1539.700,24.000,11.985,199,27,40,,
T,2023-03-27 22:28:57,6.19737667,-75.57462333,1.90,1537.800,24.000,12.002,198,27,40,,
T,2023-03-27 22:28:58,6.19727167,-75.57466000,1.70,1537.599,24.001,12.205,195,28,40,,
T,2023-03-27 22:28:59,6.19716833,-75.57469000,1.90,1536.999,24.001,12.438,194,27,40,,
T,2023-03-27 22:29:00,6.19705333,-75.57471833,1.90,1536.599,24.001,12.968,194,27,40,,
T,2023-03-27 22:29:01,6.19693333,-75.57474667,1.90,1536.298,24.002,13.475,194,28,40,,
T,2023-03-27 22:29:02,6.19681500,-75.57477333,1.90,1537.498,24.002,13.831,193,28,40,,
T,2023-03-27 22:29:03,6.19669167,-75.57480500,1.90,1537.297,24.003,13.793,195,29,40,,
T,2023-03-27 22:29:04,6.19658333,-75.57484500,1.90,1537.497,24.003,12.752,194,28,40,,
T,2023-03-27 22:29:05,6.19647833,-75.57487500,1.90,1537.297,24.003,11.919,195,27,40,,
T,2023-03-27 22:29:06,6.19637833,-75.57490500,1.80,1537.296,24.004,11.498,197,27,40,,
T,2023-03-27 22:29:07,6.19627000,-75.57491667,1.90,1537.196,24.004,10.596,198,27,40,,
T,2023-03-27 22:29:08,6.19617833,-75.57494833,1.80,1537.396,24.004,10.480,200,26,40,,
T,2023-03-27 22:29:09,6.19608833,-75.57499000,1.80,1537.095,24.005,11.193,206,27,40,,
T,2023-03-27 22:29:10,6.19599833,-75.57503667,1.80,1536.695,24.005,10.932,208,27,40,,
T,2023-03-27 22:29:11,6.19592000,-75.57508500,1.60,1536.694,24.006,9.424,212,28,40,,
T,2023-03-27 22:29:12,6.19585500,-75.57512833,1.60,1536.494,24.006,7.897,215,26,40,,
T,2023-03-27 22:29:13,6.19580333,-75.57516500,1.50,1536.394,24.006,6.535,220,26,40,,
T,2023-03-27 22:29:14,6.19576167,-75.57520333,1.50,1536.193,24.007,6.045,224,25,40,,
T,2023-03-27 22:29:15,6.19572333,-75.57523833,1.50,1536.293,24.007,5.232,227,25,40,,
T,2023-03-27 22:29:16,6.19569000,-75.57527333,1.50,1536.293,24.007,5.558,226,25,40,,
T,2023-03-27 22:29:17,6.19565333,-75.57530833,1.50,1536.193,24.007,5.372,224,24,40,,
T,2023-03-27 22:29:18,6.19562000,-75.57534167,1.50,1535.893,24.007,4.919,225,27,40,,
T,2023-03-27 22:29:19,6.19558833,-75.57537333,1.60,1535.792,24.008,5.110,227,28,40,,
T,2023-03-27 22:29:20,6.19556000,-75.57541167,1.60,1535.692,24.008,5.216,228,28,40,,
T,2023-03-27 22:29:21,6.19552833,-75.57544667,1.70,1535.492,24.008,5.211,227,27,40,,
T,2023-03-27 22:29:22,6.19550000,-75.57548500,1.70,1535.292,24.008,4.853,234,26,40,,
T,2023-03-27 22:29:23,6.19547167,-75.57552167,1.80,1535.191,24.009,4.399,238,26,40,,
T,2023-03-27 22:29:24,6.19545000,-75.57555667,1.80,1535.491,24.009,4.500,237,27,40,,
T,2023-03-27 22:29:25,6.19542500,-75.57559333,1.90,1535.791,24.009,4.656,234,26,40,,
T,2023-03-27 22:29:26,6.19540000,-75.57562667,1.90,1536.191,24.009,4.052,229,25,40,,
T,2023-03-27 22:29:27,6.19537333,-75.57566000,1.90,1536.590,24.010,4.266,229,25,40,,
T,2023-03-27 22:29:28,6.19534500,-75.57569500,2.00,1536.890,24.010,4.887,229,25,40,,
T,2023-03-27 22:29:29,6.19531167,-75.57573333,2.00,1537.290,24.010,5.936,226,26,40,,
T,2023-03-27 22:29:30,6.19527500,-75.57577667,2.00,1537.690,24.010,6.822,226,26,40,,
T,2023-03-27 22:29:31,6.19523000,-75.57582667,2.10,1537.889,24.011,7.592,224,25,40,,
T,2023-03-27 22:29:32,6.19518000,-75.57587500,2.20,1538.189,24.011,7.925,226,25,40,,
T,2023-03-27 22:29:33,6.19512500,-75.57591833,2.10,1538.589,24.011,7.378,231,23,40,,
T,2023-03-27 22:29:34,6.19509500,-75.57596667,1.90,1538.788,24.012,6.105,236,23,40,,
T,2023-03-27 22:29:35,6.19506667,-75.57599500,1.90,1539.188,24.012,4.428,233,24,40,,
T,2023-03-27 22:29:36,6.19504333,-75.57602167,1.80,1539.488,24.012,3.692,231,25,40,,
T,2023-03-27 22:29:37,6.19502500,-75.57604500,1.70,1540.088,24.012,3.412,229,24,40,,
T,2023-03-27 22:29:38,6.19500667,-75.57606667,1.70,1540.488,24.012,2.981,231,24,40,,
T,2023-03-27 22:29:39,6.19499500,-75.57609000,1.70,1541.087,24.013,2.657,233,25,40,,
T,2023-03-27 22:29:40,6.19498000,-75.57610833,1.70,1541.687,24.013,2.396,227,23,40,,
T,2023-03-27 22:29:41,6.19496500,-75.57612333,1.70,1542.487,24.013,2.430,231,23,40,,
T,2023-03-27 22:29:42,6.19495167,-75.57614167,1.70,1543.187,24.013,2.624,233,25,40,,
T,2023-03-27 22:29:43,6.19493167,-75.57616000,1.70,1543.687,24.013,3.430,222,24,40,,
T,2023-03-27 22:29:44,6.19490833,-75.57618500,1.70,1543.987,24.013,3.832,226,23,40,,
T,2023-03-27 22:29:45,6.19487500,-75.57620500,1.70,1544.487,24.013,4.536,220,24,40,,
T,2023-03-27 22:29:46,6.19483833,-75.57623000,1.70,1544.786,24.014,4.953,217,25,40,,
T,2023-03-27 22:29:47,6.19479333,-75.57625333,1.80,1545.086,24.014,5.403,214,25,40,,
T,2023-03-27 22:29:48,6.19475167,-75.57628000,1.90,1545.186,24.014,5.366,214,26,40,,
T,2023-03-27 22:29:49,6.19470167,-75.57630000,1.90,1545.786,24.014,5.563,209,26,40,,
T,2023-03-27 22:29:50,6.19465500,-75.57632500,2.00,1545.785,24.015,5.182,211,25,40,,
T,2023-03-27 22:29:51,6.19460500,-75.57634667,2.00,1546.085,24.015,5.207,208,27,40,,
T,2023-03-27 22:29:52,6.19455667,-75.57636500,2.00,1546.585,24.015,5.514,203,28,40,,
T,2023-03-27 22:29:53,6.19451000,-75.57638333,2.00,1547.085,24.015,5.193,198,28,40,,
T,2023-03-27 22:29:54,6.19447000,-75.57640000,2.00,1547.685,24.015,4.774,194,27,40,,
T,2023-03-27 22:29:55,6.19440833,-75.57641000,2.00,1546.185,24.015,4.995,195,27,40,,
T,2023-03-27 22:29:56,6.19436500,-75.57641333,1.90,1546.084,24.016,4.514,195,27,40,,
T,2023-03-27 22:29:57,6.19432667,-75.57641500,1.90,1545.484,24.016,3.694,196,27,40,,
T,2023-03-27 22:29:58,6.19429500,-75.57642000,1.90,1544.784,24.016,3.137,192,25,40,,
T,2023-03-27 22:29:59,6.19426500,-75.57641833,1.90,1544.184,24.016,2.707,185,25,40,,
T,2023-03-27 22:30:00,6.19424167,-75.57641667,1.90,1543.684,24.016,2.416,176,25,40,,
T,2023-03-27 22:30:01,6.19421833,-75.57641667,1.90,1542.784,24.016,2.573,173,25,40,,
T,2023-03-27 22:30:02,6.19419500,-75.57641500,1.90,1542.384,24.016,2.610,173,25,40,,
T,2023-03-27 22:30:03,6.19417000,-75.57641333,1.90,1542.284,24.016,2.716,182,25,40,,
T,2023-03-27 22:30:04,6.19414167,-75.57642000,1.90,1542.284,24.016,2.739,181,26,40,,
T,2023-03-27 22:30:05,6.19411000,-75.57642667,1.90,1542.184,24.016,3.114,176,26,40,,
T,2023-03-27 22:30:06,6.19407500,-75.57643167,1.90,1542.284,24.016,3.304,176,26,40,,
T,2023-03-27 22:30:07,6.19404833,-75.57643500,1.90,1542.284,24.016,2.208,182,27,40,,
T,2023-03-27 22:30:08,6.19403000,-75.57644333,1.90,1542.084,24.016,1.099,182,26,40,,
T,2023-03-27 22:30:09,6.19402333,-75.57645167,1.90,1541.584,24.016,0.000,,26,40,,
T,2023-03-27 22:30:10,6.19401667,-75.57645833,1.80,1541.284,24.016,0.000,,26,40,,
T,2023-03-27 22:30:11,6.19400667,-75.57646000,1.80,1541.484,24.016,0.000,,25,40,,
T,2023-03-27 22:30:12,6.19400667,-75.57646000,1.80,1541.484,24.016,0.000,,23,40,,
T,2023-03-27 22:30:13,6.19397500,-75.57645500,1.90,1541.483,24.017,1.813,168,23,40,,
T,2023-03-27 22:30:14,6.19395167,-75.57645000,2.00,1541.483,24.017,2.141,172,23,40,,
T,2023-03-27 22:30:15,6.19392833,-75.57645333,2.00,1541.183,24.017,1.887,179,24,40,,
T,2023-03-27 22:30:16,6.19390333,-75.57645833,2.10,1541.683,24.017,1.918,179,24,40,,
T,2023-03-27 22:30:17,6.19388000,-75.57646333,2.10,1542.183,24.017,1.810,177,24,40,,
T,2023-03-27 22:30:18,6.19386333,-75.57646500,2.00,1542.483,24.017,1.449,177,25,40,,
T,2023-03-27 22:30:19,6.19385333,-75.57646500,2.10,1542.283,24.017,1.299,177,24,40,,
T,2023-03-27 22:30:20,6.19384000,-75.57647333,2.10,1542.183,24.017,1.780,182,24,40,,
T,2023-03-27 22:30:21,6.19381833,-75.57647833,2.10,1542.283,24.017,2.100,179,24,40,,
T,2023-03-27 22:30:22,6.19379833,-75.57648000,2.00,1542.583,24.017,2.375,189,25,40,,
T,2023-03-27 22:30:23,6.19377667,-75.57648667,1.90,1542.683,24.017,2.542,173,24,40,,
T,2023-03-27 22:30:24,6.19375333,-75.57648833,1.80,1542.483,24.017,2.708,172,24,40,,
T,2023-03-27 22:30:25,6.19373167,-75.57649333,1.90,1542.383,24.017,3.146,174,24,40,,
T,2023-03-27 22:30:26,6.19370000,-75.57648833,1.80,1541.783,24.017,3.667,173,24,40,,
T,2023-03-27 22:30:27,6.19366500,-75.57648000,1.80,1541.383,24.017,3.889,173,24,40,,
T,2023-03-27 22:30:28,6.19362500,-75.57648000,1.70,1541.383,24.017,4.244,175,24,40,,
T,2023-03-27 22:30:29,6.19358500,-75.57647500,1.60,1541.383,24.017,4.567,175,25,40,,
T,2023-03-27 22:30:30,6.19354167,-75.57646667,1.60,1541.083,24.017,4.779,174,25,40,,
T,2023-03-27 22:30:31,6.19349333,-75.57645833,1.70,1540.583,24.017,5.250,172,27,40,,
T,2023-03-27 22:30:32,6.19344167,-75.57644500,1.80,1540.683,24.017,6.570,170,27,40,,
T,2023-03-27 22:30:33,6.19338000,-75.57643667,1.90,1540.182,24.018,7.504,171,27,40,,
T,2023-03-27 22:30:34,6.19330833,-75.57642833,2.00,1539.882,24.018,7.512,173,27,40,,
T,2023-03-27 22:30:35,6.19323667,-75.57642167,2.00,1540.282,24.018,6.952,173,27,40,,
T,2023-03-27 22:30:36,6.19317667,-75.57641833,2.00,1540.382,24.018,5.618,174,27,40,,
T,2023-03-27 22:30:37,6.19313500,-75.57641667,1.90,1540.382,24.018,4.207,177,27,40,,
T,2023-03-27 22:30:38,6.19309667,-75.57641333,1.90,1540.082,24.018,4.343,173,27,40,,
T,2023-03-27 22:30:39,6.19305000,-75.57640833,1.70,1539.682,24.018,5.519,177,27,40,,
T,2023-03-27 22:30:40,6.19299667,-75.57640500,1.70,1539.682,24.018,5.878,173,27,40,,
T,2023-03-27 22:30:41,6.19294500,-75.57639833,1.90,1539.182,24.018,4.985,173,26,40,,
T,2023-03-27 22:30:42,6.19289833,-75.57639667,1.80,1539.482,24.018,4.969,178,26,40,,
T,2023-03-27 22:30:43,6.19286167,-75.57640000,1.90,1539.882,24.018,4.701,173,26,40,,
T,2023-03-27 22:30:44,6.19281167,-75.57639833,1.80,1539.182,24.018,4.602,173,26,40,,
T,2023-03-27 22:30:45,6.19277000,-75.57640000,1.90,1538.881,24.019,4.507,177,26,40,,
T,2023-03-27 22:30:46,6.19273167,-75.57640000,1.80,1539.381,24.019,3.970,178,26,40,,
T,2023-03-27 22:30:47,6.19269333,-75.57640500,1.90,1539.381,24.019,4.475,174,27,40,,
T,2023-03-27 22:30:48,6.19265500,-75.57640667,2.00,1539.881,24.019,4.357,174,27,40,,
T,2023-03-27 22:30:49,6.19261667,-75.57640333,1.90,1540.481,24.019,4.485,178,27,40,,
T,2023-03-27 22:30:50,6.19257167,-75.57640667,1.90,1541.281,24.019,5.381,179,27,40,,
T,2023-03-27 22:30:51,6.19252167,-75.57641500,1.80,1542.081,24.019,6.121,184,26,40,,
T,2023-03-27 22:30:52,6.19246000,-75.57642500,1.80,1543.081,24.019,6.534,189,26,40,,
T,2023-03-27 22:30:53,6.19239500,-75.57643500,1.80,1543.481,24.019,7.032,188,26,40,,
T,2023-03-27 22:30:54,6.19233167,-75.57645167,2.00,1544.580,24.020,5.484,193,26,40,,
T,2023-03-27 22:30:55,6.19228833,-75.57646500,1.90,1545.080,24.020,4.285,196,27,40,,
T,2023-03-27 22:30:56,6.19225167,-75.57648333,2.00,1545.980,24.020,4.075,189,26,40,,
T,2023-03-27 22:30:57,6.19221333,-75.57649500,2.00,1546.580,24.020,4.085,189,26,40,,
T,2023-03-27 22:30:58,6.19217833,-75.57650500,2.00,1547.280,24.020,3.774,189,25,40,,
T,2023-03-27 22:30:59,6.19214500,-75.57651667,1.90,1547.980,24.020,4.031,191,25,40,,
T,2023-03-27 22:31:00,6.19210500,-75.57653500,1.90,1548.879,24.021,4.583,193,25,40,,
T,2023-03-27 22:31:01,6.19206333,-75.57655333,1.90,1549.579,24.021,4.857,199,24,40,,
T,2023-03-27 22:31:02,6.19202500,-75.57657333,1.90,1550.279,24.021,4.874,202,25,40,,
T,2023-03-27 22:31:03,6.19198667,-75.57659500,2.00,1551.379,24.021,4.853,200,24,40,,
T,2023-03-27 22:31:04,6.19195500,-75.57662500,2.10,1552.379,24.021,4.437,205,24,40,,
T,2023-03-27 22:31:05,6.19191667,-75.57665500,2.10,1552.978,24.022,4.868,211,24,40,,
T,2023-03-27 22:31:06,6.19187667,-75.57667333,2.00,1553.278,24.022,4.453,207,26,40,,
T,2023-03-27 22:31:07,6.19183833,-75.57668333,2.10,1553.578,24.022,3.518,202,26,40,,
T,2023-03-27 22:31:08,6.19180500,-75.57669000,1.90,1554.178,24.022,2.968,204,26,40,,
T,2023-03-27 22:31:09,6.19177000,-75.57669333,1.90,1555.178,24.022,3.803,205,26,40,,
T,2023-03-27 22:31:10,6.19173167,-75.57671000,1.80,1556.678,24.022,5.079,209,25,40,,
T,2023-03-27 22:31:11,6.19168333,-75.57672833,1.80,1557.378,24.022,4.924,205,25,40,,
T,2023-03-27 22:31:12,6.19164000,-75.57673667,1.70,1557.977,24.023,3.801,202,25,40,,
T,2023-03-27 22:31:13,6.19160833,-75.57674500,1.70,1558.777,24.023,3.532,201,25,40,,
T,2023-03-27 22:31:14,6.19156833,-75.57675167,1.70,1558.977,24.023,4.159,198,25,40,,
T,2023-03-27 22:31:15,6.19152500,-75.57676500,1.70,1559.777,24.023,5.224,205,25,40,,
T,2023-03-27 22:31:16,6.19147167,-75.57678333,1.70,1560.277,24.023,5.879,207,25,40,,
T,2023-03-27 22:31:17,6.19141833,-75.57680500,1.70,1560.677,24.023,5.859,202,25,40,,
T,2023-03-27 22:31:18,6.19136333,-75.57682000,1.70,1560.877,24.023,5.864,201,26,40,,
T,2023-03-27 22:31:19,6.19130833,-75.57683333,1.60,1560.576,24.024,5.329,201,26,40,,
T,2023-03-27 22:31:20,6.19126333,-75.57685000,1.70,1560.276,24.024,4.912,201,26,40,,
T,2023-03-27 22:31:21,6.19121833,-75.57686667,1.70,1559.976,24.024,4.508,206,25,40,,
T,2023-03-27 22:31:22,6.19118000,-75.57688333,1.70,1559.776,24.024,4.356,203,26,40,,
T,2023-03-27 22:31:23,6.19113667,-75.57690000,1.70,1559.776,24.024,5.366,202,25,40,,
T,2023-03-27 22:31:24,6.19108500,-75.57692167,1.70,1559.775,24.025,6.143,201,25,40,,
T,2023-03-27 22:31:25,6.19103167,-75.57694167,1.80,1559.875,24.025,6.383,199,26,40,,
T,2023-03-27 22:31:26,6.19098000,-75.57696500,1.80,1559.975,24.025,5.501,201,26,40,,
T,2023-03-27 22:31:27,6.19093333,-75.57698333,1.70,1560.275,24.025,5.310,197,25,40,,
T,2023-03-27 22:31:28,6.19089333,-75.57700000,1.70,1560.975,24.025,4.647,197,26,40,,
T,2023-03-27 22:31:29,6.19086167,-75.57701667,1.90,1561.575,24.025,3.261,199,25,40,,
T,2023-03-27 22:31:30,6.19083000,-75.57702000,1.80,1561.774,24.026,3.158,192,25,40,,
T,2023-03-27 22:31:31,6.19080333,-75.57702167,1.80,1561.974,24.026,2.570,186,25,40,,
T,2023-03-27 22:31:32,6.19078167,-75.57702833,1.90,1561.974,24.026,2.490,196,25,40,,
T,2023-03-27 22:31:33,6.19075333,-75.57703000,1.90,1562.574,24.026,2.618,195,25,40,,
T,2023-03-27 22:31:34,6.19072000,-75.57704000,1.70,1562.474,24.026,4.483,197,26,40,,
T,2023-03-27 22:31:35,6.19067000,-75.57705667,1.80,1562.474,24.026,5.627,199,27,40,,
T,2023-03-27 22:31:36,6.19060333,-75.57707833,1.80,1562.574,24.026,6.254,196,27,40,,
T,2023-03-27 22:31:37,6.19054833,-75.57709000,1.70,1562.874,24.026,5.582,194,27,40,,
T,2023-03-27 22:31:38,6.19049167,-75.57710000,2.00,1562.573,24.027,6.116,194,27,40,,
T,2023-03-27 22:31:39,6.19042500,-75.57711000,1.80,1561.773,24.027,7.146,191,27,40,,
T,2023-03-27 22:31:40,6.19035333,-75.57713167,1.90,1560.873,24.027,7.526,194,27,40,,
T,2023-03-27 22:31:41,6.19028333,-75.57716000,1.90,1559.673,24.027,7.749,197,27,40,,
T,2023-03-27 22:31:42,6.19020667,-75.57718167,1.90,1559.772,24.028,7.835,196,26,40,,
T,2023-03-27 22:31:43,6.19012833,-75.57720833,2.00,1559.272,24.028,7.840,195,25,40,,
T,2023-03-27 22:31:44,6.19005500,-75.57723333,2.00,1558.172,24.028,7.710,194,24,40,,
T,2023-03-27 22:31:45,6.18998500,-75.57725333,2.00,1557.372,24.028,8.289,195,24,40,,
T,2023-03-27 22:31:46,6.18991000,-75.57727500,1.90,1556.971,24.029,8.297,194,23,40,,
T,2023-03-27 22:31:47,6.18983333,-75.57729833,1.90,1556.571,24.029,8.444,192,24,40,,
T,2023-03-27 22:31:48,6.18976333,-75.57731833,1.90,1556.271,24.029,7.768,193,23,40,,
T,2023-03-27 22:31:49,6.18969833,-75.57733833,2.00,1555.871,24.029,7.374,196,23,40,,
T,2023-03-27 22:31:50,6.18962500,-75.57734833,1.90,1556.470,24.030,7.845,196,25,40,,
T,2023-03-27 22:31:51,6.18956167,-75.57737167,1.90,1556.070,24.030,7.851,194,26,40,,
T,2023-03-27 22:31:52,6.18949000,-75.57739000,1.90,1556.170,24.030,8.166,196,26,40,,
T,2023-03-27 22:31:53,6.18941667,-75.57741333,1.90,1555.970,24.030,8.183,197,26,40,,
T,2023-03-27 22:31:54,6.18933167,-75.57742833,2.10,1555.169,24.031,8.037,199,26,40,,
T,2023-03-27 22:31:55,6.18925000,-75.57744667,2.10,1555.169,24.031,8.555,197,26,40,,
T,2023-03-27 22:31:56,6.18916833,-75.57747167,2.10,1555.969,24.031,8.639,200,26,40,,
T,2023-03-27 22:31:57,6.18909500,-75.57750167,2.20,1555.969,24.031,8.669,200,26,40,,
T,2023-03-27 22:31:58,6.18902167,-75.57752833,2.10,1555.968,24.032,8.537,197,26,40,,
T,2023-03-27 22:31:59,6.18895000,-75.57755167,2.00,1555.968,24.032,8.232,196,26,40,,
T,2023-03-27 22:32:00,6.18888167,-75.57757000,2.00,1555.968,24.032,7.496,195,26,40,,
T,2023-03-27 22:32:01,6.18881500,-75.57758333,2.00,1555.868,24.032,7.019,191,27,40,,
T,2023-03-27 22:32:02,6.18875833,-75.57759167,2.00,1555.867,24.033,6.271,193,27,40,,
T,2023-03-27 22:32:03,6.18871167,-75.57761000,2.00,1556.267,24.033,5.427,198,27,40,,
T,2023-03-27 22:32:04,6.18867333,-75.57763000,2.00,1556.467,24.033,4.645,203,27,40,,
T,2023-03-27 22:32:05,6.18864000,-75.57764667,2.00,1556.767,24.033,4.024,204,27,40,,
T,2023-03-27 22:32:06,6.18860667,-75.57766000,1.90,1557.067,24.033,3.774,197,27,40,,
T,2023-03-27 22:32:07,6.18856333,-75.57766667,1.90,1557.267,24.033,4.613,189,26,40,,
T,2023-03-27 22:32:08,6.18851500,-75.57767167,1.90,1556.867,24.033,5.320,186,26,40,,
T,2023-03-27 22:32:09,6.18846333,-75.57768333,2.00,1556.666,24.034,5.187,191,26,40,,
T,2023-03-27 22:32:10,6.18842167,-75.57769500,2.00,1557.166,24.034,4.590,192,26,40,,
T,2023-03-27 22:32:11,6.18837167,-75.57770333,2.00,1555.466,24.034,3.465,188,26,40,,
T,2023-03-27 22:32:12,6.18833833,-75.57771167,2.10,1554.766,24.034,2.869,188,25,40,,
T,2023-03-27 22:32:13,6.18831167,-75.57771333,2.10,1554.366,24.034,2.528,176,23,40,,
T,2023-03-27 22:32:14,6.18828333,-75.57771500,2.20,1553.566,24.034,2.263,177,23,40,,
T,2023-03-27 22:32:15,6.18825667,-75.57771167,2.20,1552.566,24.034,2.040,177,23,40,,
T,2023-03-27 22:32:16,6.18824000,-75.57771333,2.20,1552.166,24.034,1.332,177,23,40,,
T,2023-03-27 22:32:17,6.18822667,-75.57771167,2.20,1551.366,24.034,0.000,,23,40,,
T,2023-03-27 22:32:18,6.18821833,-75.57771333,2.30,1551.166,24.034,0.000,,24,40,,
T,2023-03-27 22:32:19,6.18820667,-75.57771333,2.30,1551.266,24.034,0.000,,23,40,,
T,2023-03-27 22:32:20,6.18819000,-75.57772000,2.40,1551.066,24.034,0.138,177,22,40,,
T,2023-03-27 22:32:21,6.18817000,-75.57772667,2.40,1550.966,24.034,0.159,177,22,40,,
T,2023-03-27 22:32:22,6.18814000,-75.57774000,2.50,1550.465,24.035,2.407,200,22,40,,
T,2023-03-27 22:32:23,6.18809833,-75.57776167,2.50,1550.065,24.035,3.385,210,23,40,,
T,2023-03-27 22:32:24,6.18804667,-75.57781500,2.60,1549.965,24.035,4.414,212,25,40,,
T,2023-03-27 22:32:25,6.18797000,-75.57785333,2.60,1549.065,24.035,5.886,205,24,40,,
T,2023-03-27 22:32:26,6.18789000,-75.57789500,2.50,1548.864,24.036,6.704,203,25,40,,
T,2023-03-27 22:32:27,6.18781667,-75.57793000,2.50,1548.764,24.036,6.890,203,25,40,,
T,2023-03-27 22:32:28,6.18775000,-75.57795333,2.50,1548.664,24.036,6.196,203,25,40,,
T,2023-03-27 22:32:29,6.18769333,-75.57797833,2.50,1548.663,24.037,6.001,207,27,40,,
T,2023-03-27 22:32:30,6.18763833,-75.57800500,2.50,1548.763,24.037,6.140,204,27,40,,
T,2023-03-27 22:32:31,6.18758500,-75.57803000,2.50,1549.163,24.037,5.983,206,26,40,,
T,2023-03-27 22:32:32,6.18753333,-75.57805500,2.50,1549.363,24.037,5.539,207,27,40,,
T,2023-03-27 22:32:33,6.18748000,-75.57808333,2.40,1549.562,24.038,5.534,212,27,40,,
T,2023-03-27 22:32:34,6.18742500,-75.57810000,2.30,1550.262,24.038,5.832,207,27,40,,
T,2023-03-27 22:32:35,6.18736833,-75.57812500,2.30,1551.062,24.038,6.656,204,26,40,,
T,2023-03-27 22:32:36,6.18729667,-75.57814000,2.20,1551.562,24.038,7.645,196,24,40,,
T,2023-03-27 22:32:37,6.18721333,-75.57816000,2.30,1551.761,24.039,8.750,198,25,40,,
T,2023-03-27 22:32:38,6.18712500,-75.57818500,2.30,1552.161,24.039,9.357,201,23,40,,
T,2023-03-27 22:32:39,6.18702500,-75.57821000,2.20,1552.561,24.039,9.919,201,23,40,,
T,2023-03-27 22:32:40,6.18692500,-75.57823833,2.20,1552.760,24.040,10.509,199,22,40,,
T,2023-03-27 22:32:41,6.18682667,-75.57827333,2.10,1552.860,24.040,11.266,198,23,40,,
T,2023-03-27 22:32:42,6.18672333,-75.57831167,2.10,1553.160,24.040,11.577,200,24,40,,
T,2023-03-27 22:32:43,6.18662833,-75.57836167,2.20,1553.259,24.041,11.401,207,22,40,,
T,2023-03-27 22:32:44,6.18653167,-75.57840333,2.20,1553.059,24.041,11.072,205,22,40,,
T,2023-03-27 22:32:45,6.18642833,-75.57843667,2.20,1553.058,24.042,11.097,200,24,40,,
T,2023-03-27 22:32:46,6.18633000,-75.57846167,2.20,1552.958,24.042,10.303,198,24,40,,
T,2023-03-27 22:32:47,6.18622500,-75.57847667,2.10,1552.558,24.042,9.664,201,24,40,,
T,2023-03-27 22:32:48,6.18613333,-75.57850333,2.10,1551.358,24.042,8.913,203,24,40,,
T,2023-03-27 22:32:49,6.18606000,-75.57853667,2.20,1551.157,24.043,7.875,202,22,40,,
T,2023-03-27 22:32:50,6.18599833,-75.57856167,2.30,1550.757,24.043,6.702,202,23,40,,
T,2023-03-27 22:32:51,6.18594833,-75.57858333,2.20,1549.157,24.043,5.906,202,23,40,,
T,2023-03-27 22:32:52,6.18590500,-75.57859833,2.10,1548.257,24.043,5.051,200,25,40,,
T,2023-03-27 22:32:53,6.18587000,-75.57861333,2.00,1547.656,24.044,4.029,201,25,40,,
T,2023-03-27 22:32:54,6.18583833,-75.57862500,2.00,1547.056,24.044,3.341,201,24,40,,
T,2023-03-27 22:32:55,6.18581167,-75.57862833,1.90,1545.656,24.044,2.367,193,27,40,,
T,2023-03-27 22:32:56,6.18578333,-75.57863500,1.80,1544.056,24.044,2.642,197,27,40,,
T,2023-03-27 22:32:57,6.18575833,-75.57864500,1.90,1543.256,24.044,2.406,194,27,40,,
T,2023-03-27 22:32:58,6.18574000,-75.57864833,1.90,1542.856,24.044,2.085,188,26,40,,
T,2023-03-27 22:32:59,6.18571667,-75.57865667,2.00,1542.356,24.044,2.060,201,26,40,,
T,2023-03-27 22:33:00,6.18569833,-75.57866333,2.00,1541.756,24.044,1.829,202,27,40,,
T,2023-03-27 22:33:01,6.18567500,-75.57866667,2.00,1541.456,24.044,1.953,199,27,40,,
T,2023-03-27 22:33:02,6.18565500,-75.57867667,2.00,1541.156,24.044,1.769,213,26,40,,
T,2023-03-27 22:33:03,6.18563167,-75.57868667,2.00,1540.856,24.044,2.235,210,26,40,,
T,2023-03-27 22:33:04,6.18560833,-75.57870000,1.90,1540.456,24.044,2.243,205,26,40,,
T,2023-03-27 22:33:05,6.18558333,-75.57871167,1.90,1540.655,24.045,2.612,212,27,40,,
T,2023-03-27 22:33:06,6.18555000,-75.57872333,1.90,1540.455,24.045,3.374,195,25,40,,
T,2023-03-27 22:33:07,6.18551333,-75.57873167,1.90,1540.955,24.045,3.526,198,25,40,,
T,2023-03-27 22:33:08,6.18547000,-75.57875500,1.90,1540.855,24.045,4.546,203,27,40,,
T,2023-03-27 22:33:09,6.18541667,-75.57878333,1.90,1540.955,24.045,5.569,202,27,40,,
T,2023-03-27 22:33:10,6.18535833,-75.57881333,2.00,1541.454,24.046,6.510,203,27,40,,
T,2023-03-27 22:33:11,6.18528833,-75.57883833,2.00,1541.754,24.046,7.447,199,27,40,,
T,2023-03-27 22:33:12,6.18520333,-75.57888167,2.20,1542.154,24.046,7.916,200,24,40,,
T,2023-03-27 22:33:13,6.18512667,-75.57891833,2.30,1542.353,24.047,7.427,200,24,40,,
T,2023-03-27 22:33:14,6.18506333,-75.57894667,2.20,1542.953,24.047,7.261,200,24,40,,
T,2023-03-27 22:33:15,6.18499333,-75.57897500,2.00,1543.953,24.047,7.878,198,25,40,,
T,2023-03-27 22:33:16,6.18492000,-75.57899833,2.00,1544.253,24.047,7.756,197,24,40,,
T,2023-03-27 22:33:17,6.18485000,-75.57902000,1.90,1544.552,24.048,7.150,198,23,40,,
T,2023-03-27 22:33:18,6.18479000,-75.57904167,1.90,1544.252,24.048,6.803,201,25,40,,
T,2023-03-27 22:33:19,6.18473167,-75.57906667,1.80,1544.152,24.048,6.807,201,26,40,,
T,2023-03-27 22:33:20,6.18467167,-75.57909000,1.90,1543.952,24.048,6.557,202,26,40,,
T,2023-03-27 22:33:21,6.18461333,-75.57911333,1.90,1543.351,24.049,6.704,199,26,40,,
T,2023-03-27 22:33:22,6.18455167,-75.57914333,1.80,1542.651,24.049,6.685,205,26,40,,
T,2023-03-27 22:33:23,6.18450167,-75.57916667,1.80,1542.351,24.049,5.421,211,24,40,,
T,2023-03-27 22:33:24,6.18446333,-75.57918833,1.90,1541.851,24.049,4.728,210,24,40,,
T,2023-03-27 22:33:25,6.18443000,-75.57920500,1.90,1541.551,24.049,3.873,210,24,40,,
T,2023-03-27 22:33:26,6.18440000,-75.57921667,1.90,1541.350,24.050,3.485,208,25,40,,
T,2023-03-27 22:33:27,6.18437000,-75.57923167,1.90,1541.350,24.050,3.701,206,25,40,,
T,2023-03-27 22:33:28,6.18432667,-75.57924333,1.90,1540.050,24.050,3.786,204,25,40,,
T,2023-03-27 22:33:29,6.18428667,-75.57926000,1.90,1539.150,24.050,4.252,206,25,40,,
T,2023-03-27 22:33:30,6.18424333,-75.57928167,1.90,1538.450,24.050,4.483,206,25,40,,
T,2023-03-27 22:33:31,6.18420333,-75.57930833,1.90,1537.950,24.050,4.447,206,25,40,,
T,2023-03-27 22:33:32,6.18416667,-75.57933500,1.90,1537.449,24.051,4.282,207,25,40,,
T,2023-03-27 22:33:33,6.18413167,-75.57935833,1.80,1537.349,24.051,4.104,212,25,40,,
T,2023-03-27 22:33:34,6.18410667,-75.57938667,1.80,1537.149,24.051,3.561,223,26,40,,
T,2023-03-27 22:33:35,6.18408833,-75.57941333,1.80,1537.249,24.051,3.002,223,26,40,,
T,2023-03-27 22:33:36,6.18406500,-75.57942667,1.70,1537.449,24.051,2.265,218,27,40,,
T,2023-03-27 22:33:37,6.18405333,-75.57943667,1.80,1538.049,24.051,1.178,218,27,40,,
T,2023-03-27 22:33:38,6.18405000,-75.57943833,1.70,1538.849,24.051,0.000,,26,40,,
T,2023-03-27 22:33:39,6.18404833,-75.57944167,1.60,1539.049,24.051,0.000,,26,40,,
T,2023-03-27 22:33:40,6.18404333,-75.57944500,1.60,1539.249,24.051,0.000,,26,40,,
T,2023-03-27 22:33:41,6.18404333,-75.57944500,1.60,1539.349,24.051,0.000,,27,40,,
T,2023-03-27 22:33:42,6.18404333,-75.57944500,1.50,1539.349,24.051,0.000,,27,40,,
T,2023-03-27 22:33:43,6.18401833,-75.57946667,1.50,1539.048,24.052,1.732,230,26,40,,
T,2023-03-27 22:33:44,6.18400500,-75.57947667,1.50,1538.848,24.052,1.372,230,26,40,,
T,2023-03-27 22:33:45,6.18399333,-75.57948333,1.50,1538.648,24.052,1.189,230,26,40,,
T,2023-03-27 22:33:46,6.18398667,-75.57949000,1.50,1538.548,24.052,0.000,,26,40,,
T,2023-03-27 22:33:47,6.18398500,-75.57949000,1.50,1538.248,24.052,0.000,,24,40,,
T,2023-03-27 22:33:48,6.18398000,-75.57949167,1.50,1537.848,24.052,0.000,,24,40,,
T,2023-03-27 22:33:49,6.18398000,-75.57949167,1.50,1537.848,24.052,0.000,,25,40,,
T,2023-03-27 22:33:50,6.18398000,-75.57949167,1.40,1537.848,24.052,0.000,,24,40,,
T,2023-03-27 22:33:51,6.18398000,-75.57949167,1.40,1537.848,24.052,0.000,,24,40,,
T,2023-03-27 22:33:52,6.18398000,-75.57949167,1.40,1537.848,24.052,0.000,,24,40,,
T,2023-03-27 22:33:53,6.18398000,-75.57949167,1.40,1537.848,24.052,0.000,,25,40,,
T,2023-03-27 22:33:54,6.18398000,-75.57949167,1.30,1537.848,24.052,0.000,,25,40,,
T,2023-03-27 22:33:55,6.18398000,-75.57949167,1.30,1537.848,24.052,0.000,,26,40,,
T,2023-03-27 22:33:56,6.18398000,-75.57949167,1.30,1537.848,24.052,0.000,,26,40,,
T,2023-03-27 22:33:57,6.18398000,-75.57949167,1.30,1537.848,24.052,0.000,,25,40,,
T,2023-03-27 22:33:58,6.18398000,-75.57949167,1.30,1537.848,24.052,0.000,,25,40,,
T,2023-03-27 22:33:59,6.18398000,-75.57949167,1.30,1537.848,24.052,0.000,,26,40,,
T,2023-03-27 22:34:00,6.18398000,-75.57949167,1.30,1537.848,24.052,0.000,,26,40,,
T,2023-03-27 22:34:01,6.18398000,-75.57949167,1.30,1537.848,24.052,0.000,,27,40,,
T,2023-03-27 22:34:02,6.18398000,-75.57949167,1.30,1537.848,24.052,0.000,,27,40,,
T,2023-03-27 22:34:03,6.18398000,-75.57949167,1.30,1537.848,24.052,0.000,,26,40,,
T,2023-03-27 22:34:04,6.18398000,-75.57949167,1.30,1537.848,24.052,0.000,,28,40,,
T,2023-03-27 22:34:05,6.18398000,-75.57949167,1.30,1537.848,24.052,0.000,,28,40,,
T,2023-03-27 22:34:06,6.18398000,-75.57949167,1.30,1537.848,24.052,0.000,,28,40,,
T,2023-03-27 22:34:07,6.18398000,-75.57949167,1.30,1537.848,24.052,0.000,,28,40,,
T,2023-03-27 22:34:08,6.18398000,-75.57949167,1.30,1537.848,24.052,0.000,,29,40,,
T,2023-03-27 22:34:09,6.18398000,-75.57949167,1.20,1537.848,24.052,0.000,,28,40,,
T,2023-03-27 22:34:10,6.18398000,-75.57949167,1.20,1537.848,24.052,0.000,,29,40,,
T,2023-03-27 22:34:11,6.18398000,-75.57949167,1.20,1537.848,24.052,0.000,,27,40,,
T,2023-03-27 22:34:12,6.18398000,-75.57949167,1.20,1537.848,24.052,0.000,,29,40,,
T,2023-03-27 22:34:13,6.18398000,-75.57949167,1.20,1537.848,24.052,0.000,,27,40,,
T,2023-03-27 22:34:14,6.18398000,-75.57949167,1.20,1537.848,24.052,0.000,,27,40,,
T,2023-03-27 22:34:15,6.18398000,-75.57949167,1.20,1537.848,24.052,0.000,,28,40,,
T,2023-03-27 22:34:16,6.18398000,-75.57949167,1.20,1537.848,24.052,0.000,,28,40,,
T,2023-03-27 22:34:17,6.18398000,-75.57949167,1.20,1537.848,24.052,0.000,,28,40,,
T,2023-03-27 22:34:18,6.18398000,-75.57949167,1.20,1537.848,24.052,0.000,,27,40,,
T,2023-03-27 22:34:19,6.18398000,-75.57949167,1.20,1537.848,24.052,0.000,,26,40,,
T,2023-03-27 22:34:20,6.18398000,-75.57949167,1.20,1537.848,24.052,0.000,,28,40,,
T,2023-03-27 22:34:21,6.18398000,-75.57949167,1.20,1537.848,24.052,0.000,,29,40,,
T,2023-03-27 22:34:22,6.18398000,-75.57949167,1.20,1537.848,24.052,0.000,,29,40,,
T,2023-03-27 22:34:23,6.18398000,-75.57949167,1.20,1537.848,24.052,0.000,,29,40,,
T,2023-03-27 22:34:24,6.18398000,-75.57949167,1.30,1537.848,24.052,0.000,,29,40,,
T,2023-03-27 22:34:25,6.18391000,-75.57952333,1.50,1532.548,24.052,3.824,215,28,40,,
T,2023-03-27 22:34:26,6.18386833,-75.57956167,1.50,1532.748,24.052,5.760,221,27,40,,
T,2023-03-27 22:34:27,6.18381333,-75.57961000,1.80,1533.447,24.053,7.425,222,26,40,,
T,2023-03-27 22:34:28,6.18375167,-75.57966167,1.80,1534.047,24.053,8.933,220,27,40,,
T,2023-03-27 22:34:29,6.18367500,-75.57972500,1.90,1534.646,24.054,10.177,220,27,40,,
T,2023-03-27 22:34:30,6.18360000,-75.57979333,1.90,1534.846,24.054,11.174,219,28,40,,
T,2023-03-27 22:34:31,6.18351333,-75.57986500,1.90,1534.745,24.055,12.482,218,27,40,,
T,2023-03-27 22:34:32,6.18341667,-75.57994000,1.90,1534.445,24.055,13.672,216,27,40,,
T,2023-03-27 22:34:33,6.18331333,-75.58000667,2.00,1534.344,24.056,14.100,217,27,40,,
T,2023-03-27 22:34:34,6.18321000,-75.58007500,2.00,1534.044,24.056,14.546,213,27,40,,
T,2023-03-27 22:34:35,6.18309333,-75.58014000,2.10,1534.743,24.057,14.174,208,28,40,,
T,2023-03-27 22:34:36,6.18297167,-75.58019167,2.00,1535.543,24.057,14.326,208,27,40,,
T,2023-03-27 22:34:37,6.18285500,-75.58026833,2.00,1534.842,24.058,14.790,206,28,40,,
T,2023-03-27 22:34:38,6.18273667,-75.58033000,2.00,1534.041,24.059,14.550,205,29,40,,
T,2023-03-27 22:34:39,6.18261667,-75.58039000,2.10,1533.241,24.059,15.064,205,29,40,,
T,2023-03-27 22:34:40,6.18248833,-75.58044833,2.00,1532.940,24.060,14.886,203,29,40,,
T,2023-03-27 22:34:41,6.18236500,-75.58050000,2.00,1532.540,24.060,14.972,204,26,40,,
T,2023-03-27 22:34:42,6.18225500,-75.58055000,2.00,1531.939,24.061,12.344,206,27,40,,
T,2023-03-27 22:34:43,6.18215833,-75.58059167,1.90,1531.139,24.061,10.817,204,27,40,,
T,2023-03-27 22:34:44,6.18207667,-75.58063000,1.90,1530.139,24.061,9.400,206,28,40,,
T,2023-03-27 22:34:45,6.18201667,-75.58067167,2.10,1528.238,24.062,9.164,205,27,40,,
T,2023-03-27 22:34:46,6.18195667,-75.58070667,2.00,1526.738,24.062,8.710,206,27,40,,
T,2023-03-27 22:34:47,6.18190833,-75.58075667,2.10,1527.338,24.062,7.571,213,27,40,,
T,2023-03-27 22:34:48,6.18187833,-75.58080167,2.10,1527.537,24.063,6.378,218,26,40,,
T,2023-03-27 22:34:49,6.18186000,-75.58083833,2.10,1527.637,24.063,4.870,229,28,40,,
T,2023-03-27 22:34:50,6.18186333,-75.58087167,2.20,1528.437,24.063,4.879,238,28,40,,
T,2023-03-27 22:34:51,6.18184333,-75.58090167,2.00,1528.537,24.063,5.331,231,27,40,,
T,2023-03-27 22:34:52,6.18180833,-75.58093500,1.90,1529.036,24.064,6.399,228,27,40,,
T,2023-03-27 22:34:53,6.18177000,-75.58097333,1.80,1529.736,24.064,7.201,234,26,40,,
T,2023-03-27 22:34:54,6.18173167,-75.58101667,1.70,1530.636,24.064,7.390,241,27,40,,
T,2023-03-27 22:34:55,6.18170333,-75.58107167,1.70,1530.936,24.064,6.386,244,26,40,,
T,2023-03-27 22:34:56,6.18168333,-75.58112000,1.70,1531.135,24.065,5.864,252,28,40,,
T,2023-03-27 22:34:57,6.18166333,-75.58116667,1.60,1531.735,24.065,6.270,256,28,40,,
T,2023-03-27 22:34:58,6.18164833,-75.58121333,1.50,1533.235,24.065,6.500,263,26,40,,
T,2023-03-27 22:34:59,6.18164167,-75.58127000,1.50,1533.934,24.066,6.801,267,25,40,,
T,2023-03-27 22:35:00,6.18164000,-75.58133333,1.90,1535.534,24.066,7.476,267,25,40,,
T,2023-03-27 22:35:01,6.18164000,-75.58140333,2.00,1537.634,24.066,7.834,268,25,40,,
T,2023-03-27 22:35:02,6.18163833,-75.58147333,1.80,1538.633,24.067,8.131,268,25,40,,
T,2023-03-27 22:35:03,6.18163833,-75.58154500,1.60,1538.833,24.067,7.637,269,27,40,,
T,2023-03-27 22:35:04,6.18163667,-75.58161167,1.60,1538.533,24.067,6.823,267,27,40,,
T,2023-03-27 22:35:05,6.18163167,-75.58167333,1.80,1537.932,24.068,6.862,267,25,40,,
T,2023-03-27 22:35:06,6.18162000,-75.58173833,1.80,1537.932,24.068,7.363,267,27,40,,
T,2023-03-27 22:35:07,6.18161167,-75.58179833,1.90,1538.232,24.068,7.840,267,27,40,,
T,2023-03-27 22:35:08,6.18161333,-75.58186500,2.00,1538.331,24.069,7.844,266,27,40,,
T,2023-03-27 22:35:09,6.18160833,-75.58193667,2.00,1539.031,24.069,8.164,266,27,40,,
T,2023-03-27 22:35:10,6.18160000,-75.58200667,2.00,1540.030,24.070,8.285,264,27,40,,
T,2023-03-27 22:35:11,6.18159167,-75.58207667,1.90,1539.930,24.070,7.734,259,26,40,,
T,2023-03-27 22:35:12,6.18158167,-75.58214667,1.90,1540.030,24.070,7.753,256,26,40,,
T,2023-03-27 22:35:13,6.18157000,-75.58222000,1.90,1540.529,24.071,7.408,252,27,40,,
T,2023-03-27 22:35:14,6.18155167,-75.58228500,1.90,1541.029,24.071,6.976,248,27,40,,
T,2023-03-27 22:35:15,6.18153167,-75.58235167,1.90,1542.029,24.071,6.874,247,28,40,,
T,2023-03-27 22:35:16,6.18150667,-75.58240667,1.90,1542.628,24.072,6.273,246,29,40,,
T,2023-03-27 22:35:17,6.18147500,-75.58245833,1.90,1542.528,24.072,5.864,240,27,40,,
T,2023-03-27 22:35:18,6.18145000,-75.58250000,2.00,1542.028,24.072,4.587,237,26,40,,
T,2023-03-27 22:35:19,6.18142333,-75.58252500,1.90,1542.027,24.073,4.058,234,27,40,,
T,2023-03-27 22:35:20,6.18139833,-75.58254500,1.90,1543.527,24.073,3.804,233,26,40,,
T,2023-03-27 22:35:21,6.18138000,-75.58257000,1.90,1543.627,24.073,3.566,228,28,40,,
T,2023-03-27 22:35:22,6.18135167,-75.58259500,1.90,1543.627,24.073,3.561,230,28,40,,
T,2023-03-27 22:35:23,6.18132333,-75.58262167,1.90,1543.727,24.073,3.647,228,28,40,,
T,2023-03-27 22:35:24,6.18129500,-75.58265500,1.90,1544.426,24.074,4.858,226,28,40,,
T,2023-03-27 22:35:25,6.18125000,-75.58269667,1.90,1545.326,24.074,6.637,220,28,40,,
T,2023-03-27 22:35:26,6.18121000,-75.58274000,2.00,1545.126,24.074,5.650,220,28,40,,
T,2023-03-27 22:35:27,6.18118000,-75.58277167,2.00,1545.826,24.074,4.322,218,28,40,,
T,2023-03-27 22:35:28,6.18114667,-75.58278667,2.00,1545.825,24.075,3.107,220,28,40,,
T,2023-03-27 22:35:29,6.18112500,-75.58279333,1.90,1546.025,24.075,1.715,222,28,40,,
T,2023-03-27 22:35:30,6.18111000,-75.58280000,1.90,1546.025,24.075,1.150,222,28,40,,
T,2023-03-27 22:35:31,6.18109333,-75.58280500,1.80,1545.925,24.075,1.141,222,28,40,,
T,2023-03-27 22:35:32,6.18108167,-75.58281000,1.80,1546.025,24.075,1.110,222,28,40,,
T,2023-03-27 22:35:33,6.18107000,-75.58281833,1.70,1545.325,24.075,1.543,222,28,40,,
T,2023-03-27 22:35:34,6.18105667,-75.58282833,1.80,1544.825,24.075,1.953,215,28,40,,
T,2023-03-27 22:35:35,6.18104000,-75.58284167,1.80,1544.225,24.075,2.410,210,28,40,,
T,2023-03-27 22:35:36,6.18101833,-75.58285667,1.80,1543.625,24.075,2.389,206,28,40,,
T,2023-03-27 22:35:37,6.18098667,-75.58287333,1.80,1542.725,24.075,3.351,204,28,40,,
T,2023-03-27 22:35:38,6.18094833,-75.58289167,1.90,1542.325,24.075,4.373,204,28,40,,
T,2023-03-27 22:35:39,6.18091000,-75.58291000,1.90,1541.224,24.076,4.008,201,28,40,,
T,2023-03-27 22:35:40,6.18087833,-75.58292500,1.90,1540.224,24.076,2.823,196,28,40,,
T,2023-03-27 22:35:41,6.18085500,-75.58292833,1.90,1539.624,24.076,1.648,193,28,40,,
T,2023-03-27 22:35:42,6.18084000,-75.58293833,1.80,1538.424,24.076,1.359,193,28,40,,
T,2023-03-27 22:35:43,6.18083167,-75.58294833,1.70,1537.524,24.076,1.218,193,28,40,,
T,2023-03-27 22:35:44,6.18081667,-75.58295667,1.70,1536.924,24.076,1.379,193,28,40,,
T,2023-03-27 22:35:45,6.18080333,-75.58296500,1.70,1536.924,24.076,1.224,193,27,40,,
T,2023-03-27 22:35:46,6.18079000,-75.58297167,1.70,1536.824,24.076,1.085,193,27,40,,
T,2023-03-27 22:35:47,6.18077667,-75.58297667,1.60,1536.324,24.076,0.000,,27,40,,
T,2023-03-27 22:35:48,6.18077000,-75.58297833,1.60,1535.924,24.076,0.000,,27,40,,
T,2023-03-27 22:35:49,6.18076333,-75.58298000,1.80,1535.924,24.076,0.000,,28,40,,
T,2023-03-27 22:35:50,6.18076333,-75.58298000,1.80,1535.924,24.076,0.000,,28,40,,
T,2023-03-27 22:35:51,6.18076333,-75.58298000,1.70,1535.924,24.076,0.000,,28,40,,
T,2023-03-27 22:35:52,6.18071500,-75.58299167,1.80,1535.124,24.076,2.305,198,28,40,,
T,2023-03-27 22:35:53,6.18069167,-75.58299833,1.80,1535.523,24.077,2.040,210,28,40,,
T,2023-03-27 22:35:54,6.18067667,-75.58300667,1.70,1536.123,24.077,1.431,210,28,40,,
T,2023-03-27 22:35:55,6.18066167,-75.58301667,1.70,1536.023,24.077,1.417,210,28,40,,
T,2023-03-27 22:35:56,6.18064833,-75.58302000,1.70,1535.923,24.077,1.415,210,28,40,,
T,2023-03-27 22:35:57,6.18063667,-75.58302500,1.70,1535.823,24.077,0.000,,26,40,,
T,2023-03-27 22:35:58,6.18063167,-75.58303000,1.80,1536.023,24.077,0.000,,28,40,,
T,2023-03-27 22:35:59,6.18062833,-75.58303333,1.80,1536.223,24.077,0.000,,28,40,,
T,2023-03-27 22:36:00,6.18062833,-75.58303333,1.80,1536.223,24.077,0.000,,28,40,,
T,2023-03-27 22:36:01,6.18062833,-75.58303333,1.90,1536.223,24.077,0.000,,28,40,,
T,2023-03-27 22:36:02,6.18059667,-75.58305833,1.80,1536.623,24.077,2.100,202,28,40,,
T,2023-03-27 22:36:03,6.18058000,-75.58306833,1.80,1536.523,24.077,1.894,211,27,40,,
T,2023-03-27 22:36:04,6.18057167,-75.58307333,1.70,1537.023,24.077,0.000,,27,40,,
T,2023-03-27 22:36:05,6.18056833,-75.58307667,1.80,1537.223,24.077,0.000,,29,40,,
T,2023-03-27 22:36:06,6.18056667,-75.58308000,1.80,1537.223,24.077,0.000,,29,40,,
T,2023-03-27 22:36:07,6.18056667,-75.58308000,1.80,1537.223,24.077,0.000,,29,40,,
T,2023-03-27 22:36:08,6.18056667,-75.58308000,1.80,1537.223,24.077,0.000,,29,40,,
T,2023-03-27 22:36:09,6.18056667,-75.58308000,1.80,1537.223,24.077,0.000,,29,40,,
T,2023-03-27 22:36:10,6.18056667,-75.58308000,1.90,1537.223,24.077,0.000,,29,40,,
T,2023-03-27 22:36:11,6.18053500,-75.58309833,1.70,1537.423,24.077,0.151,211,29,40,,
T,2023-03-27 22:36:12,6.18051833,-75.58310500,1.70,1537.823,24.077,2.170,216,29,40,,
T,2023-03-27 22:36:13,6.18050333,-75.58311667,1.70,1537.923,24.077,1.964,212,29,40,,
T,2023-03-27 22:36:14,6.18048833,-75.58312833,1.70,1537.922,24.078,1.691,214,29,40,,
T,2023-03-27 22:36:15,6.18047833,-75.58313667,1.70,1538.022,24.078,1.262,214,29,40,,
T,2023-03-27 22:36:16,6.18046667,-75.58314333,1.70,1538.122,24.078,1.470,214,28,40,,
T,2023-03-27 22:36:17,6.18045167,-75.58314333,1.70,1538.822,24.078,1.652,187,27,40,,
T,2023-03-27 22:36:18,6.18043333,-75.58314500,1.80,1539.422,24.078,2.116,192,28,40,,
T,2023-03-27 22:36:19,6.18041333,-75.58314667,1.90,1539.722,24.078,2.568,201,28,40,,
T,2023-03-27 22:36:20,6.18039500,-75.58315333,2.00,1539.622,24.078,2.806,212,27,40,,
T,2023-03-27 22:36:21,6.18037000,-75.58315667,2.00,1539.222,24.078,2.625,210,28,40,,
T,2023-03-27 22:36:22,6.18035000,-75.58316667,2.00,1539.122,24.078,1.873,212,28,40,,
T,2023-03-27 22:36:23,6.18033833,-75.58317833,2.00,1539.322,24.078,1.623,217,28,40,,
T,2023-03-27 22:36:24,6.18032500,-75.58319167,2.00,1539.822,24.078,1.439,217,28,40,,
T,2023-03-27 22:36:25,6.18030667,-75.58320000,1.90,1541.222,24.078,1.572,211,28,40,,
T,2023-03-27 22:36:26,6.18029000,-75.58321333,1.90,1542.022,24.078,1.658,203,28,40,,
T,2023-03-27 22:36:27,6.18026833,-75.58321500,1.80,1542.522,24.078,1.690,185,28,40,,
T,2023-03-27 22:36:28,6.18025000,-75.58321167,1.80,1543.122,24.078,1.230,185,29,40,,
T,2023-03-27 22:36:29,6.18023500,-75.58321167,1.70,1542.721,24.079,1.528,168,29,40,,
T,2023-03-27 22:36:30,6.18021500,-75.58320333,1.70,1543.521,24.079,1.671,162,29,40,,
T,2023-03-27 22:36:31,6.18019500,-75.58319167,1.80,1544.222,24.078,1.924,157,29,40,,
T,2023-03-27 22:36:32,6.18017667,-75.58318167,1.70,1544.522,24.078,2.022,157,29,40,,
T,2023-03-27 22:36:33,6.18015667,-75.58317000,1.70,1544.922,24.078,1.938,165,29,40,,
T,2023-03-27 22:36:34,6.18013667,-75.58316333,1.70,1545.322,24.078,1.433,165,29,40,,
T,2023-03-27 22:36:35,6.18012167,-75.58316000,1.80,1545.622,24.078,1.535,177,29,40,,
T,2023-03-27 22:36:36,6.18010500,-75.58316167,1.80,1545.722,24.078,1.021,177,29,40,,
T,2023-03-27 22:36:37,6.18009667,-75.58316500,1.70,1546.521,24.079,0.000,,29,40,,
T,2023-03-27 22:36:38,6.18009500,-75.58316667,1.70,1547.621,24.079,0.000,,29,40,,
T,2023-03-27 22:36:39,6.18008833,-75.58316833,1.80,1548.021,24.079,0.000,,29,40,,
T,2023-03-27 22:36:40,6.18008833,-75.58316833,1.90,1548.021,24.079,0.000,,29,40,,
T,2023-03-27 22:36:41,6.18006167,-75.58317667,1.90,1549.221,24.079,1.984,210,29,40,,
T,2023-03-27 22:36:42,6.18004500,-75.58318667,2.00,1550.721,24.079,1.762,207,29,40,,
T,2023-03-27 22:36:43,6.18002667,-75.58319833,2.00,1552.121,24.079,1.965,206,29,40,,
T,2023-03-27 22:36:44,6.18000500,-75.58321167,1.90,1552.421,24.079,2.280,214,29,40,,
T,2023-03-27 22:36:45,6.17998167,-75.58322833,2.00,1553.121,24.079,2.561,214,29,40,,
T,2023-03-27 22:36:46,6.17996000,-75.58324667,2.00,1553.621,24.079,2.977,219,29,40,,
T,2023-03-27 22:36:47,6.17992667,-75.58326667,2.10,1554.121,24.079,3.588,208,29,40,,
T,2023-03-27 22:36:48,6.17988000,-75.58329167,2.10,1554.120,24.080,4.291,205,29,40,,
T,2023-03-27 22:36:49,6.17983000,-75.58330833,2.10,1553.920,24.080,5.136,207,29,40,,
T,2023-03-27 22:36:50,6.17975167,-75.58332500,2.00,1553.220,24.080,5.924,205,29,40,,
T,2023-03-27 22:36:51,6.17968833,-75.58334167,2.00,1553.020,24.080,5.771,204,29,40,,
T,2023-03-27 22:36:52,6.17962667,-75.58336000,2.00,1552.420,24.080,5.946,207,27,40,,
T,2023-03-27 22:36:53,6.17956667,-75.58338667,1.90,1552.719,24.081,5.840,209,28,40,,
T,2023-03-27 22:36:54,6.17950833,-75.58341833,1.80,1552.819,24.081,5.819,210,27,40,,
T,2023-03-27 22:36:55,6.17945333,-75.58344500,1.80,1552.519,24.081,4.962,208,27,40,,
T,2023-03-27 22:36:56,6.17941000,-75.58346500,1.80,1552.019,24.081,3.793,210,26,40,,
T,2023-03-27 22:36:57,6.17937333,-75.58348833,1.70,1551.418,24.082,3.757,212,27,40,,
T,2023-03-27 22:36:58,6.17933833,-75.58351333,1.70,1551.118,24.082,4.475,216,27,40,,
T,2023-03-27 22:36:59,6.17930000,-75.58353833,1.70,1550.818,24.082,4.455,212,27,40,,
T,2023-03-27 22:37:00,6.17926500,-75.58356667,1.70,1550.718,24.082,4.308,218,28,40,,
T,2023-03-27 22:37:01,6.17922833,-75.58359500,1.70,1550.318,24.082,4.835,217,28,40,,
T,2023-03-27 22:37:02,6.17918667,-75.58361667,1.70,1549.317,24.083,4.522,213,28,40,,
T,2023-03-27 22:37:03,6.17915333,-75.58364000,1.60,1548.617,24.083,4.500,212,28,40,,
T,2023-03-27 22:37:04,6.17912500,-75.58366667,1.60,1547.317,24.083,3.880,214,27,40,,
T,2023-03-27 22:37:05,6.17910000,-75.58368833,1.60,1546.417,24.083,2.890,214,27,40,,
T,2023-03-27 22:37:06,6.17908500,-75.58370333,1.60,1545.017,24.083,1.274,214,26,40,,
T,2023-03-27 22:37:07,6.17908333,-75.58371000,1.60,1544.217,24.083,0.000,,26,40,,
T,2023-03-27 22:37:08,6.17908167,-75.58370833,1.50,1544.517,24.083,0.000,,26,40,,
T,2023-03-27 22:37:09,6.17907833,-75.58370833,1.50,1544.617,24.083,0.000,,26,40,,
T,2023-03-27 22:37:10,6.17907833,-75.58370833,1.50,1544.617,24.083,0.000,,26,40,,
T,2023-03-27 22:37:11,6.17907833,-75.58370833,1.50,1544.617,24.083,0.000,,27,40,,
T,2023-03-27 22:37:12,6.17907833,-75.58370833,1.50,1544.617,24.083,0.000,,27,40,,
T,2023-03-27 22:37:13,6.17907833,-75.58370833,1.50,1544.617,24.083,0.000,,26,40,,
T,2023-03-27 22:37:14,6.17907833,-75.58370833,1.50,1544.617,24.083,0.000,,25,40,,
T,2023-03-27 22:37:15,6.17907833,-75.58370833,1.50,1544.617,24.083,0.000,,26,40,,
T,2023-03-27 22:37:16,6.17907833,-75.58370833,1.50,1544.617,24.083,0.000,,26,40,,
T,2023-03-27 22:37:17,6.17907833,-75.58370833,1.50,1544.617,24.083,0.000,,25,40,,
T,2023-03-27 22:37:18,6.17907833,-75.58370833,1.50,1544.617,24.083,0.000,,25,40,,
T,2023-03-27 22:37:19,6.17907833,-75.58370833,1.50,1544.617,24.083,0.000,,25,40,,
T,2023-03-27 22:37:20,6.17907833,-75.58370833,1.50,1544.617,24.083,0.000,,26,40,,
T,2023-03-27 22:37:21,6.17907833,-75.58370833,1.40,1544.617,24.083,0.000,,27,40,,
T,2023-03-27 22:37:22,6.17907833,-75.58370833,1.40,1544.617,24.083,0.000,,28,40,,
T,2023-03-27 22:37:23,6.17907833,-75.58370833,1.40,1544.617,24.083,0.000,,28,40,,
T,2023-03-27 22:37:24,6.17907833,-75.58370833,1.40,1544.617,24.083,0.000,,27,40,,
T,2023-03-27 22:37:25,6.17907833,-75.58370833,1.40,1544.617,24.083,0.000,,27,40,,
T,2023-03-27 22:37:26,6.17907833,-75.58370833,1.50,1544.617,24.083,0.000,,28,40,,
T,2023-03-27 22:37:27,6.17907833,-75.58370833,1.40,1544.617,24.083,0.000,,28,40,,
T,2023-03-27 22:37:28,6.17907833,-75.58370833,1.40,1544.617,24.083,0.000,,27,40,,
T,2023-03-27 22:37:29,6.17907833,-75.58370833,1.40,1544.617,24.083,0.000,,26,40,,
T,2023-03-27 22:37:30,6.17907833,-75.58370833,1.40,1544.617,24.083,0.000,,26,40,,
T,2023-03-27 22:37:31,6.17907833,-75.58370833,1.40,1544.617,24.083,0.000,,26,40,,
T,2023-03-27 22:37:32,6.17907833,-75.58370833,1.30,1544.617,24.083,0.000,,27,40,,
T,2023-03-27 22:37:33,6.17907833,-75.58370833,1.30,1544.617,24.083,0.000,,27,40,,
T,2023-03-27 22:37:34,6.17907833,-75.58370833,1.30,1544.617,24.083,0.000,,27,40,,
T,2023-03-27 22:37:35,6.17907833,-75.58370833,1.30,1544.617,24.083,0.000,,27,40,,
T,2023-03-27 22:37:36,6.17907833,-75.58370833,1.30,1544.617,24.083,0.000,,26,40,,
T,2023-03-27 22:37:37,6.17907833,-75.58370833,1.40,1544.617,24.083,0.000,,27,40,,
T,2023-03-27 22:37:38,6.17907833,-75.58370833,1.40,1544.617,24.083,0.000,,26,40,,
T,2023-03-27 22:37:39,6.17907833,-75.58370833,1.40,1544.617,24.083,0.000,,26,40,,
T,2023-03-27 22:37:40,6.17907833,-75.58370833,1.40,1544.617,24.083,0.000,,26,40,,
T,2023-03-27 22:37:41,6.17907833,-75.58370833,1.40,1544.617,24.083,0.000,,25,40,,
T,2023-03-27 22:37:42,6.17907833,-75.58370833,1.40,1544.617,24.083,0.000,,24,40,,
T,2023-03-27 22:37:43,6.17907833,-75.58370833,1.40,1544.617,24.083,0.000,,22,40,,
T,2023-03-27 22:37:44,6.17907833,-75.58370833,1.40,1544.617,24.083,0.000,,24,40,,
T,2023-03-27 22:37:45,6.17907833,-75.58370833,1.40,1544.617,24.083,0.000,,23,40,,
T,2023-03-27 22:37:46,6.17907833,-75.58370833,1.40,1544.617,24.083,0.000,,23,40,,
T,2023-03-27 22:37:47,6.17907833,-75.58370833,1.50,1544.617,24.083,0.000,,23,40,,
T,2023-03-27 22:37:48,6.17907833,-75.58370833,1.50,1544.617,24.083,0.000,,24,40,,
T,2023-03-27 22:37:49,6.17907833,-75.58370833,1.50,1544.617,24.083,0.000,,24,40,,
T,2023-03-27 22:37:50,6.17907833,-75.58370833,1.50,1544.617,24.083,0.000,,23,40,,
T,2023-03-27 22:37:51,6.17907833,-75.58370833,1.50,1544.617,24.083,0.000,,23,40,,
T,2023-03-27 22:37:52,6.17907833,-75.58370833,1.50,1544.617,24.083,0.000,,26,40,,
T,2023-03-27 22:37:53,6.17907833,-75.58370833,1.40,1544.617,24.083,0.000,,26,40,,
T,2023-03-27 22:37:54,6.17907833,-75.58370833,1.40,1544.617,24.083,0.000,,25,40,,
T,2023-03-27 22:37:55,6.17907833,-75.58370833,1.40,1544.617,24.083,0.000,,24,40,,
T,2023-03-27 22:37:56,6.17907833,-75.58370833,1.40,1544.617,24.083,0.000,,24,40,,
T,2023-03-27 22:37:57,6.17907833,-75.58370833,1.40,1544.617,24.083,0.000,,24,40,,
T,2023-03-27 22:37:58,6.17907833,-75.58370833,1.40,1544.617,24.083,0.000,,24,40,,
T,2023-03-27 22:37:59,6.17907833,-75.58370833,1.40,1544.617,24.083,0.000,,23,40,,
T,2023-03-27 22:38:00,6.17907833,-75.58370833,1.40,1544.617,24.083,0.000,,26,40,,
T,2023-03-27 22:38:01,6.17907833,-75.58370833,1.40,1544.617,24.083,0.000,,27,40,,
T,2023-03-27 22:38:02,6.17907833,-75.58370833,1.40,1544.617,24.083,0.000,,27,40,,
T,2023-03-27 22:38:03,6.17907833,-75.58370833,1.40,1544.617,24.083,0.000,,26,40,,
T,2023-03-27 22:38:04,6.17907833,-75.58370833,1.50,1544.617,24.083,0.000,,26,40,,
T,2023-03-27 22:38:05,6.17907833,-75.58370833,1.40,1544.617,24.083,0.000,,26,40,,
T,2023-03-27 22:38:06,6.17907833,-75.58370833,1.40,1544.617,24.083,0.000,,26,40,,
T,2023-03-27 22:38:07,6.17907833,-75.58370833,1.40,1544.617,24.083,0.000,,27,40,,
T,2023-03-27 22:38:08,6.17901667,-75.58377500,1.50,1544.016,24.084,2.581,220,27,40,,
T,2023-03-27 22:38:09,6.17899333,-75.58379167,1.60,1543.916,24.084,2.980,214,24,40,,
T,2023-03-27 22:38:10,6.17896333,-75.58381000,1.60,1543.916,24.084,3.722,210,23,40,,
T,2023-03-27 22:38:11,6.17892500,-75.58383500,1.60,1543.416,24.084,4.889,215,27,40,,
T,2023-03-27 22:38:12,6.17888167,-75.58386500,1.60,1543.315,24.085,4.922,218,28,40,,
T,2023-03-27 22:38:13,6.17884333,-75.58389833,1.60,1543.415,24.085,5.191,220,29,40,,
T,2023-03-27 22:38:14,6.17880000,-75.58393500,1.60,1544.115,24.085,5.756,222,29,40,,
T,2023-03-27 22:38:15,6.17875167,-75.58397167,1.90,1544.915,24.085,5.737,223,27,40,,
T,2023-03-27 22:38:16,6.17871000,-75.58400500,2.00,1545.114,24.086,5.074,221,26,40,,
T,2023-03-27 22:38:17,6.17867333,-75.58403333,2.10,1545.314,24.086,4.500,216,26,40,,
T,2023-03-27 22:38:18,6.17864500,-75.58405333,2.20,1544.914,24.086,3.894,215,26,40,,
T,2023-03-27 22:38:19,6.17862333,-75.58407000,2.00,1545.114,24.086,3.111,220,26,40,,
T,2023-03-27 22:38:20,6.17860833,-75.58409000,2.10,1546.014,24.086,2.676,223,26,40,,
T,2023-03-27 22:38:21,6.17859167,-75.58411000,2.20,1547.014,24.086,2.461,223,26,40,,
T,2023-03-27 22:38:22,6.17857167,-75.58412833,2.20,1548.113,24.087,2.440,218,26,40,,
T,2023-03-27 22:38:23,6.17855333,-75.58414667,2.10,1549.913,24.087,2.104,217,26,40,,
T,2023-03-27 22:38:24,6.17853333,-75.58416000,2.10,1551.213,24.087,1.900,217,26,40,,
T,2023-03-27 22:38:25,6.17852000,-75.58419000,2.00,1552.513,24.087,2.210,231,27,40,,
T,2023-03-27 22:38:26,6.17850833,-75.58420833,2.00,1554.413,24.087,2.664,232,27,40,,
T,2023-03-27 22:38:27,6.17849333,-75.58422667,2.00,1555.313,24.087,2.369,237,25,40,,
T,2023-03-27 22:38:28,6.17848500,-75.58424500,1.90,1556.113,24.087,1.571,248,25,40,,
T,2023-03-27 22:38:29,6.17847500,-75.58425667,2.00,1556.913,24.087,1.138,248,25,40,,
T,2023-03-27 22:38:30,6.17846667,-75.58426833,2.00,1557.913,24.087,1.112,248,25,40,,
T,2023-03-27 22:38:31,6.17847000,-75.58429667,2.00,1557.812,24.088,1.564,262,25,40,,
T,2023-03-27 22:38:32,6.17847000,-75.58432167,2.00,1558.312,24.088,1.719,271,25,40,,
T,2023-03-27 22:38:33,6.17846167,-75.58434000,2.00,1558.412,24.088,1.700,249,25,40,,
T,2023-03-27 22:38:34,6.17843833,-75.58434833,2.00,1558.712,24.088,2.153,213,25,40,,
T,2023-03-27 22:38:35,6.17841333,-75.58435833,2.00,1559.212,24.088,2.292,208,25,40,,
T,2023-03-27 22:38:36,6.17838333,-75.58437667,2.00,1559.812,24.088,2.389,206,26,40,,
T,2023-03-27 22:38:37,6.17835333,-75.58439167,2.00,1560.812,24.088,3.282,213,26,40,,
T,2023-03-27 22:38:38,6.17830667,-75.58442333,2.10,1562.411,24.089,4.405,221,25,40,,
T,2023-03-27 22:38:39,6.17825000,-75.58445167,2.00,1564.011,24.089,5.636,214,26,40,,
T,2023-03-27 22:38:40,6.17818667,-75.58450000,2.00,1566.011,24.089,6.121,216,27,40,,
T,2023-03-27 22:38:41,6.17813500,-75.58453333,2.00,1566.411,24.089,5.504,213,26,40,,
T,2023-03-27 22:38:42,6.17808667,-75.58456167,2.00,1566.810,24.090,4.987,214,27,40,,
T,2023-03-27 22:38:43,6.17804833,-75.58458667,2.10,1567.010,24.090,4.017,215,27,40,,
T,2023-03-27 22:38:44,6.17801833,-75.58460333,2.10,1566.610,24.090,2.953,219,26,40,,
T,2023-03-27 22:38:45,6.17799667,-75.58461667,2.10,1566.610,24.090,1.492,219,26,40,,
T,2023-03-27 22:38:46,6.17798333,-75.58462333,2.00,1567.310,24.090,0.000,,27,40,,
T,2023-03-27 22:38:47,6.17799333,-75.58464000,1.90,1567.110,24.090,0.000,,27,40,,
T,2023-03-27 22:38:48,6.17799167,-75.58464667,1.90,1567.810,24.090,0.000,,27,40,,
T,2023-03-27 22:38:49,6.17799167,-75.58464667,1.80,1567.810,24.090,0.000,,27,40,,
T,2023-03-27 22:38:50,6.17799167,-75.58464667,1.80,1567.810,24.090,0.000,,27,40,,
T,2023-03-27 22:38:51,6.17799167,-75.58464667,1.70,1567.810,24.090,0.000,,28,40,,
T,2023-03-27 22:38:52,6.17799167,-75.58464667,1.70,1567.810,24.090,0.000,,28,40,,
T,2023-03-27 22:38:53,6.17799167,-75.58464667,1.70,1567.810,24.090,0.000,,28,40,,
T,2023-03-27 22:38:54,6.17799167,-75.58464667,1.70,1567.810,24.090,0.000,,28,40,,
T,2023-03-27 22:38:55,6.17799167,-75.58464667,1.70,1567.810,24.090,0.000,,28,40,,
T,2023-03-27 22:38:56,6.17799167,-75.58464667,1.70,1567.810,24.090,0.000,,28,40,,
T,2023-03-27 22:38:57,6.17799167,-75.58464667,1.60,1567.810,24.090,0.000,,28,40,,
T,2023-03-27 22:38:58,6.17799167,-75.58464667,1.60,1567.810,24.090,0.000,,27,40,,
T,2023-03-27 22:38:59,6.17799167,-75.58464667,1.60,1567.810,24.090,0.000,,27,40,,
T,2023-03-27 22:39:00,6.17799167,-75.58464667,1.60,1567.810,24.090,0.000,,27,40,,
T,2023-03-27 22:39:01,6.17799167,-75.58464667,1.60,1567.810,24.090,0.000,,27,40,,
T,2023-03-27 22:39:02,6.17799167,-75.58464667,1.60,1567.810,24.090,0.000,,26,40,,
T,2023-03-27 22:39:03,6.17799167,-75.58464667,1.60,1567.810,24.090,0.000,,26,40,,
T,2023-03-27 22:39:04,6.17799167,-75.58464667,1.70,1567.810,24.090,0.000,,27,40,,
T,2023-03-27 22:39:05,6.17799167,-75.58464667,1.70,1567.810,24.090,0.000,,27,40,,
T,2023-03-27 22:39:06,6.17799167,-75.58464667,1.70,1567.810,24.090,0.000,,26,40,,
T,2023-03-27 22:39:07,6.17799167,-75.58464667,1.80,1567.810,24.090,0.000,,27,40,,
T,2023-03-27 22:39:08,6.17799167,-75.58464667,1.80,1567.810,24.090,0.000,,28,40,,
T,2023-03-27 22:39:09,6.17799167,-75.58464667,1.90,1567.810,24.090,0.000,,28,40,,
T,2023-03-27 22:39:10,6.17790833,-75.58467667,1.90,1562.609,24.091,2.635,212,28,40,,
T,2023-03-27 22:39:11,6.17787333,-75.58470000,2.00,1562.109,24.091,3.951,215,28,40,,
T,2023-03-27 22:39:12,6.17782833,-75.58473500,2.10,1561.609,24.091,5.136,214,27,40,,
T,2023-03-27 22:39:13,6.17777667,-75.58476167,2.10,1561.209,24.091,5.234,210,27,40,,
T,2023-03-27 22:39:14,6.17772333,-75.58478667,2.20,1560.408,24.092,4.895,211,27,40,,
T,2023-03-27 22:39:15,6.17767833,-75.58480833,2.10,1559.408,24.092,5.231,206,27,40,,
T,2023-03-27 22:39:16,6.17763500,-75.58483833,2.10,1558.008,24.092,4.762,205,27,40,,
T,2023-03-27 22:39:17,6.17759833,-75.58486000,2.10,1557.108,24.092,4.537,214,27,40,,
T,2023-03-27 22:39:18,6.17756000,-75.58488833,2.00,1555.608,24.092,4.440,215,27,39,,
T,2023-03-27 22:39:19,6.17752000,-75.58492000,1.90,1553.607,24.093,4.546,215,27,39,,
T,2023-03-27 22:39:20,6.17747167,-75.58495000,1.90,1552.107,24.093,4.626,215,27,39,,
T,2023-03-27 22:39:21,6.17742500,-75.58498333,1.90,1550.707,24.093,5.194,216,28,39,,
T,2023-03-27 22:39:22,6.17737667,-75.58501667,1.90,1548.307,24.093,6.327,215,28,39,,
T,2023-03-27 22:39:23,6.17731667,-75.58505000,1.90,1546.706,24.094,6.943,212,28,39,,
T,2023-03-27 22:39:24,6.17726333,-75.58508667,1.80,1545.906,24.094,6.509,212,28,39,,
T,2023-03-27 22:39:25,6.17720667,-75.58513000,1.90,1546.206,24.094,6.337,214,28,39,,
T,2023-03-27 22:39:26,6.17715000,-75.58516833,1.80,1546.905,24.095,7.875,212,28,39,,
T,2023-03-27 22:39:27,6.17707833,-75.58520667,1.60,1547.705,24.095,8.799,207,26,39,,
T,2023-03-27 22:39:28,6.17700333,-75.58523833,1.60,1547.705,24.095,8.238,202,26,39,,
T,2023-03-27 22:39:29,6.17693667,-75.58526333,1.50,1547.304,24.096,7.304,197,26,39,,
T,2023-03-27 22:39:30,6.17686833,-75.58528167,1.50,1547.104,24.096,7.054,194,27,39,,
T,2023-03-27 22:39:31,6.17680500,-75.58529833,1.50,1546.804,24.096,6.640,194,27,39,,
T,2023-03-27 22:39:32,6.17674667,-75.58531167,1.50,1547.504,24.096,6.039,190,28,39,,
T,2023-03-27 22:39:33,6.17669000,-75.58533500,1.50,1548.404,24.096,5.825,206,28,39,,
T,2023-03-27 22:39:34,6.17663833,-75.58536667,1.50,1549.203,24.097,5.792,212,28,39,,
T,2023-03-27 22:39:35,6.17658667,-75.58540000,1.70,1549.203,24.097,5.293,215,28,39,,
T,2023-03-27 22:39:36,6.17654500,-75.58543000,1.80,1549.603,24.097,5.456,210,28,39,,
T,2023-03-27 22:39:37,6.17649667,-75.58545833,1.90,1550.302,24.098,6.824,208,28,39,,
T,2023-03-27 22:39:38,6.17643667,-75.58548500,1.80,1551.102,24.098,7.281,201,28,39,,
T,2023-03-27 22:39:39,6.17637667,-75.58551167,1.90,1551.302,24.098,7.282,202,28,39,,
T,2023-03-27 22:39:40,6.17631000,-75.58554167,1.90,1551.202,24.098,7.420,203,28,39,,
T,2023-03-27 22:39:41,6.17625500,-75.58556833,1.90,1550.001,24.099,7.096,204,28,39,,
T,2023-03-27 22:39:42,6.17619833,-75.58559833,1.70,1549.501,24.099,6.790,205,28,39,,
T,2023-03-27 22:39:43,6.17614667,-75.58562833,1.60,1549.301,24.099,6.063,206,28,39,,
T,2023-03-27 22:39:44,6.17610500,-75.58565167,1.50,1549.201,24.099,4.693,204,27,39,,
T,2023-03-27 22:39:45,6.17607000,-75.58566833,1.50,1548.801,24.099,3.740,202,28,39,,
T,2023-03-27 22:39:46,6.17603500,-75.58567833,1.40,1548.400,24.100,4.097,193,28,39,,
T,2023-03-27 22:39:47,6.17599500,-75.58568667,1.70,1548.500,24.100,4.475,201,27,39,,
T,2023-03-27 22:39:48,6.17595500,-75.58570000,1.60,1548.200,24.100,4.796,201,27,39,,
T,2023-03-27 22:39:49,6.17592000,-75.58571667,1.80,1548.200,24.100,5.783,211,28,39,,
T,2023-03-27 22:39:50,6.17587333,-75.58574000,1.80,1548.800,24.100,5.546,217,28,39,,
T,2023-03-27 22:39:51,6.17583000,-75.58576333,1.80,1548.600,24.100,5.200,210,28,39,,
T,2023-03-27 22:39:52,6.17578500,-75.58578833,1.80,1548.299,24.101,5.733,198,28,39,,
T,2023-03-27 22:39:53,6.17573833,-75.58580833,1.80,1548.899,24.101,4.923,199,27,39,,
T,2023-03-27 22:39:54,6.17570000,-75.58582167,1.80,1549.199,24.101,3.620,200,27,39,,
T,2023-03-27 22:39:55,6.17567667,-75.58583500,1.80,1550.199,24.101,2.946,206,27,39,,
T,2023-03-27 22:39:56,6.17566167,-75.58584500,1.80,1550.599,24.101,1.865,203,27,39,,
T,2023-03-27 22:39:57,6.17565500,-75.58585167,1.70,1550.199,24.101,0.000,,27,39,,
T,2023-03-27 22:39:58,6.17565500,-75.58585167,1.80,1550.399,24.101,0.000,,27,39,,
T,2023-03-27 22:39:59,6.17565500,-75.58585333,1.80,1550.299,24.101,0.000,,25,39,,
T,2023-03-27 22:40:00,6.17565500,-75.58585333,1.80,1550.299,24.101,0.000,,25,39,,
T,2023-03-27 22:40:01,6.17565500,-75.58585333,1.80,1550.299,24.101,0.000,,26,39,,
T,2023-03-27 22:40:02,6.17565500,-75.58585333,1.70,1550.299,24.101,0.000,,26,39,,
T,2023-03-27 22:40:03,6.17565500,-75.58585333,1.70,1550.299,24.101,0.000,,25,39,,
T,2023-03-27 22:40:04,6.17565500,-75.58585333,1.70,1550.299,24.101,0.000,,26,39,,
T,2023-03-27 22:40:05,6.17565500,-75.58585333,1.70,1550.299,24.101,0.000,,26,39,,
T,2023-03-27 22:40:06,6.17565500,-75.58585333,1.70,1550.299,24.101,0.000,,26,39,,
T,2023-03-27 22:40:07,6.17565500,-75.58585333,1.70,1550.299,24.101,0.000,,26,39,,
T,2023-03-27 22:40:08,6.17565500,-75.58585333,1.70,1550.299,24.101,0.000,,26,39,,
T,2023-03-27 22:40:09,6.17565500,-75.58585333,1.70,1550.299,24.101,0.000,,27,39,,
T,2023-03-27 22:40:10,6.17565500,-75.58585333,1.70,1550.299,24.101,0.000,,27,39,,
T,2023-03-27 22:40:11,6.17565500,-75.58585333,1.70,1550.299,24.101,0.000,,27,39,,
T,2023-03-27 22:40:12,6.17565500,-75.58585333,1.70,1550.299,24.101,0.000,,26,39,,
T,2023-03-27 22:40:13,6.17565500,-75.58585333,1.60,1550.299,24.101,0.000,,26,39,,
T,2023-03-27 22:40:14,6.17565500,-75.58585333,1.60,1550.299,24.101,0.000,,25,39,,
T,2023-03-27 22:40:15,6.17565500,-75.58585333,1.60,1550.299,24.101,0.000,,26,39,,
T,2023-03-27 22:40:16,6.17565500,-75.58585333,1.60,1550.299,24.101,0.000,,26,39,,
T,2023-03-27 22:40:17,6.17565500,-75.58585333,1.60,1550.299,24.101,0.000,,26,39,,
T,2023-03-27 22:40:18,6.17565500,-75.58585333,1.50,1550.299,24.101,0.000,,26,39,,
T,2023-03-27 22:40:19,6.17565500,-75.58585333,1.50,1550.299,24.101,0.000,,26,39,,
T,2023-03-27 22:40:20,6.17565500,-75.58585333,1.40,1550.299,24.101,0.000,,26,39,,
T,2023-03-27 22:40:21,6.17565500,-75.58585333,1.40,1550.299,24.101,0.000,,26,39,,
T,2023-03-27 22:40:22,6.17565500,-75.58585333,1.40,1550.299,24.101,0.000,,27,39,,
T,2023-03-27 22:40:23,6.17565500,-75.58585333,1.40,1550.299,24.101,0.000,,27,39,,
T,2023-03-27 22:40:24,6.17565500,-75.58585333,1.40,1550.299,24.101,0.000,,26,39,,
T,2023-03-27 22:40:25,6.17565500,-75.58585333,1.30,1550.299,24.101,0.000,,27,39,,
T,2023-03-27 22:40:26,6.17565500,-75.58585333,1.30,1550.299,24.101,0.000,,27,39,,
T,2023-03-27 22:40:27,6.17565500,-75.58585333,1.30,1550.299,24.101,0.000,,27,39,,
T,2023-03-27 22:40:28,6.17565500,-75.58585333,1.30,1550.299,24.101,0.000,,27,39,,
T,2023-03-27 22:40:29,6.17565500,-75.58585333,1.40,1550.299,24.101,0.000,,27,39,,
T,2023-03-27 22:40:30,6.17565500,-75.58585333,1.60,1550.299,24.101,0.000,,27,39,,
T,2023-03-27 22:40:31,6.17558167,-75.58587833,1.70,1543.299,24.101,3.523,199,27,39,,
T,2023-03-27 22:40:32,6.17553667,-75.58590667,1.80,1543.598,24.102,5.007,201,27,39,,
T,2023-03-27 22:40:33,6.17548833,-75.58593167,1.90,1544.298,24.102,5.920,204,28,39,,
T,2023-03-27 22:40:34,6.17543000,-75.58595833,1.90,1545.398,24.102,7.499,207,28,39,,
T,2023-03-27 22:40:35,6.17535167,-75.58599333,2.00,1546.597,24.103,8.977,204,28,39,,
T,2023-03-27 22:40:36,6.17525833,-75.58603167,2.10,1547.197,24.103,10.592,200,28,39,,
T,2023-03-27 22:40:37,6.17514500,-75.58607500,2.10,1547.597,24.103,12.433,201,28,39,,
T,2023-03-27 22:40:38,6.17501500,-75.58611167,2.00,1548.196,24.104,13.767,202,28,39,,
T,2023-03-27 22:40:39,6.17489333,-75.58616167,1.90,1549.696,24.104,14.476,203,28,39,,
T,2023-03-27 22:40:40,6.17476333,-75.58621000,2.00,1550.195,24.105,15.112,201,27,39,,
T,2023-03-27 22:40:41,6.17462500,-75.58625667,2.00,1551.095,24.105,15.621,201,27,39,,
T,2023-03-27 22:40:42,6.17449333,-75.58630500,2.00,1551.494,24.106,15.922,201,28,39,,
T,2023-03-27 22:40:43,6.17436167,-75.58636333,2.00,1551.194,24.106,15.571,201,28,39,,
T,2023-03-27 22:40:44,6.17422167,-75.58641000,2.00,1550.393,24.107,15.341,201,28,39,,
T,2023-03-27 22:40:45,6.17410000,-75.58645333,1.90,1551.193,24.107,15.167,204,28,39,,
T,2023-03-27 22:40:46,6.17398000,-75.58651167,1.90,1551.792,24.108,14.603,204,28,39,,
T,2023-03-27 22:40:47,6.17386833,-75.58656333,1.90,1551.992,24.108,13.472,205,28,39,,
T,2023-03-27 22:40:48,6.17376833,-75.58662000,1.90,1554.491,24.109,11.770,209,28,39,,
T,2023-03-27 22:40:49,6.17368667,-75.58667667,2.00,1555.891,24.109,10.398,210,28,39,,
T,2023-03-27 22:40:50,6.17362000,-75.58672333,2.00,1555.790,24.110,8.594,210,28,39,,
T,2023-03-27 22:40:51,6.17356333,-75.58676333,1.90,1555.690,24.110,7.415,212,28,39,,
T,2023-03-27 22:40:52,6.17350833,-75.58680333,1.90,1555.790,24.110,7.438,214,28,39,,
T,2023-03-27 22:40:53,6.17345333,-75.58684000,2.00,1556.689,24.111,8.284,214,27,39,,
T,2023-03-27 22:40:54,6.17337500,-75.58688000,2.00,1557.989,24.111,9.823,214,27,39,,
T,2023-03-27 22:40:55,6.17329333,-75.58694000,1.80,1558.789,24.111,11.680,214,27,39,,
T,2023-03-27 22:40:56,6.17319667,-75.58700667,1.70,1559.088,24.112,13.376,214,27,39,,
T,2023-03-27 22:40:57,6.17309000,-75.58708167,2.10,1560.287,24.113,14.568,213,27,39,,
T,2023-03-27 22:40:58,6.17297667,-75.58715833,1.90,1561.087,24.113,15.556,214,26,39,,
T,2023-03-27 22:40:59,6.17285500,-75.58725000,2.00,1560.086,24.114,16.073,213,26,39,,
T,2023-03-27 22:41:00,6.17273667,-75.58733167,2.10,1560.785,24.115,16.104,214,26,39,,
T,2023-03-27 22:41:01,6.17261667,-75.58741333,2.20,1561.185,24.115,16.317,214,26,39,,
T,2023-03-27 22:41:02,6.17249500,-75.58749667,2.00,1562.384,24.116,15.958,214,26,39,,
T,2023-03-27 22:41:03,6.17238000,-75.58758167,2.10,1562.283,24.117,15.612,214,26,39,,
T,2023-03-27 22:41:04,6.17225667,-75.58766667,2.00,1562.483,24.117,15.603,214,26,39,,
T,2023-03-27 22:41:05,6.17214333,-75.58775333,2.10,1562.182,24.118,15.619,214,26,39,,
T,2023-03-27 22:41:06,6.17202333,-75.58782500,2.10,1561.381,24.119,15.468,212,26,39,,
T,2023-03-27 22:41:07,6.17190500,-75.58789167,2.10,1561.681,24.119,14.757,213,26,39,,
T,2023-03-27 22:41:08,6.17178833,-75.58795667,2.00,1562.480,24.120,14.255,213,26,39,,
T,2023-03-27 22:41:09,6.17168333,-75.58803000,2.00,1563.780,24.120,13.416,211,26,39,,
T,2023-03-27 22:41:10,6.17158167,-75.58808500,1.80,1563.279,24.121,13.937,215,26,39,,
T,2023-03-27 22:41:11,6.17147333,-75.58815667,2.00,1561.979,24.121,14.231,213,26,39,,
T,2023-03-27 22:41:12,6.17136167,-75.58823333,2.00,1561.778,24.122,14.358,214,26,39,,
T,2023-03-27 22:41:13,6.17125000,-75.58829667,2.00,1563.377,24.123,14.090,213,26,39,,
T,2023-03-27 22:41:14,6.17114333,-75.58836500,1.90,1564.277,24.123,13.687,213,27,39,,
T,2023-03-27 22:41:15,6.17104500,-75.58843333,2.00,1564.476,24.124,13.812,213,27,39,,
T,2023-03-27 22:41:16,6.17094333,-75.58850167,2.00,1565.076,24.124,13.840,211,27,39,,
T,2023-03-27 22:41:17,6.17082833,-75.58857000,2.00,1564.075,24.125,14.188,211,26,39,,
T,2023-03-27 22:41:18,6.17072167,-75.58863167,2.00,1564.375,24.125,13.432,212,27,39,,
T,2023-03-27 22:41:19,6.17061833,-75.58870000,2.00,1564.674,24.126,13.440,213,27,39,,
T,2023-03-27 22:41:20,6.17052000,-75.58875500,2.00,1564.174,24.126,11.923,212,27,39,,
T,2023-03-27 22:41:21,6.17044167,-75.58881333,2.00,1563.573,24.127,10.746,214,27,39,,
T,2023-03-27 22:41:22,6.17036167,-75.58887333,1.80,1562.673,24.127,10.561,216,28,39,,
T,2023-03-27 22:41:23,6.17028333,-75.58893167,2.00,1563.272,24.128,10.315,214,28,39,,
T,2023-03-27 22:41:24,6.17021000,-75.58899000,2.00,1564.372,24.128,10.220,214,28,39,,
T,2023-03-27 22:41:25,6.17014000,-75.58904000,2.00,1565.271,24.129,9.961,216,28,39,,
T,2023-03-27 22:41:26,6.17007167,-75.58909500,2.00,1566.871,24.129,9.302,213,28,39,,
T,2023-03-27 22:41:27,6.17000500,-75.58913500,2.10,1568.171,24.129,9.435,213,28,39,,
T,2023-03-27 22:41:28,6.16993167,-75.58918333,1.90,1568.770,24.130,9.625,213,28,39,,
T,2023-03-27 22:41:29,6.16985000,-75.58923667,1.70,1568.570,24.130,10.734,213,28,39,,
T,2023-03-27 22:41:30,6.16975667,-75.58928167,1.90,1569.369,24.131,11.273,213,28,39,,
T,2023-03-27 22:41:31,6.16966500,-75.58933667,2.00,1570.469,24.131,12.138,212,27,39,,
T,2023-03-27 22:41:32,6.16957000,-75.58939667,2.10,1571.268,24.132,12.409,212,27,39,,
T,2023-03-27 22:41:33,6.16946667,-75.58945833,2.10,1572.168,24.132,12.613,211,27,39,,
T,2023-03-27 22:41:34,6.16937333,-75.58951833,2.10,1572.667,24.133,12.793,213,28,39,,
T,2023-03-27 22:41:35,6.16927000,-75.58958500,2.10,1571.567,24.133,12.249,211,28,39,,
T,2023-03-27 22:41:36,6.16918000,-75.58964333,1.90,1571.866,24.134,11.457,213,28,39,,
T,2023-03-27 22:41:37,6.16909333,-75.58970000,2.00,1571.266,24.134,11.220,215,28,39,,
T,2023-03-27 22:41:38,6.16901500,-75.58975500,2.00,1570.465,24.135,11.197,215,28,39,,
T,2023-03-27 22:41:39,6.16893167,-75.58980833,2.10,1570.265,24.135,11.174,213,28,39,,
T,2023-03-27 22:41:40,6.16884667,-75.58986833,2.10,1569.465,24.135,10.942,215,28,39,,
T,2023-03-27 22:41:41,6.16874500,-75.58992333,2.10,1568.164,24.136,11.949,213,28,39,,
T,2023-03-27 22:41:42,6.16863833,-75.58997833,2.00,1566.164,24.136,12.448,210,28,39,,
T,2023-03-27 22:41:43,6.16853667,-75.59003000,1.80,1565.163,24.137,12.235,207,28,39,,
T,2023-03-27 22:41:44,6.16843833,-75.59007667,2.00,1564.963,24.137,11.203,204,27,39,,
T,2023-03-27 22:41:45,6.16835333,-75.59011333,2.10,1562.962,24.138,10.212,206,27,39,,
T,2023-03-27 22:41:46,6.16827333,-75.59014833,2.00,1561.162,24.138,9.129,206,27,39,,
T,2023-03-27 22:41:47,6.16820000,-75.59018167,2.00,1559.662,24.138,8.150,208,27,39,,
T,2023-03-27 22:41:48,6.16814500,-75.59021667,1.90,1559.161,24.139,7.099,211,27,39,,
T,2023-03-27 22:41:49,6.16811333,-75.59026333,2.00,1559.261,24.139,6.366,220,26,39,,
T,2023-03-27 22:41:50,6.16810167,-75.59030500,2.00,1559.361,24.139,5.375,239,25,39,,
T,2023-03-27 22:41:51,6.16809500,-75.59036000,1.80,1559.561,24.139,6.409,251,26,39,,
T,2023-03-27 22:41:52,6.16809167,-75.59042333,1.80,1559.660,24.140,6.901,263,25,39,,
T,2023-03-27 22:41:53,6.16810000,-75.59050000,2.00,1559.760,24.140,7.492,268,23,39,,
T,2023-03-27 22:41:54,6.16812333,-75.59058667,2.00,1560.059,24.141,9.115,280,23,39,,
T,2023-03-27 22:41:55,6.16815000,-75.59068833,2.00,1559.859,24.141,10.907,283,22,39,,
T,2023-03-27 22:41:56,6.16818000,-75.59079833,2.00,1560.158,24.142,11.640,283,21,39,,
T,2023-03-27 22:41:57,6.16820167,-75.59089500,2.00,1560.358,24.142,10.521,283,23,39,,
T,2023-03-27 22:41:58,6.16822000,-75.59098000,2.30,1560.958,24.142,8.822,280,20,39,,
T,2023-03-27 22:41:59,6.16822833,-75.59103833,2.40,1561.457,24.143,7.689,281,20,39,,
T,2023-03-27 22:42:00,6.16823667,-75.59108500,2.50,1562.457,24.143,6.780,280,19,39,,
T,2023-03-27 22:42:01,6.16824833,-75.59111167,2.40,1563.057,24.143,5.546,283,20,39,,
T,2023-03-27 22:42:02,6.16826000,-75.59115167,2.30,1563.757,24.143,5.684,284,19,39,,
T,2023-03-27 22:42:03,6.16827167,-75.59120333,2.30,1564.856,24.144,6.377,284,19,39,,
T,2023-03-27 22:42:04,6.16828333,-75.59125833,2.30,1565.456,24.144,6.524,282,19,39,,
T,2023-03-27 22:42:05,6.16829667,-75.59131833,2.20,1566.656,24.144,6.776,281,21,39,,
T,2023-03-27 22:42:06,6.16830833,-75.59139000,2.30,1567.456,24.144,7.679,277,21,39,,
T,2023-03-27 22:42:07,6.16832333,-75.59146500,2.20,1568.055,24.145,7.913,280,23,39,,
T,2023-03-27 22:42:08,6.16834500,-75.59152833,2.20,1567.555,24.145,7.154,287,23,39,,
T,2023-03-27 22:42:09,6.16836833,-75.59158000,2.30,1567.455,24.145,5.892,286,23,39,,
T,2023-03-27 22:42:10,6.16837000,-75.59162167,2.30,1567.054,24.146,4.349,276,23,39,,
T,2023-03-27 22:42:11,6.16837500,-75.59165667,2.20,1566.854,24.146,3.526,276,22,39,,
T,2023-03-27 22:42:12,6.16839000,-75.59169667,2.00,1565.654,24.146,4.756,287,22,39,,
T,2023-03-27 22:42:13,6.16840667,-75.59174667,2.00,1565.154,24.146,6.117,287,23,39,,
T,2023-03-27 22:42:14,6.16842000,-75.59181000,2.00,1565.854,24.146,7.521,285,23,39,,
T,2023-03-27 22:42:15,6.16845333,-75.59189833,2.00,1564.853,24.147,9.276,281,24,39,,
T,2023-03-27 22:42:16,6.16848500,-75.59199500,1.90,1564.453,24.147,10.545,286,24,39,,
T,2023-03-27 22:42:17,6.16851833,-75.59209333,1.90,1563.852,24.148,11.315,285,23,39,,
T,2023-03-27 22:42:18,6.16854500,-75.59220167,1.90,1563.452,24.148,11.473,284,22,39,,
T,2023-03-27 22:42:19,6.16856167,-75.59230500,1.90,1563.151,24.149,10.781,280,24,39,,
T,2023-03-27 22:42:20,6.16857667,-75.59240500,1.80,1562.651,24.149,10.238,280,24,39,,
T,2023-03-27 22:42:21,6.16859167,-75.59249333,1.80,1562.650,24.150,9.615,281,23,39,,
T,2023-03-27 22:42:22,6.16860333,-75.59257000,1.80,1563.050,24.150,8.079,281,22,39,,
T,2023-03-27 22:42:23,6.16862667,-75.59264333,2.00,1562.650,24.150,7.476,279,23,39,,
T,2023-03-27 22:42:24,6.16864500,-75.59269833,2.00,1561.849,24.151,6.077,276,24,39,,
T,2023-03-27 22:42:25,6.16864667,-75.59273500,2.00,1560.949,24.151,4.541,277,25,39,,
T,2023-03-27 22:42:26,6.16866500,-75.59279000,2.00,1559.249,24.151,4.509,276,25,39,,
T,2023-03-27 22:42:27,6.16867000,-75.59284000,2.00,1557.849,24.151,5.721,280,25,39,,
T,2023-03-27 22:42:28,6.16867667,-75.59290167,2.00,1556.848,24.152,7.540,282,25,39,,
T,2023-03-27 22:42:29,6.16868833,-75.59298500,2.00,1557.848,24.152,8.903,283,25,39,,
T,2023-03-27 22:42:30,6.16870500,-75.59308000,2.00,1556.347,24.153,9.950,283,25,39,,
T,2023-03-27 22:42:31,6.16872500,-75.59317833,2.10,1555.947,24.153,10.565,282,25,39,,
T,2023-03-27 22:42:32,6.16875000,-75.59327167,2.30,1555.747,24.153,10.410,285,25,39,,
T,2023-03-27 22:42:33,6.16877167,-75.59336000,2.10,1556.246,24.154,9.433,283,26,39,,
T,2023-03-27 22:42:34,6.16879500,-75.59344667,2.30,1556.546,24.154,9.909,282,26,39,,
T,2023-03-27 22:42:35,6.16882333,-75.59353667,2.30,1557.745,24.155,10.101,286,26,39,,
T,2023-03-27 22:42:36,6.16885667,-75.59362167,2.20,1557.945,24.155,9.356,289,26,39,,
T,2023-03-27 22:42:37,6.16889500,-75.59369500,2.30,1556.645,24.155,8.887,292,25,39,,
T,2023-03-27 22:42:38,6.16892667,-75.59377333,2.20,1556.144,24.156,8.574,290,25,39,,
T,2023-03-27 22:42:39,6.16894833,-75.59384500,2.00,1556.544,24.156,8.765,290,24,39,,
T,2023-03-27 22:42:40,6.16897833,-75.59392833,1.90,1554.944,24.156,8.768,292,24,39,,
T,2023-03-27 22:42:41,6.16901333,-75.59400667,2.10,1552.843,24.157,8.555,290,23,39,,
T,2023-03-27 22:42:42,6.16903333,-75.59408167,2.00,1551.743,24.157,7.346,289,23,39,,
T,2023-03-27 22:42:43,6.16904667,-75.59413833,1.90,1549.643,24.157,5.348,286,23,39,,
T,2023-03-27 22:42:44,6.16906000,-75.59417667,1.90,1549.142,24.158,4.263,288,23,39,,
T,2023-03-27 22:42:45,6.16907667,-75.59420000,1.90,1548.942,24.158,3.447,291,23,39,,
T,2023-03-27 22:42:46,6.16909167,-75.59422167,1.80,1548.542,24.158,3.213,289,22,39,,
T,2023-03-27 22:42:47,6.16910333,-75.59425167,1.70,1548.442,24.158,4.033,277,25,39,,
T,2023-03-27 22:42:48,6.16910000,-75.59428833,1.70,1547.942,24.158,4.277,265,26,39,,
T,2023-03-27 22:42:49,6.16908833,-75.59432167,1.70,1547.142,24.158,3.334,252,26,39,,
T,2023-03-27 22:42:50,6.16907167,-75.59434833,1.70,1546.842,24.158,3.557,238,25,39,,
T,2023-03-27 22:42:51,6.16904667,-75.59436833,1.90,1546.741,24.159,3.937,221,26,39,,
T,2023-03-27 22:42:52,6.16901167,-75.59439167,2.10,1547.041,24.159,4.983,219,25,39,,
T,2023-03-27 22:42:53,6.16896500,-75.59442167,2.30,1547.441,24.159,5.315,217,25,39,,
T,2023-03-27 22:42:54,6.16891000,-75.59444833,2.30,1547.741,24.159,6.157,210,26,39,,
T,2023-03-27 22:42:55,6.16884000,-75.59449333,2.40,1548.440,24.160,7.635,211,24,39,,
T,2023-03-27 22:42:56,6.16876667,-75.59454833,2.50,1548.840,24.160,8.948,215,24,39,,
T,2023-03-27 22:42:57,6.16868000,-75.59459500,2.40,1549.040,24.160,10.033,214,26,39,,
T,2023-03-27 22:42:58,6.16858833,-75.59465167,2.30,1548.939,24.161,10.173,213,26,39,,
T,2023-03-27 22:42:59,6.16850000,-75.59469833,2.20,1548.039,24.161,8.934,207,25,39,,
T,2023-03-27 22:43:00,6.16841833,-75.59472667,2.00,1548.138,24.162,7.931,206,25,39,,
T,2023-03-27 22:43:01,6.16834167,-75.59474500,2.20,1548.638,24.162,7.194,205,25,39,,
T,2023-03-27 22:43:02,6.16827000,-75.59475667,2.00,1549.138,24.162,6.536,199,26,39,,
T,2023-03-27 22:43:03,6.16820333,-75.59477167,1.80,1548.038,24.162,7.168,198,26,39,,
T,2023-03-27 22:43:04,6.16812833,-75.59478833,1.70,1547.237,24.163,8.122,199,26,39,,
T,2023-03-27 22:43:05,6.16804167,-75.59481333,2.00,1545.737,24.163,9.170,197,26,39,,
T,2023-03-27 22:43:06,6.16794167,-75.59484500,2.20,1544.737,24.163,10.143,198,25,39,,
T,2023-03-27 22:43:07,6.16783333,-75.59488500,2.20,1543.036,24.164,11.469,201,24,39,,
T,2023-03-27 22:43:08,6.16772500,-75.59492833,2.10,1541.936,24.164,12.012,201,24,39,,
T,2023-03-27 22:43:09,6.16762333,-75.59497333,2.20,1540.535,24.165,10.902,202,24,39,,
T,2023-03-27 22:43:10,6.16753333,-75.59500833,2.20,1539.335,24.165,9.490,202,23,39,,
T,2023-03-27 22:43:11,6.16745667,-75.59503500,2.00,1537.935,24.165,8.335,199,24,39,,
T,2023-03-27 22:43:12,6.16738833,-75.59505667,2.10,1537.435,24.165,6.714,198,24,39,,
T,2023-03-27 22:43:13,6.16734667,-75.59507500,1.90,1536.434,24.166,4.950,200,25,39,,
T,2023-03-27 22:43:14,6.16731667,-75.59509167,1.90,1536.534,24.166,4.205,204,25,39,,
T,2023-03-27 22:43:15,6.16729167,-75.59511833,1.80,1537.134,24.166,4.292,220,25,39,,
T,2023-03-27 22:43:16,6.16727167,-75.59515000,2.00,1537.334,24.166,4.640,230,26,39,,
T,2023-03-27 22:43:17,6.16726833,-75.59519167,2.10,1538.034,24.166,4.751,247,25,39,,
T,2023-03-27 22:43:18,6.16726667,-75.59523833,2.20,1538.433,24.167,5.135,260,25,39,,
T,2023-03-27 22:43:19,6.16728000,-75.59530667,2.30,1538.833,24.167,6.447,265,26,39,,
T,2023-03-27 22:43:20,6.16731000,-75.59539500,2.40,1539.333,24.167,7.775,277,24,39,,
T,2023-03-27 22:43:21,6.16734333,-75.59549167,2.40,1540.332,24.168,8.787,281,24,39,,
T,2023-03-27 22:43:22,6.16738500,-75.59558667,2.40,1541.432,24.168,8.937,286,25,39,,
T,2023-03-27 22:43:23,6.16742000,-75.59567000,2.20,1542.131,24.169,8.472,285,24,39,,
T,2023-03-27 22:43:24,6.16744667,-75.59574333,2.30,1542.831,24.169,7.375,287,25,39,,
T,2023-03-27 22:43:25,6.16747000,-75.59581500,2.10,1543.331,24.169,6.542,286,24,39,,
T,2023-03-27 22:43:26,6.16748333,-75.59587167,2.00,1543.131,24.169,5.798,287,25,39,,
T,2023-03-27 22:43:27,6.16750000,-75.59592000,2.10,1542.830,24.170,4.976,288,24,39,,
T,2023-03-27 22:43:28,6.16751833,-75.59596000,2.00,1543.130,24.170,4.267,295,25,39,,
T,2023-03-27 22:43:29,6.16753833,-75.59600000,1.90,1543.130,24.170,3.882,284,26,39,,
T,2023-03-27 22:43:30,6.16754167,-75.59602667,1.80,1543.630,24.170,3.575,274,24,39,,
T,2023-03-27 22:43:31,6.16753833,-75.59605000,2.00,1543.530,24.170,2.795,268,25,39,,
T,2023-03-27 22:43:32,6.16751833,-75.59607333,2.00,1543.930,24.170,3.344,247,26,39,,
T,2023-03-27 22:43:33,6.16749167,-75.59610500,2.00,1544.329,24.171,4.408,237,26,39,,
T,2023-03-27 22:43:34,6.16744333,-75.59613500,1.90,1544.629,24.171,5.878,219,26,39,,
T,2023-03-27 22:43:35,6.16736167,-75.59616833,2.10,1544.729,24.171,8.033,208,26,39,,
T,2023-03-27 22:43:36,6.16725667,-75.59620333,2.20,1545.128,24.172,9.940,202,26,39,,
T,2023-03-27 22:43:37,6.16713667,-75.59623167,2.20,1545.828,24.172,11.472,199,26,39,,
T,2023-03-27 22:43:38,6.16701833,-75.59626500,2.00,1546.128,24.172,12.475,198,26,39,,
T,2023-03-27 22:43:39,6.16690000,-75.59629667,1.80,1546.027,24.173,13.294,197,26,39,,
T,2023-03-27 22:43:40,6.16678167,-75.59634333,2.10,1549.527,24.173,12.995,201,24,39,,
T,2023-03-27 22:43:41,6.16666833,-75.59639500,2.10,1548.926,24.174,12.452,198,25,39,,
T,2023-03-27 22:43:42,6.16656000,-75.59643500,1.90,1548.326,24.174,11.686,200,25,39,,
T,2023-03-27 22:43:43,6.16646333,-75.59648000,2.10,1548.125,24.175,11.233,206,25,39,,
T,2023-03-27 22:43:44,6.16638333,-75.59653333,2.10,1547.225,24.175,11.088,216,26,39,,
T,2023-03-27 22:43:45,6.16631167,-75.59660000,2.20,1547.024,24.176,10.550,222,27,39,,
T,2023-03-27 22:43:46,6.16623833,-75.59666000,2.00,1546.324,24.176,10.873,227,26,39,,
T,2023-03-27 22:43:47,6.16617500,-75.59672833,2.10,1546.423,24.177,10.320,225,26,39,,
T,2023-03-27 22:43:48,6.16611000,-75.59678333,2.00,1546.823,24.177,8.386,224,26,39,,
T,2023-03-27 22:43:49,6.16607500,-75.59682667,2.00,1547.023,24.177,6.472,227,26,39,,
T,2023-03-27 22:43:50,6.16605000,-75.59685333,2.00,1546.723,24.177,4.266,228,26,39,,
T,2023-03-27 22:43:51,6.16602667,-75.59687667,1.90,1546.922,24.178,5.027,222,27,39,,
T,2023-03-27 22:43:52,6.16599000,-75.59691333,1.90,1547.322,24.178,6.836,222,27,39,,
T,2023-03-27 22:43:53,6.16593333,-75.59697500,2.00,1547.722,24.178,8.715,225,26,39,,
T,2023-03-27 22:43:54,6.16587167,-75.59703500,2.00,1547.621,24.179,9.290,223,27,39,,
T,2023-03-27 22:43:55,6.16580833,-75.59709500,2.10,1548.021,24.179,9.308,225,27,39,,
T,2023-03-27 22:43:56,6.16574500,-75.59714833,2.00,1549.720,24.180,8.157,223,27,39,,
T,2023-03-27 22:43:57,6.16569500,-75.59718667,2.00,1550.520,24.180,7.038,220,27,39,,
T,2023-03-27 22:43:58,6.16565167,-75.59721500,2.00,1551.020,24.180,6.246,215,27,39,,
T,2023-03-27 22:43:59,6.16562000,-75.59724667,2.00,1551.020,24.180,5.823,219,26,39,,
T,2023-03-27 22:44:00,6.16558500,-75.59727500,1.90,1550.719,24.181,4.654,219,25,39,,
T,2023-03-27 22:44:01,6.16555667,-75.59729167,1.80,1549.919,24.181,3.616,204,26,39,,
T,2023-03-27 22:44:02,6.16552833,-75.59729833,1.80,1549.019,24.181,3.429,191,25,39,,
T,2023-03-27 22:44:03,6.16551000,-75.59729167,1.90,1548.919,24.181,2.119,177,24,39,,
T,2023-03-27 22:44:04,6.16550333,-75.59728500,1.80,1549.619,24.181,1.180,177,27,39,,
T,2023-03-27 22:44:05,6.16550500,-75.59729000,1.80,1550.219,24.181,0.000,,27,39,,
T,2023-03-27 22:44:06,6.16551167,-75.59729500,1.70,1550.619,24.181,0.000,,26,39,,
T,2023-03-27 22:44:07,6.16551500,-75.59729667,1.70,1550.719,24.181,0.000,,26,39,,
T,2023-03-27 22:44:08,6.16551500,-75.59729667,1.60,1550.719,24.181,0.000,,26,39,,
T,2023-03-27 22:44:09,6.16551500,-75.59729667,1.60,1550.719,24.181,0.000,,24,39,,
T,2023-03-27 22:44:10,6.16551500,-75.59729667,1.50,1550.719,24.181,0.000,,24,39,,
T,2023-03-27 22:44:11,6.16551500,-75.59729667,1.50,1550.719,24.181,0.000,,21,39,,
T,2023-03-27 22:44:12,6.16551500,-75.59729667,1.60,1550.719,24.181,0.000,,23,39,,
T,2023-03-27 22:44:13,6.16551500,-75.59729667,1.50,1550.719,24.181,0.000,,23,39,,
T,2023-03-27 22:44:14,6.16551500,-75.59729667,1.60,1550.719,24.181,0.000,,24,39,,
T,2023-03-27 22:44:15,6.16551500,-75.59729667,1.60,1550.719,24.181,0.000,,23,39,,
T,2023-03-27 22:44:16,6.16551500,-75.59729667,1.60,1550.719,24.181,0.000,,23,39,,
T,2023-03-27 22:44:17,6.16551500,-75.59729667,1.60,1550.719,24.181,0.000,,23,39,,
T,2023-03-27 22:44:18,6.16551500,-75.59729667,1.60,1550.719,24.181,0.000,,23,39,,
T,2023-03-27 22:44:19,6.16551500,-75.59729667,1.50,1550.719,24.181,0.000,,24,39,,
T,2023-03-27 22:44:20,6.16551500,-75.59729667,1.50,1550.719,24.181,0.000,,24,39,,
T,2023-03-27 22:44:21,6.16551500,-75.59729667,1.10,1550.719,24.181,0.000,,24,39,,
T,2023-03-27 22:44:22,6.16551500,-75.59729667,1.00,1550.719,24.181,0.000,,24,39,,
T,2023-03-27 22:44:23,6.16551500,-75.59729667,1.00,1550.719,24.181,0.000,,24,39,,
T,2023-03-27 22:44:24,6.16551500,-75.59729667,1.10,1550.719,24.181,0.000,,24,39,,
T,2023-03-27 22:44:25,6.16551500,-75.59729667,1.20,1550.719,24.181,0.000,,23,39,,
T,2023-03-27 22:44:26,6.16551500,-75.59729667,1.30,1550.719,24.181,0.000,,24,39,,
T,2023-03-27 22:44:27,6.16551500,-75.59729667,1.30,1550.719,24.181,0.000,,24,39,,
T,2023-03-27 22:44:28,6.16551500,-75.59729667,1.40,1550.719,24.181,0.000,,24,39,,
T,2023-03-27 22:44:29,6.16551500,-75.59729667,1.50,1550.719,24.181,0.000,,23,39,,
T,2023-03-27 22:44:30,6.16551500,-75.59729667,1.70,1550.719,24.181,0.000,,23,39,,
T,2023-03-27 22:44:31,6.16551500,-75.59729667,1.90,1550.719,24.181,0.000,,24,39,,
T,2023-03-27 22:44:32,6.16551500,-75.59729667,2.00,1550.719,24.181,0.000,,25,39,,
T,2023-03-27 22:44:33,6.16551500,-75.59729667,2.00,1550.719,24.181,0.000,,23,39,,
T,2023-03-27 22:44:34,6.16551500,-75.59729667,2.10,1550.719,24.181,0.000,,24,39,,
T,2023-03-27 22:44:35,6.16551500,-75.59729667,2.20,1550.719,24.181,0.000,,23,39,,
T,2023-03-27 22:44:36,6.16551500,-75.59729667,2.20,1550.719,24.181,0.000,,25,39,,
T,2023-03-27 22:44:37,6.16551500,-75.59729667,2.20,1550.719,24.181,0.000,,24,39,,
T,2023-03-27 22:44:38,6.16551500,-75.59729667,2.00,1550.719,24.181,0.000,,23,39,,
