type,date time,latitude,longitude,accuracy(m),altitude(m),geoid_height(m),speed(m/s),bearing(deg),sat_used,sat_inview,name,desc
T,2023-03-25 00:28:54.393,6.20288667,-75.57143333,4.10,1526.027,23.973,2.301,61,16,45,20230324-192854,GPS Logger: 20230324-192854 - Nmax_viaje_6
T,2023-03-25 00:28:55.387,6.20281500,-75.57144833,3.00,1543.827,23.973,1.866,62,16,45,,
T,2023-03-25 00:28:57,6.20283167,-75.57142500,2.70,1544.127,23.973,2.035,56,17,45,,
T,2023-03-25 00:28:58,6.20285667,-75.57140667,2.50,1545.827,23.973,2.311,48,18,45,,
T,2023-03-25 00:28:59,6.20288500,-75.57138667,2.50,1546.227,23.973,2.318,52,15,45,,
T,2023-03-25 00:29:00,6.20298833,-75.57139000,2.30,1546.127,23.973,3.829,35,17,45,,
T,2023-03-25 00:29:01,6.20303167,-75.57137000,2.20,1545.728,23.972,3.865,34,18,45,,
T,2023-03-25 00:29:02,6.20307500,-75.57135167,2.20,1543.828,23.972,3.588,25,18,45,,
T,2023-03-25 00:29:04,6.20315167,-75.57133000,2.20,1540.628,23.972,3.127,20,19,45,,
T,2023-03-25 00:29:05,6.20318500,-75.57131500,2.00,1537.628,23.972,1.868,20,20,45,,
T,2023-03-25 00:29:06,6.20319667,-75.57129833,2.00,1537.328,23.972,0.771,52,19,45,,
T,2023-03-25 00:29:07,6.20320667,-75.57128833,1.90,1535.828,23.972,0.119,115,19,45,,
T,2023-03-25 00:29:08,6.20321000,-75.57128167,1.90,1535.328,23.972,0.090,86,19,45,,
T,2023-03-25 00:29:09,6.20321333,-75.57127500,1.80,1534.928,23.972,2.114,57,19,45,,
T,2023-03-25 00:29:10,6.20321833,-75.57127000,1.80,1534.829,23.971,1.755,31,19,45,,
T,2023-03-25 00:29:11,6.20322333,-75.57126167,1.80,1534.429,23.971,1.399,22,19,45,,
T,2023-03-25 00:29:12,6.20323167,-75.57124833,1.80,1534.629,23.971,1.117,55,20,45,,
T,2023-03-25 00:29:13,6.20324167,-75.57122667,1.80,1534.629,23.971,0.991,58,20,45,,
T,2023-03-25 00:29:14,6.20324833,-75.57119667,1.80,1534.629,23.971,0.994,93,21,45,,
T,2023-03-25 00:29:15,6.20324833,-75.57115833,1.90,1534.029,23.971,1.191,93,20,45,,
T,2023-03-25 00:29:16,6.20324167,-75.57111833,2.00,1534.029,23.971,1.576,105,20,45,,
T,2023-03-25 00:29:17,6.20322667,-75.57107833,2.10,1534.030,23.970,2.026,112,21,45,,
T,2023-03-25 00:29:18,6.20320667,-75.57103000,2.20,1534.230,23.970,2.541,118,21,45,,
T,2023-03-25 00:29:19,6.20318333,-75.57097500,2.30,1534.230,23.970,3.111,118,21,45,,
T,2023-03-25 00:29:20,6.20316000,-75.57091667,2.40,1534.530,23.970,3.715,118,20,45,,
T,2023-03-25 00:29:21,6.20313000,-75.57085167,2.60,1534.431,23.969,4.394,117,19,45,,
T,2023-03-25 00:29:22,6.20310000,-75.57077333,2.50,1534.331,23.969,7.931,113,18,45,,
T,2023-03-25 00:29:23,6.20306667,-75.57069500,2.40,1534.531,23.969,8.316,114,20,45,,
T,2023-03-25 00:29:24,6.20303167,-75.57061833,2.30,1535.232,23.968,8.437,114,21,45,,
T,2023-03-25 00:29:25,6.20299667,-75.57054000,2.20,1536.032,23.968,8.421,110,21,45,,
T,2023-03-25 00:29:26,6.20296833,-75.57046333,2.20,1537.032,23.968,8.767,109,21,45,,
T,2023-03-25 00:29:27,6.20294167,-75.57038333,2.20,1538.033,23.967,9.241,109,21,45,,
T,2023-03-25 00:29:28,6.20291500,-75.57029667,2.10,1539.533,23.967,9.208,112,21,45,,
T,2023-03-25 00:29:29,6.20287333,-75.57021500,2.00,1541.233,23.967,9.352,121,19,45,,
T,2023-03-25 00:29:30,6.20282167,-75.57014333,2.00,1542.934,23.966,9.738,128,20,45,,
T,2023-03-25 00:29:31,6.20275667,-75.57007667,2.00,1544.334,23.966,9.770,133,20,45,,
T,2023-03-25 00:29:32,6.20268500,-75.57001667,2.00,1545.334,23.966,9.857,138,19,45,,
T,2023-03-25 00:29:33,6.20262833,-75.56995500,2.00,1545.834,23.966,9.230,131,19,45,,
T,2023-03-25 00:29:34,6.20257500,-75.56989333,2.00,1546.534,23.966,8.478,126,20,45,,
T,2023-03-25 00:29:35,6.20254333,-75.56982500,2.00,1547.335,23.965,8.000,118,21,45,,
T,2023-03-25 00:29:36,6.20252667,-75.56974333,2.00,1548.635,23.965,8.125,108,20,45,,
T,2023-03-25 00:29:37,6.20251833,-75.56965667,2.10,1550.136,23.964,8.807,102,20,45,,
T,2023-03-25 00:29:38,6.20250333,-75.56957333,2.00,1551.536,23.964,8.817,102,19,45,,
T,2023-03-25 00:29:39,6.20249167,-75.56948833,2.00,1552.836,23.964,9.245,98,19,45,,
T,2023-03-25 00:29:40,6.20248333,-75.56940667,1.90,1554.037,23.963,8.673,99,19,45,,
T,2023-03-25 00:29:41,6.20247167,-75.56933000,1.90,1556.037,23.963,8.440,101,20,45,,
T,2023-03-25 00:29:42,6.20245833,-75.56925667,1.90,1557.838,23.962,8.444,106,19,45,,
T,2023-03-25 00:29:43,6.20244000,-75.56918500,1.90,1559.438,23.962,7.938,107,19,45,,
T,2023-03-25 00:29:44,6.20242000,-75.56911667,1.90,1560.938,23.962,7.833,110,19,45,,
T,2023-03-25 00:29:45,6.20239667,-75.56905000,1.90,1562.538,23.962,7.846,114,21,45,,
T,2023-03-25 00:29:46,6.20236833,-75.56898500,1.80,1564.239,23.961,7.745,110,19,45,,
T,2023-03-25 00:29:47,6.20234667,-75.56891833,1.90,1565.739,23.961,7.727,110,19,45,,
T,2023-03-25 00:29:48,6.20232500,-75.56885167,1.90,1567.439,23.961,7.592,113,18,45,,
T,2023-03-25 00:29:49,6.20229833,-75.56878500,2.00,1569.040,23.960,7.492,115,20,45,,
T,2023-03-25 00:29:50,6.20227500,-75.56871833,2.00,1570.540,23.960,7.658,113,19,45,,
T,2023-03-25 00:29:51,6.20225000,-75.56865333,2.00,1572.340,23.960,7.225,115,19,45,,
T,2023-03-25 00:29:52,6.20222333,-75.56859333,2.00,1574.341,23.959,6.770,116,19,45,,
T,2023-03-25 00:29:53,6.20219500,-75.56853167,2.00,1575.941,23.959,7.193,114,20,45,,
T,2023-03-25 00:29:54,6.20216333,-75.56847000,2.00,1577.741,23.959,7.275,118,20,45,,
T,2023-03-25 00:29:55,6.20211833,-75.56841333,2.00,1579.841,23.959,7.455,125,21,45,,
T,2023-03-25 00:29:56,6.20207833,-75.56836500,2.00,1579.441,23.959,7.036,131,21,45,,
T,2023-03-25 00:29:57,6.20204667,-75.56831167,2.00,1580.242,23.958,6.889,132,22,45,,
T,2023-03-25 00:29:58,6.20199667,-75.56826333,2.00,1581.542,23.958,7.309,128,22,45,,
T,2023-03-25 00:29:59,6.20195167,-75.56821333,2.00,1583.342,23.958,6.929,122,24,45,,
T,2023-03-25 00:30:00,6.20191333,-75.56816000,2.00,1585.242,23.958,7.370,122,21,45,,
T,2023-03-25 00:30:01,6.20187667,-75.56810833,2.00,1587.142,23.958,7.831,121,22,45,,
T,2023-03-25 00:30:02,6.20184667,-75.56804667,1.90,1588.443,23.957,7.836,113,22,45,,
T,2023-03-25 00:30:03,6.20182000,-75.56798167,1.80,1589.743,23.957,7.752,113,22,45,,
T,2023-03-25 00:30:04,6.20179667,-75.56791500,1.90,1591.543,23.957,7.929,108,22,45,,
T,2023-03-25 00:30:05,6.20178000,-75.56784500,1.80,1593.044,23.956,8.038,105,22,45,,
T,2023-03-25 00:30:06,6.20175667,-75.56777500,1.80,1594.844,23.956,8.270,108,22,45,,
T,2023-03-25 00:30:07,6.20173167,-75.56770500,1.80,1595.744,23.956,8.620,112,22,45,,
T,2023-03-25 00:30:08,6.20170333,-75.56763333,1.80,1596.445,23.955,8.590,114,22,45,,
T,2023-03-25 00:30:09,6.20167333,-75.56756500,1.80,1597.245,23.955,7.935,116,22,45,,
T,2023-03-25 00:30:10,6.20164167,-75.56750667,1.80,1597.545,23.955,7.245,121,24,45,,
T,2023-03-25 00:30:11,6.20160833,-75.56745667,1.70,1597.945,23.955,6.020,129,22,45,,
T,2023-03-25 00:30:12,6.20157167,-75.56742333,1.70,1598.745,23.955,4.874,142,21,45,,
T,2023-03-25 00:30:13,6.20153333,-75.56741000,1.90,1599.545,23.955,4.845,165,20,45,,
T,2023-03-25 00:30:14,6.20148500,-75.56741000,1.90,1600.345,23.955,5.342,175,20,45,,
T,2023-03-25 00:30:15,6.20142167,-75.56742500,2.00,1601.045,23.955,7.009,186,20,45,,
T,2023-03-25 00:30:16,6.20134833,-75.56743833,2.10,1601.545,23.955,8.294,190,20,45,,
T,2023-03-25 00:30:17,6.20127333,-75.56746500,2.30,1602.045,23.955,9.037,196,19,45,,
T,2023-03-25 00:30:18,6.20118833,-75.56750667,2.40,1602.244,23.956,9.911,202,17,45,,
T,2023-03-25 00:30:19,6.20109833,-75.56754500,2.40,1602.544,23.956,10.029,202,17,45,,
T,2023-03-25 00:30:20,6.20100333,-75.56758167,2.50,1602.843,23.957,10.574,200,17,45,,
T,2023-03-25 00:30:21,6.20090500,-75.56760667,2.30,1602.743,23.957,10.260,195,18,45,,
T,2023-03-25 00:30:22,6.20081833,-75.56762833,2.20,1602.243,23.957,8.781,196,17,45,,
T,2023-03-25 00:30:23,6.20073833,-75.56765667,2.30,1602.143,23.957,8.230,196,17,45,,
T,2023-03-25 00:30:24,6.20066000,-75.56767667,2.30,1601.442,23.958,8.073,198,17,45,,
T,2023-03-25 00:30:25,6.20060000,-75.56769500,2.30,1599.842,23.958,7.745,199,17,45,,
T,2023-03-25 00:30:26,6.20054667,-75.56771667,2.30,1599.842,23.958,6.653,200,17,45,,
T,2023-03-25 00:30:27,6.20050667,-75.56772667,2.20,1599.142,23.958,4.752,199,17,45,,
T,2023-03-25 00:30:28,6.20047833,-75.56774000,2.30,1598.142,23.958,3.369,205,17,45,,
T,2023-03-25 00:30:29,6.20045500,-75.56775000,2.30,1597.341,23.959,2.872,205,17,45,,
T,2023-03-25 00:30:30,6.20042833,-75.56776000,2.20,1596.641,23.959,4.049,196,17,45,,
T,2023-03-25 00:30:31,6.20038667,-75.56776500,2.20,1596.241,23.959,5.423,196,16,45,,
T,2023-03-25 00:30:32,6.20032667,-75.56777833,2.30,1596.041,23.959,6.924,196,16,45,,
T,2023-03-25 00:30:33,6.20025333,-75.56780000,2.10,1595.941,23.959,8.677,198,18,45,,
T,2023-03-25 00:30:34,6.20017667,-75.56784000,2.10,1595.840,23.960,9.528,203,18,45,,
T,2023-03-25 00:30:35,6.20009667,-75.56788000,2.10,1595.840,23.960,9.274,205,18,45,,
T,2023-03-25 00:30:36,6.20001167,-75.56790333,2.40,1596.140,23.960,9.256,201,18,45,,
T,2023-03-25 00:30:37,6.19993167,-75.56793333,2.30,1596.640,23.960,8.118,198,19,45,,
T,2023-03-25 00:30:38,6.19985667,-75.56795500,2.50,1597.739,23.961,8.407,194,19,45,,
T,2023-03-25 00:30:39,6.19979333,-75.56799000,2.40,1598.439,23.961,7.994,200,21,45,,
T,2023-03-25 00:30:40,6.19972667,-75.56803333,2.50,1599.339,23.961,7.911,209,18,45,,
T,2023-03-25 00:30:41,6.19967500,-75.56808833,2.30,1599.838,23.962,8.455,215,20,45,,
T,2023-03-25 00:30:42,6.19961833,-75.56814000,2.30,1599.638,23.962,8.481,218,20,45,,
T,2023-03-25 00:30:43,6.19956000,-75.56819500,2.30,1599.137,23.963,8.442,223,19,45,,
T,2023-03-25 00:30:44,6.19949667,-75.56824000,2.20,1599.537,23.963,8.283,216,20,45,,
T,2023-03-25 00:30:45,6.19943333,-75.56827833,2.10,1599.237,23.963,8.290,212,19,45,,
T,2023-03-25 00:30:46,6.19936833,-75.56831833,2.10,1599.236,23.964,8.427,212,17,45,,
T,2023-03-25 00:30:47,6.19930667,-75.56835833,2.10,1599.036,23.964,8.094,213,17,45,,
T,2023-03-25 00:30:48,6.19924667,-75.56839667,2.10,1598.636,23.964,7.025,216,18,45,,
T,2023-03-25 00:30:49,6.19920000,-75.56844167,2.10,1598.135,23.965,6.989,224,19,45,,
T,2023-03-25 00:30:50,6.19916833,-75.56848833,2.30,1597.235,23.965,5.778,230,20,45,,
T,2023-03-25 00:30:51,6.19914000,-75.56854167,2.20,1596.535,23.965,5.033,238,21,45,,
T,2023-03-25 00:30:52,6.19911667,-75.56859500,2.20,1595.334,23.966,5.433,240,21,45,,
T,2023-03-25 00:30:53,6.19911000,-75.56865333,2.20,1594.834,23.966,5.430,248,21,45,,
T,2023-03-25 00:30:54,6.19911500,-75.56871167,2.40,1594.334,23.966,5.602,265,21,45,,
T,2023-03-25 00:30:55,6.19914167,-75.56877667,2.50,1593.834,23.966,6.493,281,21,45,,
T,2023-03-25 00:30:56,6.19918500,-75.56885500,2.50,1593.633,23.967,7.275,289,22,45,,
T,2023-03-25 00:30:57,6.19923333,-75.56893833,2.40,1593.533,23.967,7.243,289,22,45,,
T,2023-03-25 00:30:58,6.19927333,-75.56901667,2.20,1593.233,23.967,7.339,294,21,45,,
T,2023-03-25 00:30:59,6.19931333,-75.56909333,2.10,1593.632,23.968,8.315,297,21,45,,
T,2023-03-25 00:31:00,6.19935500,-75.56917667,2.10,1593.732,23.968,9.140,296,19,45,,
T,2023-03-25 00:31:01,6.19940000,-75.56926000,2.10,1593.832,23.968,9.113,295,20,45,,
T,2023-03-25 00:31:02,6.19943667,-75.56934167,2.10,1593.631,23.969,9.202,295,20,45,,
T,2023-03-25 00:31:03,6.19947333,-75.56942500,2.10,1594.031,23.969,9.231,296,20,45,,
T,2023-03-25 00:31:04,6.19951000,-75.56951000,2.00,1594.330,23.970,9.203,296,19,45,,
T,2023-03-25 00:31:05,6.19953333,-75.56957167,2.00,1593.030,23.970,9.092,295,22,45,,
T,2023-03-25 00:31:06,6.19955667,-75.56963833,1.90,1592.130,23.970,8.869,294,19,45,,
T,2023-03-25 00:31:07,6.19958333,-75.56971000,1.90,1592.430,23.970,8.495,293,18,45,,
T,2023-03-25 00:31:08,6.19962000,-75.56977500,1.90,1591.529,23.971,7.731,295,17,45,,
T,2023-03-25 00:31:09,6.19965333,-75.56984333,2.00,1591.629,23.971,8.507,295,18,45,,
T,2023-03-25 00:31:10,6.19969500,-75.56992000,2.00,1591.629,23.971,9.303,295,19,45,,
T,2023-03-25 00:31:11,6.19972833,-75.56999167,2.00,1590.828,23.972,9.624,295,18,45,,
T,2023-03-25 00:31:12,6.19976833,-75.57007333,1.90,1590.628,23.972,9.619,298,20,45,,
T,2023-03-25 00:31:13,6.19983333,-75.57015000,1.90,1590.328,23.972,9.751,297,20,45,,
T,2023-03-25 00:31:14,6.19989000,-75.57023167,1.90,1589.727,23.973,9.844,299,20,45,,
T,2023-03-25 00:31:15,6.19993667,-75.57031333,1.90,1589.627,23.973,9.957,295,19,45,,
T,2023-03-25 00:31:16,6.19997833,-75.57039833,2.00,1589.227,23.973,9.944,294,16,45,,
T,2023-03-25 00:31:17,6.20001833,-75.57048000,2.00,1588.926,23.974,9.550,292,16,45,,
T,2023-03-25 00:31:18,6.20005833,-75.57055833,2.00,1588.526,23.974,9.026,291,16,45,,
T,2023-03-25 00:31:19,6.20009500,-75.57065000,2.20,1586.126,23.974,8.916,291,19,45,,
T,2023-03-25 00:31:20,6.20012000,-75.57072500,2.00,1584.325,23.975,8.483,291,19,45,,
T,2023-03-25 00:31:21,6.20015167,-75.57078667,2.10,1583.025,23.975,8.187,295,20,45,,
T,2023-03-25 00:31:22,6.20018500,-75.57085667,2.20,1581.625,23.975,8.521,297,19,45,,
T,2023-03-25 00:31:23,6.20022000,-75.57092333,2.30,1580.724,23.976,9.281,295,19,45,,
T,2023-03-25 00:31:24,6.20026333,-75.57100667,2.20,1579.324,23.976,9.937,297,18,45,,
T,2023-03-25 00:31:25,6.20030333,-75.57109167,2.10,1577.824,23.976,9.938,294,18,45,,
T,2023-03-25 00:31:26,6.20034333,-75.57117500,2.10,1576.223,23.977,9.923,293,20,45,,
T,2023-03-25 00:31:27,6.20037833,-75.57126000,2.10,1574.823,23.977,9.794,293,20,45,,
T,2023-03-25 00:31:28,6.20041167,-75.57133833,2.10,1573.923,23.977,9.231,295,18,45,,
T,2023-03-25 00:31:29,6.20043833,-75.57141500,2.10,1573.222,23.978,8.626,290,16,45,,
T,2023-03-25 00:31:30,6.20046167,-75.57148500,2.20,1572.422,23.978,7.890,290,16,45,,
T,2023-03-25 00:31:31,6.20048333,-75.57155167,2.20,1571.422,23.978,7.727,290,18,45,,
T,2023-03-25 00:31:32,6.20049500,-75.57161833,2.20,1570.021,23.979,7.700,283,17,45,,
T,2023-03-25 00:31:33,6.20051333,-75.57167833,2.30,1567.921,23.979,7.566,288,16,45,,
T,2023-03-25 00:31:34,6.20052667,-75.57173833,2.30,1565.821,23.979,7.748,289,17,45,,
T,2023-03-25 00:31:35,6.20055667,-75.57180000,2.20,1563.721,23.979,8.088,289,19,45,,
T,2023-03-25 00:31:36,6.20060167,-75.57186500,2.20,1562.020,23.980,8.350,293,19,45,,
T,2023-03-25 00:31:37,6.20063667,-75.57193000,2.10,1560.820,23.980,8.013,291,17,45,,
T,2023-03-25 00:31:38,6.20066667,-75.57199333,2.10,1559.920,23.980,7.716,293,19,45,,
T,2023-03-25 00:31:39,6.20069667,-75.57205667,2.10,1559.420,23.980,7.694,296,17,45,,
T,2023-03-25 00:31:40,6.20071833,-75.57213000,2.10,1558.519,23.981,8.233,289,17,45,,
T,2023-03-25 00:31:41,6.20073333,-75.57220167,2.20,1557.719,23.981,7.950,285,15,45,,
T,2023-03-25 00:31:42,6.20074833,-75.57227500,2.20,1557.418,23.982,8.431,288,15,45,,
T,2023-03-25 00:31:43,6.20078500,-75.57233333,2.30,1556.518,23.982,7.813,292,17,45,,
T,2023-03-25 00:31:44,6.20081833,-75.57239000,2.30,1555.718,23.982,7.535,293,15,45,,
T,2023-03-25 00:31:45,6.20084500,-75.57244167,2.40,1554.718,23.982,6.782,290,14,45,,
T,2023-03-25 00:31:46,6.20083167,-75.57250000,2.20,1551.217,23.983,6.462,284,16,45,,
T,2023-03-25 00:31:47,6.20084000,-75.57255333,2.20,1549.717,23.983,5.844,282,17,45,,
T,2023-03-25 00:31:48,6.20083833,-75.57260167,2.20,1548.517,23.983,5.282,274,18,45,,
T,2023-03-25 00:31:49,6.20083000,-75.57264333,2.30,1547.317,23.983,5.097,268,18,45,,
T,2023-03-25 00:31:50,6.20081167,-75.57268667,2.30,1546.216,23.984,4.904,255,18,45,,
T,2023-03-25 00:31:51,6.20078167,-75.57273333,2.30,1545.116,23.984,5.978,246,19,45,,
T,2023-03-25 00:31:52,6.20074667,-75.57278333,2.50,1544.116,23.984,6.541,240,19,45,,
T,2023-03-25 00:31:53,6.20069000,-75.57282500,2.40,1543.015,23.985,6.376,229,19,45,,
T,2023-03-25 00:31:54,6.20062833,-75.57285333,2.40,1542.215,23.985,6.676,218,20,45,,
T,2023-03-25 00:31:55,6.20056667,-75.57288667,2.40,1540.915,23.985,6.880,218,20,45,,
T,2023-03-25 00:31:56,6.20049167,-75.57293333,2.50,1540.015,23.985,8.330,216,18,45,,
T,2023-03-25 00:31:57,6.20041833,-75.57297500,2.50,1538.814,23.986,8.159,212,20,45,,
T,2023-03-25 00:31:58,6.20035000,-75.57301500,2.40,1538.214,23.986,7.418,210,20,45,,
T,2023-03-25 00:31:59,6.20029000,-75.57305167,2.30,1537.214,23.986,6.470,214,19,45,,
T,2023-03-25 00:32:00,6.20023833,-75.57308333,2.20,1536.113,23.987,5.710,216,20,45,,
T,2023-03-25 00:32:01,6.20019333,-75.57311333,2.20,1534.813,23.987,5.626,215,20,45,,
T,2023-03-25 00:32:02,6.20015500,-75.57313667,2.20,1533.913,23.987,3.966,210,19,45,,
T,2023-03-25 00:32:03,6.20012833,-75.57315833,2.10,1533.013,23.987,3.518,224,19,45,,
T,2023-03-25 00:32:04,6.20011000,-75.57318000,2.10,1532.113,23.987,2.380,228,20,45,,
T,2023-03-25 00:32:05,6.20009667,-75.57319667,2.10,1531.112,23.988,1.844,217,20,45,,
T,2023-03-25 00:32:06,6.20007500,-75.57320500,2.10,1530.512,23.988,2.601,204,19,45,,
T,2023-03-25 00:32:07,6.20004333,-75.57322000,2.20,1530.312,23.988,4.117,203,21,45,,
T,2023-03-25 00:32:08,6.19999667,-75.57324167,2.10,1529.712,23.988,5.755,208,22,45,,
T,2023-03-25 00:32:09,6.19994167,-75.57327167,2.10,1529.412,23.988,6.418,201,22,45,,
T,2023-03-25 00:32:10,6.19988000,-75.57329667,2.10,1529.511,23.989,7.288,206,22,46,,
T,2023-03-25 00:32:11,6.19981833,-75.57333333,2.00,1529.511,23.989,7.302,208,20,46,,
T,2023-03-25 00:32:12,6.19975167,-75.57337500,2.00,1529.411,23.989,8.271,211,20,46,,
T,2023-03-25 00:32:13,6.19967667,-75.57342000,2.00,1529.310,23.990,9.191,211,20,46,,
T,2023-03-25 00:32:14,6.19959833,-75.57346333,2.00,1529.310,23.990,9.493,209,21,46,,
T,2023-03-25 00:32:15,6.19952333,-75.57350833,2.00,1529.410,23.990,9.658,211,21,46,,
T,2023-03-25 00:32:16,6.19944667,-75.57355500,2.10,1529.109,23.991,9.647,208,21,46,,
T,2023-03-25 00:32:17,6.19936333,-75.57360167,2.10,1528.909,23.991,10.350,208,20,46,,
T,2023-03-25 00:32:18,6.19927667,-75.57364667,2.10,1528.708,23.992,10.233,205,20,46,,
T,2023-03-25 00:32:19,6.19918667,-75.57368833,2.10,1528.508,23.992,11.250,209,20,46,,
T,2023-03-25 00:32:20,6.19909833,-75.57373667,2.20,1528.408,23.992,10.764,207,19,46,,
T,2023-03-25 00:32:21,6.19902000,-75.57378167,2.20,1528.407,23.993,9.997,208,19,46,,
T,2023-03-25 00:32:22,6.19894000,-75.57382333,2.20,1528.407,23.993,9.449,207,20,46,,
T,2023-03-25 00:32:23,6.19885667,-75.57386667,2.20,1528.406,23.994,10.124,206,21,46,,
T,2023-03-25 00:32:24,6.19877000,-75.57391167,2.10,1528.406,23.994,11.067,213,20,46,,
T,2023-03-25 00:32:25,6.19868500,-75.57395833,2.10,1528.506,23.994,9.596,204,17,45,,
T,2023-03-25 00:32:26,6.19860500,-75.57399833,2.10,1528.605,23.995,9.335,205,17,45,,
T,2023-03-25 00:32:27,6.19852333,-75.57405000,2.10,1528.405,23.995,10.530,212,18,45,,
T,2023-03-25 00:32:28,6.19843833,-75.57410167,2.30,1528.104,23.996,10.871,211,18,45,,
T,2023-03-25 00:32:29,6.19835333,-75.57415833,2.20,1528.104,23.996,11.154,214,18,45,,
T,2023-03-25 00:32:30,6.19826667,-75.57421667,2.20,1528.304,23.996,11.338,215,18,45,,
T,2023-03-25 00:32:31,6.19817167,-75.57426000,2.20,1528.203,23.997,10.605,202,19,45,,
T,2023-03-25 00:32:32,6.19807333,-75.57429333,2.20,1528.303,23.997,11.169,202,20,45,,
T,2023-03-25 00:32:33,6.19797833,-75.57433333,2.20,1528.402,23.998,11.131,206,20,45,,
T,2023-03-25 00:32:34,6.19788333,-75.57437500,2.10,1528.602,23.998,11.167,201,20,45,,
T,2023-03-25 00:32:35,6.19778333,-75.57441500,2.10,1529.302,23.998,11.841,205,20,45,,
T,2023-03-25 00:32:36,6.19767833,-75.57446333,2.00,1529.701,23.999,11.844,205,20,45,,
T,2023-03-25 00:32:37,6.19757500,-75.57450333,2.10,1530.101,23.999,11.525,201,20,45,,
T,2023-03-25 00:32:38,6.19746667,-75.57454333,2.00,1530.700,24.000,12.329,198,20,45,,
T,2023-03-25 00:32:39,6.19735500,-75.57458000,2.00,1531.200,24.000,12.566,198,20,45,,
T,2023-03-25 00:32:40,6.19724333,-75.57461500,2.00,1531.499,24.001,12.475,202,20,45,,
T,2023-03-25 00:32:41,6.19713167,-75.57465167,1.90,1531.999,24.001,12.482,200,21,45,,
T,2023-03-25 00:32:42,6.19701833,-75.57468833,1.90,1532.299,24.001,12.878,200,21,45,,
T,2023-03-25 00:32:43,6.19690500,-75.57472000,1.90,1533.198,24.002,13.097,197,21,45,,
T,2023-03-25 00:32:44,6.19678667,-75.57474667,1.90,1534.098,24.002,13.013,195,19,45,,
T,2023-03-25 00:32:45,6.19666833,-75.57477000,1.90,1534.898,24.002,12.903,192,19,45,,
T,2023-03-25 00:32:46,6.19654833,-75.57479333,2.20,1536.497,24.003,12.811,195,18,45,,
T,2023-03-25 00:32:47,6.19643833,-75.57482333,2.00,1538.097,24.003,12.694,195,19,45,,
T,2023-03-25 00:32:48,6.19632833,-75.57485333,1.90,1539.096,24.004,12.662,197,20,45,,
T,2023-03-25 00:32:49,6.19621667,-75.57488833,1.80,1539.596,24.004,12.812,199,19,45,,
T,2023-03-25 00:32:50,6.19610500,-75.57492833,2.10,1541.096,24.004,13.028,202,19,45,,
T,2023-03-25 00:32:51,6.19599333,-75.57498167,2.20,1542.295,24.005,13.038,208,19,45,,
T,2023-03-25 00:32:52,6.19589167,-75.57504333,2.20,1543.295,24.005,12.679,212,19,45,,
T,2023-03-25 00:32:53,6.19579500,-75.57511000,2.00,1543.094,24.006,12.716,217,21,45,,
T,2023-03-25 00:32:54,6.19571167,-75.57517667,1.90,1542.894,24.006,12.090,218,22,45,,
T,2023-03-25 00:32:55,6.19562500,-75.57524667,2.30,1542.893,24.007,12.340,224,22,45,,
T,2023-03-25 00:32:56,6.19554667,-75.57531833,2.40,1542.892,24.008,12.151,225,22,45,,
T,2023-03-25 00:32:57,6.19547000,-75.57539667,2.30,1543.092,24.008,11.704,227,22,45,,
T,2023-03-25 00:32:58,6.19539500,-75.57546500,2.20,1543.191,24.009,11.675,226,23,45,,
T,2023-03-25 00:32:59,6.19531833,-75.57554000,2.20,1543.891,24.009,12.207,228,22,45,,
T,2023-03-25 00:33:00,6.19524167,-75.57561167,2.20,1544.490,24.010,11.597,227,19,45,,
T,2023-03-25 00:33:01,6.19516667,-75.57568833,2.30,1545.390,24.010,11.635,226,20,45,,
T,2023-03-25 00:33:02,6.19509333,-75.57576167,2.20,1545.889,24.011,11.771,227,21,45,,
T,2023-03-25 00:33:03,6.19501500,-75.57583833,2.20,1546.589,24.011,11.963,226,20,45,,
T,2023-03-25 00:33:04,6.19494167,-75.57591667,2.20,1547.288,24.012,11.480,227,20,45,,
T,2023-03-25 00:33:05,6.19487167,-75.57599500,2.20,1547.588,24.012,11.675,225,20,45,,
T,2023-03-25 00:33:06,6.19479000,-75.57606667,2.20,1547.587,24.013,11.341,224,21,45,,
T,2023-03-25 00:33:07,6.19470833,-75.57613500,2.30,1547.187,24.013,11.183,223,21,45,,
T,2023-03-25 00:33:08,6.19462667,-75.57619000,2.40,1546.886,24.014,10.225,217,19,45,,
T,2023-03-25 00:33:09,6.19454667,-75.57623000,2.40,1546.486,24.014,9.502,211,19,45,,
T,2023-03-25 00:33:10,6.19447667,-75.57626833,2.40,1545.885,24.015,8.921,207,19,45,,
T,2023-03-25 00:33:11,6.19439833,-75.57629167,2.50,1545.285,24.015,9.001,204,17,45,,
T,2023-03-25 00:33:12,6.19431667,-75.57630000,2.50,1545.085,24.015,8.204,198,16,45,,
T,2023-03-25 00:33:13,6.19423000,-75.57629167,2.50,1544.385,24.015,9.114,193,16,45,,
T,2023-03-25 00:33:14,6.19414167,-75.57629167,2.40,1543.985,24.015,9.696,189,16,45,,
T,2023-03-25 00:33:15,6.19405667,-75.57628833,2.50,1543.485,24.015,10.162,186,16,45,,
T,2023-03-25 00:33:16,6.19394833,-75.57627500,2.50,1542.584,24.016,10.180,184,17,45,,
T,2023-03-25 00:33:17,6.19385000,-75.57627000,2.40,1541.484,24.016,10.195,180,18,45,,
T,2023-03-25 00:33:18,6.19375667,-75.57627500,2.30,1540.484,24.016,10.365,181,19,45,,
T,2023-03-25 00:33:19,6.19366167,-75.57627500,2.50,1539.484,24.016,10.177,176,18,45,,
T,2023-03-25 00:33:20,6.19356500,-75.57628167,2.40,1539.584,24.016,10.338,173,20,45,,
T,2023-03-25 00:33:21,6.19347333,-75.57628500,2.30,1538.683,24.017,10.088,173,20,45,,
T,2023-03-25 00:33:22,6.19338500,-75.57628333,2.20,1538.183,24.017,9.298,176,19,45,,
T,2023-03-25 00:33:23,6.19330833,-75.57628500,2.10,1537.783,24.017,8.475,177,19,45,,
T,2023-03-25 00:33:24,6.19323500,-75.57628833,2.10,1537.883,24.017,7.750,172,20,45,,
T,2023-03-25 00:33:25,6.19316500,-75.57629333,2.10,1537.283,24.017,7.565,178,21,45,,
T,2023-03-25 00:33:26,6.19309833,-75.57630167,2.10,1536.583,24.017,7.067,181,21,45,,
T,2023-03-25 00:33:27,6.19303833,-75.57630667,2.10,1536.582,24.018,6.349,177,20,45,,
T,2023-03-25 00:33:28,6.19298167,-75.57632167,2.00,1536.182,24.018,5.833,186,23,45,,
T,2023-03-25 00:33:29,6.19293167,-75.57633167,2.20,1535.782,24.018,5.176,182,22,45,,
T,2023-03-25 00:33:30,6.19288833,-75.57633500,2.10,1535.882,24.018,4.616,180,22,45,,
T,2023-03-25 00:33:31,6.19285167,-75.57634333,2.10,1535.782,24.018,3.742,187,23,45,,
T,2023-03-25 00:33:32,6.19282833,-75.57634833,2.00,1535.582,24.018,2.850,187,23,45,,
T,2023-03-25 00:33:33,6.19280500,-75.57635167,2.00,1535.682,24.018,2.259,191,23,45,,
T,2023-03-25 00:33:34,6.19278833,-75.57635500,1.90,1535.882,24.018,1.869,194,23,45,,
T,2023-03-25 00:33:35,6.19277667,-75.57635833,2.00,1535.882,24.018,1.263,194,23,45,,
T,2023-03-25 00:33:36,6.19277000,-75.57635333,1.90,1535.882,24.018,0.000,,23,45,,
T,2023-03-25 00:33:37,6.19277167,-75.57634667,1.90,1536.382,24.018,0.000,,23,45,,
T,2023-03-25 00:33:38,6.19277167,-75.57634500,1.80,1536.382,24.018,0.000,,22,45,,
T,2023-03-25 00:33:39,6.19277167,-75.57634500,1.80,1536.382,24.018,0.000,,21,45,,
T,2023-03-25 00:33:40,6.19277167,-75.57634500,1.70,1536.382,24.018,0.000,,22,45,,
T,2023-03-25 00:33:41,6.19277167,-75.57634500,1.70,1536.382,24.018,0.000,,22,45,,
T,2023-03-25 00:33:42,6.19277167,-75.57634500,1.70,1536.382,24.018,0.000,,22,45,,
T,2023-03-25 00:33:43,6.19277167,-75.57634500,1.70,1536.382,24.018,0.000,,22,45,,
T,2023-03-25 00:33:44,6.19277167,-75.57634500,1.70,1536.382,24.018,0.000,,22,45,,
T,2023-03-25 00:33:45,6.19277167,-75.57634500,1.70,1536.382,24.018,0.000,,22,45,,
T,2023-03-25 00:33:46,6.19277167,-75.57634500,1.80,1536.382,24.018,0.000,,22,45,,
T,2023-03-25 00:33:47,6.19277167,-75.57634500,1.80,1536.382,24.018,0.000,,23,45,,
T,2023-03-25 00:33:48,6.19277167,-75.57634500,1.80,1536.382,24.018,0.000,,22,45,,
T,2023-03-25 00:33:49,6.19277167,-75.57634500,1.90,1536.382,24.018,0.000,,22,45,,
T,2023-03-25 00:33:50,6.19277167,-75.57634500,1.90,1536.382,24.018,0.000,,22,45,,
T,2023-03-25 00:33:51,6.19277167,-75.57634500,1.90,1536.382,24.018,0.000,,22,45,,
T,2023-03-25 00:33:52,6.19277167,-75.57634500,1.90,1536.382,24.018,0.000,,23,45,,
T,2023-03-25 00:33:53,6.19277167,-75.57634500,1.90,1536.382,24.018,0.000,,23,45,,
T,2023-03-25 00:33:54,6.19277167,-75.57634500,2.00,1536.382,24.018,0.000,,23,45,,
T,2023-03-25 00:33:55,6.19277167,-75.57634500,2.00,1536.382,24.018,0.000,,23,45,,
T,2023-03-25 00:33:56,6.19277167,-75.57634500,2.00,1536.382,24.018,0.000,,23,45,,
T,2023-03-25 00:33:57,6.19277167,-75.57634500,2.00,1536.382,24.018,0.000,,23,45,,
T,2023-03-25 00:33:58,6.19277167,-75.57634500,2.00,1536.382,24.018,0.000,,23,45,,
T,2023-03-25 00:33:59,6.19277167,-75.57634500,2.00,1536.382,24.018,0.000,,23,45,,
T,2023-03-25 00:34:00,6.19277167,-75.57634500,2.00,1536.382,24.018,0.000,,23,45,,
T,2023-03-25 00:34:01,6.19277167,-75.57634500,2.00,1536.382,24.018,0.000,,22,45,,
T,2023-03-25 00:34:02,6.19277167,-75.57634500,2.00,1536.382,24.018,0.000,,22,45,,
T,2023-03-25 00:34:03,6.19277167,-75.57634500,2.10,1536.382,24.018,0.000,,23,45,,
T,2023-03-25 00:34:04,6.19269500,-75.57636167,2.10,1535.681,24.019,2.516,187,23,45,,
T,2023-03-25 00:34:05,6.19264833,-75.57635667,2.10,1536.181,24.019,3.988,181,22,45,,
T,2023-03-25 00:34:06,6.19258667,-75.57635833,2.20,1536.781,24.019,5.446,185,22,45,,
T,2023-03-25 00:34:07,6.19251667,-75.57636500,2.30,1537.281,24.019,5.963,184,22,45,,
T,2023-03-25 00:34:08,6.19244167,-75.57637167,2.20,1537.581,24.019,6.786,188,23,45,,
T,2023-03-25 00:34:09,6.19235000,-75.57638333,2.20,1537.881,24.019,8.435,188,23,45,,
T,2023-03-25 00:34:10,6.19224667,-75.57640000,2.40,1538.180,24.020,9.408,188,23,45,,
T,2023-03-25 00:34:11,6.19215667,-75.57642833,2.30,1538.680,24.020,9.642,194,23,45,,
T,2023-03-25 00:34:12,6.19204833,-75.57645500,2.40,1539.280,24.020,9.821,193,23,45,,
T,2023-03-25 00:34:13,6.19195333,-75.57648833,2.40,1540.379,24.021,10.236,197,23,45,,
T,2023-03-25 00:34:14,6.19184833,-75.57653000,2.30,1541.079,24.021,10.990,200,23,45,,
T,2023-03-25 00:34:15,6.19174500,-75.57657000,2.20,1541.879,24.021,10.824,198,22,45,,
T,2023-03-25 00:34:16,6.19163833,-75.57661167,2.10,1542.778,24.022,11.693,201,22,45,,
T,2023-03-25 00:34:17,6.19153167,-75.57665333,2.00,1543.578,24.022,11.672,199,22,45,,
T,2023-03-25 00:34:18,6.19142667,-75.57669000,2.00,1543.877,24.023,11.691,197,21,45,,
T,2023-03-25 00:34:19,6.19132000,-75.57673000,1.90,1544.177,24.023,11.933,199,20,45,,
T,2023-03-25 00:34:20,6.19121667,-75.57676333,1.90,1544.577,24.023,11.821,195,21,45,,
T,2023-03-25 00:34:21,6.19111167,-75.57679333,2.30,1545.676,24.024,12.025,196,21,45,,
T,2023-03-25 00:34:22,6.19099333,-75.57682167,2.40,1546.876,24.024,12.217,197,22,45,,
T,2023-03-25 00:34:23,6.19088000,-75.57685500,2.20,1546.575,24.025,13.179,195,22,45,,
T,2023-03-25 00:34:24,6.19075833,-75.57688833,2.10,1546.275,24.025,12.826,196,22,45,,
T,2023-03-25 00:34:25,6.19063333,-75.57692833,2.00,1546.275,24.025,14.196,193,19,45,,
T,2023-03-25 00:34:26,6.19050167,-75.57697500,2.20,1546.474,24.026,14.421,193,20,45,,
T,2023-03-25 00:34:27,6.19036667,-75.57702167,2.20,1546.074,24.026,14.151,198,20,45,,
T,2023-03-25 00:34:28,6.19024167,-75.57706500,2.00,1544.973,24.027,13.554,201,20,45,,
T,2023-03-25 00:34:29,6.19013333,-75.57711500,1.90,1544.773,24.027,12.731,200,21,45,,
T,2023-03-25 00:34:30,6.19002667,-75.57715667,1.80,1544.272,24.028,12.229,197,21,45,,
T,2023-03-25 00:34:31,6.18992500,-75.57718500,2.10,1543.872,24.028,11.998,200,22,45,,
T,2023-03-25 00:34:32,6.18982667,-75.57721500,1.90,1542.871,24.029,11.172,199,22,45,,
T,2023-03-25 00:34:33,6.18973667,-75.57724833,1.90,1542.271,24.029,10.868,200,22,45,,
T,2023-03-25 00:34:34,6.18964000,-75.57727167,2.20,1542.371,24.029,11.226,198,21,45,,
T,2023-03-25 00:34:35,6.18954500,-75.57729333,2.10,1541.871,24.029,10.885,196,21,45,,
T,2023-03-25 00:34:36,6.18944667,-75.57731333,2.10,1541.670,24.030,11.358,191,21,45,,
T,2023-03-25 00:34:37,6.18934667,-75.57733333,2.10,1541.770,24.030,11.757,192,21,45,,
T,2023-03-25 00:34:38,6.18924833,-75.57735667,2.00,1541.870,24.030,11.292,197,20,45,,
T,2023-03-25 00:34:39,6.18915667,-75.57738500,2.10,1541.869,24.031,10.112,198,21,45,,
T,2023-03-25 00:34:40,6.18907833,-75.57741500,2.10,1541.269,24.031,8.598,199,21,45,,
T,2023-03-25 00:34:41,6.18901000,-75.57744167,2.10,1541.169,24.031,7.211,202,22,45,,
T,2023-03-25 00:34:42,6.18895667,-75.57746167,2.10,1541.168,24.032,6.102,201,21,45,,
T,2023-03-25 00:34:43,6.18892333,-75.57748000,2.10,1541.568,24.032,4.621,200,21,45,,
T,2023-03-25 00:34:44,6.18889500,-75.57748833,2.10,1541.568,24.032,3.403,195,21,45,,
T,2023-03-25 00:34:45,6.18888500,-75.57750167,2.00,1541.968,24.032,2.003,188,22,45,,
T,2023-03-25 00:34:46,6.18887833,-75.57750667,2.00,1542.068,24.032,1.477,188,23,45,,
T,2023-03-25 00:34:47,6.18887833,-75.57750833,1.90,1542.268,24.032,0.000,,23,45,,
T,2023-03-25 00:34:48,6.18888167,-75.57750833,1.90,1542.468,24.032,0.000,,23,45,,
T,2023-03-25 00:34:49,6.18888167,-75.57750500,1.80,1542.868,24.032,0.000,,23,45,,
T,2023-03-25 00:34:50,6.18888167,-75.57750500,1.80,1542.868,24.032,0.000,,23,45,,
T,2023-03-25 00:34:51,6.18888167,-75.57750500,1.80,1542.868,24.032,0.000,,23,45,,
T,2023-03-25 00:34:52,6.18888167,-75.57750500,1.80,1542.868,24.032,0.000,,23,45,,
T,2023-03-25 00:34:53,6.18888167,-75.57750500,1.90,1542.868,24.032,0.000,,23,45,,
T,2023-03-25 00:34:54,6.18883500,-75.57751333,1.90,1544.068,24.032,2.846,188,23,45,,
T,2023-03-25 00:34:55,6.18879833,-75.57752167,2.00,1544.268,24.032,3.721,189,23,45,,
T,2023-03-25 00:34:56,6.18875333,-75.57753333,2.10,1544.568,24.032,4.683,194,23,45,,
T,2023-03-25 00:34:57,6.18870833,-75.57755333,2.20,1544.868,24.032,5.277,203,23,45,,
T,2023-03-25 00:34:58,6.18865833,-75.57756833,2.20,1545.167,24.033,5.293,198,22,45,,
T,2023-03-25 00:34:59,6.18860500,-75.57757667,2.20,1545.367,24.033,5.813,195,22,45,,
T,2023-03-25 00:35:00,6.18854667,-75.57758833,2.30,1545.567,24.033,5.717,192,21,45,,
T,2023-03-25 00:35:01,6.18849500,-75.57761000,2.30,1545.867,24.033,5.697,203,21,45,,
T,2023-03-25 00:35:02,6.18844500,-75.57762500,2.30,1546.067,24.033,4.910,200,21,45,,
T,2023-03-25 00:35:03,6.18839667,-75.57764000,2.20,1546.366,24.034,5.061,198,20,45,,
T,2023-03-25 00:35:04,6.18834167,-75.57765167,2.20,1546.466,24.034,5.765,198,19,45,,
T,2023-03-25 00:35:05,6.18828500,-75.57766500,2.30,1546.566,24.034,5.983,199,20,45,,
T,2023-03-25 00:35:06,6.18820833,-75.57767500,2.30,1546.766,24.034,6.819,189,21,45,,
T,2023-03-25 00:35:07,6.18812000,-75.57768667,2.40,1547.066,24.034,7.845,187,20,45,,
T,2023-03-25 00:35:08,6.18802333,-75.57770667,2.30,1547.065,24.035,9.149,192,20,45,,
T,2023-03-25 00:35:09,6.18792667,-75.57772667,2.30,1547.365,24.035,9.746,193,18,45,,
T,2023-03-25 00:35:10,6.18783167,-75.57776500,2.30,1547.565,24.035,9.907,202,17,45,,
T,2023-03-25 00:35:11,6.18773500,-75.57780333,2.30,1547.964,24.036,9.998,206,17,45,,
T,2023-03-25 00:35:12,6.18764333,-75.57784500,2.30,1548.264,24.036,9.503,205,17,45,,
T,2023-03-25 00:35:13,6.18755333,-75.57787000,2.30,1548.764,24.036,9.543,201,17,45,,
T,2023-03-25 00:35:14,6.18746500,-75.57790333,2.20,1549.263,24.037,9.542,199,17,45,,
T,2023-03-25 00:35:15,6.18737333,-75.57793500,2.10,1549.163,24.037,9.825,200,18,45,,
T,2023-03-25 00:35:16,6.18728333,-75.57796000,2.30,1549.463,24.037,9.846,197,16,45,,
T,2023-03-25 00:35:17,6.18720000,-75.57799333,2.20,1549.562,24.038,9.454,204,16,45,,
T,2023-03-25 00:35:18,6.18711667,-75.57802667,2.20,1549.462,24.038,9.433,202,17,45,,
T,2023-03-25 00:35:19,6.18703833,-75.57805500,2.20,1549.462,24.038,9.117,199,17,45,,
T,2023-03-25 00:35:20,6.18696667,-75.57808333,2.20,1549.261,24.039,8.162,200,17,45,,
T,2023-03-25 00:35:21,6.18690000,-75.57810667,2.20,1549.261,24.039,7.538,194,17,45,,
T,2023-03-25 00:35:22,6.18683333,-75.57814167,2.20,1549.561,24.039,8.228,201,18,45,,
T,2023-03-25 00:35:23,6.18676167,-75.57817000,2.20,1549.961,24.039,8.691,203,19,45,,
T,2023-03-25 00:35:24,6.18669000,-75.57820333,2.40,1550.160,24.040,8.789,204,19,45,,
T,2023-03-25 00:35:25,6.18661500,-75.57823000,2.30,1550.160,24.040,8.250,204,20,45,,
T,2023-03-25 00:35:26,6.18655000,-75.57825333,2.20,1550.660,24.040,7.531,203,20,45,,
T,2023-03-25 00:35:27,6.18648333,-75.57827667,2.20,1550.459,24.041,7.042,199,21,45,,
T,2023-03-25 00:35:28,6.18642167,-75.57829833,2.20,1550.259,24.041,7.026,203,20,45,,
T,2023-03-25 00:35:29,6.18636000,-75.57832333,2.10,1550.559,24.041,7.028,202,20,45,,
T,2023-03-25 00:35:30,6.18628167,-75.57834000,2.10,1549.759,24.041,8.079,202,21,45,,
T,2023-03-25 00:35:31,6.18619000,-75.57835333,2.00,1547.658,24.042,9.076,200,22,45,,
T,2023-03-25 00:35:32,6.18611333,-75.57838000,2.00,1546.658,24.042,8.932,199,22,45,,
T,2023-03-25 00:35:33,6.18603167,-75.57840333,2.00,1545.358,24.042,8.548,200,23,45,,
T,2023-03-25 00:35:34,6.18595333,-75.57843500,2.00,1544.858,24.042,9.071,200,23,45,,
T,2023-03-25 00:35:35,6.18587333,-75.57846667,2.00,1544.457,24.043,8.747,199,23,45,,
T,2023-03-25 00:35:36,6.18578167,-75.57850000,1.90,1544.057,24.043,9.979,200,22,45,,
T,2023-03-25 00:35:37,6.18569500,-75.57853500,1.90,1543.857,24.043,9.154,200,22,45,,
T,2023-03-25 00:35:38,6.18560500,-75.57856500,1.90,1543.856,24.044,9.175,198,21,45,,
T,2023-03-25 00:35:39,6.18552333,-75.57859167,1.90,1543.756,24.044,8.577,198,22,45,,
T,2023-03-25 00:35:40,6.18544500,-75.57862667,1.90,1543.856,24.044,8.769,200,22,45,,
T,2023-03-25 00:35:41,6.18536833,-75.57865667,1.90,1543.955,24.045,8.551,200,22,45,,
T,2023-03-25 00:35:42,6.18529833,-75.57868833,2.10,1544.255,24.045,7.728,198,20,45,,
T,2023-03-25 00:35:43,6.18523333,-75.57871667,2.00,1544.155,24.045,7.275,199,21,45,,
T,2023-03-25 00:35:44,6.18517333,-75.57874500,2.00,1543.954,24.046,7.022,203,21,45,,
T,2023-03-25 00:35:45,6.18511167,-75.57877500,2.10,1543.654,24.046,6.747,202,20,45,,
T,2023-03-25 00:35:46,6.18506333,-75.57880000,2.00,1543.154,24.046,5.639,201,22,45,,
T,2023-03-25 00:35:47,6.18502333,-75.57882167,1.90,1542.054,24.046,4.928,200,21,45,,
T,2023-03-25 00:35:48,6.18498500,-75.57884167,1.80,1541.154,24.046,4.379,198,22,45,,
T,2023-03-25 00:35:49,6.18495167,-75.57886167,1.80,1541.053,24.047,3.659,206,21,45,,
T,2023-03-25 00:35:50,6.18492333,-75.57887833,1.80,1541.053,24.047,3.044,207,21,45,,
T,2023-03-25 00:35:51,6.18490000,-75.57889167,1.70,1541.453,24.047,2.834,204,22,45,,
T,2023-03-25 00:35:52,6.18487833,-75.57890333,1.70,1541.553,24.047,3.195,205,21,45,,
T,2023-03-25 00:35:53,6.18485000,-75.57891667,1.70,1541.053,24.047,2.818,201,21,45,,
T,2023-03-25 00:35:54,6.18482333,-75.57892667,1.70,1541.153,24.047,2.591,193,21,45,,
T,2023-03-25 00:35:55,6.18480333,-75.57894000,1.70,1540.753,24.047,1.395,193,23,45,,
T,2023-03-25 00:35:56,6.18479167,-75.57894500,1.70,1540.653,24.047,1.073,193,24,45,,
T,2023-03-25 00:35:57,6.18478167,-75.57894500,1.70,1540.953,24.047,0.000,,24,45,,
T,2023-03-25 00:35:58,6.18477333,-75.57894833,1.70,1541.053,24.047,0.000,,24,45,,
T,2023-03-25 00:35:59,6.18476167,-75.57895500,1.70,1541.053,24.047,0.000,,25,45,,
T,2023-03-25 00:36:00,6.18474500,-75.57896167,1.60,1541.052,24.048,2.410,201,25,45,,
T,2023-03-25 00:36:01,6.18472167,-75.57896667,1.60,1541.452,24.048,2.881,182,25,45,,
T,2023-03-25 00:36:02,6.18469167,-75.57897167,1.70,1541.352,24.048,3.179,191,25,45,,
T,2023-03-25 00:36:03,6.18466000,-75.57898167,1.70,1541.552,24.048,3.205,190,25,45,,
T,2023-03-25 00:36:04,6.18462667,-75.57899000,1.70,1541.352,24.048,4.011,192,26,45,,
T,2023-03-25 00:36:05,6.18459000,-75.57900167,1.70,1541.052,24.048,3.663,196,26,45,,
T,2023-03-25 00:36:06,6.18455667,-75.57901333,1.70,1541.252,24.048,3.695,193,26,45,,
T,2023-03-25 00:36:07,6.18452667,-75.57902833,1.70,1541.152,24.048,3.213,201,26,45,,
T,2023-03-25 00:36:08,6.18449667,-75.57904667,1.70,1541.352,24.048,3.389,202,26,45,,
T,2023-03-25 00:36:09,6.18446333,-75.57905833,1.70,1541.751,24.049,3.363,188,26,45,,
T,2023-03-25 00:36:10,6.18443000,-75.57906833,1.80,1541.951,24.049,3.344,188,26,45,,
T,2023-03-25 00:36:11,6.18439833,-75.57908167,1.80,1542.151,24.049,3.914,198,26,45,,
T,2023-03-25 00:36:12,6.18436333,-75.57909667,1.80,1542.551,24.049,3.339,198,26,45,,
T,2023-03-25 00:36:13,6.18433333,-75.57910833,1.80,1542.551,24.049,3.248,203,26,45,,
T,2023-03-25 00:36:14,6.18430667,-75.57912167,1.70,1542.751,24.049,2.569,196,26,45,,
T,2023-03-25 00:36:15,6.18428333,-75.57913667,1.80,1542.851,24.049,2.794,213,26,45,,
T,2023-03-25 00:36:16,6.18426167,-75.57915333,1.80,1542.851,24.049,2.965,211,26,45,,
T,2023-03-25 00:36:17,6.18424000,-75.57916667,1.70,1542.850,24.050,2.527,198,26,45,,
T,2023-03-25 00:36:18,6.18421667,-75.57917333,1.70,1543.250,24.050,2.544,190,26,45,,
T,2023-03-25 00:36:19,6.18419500,-75.57917833,1.70,1543.550,24.050,1.573,199,23,45,,
T,2023-03-25 00:36:20,6.18418333,-75.57919000,1.70,1543.950,24.050,1.184,199,22,45,,
T,2023-03-25 00:36:21,6.18417333,-75.57919667,1.70,1544.150,24.050,0.000,,22,45,,
T,2023-03-25 00:36:22,6.18416167,-75.57920333,1.70,1543.850,24.050,0.000,,21,45,,
T,2023-03-25 00:36:23,6.18414667,-75.57921000,1.70,1543.650,24.050,0.000,,21,45,,
T,2023-03-25 00:36:24,6.18414667,-75.57921000,1.80,1543.650,24.050,0.000,,21,45,,
T,2023-03-25 00:36:25,6.18414667,-75.57921000,1.70,1543.650,24.050,0.000,,23,45,,
T,2023-03-25 00:36:26,6.18414667,-75.57921000,1.60,1543.650,24.050,0.000,,24,45,,
T,2023-03-25 00:36:27,6.18414667,-75.57921000,1.60,1543.650,24.050,0.000,,25,45,,
T,2023-03-25 00:36:28,6.18414667,-75.57921000,1.60,1543.650,24.050,0.000,,25,45,,
T,2023-03-25 00:36:29,6.18408167,-75.57926667,1.60,1541.050,24.050,3.063,212,25,45,,
T,2023-03-25 00:36:30,6.18404667,-75.57929000,1.60,1541.049,24.051,4.555,219,25,45,,
T,2023-03-25 00:36:31,6.18400333,-75.57932667,1.60,1541.349,24.051,5.824,221,25,45,,
T,2023-03-25 00:36:32,6.18394667,-75.57936667,1.60,1541.749,24.051,7.021,214,25,45,,
T,2023-03-25 00:36:33,6.18387833,-75.57941000,1.60,1540.148,24.052,8.292,216,23,45,,
T,2023-03-25 00:36:34,6.18380833,-75.57946167,1.60,1539.048,24.052,9.368,219,24,45,,
T,2023-03-25 00:36:35,6.18373500,-75.57952167,1.60,1539.048,24.052,9.831,219,24,45,,
T,2023-03-25 00:36:36,6.18366000,-75.57958667,1.70,1539.047,24.053,10.425,218,24,45,,
T,2023-03-25 00:36:37,6.18357667,-75.57965333,1.70,1538.547,24.053,11.065,217,24,45,,
T,2023-03-25 00:36:38,6.18349500,-75.57972167,1.70,1538.046,24.054,10.951,219,24,45,,
T,2023-03-25 00:36:39,6.18341667,-75.57978833,1.70,1537.946,24.054,10.640,219,24,45,,
T,2023-03-25 00:36:40,6.18333833,-75.57985333,1.70,1537.445,24.055,10.210,218,26,45,,
T,2023-03-25 00:36:41,6.18325833,-75.57991667,1.70,1536.445,24.055,9.835,215,27,45,,
T,2023-03-25 00:36:42,6.18318500,-75.57997500,1.60,1535.944,24.056,10.089,214,26,45,,
T,2023-03-25 00:36:43,6.18310167,-75.58002833,1.60,1534.944,24.056,10.506,213,26,45,,
T,2023-03-25 00:36:44,6.18302000,-75.58007833,1.60,1534.943,24.057,9.883,207,25,45,,
T,2023-03-25 00:36:45,6.18294667,-75.58012167,1.60,1534.843,24.057,8.993,206,25,45,,
T,2023-03-25 00:36:46,6.18286833,-75.58016500,1.70,1534.843,24.057,9.994,209,26,45,,
T,2023-03-25 00:36:47,6.18278500,-75.58020667,1.60,1534.342,24.058,10.339,206,26,45,,
T,2023-03-25 00:36:48,6.18270167,-75.58025500,1.60,1533.742,24.058,10.605,210,26,45,,
T,2023-03-25 00:36:49,6.18261667,-75.58030000,1.70,1532.841,24.059,10.342,207,26,45,,
T,2023-03-25 00:36:50,6.18253000,-75.58034500,1.70,1530.841,24.059,10.213,209,26,45,,
T,2023-03-25 00:36:51,6.18244833,-75.58038833,1.70,1530.241,24.059,9.392,206,24,45,,
T,2023-03-25 00:36:52,6.18237167,-75.58042500,1.70,1530.140,24.060,8.974,205,23,45,,
T,2023-03-25 00:36:53,6.18229000,-75.58046167,1.80,1529.440,24.060,9.674,206,22,45,,
T,2023-03-25 00:36:54,6.18220833,-75.58050333,1.80,1528.939,24.061,9.690,204,22,45,,
T,2023-03-25 00:36:55,6.18212667,-75.58055167,1.80,1528.039,24.061,9.666,203,23,45,,
T,2023-03-25 00:36:56,6.18204667,-75.58059333,1.90,1527.139,24.061,9.764,207,24,45,,
T,2023-03-25 00:36:57,6.18197667,-75.58063833,1.90,1526.038,24.062,8.484,207,24,45,,
T,2023-03-25 00:36:58,6.18191167,-75.58067500,1.90,1525.338,24.062,7.393,206,25,45,,
T,2023-03-25 00:36:59,6.18185333,-75.58070500,1.90,1524.738,24.062,7.238,203,23,45,,
T,2023-03-25 00:37:00,6.18179333,-75.58073667,2.00,1524.437,24.063,8.032,207,23,45,,
T,2023-03-25 00:37:01,6.18173833,-75.58078500,1.90,1524.137,24.063,8.143,221,24,45,,
T,2023-03-25 00:37:02,6.18169167,-75.58084333,1.80,1523.737,24.063,7.951,232,24,45,,
T,2023-03-25 00:37:03,6.18165500,-75.58090167,1.80,1523.536,24.064,7.237,235,25,45,,
T,2023-03-25 00:37:04,6.18162167,-75.58094833,1.80,1523.236,24.064,6.209,235,24,45,,
T,2023-03-25 00:37:05,6.18159500,-75.58099833,1.70,1522.836,24.064,7.234,249,24,45,,
T,2023-03-25 00:37:06,6.18157167,-75.58105833,1.70,1522.735,24.065,7.649,254,24,45,,
T,2023-03-25 00:37:07,6.18155167,-75.58112833,1.70,1522.835,24.065,8.208,256,25,45,,
T,2023-03-25 00:37:08,6.18153167,-75.58119500,2.00,1523.435,24.065,8.178,262,23,45,,
T,2023-03-25 00:37:09,6.18152167,-75.58127000,1.80,1524.134,24.066,8.538,265,24,45,,
T,2023-03-25 00:37:10,6.18151500,-75.58135000,1.70,1524.834,24.066,8.384,267,25,45,,
T,2023-03-25 00:37:11,6.18150667,-75.58143000,1.60,1525.633,24.067,8.358,266,25,45,,
T,2023-03-25 00:37:12,6.18150333,-75.58151000,1.60,1526.233,24.067,7.879,266,24,45,,
T,2023-03-25 00:37:13,6.18150167,-75.58158167,1.60,1526.632,24.068,7.603,273,24,45,,
T,2023-03-25 00:37:14,6.18150000,-75.58164833,1.60,1526.832,24.068,6.873,268,24,45,,
T,2023-03-25 00:37:15,6.18149833,-75.58171333,1.60,1526.732,24.068,6.859,271,24,45,,
T,2023-03-25 00:37:16,6.18149333,-75.58177500,1.60,1526.931,24.069,6.871,269,24,45,,
T,2023-03-25 00:37:17,6.18149000,-75.58184167,1.50,1527.031,24.069,7.763,268,24,45,,
T,2023-03-25 00:37:18,6.18148333,-75.58191000,1.50,1527.431,24.069,7.509,269,24,45,,
T,2023-03-25 00:37:19,6.18148167,-75.58197500,1.60,1527.830,24.070,6.818,266,24,45,,
T,2023-03-25 00:37:20,6.18147833,-75.58203833,2.00,1527.730,24.070,6.102,261,24,45,,
T,2023-03-25 00:37:21,6.18147000,-75.58209333,1.90,1527.830,24.070,6.116,261,23,45,,
T,2023-03-25 00:37:22,6.18145667,-75.58214167,1.90,1527.929,24.071,5.621,253,23,45,,
T,2023-03-25 00:37:23,6.18144167,-75.58218667,2.00,1528.229,24.071,5.591,249,23,45,,
T,2023-03-25 00:37:24,6.18142667,-75.58222333,2.00,1528.829,24.071,4.754,251,24,45,,
T,2023-03-25 00:37:25,6.18140667,-75.58225833,2.00,1529.729,24.071,4.459,251,24,45,,
T,2023-03-25 00:37:26,6.18138667,-75.58229333,1.80,1530.329,24.071,3.771,243,24,45,,
T,2023-03-25 00:37:27,6.18136833,-75.58232500,1.70,1530.528,24.072,3.810,243,24,45,,
T,2023-03-25 00:37:28,6.18134667,-75.58236500,1.70,1531.028,24.072,4.818,240,24,45,,
T,2023-03-25 00:37:29,6.18131833,-75.58240833,1.90,1531.628,24.072,5.546,239,23,45,,
T,2023-03-25 00:37:30,6.18128500,-75.58246000,2.00,1532.627,24.073,5.892,240,23,45,,
T,2023-03-25 00:37:31,6.18125667,-75.58251000,1.90,1533.227,24.073,5.517,238,24,45,,
T,2023-03-25 00:37:32,6.18123000,-75.58255000,1.90,1533.827,24.073,5.016,238,24,45,,
T,2023-03-25 00:37:33,6.18120667,-75.58258333,1.90,1534.127,24.073,3.937,232,25,45,,
T,2023-03-25 00:37:34,6.18118833,-75.58260000,1.80,1534.327,24.073,2.512,227,25,45,,
T,2023-03-25 00:37:35,6.18118000,-75.58260333,1.80,1534.227,24.073,1.202,227,25,45,,
T,2023-03-25 00:37:36,6.18118000,-75.58261000,1.80,1533.526,24.074,0.000,,26,45,,
T,2023-03-25 00:37:37,6.18118167,-75.58261333,1.70,1533.526,24.074,0.000,,26,45,,
T,2023-03-25 00:37:38,6.18117500,-75.58261500,1.70,1533.326,24.074,0.000,,26,45,,
T,2023-03-25 00:37:39,6.18117500,-75.58261500,1.70,1533.326,24.074,0.000,,26,45,,
T,2023-03-25 00:37:40,6.18117500,-75.58261500,1.70,1533.326,24.074,0.000,,26,45,,
T,2023-03-25 00:37:41,6.18117500,-75.58261500,1.70,1533.326,24.074,0.000,,26,45,,
T,2023-03-25 00:37:42,6.18117500,-75.58261500,1.70,1533.326,24.074,0.000,,26,45,,
T,2023-03-25 00:37:43,6.18117500,-75.58261500,1.70,1533.326,24.074,0.000,,26,45,,
T,2023-03-25 00:37:44,6.18112333,-75.58264333,1.70,1531.626,24.074,0.144,227,26,45,,
T,2023-03-25 00:37:45,6.18110833,-75.58266167,1.70,1531.926,24.074,0.177,227,26,45,,
T,2023-03-25 00:37:46,6.18109500,-75.58267333,1.70,1532.426,24.074,0.134,227,26,45,,
T,2023-03-25 00:37:47,6.18108667,-75.58268333,1.70,1532.826,24.074,1.343,227,25,45,,
T,2023-03-25 00:37:48,6.18108000,-75.58268667,1.70,1533.026,24.074,0.000,,22,45,,
T,2023-03-25 00:37:49,6.18107833,-75.58269000,1.70,1533.126,24.074,0.000,,22,45,,
T,2023-03-25 00:37:50,6.18107500,-75.58269000,1.70,1533.326,24.074,0.000,,22,45,,
T,2023-03-25 00:37:51,6.18107500,-75.58269000,1.80,1533.326,24.074,0.000,,23,45,,
T,2023-03-25 00:37:52,6.18107500,-75.58269000,1.70,1533.326,24.074,0.000,,23,45,,
T,2023-03-25 00:37:53,6.18107500,-75.58269000,1.80,1533.326,24.074,0.000,,23,45,,
T,2023-03-25 00:37:54,6.18107500,-75.58269000,1.80,1533.326,24.074,0.000,,23,45,,
T,2023-03-25 00:37:55,6.18107500,-75.58269000,1.80,1533.326,24.074,0.000,,23,45,,
T,2023-03-25 00:37:56,6.18107500,-75.58269000,1.70,1533.326,24.074,0.000,,23,45,,
T,2023-03-25 00:37:57,6.18107500,-75.58269000,1.70,1533.326,24.074,0.000,,22,45,,
T,2023-03-25 00:37:58,6.18107500,-75.58269000,1.80,1533.326,24.074,0.000,,22,45,,
T,2023-03-25 00:37:59,6.18107500,-75.58269000,1.70,1533.326,24.074,0.000,,22,45,,
T,2023-03-25 00:38:00,6.18107500,-75.58269000,1.80,1533.326,24.074,0.000,,22,45,,
T,2023-03-25 00:38:01,6.18107500,-75.58269000,1.80,1533.326,24.074,0.000,,22,45,,
T,2023-03-25 00:38:02,6.18107500,-75.58269000,1.90,1533.326,24.074,0.000,,21,45,,
T,2023-03-25 00:38:03,6.18107500,-75.58269000,1.80,1533.326,24.074,0.000,,21,45,,
T,2023-03-25 00:38:04,6.18107500,-75.58269000,1.80,1533.326,24.074,0.000,,21,45,,
T,2023-03-25 00:38:05,6.18107500,-75.58269000,1.80,1533.326,24.074,0.000,,21,45,,
T,2023-03-25 00:38:06,6.18107500,-75.58269000,1.70,1533.326,24.074,0.000,,21,45,,
T,2023-03-25 00:38:07,6.18107500,-75.58269000,1.60,1533.326,24.074,0.000,,21,45,,
T,2023-03-25 00:38:08,6.18100833,-75.58276500,1.50,1536.725,24.075,0.808,227,21,45,,
T,2023-03-25 00:38:09,6.18100167,-75.58277167,1.50,1536.825,24.075,0.000,,21,45,,
T,2023-03-25 00:38:10,6.18099000,-75.58278167,1.50,1536.725,24.075,1.709,211,22,45,,
T,2023-03-25 00:38:11,6.18097667,-75.58279167,1.60,1536.525,24.075,1.575,206,23,45,,
T,2023-03-25 00:38:12,6.18096333,-75.58279667,1.60,1536.325,24.075,1.011,206,22,45,,
T,2023-03-25 00:38:13,6.18095833,-75.58279833,1.70,1536.125,24.075,0.000,,24,45,,
T,2023-03-25 00:38:14,6.18095833,-75.58280167,1.70,1535.825,24.075,0.000,,24,45,,
T,2023-03-25 00:38:15,6.18096000,-75.58280500,1.70,1535.625,24.075,0.000,,24,45,,
T,2023-03-25 00:38:16,6.18096000,-75.58280500,1.70,1535.625,24.075,0.000,,24,45,,
T,2023-03-25 00:38:17,6.18096000,-75.58280500,1.70,1535.625,24.075,0.000,,24,45,,
T,2023-03-25 00:38:18,6.18096000,-75.58280500,1.60,1535.625,24.075,0.000,,23,45,,
T,2023-03-25 00:38:19,6.18096000,-75.58280500,1.60,1535.625,24.075,0.000,,23,45,,
T,2023-03-25 00:38:20,6.18096000,-75.58280500,1.60,1535.625,24.075,0.000,,21,45,,
T,2023-03-25 00:38:21,6.18096000,-75.58280500,1.50,1535.625,24.075,0.000,,21,45,,
T,2023-03-25 00:38:22,6.18096000,-75.58280500,1.50,1535.625,24.075,0.000,,22,45,,
T,2023-03-25 00:38:23,6.18096000,-75.58280500,1.50,1535.625,24.075,0.000,,24,45,,
T,2023-03-25 00:38:24,6.18096000,-75.58280500,1.50,1535.625,24.075,0.000,,24,45,,
T,2023-03-25 00:38:25,6.18091667,-75.58281000,1.50,1534.525,24.075,2.438,201,24,45,,
T,2023-03-25 00:38:26,6.18089500,-75.58282000,1.60,1534.125,24.075,2.473,204,24,45,,
T,2023-03-25 00:38:27,6.18087500,-75.58283333,1.60,1533.725,24.075,2.156,222,24,45,,
T,2023-03-25 00:38:28,6.18086000,-75.58284167,1.60,1532.925,24.075,1.433,222,22,45,,
T,2023-03-25 00:38:29,6.18084833,-75.58284833,1.60,1532.425,24.075,1.425,222,23,45,,
T,2023-03-25 00:38:30,6.18083500,-75.58285167,1.60,1532.025,24.075,1.260,222,23,45,,
T,2023-03-25 00:38:31,6.18082333,-75.58285333,1.60,1531.925,24.075,1.157,222,23,45,,
T,2023-03-25 00:38:32,6.18080833,-75.58285500,1.60,1531.924,24.076,1.572,192,23,45,,
T,2023-03-25 00:38:33,6.18079333,-75.58286167,1.60,1531.424,24.076,1.543,202,24,45,,
T,2023-03-25 00:38:34,6.18077333,-75.58286667,1.70,1531.124,24.076,1.796,182,24,45,,
T,2023-03-25 00:38:35,6.18075667,-75.58287000,1.70,1530.824,24.076,1.699,176,24,45,,
T,2023-03-25 00:38:36,6.18074167,-75.58287333,1.70,1530.624,24.076,1.251,176,24,45,,
T,2023-03-25 00:38:37,6.18073167,-75.58287500,1.80,1530.624,24.076,0.000,,24,45,,
T,2023-03-25 00:38:38,6.18072667,-75.58287500,1.80,1530.624,24.076,0.000,,25,45,,
T,2023-03-25 00:38:39,6.18072000,-75.58287333,1.80,1530.724,24.076,0.000,,25,45,,
T,2023-03-25 00:38:40,6.18072000,-75.58287333,1.80,1530.724,24.076,0.000,,25,45,,
T,2023-03-25 00:38:41,6.18072000,-75.58287333,1.80,1530.724,24.076,0.000,,26,45,,
T,2023-03-25 00:38:42,6.18072000,-75.58287333,1.80,1530.724,24.076,0.000,,27,45,,
T,2023-03-25 00:38:43,6.18072000,-75.58287333,1.80,1530.724,24.076,0.000,,28,45,,
T,2023-03-25 00:38:44,6.18067167,-75.58288167,1.70,1531.624,24.076,0.174,176,28,45,,
T,2023-03-25 00:38:45,6.18065167,-75.58288833,1.70,1532.124,24.076,1.956,191,28,45,,
T,2023-03-25 00:38:46,6.18063167,-75.58289667,1.70,1532.524,24.076,1.784,198,28,45,,
T,2023-03-25 00:38:47,6.18061833,-75.58290333,1.70,1532.824,24.076,1.405,198,26,45,,
T,2023-03-25 00:38:48,6.18060500,-75.58291167,1.80,1533.324,24.076,1.403,198,24,45,,
T,2023-03-25 00:38:49,6.18059500,-75.58291833,1.70,1533.724,24.076,1.410,198,24,45,,
T,2023-03-25 00:38:50,6.18058333,-75.58292667,1.70,1534.424,24.076,0.000,,24,45,,
T,2023-03-25 00:38:51,6.18057833,-75.58293333,1.70,1534.924,24.076,0.000,,23,45,,
T,2023-03-25 00:38:52,6.18057667,-75.58293667,1.70,1535.424,24.076,0.000,,22,45,,
T,2023-03-25 00:38:53,6.18057667,-75.58293667,1.70,1535.424,24.076,0.000,,19,45,,
T,2023-03-25 00:38:54,6.18057667,-75.58293667,1.70,1535.424,24.076,0.000,,18,45,,
T,2023-03-25 00:38:55,6.18055500,-75.58295333,1.80,1537.223,24.077,0.101,198,20,45,,
T,2023-03-25 00:38:56,6.18054667,-75.58295833,1.80,1537.923,24.077,0.000,,23,45,,
T,2023-03-25 00:38:57,6.18054167,-75.58296000,1.70,1538.523,24.077,0.000,,23,45,,
T,2023-03-25 00:38:58,6.18053667,-75.58296000,1.70,1539.023,24.077,0.000,,24,45,,
T,2023-03-25 00:38:59,6.18053667,-75.58296000,1.60,1539.023,24.077,0.000,,24,45,,
T,2023-03-25 00:39:00,6.18053667,-75.58296000,1.60,1539.023,24.077,0.000,,24,45,,
T,2023-03-25 00:39:01,6.18051000,-75.58298000,1.60,1539.723,24.077,1.461,198,24,45,,
T,2023-03-25 00:39:02,6.18050000,-75.58298500,1.70,1540.023,24.077,0.000,,24,45,,
T,2023-03-25 00:39:03,6.18049167,-75.58299167,1.70,1539.923,24.077,0.000,,24,45,,
T,2023-03-25 00:39:04,6.18048333,-75.58299667,1.60,1539.823,24.077,0.000,,24,45,,
T,2023-03-25 00:39:05,6.18048333,-75.58299667,1.60,1539.823,24.077,0.000,,25,45,,
T,2023-03-25 00:39:06,6.18048333,-75.58299667,1.60,1539.823,24.077,0.000,,24,45,,
T,2023-03-25 00:39:07,6.18048333,-75.58299667,1.60,1539.823,24.077,0.000,,24,45,,
T,2023-03-25 00:39:08,6.18048333,-75.58299667,1.60,1539.823,24.077,0.000,,24,45,,
T,2023-03-25 00:39:09,6.18043333,-75.58302167,1.60,1540.323,24.077,1.299,198,24,45,,
T,2023-03-25 00:39:10,6.18041667,-75.58302667,1.50,1540.023,24.077,1.968,207,24,45,,
T,2023-03-25 00:39:11,6.18039667,-75.58303500,1.50,1539.923,24.077,2.614,201,24,45,,
T,2023-03-25 00:39:12,6.18037000,-75.58304833,1.60,1539.423,24.077,3.234,209,24,45,,
T,2023-03-25 00:39:13,6.18034667,-75.58306167,1.60,1538.722,24.078,2.121,208,24,45,,
T,2023-03-25 00:39:14,6.18032833,-75.58307000,1.60,1538.522,24.078,1.956,200,24,45,,
T,2023-03-25 00:39:15,6.18031167,-75.58307333,1.60,1538.622,24.078,2.229,203,24,45,,
T,2023-03-25 00:39:16,6.18028833,-75.58308167,1.60,1538.022,24.078,2.556,197,24,45,,
T,2023-03-25 00:39:17,6.18026833,-75.58308667,1.60,1537.822,24.078,2.105,186,24,45,,
T,2023-03-25 00:39:18,6.18025000,-75.58308833,1.60,1537.922,24.078,1.971,176,24,45,,
T,2023-03-25 00:39:19,6.18022833,-75.58308833,1.60,1537.922,24.078,2.701,180,23,45,,
T,2023-03-25 00:39:20,6.18020500,-75.58309167,1.60,1537.522,24.078,2.352,192,23,45,,
T,2023-03-25 00:39:21,6.18018667,-75.58309167,1.60,1537.522,24.078,2.019,173,23,45,,
T,2023-03-25 00:39:22,6.18017167,-75.58308667,1.60,1537.022,24.078,1.592,169,24,45,,
T,2023-03-25 00:39:23,6.18015500,-75.58308333,1.60,1536.322,24.078,2.149,165,24,45,,
T,2023-03-25 00:39:24,6.18013500,-75.58307667,1.60,1535.922,24.078,2.511,169,24,45,,
T,2023-03-25 00:39:25,6.18011333,-75.58306667,1.70,1535.722,24.078,2.307,166,24,45,,
T,2023-03-25 00:39:26,6.18009167,-75.58306167,1.70,1535.222,24.078,2.536,175,24,45,,
T,2023-03-25 00:39:27,6.18007500,-75.58305500,1.70,1534.922,24.078,2.175,166,24,45,,
T,2023-03-25 00:39:28,6.18005333,-75.58305333,1.70,1534.022,24.078,2.263,169,24,45,,
T,2023-03-25 00:39:29,6.18003500,-75.58304667,1.70,1533.522,24.078,2.394,156,24,45,,
T,2023-03-25 00:39:30,6.18001333,-75.58304333,1.80,1533.522,24.078,2.231,165,23,45,,
T,2023-03-25 00:39:31,6.17998833,-75.58304167,1.80,1533.322,24.078,2.672,167,24,45,,
T,2023-03-25 00:39:32,6.17996500,-75.58304000,1.80,1533.422,24.078,2.126,168,24,45,,
T,2023-03-25 00:39:33,6.17994667,-75.58303667,1.80,1533.622,24.078,1.787,186,24,45,,
T,2023-03-25 00:39:34,6.17993333,-75.58304167,1.80,1533.722,24.078,1.889,209,24,45,,
T,2023-03-25 00:39:35,6.17992000,-75.58305333,1.80,1533.822,24.078,1.464,209,23,45,,
T,2023-03-25 00:39:36,6.17990500,-75.58306167,1.90,1534.022,24.078,0.000,,21,45,,
T,2023-03-25 00:39:37,6.17989333,-75.58306333,1.90,1533.922,24.078,0.000,,21,45,,
T,2023-03-25 00:39:38,6.17988167,-75.58305333,1.90,1534.022,24.078,0.000,,20,45,,
T,2023-03-25 00:39:39,6.17988167,-75.58305333,1.90,1534.022,24.078,0.000,,20,45,,
T,2023-03-25 00:39:40,6.17988167,-75.58305333,2.00,1534.022,24.078,0.000,,22,45,,
T,2023-03-25 00:39:41,6.17988167,-75.58305333,2.10,1534.022,24.078,0.000,,20,45,,
T,2023-03-25 00:39:42,6.17988167,-75.58305333,2.10,1534.022,24.078,0.000,,21,45,,
T,2023-03-25 00:39:43,6.17988167,-75.58305333,2.20,1534.022,24.078,0.000,,22,45,,
T,2023-03-25 00:39:44,6.17988167,-75.58305333,2.10,1534.022,24.078,0.000,,22,45,,
T,2023-03-25 00:39:45,6.17988167,-75.58305333,2.20,1534.022,24.078,0.000,,22,45,,
T,2023-03-25 00:39:46,6.17988167,-75.58305333,2.10,1534.022,24.078,0.000,,22,45,,
T,2023-03-25 00:39:47,6.17988167,-75.58305333,2.10,1534.022,24.078,0.000,,21,45,,
T,2023-03-25 00:39:48,6.17988167,-75.58305333,2.10,1534.022,24.078,0.000,,21,45,,
T,2023-03-25 00:39:49,6.17988167,-75.58305333,2.10,1534.022,24.078,0.000,,22,45,,
T,2023-03-25 00:39:50,6.17988167,-75.58305333,2.10,1534.022,24.078,0.000,,22,45,,
T,2023-03-25 00:39:51,6.17988167,-75.58305333,2.20,1534.022,24.078,0.000,,22,45,,
T,2023-03-25 00:39:52,6.17988167,-75.58305333,2.10,1534.022,24.078,0.000,,22,45,,
T,2023-03-25 00:39:53,6.17979000,-75.58305667,2.10,1535.121,24.079,0.035,209,21,45,,
T,2023-03-25 00:39:54,6.17979333,-75.58305833,2.10,1535.521,24.079,0.000,,23,45,,
T,2023-03-25 00:39:55,6.17979500,-75.58306667,2.00,1535.721,24.079,0.000,,21,45,,
T,2023-03-25 00:39:56,6.17979833,-75.58307833,2.00,1535.921,24.079,0.000,,22,45,,
T,2023-03-25 00:39:57,6.17979833,-75.58307833,2.10,1535.921,24.079,0.000,,23,45,,
T,2023-03-25 00:39:58,6.17979833,-75.58307833,2.20,1535.921,24.079,0.000,,23,45,,
T,2023-03-25 00:39:59,6.17979833,-75.58307833,2.40,1535.921,24.079,0.000,,23,45,,
T,2023-03-25 00:40:00,6.17975000,-75.58312500,2.20,1536.121,24.079,3.031,200,22,45,,
T,2023-03-25 00:40:01,6.17971167,-75.58315667,2.10,1536.521,24.079,4.579,197,22,45,,
T,2023-03-25 00:40:02,6.17966667,-75.58318333,2.00,1536.721,24.079,5.180,203,23,45,,
T,2023-03-25 00:40:03,6.17962333,-75.58321167,1.90,1536.920,24.080,4.901,206,23,45,,
T,2023-03-25 00:40:04,6.17958000,-75.58323833,1.80,1537.020,24.080,5.112,209,24,45,,
T,2023-03-25 00:40:05,6.17953667,-75.58326500,1.80,1537.320,24.080,5.135,209,25,45,,
T,2023-03-25 00:40:06,6.17948667,-75.58329500,1.70,1537.120,24.080,5.886,206,24,45,,
T,2023-03-25 00:40:07,6.17943833,-75.58332500,1.70,1537.319,24.081,5.855,209,24,45,,
T,2023-03-25 00:40:08,6.17938667,-75.58335500,1.70,1537.619,24.081,6.243,209,25,45,,
T,2023-03-25 00:40:09,6.17933167,-75.58339000,1.60,1537.719,24.081,6.932,210,25,45,,
T,2023-03-25 00:40:10,6.17927167,-75.58342500,1.60,1536.719,24.081,7.660,211,25,45,,
T,2023-03-25 00:40:11,6.17921333,-75.58346333,1.60,1536.518,24.082,7.673,213,25,45,,
T,2023-03-25 00:40:12,6.17915833,-75.58350000,1.60,1536.018,24.082,6.655,214,25,45,,
T,2023-03-25 00:40:13,6.17911000,-75.58353667,1.60,1535.718,24.082,5.873,216,24,45,,
T,2023-03-25 00:40:14,6.17906667,-75.58357167,1.60,1534.717,24.083,5.981,214,24,45,,
T,2023-03-25 00:40:15,6.17902667,-75.58360000,1.60,1535.017,24.083,5.155,214,25,45,,
T,2023-03-25 00:40:16,6.17898667,-75.58363333,1.60,1535.217,24.083,5.496,216,25,45,,
T,2023-03-25 00:40:17,6.17894667,-75.58366833,1.60,1535.217,24.083,5.956,219,25,45,,
T,2023-03-25 00:40:18,6.17890333,-75.58370667,1.60,1535.116,24.084,6.498,222,25,45,,
T,2023-03-25 00:40:19,6.17885667,-75.58374667,1.60,1535.416,24.084,6.741,217,26,45,,
T,2023-03-25 00:40:20,6.17880667,-75.58378333,1.70,1535.716,24.084,7.195,215,27,45,,
T,2023-03-25 00:40:21,6.17875167,-75.58382333,1.80,1535.815,24.085,7.715,212,28,45,,
T,2023-03-25 00:40:22,6.17869500,-75.58387000,1.80,1536.815,24.085,8.701,218,26,45,,
T,2023-03-25 00:40:23,6.17863000,-75.58392333,1.80,1537.115,24.085,9.088,218,27,45,,
T,2023-03-25 00:40:24,6.17856667,-75.58397833,1.90,1537.314,24.086,8.867,220,27,45,,
T,2023-03-25 00:40:25,6.17849833,-75.58403167,2.00,1537.514,24.086,9.451,216,26,45,,
T,2023-03-25 00:40:26,6.17842667,-75.58408333,2.00,1537.313,24.087,9.309,216,26,45,,
T,2023-03-25 00:40:27,6.17835667,-75.58414167,2.00,1537.413,24.087,9.449,217,24,45,,
T,2023-03-25 00:40:28,6.17828833,-75.58419833,2.00,1537.413,24.087,9.631,218,23,45,,
T,2023-03-25 00:40:29,6.17821000,-75.58424833,2.20,1537.312,24.088,9.426,214,21,45,,
T,2023-03-25 00:40:30,6.17814500,-75.58429667,2.30,1537.812,24.088,9.064,213,22,45,,
T,2023-03-25 00:40:31,6.17808000,-75.58434167,2.20,1538.011,24.089,8.542,214,23,45,,
T,2023-03-25 00:40:32,6.17802000,-75.58439167,2.30,1538.611,24.089,8.170,215,22,45,,
T,2023-03-25 00:40:33,6.17797167,-75.58443667,2.10,1538.811,24.089,7.294,216,23,45,,
T,2023-03-25 00:40:34,6.17792667,-75.58448333,2.10,1539.210,24.090,7.125,221,24,45,,
T,2023-03-25 00:40:35,6.17789333,-75.58453000,2.10,1538.110,24.090,6.149,226,24,45,,
T,2023-03-25 00:40:36,6.17786667,-75.58456000,2.10,1538.110,24.090,4.480,225,24,45,,
T,2023-03-25 00:40:37,6.17784667,-75.58457667,2.10,1538.010,24.090,3.308,218,26,45,,
T,2023-03-25 00:40:38,6.17782667,-75.58458833,2.10,1537.610,24.090,3.033,209,26,45,,
T,2023-03-25 00:40:39,6.17780500,-75.58460333,2.00,1537.509,24.091,3.009,207,27,45,,
T,2023-03-25 00:40:40,6.17777667,-75.58461833,2.00,1537.609,24.091,3.661,207,27,45,,
T,2023-03-25 00:40:41,6.17774833,-75.58463667,2.00,1537.509,24.091,3.686,212,27,45,,
T,2023-03-25 00:40:42,6.17771333,-75.58465500,2.00,1537.809,24.091,3.795,209,27,45,,
T,2023-03-25 00:40:43,6.17768333,-75.58467500,2.00,1538.209,24.091,3.784,216,27,45,,
T,2023-03-25 00:40:44,6.17764667,-75.58470167,2.00,1538.109,24.091,4.236,207,27,45,,
T,2023-03-25 00:40:45,6.17761000,-75.58471833,2.00,1537.909,24.091,3.752,207,27,45,,
T,2023-03-25 00:40:46,6.17758000,-75.58473833,1.90,1537.808,24.092,2.499,219,27,45,,
T,2023-03-25 00:40:47,6.17755833,-75.58475333,2.00,1537.908,24.092,1.999,230,27,45,,
T,2023-03-25 00:40:48,6.17754333,-75.58477000,1.90,1537.908,24.092,1.389,230,27,45,,
T,2023-03-25 00:40:49,6.17752833,-75.58478000,1.90,1538.208,24.092,1.741,229,26,45,,
T,2023-03-25 00:40:50,6.17750667,-75.58480167,1.90,1537.408,24.092,2.633,223,27,45,,
T,2023-03-25 00:40:51,6.17748000,-75.58481833,1.90,1537.008,24.092,3.028,211,27,45,,
T,2023-03-25 00:40:52,6.17744667,-75.58483333,1.80,1536.808,24.092,3.193,206,26,45,,
T,2023-03-25 00:40:53,6.17741500,-75.58485500,1.80,1537.307,24.093,3.385,217,26,45,,
T,2023-03-25 00:40:54,6.17737833,-75.58487667,1.80,1537.007,24.093,4.112,217,26,45,,
T,2023-03-25 00:40:55,6.17733667,-75.58490333,1.70,1537.107,24.093,4.766,211,26,45,,
T,2023-03-25 00:40:56,6.17729333,-75.58493167,1.70,1537.307,24.093,4.799,208,26,45,,
T,2023-03-25 00:40:57,6.17724667,-75.58496000,1.70,1537.607,24.093,5.643,210,26,45,,
T,2023-03-25 00:40:58,6.17719833,-75.58499167,1.70,1537.406,24.094,5.151,213,26,45,,
T,2023-03-25 00:40:59,6.17715333,-75.58502500,1.60,1537.906,24.094,5.151,218,26,45,,
T,2023-03-25 00:41:00,6.17710833,-75.58505667,1.60,1537.706,24.094,5.480,217,26,45,,
T,2023-03-25 00:41:01,6.17706000,-75.58509167,1.60,1537.505,24.095,5.966,214,25,45,,
T,2023-03-25 00:41:02,6.17700833,-75.58512667,1.50,1537.405,24.095,6.455,209,27,45,,
T,2023-03-25 00:41:03,6.17694833,-75.58515667,1.50,1537.705,24.095,6.647,204,27,45,,
T,2023-03-25 00:41:04,6.17688500,-75.58518500,1.50,1538.305,24.095,6.670,202,27,45,,
T,2023-03-25 00:41:05,6.17682167,-75.58520833,1.60,1539.104,24.096,6.164,200,27,45,,
T,2023-03-25 00:41:06,6.17675667,-75.58522667,1.90,1539.904,24.096,6.006,193,27,45,,
T,2023-03-25 00:41:07,6.17670667,-75.58524167,2.00,1541.204,24.096,5.630,188,27,45,,
T,2023-03-25 00:41:08,6.17665667,-75.58525333,1.80,1542.404,24.096,6.001,196,27,45,,
T,2023-03-25 00:41:09,6.17660667,-75.58527500,1.70,1542.804,24.096,6.104,205,26,45,,
T,2023-03-25 00:41:10,6.17655833,-75.58529833,1.60,1543.403,24.097,5.575,204,26,45,,
T,2023-03-25 00:41:11,6.17651500,-75.58532000,1.60,1544.303,24.097,5.042,206,27,45,,
T,2023-03-25 00:41:12,6.17647167,-75.58534333,1.50,1544.303,24.097,5.614,210,27,45,,
T,2023-03-25 00:41:13,6.17642167,-75.58537167,1.50,1544.203,24.097,6.379,207,27,45,,
T,2023-03-25 00:41:14,6.17636500,-75.58540333,1.50,1544.603,24.097,7.385,202,27,45,,
T,2023-03-25 00:41:15,6.17630667,-75.58543000,1.50,1544.902,24.098,6.569,203,27,45,,
T,2023-03-25 00:41:16,6.17625333,-75.58545667,1.50,1544.602,24.098,6.211,206,26,45,,
T,2023-03-25 00:41:17,6.17620000,-75.58548833,1.50,1544.702,24.098,6.858,209,26,45,,
T,2023-03-25 00:41:18,6.17613833,-75.58552667,1.50,1544.101,24.099,8.117,207,26,45,,
T,2023-03-25 00:41:19,6.17607000,-75.58556500,1.50,1544.301,24.099,8.428,207,25,45,,
T,2023-03-25 00:41:20,6.17599333,-75.58560500,1.50,1544.201,24.099,9.491,207,25,45,,
T,2023-03-25 00:41:21,6.17590667,-75.58564833,1.50,1544.400,24.100,9.974,207,24,45,,
T,2023-03-25 00:41:22,6.17582000,-75.58568833,1.50,1545.100,24.100,9.520,203,24,45,,
T,2023-03-25 00:41:23,6.17574000,-75.58572333,1.50,1545.500,24.100,8.532,203,24,45,,
T,2023-03-25 00:41:24,6.17567167,-75.58575167,1.50,1545.299,24.101,7.082,201,26,45,,
T,2023-03-25 00:41:25,6.17561500,-75.58577500,1.50,1545.099,24.101,5.516,204,27,45,,
T,2023-03-25 00:41:26,6.17557500,-75.58579667,1.50,1544.399,24.101,3.574,213,27,45,,
T,2023-03-25 00:41:27,6.17555333,-75.58580833,1.60,1543.799,24.101,2.034,207,27,45,,
T,2023-03-25 00:41:28,6.17554167,-75.58580667,1.60,1543.899,24.101,0.000,,27,45,,
T,2023-03-25 00:41:29,6.17553833,-75.58580333,1.60,1543.799,24.101,0.000,,27,45,,
T,2023-03-25 00:41:30,6.17553833,-75.58580167,1.60,1543.099,24.101,0.000,,27,45,,
T,2023-03-25 00:41:31,6.17553833,-75.58580167,1.60,1543.099,24.101,0.000,,27,45,,
T,2023-03-25 00:41:32,6.17553833,-75.58580167,1.50,1543.099,24.101,0.000,,27,45,,
T,2023-03-25 00:41:33,6.17553833,-75.58580167,1.50,1543.099,24.101,0.000,,26,45,,
T,2023-03-25 00:41:34,6.17553833,-75.58580167,1.50,1543.099,24.101,0.000,,27,45,,
T,2023-03-25 00:41:35,6.17553833,-75.58580167,1.50,1543.099,24.101,0.000,,26,45,,
T,2023-03-25 00:41:36,6.17553833,-75.58580167,1.40,1543.099,24.101,0.000,,26,45,,
T,2023-03-25 00:41:37,6.17553833,-75.58580167,1.40,1543.099,24.101,0.000,,26,45,,
T,2023-03-25 00:41:38,6.17553833,-75.58580167,1.40,1543.099,24.101,0.000,,25,45,,
T,2023-03-25 00:41:39,6.17553833,-75.58580167,1.40,1543.099,24.101,0.000,,25,45,,
T,2023-03-25 00:41:40,6.17553833,-75.58580167,1.40,1543.099,24.101,0.000,,25,45,,
T,2023-03-25 00:41:41,6.17553833,-75.58580167,1.30,1543.099,24.101,0.000,,25,45,,
T,2023-03-25 00:41:42,6.17553833,-75.58580167,1.40,1543.099,24.101,0.000,,25,45,,
T,2023-03-25 00:41:43,6.17553833,-75.58580167,1.30,1543.099,24.101,0.000,,25,45,,
T,2023-03-25 00:41:44,6.17553833,-75.58580167,1.30,1543.099,24.101,0.000,,25,45,,
T,2023-03-25 00:41:45,6.17553833,-75.58580167,1.30,1543.099,24.101,0.000,,25,45,,
T,2023-03-25 00:41:46,6.17553833,-75.58580167,1.30,1543.099,24.101,0.000,,23,45,,
T,2023-03-25 00:41:47,6.17553833,-75.58580167,1.30,1543.099,24.101,0.000,,23,45,,
T,2023-03-25 00:41:48,6.17553833,-75.58580167,1.30,1543.099,24.101,0.000,,22,45,,
T,2023-03-25 00:41:49,6.17553833,-75.58580167,1.40,1543.099,24.101,0.000,,24,45,,
T,2023-03-25 00:41:50,6.17553833,-75.58580167,1.40,1543.099,24.101,0.000,,25,45,,
T,2023-03-25 00:41:51,6.17553833,-75.58580167,1.40,1543.099,24.101,0.000,,25,45,,
T,2023-03-25 00:41:52,6.17553833,-75.58580167,1.40,1543.099,24.101,0.000,,25,45,,
T,2023-03-25 00:41:53,6.17553833,-75.58580167,1.40,1543.099,24.101,0.000,,25,45,,
T,2023-03-25 00:41:54,6.17553833,-75.58580167,1.40,1543.099,24.101,0.000,,24,45,,
T,2023-03-25 00:41:55,6.17553833,-75.58580167,1.40,1543.099,24.101,0.000,,26,45,,
T,2023-03-25 00:41:56,6.17553833,-75.58580167,1.40,1543.099,24.101,0.000,,24,45,,
T,2023-03-25 00:41:57,6.17553833,-75.58580167,1.40,1543.099,24.101,0.000,,25,45,,
T,2023-03-25 00:41:58,6.17553833,-75.58580167,1.40,1543.099,24.101,0.000,,26,45,,
T,2023-03-25 00:41:59,6.17553833,-75.58580167,1.40,1543.099,24.101,0.000,,25,45,,
T,2023-03-25 00:42:00,6.17553833,-75.58580167,1.40,1543.099,24.101,0.000,,25,45,,
T,2023-03-25 00:42:01,6.17553833,-75.58580167,1.40,1543.099,24.101,0.000,,25,45,,
T,2023-03-25 00:42:02,6.17553833,-75.58580167,1.40,1543.099,24.101,0.000,,27,45,,
T,2023-03-25 00:42:03,6.17553833,-75.58580167,1.40,1543.099,24.101,0.000,,27,45,,
T,2023-03-25 00:42:04,6.17553833,-75.58580167,1.40,1543.099,24.101,0.000,,27,45,,
T,2023-03-25 00:42:05,6.17553833,-75.58580167,1.40,1543.099,24.101,0.000,,26,45,,
T,2023-03-25 00:42:06,6.17553833,-75.58580167,1.40,1543.099,24.101,0.000,,25,45,,
T,2023-03-25 00:42:07,6.17553833,-75.58580167,1.40,1543.099,24.101,0.000,,25,45,,
T,2023-03-25 00:42:08,6.17553833,-75.58580167,1.40,1543.099,24.101,0.000,,25,45,,
T,2023-03-25 00:42:09,6.17553833,-75.58580167,1.40,1543.099,24.101,0.000,,25,45,,
T,2023-03-25 00:42:10,6.17553833,-75.58580167,1.40,1543.099,24.101,0.000,,25,45,,
T,2023-03-25 00:42:11,6.17553833,-75.58580167,1.40,1543.099,24.101,0.000,,25,45,,
T,2023-03-25 00:42:12,6.17553833,-75.58580167,1.40,1543.099,24.101,0.000,,25,45,,
T,2023-03-25 00:42:13,6.17553833,-75.58580167,1.30,1543.099,24.101,0.000,,25,45,,
T,2023-03-25 00:42:14,6.17553833,-75.58580167,1.30,1543.099,24.101,0.000,,24,45,,
T,2023-03-25 00:42:15,6.17553833,-75.58580167,1.40,1543.099,24.101,0.000,,25,45,,
T,2023-03-25 00:42:16,6.17553833,-75.58580167,1.40,1543.099,24.101,0.000,,25,45,,
T,2023-03-25 00:42:17,6.17553833,-75.58580167,1.40,1543.099,24.101,0.000,,26,45,,
T,2023-03-25 00:42:18,6.17553833,-75.58580167,1.40,1543.099,24.101,0.000,,26,45,,
T,2023-03-25 00:42:19,6.17553833,-75.58580167,1.40,1543.099,24.101,0.000,,26,45,,
T,2023-03-25 00:42:20,6.17553833,-75.58580167,1.40,1543.099,24.101,0.000,,25,45,,
T,2023-03-25 00:42:21,6.17553833,-75.58580167,1.40,1543.099,24.101,0.000,,25,45,,
T,2023-03-25 00:42:22,6.17553833,-75.58580167,1.40,1543.099,24.101,0.000,,25,45,,
T,2023-03-25 00:42:23,6.17553833,-75.58580167,1.40,1543.099,24.101,0.000,,26,45,,
T,2023-03-25 00:42:24,6.17553833,-75.58580167,1.40,1543.099,24.101,0.000,,27,45,,
T,2023-03-25 00:42:25,6.17553833,-75.58580167,1.40,1543.099,24.101,0.000,,26,45,,
T,2023-03-25 00:42:26,6.17553833,-75.58580167,1.40,1543.099,24.101,0.000,,26,45,,
T,2023-03-25 00:42:27,6.17553833,-75.58580167,1.40,1543.099,24.101,0.000,,25,45,,
T,2023-03-25 00:42:28,6.17553833,-75.58580167,1.40,1543.099,24.101,0.000,,25,45,,
T,2023-03-25 00:42:29,6.17553833,-75.58580167,1.40,1543.099,24.101,0.000,,26,45,,
T,2023-03-25 00:42:30,6.17553833,-75.58580167,1.40,1543.099,24.101,0.000,,26,45,,
T,2023-03-25 00:42:31,6.17553833,-75.58580167,1.50,1543.099,24.101,0.000,,26,45,,
T,2023-03-25 00:42:32,6.17553833,-75.58580167,1.50,1543.099,24.101,0.000,,26,45,,
T,2023-03-25 00:42:33,6.17550500,-75.58585167,1.50,1545.798,24.102,3.003,202,27,45,,
T,2023-03-25 00:42:34,6.17547833,-75.58586333,1.40,1545.698,24.102,3.255,204,27,45,,
T,2023-03-25 00:42:35,6.17544167,-75.58587667,1.70,1545.598,24.102,3.806,196,27,45,,
T,2023-03-25 00:42:36,6.17540000,-75.58589167,1.60,1545.198,24.102,4.909,206,26,45,,
T,2023-03-25 00:42:37,6.17534833,-75.58591167,1.50,1544.598,24.102,6.383,202,26,45,,
T,2023-03-25 00:42:38,6.17528833,-75.58593333,1.50,1543.998,24.102,6.763,203,26,45,,
T,2023-03-25 00:42:39,6.17523167,-75.58595667,1.50,1543.597,24.103,6.593,202,26,45,,
T,2023-03-25 00:42:40,6.17517167,-75.58598333,1.50,1542.597,24.103,7.181,202,26,45,,
T,2023-03-25 00:42:41,6.17510667,-75.58600333,1.50,1542.497,24.103,7.617,193,26,45,,
T,2023-03-25 00:42:42,6.17502833,-75.58602333,1.60,1542.397,24.103,9.523,192,26,45,,
T,2023-03-25 00:42:43,6.17493667,-75.58605167,1.50,1542.596,24.104,11.015,197,26,45,,
T,2023-03-25 00:42:44,6.17483667,-75.58608667,1.50,1542.996,24.104,11.706,198,26,45,,
T,2023-03-25 00:42:45,6.17473000,-75.58612500,1.50,1543.296,24.104,12.781,200,25,45,,
T,2023-03-25 00:42:46,6.17461833,-75.58616833,1.50,1543.395,24.105,13.202,200,25,45,,
T,2023-03-25 00:42:47,6.17450333,-75.58621667,1.40,1542.995,24.105,13.534,201,25,45,,
T,2023-03-25 00:42:48,6.17438833,-75.58626333,1.40,1543.294,24.106,13.695,202,24,45,,
T,2023-03-25 00:42:49,6.17427000,-75.58631167,2.00,1544.594,24.106,13.516,201,24,45,,
T,2023-03-25 00:42:50,6.17415667,-75.58635833,1.70,1544.893,24.107,12.973,201,24,45,,
T,2023-03-25 00:42:51,6.17404667,-75.58640333,1.90,1545.893,24.107,12.677,204,24,45,,
T,2023-03-25 00:42:52,6.17394167,-75.58644667,2.00,1546.292,24.108,12.172,206,24,45,,
T,2023-03-25 00:42:53,6.17383833,-75.58650833,1.90,1546.692,24.108,12.050,210,24,45,,
T,2023-03-25 00:42:54,6.17374333,-75.58656500,1.70,1547.391,24.109,11.609,211,24,45,,
T,2023-03-25 00:42:55,6.17365333,-75.58662500,1.60,1547.891,24.109,11.609,214,25,45,,
T,2023-03-25 00:42:56,6.17356667,-75.58668500,1.50,1548.890,24.110,11.263,213,25,45,,
T,2023-03-25 00:42:57,6.17348333,-75.58674167,1.50,1549.990,24.110,11.109,212,25,45,,
T,2023-03-25 00:42:58,6.17339667,-75.58680167,1.50,1550.289,24.111,11.296,214,25,45,,
T,2023-03-25 00:42:59,6.17331000,-75.58686167,1.50,1550.989,24.111,11.920,215,25,45,,
T,2023-03-25 00:43:00,6.17322000,-75.58692000,1.50,1551.888,24.112,11.791,213,25,45,,
T,2023-03-25 00:43:01,6.17313000,-75.58697833,1.50,1552.488,24.112,11.781,213,25,45,,
T,2023-03-25 00:43:02,6.17304167,-75.58703500,1.50,1552.788,24.112,11.476,211,25,45,,
T,2023-03-25 00:43:03,6.17295167,-75.58709333,1.50,1553.287,24.113,11.994,212,25,45,,
T,2023-03-25 00:43:04,6.17286000,-75.58715167,1.50,1553.487,24.113,11.803,212,25,45,,
T,2023-03-25 00:43:05,6.17277500,-75.58721167,1.50,1553.786,24.114,11.422,215,25,45,,
T,2023-03-25 00:43:06,6.17268833,-75.58727167,1.50,1554.086,24.114,11.937,214,25,45,,
T,2023-03-25 00:43:07,6.17259833,-75.58733167,1.50,1554.285,24.115,11.814,212,25,45,,
T,2023-03-25 00:43:08,6.17250667,-75.58739500,1.50,1554.785,24.115,12.567,214,25,45,,
T,2023-03-25 00:43:09,6.17240667,-75.58746333,1.90,1555.484,24.116,13.180,212,24,45,,
T,2023-03-25 00:43:10,6.17230833,-75.58753000,1.80,1556.183,24.117,13.394,213,24,45,,
T,2023-03-25 00:43:11,6.17220500,-75.58759667,2.00,1557.483,24.117,13.721,211,23,45,,
T,2023-03-25 00:43:12,6.17210000,-75.58766500,2.10,1558.582,24.118,13.891,211,23,45,,
T,2023-03-25 00:43:13,6.17199333,-75.58773667,2.10,1559.782,24.118,13.324,211,23,45,,
T,2023-03-25 00:43:14,6.17189500,-75.58780500,2.00,1560.681,24.119,12.787,212,23,45,,
T,2023-03-25 00:43:15,6.17179833,-75.58786500,2.00,1559.281,24.119,12.210,215,23,45,,
T,2023-03-25 00:43:16,6.17170667,-75.58793500,1.80,1558.980,24.120,12.424,215,24,45,,
T,2023-03-25 00:43:17,6.17161000,-75.58800833,2.00,1558.880,24.120,12.609,216,24,45,,
T,2023-03-25 00:43:18,6.17152667,-75.58807833,2.00,1559.079,24.121,12.145,215,24,45,,
T,2023-03-25 00:43:19,6.17144167,-75.58814333,2.00,1559.279,24.121,12.284,215,24,45,,
T,2023-03-25 00:43:20,6.17135167,-75.58821000,1.80,1560.078,24.122,12.085,214,24,45,,
T,2023-03-25 00:43:21,6.17125833,-75.58826667,2.00,1560.478,24.122,11.581,213,24,45,,
T,2023-03-25 00:43:22,6.17117500,-75.58832167,2.00,1560.677,24.123,10.666,213,24,45,,
T,2023-03-25 00:43:23,6.17109667,-75.58837333,1.80,1560.077,24.123,10.030,214,24,45,,
T,2023-03-25 00:43:24,6.17102333,-75.58842000,1.70,1559.276,24.124,9.629,213,24,45,,
T,2023-03-25 00:43:25,6.17095000,-75.58846333,1.60,1558.076,24.124,9.006,211,25,45,,
T,2023-03-25 00:43:26,6.17088667,-75.58849833,1.50,1556.976,24.124,8.075,212,25,45,,
T,2023-03-25 00:43:27,6.17083000,-75.58853333,1.50,1556.275,24.125,7.363,213,25,45,,
T,2023-03-25 00:43:28,6.17077667,-75.58856667,1.40,1555.875,24.125,6.587,209,25,45,,
T,2023-03-25 00:43:29,6.17072667,-75.58859500,1.40,1555.675,24.125,6.178,208,25,45,,
T,2023-03-25 00:43:30,6.17068333,-75.58862000,1.40,1555.475,24.125,5.247,205,25,45,,
T,2023-03-25 00:43:31,6.17064333,-75.58863833,1.40,1554.974,24.126,4.817,210,26,45,,
T,2023-03-25 00:43:32,6.17061167,-75.58865833,1.40,1554.374,24.126,3.722,222,26,45,,
T,2023-03-25 00:43:33,6.17059333,-75.58867667,1.40,1553.974,24.126,2.571,228,25,45,,
T,2023-03-25 00:43:34,6.17058167,-75.58868667,1.50,1553.674,24.126,1.618,217,25,45,,
T,2023-03-25 00:43:35,6.17058000,-75.58868833,1.50,1553.174,24.126,0.000,,25,45,,
T,2023-03-25 00:43:36,6.17058000,-75.58868500,1.50,1553.674,24.126,0.000,,25,45,,
T,2023-03-25 00:43:37,6.17058000,-75.58868167,1.50,1553.974,24.126,0.000,,25,45,,
T,2023-03-25 00:43:38,6.17058000,-75.58868167,1.50,1553.974,24.126,0.000,,25,45,,
T,2023-03-25 00:43:39,6.17058000,-75.58868167,1.40,1553.974,24.126,0.000,,25,45,,
T,2023-03-25 00:43:40,6.17058000,-75.58868167,1.40,1553.974,24.126,0.000,,25,45,,
T,2023-03-25 00:43:41,6.17058000,-75.58868167,1.40,1553.974,24.126,0.000,,25,45,,
T,2023-03-25 00:43:42,6.17058000,-75.58868167,1.40,1553.974,24.126,0.000,,25,45,,
T,2023-03-25 00:43:43,6.17058000,-75.58868167,1.40,1553.974,24.126,0.000,,25,45,,
T,2023-03-25 00:43:44,6.17058000,-75.58868167,1.40,1553.974,24.126,0.000,,25,45,,
T,2023-03-25 00:43:45,6.17058000,-75.58868167,1.40,1553.974,24.126,0.000,,25,45,,
T,2023-03-25 00:43:46,6.17058000,-75.58868167,1.40,1553.974,24.126,0.000,,24,45,,
T,2023-03-25 00:43:47,6.17058000,-75.58868167,1.40,1553.974,24.126,0.000,,23,45,,
T,2023-03-25 00:43:48,6.17058000,-75.58868167,1.40,1553.974,24.126,0.000,,23,45,,
T,2023-03-25 00:43:49,6.17058000,-75.58868167,1.40,1553.974,24.126,0.000,,25,45,,
T,2023-03-25 00:43:50,6.17058000,-75.58868167,1.40,1553.974,24.126,0.000,,25,45,,
T,2023-03-25 00:43:51,6.17058000,-75.58868167,1.50,1553.974,24.126,0.000,,25,45,,
T,2023-03-25 00:43:52,6.17058000,-75.58868167,1.50,1553.974,24.126,0.000,,25,45,,
T,2023-03-25 00:43:53,6.17058000,-75.58868167,1.50,1553.974,24.126,0.000,,25,45,,
T,2023-03-25 00:43:54,6.17058000,-75.58868167,1.50,1553.974,24.126,0.000,,25,45,,
T,2023-03-25 00:43:55,6.17058000,-75.58868167,1.50,1553.974,24.126,0.000,,24,45,,
T,2023-03-25 00:43:56,6.17058000,-75.58868167,1.50,1553.974,24.126,0.000,,24,45,,
T,2023-03-25 00:43:57,6.17058000,-75.58868167,1.50,1553.974,24.126,0.000,,25,45,,
T,2023-03-25 00:43:58,6.17058000,-75.58868167,1.50,1553.974,24.126,0.000,,25,45,,
T,2023-03-25 00:43:59,6.17058000,-75.58868167,1.50,1553.974,24.126,0.000,,25,45,,
T,2023-03-25 00:44:00,6.17058000,-75.58868167,1.40,1553.974,24.126,0.000,,26,45,,
T,2023-03-25 00:44:01,6.17058000,-75.58868167,1.40,1553.974,24.126,0.000,,26,45,,
T,2023-03-25 00:44:02,6.17058000,-75.58868167,1.50,1553.974,24.126,0.000,,26,45,,
T,2023-03-25 00:44:03,6.17058000,-75.58868167,1.40,1553.974,24.126,0.000,,26,45,,
T,2023-03-25 00:44:04,6.17058000,-75.58868167,1.40,1553.974,24.126,0.000,,26,45,,
T,2023-03-25 00:44:05,6.17058000,-75.58868167,1.40,1553.974,24.126,0.000,,26,45,,
T,2023-03-25 00:44:06,6.17058000,-75.58868167,1.40,1553.974,24.126,0.000,,26,45,,
T,2023-03-25 00:44:07,6.17058000,-75.58868167,1.40,1553.974,24.126,0.000,,26,45,,
T,2023-03-25 00:44:08,6.17058000,-75.58868167,1.40,1553.974,24.126,0.000,,26,45,,
T,2023-03-25 00:44:09,6.17058000,-75.58868167,1.40,1553.974,24.126,0.000,,26,45,,
T,2023-03-25 00:44:10,6.17058000,-75.58868167,1.40,1553.974,24.126,0.000,,26,45,,
T,2023-03-25 00:44:11,6.17058000,-75.58868167,1.40,1553.974,24.126,0.000,,25,45,,
T,2023-03-25 00:44:12,6.17058000,-75.58868167,1.40,1553.974,24.126,0.000,,25,45,,
T,2023-03-25 00:44:13,6.17058000,-75.58868167,1.40,1553.974,24.126,0.000,,25,45,,
T,2023-03-25 00:44:14,6.17058000,-75.58868167,1.40,1553.974,24.126,0.000,,25,45,,
T,2023-03-25 00:44:15,6.17058000,-75.58868167,1.40,1553.974,24.126,0.000,,25,45,,
T,2023-03-25 00:44:16,6.17058000,-75.58868167,1.40,1553.974,24.126,0.000,,25,45,,
T,2023-03-25 00:44:17,6.17058000,-75.58868167,1.40,1553.974,24.126,0.000,,25,45,,
T,2023-03-25 00:44:18,6.17058000,-75.58868167,1.40,1553.974,24.126,0.000,,25,45,,
T,2023-03-25 00:44:19,6.17058000,-75.58868167,1.40,1553.974,24.126,0.000,,25,45,,
T,2023-03-25 00:44:20,6.17058000,-75.58868167,1.40,1553.974,24.126,0.000,,25,45,,
T,2023-03-25 00:44:21,6.17058000,-75.58868167,1.40,1553.974,24.126,0.000,,25,45,,
T,2023-03-25 00:44:22,6.17058000,-75.58868167,1.40,1553.974,24.126,0.000,,25,45,,
T,2023-03-25 00:44:23,6.17058000,-75.58868167,1.40,1553.974,24.126,0.000,,25,45,,
T,2023-03-25 00:44:24,6.17058000,-75.58868167,1.40,1553.974,24.126,0.000,,24,45,,
T,2023-03-25 00:44:25,6.17058000,-75.58868167,1.40,1553.974,24.126,0.000,,24,45,,
T,2023-03-25 00:44:26,6.17058000,-75.58868167,1.50,1553.974,24.126,0.000,,25,45,,
T,2023-03-25 00:44:27,6.17058000,-75.58868167,1.50,1553.974,24.126,0.000,,24,45,,
T,2023-03-25 00:44:28,6.17058000,-75.58868167,1.50,1553.974,24.126,0.000,,25,45,,
T,2023-03-25 00:44:29,6.17058000,-75.58868167,1.50,1553.974,24.126,0.000,,24,45,,
T,2023-03-25 00:44:30,6.17058000,-75.58868167,1.50,1553.974,24.126,0.000,,27,45,,
T,2023-03-25 00:44:31,6.17058000,-75.58868167,1.50,1553.974,24.126,0.000,,27,45,,
T,2023-03-25 00:44:32,6.17058000,-75.58868167,1.50,1553.974,24.126,0.000,,27,45,,
T,2023-03-25 00:44:33,6.17058000,-75.58868167,1.50,1553.974,24.126,0.000,,27,45,,
T,2023-03-25 00:44:34,6.17058000,-75.58868167,1.50,1553.974,24.126,0.000,,26,45,,
T,2023-03-25 00:44:35,6.17058000,-75.58868167,1.50,1553.974,24.126,0.000,,26,45,,
T,2023-03-25 00:44:36,6.17058000,-75.58868167,1.50,1553.974,24.126,0.000,,26,45,,
T,2023-03-25 00:44:37,6.17058000,-75.58868167,1.50,1553.974,24.126,0.000,,26,45,,
T,2023-03-25 00:44:38,6.17058000,-75.58868167,1.50,1553.974,24.126,0.000,,26,45,,
T,2023-03-25 00:44:39,6.17058000,-75.58868167,1.50,1553.974,24.126,0.000,,26,45,,
T,2023-03-25 00:44:40,6.17058000,-75.58868167,1.50,1553.974,24.126,0.000,,26,45,,
T,2023-03-25 00:44:41,6.17058000,-75.58868167,1.50,1553.974,24.126,0.000,,27,45,,
T,2023-03-25 00:44:42,6.17058000,-75.58868167,1.60,1553.974,24.126,0.000,,27,45,,
T,2023-03-25 00:44:43,6.17058000,-75.58868167,1.60,1553.974,24.126,0.000,,27,45,,
T,2023-03-25 00:44:44,6.17058000,-75.58868167,1.60,1553.974,24.126,0.000,,27,45,,
T,2023-03-25 00:44:45,6.17058000,-75.58868167,1.70,1553.974,24.126,0.000,,26,45,,
T,2023-03-25 00:44:46,6.17054167,-75.58865000,1.70,1548.974,24.126,3.799,206,27,45,,
T,2023-03-25 00:44:47,6.17049667,-75.58868333,1.90,1548.374,24.126,5.603,208,27,45,,
T,2023-03-25 00:44:48,6.17043000,-75.58873333,2.10,1548.174,24.126,7.858,213,27,45,,
T,2023-03-25 00:44:49,6.17036500,-75.58878833,2.00,1548.873,24.127,7.975,212,25,45,,
T,2023-03-25 00:44:50,6.17030500,-75.58883667,1.90,1549.873,24.127,7.885,212,25,45,,
T,2023-03-25 00:44:51,6.17024000,-75.58887667,1.80,1550.672,24.128,7.340,210,25,45,,
T,2023-03-25 00:44:52,6.17018500,-75.58891167,1.80,1550.972,24.128,6.321,209,25,45,,
T,2023-03-25 00:44:53,6.17014333,-75.58894333,1.80,1551.172,24.128,5.140,210,24,45,,
T,2023-03-25 00:44:54,6.17011167,-75.58896833,1.70,1551.872,24.128,3.585,204,24,45,,
T,2023-03-25 00:44:55,6.17009000,-75.58899000,1.70,1551.872,24.128,2.862,223,24,45,,
T,2023-03-25 00:44:56,6.17007500,-75.58901000,1.70,1551.971,24.129,2.392,221,24,45,,
T,2023-03-25 00:44:57,6.17006167,-75.58902833,1.70,1552.371,24.129,1.825,216,24,45,,
T,2023-03-25 00:44:58,6.17005333,-75.58904000,1.70,1552.871,24.129,0.000,,24,45,,
T,2023-03-25 00:44:59,6.17005333,-75.58904500,1.70,1553.671,24.129,0.000,,25,45,,
T,2023-03-25 00:45:00,6.17005333,-75.58905333,1.70,1554.271,24.129,0.000,,25,45,,
T,2023-03-25 00:45:01,6.17005333,-75.58905333,1.70,1554.271,24.129,0.000,,25,45,,
T,2023-03-25 00:45:02,6.17005333,-75.58905333,1.70,1554.271,24.129,0.000,,25,45,,
T,2023-03-25 00:45:03,6.17001000,-75.58908500,1.80,1554.971,24.129,3.534,211,25,45,,
T,2023-03-25 00:45:04,6.16996500,-75.58910833,1.80,1555.071,24.129,5.359,211,25,45,,
T,2023-03-25 00:45:05,6.16992000,-75.58914167,1.80,1555.170,24.130,5.726,217,24,45,,
T,2023-03-25 00:45:06,6.16987833,-75.58917667,1.70,1555.570,24.130,5.705,214,24,45,,
T,2023-03-25 00:45:07,6.16983500,-75.58920500,1.70,1555.570,24.130,4.980,211,24,45,,
T,2023-03-25 00:45:08,6.16979667,-75.58922833,1.70,1556.170,24.130,4.704,210,24,45,,
T,2023-03-25 00:45:09,6.16975667,-75.58925667,1.60,1556.170,24.130,5.420,213,24,45,,
T,2023-03-25 00:45:10,6.16971000,-75.58928333,1.60,1556.669,24.131,6.160,214,25,45,,
T,2023-03-25 00:45:11,6.16966167,-75.58931167,1.60,1557.469,24.131,5.829,209,27,45,,
T,2023-03-25 00:45:12,6.16961667,-75.58934167,1.60,1557.269,24.131,5.423,214,27,45,,
T,2023-03-25 00:45:13,6.16957667,-75.58937000,1.50,1556.769,24.131,4.860,213,27,45,,
T,2023-03-25 00:45:14,6.16954000,-75.58939333,1.50,1556.468,24.132,4.746,214,25,45,,
T,2023-03-25 00:45:15,6.16950167,-75.58941833,1.50,1555.668,24.132,5.218,214,25,45,,
T,2023-03-25 00:45:16,6.16946000,-75.58945000,1.50,1555.468,24.132,6.304,218,27,45,,
T,2023-03-25 00:45:17,6.16941000,-75.58949000,1.50,1555.568,24.132,7.358,216,26,45,,
T,2023-03-25 00:45:18,6.16935167,-75.58953000,1.50,1555.467,24.133,8.223,214,26,45,,
T,2023-03-25 00:45:19,6.16928500,-75.58957167,1.50,1555.667,24.133,8.240,210,26,45,,
T,2023-03-25 00:45:20,6.16922333,-75.58961167,1.50,1555.467,24.133,7.747,211,25,45,,
T,2023-03-25 00:45:21,6.16916333,-75.58964500,1.50,1555.166,24.134,7.123,212,25,45,,
T,2023-03-25 00:45:22,6.16910833,-75.58967667,1.50,1554.966,24.134,6.794,211,25,45,,
T,2023-03-25 00:45:23,6.16905667,-75.58970667,1.50,1554.766,24.134,6.461,213,26,45,,
T,2023-03-25 00:45:24,6.16900500,-75.58974000,1.50,1554.266,24.134,6.721,214,25,45,,
T,2023-03-25 00:45:25,6.16895000,-75.58977333,1.50,1553.865,24.135,7.132,213,25,45,,
T,2023-03-25 00:45:26,6.16889167,-75.58980500,1.60,1553.465,24.135,7.213,206,25,45,,
T,2023-03-25 00:45:27,6.16883333,-75.58983000,1.60,1553.265,24.135,7.196,201,26,45,,
T,2023-03-25 00:45:28,6.16877167,-75.58985000,1.60,1553.164,24.136,7.113,199,26,45,,
T,2023-03-25 00:45:29,6.16871167,-75.58987500,1.60,1552.264,24.136,6.992,207,25,45,,
T,2023-03-25 00:45:30,6.16865333,-75.58990167,1.90,1551.164,24.136,6.991,203,24,45,,
T,2023-03-25 00:45:31,6.16860333,-75.58993333,2.00,1550.264,24.136,6.309,213,23,45,,
T,2023-03-25 00:45:32,6.16856667,-75.58996333,2.00,1548.863,24.137,5.353,210,23,45,,
T,2023-03-25 00:45:33,6.16852667,-75.58998500,1.80,1548.063,24.137,4.979,203,24,45,,
T,2023-03-25 00:45:34,6.16848833,-75.59000500,1.80,1547.563,24.137,5.266,207,25,45,,
T,2023-03-25 00:45:35,6.16844667,-75.59002500,1.70,1546.863,24.137,5.751,206,25,45,,
T,2023-03-25 00:45:36,6.16839833,-75.59004500,1.70,1546.263,24.137,5.757,207,26,45,,
T,2023-03-25 00:45:37,6.16835333,-75.59006833,1.60,1545.763,24.137,5.938,206,26,45,,
T,2023-03-25 00:45:38,6.16830333,-75.59009333,1.60,1545.462,24.138,6.396,207,26,45,,
T,2023-03-25 00:45:39,6.16824667,-75.59012000,1.90,1545.262,24.138,6.087,206,27,45,,
T,2023-03-25 00:45:40,6.16819667,-75.59014000,1.80,1544.962,24.138,5.894,203,27,45,,
T,2023-03-25 00:45:41,6.16814833,-75.59015500,1.70,1544.962,24.138,5.584,201,27,45,,
T,2023-03-25 00:45:42,6.16810167,-75.59017333,1.70,1544.661,24.139,5.101,201,25,45,,
T,2023-03-25 00:45:43,6.16806667,-75.59019667,1.70,1544.461,24.139,4.631,221,24,45,,
T,2023-03-25 00:45:44,6.16804167,-75.59023167,1.70,1544.261,24.139,5.069,235,25,45,,
T,2023-03-25 00:45:45,6.16801833,-75.59027333,1.60,1543.861,24.139,5.471,245,25,45,,
T,2023-03-25 00:45:46,6.16800833,-75.59033167,1.90,1543.460,24.140,5.703,264,21,45,,
T,2023-03-25 00:45:47,6.16800833,-75.59039667,1.90,1543.160,24.140,6.850,268,20,45,,
T,2023-03-25 00:45:48,6.16800833,-75.59046333,1.90,1542.660,24.140,7.476,272,21,45,,
T,2023-03-25 00:45:49,6.16801167,-75.59053000,2.20,1542.059,24.141,8.021,273,22,45,,
T,2023-03-25 00:45:50,6.16802000,-75.59060167,2.20,1542.959,24.141,8.444,279,21,45,,
T,2023-03-25 00:45:51,6.16803833,-75.59069500,2.20,1543.559,24.141,8.700,281,21,45,,
T,2023-03-25 00:45:52,6.16806000,-75.59076833,2.20,1544.858,24.142,8.191,286,20,45,,
T,2023-03-25 00:45:53,6.16807500,-75.59083833,2.30,1545.858,24.142,7.894,288,18,45,,
T,2023-03-25 00:45:54,6.16809333,-75.59090333,2.30,1546.558,24.142,6.801,290,20,45,,
T,2023-03-25 00:45:55,6.16809667,-75.59095500,2.10,1548.057,24.143,5.824,286,19,45,,
T,2023-03-25 00:45:56,6.16809833,-75.59099833,2.10,1548.657,24.143,4.688,284,19,45,,
T,2023-03-25 00:45:57,6.16810833,-75.59103500,2.10,1549.857,24.143,3.912,288,20,45,,
T,2023-03-25 00:45:58,6.16811833,-75.59106000,2.10,1550.757,24.143,3.420,288,20,45,,
T,2023-03-25 00:45:59,6.16812500,-75.59109167,2.10,1551.057,24.143,4.144,275,21,45,,
T,2023-03-25 00:46:00,6.16813000,-75.59113333,2.10,1551.657,24.143,4.615,278,21,45,,
T,2023-03-25 00:46:01,6.16814167,-75.59117667,2.10,1552.656,24.144,4.789,283,21,45,,
T,2023-03-25 00:46:02,6.16815667,-75.59123667,2.00,1552.556,24.144,5.951,285,22,45,,
T,2023-03-25 00:46:03,6.16817833,-75.59129500,2.00,1552.956,24.144,7.004,284,21,45,,
T,2023-03-25 00:46:04,6.16819833,-75.59136667,1.90,1552.155,24.145,6.314,286,21,45,,
T,2023-03-25 00:46:05,6.16821667,-75.59142167,2.20,1551.355,24.145,6.088,288,21,45,,
T,2023-03-25 00:46:06,6.16824000,-75.59147667,2.10,1550.355,24.145,6.099,287,20,45,,
T,2023-03-25 00:46:07,6.16825333,-75.59152833,2.00,1549.755,24.145,5.690,285,21,45,,
T,2023-03-25 00:46:08,6.16826167,-75.59157500,1.90,1549.554,24.146,4.896,285,21,45,,
T,2023-03-25 00:46:09,6.16827500,-75.59161167,1.80,1549.454,24.146,4.092,285,22,45,,
T,2023-03-25 00:46:10,6.16827667,-75.59164500,1.80,1549.654,24.146,3.347,281,20,45,,
T,2023-03-25 00:46:11,6.16828000,-75.59167500,1.80,1549.954,24.146,3.316,277,20,45,,
T,2023-03-25 00:46:12,6.16828333,-75.59171000,1.70,1550.154,24.146,4.056,281,20,45,,
T,2023-03-25 00:46:13,6.16829500,-75.59175333,1.70,1550.254,24.146,5.422,286,19,45,,
T,2023-03-25 00:46:14,6.16831000,-75.59180667,1.80,1549.553,24.147,6.662,288,19,45,,
T,2023-03-25 00:46:15,6.16832500,-75.59187000,1.80,1548.753,24.147,7.831,285,20,45,,
T,2023-03-25 00:46:16,6.16834833,-75.59194500,1.80,1547.953,24.147,8.689,286,21,45,,
T,2023-03-25 00:46:17,6.16837000,-75.59202667,1.80,1547.552,24.148,9.498,284,21,45,,
T,2023-03-25 00:46:18,6.16838500,-75.59211333,2.10,1546.652,24.148,8.980,282,20,45,,
T,2023-03-25 00:46:19,6.16840333,-75.59220833,2.20,1546.551,24.149,8.981,283,22,45,,
T,2023-03-25 00:46:20,6.16842167,-75.59229667,2.10,1546.351,24.149,8.740,284,21,45,,
T,2023-03-25 00:46:21,6.16843667,-75.59236833,2.10,1546.251,24.149,7.984,285,21,45,,
T,2023-03-25 00:46:22,6.16845000,-75.59243667,2.10,1546.650,24.150,7.252,281,19,45,,
T,2023-03-25 00:46:23,6.16846500,-75.59249167,2.10,1547.250,24.150,6.313,284,19,45,,
T,2023-03-25 00:46:24,6.16847833,-75.59254333,2.00,1547.550,24.150,6.155,285,21,45,,
T,2023-03-25 00:46:25,6.16849833,-75.59259333,2.10,1547.350,24.150,5.885,287,21,45,,
T,2023-03-25 00:46:26,6.16851500,-75.59264167,2.10,1546.349,24.151,5.208,287,20,45,,
T,2023-03-25 00:46:27,6.16852667,-75.59269000,2.00,1545.549,24.151,4.721,285,21,45,,
T,2023-03-25 00:46:28,6.16853167,-75.59272500,1.90,1544.549,24.151,3.676,281,22,45,,
T,2023-03-25 00:46:29,6.16853000,-75.59275000,2.00,1543.349,24.151,3.194,280,23,45,,
T,2023-03-25 00:46:30,6.16853000,-75.59277500,2.00,1542.149,24.151,2.923,275,24,45,,
T,2023-03-25 00:46:31,6.16853333,-75.59280833,2.10,1541.149,24.151,3.656,275,25,45,,
T,2023-03-25 00:46:32,6.16853667,-75.59285667,2.10,1540.448,24.152,4.763,273,26,45,,
T,2023-03-25 00:46:33,6.16854167,-75.59292333,2.20,1540.548,24.152,6.417,277,25,45,,
T,2023-03-25 00:46:34,6.16855500,-75.59301167,2.20,1540.348,24.152,7.900,284,25,45,,
T,2023-03-25 00:46:35,6.16858000,-75.59310667,2.10,1539.947,24.153,9.557,287,25,45,,
T,2023-03-25 00:46:36,6.16860667,-75.59320333,2.00,1539.347,24.153,10.363,287,25,45,,
T,2023-03-25 00:46:37,6.16863000,-75.59329333,2.00,1539.146,24.154,9.522,287,23,45,,
T,2023-03-25 00:46:38,6.16865500,-75.59337167,1.90,1538.946,24.154,8.944,288,22,45,,
T,2023-03-25 00:46:39,6.16867333,-75.59344667,2.00,1538.245,24.155,8.186,286,23,45,,
T,2023-03-25 00:46:40,6.16869667,-75.59351167,2.00,1538.445,24.155,7.743,291,23,45,,
T,2023-03-25 00:46:41,6.16872167,-75.59357500,2.00,1538.545,24.155,7.545,289,23,45,,
T,2023-03-25 00:46:42,6.16874667,-75.59363833,2.00,1538.545,24.155,7.249,293,22,45,,
T,2023-03-25 00:46:43,6.16878000,-75.59370167,1.90,1538.444,24.156,7.236,294,20,45,,
T,2023-03-25 00:46:44,6.16880500,-75.59376333,1.90,1538.344,24.156,6.652,293,20,45,,
T,2023-03-25 00:46:45,6.16882333,-75.59381167,1.90,1538.444,24.156,5.145,290,22,45,,
T,2023-03-25 00:46:46,6.16883500,-75.59385500,1.90,1538.244,24.156,3.739,284,22,45,,
T,2023-03-25 00:46:47,6.16884500,-75.59388833,1.80,1538.444,24.156,2.831,288,23,45,,
T,2023-03-25 00:46:48,6.16885667,-75.59391667,1.90,1538.643,24.157,2.266,291,23,45,,
T,2023-03-25 00:46:49,6.16886667,-75.59394000,1.90,1539.243,24.157,2.250,297,22,45,,
T,2023-03-25 00:46:50,6.16887500,-75.59395833,1.90,1539.943,24.157,1.964,294,24,45,,
T,2023-03-25 00:46:51,6.16887833,-75.59397333,1.80,1540.343,24.157,1.702,295,24,45,,
T,2023-03-25 00:46:52,6.16888167,-75.59399167,1.90,1540.743,24.157,2.015,287,24,45,,
T,2023-03-25 00:46:53,6.16889500,-75.59401167,1.80,1540.743,24.157,2.967,295,23,45,,
T,2023-03-25 00:46:54,6.16892000,-75.59403333,1.70,1540.943,24.157,3.940,297,26,44,,
T,2023-03-25 00:46:55,6.16894500,-75.59406500,1.70,1541.143,24.157,3.910,296,26,44,,
T,2023-03-25 00:46:56,6.16896333,-75.59409833,1.60,1541.143,24.157,3.913,295,25,44,,
T,2023-03-25 00:46:57,6.16897500,-75.59414000,1.60,1539.742,24.158,4.359,287,25,44,,
T,2023-03-25 00:46:58,6.16898667,-75.59417500,1.60,1539.442,24.158,3.782,287,24,44,,
T,2023-03-25 00:46:59,6.16900333,-75.59419667,1.70,1540.142,24.158,2.911,287,25,44,,
T,2023-03-25 00:47:00,6.16900667,-75.59422833,1.80,1540.242,24.158,3.115,280,24,44,,
T,2023-03-25 00:47:01,6.16900500,-75.59425833,1.90,1539.742,24.158,2.866,264,25,44,,
T,2023-03-25 00:47:02,6.16899833,-75.59429000,1.80,1538.642,24.158,3.547,251,24,44,,
T,2023-03-25 00:47:03,6.16898500,-75.59432000,1.80,1538.042,24.158,3.292,237,24,44,,
T,2023-03-25 00:47:04,6.16897000,-75.59434500,1.90,1537.441,24.159,2.915,223,23,44,,
T,2023-03-25 00:47:05,6.16895000,-75.59436167,1.80,1537.141,24.159,3.394,212,25,44,,
T,2023-03-25 00:47:06,6.16891333,-75.59437667,1.90,1537.041,24.159,4.501,205,23,44,,
T,2023-03-25 00:47:07,6.16886500,-75.59439500,1.90,1536.741,24.159,5.644,204,24,44,,
T,2023-03-25 00:47:08,6.16879833,-75.59442167,1.90,1536.741,24.159,7.224,201,23,44,,
T,2023-03-25 00:47:09,6.16872000,-75.59445000,1.90,1536.940,24.160,8.841,199,23,44,,
T,2023-03-25 00:47:10,6.16864000,-75.59448000,1.90,1536.940,24.160,9.152,201,24,44,,
T,2023-03-25 00:47:11,6.16855667,-75.59451333,1.90,1537.040,24.160,9.822,202,24,44,,
T,2023-03-25 00:47:12,6.16846500,-75.59455167,1.90,1536.539,24.161,10.040,201,25,44,,
T,2023-03-25 00:47:13,6.16837667,-75.59459167,1.90,1536.439,24.161,10.196,203,25,44,,
T,2023-03-25 00:47:14,6.16828500,-75.59462333,1.90,1536.439,24.161,10.186,201,25,44,,
T,2023-03-25 00:47:15,6.16819667,-75.59466500,1.80,1536.138,24.162,10.370,204,24,44,,
T,2023-03-25 00:47:16,6.16811000,-75.59470167,1.70,1535.938,24.162,9.738,202,22,44,,
T,2023-03-25 00:47:17,6.16802667,-75.59474000,2.00,1536.137,24.163,9.404,202,22,44,,
T,2023-03-25 00:47:18,6.16794500,-75.59477000,1.90,1536.337,24.163,9.315,201,24,44,,
T,2023-03-25 00:47:19,6.16786333,-75.59480000,1.80,1536.637,24.163,9.602,198,24,44,,
T,2023-03-25 00:47:20,6.16778333,-75.59482167,1.70,1536.937,24.163,9.476,194,23,44,,
T,2023-03-25 00:47:21,6.16770333,-75.59485000,1.70,1536.936,24.164,9.437,197,24,44,,
T,2023-03-25 00:47:22,6.16762333,-75.59487500,1.70,1536.636,24.164,9.064,197,24,44,,
T,2023-03-25 00:47:23,6.16754333,-75.59491167,1.60,1534.936,24.164,8.367,197,24,44,,
T,2023-03-25 00:47:24,6.16747333,-75.59494167,1.60,1534.635,24.165,8.112,201,24,44,,
T,2023-03-25 00:47:25,6.16740833,-75.59496667,1.60,1534.335,24.165,7.283,200,23,44,,
T,2023-03-25 00:47:26,6.16735333,-75.59499000,1.80,1534.835,24.165,5.639,200,22,44,,
T,2023-03-25 00:47:27,6.16731833,-75.59500500,1.90,1534.835,24.165,3.848,201,22,44,,
T,2023-03-25 00:47:28,6.16729000,-75.59502167,1.90,1535.735,24.165,3.457,207,22,44,,
T,2023-03-25 00:47:29,6.16726667,-75.59503500,1.80,1535.934,24.166,3.330,210,23,44,,
T,2023-03-25 00:47:30,6.16724167,-75.59505000,1.70,1536.134,24.166,3.422,217,23,44,,
T,2023-03-25 00:47:31,6.16722000,-75.59507167,1.70,1536.234,24.166,3.571,233,23,44,,
T,2023-03-25 00:47:32,6.16720167,-75.59509667,1.80,1536.634,24.166,3.585,252,23,44,,
T,2023-03-25 00:47:33,6.16719167,-75.59512667,1.90,1536.834,24.166,3.623,273,23,44,,
T,2023-03-25 00:47:34,6.16719000,-75.59515667,2.00,1537.234,24.166,4.097,282,23,44,,
T,2023-03-25 00:47:35,6.16719500,-75.59519333,2.20,1537.433,24.167,4.722,285,23,44,,
T,2023-03-25 00:47:36,6.16720667,-75.59524667,2.20,1537.733,24.167,6.214,286,23,44,,
T,2023-03-25 00:47:37,6.16722000,-75.59531000,2.30,1538.333,24.167,6.995,286,24,44,,
T,2023-03-25 00:47:38,6.16724167,-75.59538500,2.30,1539.033,24.167,7.762,287,25,44,,
T,2023-03-25 00:47:39,6.16726500,-75.59546833,2.30,1540.232,24.168,8.509,288,25,44,,
T,2023-03-25 00:47:40,6.16728833,-75.59555333,2.20,1541.132,24.168,8.615,288,25,44,,
T,2023-03-25 00:47:41,6.16731500,-75.59564167,2.30,1542.231,24.169,8.403,288,25,44,,
T,2023-03-25 00:47:42,6.16734500,-75.59572000,2.30,1543.531,24.169,7.998,290,25,44,,
T,2023-03-25 00:47:43,6.16737500,-75.59579000,2.20,1544.931,24.169,7.495,288,25,44,,
T,2023-03-25 00:47:44,6.16740000,-75.59585167,2.10,1545.930,24.170,6.664,285,24,44,,
T,2023-03-25 00:47:45,6.16742167,-75.59591333,2.00,1545.930,24.170,5.783,287,24,44,,
T,2023-03-25 00:47:46,6.16743333,-75.59596667,1.90,1546.030,24.170,5.080,284,24,44,,
T,2023-03-25 00:47:47,6.16743333,-75.59600667,1.90,1544.630,24.170,4.515,273,24,44,,
T,2023-03-25 00:47:48,6.16742667,-75.59604167,2.00,1544.230,24.170,4.100,266,23,44,,
T,2023-03-25 00:47:49,6.16741167,-75.59606500,2.00,1544.029,24.171,3.118,249,23,44,,
T,2023-03-25 00:47:50,6.16739167,-75.59607667,2.00,1543.529,24.171,2.685,223,23,44,,
T,2023-03-25 00:47:51,6.16736667,-75.59607833,2.10,1542.729,24.171,3.388,203,23,44,,
T,2023-03-25 00:47:52,6.16732000,-75.59607667,2.00,1541.929,24.171,4.921,192,22,44,,
T,2023-03-25 00:47:53,6.16726500,-75.59609000,1.90,1540.629,24.171,6.631,197,22,44,,
T,2023-03-25 00:47:54,6.16719833,-75.59611333,1.80,1540.029,24.171,8.171,195,22,44,,
T,2023-03-25 00:47:55,6.16712500,-75.59613333,1.70,1540.028,24.172,8.888,195,23,44,,
T,2023-03-25 00:47:56,6.16704000,-75.59615667,1.70,1539.828,24.172,9.588,194,22,44,,
T,2023-03-25 00:47:57,6.16695000,-75.59618167,1.60,1540.128,24.172,10.472,197,22,44,,
T,2023-03-25 00:47:58,6.16685333,-75.59621000,1.60,1540.328,24.172,11.258,196,23,44,,
T,2023-03-25 00:47:59,6.16675500,-75.59624500,2.00,1540.427,24.173,11.117,197,22,44,,
T,2023-03-25 00:48:00,6.16665500,-75.59629833,2.10,1540.427,24.173,10.543,196,22,44,,
T,2023-03-25 00:48:01,6.16657000,-75.59634167,2.00,1539.426,24.174,9.970,198,21,44,,
T,2023-03-25 00:48:02,6.16648833,-75.59638167,2.10,1539.226,24.174,9.345,203,22,44,,
T,2023-03-25 00:48:03,6.16641500,-75.59642667,1.90,1538.926,24.174,9.102,208,22,44,,
T,2023-03-25 00:48:04,6.16634333,-75.59647667,1.70,1538.925,24.175,9.063,215,24,44,,
T,2023-03-25 00:48:05,6.16628000,-75.59652833,2.00,1538.525,24.175,8.484,218,24,44,,
T,2023-03-25 00:48:06,6.16622333,-75.59658000,1.90,1538.724,24.176,8.115,220,24,44,,
T,2023-03-25 00:48:07,6.16616833,-75.59662667,2.00,1538.524,24.176,8.248,224,24,44,,
T,2023-03-25 00:48:08,6.16611167,-75.59668167,2.10,1539.124,24.176,8.092,224,25,44,,
T,2023-03-25 00:48:09,6.16606000,-75.59673833,2.10,1540.623,24.177,6.885,224,25,44,,
T,2023-03-25 00:48:10,6.16601833,-75.59677167,1.90,1540.923,24.177,5.654,219,26,44,,
T,2023-03-25 00:48:11,6.16598667,-75.59679500,1.80,1541.123,24.177,4.032,221,26,44,,
T,2023-03-25 00:48:12,6.16596500,-75.59681500,1.70,1540.923,24.177,3.808,223,26,44,,
T,2023-03-25 00:48:13,6.16594167,-75.59683500,1.80,1540.822,24.178,4.512,222,26,44,,
T,2023-03-25 00:48:14,6.16591500,-75.59686500,1.90,1540.422,24.178,5.311,227,26,44,,
T,2023-03-25 00:48:15,6.16587833,-75.59690500,1.90,1539.422,24.178,6.731,226,26,44,,
T,2023-03-25 00:48:16,6.16583333,-75.59695333,1.90,1538.722,24.178,7.433,225,26,44,,
T,2023-03-25 00:48:17,6.16578500,-75.59700167,2.00,1538.421,24.179,7.861,223,26,44,,
T,2023-03-25 00:48:18,6.16573000,-75.59705333,1.90,1538.921,24.179,7.883,224,25,44,,
T,2023-03-25 00:48:19,6.16567500,-75.59710000,2.00,1539.221,24.179,7.645,224,26,44,,
T,2023-03-25 00:48:20,6.16562500,-75.59715000,2.00,1539.820,24.180,7.260,224,26,44,,
T,2023-03-25 00:48:21,6.16557500,-75.59719333,2.00,1539.920,24.180,6.610,222,26,44,,
T,2023-03-25 00:48:22,6.16553000,-75.59723500,1.90,1539.020,24.180,5.400,217,26,44,,
T,2023-03-25 00:48:23,6.16549000,-75.59726667,1.80,1538.519,24.181,4.877,216,26,44,,
T,2023-03-25 00:48:24,6.16545500,-75.59728833,1.80,1538.219,24.181,4.113,216,26,44,,
T,2023-03-25 00:48:25,6.16543167,-75.59730833,1.80,1537.819,24.181,3.184,223,26,44,,
T,2023-03-25 00:48:26,6.16541167,-75.59732667,1.70,1537.119,24.181,2.563,223,26,44,,
T,2023-03-25 00:48:27,6.16539667,-75.59733667,1.70,1536.519,24.181,1.547,225,25,44,,
T,2023-03-25 00:48:28,6.16539000,-75.59734167,1.70,1536.119,24.181,0.000,,25,44,,
T,2023-03-25 00:48:29,6.16538667,-75.59734000,1.70,1536.319,24.181,0.000,,25,44,,
